V 0 1085836.69 -9611.36
V 8 1085832.26 -9573.32
V 16 1085832.25 -9573.22
V 24 1085832.21 -9573.01
V 32 1085825.39 -9548.14
V 40 1085824.77 -9541.24
V 48 1085824.53 -9540.55
V 56 1085823.99 -9540.06
V 64 1085823.28 -9539.88
V 72 1085735.66 -9539.88
V 80 1085735.66 -9542.88
V 88 1085821.91 -9542.88
V 96 1085822.42 -9548.48
V 104 1085822.42 -9548.54
V 112 1085822.43 -9548.64
V 120 1085822.46 -9548.75
V 128 1085822.47 -9548.85
V 136 1085829.28 -9573.70
V 144 1085833.86 -9613.03
V 152 1085834.11 -9613.71
V 160 1085834.65 -9614.19
V 168 1085835.35 -9614.36
V 176 1085839.86 -9614.36
V 184 1085839.86 -9611.36
