V 0 1086294.40 79459.05
V 8 1086294.40 79497.64
V 16 1086294.39 79497.82
V 24 1086294.36 79498.00
V 32 1086294.30 79498.17
V 40 1086294.23 79498.34
V 48 1086294.13 79498.49
V 56 1086294.02 79498.63
V 64 1086293.89 79498.76
V 72 1086293.75 79498.87
V 80 1086293.60 79498.97
V 88 1086293.43 79499.04
V 96 1086293.26 79499.10
V 104 1086293.08 79499.13
V 112 1086292.90 79499.14
V 120 1086292.90 79537.08
V 128 1086292.89 79537.26
V 136 1086292.86 79537.44
V 144 1086292.80 79537.61
V 152 1086292.73 79537.78
V 160 1086292.63 79537.93
V 168 1086292.52 79538.07
V 176 1086292.39 79538.20
V 184 1086292.25 79538.31
V 192 1086292.10 79538.41
V 200 1086291.93 79538.48
V 208 1086291.76 79538.54
V 216 1086291.58 79538.57
V 224 1086291.40 79538.58
V 232 1086291.35 79538.58
V 240 1086291.35 79545.14
V 248 1086291.15 79545.89
V 256 1086290.60 79546.44
V 264 1086289.85 79546.64
V 272 1086193.22 79546.64
V 280 1086187.60 79547.18
V 288 1086187.32 79544.20
V 296 1086192.95 79543.66
V 304 1086192.99 79543.65
V 312 1086193.09 79543.64
V 320 1086288.35 79543.64
V 328 1086288.35 79537.08
V 336 1086288.36 79536.90
V 344 1086288.39 79536.72
V 352 1086288.45 79536.55
V 360 1086288.52 79536.38
V 368 1086288.62 79536.23
V 376 1086288.73 79536.09
V 384 1086288.86 79535.96
V 392 1086289.00 79535.85
V 400 1086289.15 79535.75
V 408 1086289.32 79535.68
V 416 1086289.49 79535.62
V 424 1086289.67 79535.59
V 432 1086289.85 79535.58
V 440 1086289.90 79535.58
V 448 1086289.90 79497.64
V 456 1086289.91 79497.46
V 464 1086289.94 79497.28
V 472 1086290.00 79497.11
V 480 1086290.07 79496.94
V 488 1086290.17 79496.79
V 496 1086290.28 79496.65
V 504 1086290.41 79496.52
V 512 1086290.55 79496.41
V 520 1086290.70 79496.31
V 528 1086290.87 79496.24
V 536 1086291.04 79496.18
V 544 1086291.22 79496.15
V 552 1086291.40 79496.14
V 560 1086291.40 79457.55
V 568 1086291.60 79456.80
V 576 1086292.15 79456.25
V 584 1086292.90 79456.05
V 592 1086323.86 79456.05
V 600 1086323.86 79459.05
