V 0 -513580.00 -157719.35
V 8 -513580.00 -157730.78
V 16 -514370.35 -157864.99
V 24 -514462.80 -157880.68
V 32 -514462.91 -157880.70
V 40 -523522.78 -159419.09
V 48 -523987.37 -159497.98
V 56 -524916.69 -159655.78
V 64 -524916.71 -159655.78
V 72 -524916.87 -159655.81
V 80 -524917.09 -159655.84
V 88 -525381.19 -159734.65
V 96 -528168.47 -160207.94
V 104 -528168.74 -160207.98
V 112 -533511.74 -161115.23
V 120 -533512.08 -161115.29
V 128 -533512.24 -161115.32
V 136 -539226.53 -162085.62
V 144 -539413.77 -162117.41
V 152 -539783.92 -162180.26
V 160 -540248.52 -162259.15
V 168 -541614.91 -162491.17
V 176 -543302.40 -162777.71
V 184 -553722.02 -164546.98
V 192 -553722.09 -164546.99
V 200 -553722.44 -164547.05
V 208 -553722.51 -164547.07
V 216 -556842.22 -165076.80
V 224 -564407.24 -166361.35
V 232 -564407.34 -166361.36
V 240 -564410.94 -166361.98
V 248 -564411.03 -166362.00
V 256 -571740.29 -167606.52
V 264 -580119.80 -169029.38
V 272 -582526.76 -169438.09
V 280 -582529.24 -169438.51
V 288 -584851.27 -169832.79
V 296 -586939.36 -170187.36
V 304 -586939.38 -170187.36
V 312 -586939.54 -170187.39
V 320 -586939.76 -170187.42
V 328 -596043.79 -171733.31
V 336 -596050.40 -171736.12
V 344 -596055.04 -171741.60
V 352 -596056.70 -171748.59
V 360 -596056.70 -171847.95
V 368 -596054.62 -171855.70
V 376 -596048.95 -171861.37
V 384 -596041.20 -171863.45
V 392 -596025.53 -171863.45
V 400 -596025.53 -171903.45
V 408 -596098.70 -171903.45
V 416 -596106.45 -171905.53
V 424 -596112.12 -171911.20
V 432 -596114.20 -171918.95
V 440 -596114.20 -171989.95
V 448 -596112.12 -171997.70
V 456 -596106.45 -172003.37
V 464 -596098.70 -172005.45
V 472 -595999.20 -172005.45
V 480 -595999.20 -172045.45
V 488 -596098.70 -172045.45
V 496 -596106.45 -172047.53
V 504 -596112.12 -172053.20
V 512 -596114.20 -172060.95
V 520 -596114.20 -172131.95
V 528 -596112.12 -172139.70
V 536 -596106.45 -172145.37
V 544 -596098.70 -172147.45
V 552 -595999.20 -172147.45
V 560 -595999.20 -172187.45
V 568 -596098.70 -172187.45
V 576 -596106.45 -172189.53
V 584 -596112.12 -172195.20
V 592 -596114.20 -172202.95
V 600 -596114.20 -172273.95
V 608 -596112.12 -172281.70
V 616 -596106.45 -172287.37
V 624 -596098.70 -172289.45
V 632 -595999.20 -172289.45
V 640 -595999.20 -172329.45
V 648 -596098.70 -172329.45
V 656 -596106.45 -172331.53
V 664 -596112.12 -172337.20
V 672 -596114.20 -172344.95
V 680 -596114.20 -172415.95
V 688 -596112.12 -172423.70
V 696 -596106.45 -172429.37
V 704 -596098.70 -172431.45
V 712 -595999.20 -172431.45
V 720 -595999.20 -172471.45
V 728 -596098.70 -172471.45
V 736 -596106.45 -172473.53
V 744 -596112.12 -172479.20
V 752 -596114.20 -172486.95
V 760 -596114.20 -172557.95
V 768 -596112.12 -172565.70
V 776 -596106.45 -172571.37
V 784 -596098.70 -172573.45
V 792 -595999.20 -172573.45
V 800 -595999.20 -172613.45
V 808 -596098.70 -172613.45
V 816 -596106.45 -172615.53
V 824 -596112.12 -172621.20
V 832 -596114.20 -172628.95
V 840 -596114.20 -172699.95
V 848 -596112.12 -172707.70
V 856 -596106.45 -172713.37
V 864 -596098.70 -172715.45
V 872 -595999.20 -172715.45
V 880 -595999.20 -172755.45
V 888 -596098.70 -172755.45
V 896 -596106.45 -172757.53
V 904 -596112.12 -172763.20
V 912 -596114.20 -172770.95
V 920 -596114.20 -172841.95
V 928 -596112.12 -172849.70
V 936 -596106.45 -172855.37
V 944 -596098.70 -172857.45
V 952 -595999.20 -172857.45
V 960 -595999.20 -172897.45
V 968 -596098.70 -172897.45
V 976 -596106.45 -172899.53
V 984 -596112.12 -172905.20
V 992 -596114.20 -172912.95
V 1000 -596114.20 -172983.95
V 1008 -596112.12 -172991.70
V 1016 -596106.45 -172997.37
V 1024 -596098.70 -172999.45
V 1032 -595999.20 -172999.45
V 1040 -595999.20 -173039.45
V 1048 -596098.70 -173039.45
V 1056 -596106.45 -173041.53
V 1064 -596112.12 -173047.20
V 1072 -596114.20 -173054.95
V 1080 -596114.20 -173125.95
V 1088 -596112.12 -173133.70
V 1096 -596106.45 -173139.37
V 1104 -596098.70 -173141.45
V 1112 -595999.20 -173141.45
V 1120 -595999.20 -173181.45
V 1128 -596098.70 -173181.45
V 1136 -596106.45 -173183.53
V 1144 -596112.12 -173189.20
V 1152 -596114.20 -173196.95
V 1160 -596114.20 -173267.95
V 1168 -596112.12 -173275.70
V 1176 -596106.45 -173281.37
V 1184 -596098.70 -173283.45
V 1192 -595999.20 -173283.45
V 1200 -595999.20 -173323.45
V 1208 -596098.70 -173323.45
V 1216 -596106.45 -173325.53
V 1224 -596112.12 -173331.20
V 1232 -596114.20 -173338.95
V 1240 -596114.20 -173409.95
V 1248 -596112.12 -173417.70
V 1256 -596106.45 -173423.37
V 1264 -596098.70 -173425.45
V 1272 -595999.20 -173425.45
V 1280 -595999.20 -173465.45
V 1288 -596098.70 -173465.45
V 1296 -596106.45 -173467.53
V 1304 -596112.12 -173473.20
V 1312 -596114.20 -173480.95
V 1320 -596114.20 -173551.95
V 1328 -596112.12 -173559.70
V 1336 -596106.45 -173565.37
V 1344 -596098.70 -173567.45
V 1352 -595999.20 -173567.45
V 1360 -595999.20 -173607.45
V 1368 -596098.70 -173607.45
V 1376 -596106.45 -173609.53
V 1384 -596112.12 -173615.20
V 1392 -596114.20 -173622.95
V 1400 -596114.20 -173693.95
V 1408 -596112.12 -173701.70
V 1416 -596106.45 -173707.37
V 1424 -596098.70 -173709.45
V 1432 -595999.20 -173709.45
V 1440 -595999.20 -173749.45
V 1448 -596098.70 -173749.45
V 1456 -596106.45 -173751.53
V 1464 -596112.12 -173757.20
V 1472 -596114.20 -173764.95
V 1480 -596114.20 -173835.95
V 1488 -596112.12 -173843.70
V 1496 -596106.45 -173849.37
V 1504 -596098.70 -173851.45
V 1512 -595999.20 -173851.45
V 1520 -595999.20 -173891.45
V 1528 -596098.70 -173891.45
V 1536 -596106.45 -173893.53
V 1544 -596112.12 -173899.20
V 1552 -596114.20 -173906.95
V 1560 -596114.20 -173977.95
V 1568 -596112.12 -173985.70
V 1576 -596106.45 -173991.37
V 1584 -596098.70 -173993.45
V 1592 -595999.20 -173993.45
V 1600 -595999.20 -174033.45
V 1608 -596098.70 -174033.45
V 1616 -596106.45 -174035.53
V 1624 -596112.12 -174041.20
V 1632 -596114.20 -174048.95
V 1640 -596114.20 -174119.95
V 1648 -596112.12 -174127.70
V 1656 -596106.45 -174133.37
V 1664 -596098.70 -174135.45
V 1672 -595999.20 -174135.45
V 1680 -595999.20 -174175.45
V 1688 -596098.70 -174175.45
V 1696 -596106.45 -174177.53
V 1704 -596112.12 -174183.20
V 1712 -596114.20 -174190.95
V 1720 -596114.20 -174261.95
V 1728 -596112.12 -174269.70
V 1736 -596106.45 -174275.37
V 1744 -596098.70 -174277.45
V 1752 -595999.20 -174277.45
V 1760 -595999.20 -174317.45
V 1768 -596098.70 -174317.45
V 1776 -596106.45 -174319.53
V 1784 -596112.12 -174325.20
V 1792 -596114.20 -174332.95
V 1800 -596114.20 -174403.95
V 1808 -596112.12 -174411.70
V 1816 -596106.45 -174417.37
V 1824 -596098.70 -174419.45
V 1832 -595999.20 -174419.45
V 1840 -595999.20 -174459.45
V 1848 -596098.70 -174459.45
V 1856 -596106.45 -174461.53
V 1864 -596112.12 -174467.20
V 1872 -596114.20 -174474.95
V 1880 -596114.20 -174545.95
V 1888 -596112.12 -174553.70
V 1896 -596106.45 -174559.37
V 1904 -596098.70 -174561.45
V 1912 -595999.20 -174561.45
V 1920 -595999.20 -174601.45
V 1928 -596098.70 -174601.45
V 1936 -596106.45 -174603.53
V 1944 -596112.12 -174609.20
V 1952 -596114.20 -174616.95
V 1960 -596114.20 -174687.95
V 1968 -596112.12 -174695.70
V 1976 -596106.45 -174701.37
V 1984 -596098.70 -174703.45
V 1992 -595999.20 -174703.45
V 2000 -595999.20 -174743.45
V 2008 -596098.70 -174743.45
V 2016 -596106.45 -174745.53
V 2024 -596112.12 -174751.20
V 2032 -596114.20 -174758.95
V 2040 -596114.20 -174829.95
V 2048 -596112.12 -174837.70
V 2056 -596106.45 -174843.37
V 2064 -596098.70 -174845.45
V 2072 -595999.20 -174845.45
V 2080 -595999.20 -174885.45
V 2088 -596098.70 -174885.45
V 2096 -596106.45 -174887.53
V 2104 -596112.12 -174893.20
V 2112 -596114.20 -174900.95
V 2120 -596114.20 -174971.95
V 2128 -596112.12 -174979.70
V 2136 -596106.45 -174985.37
V 2144 -596098.70 -174987.45
V 2152 -595999.20 -174987.45
V 2160 -595999.20 -175027.45
V 2168 -596098.70 -175027.45
V 2176 -596106.45 -175029.53
V 2184 -596112.12 -175035.20
V 2192 -596114.20 -175042.95
V 2200 -596114.20 -175113.95
V 2208 -596112.12 -175121.70
V 2216 -596106.45 -175127.37
V 2224 -596098.70 -175129.45
V 2232 -595999.20 -175129.45
V 2240 -595999.20 -175169.45
V 2248 -596098.70 -175169.45
V 2256 -596106.45 -175171.53
V 2264 -596112.12 -175177.20
V 2272 -596114.20 -175184.95
V 2280 -596114.20 -175255.95
V 2288 -596112.12 -175263.70
V 2296 -596106.45 -175269.37
V 2304 -596098.70 -175271.45
V 2312 -595999.20 -175271.45
V 2320 -595999.20 -175311.45
V 2328 -596098.70 -175311.45
V 2336 -596106.45 -175313.53
V 2344 -596112.12 -175319.20
V 2352 -596114.20 -175326.95
V 2360 -596114.20 -175397.95
V 2368 -596112.12 -175405.70
V 2376 -596106.45 -175411.37
V 2384 -596098.70 -175413.45
V 2392 -595999.20 -175413.45
V 2400 -595999.20 -175453.45
V 2408 -596098.70 -175453.45
V 2416 -596106.45 -175455.53
V 2424 -596112.12 -175461.20
V 2432 -596114.20 -175468.95
V 2440 -596114.20 -175539.95
V 2448 -596112.12 -175547.70
V 2456 -596106.45 -175553.37
V 2464 -596098.70 -175555.45
V 2472 -595999.20 -175555.45
V 2480 -595999.20 -175595.45
V 2488 -596098.70 -175595.45
V 2496 -596106.45 -175597.53
V 2504 -596112.12 -175603.20
V 2512 -596114.20 -175610.95
V 2520 -596114.20 -175681.95
V 2528 -596112.12 -175689.70
V 2536 -596106.45 -175695.37
V 2544 -596098.70 -175697.45
V 2552 -595999.20 -175697.45
V 2560 -595999.20 -175737.45
V 2568 -596098.70 -175737.45
V 2576 -596106.45 -175739.53
V 2584 -596112.12 -175745.20
V 2592 -596114.20 -175752.95
V 2600 -596114.20 -175823.95
V 2608 -596112.12 -175831.70
V 2616 -596106.45 -175837.37
V 2624 -596098.70 -175839.45
V 2632 -595999.20 -175839.45
V 2640 -595999.20 -175879.45
V 2648 -596098.70 -175879.45
V 2656 -596106.45 -175881.53
V 2664 -596112.12 -175887.20
V 2672 -596114.20 -175894.95
V 2680 -596114.20 -175965.95
V 2688 -596112.12 -175973.70
V 2696 -596106.45 -175979.37
V 2704 -596098.70 -175981.45
V 2712 -595999.20 -175981.45
V 2720 -595999.20 -176021.45
V 2728 -596098.70 -176021.45
V 2736 -596106.45 -176023.53
V 2744 -596112.12 -176029.20
V 2752 -596114.20 -176036.95
V 2760 -596114.20 -176107.95
V 2768 -596112.12 -176115.70
V 2776 -596106.45 -176121.37
V 2784 -596098.70 -176123.45
V 2792 -595999.20 -176123.45
V 2800 -595999.20 -176163.45
V 2808 -596098.70 -176163.45
V 2816 -596106.45 -176165.53
V 2824 -596112.12 -176171.20
V 2832 -596114.20 -176178.95
V 2840 -596114.20 -176249.95
V 2848 -596112.12 -176257.70
V 2856 -596106.45 -176263.37
V 2864 -596098.70 -176265.45
V 2872 -595999.20 -176265.45
V 2880 -595999.20 -176305.45
V 2888 -596098.70 -176305.45
V 2896 -596106.45 -176307.53
V 2904 -596112.12 -176313.20
V 2912 -596114.20 -176320.95
V 2920 -596114.20 -176391.95
V 2928 -596112.12 -176399.70
V 2936 -596106.45 -176405.37
V 2944 -596098.70 -176407.45
V 2952 -595999.20 -176407.45
V 2960 -595999.20 -176447.45
V 2968 -596098.70 -176447.45
V 2976 -596106.45 -176449.53
V 2984 -596112.12 -176455.20
V 2992 -596114.20 -176462.95
V 3000 -596114.20 -176533.95
V 3008 -596112.12 -176541.70
V 3016 -596106.45 -176547.37
V 3024 -596098.70 -176549.45
V 3032 -595999.20 -176549.45
V 3040 -595999.20 -176589.45
V 3048 -596098.70 -176589.45
V 3056 -596106.45 -176591.53
V 3064 -596112.12 -176597.20
V 3072 -596114.20 -176604.95
V 3080 -596114.20 -176675.95
V 3088 -596112.12 -176683.70
V 3096 -596106.45 -176689.37
V 3104 -596098.70 -176691.45
V 3112 -595999.20 -176691.45
V 3120 -595999.20 -176731.45
V 3128 -596098.70 -176731.45
V 3136 -596106.45 -176733.53
V 3144 -596112.12 -176739.20
V 3152 -596114.20 -176746.95
V 3160 -596114.20 -176817.95
V 3168 -596112.12 -176825.70
V 3176 -596106.45 -176831.37
V 3184 -596098.70 -176833.45
V 3192 -595999.20 -176833.45
V 3200 -595999.20 -176873.45
V 3208 -596098.70 -176873.45
V 3216 -596106.45 -176875.53
V 3224 -596112.12 -176881.20
V 3232 -596114.20 -176888.95
V 3240 -596114.20 -176959.95
V 3248 -596112.12 -176967.70
V 3256 -596106.45 -176973.37
V 3264 -596098.70 -176975.45
V 3272 -595999.20 -176975.45
V 3280 -595999.20 -177015.45
V 3288 -596098.70 -177015.45
V 3296 -596106.45 -177017.53
V 3304 -596112.12 -177023.20
V 3312 -596114.20 -177030.95
V 3320 -596114.20 -177101.95
V 3328 -596112.12 -177109.70
V 3336 -596106.45 -177115.37
V 3344 -596098.70 -177117.45
V 3352 -595999.20 -177117.45
V 3360 -595999.20 -177157.45
V 3368 -596098.70 -177157.45
V 3376 -596106.45 -177159.53
V 3384 -596112.12 -177165.20
V 3392 -596114.20 -177172.95
V 3400 -596114.20 -177243.95
V 3408 -596112.12 -177251.70
V 3416 -596106.45 -177257.37
V 3424 -596098.70 -177259.45
V 3432 -595999.20 -177259.45
V 3440 -595999.20 -177299.45
V 3448 -596098.70 -177299.45
V 3456 -596106.45 -177301.53
V 3464 -596112.12 -177307.20
V 3472 -596114.20 -177314.95
V 3480 -596114.20 -177385.95
V 3488 -596112.12 -177393.70
V 3496 -596106.45 -177399.37
V 3504 -596098.70 -177401.45
V 3512 -595999.20 -177401.45
V 3520 -595999.20 -177441.45
V 3528 -596098.70 -177441.45
V 3536 -596106.45 -177443.53
V 3544 -596112.12 -177449.20
V 3552 -596114.20 -177456.95
V 3560 -596114.20 -177527.95
V 3568 -596112.12 -177535.70
V 3576 -596106.45 -177541.37
V 3584 -596098.70 -177543.45
V 3592 -595999.20 -177543.45
V 3600 -595999.20 -177583.45
V 3608 -596098.70 -177583.45
V 3616 -596106.45 -177585.53
V 3624 -596112.12 -177591.20
V 3632 -596114.20 -177598.95
V 3640 -596114.20 -177669.95
V 3648 -596112.12 -177677.70
V 3656 -596106.45 -177683.37
V 3664 -596098.70 -177685.45
V 3672 -595999.20 -177685.45
V 3680 -595999.20 -177725.45
V 3688 -596098.70 -177725.45
V 3696 -596106.45 -177727.53
V 3704 -596112.12 -177733.20
V 3712 -596114.20 -177740.95
V 3720 -596114.20 -177811.95
V 3728 -596112.12 -177819.70
V 3736 -596106.45 -177825.37
V 3744 -596098.70 -177827.45
V 3752 -595999.20 -177827.45
V 3760 -595999.20 -177867.45
V 3768 -596098.70 -177867.45
V 3776 -596106.45 -177869.53
V 3784 -596112.12 -177875.20
V 3792 -596114.20 -177882.95
V 3800 -596114.20 -177953.95
V 3808 -596112.12 -177961.70
V 3816 -596106.45 -177967.37
V 3824 -596098.70 -177969.45
V 3832 -595999.20 -177969.45
V 3840 -595999.20 -178009.45
V 3848 -596098.70 -178009.45
V 3856 -596106.45 -178011.53
V 3864 -596112.12 -178017.20
V 3872 -596114.20 -178024.95
V 3880 -596114.20 -178095.95
V 3888 -596112.12 -178103.70
V 3896 -596106.45 -178109.37
V 3904 -596098.70 -178111.45
V 3912 -595999.20 -178111.45
V 3920 -595999.20 -178151.45
V 3928 -596098.70 -178151.45
V 3936 -596106.45 -178153.53
V 3944 -596112.12 -178159.20
V 3952 -596114.20 -178166.95
V 3960 -596114.20 -178237.95
V 3968 -596112.12 -178245.70
V 3976 -596106.45 -178251.37
V 3984 -596098.70 -178253.45
V 3992 -595999.20 -178253.45
V 4000 -595999.20 -178293.45
V 4008 -596098.70 -178293.45
V 4016 -596106.45 -178295.53
V 4024 -596112.12 -178301.20
V 4032 -596114.20 -178308.95
V 4040 -596114.20 -178379.95
V 4048 -596112.12 -178387.70
V 4056 -596106.45 -178393.37
V 4064 -596098.70 -178395.45
V 4072 -596056.70 -178395.45
V 4080 -596056.70 -178404.45
V 4088 -596025.70 -178404.45
V 4096 -596025.70 -178379.95
V 4104 -596025.74 -178378.84
V 4112 -596025.86 -178377.74
V 4120 -596026.05 -178376.66
V 4128 -596026.33 -178375.58
V 4136 -596026.68 -178374.53
V 4144 -596027.10 -178373.51
V 4152 -596027.60 -178372.52
V 4160 -596028.16 -178371.57
V 4168 -596028.79 -178370.66
V 4176 -596029.49 -178369.80
V 4184 -596030.24 -178368.99
V 4192 -596031.05 -178368.24
V 4200 -596031.91 -178367.54
V 4208 -596032.82 -178366.91
V 4216 -596033.77 -178366.35
V 4224 -596034.76 -178365.85
V 4232 -596035.78 -178365.43
V 4240 -596036.83 -178365.08
V 4248 -596037.91 -178364.80
V 4256 -596038.99 -178364.61
V 4264 -596040.09 -178364.49
V 4272 -596041.20 -178364.45
V 4280 -596083.20 -178364.45
V 4288 -596083.20 -178324.45
V 4296 -595983.70 -178324.45
V 4304 -595975.95 -178322.37
V 4312 -595970.28 -178316.70
V 4320 -595968.20 -178308.95
V 4328 -595968.20 -178237.95
V 4336 -595970.28 -178230.20
V 4344 -595975.95 -178224.53
V 4352 -595983.70 -178222.45
V 4360 -596083.20 -178222.45
V 4368 -596083.20 -178182.45
V 4376 -595983.70 -178182.45
V 4384 -595975.95 -178180.37
V 4392 -595970.28 -178174.70
V 4400 -595968.20 -178166.95
V 4408 -595968.20 -178095.95
V 4416 -595970.28 -178088.20
V 4424 -595975.95 -178082.53
V 4432 -595983.70 -178080.45
V 4440 -596083.20 -178080.45
V 4448 -596083.20 -178040.45
V 4456 -595983.70 -178040.45
V 4464 -595975.95 -178038.37
V 4472 -595970.28 -178032.70
V 4480 -595968.20 -178024.95
V 4488 -595968.20 -177953.95
V 4496 -595970.28 -177946.20
V 4504 -595975.95 -177940.53
V 4512 -595983.70 -177938.45
V 4520 -596083.20 -177938.45
V 4528 -596083.20 -177898.45
V 4536 -595983.70 -177898.45
V 4544 -595975.95 -177896.37
V 4552 -595970.28 -177890.70
V 4560 -595968.20 -177882.95
V 4568 -595968.20 -177811.95
V 4576 -595970.28 -177804.20
V 4584 -595975.95 -177798.53
V 4592 -595983.70 -177796.45
V 4600 -596083.20 -177796.45
V 4608 -596083.20 -177756.45
V 4616 -595983.70 -177756.45
V 4624 -595975.95 -177754.37
V 4632 -595970.28 -177748.70
V 4640 -595968.20 -177740.95
V 4648 -595968.20 -177669.95
V 4656 -595970.28 -177662.20
V 4664 -595975.95 -177656.53
V 4672 -595983.70 -177654.45
V 4680 -596083.20 -177654.45
V 4688 -596083.20 -177614.45
V 4696 -595983.70 -177614.45
V 4704 -595975.95 -177612.37
V 4712 -595970.28 -177606.70
V 4720 -595968.20 -177598.95
V 4728 -595968.20 -177527.95
V 4736 -595970.28 -177520.20
V 4744 -595975.95 -177514.53
V 4752 -595983.70 -177512.45
V 4760 -596083.20 -177512.45
V 4768 -596083.20 -177472.45
V 4776 -595983.70 -177472.45
V 4784 -595975.95 -177470.37
V 4792 -595970.28 -177464.70
V 4800 -595968.20 -177456.95
V 4808 -595968.20 -177385.95
V 4816 -595970.28 -177378.20
V 4824 -595975.95 -177372.53
V 4832 -595983.70 -177370.45
V 4840 -596083.20 -177370.45
V 4848 -596083.20 -177330.45
V 4856 -595983.70 -177330.45
V 4864 -595975.95 -177328.37
V 4872 -595970.28 -177322.70
V 4880 -595968.20 -177314.95
V 4888 -595968.20 -177243.95
V 4896 -595970.28 -177236.20
V 4904 -595975.95 -177230.53
V 4912 -595983.70 -177228.45
V 4920 -596083.20 -177228.45
V 4928 -596083.20 -177188.45
V 4936 -595983.70 -177188.45
V 4944 -595975.95 -177186.37
V 4952 -595970.28 -177180.70
V 4960 -595968.20 -177172.95
V 4968 -595968.20 -177101.95
V 4976 -595970.28 -177094.20
V 4984 -595975.95 -177088.53
V 4992 -595983.70 -177086.45
V 5000 -596083.20 -177086.45
V 5008 -596083.20 -177046.45
V 5016 -595983.70 -177046.45
V 5024 -595975.95 -177044.37
V 5032 -595970.28 -177038.70
V 5040 -595968.20 -177030.95
V 5048 -595968.20 -176959.95
V 5056 -595970.28 -176952.20
V 5064 -595975.95 -176946.53
V 5072 -595983.70 -176944.45
V 5080 -596083.20 -176944.45
V 5088 -596083.20 -176904.45
V 5096 -595983.70 -176904.45
V 5104 -595975.95 -176902.37
V 5112 -595970.28 -176896.70
V 5120 -595968.20 -176888.95
V 5128 -595968.20 -176817.95
V 5136 -595970.28 -176810.20
V 5144 -595975.95 -176804.53
V 5152 -595983.70 -176802.45
V 5160 -596083.20 -176802.45
V 5168 -596083.20 -176762.45
V 5176 -595983.70 -176762.45
V 5184 -595975.95 -176760.37
V 5192 -595970.28 -176754.70
V 5200 -595968.20 -176746.95
V 5208 -595968.20 -176675.95
V 5216 -595970.28 -176668.20
V 5224 -595975.95 -176662.53
V 5232 -595983.70 -176660.45
V 5240 -596083.20 -176660.45
V 5248 -596083.20 -176620.45
V 5256 -595983.70 -176620.45
V 5264 -595975.95 -176618.37
V 5272 -595970.28 -176612.70
V 5280 -595968.20 -176604.95
V 5288 -595968.20 -176533.95
V 5296 -595970.28 -176526.20
V 5304 -595975.95 -176520.53
V 5312 -595983.70 -176518.45
V 5320 -596083.20 -176518.45
V 5328 -596083.20 -176478.45
V 5336 -595983.70 -176478.45
V 5344 -595975.95 -176476.37
V 5352 -595970.28 -176470.70
V 5360 -595968.20 -176462.95
V 5368 -595968.20 -176391.95
V 5376 -595970.28 -176384.20
V 5384 -595975.95 -176378.53
V 5392 -595983.70 -176376.45
V 5400 -596083.20 -176376.45
V 5408 -596083.20 -176336.45
V 5416 -595983.70 -176336.45
V 5424 -595975.95 -176334.37
V 5432 -595970.28 -176328.70
V 5440 -595968.20 -176320.95
V 5448 -595968.20 -176249.95
V 5456 -595970.28 -176242.20
V 5464 -595975.95 -176236.53
V 5472 -595983.70 -176234.45
V 5480 -596083.20 -176234.45
V 5488 -596083.20 -176194.45
V 5496 -595983.70 -176194.45
V 5504 -595975.95 -176192.37
V 5512 -595970.28 -176186.70
V 5520 -595968.20 -176178.95
V 5528 -595968.20 -176107.95
V 5536 -595970.28 -176100.20
V 5544 -595975.95 -176094.53
V 5552 -595983.70 -176092.45
V 5560 -596083.20 -176092.45
V 5568 -596083.20 -176052.45
V 5576 -595983.70 -176052.45
V 5584 -595975.95 -176050.37
V 5592 -595970.28 -176044.70
V 5600 -595968.20 -176036.95
V 5608 -595968.20 -175965.95
V 5616 -595970.28 -175958.20
V 5624 -595975.95 -175952.53
V 5632 -595983.70 -175950.45
V 5640 -596083.20 -175950.45
V 5648 -596083.20 -175910.45
V 5656 -595983.70 -175910.45
V 5664 -595975.95 -175908.37
V 5672 -595970.28 -175902.70
V 5680 -595968.20 -175894.95
V 5688 -595968.20 -175823.95
V 5696 -595970.28 -175816.20
V 5704 -595975.95 -175810.53
V 5712 -595983.70 -175808.45
V 5720 -596083.20 -175808.45
V 5728 -596083.20 -175768.45
V 5736 -595983.70 -175768.45
V 5744 -595975.95 -175766.37
V 5752 -595970.28 -175760.70
V 5760 -595968.20 -175752.95
V 5768 -595968.20 -175681.95
V 5776 -595970.28 -175674.20
V 5784 -595975.95 -175668.53
V 5792 -595983.70 -175666.45
V 5800 -596083.20 -175666.45
V 5808 -596083.20 -175626.45
V 5816 -595983.70 -175626.45
V 5824 -595975.95 -175624.37
V 5832 -595970.28 -175618.70
V 5840 -595968.20 -175610.95
V 5848 -595968.20 -175539.95
V 5856 -595970.28 -175532.20
V 5864 -595975.95 -175526.53
V 5872 -595983.70 -175524.45
V 5880 -596083.20 -175524.45
V 5888 -596083.20 -175484.45
V 5896 -595983.70 -175484.45
V 5904 -595975.95 -175482.37
V 5912 -595970.28 -175476.70
V 5920 -595968.20 -175468.95
V 5928 -595968.20 -175397.95
V 5936 -595970.28 -175390.20
V 5944 -595975.95 -175384.53
V 5952 -595983.70 -175382.45
V 5960 -596083.20 -175382.45
V 5968 -596083.20 -175342.45
V 5976 -595983.70 -175342.45
V 5984 -595975.95 -175340.37
V 5992 -595970.28 -175334.70
V 6000 -595968.20 -175326.95
V 6008 -595968.20 -175255.95
V 6016 -595970.28 -175248.20
V 6024 -595975.95 -175242.53
V 6032 -595983.70 -175240.45
V 6040 -596083.20 -175240.45
V 6048 -596083.20 -175200.45
V 6056 -595983.70 -175200.45
V 6064 -595975.95 -175198.37
V 6072 -595970.28 -175192.70
V 6080 -595968.20 -175184.95
V 6088 -595968.20 -175113.95
V 6096 -595970.28 -175106.20
V 6104 -595975.95 -175100.53
V 6112 -595983.70 -175098.45
V 6120 -596083.20 -175098.45
V 6128 -596083.20 -175058.45
V 6136 -595983.70 -175058.45
V 6144 -595975.95 -175056.37
V 6152 -595970.28 -175050.70
V 6160 -595968.20 -175042.95
V 6168 -595968.20 -174971.95
V 6176 -595970.28 -174964.20
V 6184 -595975.95 -174958.53
V 6192 -595983.70 -174956.45
V 6200 -596083.20 -174956.45
V 6208 -596083.20 -174916.45
V 6216 -595983.70 -174916.45
V 6224 -595975.95 -174914.37
V 6232 -595970.28 -174908.70
V 6240 -595968.20 -174900.95
V 6248 -595968.20 -174829.95
V 6256 -595970.28 -174822.20
V 6264 -595975.95 -174816.53
V 6272 -595983.70 -174814.45
V 6280 -596083.20 -174814.45
V 6288 -596083.20 -174774.45
V 6296 -595983.70 -174774.45
V 6304 -595975.95 -174772.37
V 6312 -595970.28 -174766.70
V 6320 -595968.20 -174758.95
V 6328 -595968.20 -174687.95
V 6336 -595970.28 -174680.20
V 6344 -595975.95 -174674.53
V 6352 -595983.70 -174672.45
V 6360 -596083.20 -174672.45
V 6368 -596083.20 -174632.45
V 6376 -595983.70 -174632.45
V 6384 -595975.95 -174630.37
V 6392 -595970.28 -174624.70
V 6400 -595968.20 -174616.95
V 6408 -595968.20 -174545.95
V 6416 -595970.28 -174538.20
V 6424 -595975.95 -174532.53
V 6432 -595983.70 -174530.45
V 6440 -596083.20 -174530.45
V 6448 -596083.20 -174490.45
V 6456 -595983.70 -174490.45
V 6464 -595975.95 -174488.37
V 6472 -595970.28 -174482.70
V 6480 -595968.20 -174474.95
V 6488 -595968.20 -174403.95
V 6496 -595970.28 -174396.20
V 6504 -595975.95 -174390.53
V 6512 -595983.70 -174388.45
V 6520 -596083.20 -174388.45
V 6528 -596083.20 -174348.45
V 6536 -595983.70 -174348.45
V 6544 -595975.95 -174346.37
V 6552 -595970.28 -174340.70
V 6560 -595968.20 -174332.95
V 6568 -595968.20 -174261.95
V 6576 -595970.28 -174254.20
V 6584 -595975.95 -174248.53
V 6592 -595983.70 -174246.45
V 6600 -596083.20 -174246.45
V 6608 -596083.20 -174206.45
V 6616 -595983.70 -174206.45
V 6624 -595975.95 -174204.37
V 6632 -595970.28 -174198.70
V 6640 -595968.20 -174190.95
V 6648 -595968.20 -174119.95
V 6656 -595970.28 -174112.20
V 6664 -595975.95 -174106.53
V 6672 -595983.70 -174104.45
V 6680 -596083.20 -174104.45
V 6688 -596083.20 -174064.45
V 6696 -595983.70 -174064.45
V 6704 -595975.95 -174062.37
V 6712 -595970.28 -174056.70
V 6720 -595968.20 -174048.95
V 6728 -595968.20 -173977.95
V 6736 -595970.28 -173970.20
V 6744 -595975.95 -173964.53
V 6752 -595983.70 -173962.45
V 6760 -596083.20 -173962.45
V 6768 -596083.20 -173922.45
V 6776 -595983.70 -173922.45
V 6784 -595975.95 -173920.37
V 6792 -595970.28 -173914.70
V 6800 -595968.20 -173906.95
V 6808 -595968.20 -173835.95
V 6816 -595970.28 -173828.20
V 6824 -595975.95 -173822.53
V 6832 -595983.70 -173820.45
V 6840 -596083.20 -173820.45
V 6848 -596083.20 -173780.45
V 6856 -595983.70 -173780.45
V 6864 -595975.95 -173778.37
V 6872 -595970.28 -173772.70
V 6880 -595968.20 -173764.95
V 6888 -595968.20 -173693.95
V 6896 -595970.28 -173686.20
V 6904 -595975.95 -173680.53
V 6912 -595983.70 -173678.45
V 6920 -596083.20 -173678.45
V 6928 -596083.20 -173638.45
V 6936 -595983.70 -173638.45
V 6944 -595975.95 -173636.37
V 6952 -595970.28 -173630.70
V 6960 -595968.20 -173622.95
V 6968 -595968.20 -173551.95
V 6976 -595970.28 -173544.20
V 6984 -595975.95 -173538.53
V 6992 -595983.70 -173536.45
V 7000 -596083.20 -173536.45
V 7008 -596083.20 -173496.45
V 7016 -595983.70 -173496.45
V 7024 -595975.95 -173494.37
V 7032 -595970.28 -173488.70
V 7040 -595968.20 -173480.95
V 7048 -595968.20 -173409.95
V 7056 -595970.28 -173402.20
V 7064 -595975.95 -173396.53
V 7072 -595983.70 -173394.45
V 7080 -596083.20 -173394.45
V 7088 -596083.20 -173354.45
V 7096 -595983.70 -173354.45
V 7104 -595975.95 -173352.37
V 7112 -595970.28 -173346.70
V 7120 -595968.20 -173338.95
V 7128 -595968.20 -173267.95
V 7136 -595970.28 -173260.20
V 7144 -595975.95 -173254.53
V 7152 -595983.70 -173252.45
V 7160 -596083.20 -173252.45
V 7168 -596083.20 -173212.45
V 7176 -595983.70 -173212.45
V 7184 -595975.95 -173210.37
V 7192 -595970.28 -173204.70
V 7200 -595968.20 -173196.95
V 7208 -595968.20 -173125.95
V 7216 -595970.28 -173118.20
V 7224 -595975.95 -173112.53
V 7232 -595983.70 -173110.45
V 7240 -596083.20 -173110.45
V 7248 -596083.20 -173070.45
V 7256 -595983.70 -173070.45
V 7264 -595975.95 -173068.37
V 7272 -595970.28 -173062.70
V 7280 -595968.20 -173054.95
V 7288 -595968.20 -172983.95
V 7296 -595970.28 -172976.20
V 7304 -595975.95 -172970.53
V 7312 -595983.70 -172968.45
V 7320 -596083.20 -172968.45
V 7328 -596083.20 -172928.45
V 7336 -595983.70 -172928.45
V 7344 -595975.95 -172926.37
V 7352 -595970.28 -172920.70
V 7360 -595968.20 -172912.95
V 7368 -595968.20 -172841.95
V 7376 -595970.28 -172834.20
V 7384 -595975.95 -172828.53
V 7392 -595983.70 -172826.45
V 7400 -596083.20 -172826.45
V 7408 -596083.20 -172786.45
V 7416 -595983.70 -172786.45
V 7424 -595975.95 -172784.37
V 7432 -595970.28 -172778.70
V 7440 -595968.20 -172770.95
V 7448 -595968.20 -172699.95
V 7456 -595970.28 -172692.20
V 7464 -595975.95 -172686.53
V 7472 -595983.70 -172684.45
V 7480 -596083.20 -172684.45
V 7488 -596083.20 -172644.45
V 7496 -595983.70 -172644.45
V 7504 -595975.95 -172642.37
V 7512 -595970.28 -172636.70
V 7520 -595968.20 -172628.95
V 7528 -595968.20 -172557.95
V 7536 -595970.28 -172550.20
V 7544 -595975.95 -172544.53
V 7552 -595983.70 -172542.45
V 7560 -596083.20 -172542.45
V 7568 -596083.20 -172502.45
V 7576 -595983.70 -172502.45
V 7584 -595975.95 -172500.37
V 7592 -595970.28 -172494.70
V 7600 -595968.20 -172486.95
V 7608 -595968.20 -172415.95
V 7616 -595970.28 -172408.20
V 7624 -595975.95 -172402.53
V 7632 -595983.70 -172400.45
V 7640 -596083.20 -172400.45
V 7648 -596083.20 -172360.45
V 7656 -595983.70 -172360.45
V 7664 -595975.95 -172358.37
V 7672 -595970.28 -172352.70
V 7680 -595968.20 -172344.95
V 7688 -595968.20 -172273.95
V 7696 -595970.28 -172266.20
V 7704 -595975.95 -172260.53
V 7712 -595983.70 -172258.45
V 7720 -596083.20 -172258.45
V 7728 -596083.20 -172218.45
V 7736 -595983.70 -172218.45
V 7744 -595975.95 -172216.37
V 7752 -595970.28 -172210.70
V 7760 -595968.20 -172202.95
V 7768 -595968.20 -172131.95
V 7776 -595970.28 -172124.20
V 7784 -595975.95 -172118.53
V 7792 -595983.70 -172116.45
V 7800 -596083.20 -172116.45
V 7808 -596083.20 -172076.45
V 7816 -595983.70 -172076.45
V 7824 -595975.95 -172074.37
V 7832 -595970.28 -172068.70
V 7840 -595968.20 -172060.95
V 7848 -595968.20 -171989.95
V 7856 -595970.28 -171982.20
V 7864 -595975.95 -171976.53
V 7872 -595983.70 -171974.45
V 7880 -596083.20 -171974.45
V 7888 -596083.20 -171934.45
V 7896 -596010.03 -171934.45
V 7904 -596002.28 -171932.37
V 7912 -595996.61 -171926.70
V 7920 -595994.53 -171918.95
V 7928 -595994.53 -171847.95
V 7936 -595996.61 -171840.20
V 7944 -596002.28 -171834.53
V 7952 -596010.03 -171832.45
V 7960 -596025.70 -171832.45
V 7968 -596025.70 -171761.68
V 7976 -586934.94 -170218.04
V 7984 -586934.92 -170218.04
V 7992 -586934.76 -170218.01
V 8000 -586934.54 -170217.98
V 8008 -584846.14 -169863.36
V 8016 -582524.06 -169469.07
V 8024 -582521.58 -169468.65
V 8032 -580114.62 -169059.94
V 8040 -571735.11 -167637.08
V 8048 -564405.78 -166392.55
V 8056 -564405.68 -166392.54
V 8064 -564402.08 -166391.92
V 8072 -564401.99 -166391.90
V 8080 -556837.04 -165107.36
V 8088 -553717.27 -164577.62
V 8096 -553717.20 -164577.61
V 8104 -553716.85 -164577.55
V 8112 -553716.78 -164577.53
V 8120 -541609.73 -162521.73
V 8128 -540243.34 -162289.71
V 8136 -539778.74 -162210.82
V 8144 -539408.59 -162147.97
V 8152 -539221.35 -162116.18
V 8160 -533506.82 -161145.84
V 8168 -533506.48 -161145.78
V 8176 -533506.32 -161145.75
V 8184 -528163.76 -160238.57
V 8192 -528163.49 -160238.53
V 8200 -525376.01 -159765.21
V 8208 -524912.27 -159686.46
V 8216 -524912.25 -159686.46
V 8224 -524912.09 -159686.43
V 8232 -524911.87 -159686.40
V 8240 -523982.19 -159528.54
V 8248 -523517.60 -159449.65
V 8256 -514457.82 -157911.28
V 8264 -514457.71 -157911.26
V 8272 -514365.17 -157895.55
V 8280 -513760.91 -157792.94
V 8288 -513561.91 -157759.15
V 8296 -513560.84 -157758.93
V 8304 -513559.80 -157758.64
V 8312 -513558.77 -157758.27
V 8320 -513557.78 -157757.84
V 8328 -513556.82 -157757.33
V 8336 -513555.89 -157756.76
V 8344 -513555.01 -157756.13
V 8352 -513554.17 -157755.43
V 8360 -513553.39 -157754.68
V 8368 -513552.66 -157753.87
V 8376 -513551.99 -157753.02
V 8384 -513551.38 -157752.12
V 8392 -513550.83 -157751.18
V 8400 -513550.35 -157750.20
V 8408 -513549.94 -157749.20
V 8416 -513549.61 -157748.16
V 8424 -513549.34 -157747.11
V 8432 -513549.15 -157746.04
V 8440 -513549.04 -157744.96
V 8448 -513549.00 -157743.87
V 8456 -513549.00 -157719.35
