V 0 1085836.72 57615.12
V 8 1085831.59 57671.57
V 16 1085831.59 57671.63
V 24 1085831.58 57671.74
V 32 1085825.52 57717.10
V 40 1085825.51 57717.13
V 48 1085823.40 57735.29
V 56 1085823.15 57735.97
V 64 1085822.61 57736.45
V 72 1085821.91 57736.62
V 80 1085735.66 57736.62
V 88 1085735.66 57733.62
V 96 1085820.57 57733.62
V 104 1085822.53 57716.81
V 112 1085822.54 57716.70
V 120 1085828.60 57671.34
V 128 1085833.86 57613.48
V 136 1085834.10 57612.79
V 144 1085834.64 57612.30
V 152 1085835.35 57612.12
V 160 1085839.86 57612.12
V 168 1085839.86 57615.12
