V 0 1085836.50 73561.09
V 8 1085831.33 73579.93
V 16 1085828.08 73615.76
V 24 1085827.84 73616.45
V 32 1085827.30 73616.94
V 40 1085826.59 73617.12
V 48 1085735.66 73617.12
V 56 1085735.66 73614.12
V 64 1085825.22 73614.12
V 72 1085828.36 73579.59
V 80 1085828.36 73579.53
V 88 1085828.37 73579.43
V 96 1085828.40 73579.32
V 104 1085828.41 73579.22
V 112 1085833.90 73559.19
V 120 1085834.20 73558.62
V 128 1085834.72 73558.23
V 136 1085835.35 73558.09
V 144 1085839.86 73558.09
V 152 1085839.86 73561.09
