V 0 1094069.15 -79353.45
V 8 1094028.82 -79313.90
V 16 1094028.71 -79313.79
V 24 1093987.21 -79272.92
V 32 1093987.01 -79272.72
V 40 1093970.29 -79258.91
V 48 1093969.84 -79258.65
V 56 1093969.33 -79258.57
V 64 1093806.37 -79258.57
V 72 1093805.86 -79258.66
V 80 1093805.41 -79258.92
V 88 1093800.99 -79262.60
V 96 1093802.91 -79264.90
V 104 1093806.91 -79261.57
V 112 1093968.78 -79261.57
V 120 1093985.09 -79275.04
V 128 1094026.70 -79316.02
V 136 1094067.49 -79356.02
V 144 1094067.97 -79356.34
V 152 1094068.54 -79356.45
V 160 1094128.36 -79356.45
V 168 1094128.36 -79353.45
