V 0 -678553.36 -199740.55
V 8 -678557.13 -199735.46
V 16 -678562.67 -199732.39
V 24 -680283.75 -199210.30
V 32 -680861.60 -198980.71
V 40 -680861.77 -198980.65
V 48 -680862.09 -198980.52
V 56 -680862.39 -198980.42
V 64 -683239.03 -198198.49
V 72 -685464.50 -197249.29
V 80 -686170.08 -196872.14
V 88 -686500.24 -196608.62
V 96 -686500.36 -196608.52
V 104 -686500.79 -196608.20
V 112 -686501.23 -196607.88
V 120 -686502.09 -196607.34
V 128 -686502.12 -196607.33
V 136 -686502.18 -196607.29
V 144 -687800.00 -195851.67
V 152 -688083.42 -195627.05
V 160 -688083.46 -195627.03
V 168 -688083.88 -195626.71
V 176 -688084.32 -195626.39
V 184 -688085.18 -195625.85
V 192 -688085.21 -195625.84
V 200 -688085.27 -195625.80
V 208 -689388.01 -194867.19
V 216 -689671.33 -194642.65
V 224 -689671.37 -194642.63
V 232 -689671.79 -194642.31
V 240 -689672.23 -194641.99
V 248 -689673.09 -194641.45
V 256 -689673.12 -194641.44
V 264 -689673.18 -194641.40
V 272 -690975.88 -193882.81
V 280 -691259.21 -193658.27
V 288 -691259.25 -193658.25
V 296 -691259.67 -193657.93
V 304 -691260.11 -193657.61
V 312 -691260.97 -193657.07
V 320 -691261.00 -193657.06
V 328 -691261.06 -193657.02
V 336 -692791.92 -192765.57
V 344 -693182.05 -192316.44
V 352 -693182.27 -192316.17
V 360 -693182.64 -192315.77
V 368 -693183.02 -192315.39
V 376 -693183.41 -192315.02
V 384 -693183.44 -192314.99
V 392 -694083.58 -191496.73
V 400 -694243.95 -191282.51
V 408 -694243.97 -191282.49
V 416 -694244.02 -191282.42
V 424 -694244.35 -191282.00
V 432 -694244.70 -191281.58
V 440 -694245.07 -191281.18
V 448 -694245.45 -191280.80
V 456 -694245.84 -191280.43
V 464 -694245.89 -191280.38
V 472 -695071.65 -190532.24
V 480 -695233.33 -190316.18
V 488 -695233.35 -190316.16
V 496 -695233.40 -190316.09
V 504 -695233.73 -190315.67
V 512 -695234.08 -190315.25
V 520 -695234.45 -190314.85
V 528 -695234.83 -190314.47
V 536 -695235.22 -190314.10
V 544 -695235.27 -190314.05
V 552 -696060.83 -189566.09
V 560 -696222.53 -189350.03
V 568 -696222.55 -189350.01
V 576 -696222.60 -189349.94
V 584 -696222.93 -189349.52
V 592 -696223.28 -189349.10
V 600 -696223.65 -189348.70
V 608 -696224.03 -189348.32
V 616 -696224.42 -189347.95
V 624 -696224.47 -189347.90
V 632 -697050.08 -188599.89
V 640 -697211.77 -188383.83
V 648 -697211.79 -188383.81
V 656 -697211.84 -188383.74
V 664 -697212.17 -188383.32
V 672 -697212.52 -188382.90
V 680 -697212.89 -188382.50
V 688 -697213.27 -188382.12
V 696 -697213.66 -188381.75
V 704 -697213.71 -188381.70
V 712 -698039.26 -187633.74
V 720 -698200.96 -187417.68
V 728 -698200.98 -187417.66
V 736 -698201.03 -187417.59
V 744 -698201.36 -187417.17
V 752 -698201.71 -187416.75
V 760 -698202.08 -187416.35
V 768 -698202.46 -187415.97
V 776 -698202.85 -187415.60
V 784 -698202.90 -187415.55
V 792 -699072.35 -186627.82
V 800 -699336.20 -186230.68
V 808 -699336.51 -186230.23
V 816 -699982.63 -185331.00
V 824 -700067.33 -185129.34
V 832 -700067.35 -185129.30
V 840 -700067.55 -185128.85
V 848 -700067.78 -185128.36
V 856 -700068.04 -185127.89
V 864 -700068.31 -185127.42
V 872 -700068.59 -185126.96
V 880 -700068.90 -185126.51
V 888 -700068.99 -185126.39
V 896 -700069.01 -185126.35
V 904 -700602.26 -184390.29
V 912 -700688.45 -184184.94
V 920 -700688.47 -184184.90
V 928 -700688.67 -184184.45
V 936 -700688.90 -184183.96
V 944 -700689.16 -184183.49
V 952 -700689.43 -184183.02
V 960 -700689.71 -184182.56
V 968 -700690.02 -184182.11
V 976 -700690.11 -184181.99
V 984 -700690.13 -184181.95
V 992 -701223.29 -183446.05
V 1000 -701309.46 -183240.71
V 1008 -701309.68 -183240.21
V 1016 -701309.91 -183239.72
V 1024 -701310.17 -183239.25
V 1032 -701310.44 -183238.78
V 1040 -701310.72 -183238.32
V 1048 -701311.03 -183237.87
V 1056 -701311.12 -183237.75
V 1064 -701311.14 -183237.71
V 1072 -701844.28 -182501.85
V 1080 -701930.45 -182296.50
V 1088 -701930.67 -182296.00
V 1096 -701930.90 -182295.51
V 1104 -701931.16 -182295.04
V 1112 -701931.43 -182294.57
V 1120 -701931.71 -182294.11
V 1128 -701932.02 -182293.66
V 1136 -701932.11 -182293.54
V 1144 -701932.13 -182293.50
V 1152 -702465.26 -181557.64
V 1160 -702551.44 -181352.29
V 1168 -702551.66 -181351.79
V 1176 -702551.89 -181351.30
V 1184 -702552.15 -181350.83
V 1192 -702552.42 -181350.36
V 1200 -702552.70 -181349.90
V 1208 -702553.01 -181349.45
V 1216 -702553.10 -181349.33
V 1224 -702553.12 -181349.29
V 1232 -703086.25 -180613.43
V 1240 -703172.42 -180408.09
V 1248 -703172.64 -180407.59
V 1256 -703172.87 -180407.10
V 1264 -703173.13 -180406.63
V 1272 -703173.40 -180406.16
V 1280 -703173.68 -180405.70
V 1288 -703173.99 -180405.25
V 1296 -703174.08 -180405.13
V 1304 -703174.10 -180405.09
V 1312 -703694.07 -179687.41
V 1320 -704311.10 -178533.00
V 1328 -704350.37 -178297.63
V 1336 -704350.38 -178297.59
V 1344 -704350.41 -178297.41
V 1352 -704350.52 -178296.88
V 1360 -704350.65 -178296.35
V 1368 -704350.79 -178295.83
V 1376 -704350.96 -178295.31
V 1384 -704351.14 -178294.80
V 1392 -704351.34 -178294.30
V 1400 -704351.47 -178294.01
V 1408 -704351.48 -178293.97
V 1416 -704674.53 -177571.98
V 1424 -704707.19 -177378.56
V 1432 -704707.22 -177378.38
V 1440 -704707.33 -177377.85
V 1448 -704707.46 -177377.32
V 1456 -704707.60 -177376.80
V 1464 -704707.77 -177376.28
V 1472 -704707.95 -177375.77
V 1480 -704708.15 -177375.27
V 1488 -704708.28 -177374.98
V 1496 -704708.29 -177374.94
V 1504 -705031.78 -176651.90
V 1512 -705064.43 -176458.50
V 1520 -705064.46 -176458.32
V 1528 -705064.57 -176457.79
V 1536 -705064.70 -176457.26
V 1544 -705064.84 -176456.74
V 1552 -705065.01 -176456.22
V 1560 -705065.19 -176455.71
V 1568 -705065.39 -176455.21
V 1576 -705065.52 -176454.92
V 1584 -705065.53 -176454.88
V 1592 -705389.03 -175731.83
V 1600 -705421.67 -175538.42
V 1608 -705421.70 -175538.24
V 1616 -705421.81 -175537.71
V 1624 -705421.94 -175537.18
V 1632 -705422.08 -175536.66
V 1640 -705422.25 -175536.14
V 1648 -705422.43 -175535.63
V 1656 -705422.63 -175535.13
V 1664 -705422.76 -175534.84
V 1672 -705422.77 -175534.80
V 1680 -705746.27 -174811.79
V 1688 -705778.92 -174618.38
V 1696 -705778.95 -174618.20
V 1704 -705779.06 -174617.67
V 1712 -705779.19 -174617.14
V 1720 -705779.33 -174616.62
V 1728 -705779.50 -174616.10
V 1736 -705779.68 -174615.59
V 1744 -705779.88 -174615.09
V 1752 -705780.01 -174614.80
V 1760 -705780.02 -174614.76
V 1768 -706103.51 -173891.73
V 1776 -706136.16 -173698.33
V 1784 -706136.19 -173698.15
V 1792 -706136.30 -173697.62
V 1800 -706136.43 -173697.09
V 1808 -706136.57 -173696.57
V 1816 -706136.74 -173696.05
V 1824 -706136.92 -173695.54
V 1832 -706137.12 -173695.04
V 1840 -706137.25 -173694.75
V 1848 -706137.26 -173694.71
V 1856 -706460.76 -172971.66
V 1864 -706493.40 -172778.26
V 1872 -706493.43 -172778.08
V 1880 -706493.54 -172777.55
V 1888 -706493.67 -172777.02
V 1896 -706493.81 -172776.50
V 1904 -706493.98 -172775.98
V 1912 -706494.16 -172775.47
V 1920 -706494.36 -172774.97
V 1928 -706494.49 -172774.68
V 1936 -706494.50 -172774.64
V 1944 -706818.00 -172051.61
V 1952 -706850.65 -171858.21
V 1960 -706850.68 -171858.03
V 1968 -706850.79 -171857.50
V 1976 -706850.92 -171856.97
V 1984 -706851.06 -171856.45
V 1992 -706851.23 -171855.93
V 2000 -706851.41 -171855.42
V 2008 -706851.61 -171854.92
V 2016 -706851.74 -171854.63
V 2024 -706851.75 -171854.59
V 2032 -707181.05 -171118.56
V 2040 -707181.05 -170949.58
V 2048 -707180.43 -170899.58
V 2056 -707180.43 -170796.07
V 2064 -707180.44 -170795.53
V 2072 -707180.47 -170794.99
V 2080 -707180.52 -170794.45
V 2088 -707180.59 -170793.91
V 2096 -707180.67 -170793.38
V 2104 -707180.78 -170792.85
V 2112 -707180.98 -170792.04
V 2120 -707337.31 -170199.15
V 2128 -707337.31 -170061.74
V 2136 -707329.12 -170013.22
V 2144 -707329.11 -170013.17
V 2152 -707329.09 -170013.05
V 2160 -707329.08 -170012.98
V 2168 -707329.08 -170012.96
V 2176 -707329.03 -170012.64
V 2184 -707328.96 -170012.10
V 2192 -707328.91 -170011.56
V 2200 -707328.88 -170011.02
V 2208 -707328.87 -170010.48
V 2216 -707328.87 -169895.51
V 2224 -707328.88 -169894.97
V 2232 -707328.91 -169894.43
V 2240 -707328.96 -169893.89
V 2248 -707329.03 -169893.35
V 2256 -707329.11 -169892.82
V 2264 -707329.22 -169892.29
V 2272 -707329.42 -169891.48
V 2280 -707485.76 -169298.59
V 2288 -707485.76 -169255.51
V 2296 -705859.42 -169255.51
V 2304 -705859.42 -169225.51
V 2312 -707500.76 -169225.51
V 2320 -707508.26 -169227.52
V 2328 -707513.75 -169233.01
V 2336 -707515.76 -169240.51
V 2344 -707515.76 -169300.51
V 2352 -707515.75 -169301.05
V 2360 -707515.72 -169301.59
V 2368 -707515.67 -169302.13
V 2376 -707515.60 -169302.67
V 2384 -707515.52 -169303.20
V 2392 -707515.41 -169303.73
V 2400 -707515.21 -169304.54
V 2408 -707358.87 -169897.43
V 2416 -707358.87 -170009.22
V 2424 -707367.06 -170057.74
V 2432 -707367.07 -170057.79
V 2440 -707367.09 -170057.91
V 2448 -707367.10 -170057.98
V 2456 -707367.10 -170058.00
V 2464 -707367.15 -170058.32
V 2472 -707367.22 -170058.86
V 2480 -707367.27 -170059.40
V 2488 -707367.30 -170059.94
V 2496 -707367.31 -170060.48
V 2504 -707367.31 -170201.07
V 2512 -707367.30 -170201.61
V 2520 -707367.27 -170202.15
V 2528 -707367.22 -170202.69
V 2536 -707367.15 -170203.23
V 2544 -707367.07 -170203.76
V 2552 -707366.96 -170204.29
V 2560 -707366.76 -170205.10
V 2568 -707210.43 -170797.99
V 2576 -707210.43 -170899.20
V 2584 -707211.05 -170949.20
V 2592 -707211.05 -171121.76
V 2600 -707211.04 -171122.30
V 2608 -707211.01 -171122.84
V 2616 -707210.96 -171123.38
V 2624 -707210.89 -171123.92
V 2632 -707210.81 -171124.45
V 2640 -707210.70 -171124.98
V 2648 -707210.57 -171125.51
V 2656 -707210.43 -171126.03
V 2664 -707210.26 -171126.55
V 2672 -707210.08 -171127.06
V 2680 -707209.88 -171127.56
V 2688 -707209.74 -171127.87
V 2696 -707209.74 -171127.89
V 2704 -706879.91 -171865.10
V 2712 -706847.26 -172058.50
V 2720 -706847.23 -172058.68
V 2728 -706847.12 -172059.21
V 2736 -706846.99 -172059.74
V 2744 -706846.85 -172060.26
V 2752 -706846.68 -172060.78
V 2760 -706846.50 -172061.29
V 2768 -706846.30 -172061.79
V 2776 -706846.17 -172062.08
V 2784 -706846.16 -172062.12
V 2792 -706522.66 -172785.15
V 2800 -706490.02 -172978.55
V 2808 -706489.99 -172978.73
V 2816 -706489.88 -172979.26
V 2824 -706489.75 -172979.79
V 2832 -706489.61 -172980.31
V 2840 -706489.44 -172980.83
V 2848 -706489.26 -172981.34
V 2856 -706489.06 -172981.84
V 2864 -706488.93 -172982.13
V 2872 -706488.92 -172982.17
V 2880 -706165.42 -173705.22
V 2888 -706132.77 -173898.62
V 2896 -706132.74 -173898.80
V 2904 -706132.63 -173899.33
V 2912 -706132.50 -173899.86
V 2920 -706132.36 -173900.38
V 2928 -706132.19 -173900.90
V 2936 -706132.01 -173901.41
V 2944 -706131.81 -173901.91
V 2952 -706131.68 -173902.20
V 2960 -706131.67 -173902.24
V 2968 -705808.18 -174625.27
V 2976 -705775.53 -174818.68
V 2984 -705775.50 -174818.86
V 2992 -705775.39 -174819.39
V 3000 -705775.26 -174819.92
V 3008 -705775.12 -174820.44
V 3016 -705774.95 -174820.96
V 3024 -705774.77 -174821.47
V 3032 -705774.57 -174821.97
V 3040 -705774.44 -174822.26
V 3048 -705774.43 -174822.30
V 3056 -705450.93 -175545.31
V 3064 -705418.29 -175738.72
V 3072 -705418.26 -175738.90
V 3080 -705418.15 -175739.43
V 3088 -705418.02 -175739.96
V 3096 -705417.88 -175740.48
V 3104 -705417.71 -175741.00
V 3112 -705417.53 -175741.51
V 3120 -705417.33 -175742.01
V 3128 -705417.20 -175742.30
V 3136 -705417.19 -175742.34
V 3144 -705093.69 -176465.39
V 3152 -705061.04 -176658.79
V 3160 -705061.01 -176658.97
V 3168 -705060.90 -176659.50
V 3176 -705060.77 -176660.03
V 3184 -705060.63 -176660.55
V 3192 -705060.46 -176661.07
V 3200 -705060.28 -176661.58
V 3208 -705060.08 -176662.08
V 3216 -705059.95 -176662.37
V 3224 -705059.94 -176662.41
V 3232 -704736.45 -177385.45
V 3240 -704703.79 -177578.87
V 3248 -704703.76 -177579.05
V 3256 -704703.65 -177579.58
V 3264 -704703.52 -177580.11
V 3272 -704703.38 -177580.63
V 3280 -704703.21 -177581.15
V 3288 -704703.03 -177581.66
V 3296 -704702.83 -177582.16
V 3304 -704702.70 -177582.45
V 3312 -704702.69 -177582.49
V 3320 -704379.66 -178304.45
V 3328 -704340.30 -178540.36
V 3336 -704340.29 -178540.40
V 3344 -704340.26 -178540.58
V 3352 -704340.15 -178541.11
V 3360 -704340.02 -178541.64
V 3368 -704339.88 -178542.16
V 3376 -704339.71 -178542.68
V 3384 -704339.53 -178543.19
V 3392 -704339.33 -178543.69
V 3400 -704339.11 -178544.19
V 3408 -704338.88 -178544.68
V 3416 -703720.19 -179702.18
V 3424 -703720.04 -179702.46
V 3432 -703719.66 -179703.12
V 3440 -703719.38 -179703.58
V 3448 -703719.00 -179704.13
V 3456 -703718.96 -179704.19
V 3464 -703199.40 -180421.31
V 3472 -703113.23 -180626.65
V 3480 -703113.01 -180627.15
V 3488 -703112.78 -180627.64
V 3496 -703112.52 -180628.11
V 3504 -703112.25 -180628.58
V 3512 -703111.97 -180629.04
V 3520 -703111.66 -180629.49
V 3528 -703111.57 -180629.61
V 3536 -703111.55 -180629.65
V 3544 -702578.42 -181365.51
V 3552 -702492.24 -181570.86
V 3560 -702492.02 -181571.36
V 3568 -702491.79 -181571.85
V 3576 -702491.53 -181572.32
V 3584 -702491.26 -181572.79
V 3592 -702490.98 -181573.25
V 3600 -702490.67 -181573.70
V 3608 -702490.58 -181573.82
V 3616 -702490.56 -181573.86
V 3624 -701957.43 -182309.72
V 3632 -701871.26 -182515.07
V 3640 -701871.04 -182515.57
V 3648 -701870.81 -182516.06
V 3656 -701870.55 -182516.53
V 3664 -701870.28 -182517.00
V 3672 -701870.00 -182517.46
V 3680 -701869.69 -182517.91
V 3688 -701869.60 -182518.03
V 3696 -701869.58 -182518.07
V 3704 -701336.44 -183253.93
V 3712 -701250.27 -183459.27
V 3720 -701250.05 -183459.77
V 3728 -701249.82 -183460.26
V 3736 -701249.56 -183460.73
V 3744 -701249.29 -183461.20
V 3752 -701249.01 -183461.66
V 3760 -701248.70 -183462.11
V 3768 -701248.61 -183462.23
V 3776 -701248.59 -183462.27
V 3784 -700715.44 -184198.16
V 3792 -700629.25 -184403.51
V 3800 -700629.23 -184403.55
V 3808 -700629.03 -184404.00
V 3816 -700628.80 -184404.49
V 3824 -700628.54 -184404.96
V 3832 -700628.27 -184405.43
V 3840 -700627.99 -184405.89
V 3848 -700627.68 -184406.34
V 3856 -700627.59 -184406.46
V 3864 -700627.57 -184406.50
V 3872 -700094.32 -185142.56
V 3880 -700009.64 -185344.17
V 3888 -700009.62 -185344.21
V 3896 -700009.42 -185344.66
V 3904 -700009.19 -185345.15
V 3912 -700008.93 -185345.62
V 3920 -700008.66 -185346.09
V 3928 -700008.38 -185346.55
V 3936 -700008.07 -185347.00
V 3944 -699361.10 -186247.42
V 3952 -699096.36 -186645.89
V 3960 -699096.05 -186646.34
V 3968 -699095.73 -186646.78
V 3976 -699095.40 -186647.20
V 3984 -699095.05 -186647.62
V 3992 -699094.68 -186648.02
V 4000 -699094.30 -186648.40
V 4008 -699093.91 -186648.77
V 4016 -699093.86 -186648.82
V 4024 -698224.11 -187436.82
V 4032 -698062.41 -187652.88
V 4040 -698062.39 -187652.90
V 4048 -698062.34 -187652.97
V 4056 -698062.01 -187653.39
V 4064 -698061.66 -187653.81
V 4072 -698061.29 -187654.21
V 4080 -698060.91 -187654.59
V 4088 -698060.47 -187655.01
V 4096 -697234.92 -188402.97
V 4104 -697073.23 -188619.03
V 4112 -697073.21 -188619.05
V 4120 -697073.16 -188619.12
V 4128 -697072.83 -188619.54
V 4136 -697072.48 -188619.96
V 4144 -697072.11 -188620.36
V 4152 -697071.73 -188620.74
V 4160 -697071.29 -188621.16
V 4168 -696245.68 -189369.17
V 4176 -696083.98 -189585.23
V 4184 -696083.96 -189585.25
V 4192 -696083.91 -189585.32
V 4200 -696083.58 -189585.74
V 4208 -696083.23 -189586.16
V 4216 -696082.86 -189586.56
V 4224 -696082.48 -189586.94
V 4232 -696082.04 -189587.36
V 4240 -695256.48 -190335.32
V 4248 -695094.80 -190551.38
V 4256 -695094.78 -190551.40
V 4264 -695094.73 -190551.47
V 4272 -695094.40 -190551.89
V 4280 -695094.05 -190552.31
V 4288 -695093.68 -190552.71
V 4296 -695093.30 -190553.09
V 4304 -695092.86 -190553.51
V 4312 -694267.10 -191301.65
V 4320 -694106.75 -191515.85
V 4328 -694106.73 -191515.87
V 4336 -694106.68 -191515.94
V 4344 -694106.35 -191516.36
V 4352 -694106.00 -191516.78
V 4360 -694105.63 -191517.18
V 4368 -694105.25 -191517.56
V 4376 -694104.83 -191517.96
V 4384 -693204.26 -192336.60
V 4392 -692813.09 -192786.93
V 4400 -692812.87 -192787.20
V 4408 -692812.50 -192787.60
V 4416 -692812.12 -192787.98
V 4424 -692811.73 -192788.35
V 4432 -692811.32 -192788.71
V 4440 -692810.90 -192789.06
V 4448 -692810.47 -192789.38
V 4456 -692810.03 -192789.70
V 4464 -692809.57 -192789.99
V 4472 -692809.16 -192790.24
V 4480 -692809.14 -192790.25
V 4488 -692809.08 -192790.29
V 4496 -691277.04 -193682.43
V 4504 -690993.71 -193906.97
V 4512 -690993.67 -193906.99
V 4520 -690993.25 -193907.31
V 4528 -690992.81 -193907.63
V 4536 -690991.95 -193908.17
V 4544 -690991.92 -193908.18
V 4552 -690991.86 -193908.22
V 4560 -689689.16 -194666.81
V 4568 -689405.84 -194891.35
V 4576 -689405.80 -194891.37
V 4584 -689405.38 -194891.69
V 4592 -689404.94 -194892.01
V 4600 -689404.08 -194892.55
V 4608 -689404.05 -194892.56
V 4616 -689403.99 -194892.60
V 4624 -688101.25 -195651.21
V 4632 -687817.83 -195875.83
V 4640 -687817.79 -195875.85
V 4648 -687817.37 -195876.17
V 4656 -687816.93 -195876.49
V 4664 -687816.07 -195877.03
V 4672 -687816.04 -195877.04
V 4680 -687815.98 -195877.08
V 4688 -686518.15 -196632.71
V 4696 -686187.77 -196896.41
V 4704 -686187.65 -196896.51
V 4712 -686187.22 -196896.83
V 4720 -686186.78 -196897.15
V 4728 -686186.32 -196897.44
V 4736 -686185.86 -196897.72
V 4744 -686185.45 -196897.95
V 4752 -685478.06 -197276.06
V 4760 -685478.02 -197276.08
V 4768 -685477.53 -197276.33
V 4776 -685477.04 -197276.56
V 4784 -685476.90 -197276.62
V 4792 -685476.87 -197276.63
V 4800 -683250.42 -198226.25
V 4808 -683250.36 -198226.28
V 4816 -683250.27 -198226.32
V 4824 -683250.19 -198226.35
V 4832 -683250.10 -198226.38
V 4840 -683249.36 -198226.68
V 4848 -683249.05 -198226.78
V 4856 -683249.00 -198226.80
V 4864 -680872.24 -199008.77
V 4872 -680294.31 -199238.39
V 4880 -680294.20 -199238.43
V 4888 -680293.82 -199238.58
V 4896 -680293.30 -199238.75
V 4904 -680292.99 -199238.84
V 4912 -678582.02 -199757.86
V 4920 -678582.02 -209773.70
V 4928 -678552.02 -209773.70
V 4936 -678552.02 -199746.74
