V 0 1085836.72 67053.12
V 8 1085831.59 67109.57
V 16 1085831.59 67109.63
V 24 1085831.58 67109.74
V 32 1085825.52 67155.10
V 40 1085825.51 67155.13
V 48 1085823.40 67173.29
V 56 1085823.15 67173.97
V 64 1085822.61 67174.45
V 72 1085821.91 67174.62
V 80 1085735.66 67174.62
V 88 1085735.66 67171.62
V 96 1085820.57 67171.62
V 104 1085822.53 67154.81
V 112 1085822.54 67154.70
V 120 1085828.60 67109.34
V 128 1085833.86 67051.48
V 136 1085834.10 67050.79
V 144 1085834.64 67050.30
V 152 1085835.35 67050.12
V 160 1085839.86 67050.12
V 168 1085839.86 67053.12
