V 0 1085836.69 58269.64
V 8 1085832.26 58307.68
V 16 1085832.25 58307.78
V 24 1085832.21 58307.99
V 32 1085825.39 58332.86
V 40 1085824.77 58339.76
V 48 1085824.53 58340.45
V 56 1085823.99 58340.94
V 64 1085823.28 58341.12
V 72 1085735.66 58341.12
V 80 1085735.66 58338.12
V 88 1085821.91 58338.12
V 96 1085822.42 58332.52
V 104 1085822.42 58332.46
V 112 1085822.43 58332.36
V 120 1085822.46 58332.25
V 128 1085822.47 58332.15
V 136 1085829.28 58307.30
V 144 1085833.86 58267.97
V 152 1085834.11 58267.29
V 160 1085834.65 58266.81
V 168 1085835.35 58266.64
V 176 1085839.86 58266.64
V 184 1085839.86 58269.64
