V 0 1085836.72 29119.62
V 8 1085831.59 29176.07
V 16 1085831.59 29176.13
V 24 1085831.58 29176.24
V 32 1085825.52 29221.60
V 40 1085825.51 29221.63
V 48 1085823.40 29239.79
V 56 1085823.15 29240.47
V 64 1085822.61 29240.95
V 72 1085821.91 29241.12
V 80 1085735.66 29241.12
V 88 1085735.66 29238.12
V 96 1085820.57 29238.12
V 104 1085822.53 29221.31
V 112 1085822.54 29221.20
V 120 1085828.60 29175.84
V 128 1085833.86 29117.98
V 136 1085834.10 29117.29
V 144 1085834.64 29116.80
V 152 1085835.35 29116.62
V 160 1085839.86 29116.62
V 168 1085839.86 29119.62
