V 0 -744215.00 -157719.35
V 1 -744215.00 -157730.78
V 2 -744401.09 -157762.38
V 3 -744631.03 -157801.42
V 4 -744631.14 -157801.44
V 5 -744866.92 -157841.48
V 6 -745098.36 -157880.78
V 7 -745330.20 -157920.14
V 8 -745330.31 -157920.16
V 9 -745618.79 -157969.15
V 10 -745625.40 -157971.96
V 11 -745630.04 -157977.44
V 12 -745631.70 -157984.43
V 13 -745631.70 -158129.45
V 14 -745673.70 -158129.45
V 15 -745681.45 -158131.53
V 16 -745687.12 -158137.20
V 17 -745689.20 -158144.95
V 18 -745689.20 -158215.95
V 19 -745687.12 -158223.70
V 20 -745681.45 -158229.37
V 21 -745673.70 -158231.45
V 22 -745574.20 -158231.45
V 23 -745574.20 -158271.45
V 24 -745673.70 -158271.45
V 25 -745681.45 -158273.53
V 26 -745687.12 -158279.20
V 27 -745689.20 -158286.95
V 28 -745689.20 -158357.95
V 29 -745687.12 -158365.70
V 30 -745681.45 -158371.37
V 31 -745673.70 -158373.45
V 32 -745574.20 -158373.45
V 33 -745574.20 -158413.45
V 34 -745673.70 -158413.45
V 35 -745681.45 -158415.53
V 36 -745687.12 -158421.20
V 37 -745689.20 -158428.95
V 38 -745689.20 -158499.95
V 39 -745687.12 -158507.70
V 40 -745681.45 -158513.37
V 41 -745673.70 -158515.45
V 42 -745574.20 -158515.45
V 43 -745574.20 -158555.45
V 44 -745673.70 -158555.45
V 45 -745681.45 -158557.53
V 46 -745687.12 -158563.20
V 47 -745689.20 -158570.95
V 48 -745689.20 -158641.95
V 49 -745687.12 -158649.70
V 50 -745681.45 -158655.37
V 51 -745673.70 -158657.45
V 52 -745574.20 -158657.45
V 53 -745574.20 -158697.45
V 54 -745673.70 -158697.45
V 55 -745681.45 -158699.53
V 56 -745687.12 -158705.20
V 57 -745689.20 -158712.95
V 58 -745689.20 -158783.95
V 59 -745687.12 -158791.70
V 60 -745681.45 -158797.37
V 61 -745673.70 -158799.45
V 62 -745574.20 -158799.45
V 63 -745574.20 -158839.45
V 64 -745673.70 -158839.45
V 65 -745681.45 -158841.53
V 66 -745687.12 -158847.20
V 67 -745689.20 -158854.95
V 68 -745689.20 -158925.95
V 69 -745687.12 -158933.70
V 70 -745681.45 -158939.37
V 71 -745673.70 -158941.45
V 72 -745574.20 -158941.45
V 73 -745574.20 -158981.45
V 74 -745673.70 -158981.45
V 75 -745681.45 -158983.53
V 76 -745687.12 -158989.20
V 77 -745689.20 -158996.95
V 78 -745689.20 -159067.95
V 79 -745687.12 -159075.70
V 80 -745681.45 -159081.37
V 81 -745673.70 -159083.45
V 82 -745574.20 -159083.45
V 83 -745574.20 -159123.45
V 84 -745673.70 -159123.45
V 85 -745681.45 -159125.53
V 86 -745687.12 -159131.20
V 87 -745689.20 -159138.95
V 88 -745689.20 -159209.95
V 89 -745687.12 -159217.70
V 90 -745681.45 -159223.37
V 91 -745673.70 -159225.45
V 92 -745574.20 -159225.45
V 93 -745574.20 -159265.45
V 94 -745673.70 -159265.45
V 95 -745681.45 -159267.53
V 96 -745687.12 -159273.20
V 97 -745689.20 -159280.95
V 98 -745689.20 -159351.95
V 99 -745687.12 -159359.70
V 100 -745681.45 -159365.37
V 101 -745673.70 -159367.45
V 102 -745574.20 -159367.45
V 103 -745574.20 -159407.45
V 104 -745673.70 -159407.45
V 105 -745681.45 -159409.53
V 106 -745687.12 -159415.20
V 107 -745689.20 -159422.95
V 108 -745689.20 -159493.95
V 109 -745687.12 -159501.70
V 110 -745681.45 -159507.37
V 111 -745673.70 -159509.45
V 112 -745574.20 -159509.45
V 113 -745574.20 -159549.45
V 114 -745673.70 -159549.45
V 115 -745681.45 -159551.53
V 116 -745687.12 -159557.20
V 117 -745689.20 -159564.95
V 118 -745689.20 -159635.95
V 119 -745687.12 -159643.70
V 120 -745681.45 -159649.37
V 121 -745673.70 -159651.45
V 122 -745574.20 -159651.45
V 123 -745574.20 -159691.45
V 124 -745673.70 -159691.45
V 125 -745681.45 -159693.53
V 126 -745687.12 -159699.20
V 127 -745689.20 -159706.95
V 128 -745689.20 -159777.95
V 129 -745687.12 -159785.70
V 130 -745681.45 -159791.37
V 131 -745673.70 -159793.45
V 132 -745574.20 -159793.45
V 133 -745574.20 -159833.45
V 134 -745673.70 -159833.45
V 135 -745681.45 -159835.53
V 136 -745687.12 -159841.20
V 137 -745689.20 -159848.95
V 138 -745689.20 -159919.95
V 139 -745687.12 -159927.70
V 140 -745681.45 -159933.37
V 141 -745673.70 -159935.45
V 142 -745574.20 -159935.45
V 143 -745574.20 -159975.45
V 144 -745673.70 -159975.45
V 145 -745681.45 -159977.53
V 146 -745687.12 -159983.20
V 147 -745689.20 -159990.95
V 148 -745689.20 -160061.95
V 149 -745687.12 -160069.70
V 150 -745681.45 -160075.37
V 151 -745673.70 -160077.45
V 152 -745574.20 -160077.45
V 153 -745574.20 -160117.45
V 154 -745673.70 -160117.45
V 155 -745681.45 -160119.53
V 156 -745687.12 -160125.20
V 157 -745689.20 -160132.95
V 158 -745689.20 -160203.95
V 159 -745687.12 -160211.70
V 160 -745681.45 -160217.37
V 161 -745673.70 -160219.45
V 162 -745574.20 -160219.45
V 163 -745574.20 -160259.45
V 164 -745673.70 -160259.45
V 165 -745681.45 -160261.53
V 166 -745687.12 -160267.20
V 167 -745689.20 -160274.95
V 168 -745689.20 -160345.95
V 169 -745687.12 -160353.70
V 170 -745681.45 -160359.37
V 171 -745673.70 -160361.45
V 172 -745574.20 -160361.45
V 173 -745574.20 -160401.45
V 174 -745673.70 -160401.45
V 175 -745681.45 -160403.53
V 176 -745687.12 -160409.20
V 177 -745689.20 -160416.95
V 178 -745689.20 -160487.95
V 179 -745687.12 -160495.70
V 180 -745681.45 -160501.37
V 181 -745673.70 -160503.45
V 182 -745574.20 -160503.45
V 183 -745574.20 -160543.45
V 184 -745673.70 -160543.45
V 185 -745681.45 -160545.53
V 186 -745687.12 -160551.20
V 187 -745689.20 -160558.95
V 188 -745689.20 -160629.95
V 189 -745687.12 -160637.70
V 190 -745681.45 -160643.37
V 191 -745673.70 -160645.45
V 192 -745574.20 -160645.45
V 193 -745574.20 -160685.45
V 194 -745673.70 -160685.45
V 195 -745681.45 -160687.53
V 196 -745687.12 -160693.20
V 197 -745689.20 -160700.95
V 198 -745689.20 -160771.95
V 199 -745687.12 -160779.70
V 200 -745681.45 -160785.37
V 201 -745673.70 -160787.45
V 202 -745574.20 -160787.45
V 203 -745574.20 -160827.45
V 204 -745673.70 -160827.45
V 205 -745681.45 -160829.53
V 206 -745687.12 -160835.20
V 207 -745689.20 -160842.95
V 208 -745689.20 -160913.95
V 209 -745687.12 -160921.70
V 210 -745681.45 -160927.37
V 211 -745673.70 -160929.45
V 212 -745574.20 -160929.45
V 213 -745574.20 -160969.45
V 214 -745673.70 -160969.45
V 215 -745681.45 -160971.53
V 216 -745687.12 -160977.20
V 217 -745689.20 -160984.95
V 218 -745689.20 -161055.95
V 219 -745687.12 -161063.70
V 220 -745681.45 -161069.37
V 221 -745673.70 -161071.45
V 222 -745574.20 -161071.45
V 223 -745574.20 -161111.45
V 224 -745673.70 -161111.45
V 225 -745681.45 -161113.53
V 226 -745687.12 -161119.20
V 227 -745689.20 -161126.95
V 228 -745689.20 -161197.95
V 229 -745687.12 -161205.70
V 230 -745681.45 -161211.37
V 231 -745673.70 -161213.45
V 232 -745574.20 -161213.45
V 233 -745574.20 -161253.45
V 234 -745673.70 -161253.45
V 235 -745681.45 -161255.53
V 236 -745687.12 -161261.20
V 237 -745689.20 -161268.95
V 238 -745689.20 -161339.95
V 239 -745687.12 -161347.70
V 240 -745681.45 -161353.37
V 241 -745673.70 -161355.45
V 242 -745574.20 -161355.45
V 243 -745574.20 -161395.45
V 244 -745673.70 -161395.45
V 245 -745681.45 -161397.53
V 246 -745687.12 -161403.20
V 247 -745689.20 -161410.95
V 248 -745689.20 -161481.95
V 249 -745687.12 -161489.70
V 250 -745681.45 -161495.37
V 251 -745673.70 -161497.45
V 252 -745574.20 -161497.45
V 253 -745574.20 -161537.45
V 254 -745673.70 -161537.45
V 255 -745681.45 -161539.53
V 256 -745687.12 -161545.20
V 257 -745689.20 -161552.95
V 258 -745689.20 -161623.95
V 259 -745687.12 -161631.70
V 260 -745681.45 -161637.37
V 261 -745673.70 -161639.45
V 262 -745574.20 -161639.45
V 263 -745574.20 -161679.45
V 264 -745673.70 -161679.45
V 265 -745681.45 -161681.53
V 266 -745687.12 -161687.20
V 267 -745689.20 -161694.95
V 268 -745689.20 -161765.95
V 269 -745687.12 -161773.70
V 270 -745681.45 -161779.37
V 271 -745673.70 -161781.45
V 272 -745574.20 -161781.45
V 273 -745574.20 -161821.45
V 274 -745673.70 -161821.45
V 275 -745681.45 -161823.53
V 276 -745687.12 -161829.20
V 277 -745689.20 -161836.95
V 278 -745689.20 -161907.95
V 279 -745687.12 -161915.70
V 280 -745681.45 -161921.37
V 281 -745673.70 -161923.45
V 282 -745574.20 -161923.45
V 283 -745574.20 -161963.45
V 284 -745673.70 -161963.45
V 285 -745681.45 -161965.53
V 286 -745687.12 -161971.20
V 287 -745689.20 -161978.95
V 288 -745689.20 -162049.95
V 289 -745687.12 -162057.70
V 290 -745681.45 -162063.37
V 291 -745673.70 -162065.45
V 292 -745574.20 -162065.45
V 293 -745574.20 -162105.45
V 294 -745673.70 -162105.45
V 295 -745681.45 -162107.53
V 296 -745687.12 -162113.20
V 297 -745689.20 -162120.95
V 298 -745689.20 -162191.95
V 299 -745687.12 -162199.70
V 300 -745681.45 -162205.37
V 301 -745673.70 -162207.45
V 302 -745574.20 -162207.45
V 303 -745574.20 -162247.45
V 304 -745673.70 -162247.45
V 305 -745681.45 -162249.53
V 306 -745687.12 -162255.20
V 307 -745689.20 -162262.95
V 308 -745689.20 -162333.95
V 309 -745687.12 -162341.70
V 310 -745681.45 -162347.37
V 311 -745673.70 -162349.45
V 312 -745574.20 -162349.45
V 313 -745574.20 -162389.45
V 314 -745673.70 -162389.45
V 315 -745681.45 -162391.53
V 316 -745687.12 -162397.20
V 317 -745689.20 -162404.95
V 318 -745689.20 -162475.95
V 319 -745687.12 -162483.70
V 320 -745681.45 -162489.37
V 321 -745673.70 -162491.45
V 322 -745574.20 -162491.45
V 323 -745574.20 -162531.45
V 324 -745673.70 -162531.45
V 325 -745681.45 -162533.53
V 326 -745687.12 -162539.20
V 327 -745689.20 -162546.95
V 328 -745689.20 -162617.95
V 329 -745687.12 -162625.70
V 330 -745681.45 -162631.37
V 331 -745673.70 -162633.45
V 332 -745574.20 -162633.45
V 333 -745574.20 -162673.45
V 334 -745673.70 -162673.45
V 335 -745681.45 -162675.53
V 336 -745687.12 -162681.20
V 337 -745689.20 -162688.95
V 338 -745689.20 -162759.95
V 339 -745687.12 -162767.70
V 340 -745681.45 -162773.37
V 341 -745673.70 -162775.45
V 342 -745574.20 -162775.45
V 343 -745574.20 -162815.45
V 344 -745673.70 -162815.45
V 345 -745681.45 -162817.53
V 346 -745687.12 -162823.20
V 347 -745689.20 -162830.95
V 348 -745689.20 -162901.95
V 349 -745687.12 -162909.70
V 350 -745681.45 -162915.37
V 351 -745673.70 -162917.45
V 352 -745574.20 -162917.45
V 353 -745574.20 -162957.45
V 354 -745673.70 -162957.45
V 355 -745681.45 -162959.53
V 356 -745687.12 -162965.20
V 357 -745689.20 -162972.95
V 358 -745689.20 -163043.95
V 359 -745687.12 -163051.70
V 360 -745681.45 -163057.37
V 361 -745673.70 -163059.45
V 362 -745574.20 -163059.45
V 363 -745574.20 -163099.45
V 364 -745673.70 -163099.45
V 365 -745681.45 -163101.53
V 366 -745687.12 -163107.20
V 367 -745689.20 -163114.95
V 368 -745689.20 -163185.95
V 369 -745687.12 -163193.70
V 370 -745681.45 -163199.37
V 371 -745673.70 -163201.45
V 372 -745574.20 -163201.45
V 373 -745574.20 -163241.45
V 374 -745673.70 -163241.45
V 375 -745681.45 -163243.53
V 376 -745687.12 -163249.20
V 377 -745689.20 -163256.95
V 378 -745689.20 -163327.95
V 379 -745687.12 -163335.70
V 380 -745681.45 -163341.37
V 381 -745673.70 -163343.45
V 382 -745574.20 -163343.45
V 383 -745574.20 -163383.45
V 384 -745673.70 -163383.45
V 385 -745681.45 -163385.53
V 386 -745687.12 -163391.20
V 387 -745689.20 -163398.95
V 388 -745689.20 -163469.95
V 389 -745687.12 -163477.70
V 390 -745681.45 -163483.37
V 391 -745673.70 -163485.45
V 392 -745574.20 -163485.45
V 393 -745574.20 -163525.45
V 394 -745673.70 -163525.45
V 395 -745681.45 -163527.53
V 396 -745687.12 -163533.20
V 397 -745689.20 -163540.95
V 398 -745689.20 -163611.95
V 399 -745687.12 -163619.70
V 400 -745681.45 -163625.37
V 401 -745673.70 -163627.45
V 402 -745574.20 -163627.45
V 403 -745574.20 -163667.45
V 404 -745673.70 -163667.45
V 405 -745681.45 -163669.53
V 406 -745687.12 -163675.20
V 407 -745689.20 -163682.95
V 408 -745689.20 -163753.95
V 409 -745687.12 -163761.70
V 410 -745681.45 -163767.37
V 411 -745673.70 -163769.45
V 412 -745574.20 -163769.45
V 413 -745574.20 -163809.45
V 414 -745673.70 -163809.45
V 415 -745681.45 -163811.53
V 416 -745687.12 -163817.20
V 417 -745689.20 -163824.95
V 418 -745689.20 -163895.95
V 419 -745687.12 -163903.70
V 420 -745681.45 -163909.37
V 421 -745673.70 -163911.45
V 422 -745574.20 -163911.45
V 423 -745574.20 -163951.45
V 424 -745673.70 -163951.45
V 425 -745681.45 -163953.53
V 426 -745687.12 -163959.20
V 427 -745689.20 -163966.95
V 428 -745689.20 -164037.95
V 429 -745687.12 -164045.70
V 430 -745681.45 -164051.37
V 431 -745673.70 -164053.45
V 432 -745574.20 -164053.45
V 433 -745574.20 -164093.45
V 434 -745673.70 -164093.45
V 435 -745681.45 -164095.53
V 436 -745687.12 -164101.20
V 437 -745689.20 -164108.95
V 438 -745689.20 -164179.95
V 439 -745687.12 -164187.70
V 440 -745681.45 -164193.37
V 441 -745673.70 -164195.45
V 442 -745574.20 -164195.45
V 443 -745574.20 -164235.45
V 444 -745673.70 -164235.45
V 445 -745681.45 -164237.53
V 446 -745687.12 -164243.20
V 447 -745689.20 -164250.95
V 448 -745689.20 -164321.95
V 449 -745687.12 -164329.70
V 450 -745681.45 -164335.37
V 451 -745673.70 -164337.45
V 452 -745574.20 -164337.45
V 453 -745574.20 -164377.45
V 454 -745673.70 -164377.45
V 455 -745681.45 -164379.53
V 456 -745687.12 -164385.20
V 457 -745689.20 -164392.95
V 458 -745689.20 -164463.95
V 459 -745687.12 -164471.70
V 460 -745681.45 -164477.37
V 461 -745673.70 -164479.45
V 462 -745574.20 -164479.45
V 463 -745574.20 -164519.45
V 464 -745673.70 -164519.45
V 465 -745681.45 -164521.53
V 466 -745687.12 -164527.20
V 467 -745689.20 -164534.95
V 468 -745689.20 -164605.95
V 469 -745687.12 -164613.70
V 470 -745681.45 -164619.37
V 471 -745673.70 -164621.45
V 472 -745574.20 -164621.45
V 473 -745574.20 -164661.45
V 474 -745673.70 -164661.45
V 475 -745681.45 -164663.53
V 476 -745687.12 -164669.20
V 477 -745689.20 -164676.95
V 478 -745689.20 -164747.95
V 479 -745687.12 -164755.70
V 480 -745681.45 -164761.37
V 481 -745673.70 -164763.45
V 482 -745574.20 -164763.45
V 483 -745574.20 -164803.45
V 484 -745673.70 -164803.45
V 485 -745681.45 -164805.53
V 486 -745687.12 -164811.20
V 487 -745689.20 -164818.95
V 488 -745689.20 -164889.95
V 489 -745687.12 -164897.70
V 490 -745681.45 -164903.37
V 491 -745673.70 -164905.45
V 492 -745574.20 -164905.45
V 493 -745574.20 -164945.45
V 494 -745673.70 -164945.45
V 495 -745681.45 -164947.53
V 496 -745687.12 -164953.20
V 497 -745689.20 -164960.95
V 498 -745689.20 -165031.95
V 499 -745687.12 -165039.70
V 500 -745681.45 -165045.37
V 501 -745673.70 -165047.45
V 502 -745574.20 -165047.45
V 503 -745574.20 -165087.45
V 504 -745673.70 -165087.45
V 505 -745681.45 -165089.53
V 506 -745687.12 -165095.20
V 507 -745689.20 -165102.95
V 508 -745689.20 -165173.95
V 509 -745687.12 -165181.70
V 510 -745681.45 -165187.37
V 511 -745673.70 -165189.45
V 512 -745574.20 -165189.45
V 513 -745574.20 -165229.45
V 514 -745673.70 -165229.45
V 515 -745681.45 -165231.53
V 516 -745687.12 -165237.20
V 517 -745689.20 -165244.95
V 518 -745689.20 -165315.95
V 519 -745687.12 -165323.70
V 520 -745681.45 -165329.37
V 521 -745673.70 -165331.45
V 522 -745574.20 -165331.45
V 523 -745574.20 -165371.45
V 524 -745673.70 -165371.45
V 525 -745681.45 -165373.53
V 526 -745687.12 -165379.20
V 527 -745689.20 -165386.95
V 528 -745689.20 -165457.95
V 529 -745687.12 -165465.70
V 530 -745681.45 -165471.37
V 531 -745673.70 -165473.45
V 532 -745574.20 -165473.45
V 533 -745574.20 -165513.45
V 534 -745673.70 -165513.45
V 535 -745681.45 -165515.53
V 536 -745687.12 -165521.20
V 537 -745689.20 -165528.95
V 538 -745689.20 -165599.95
V 539 -745687.12 -165607.70
V 540 -745681.45 -165613.37
V 541 -745673.70 -165615.45
V 542 -745574.20 -165615.45
V 543 -745574.20 -165655.45
V 544 -745673.70 -165655.45
V 545 -745681.45 -165657.53
V 546 -745687.12 -165663.20
V 547 -745689.20 -165670.95
V 548 -745689.20 -165741.95
V 549 -745687.12 -165749.70
V 550 -745681.45 -165755.37
V 551 -745673.70 -165757.45
V 552 -745574.20 -165757.45
V 553 -745574.20 -165797.45
V 554 -745673.70 -165797.45
V 555 -745681.45 -165799.53
V 556 -745687.12 -165805.20
V 557 -745689.20 -165812.95
V 558 -745689.20 -165883.95
V 559 -745687.12 -165891.70
V 560 -745681.45 -165897.37
V 561 -745673.70 -165899.45
V 562 -745574.20 -165899.45
V 563 -745574.20 -165939.45
V 564 -745673.70 -165939.45
V 565 -745681.45 -165941.53
V 566 -745687.12 -165947.20
V 567 -745689.20 -165954.95
V 568 -745689.20 -166025.95
V 569 -745687.12 -166033.70
V 570 -745681.45 -166039.37
V 571 -745673.70 -166041.45
V 572 -745574.20 -166041.45
V 573 -745574.20 -166081.45
V 574 -745673.70 -166081.45
V 575 -745681.45 -166083.53
V 576 -745687.12 -166089.20
V 577 -745689.20 -166096.95
V 578 -745689.20 -166167.95
V 579 -745687.12 -166175.70
V 580 -745681.45 -166181.37
V 581 -745673.70 -166183.45
V 582 -745574.20 -166183.45
V 583 -745574.20 -166223.45
V 584 -745673.70 -166223.45
V 585 -745681.45 -166225.53
V 586 -745687.12 -166231.20
V 587 -745689.20 -166238.95
V 588 -745689.20 -166309.95
V 589 -745687.12 -166317.70
V 590 -745681.45 -166323.37
V 591 -745673.70 -166325.45
V 592 -745574.20 -166325.45
V 593 -745574.20 -166365.45
V 594 -745673.70 -166365.45
V 595 -745681.45 -166367.53
V 596 -745687.12 -166373.20
V 597 -745689.20 -166380.95
V 598 -745689.20 -166451.95
V 599 -745687.12 -166459.70
V 600 -745681.45 -166465.37
V 601 -745673.70 -166467.45
V 602 -745574.20 -166467.45
V 603 -745574.20 -166507.45
V 604 -745673.70 -166507.45
V 605 -745681.45 -166509.53
V 606 -745687.12 -166515.20
V 607 -745689.20 -166522.95
V 608 -745689.20 -166593.95
V 609 -745687.12 -166601.70
V 610 -745681.45 -166607.37
V 611 -745673.70 -166609.45
V 612 -745574.20 -166609.45
V 613 -745574.20 -166649.45
V 614 -745673.70 -166649.45
V 615 -745681.45 -166651.53
V 616 -745687.12 -166657.20
V 617 -745689.20 -166664.95
V 618 -745689.20 -166735.95
V 619 -745687.12 -166743.70
V 620 -745681.45 -166749.37
V 621 -745673.70 -166751.45
V 622 -745574.20 -166751.45
V 623 -745574.20 -166791.45
V 624 -745673.70 -166791.45
V 625 -745681.45 -166793.53
V 626 -745687.12 -166799.20
V 627 -745689.20 -166806.95
V 628 -745689.20 -166877.95
V 629 -745687.12 -166885.70
V 630 -745681.45 -166891.37
V 631 -745673.70 -166893.45
V 632 -745574.20 -166893.45
V 633 -745574.20 -166933.45
V 634 -745673.70 -166933.45
V 635 -745681.45 -166935.53
V 636 -745687.12 -166941.20
V 637 -745689.20 -166948.95
V 638 -745689.20 -167019.95
V 639 -745687.12 -167027.70
V 640 -745681.45 -167033.37
V 641 -745673.70 -167035.45
V 642 -745574.20 -167035.45
V 643 -745574.20 -167075.45
V 644 -745673.70 -167075.45
V 645 -745681.45 -167077.53
V 646 -745687.12 -167083.20
V 647 -745689.20 -167090.95
V 648 -745689.20 -167161.95
V 649 -745687.12 -167169.70
V 650 -745681.45 -167175.37
V 651 -745673.70 -167177.45
V 652 -745574.20 -167177.45
V 653 -745574.20 -167217.45
V 654 -745673.70 -167217.45
V 655 -745681.45 -167219.53
V 656 -745687.12 -167225.20
V 657 -745689.20 -167232.95
V 658 -745689.20 -167303.95
V 659 -745687.12 -167311.70
V 660 -745681.45 -167317.37
V 661 -745673.70 -167319.45
V 662 -745574.20 -167319.45
V 663 -745574.20 -167359.45
V 664 -745673.70 -167359.45
V 665 -745681.45 -167361.53
V 666 -745687.12 -167367.20
V 667 -745689.20 -167374.95
V 668 -745689.20 -167445.95
V 669 -745687.12 -167453.70
V 670 -745681.45 -167459.37
V 671 -745673.70 -167461.45
V 672 -745574.20 -167461.45
V 673 -745574.20 -167501.45
V 674 -745673.70 -167501.45
V 675 -745681.45 -167503.53
V 676 -745687.12 -167509.20
V 677 -745689.20 -167516.95
V 678 -745689.20 -167587.95
V 679 -745687.12 -167595.70
V 680 -745681.45 -167601.37
V 681 -745673.70 -167603.45
V 682 -745574.20 -167603.45
V 683 -745574.20 -167643.45
V 684 -745673.70 -167643.45
V 685 -745681.45 -167645.53
V 686 -745687.12 -167651.20
V 687 -745689.20 -167658.95
V 688 -745689.20 -167729.95
V 689 -745687.12 -167737.70
V 690 -745681.45 -167743.37
V 691 -745673.70 -167745.45
V 692 -745574.20 -167745.45
V 693 -745574.20 -167785.45
V 694 -745673.70 -167785.45
V 695 -745681.45 -167787.53
V 696 -745687.12 -167793.20
V 697 -745689.20 -167800.95
V 698 -745689.20 -167871.95
V 699 -745687.12 -167879.70
V 700 -745681.45 -167885.37
V 701 -745673.70 -167887.45
V 702 -745574.20 -167887.45
V 703 -745574.20 -167927.45
V 704 -745673.70 -167927.45
V 705 -745681.45 -167929.53
V 706 -745687.12 -167935.20
V 707 -745689.20 -167942.95
V 708 -745689.20 -168013.95
V 709 -745687.12 -168021.70
V 710 -745681.45 -168027.37
V 711 -745673.70 -168029.45
V 712 -745574.20 -168029.45
V 713 -745574.20 -168069.45
V 714 -745673.70 -168069.45
V 715 -745681.45 -168071.53
V 716 -745687.12 -168077.20
V 717 -745689.20 -168084.95
V 718 -745689.20 -168155.95
V 719 -745687.12 -168163.70
V 720 -745681.45 -168169.37
V 721 -745673.70 -168171.45
V 722 -745574.20 -168171.45
V 723 -745574.20 -168211.45
V 724 -745673.70 -168211.45
V 725 -745681.45 -168213.53
V 726 -745687.12 -168219.20
V 727 -745689.20 -168226.95
V 728 -745689.20 -168297.95
V 729 -745687.12 -168305.70
V 730 -745681.45 -168311.37
V 731 -745673.70 -168313.45
V 732 -745574.20 -168313.45
V 733 -745574.20 -168353.45
V 734 -745673.70 -168353.45
V 735 -745681.45 -168355.53
V 736 -745687.12 -168361.20
V 737 -745689.20 -168368.95
V 738 -745689.20 -168439.95
V 739 -745687.12 -168447.70
V 740 -745681.45 -168453.37
V 741 -745673.70 -168455.45
V 742 -745574.20 -168455.45
V 743 -745574.20 -168495.45
V 744 -745673.70 -168495.45
V 745 -745681.45 -168497.53
V 746 -745687.12 -168503.20
V 747 -745689.20 -168510.95
V 748 -745689.20 -168581.95
V 749 -745687.12 -168589.70
V 750 -745681.45 -168595.37
V 751 -745673.70 -168597.45
V 752 -745574.20 -168597.45
V 753 -745574.20 -168637.45
V 754 -745673.70 -168637.45
V 755 -745681.45 -168639.53
V 756 -745687.12 -168645.20
V 757 -745689.20 -168652.95
V 758 -745689.20 -168723.95
V 759 -745687.12 -168731.70
V 760 -745681.45 -168737.37
V 761 -745673.70 -168739.45
V 762 -745574.20 -168739.45
V 763 -745574.20 -168779.45
V 764 -745673.70 -168779.45
V 765 -745681.45 -168781.53
V 766 -745687.12 -168787.20
V 767 -745689.20 -168794.95
V 768 -745689.20 -168865.95
V 769 -745687.12 -168873.70
V 770 -745681.45 -168879.37
V 771 -745673.70 -168881.45
V 772 -745574.20 -168881.45
V 773 -745574.20 -168921.45
V 774 -745673.70 -168921.45
V 775 -745681.45 -168923.53
V 776 -745687.12 -168929.20
V 777 -745689.20 -168936.95
V 778 -745689.20 -169007.95
V 779 -745687.12 -169015.70
V 780 -745681.45 -169021.37
V 781 -745673.70 -169023.45
V 782 -745574.20 -169023.45
V 783 -745574.20 -169063.45
V 784 -745673.70 -169063.45
V 785 -745681.45 -169065.53
V 786 -745687.12 -169071.20
V 787 -745689.20 -169078.95
V 788 -745689.20 -169149.95
V 789 -745687.12 -169157.70
V 790 -745681.45 -169163.37
V 791 -745673.70 -169165.45
V 792 -745574.20 -169165.45
V 793 -745574.20 -169205.45
V 794 -745673.70 -169205.45
V 795 -745681.45 -169207.53
V 796 -745687.12 -169213.20
V 797 -745689.20 -169220.95
V 798 -745689.20 -169291.95
V 799 -745687.12 -169299.70
V 800 -745681.45 -169305.37
V 801 -745673.70 -169307.45
V 802 -745574.20 -169307.45
V 803 -745574.20 -169347.45
V 804 -745673.70 -169347.45
V 805 -745681.45 -169349.53
V 806 -745687.12 -169355.20
V 807 -745689.20 -169362.95
V 808 -745689.20 -169433.95
V 809 -745687.12 -169441.70
V 810 -745681.45 -169447.37
V 811 -745673.70 -169449.45
V 812 -745574.20 -169449.45
V 813 -745574.20 -169489.45
V 814 -745673.70 -169489.45
V 815 -745681.45 -169491.53
V 816 -745687.12 -169497.20
V 817 -745689.20 -169504.95
V 818 -745689.20 -169575.95
V 819 -745687.12 -169583.70
V 820 -745681.45 -169589.37
V 821 -745673.70 -169591.45
V 822 -745574.20 -169591.45
V 823 -745574.20 -169631.45
V 824 -745673.70 -169631.45
V 825 -745681.45 -169633.53
V 826 -745687.12 -169639.20
V 827 -745689.20 -169646.95
V 828 -745689.20 -169717.95
V 829 -745687.12 -169725.70
V 830 -745681.45 -169731.37
V 831 -745673.70 -169733.45
V 832 -745574.20 -169733.45
V 833 -745574.20 -169773.45
V 834 -745673.70 -169773.45
V 835 -745681.45 -169775.53
V 836 -745687.12 -169781.20
V 837 -745689.20 -169788.95
V 838 -745689.20 -169859.95
V 839 -745687.12 -169867.70
V 840 -745681.45 -169873.37
V 841 -745673.70 -169875.45
V 842 -745574.20 -169875.45
V 843 -745574.20 -169915.45
V 844 -745673.70 -169915.45
V 845 -745681.45 -169917.53
V 846 -745687.12 -169923.20
V 847 -745689.20 -169930.95
V 848 -745689.20 -170001.95
V 849 -745687.12 -170009.70
V 850 -745681.45 -170015.37
V 851 -745673.70 -170017.45
V 852 -745574.20 -170017.45
V 853 -745574.20 -170057.45
V 854 -745673.70 -170057.45
V 855 -745681.45 -170059.53
V 856 -745687.12 -170065.20
V 857 -745689.20 -170072.95
V 858 -745689.20 -170143.95
V 859 -745687.12 -170151.70
V 860 -745681.45 -170157.37
V 861 -745673.70 -170159.45
V 862 -745574.20 -170159.45
V 863 -745574.20 -170199.45
V 864 -745673.70 -170199.45
V 865 -745681.45 -170201.53
V 866 -745687.12 -170207.20
V 867 -745689.20 -170214.95
V 868 -745689.20 -170285.95
V 869 -745687.12 -170293.70
V 870 -745681.45 -170299.37
V 871 -745673.70 -170301.45
V 872 -745574.20 -170301.45
V 873 -745574.20 -170341.45
V 874 -745673.70 -170341.45
V 875 -745681.45 -170343.53
V 876 -745687.12 -170349.20
V 877 -745689.20 -170356.95
V 878 -745689.20 -170427.95
V 879 -745687.12 -170435.70
V 880 -745681.45 -170441.37
V 881 -745673.70 -170443.45
V 882 -745574.20 -170443.45
V 883 -745574.20 -170483.45
V 884 -745673.70 -170483.45
V 885 -745681.45 -170485.53
V 886 -745687.12 -170491.20
V 887 -745689.20 -170498.95
V 888 -745689.20 -170569.95
V 889 -745687.12 -170577.70
V 890 -745681.45 -170583.37
V 891 -745673.70 -170585.45
V 892 -745574.20 -170585.45
V 893 -745574.20 -170625.45
V 894 -745673.70 -170625.45
V 895 -745681.45 -170627.53
V 896 -745687.12 -170633.20
V 897 -745689.20 -170640.95
V 898 -745689.20 -170711.95
V 899 -745687.12 -170719.70
V 900 -745681.45 -170725.37
V 901 -745673.70 -170727.45
V 902 -745574.20 -170727.45
V 903 -745574.20 -170767.45
V 904 -745673.70 -170767.45
V 905 -745681.45 -170769.53
V 906 -745687.12 -170775.20
V 907 -745689.20 -170782.95
V 908 -745689.20 -170853.95
V 909 -745687.12 -170861.70
V 910 -745681.45 -170867.37
V 911 -745673.70 -170869.45
V 912 -745574.20 -170869.45
V 913 -745574.20 -170909.45
V 914 -745673.70 -170909.45
V 915 -745681.45 -170911.53
V 916 -745687.12 -170917.20
V 917 -745689.20 -170924.95
V 918 -745689.20 -170995.95
V 919 -745687.12 -171003.70
V 920 -745681.45 -171009.37
V 921 -745673.70 -171011.45
V 922 -745574.20 -171011.45
V 923 -745574.20 -171051.45
V 924 -745673.70 -171051.45
V 925 -745681.45 -171053.53
V 926 -745687.12 -171059.20
V 927 -745689.20 -171066.95
V 928 -745689.20 -171137.95
V 929 -745687.12 -171145.70
V 930 -745681.45 -171151.37
V 931 -745673.70 -171153.45
V 932 -745574.20 -171153.45
V 933 -745574.20 -171193.45
V 934 -745673.70 -171193.45
V 935 -745681.45 -171195.53
V 936 -745687.12 -171201.20
V 937 -745689.20 -171208.95
V 938 -745689.20 -171279.95
V 939 -745687.12 -171287.70
V 940 -745681.45 -171293.37
V 941 -745673.70 -171295.45
V 942 -745574.20 -171295.45
V 943 -745574.20 -171335.45
V 944 -745673.70 -171335.45
V 945 -745681.45 -171337.53
V 946 -745687.12 -171343.20
V 947 -745689.20 -171350.95
V 948 -745689.20 -171421.95
V 949 -745687.12 -171429.70
V 950 -745681.45 -171435.37
V 951 -745673.70 -171437.45
V 952 -745574.20 -171437.45
V 953 -745574.20 -171477.45
V 954 -745673.70 -171477.45
V 955 -745681.45 -171479.53
V 956 -745687.12 -171485.20
V 957 -745689.20 -171492.95
V 958 -745689.20 -171563.95
V 959 -745687.12 -171571.70
V 960 -745681.45 -171577.37
V 961 -745673.70 -171579.45
V 962 -745574.20 -171579.45
V 963 -745574.20 -171619.45
V 964 -745673.70 -171619.45
V 965 -745681.45 -171621.53
V 966 -745687.12 -171627.20
V 967 -745689.20 -171634.95
V 968 -745689.20 -171705.95
V 969 -745687.12 -171713.70
V 970 -745681.45 -171719.37
V 971 -745673.70 -171721.45
V 972 -745574.20 -171721.45
V 973 -745574.20 -171761.45
V 974 -745673.70 -171761.45
V 975 -745681.45 -171763.53
V 976 -745687.12 -171769.20
V 977 -745689.20 -171776.95
V 978 -745689.20 -171847.95
V 979 -745687.12 -171855.70
V 980 -745681.45 -171861.37
V 981 -745673.70 -171863.45
V 982 -745574.20 -171863.45
V 983 -745574.20 -171903.45
V 984 -745673.70 -171903.45
V 985 -745681.45 -171905.53
V 986 -745687.12 -171911.20
V 987 -745689.20 -171918.95
V 988 -745689.20 -171989.95
V 989 -745687.12 -171997.70
V 990 -745681.45 -172003.37
V 991 -745673.70 -172005.45
V 992 -745574.20 -172005.45
V 993 -745574.20 -172045.45
V 994 -745673.70 -172045.45
V 995 -745681.45 -172047.53
V 996 -745687.12 -172053.20
V 997 -745689.20 -172060.95
V 998 -745689.20 -172131.95
V 999 -745687.12 -172139.70
V 1000 -745681.45 -172145.37
V 1001 -745673.70 -172147.45
V 1002 -745574.20 -172147.45
V 1003 -745574.20 -172187.45
V 1004 -745673.70 -172187.45
V 1005 -745681.45 -172189.53
V 1006 -745687.12 -172195.20
V 1007 -745689.20 -172202.95
V 1008 -745689.20 -172273.95
V 1009 -745687.12 -172281.70
V 1010 -745681.45 -172287.37
V 1011 -745673.70 -172289.45
V 1012 -745574.20 -172289.45
V 1013 -745574.20 -172329.45
V 1014 -745673.70 -172329.45
V 1015 -745681.45 -172331.53
V 1016 -745687.12 -172337.20
V 1017 -745689.20 -172344.95
V 1018 -745689.20 -172415.95
V 1019 -745687.12 -172423.70
V 1020 -745681.45 -172429.37
V 1021 -745673.70 -172431.45
V 1022 -745574.20 -172431.45
V 1023 -745574.20 -172471.45
V 1024 -745673.70 -172471.45
V 1025 -745681.45 -172473.53
V 1026 -745687.12 -172479.20
V 1027 -745689.20 -172486.95
V 1028 -745689.20 -172557.95
V 1029 -745687.12 -172565.70
V 1030 -745681.45 -172571.37
V 1031 -745673.70 -172573.45
V 1032 -745574.20 -172573.45
V 1033 -745574.20 -172613.45
V 1034 -745673.70 -172613.45
V 1035 -745681.45 -172615.53
V 1036 -745687.12 -172621.20
V 1037 -745689.20 -172628.95
V 1038 -745689.20 -172699.95
V 1039 -745687.12 -172707.70
V 1040 -745681.45 -172713.37
V 1041 -745673.70 -172715.45
V 1042 -745574.20 -172715.45
V 1043 -745574.20 -172755.45
V 1044 -745673.70 -172755.45
V 1045 -745681.45 -172757.53
V 1046 -745687.12 -172763.20
V 1047 -745689.20 -172770.95
V 1048 -745689.20 -172841.95
V 1049 -745687.12 -172849.70
V 1050 -745681.45 -172855.37
V 1051 -745673.70 -172857.45
V 1052 -745574.20 -172857.45
V 1053 -745574.20 -172897.45
V 1054 -745673.70 -172897.45
V 1055 -745681.45 -172899.53
V 1056 -745687.12 -172905.20
V 1057 -745689.20 -172912.95
V 1058 -745689.20 -172983.95
V 1059 -745687.12 -172991.70
V 1060 -745681.45 -172997.37
V 1061 -745673.70 -172999.45
V 1062 -745574.20 -172999.45
V 1063 -745574.20 -173039.45
V 1064 -745673.70 -173039.45
V 1065 -745681.45 -173041.53
V 1066 -745687.12 -173047.20
V 1067 -745689.20 -173054.95
V 1068 -745689.20 -173125.95
V 1069 -745687.12 -173133.70
V 1070 -745681.45 -173139.37
V 1071 -745673.70 -173141.45
V 1072 -745574.20 -173141.45
V 1073 -745574.20 -173181.45
V 1074 -745673.70 -173181.45
V 1075 -745681.45 -173183.53
V 1076 -745687.12 -173189.20
V 1077 -745689.20 -173196.95
V 1078 -745689.20 -173267.95
V 1079 -745687.12 -173275.70
V 1080 -745681.45 -173281.37
V 1081 -745673.70 -173283.45
V 1082 -745574.20 -173283.45
V 1083 -745574.20 -173323.45
V 1084 -745673.70 -173323.45
V 1085 -745681.45 -173325.53
V 1086 -745687.12 -173331.20
V 1087 -745689.20 -173338.95
V 1088 -745689.20 -173409.95
V 1089 -745687.12 -173417.70
V 1090 -745681.45 -173423.37
V 1091 -745673.70 -173425.45
V 1092 -745574.20 -173425.45
V 1093 -745574.20 -173465.45
V 1094 -745673.70 -173465.45
V 1095 -745681.45 -173467.53
V 1096 -745687.12 -173473.20
V 1097 -745689.20 -173480.95
V 1098 -745689.20 -173551.95
V 1099 -745687.12 -173559.70
V 1100 -745681.45 -173565.37
V 1101 -745673.70 -173567.45
V 1102 -745574.20 -173567.45
V 1103 -745574.20 -173607.45
V 1104 -745673.70 -173607.45
V 1105 -745681.45 -173609.53
V 1106 -745687.12 -173615.20
V 1107 -745689.20 -173622.95
V 1108 -745689.20 -173693.95
V 1109 -745687.12 -173701.70
V 1110 -745681.45 -173707.37
V 1111 -745673.70 -173709.45
V 1112 -745574.20 -173709.45
V 1113 -745574.20 -173749.45
V 1114 -745673.70 -173749.45
V 1115 -745681.45 -173751.53
V 1116 -745687.12 -173757.20
V 1117 -745689.20 -173764.95
V 1118 -745689.20 -173835.95
V 1119 -745687.12 -173843.70
V 1120 -745681.45 -173849.37
V 1121 -745673.70 -173851.45
V 1122 -745574.20 -173851.45
V 1123 -745574.20 -173891.45
V 1124 -745673.70 -173891.45
V 1125 -745681.45 -173893.53
V 1126 -745687.12 -173899.20
V 1127 -745689.20 -173906.95
V 1128 -745689.20 -173977.95
V 1129 -745687.12 -173985.70
V 1130 -745681.45 -173991.37
V 1131 -745673.70 -173993.45
V 1132 -745574.20 -173993.45
V 1133 -745574.20 -174033.45
V 1134 -745673.70 -174033.45
V 1135 -745681.45 -174035.53
V 1136 -745687.12 -174041.20
V 1137 -745689.20 -174048.95
V 1138 -745689.20 -174119.95
V 1139 -745687.12 -174127.70
V 1140 -745681.45 -174133.37
V 1141 -745673.70 -174135.45
V 1142 -745574.20 -174135.45
V 1143 -745574.20 -174175.45
V 1144 -745673.70 -174175.45
V 1145 -745681.45 -174177.53
V 1146 -745687.12 -174183.20
V 1147 -745689.20 -174190.95
V 1148 -745689.20 -174261.95
V 1149 -745687.12 -174269.70
V 1150 -745681.45 -174275.37
V 1151 -745673.70 -174277.45
V 1152 -745574.20 -174277.45
V 1153 -745574.20 -174317.45
V 1154 -745673.70 -174317.45
V 1155 -745681.45 -174319.53
V 1156 -745687.12 -174325.20
V 1157 -745689.20 -174332.95
V 1158 -745689.20 -174403.95
V 1159 -745687.12 -174411.70
V 1160 -745681.45 -174417.37
V 1161 -745673.70 -174419.45
V 1162 -745574.20 -174419.45
V 1163 -745574.20 -174459.45
V 1164 -745673.70 -174459.45
V 1165 -745681.45 -174461.53
V 1166 -745687.12 -174467.20
V 1167 -745689.20 -174474.95
V 1168 -745689.20 -174545.95
V 1169 -745687.12 -174553.70
V 1170 -745681.45 -174559.37
V 1171 -745673.70 -174561.45
V 1172 -745574.20 -174561.45
V 1173 -745574.20 -174601.45
V 1174 -745673.70 -174601.45
V 1175 -745681.45 -174603.53
V 1176 -745687.12 -174609.20
V 1177 -745689.20 -174616.95
V 1178 -745689.20 -174687.95
V 1179 -745687.12 -174695.70
V 1180 -745681.45 -174701.37
V 1181 -745673.70 -174703.45
V 1182 -745574.20 -174703.45
V 1183 -745574.20 -174743.45
V 1184 -745673.70 -174743.45
V 1185 -745681.45 -174745.53
V 1186 -745687.12 -174751.20
V 1187 -745689.20 -174758.95
V 1188 -745689.20 -174829.95
V 1189 -745687.12 -174837.70
V 1190 -745681.45 -174843.37
V 1191 -745673.70 -174845.45
V 1192 -745574.20 -174845.45
V 1193 -745574.20 -174885.45
V 1194 -745673.70 -174885.45
V 1195 -745681.45 -174887.53
V 1196 -745687.12 -174893.20
V 1197 -745689.20 -174900.95
V 1198 -745689.20 -174971.95
V 1199 -745687.12 -174979.70
V 1200 -745681.45 -174985.37
V 1201 -745673.70 -174987.45
V 1202 -745574.20 -174987.45
V 1203 -745574.20 -175027.45
V 1204 -745673.70 -175027.45
V 1205 -745681.45 -175029.53
V 1206 -745687.12 -175035.20
V 1207 -745689.20 -175042.95
V 1208 -745689.20 -175113.95
V 1209 -745687.12 -175121.70
V 1210 -745681.45 -175127.37
V 1211 -745673.70 -175129.45
V 1212 -745574.20 -175129.45
V 1213 -745574.20 -175169.45
V 1214 -745673.70 -175169.45
V 1215 -745681.45 -175171.53
V 1216 -745687.12 -175177.20
V 1217 -745689.20 -175184.95
V 1218 -745689.20 -175255.95
V 1219 -745687.12 -175263.70
V 1220 -745681.45 -175269.37
V 1221 -745673.70 -175271.45
V 1222 -745574.20 -175271.45
V 1223 -745574.20 -175311.45
V 1224 -745673.70 -175311.45
V 1225 -745681.45 -175313.53
V 1226 -745687.12 -175319.20
V 1227 -745689.20 -175326.95
V 1228 -745689.20 -175397.95
V 1229 -745687.12 -175405.70
V 1230 -745681.45 -175411.37
V 1231 -745673.70 -175413.45
V 1232 -745574.20 -175413.45
V 1233 -745574.20 -175453.45
V 1234 -745673.70 -175453.45
V 1235 -745681.45 -175455.53
V 1236 -745687.12 -175461.20
V 1237 -745689.20 -175468.95
V 1238 -745689.20 -175539.95
V 1239 -745687.12 -175547.70
V 1240 -745681.45 -175553.37
V 1241 -745673.70 -175555.45
V 1242 -745574.20 -175555.45
V 1243 -745574.20 -175595.45
V 1244 -745673.70 -175595.45
V 1245 -745681.45 -175597.53
V 1246 -745687.12 -175603.20
V 1247 -745689.20 -175610.95
V 1248 -745689.20 -175681.95
V 1249 -745687.12 -175689.70
V 1250 -745681.45 -175695.37
V 1251 -745673.70 -175697.45
V 1252 -745574.20 -175697.45
V 1253 -745574.20 -175737.45
V 1254 -745673.70 -175737.45
V 1255 -745681.45 -175739.53
V 1256 -745687.12 -175745.20
V 1257 -745689.20 -175752.95
V 1258 -745689.20 -175823.95
V 1259 -745687.12 -175831.70
V 1260 -745681.45 -175837.37
V 1261 -745673.70 -175839.45
V 1262 -745574.20 -175839.45
V 1263 -745574.20 -175879.45
V 1264 -745673.70 -175879.45
V 1265 -745681.45 -175881.53
V 1266 -745687.12 -175887.20
V 1267 -745689.20 -175894.95
V 1268 -745689.20 -175965.95
V 1269 -745687.12 -175973.70
V 1270 -745681.45 -175979.37
V 1271 -745673.70 -175981.45
V 1272 -745574.20 -175981.45
V 1273 -745574.20 -176021.45
V 1274 -745673.70 -176021.45
V 1275 -745681.45 -176023.53
V 1276 -745687.12 -176029.20
V 1277 -745689.20 -176036.95
V 1278 -745689.20 -176107.95
V 1279 -745687.12 -176115.70
V 1280 -745681.45 -176121.37
V 1281 -745673.70 -176123.45
V 1282 -745574.20 -176123.45
V 1283 -745574.20 -176163.45
V 1284 -745673.70 -176163.45
V 1285 -745681.45 -176165.53
V 1286 -745687.12 -176171.20
V 1287 -745689.20 -176178.95
V 1288 -745689.20 -176249.95
V 1289 -745687.12 -176257.70
V 1290 -745681.45 -176263.37
V 1291 -745673.70 -176265.45
V 1292 -745574.20 -176265.45
V 1293 -745574.20 -176305.45
V 1294 -745673.70 -176305.45
V 1295 -745681.45 -176307.53
V 1296 -745687.12 -176313.20
V 1297 -745689.20 -176320.95
V 1298 -745689.20 -176391.95
V 1299 -745687.12 -176399.70
V 1300 -745681.45 -176405.37
V 1301 -745673.70 -176407.45
V 1302 -745574.20 -176407.45
V 1303 -745574.20 -176447.45
V 1304 -745673.70 -176447.45
V 1305 -745681.45 -176449.53
V 1306 -745687.12 -176455.20
V 1307 -745689.20 -176462.95
V 1308 -745689.20 -176533.95
V 1309 -745687.12 -176541.70
V 1310 -745681.45 -176547.37
V 1311 -745673.70 -176549.45
V 1312 -745574.20 -176549.45
V 1313 -745574.20 -176589.45
V 1314 -745673.70 -176589.45
V 1315 -745681.45 -176591.53
V 1316 -745687.12 -176597.20
V 1317 -745689.20 -176604.95
V 1318 -745689.20 -176675.95
V 1319 -745687.12 -176683.70
V 1320 -745681.45 -176689.37
V 1321 -745673.70 -176691.45
V 1322 -745574.20 -176691.45
V 1323 -745574.20 -176731.45
V 1324 -745673.70 -176731.45
V 1325 -745681.45 -176733.53
V 1326 -745687.12 -176739.20
V 1327 -745689.20 -176746.95
V 1328 -745689.20 -176817.95
V 1329 -745687.12 -176825.70
V 1330 -745681.45 -176831.37
V 1331 -745673.70 -176833.45
V 1332 -745574.20 -176833.45
V 1333 -745574.20 -176873.45
V 1334 -745673.70 -176873.45
V 1335 -745681.45 -176875.53
V 1336 -745687.12 -176881.20
V 1337 -745689.20 -176888.95
V 1338 -745689.20 -176959.95
V 1339 -745687.12 -176967.70
V 1340 -745681.45 -176973.37
V 1341 -745673.70 -176975.45
V 1342 -745574.20 -176975.45
V 1343 -745574.20 -177015.45
V 1344 -745673.70 -177015.45
V 1345 -745681.45 -177017.53
V 1346 -745687.12 -177023.20
V 1347 -745689.20 -177030.95
V 1348 -745689.20 -177101.95
V 1349 -745687.12 -177109.70
V 1350 -745681.45 -177115.37
V 1351 -745673.70 -177117.45
V 1352 -745574.20 -177117.45
V 1353 -745574.20 -177157.45
V 1354 -745673.70 -177157.45
V 1355 -745681.45 -177159.53
V 1356 -745687.12 -177165.20
V 1357 -745689.20 -177172.95
V 1358 -745689.20 -177243.95
V 1359 -745687.12 -177251.70
V 1360 -745681.45 -177257.37
V 1361 -745673.70 -177259.45
V 1362 -745574.20 -177259.45
V 1363 -745574.20 -177299.45
V 1364 -745673.70 -177299.45
V 1365 -745681.45 -177301.53
V 1366 -745687.12 -177307.20
V 1367 -745689.20 -177314.95
V 1368 -745689.20 -177385.95
V 1369 -745687.12 -177393.70
V 1370 -745681.45 -177399.37
V 1371 -745673.70 -177401.45
V 1372 -745574.20 -177401.45
V 1373 -745574.20 -177441.45
V 1374 -745673.70 -177441.45
V 1375 -745681.45 -177443.53
V 1376 -745687.12 -177449.20
V 1377 -745689.20 -177456.95
V 1378 -745689.20 -177527.95
V 1379 -745687.12 -177535.70
V 1380 -745681.45 -177541.37
V 1381 -745673.70 -177543.45
V 1382 -745574.20 -177543.45
V 1383 -745574.20 -177583.45
V 1384 -745673.70 -177583.45
V 1385 -745681.45 -177585.53
V 1386 -745687.12 -177591.20
V 1387 -745689.20 -177598.95
V 1388 -745689.20 -177669.95
V 1389 -745687.12 -177677.70
V 1390 -745681.45 -177683.37
V 1391 -745673.70 -177685.45
V 1392 -745574.20 -177685.45
V 1393 -745574.20 -177725.45
V 1394 -745673.70 -177725.45
V 1395 -745681.45 -177727.53
V 1396 -745687.12 -177733.20
V 1397 -745689.20 -177740.95
V 1398 -745689.20 -177811.95
V 1399 -745687.12 -177819.70
V 1400 -745681.45 -177825.37
V 1401 -745673.70 -177827.45
V 1402 -745574.20 -177827.45
V 1403 -745574.20 -177867.45
V 1404 -745673.70 -177867.45
V 1405 -745681.45 -177869.53
V 1406 -745687.12 -177875.20
V 1407 -745689.20 -177882.95
V 1408 -745689.20 -177953.95
V 1409 -745687.12 -177961.70
V 1410 -745681.45 -177967.37
V 1411 -745673.70 -177969.45
V 1412 -745574.20 -177969.45
V 1413 -745574.20 -178009.45
V 1414 -745673.70 -178009.45
V 1415 -745681.45 -178011.53
V 1416 -745687.12 -178017.20
V 1417 -745689.20 -178024.95
V 1418 -745689.20 -178095.95
V 1419 -745687.12 -178103.70
V 1420 -745681.45 -178109.37
V 1421 -745673.70 -178111.45
V 1422 -745574.20 -178111.45
V 1423 -745574.20 -178151.45
V 1424 -745673.70 -178151.45
V 1425 -745681.45 -178153.53
V 1426 -745687.12 -178159.20
V 1427 -745689.20 -178166.95
V 1428 -745689.20 -178237.95
V 1429 -745687.12 -178245.70
V 1430 -745681.45 -178251.37
V 1431 -745673.70 -178253.45
V 1432 -745574.20 -178253.45
V 1433 -745574.20 -178293.45
V 1434 -745673.70 -178293.45
V 1435 -745681.45 -178295.53
V 1436 -745687.12 -178301.20
V 1437 -745689.20 -178308.95
V 1438 -745689.20 -178379.95
V 1439 -745687.12 -178387.70
V 1440 -745681.45 -178393.37
V 1441 -745673.70 -178395.45
V 1442 -745631.70 -178395.45
V 1443 -745631.70 -178404.45
V 1444 -745600.70 -178404.45
V 1445 -745600.70 -178379.95
V 1446 -745600.74 -178378.84
V 1447 -745600.86 -178377.74
V 1448 -745601.05 -178376.66
V 1449 -745601.33 -178375.58
V 1450 -745601.68 -178374.53
V 1451 -745602.10 -178373.51
V 1452 -745602.60 -178372.52
V 1453 -745603.16 -178371.57
V 1454 -745603.79 -178370.66
V 1455 -745604.49 -178369.80
V 1456 -745605.24 -178368.99
V 1457 -745606.05 -178368.24
V 1458 -745606.91 -178367.54
V 1459 -745607.82 -178366.91
V 1460 -745608.77 -178366.35
V 1461 -745609.76 -178365.85
V 1462 -745610.78 -178365.43
V 1463 -745611.83 -178365.08
V 1464 -745612.91 -178364.80
V 1465 -745613.99 -178364.61
V 1466 -745615.09 -178364.49
V 1467 -745616.20 -178364.45
V 1468 -745658.20 -178364.45
V 1469 -745658.20 -178324.45
V 1470 -745558.70 -178324.45
V 1471 -745550.95 -178322.37
V 1472 -745545.28 -178316.70
V 1473 -745543.20 -178308.95
V 1474 -745543.20 -178237.95
V 1475 -745545.28 -178230.20
V 1476 -745550.95 -178224.53
V 1477 -745558.70 -178222.45
V 1478 -745658.20 -178222.45
V 1479 -745658.20 -178182.45
V 1480 -745558.70 -178182.45
V 1481 -745550.95 -178180.37
V 1482 -745545.28 -178174.70
V 1483 -745543.20 -178166.95
V 1484 -745543.20 -178095.95
V 1485 -745545.28 -178088.20
V 1486 -745550.95 -178082.53
V 1487 -745558.70 -178080.45
V 1488 -745658.20 -178080.45
V 1489 -745658.20 -178040.45
V 1490 -745558.70 -178040.45
V 1491 -745550.95 -178038.37
V 1492 -745545.28 -178032.70
V 1493 -745543.20 -178024.95
V 1494 -745543.20 -177953.95
V 1495 -745545.28 -177946.20
V 1496 -745550.95 -177940.53
V 1497 -745558.70 -177938.45
V 1498 -745658.20 -177938.45
V 1499 -745658.20 -177898.45
V 1500 -745558.70 -177898.45
V 1501 -745550.95 -177896.37
V 1502 -745545.28 -177890.70
V 1503 -745543.20 -177882.95
V 1504 -745543.20 -177811.95
V 1505 -745545.28 -177804.20
V 1506 -745550.95 -177798.53
V 1507 -745558.70 -177796.45
V 1508 -745658.20 -177796.45
V 1509 -745658.20 -177756.45
V 1510 -745558.70 -177756.45
V 1511 -745550.95 -177754.37
V 1512 -745545.28 -177748.70
V 1513 -745543.20 -177740.95
V 1514 -745543.20 -177669.95
V 1515 -745545.28 -177662.20
V 1516 -745550.95 -177656.53
V 1517 -745558.70 -177654.45
V 1518 -745658.20 -177654.45
V 1519 -745658.20 -177614.45
V 1520 -745558.70 -177614.45
V 1521 -745550.95 -177612.37
V 1522 -745545.28 -177606.70
V 1523 -745543.20 -177598.95
V 1524 -745543.20 -177527.95
V 1525 -745545.28 -177520.20
V 1526 -745550.95 -177514.53
V 1527 -745558.70 -177512.45
V 1528 -745658.20 -177512.45
V 1529 -745658.20 -177472.45
V 1530 -745558.70 -177472.45
V 1531 -745550.95 -177470.37
V 1532 -745545.28 -177464.70
V 1533 -745543.20 -177456.95
V 1534 -745543.20 -177385.95
V 1535 -745545.28 -177378.20
V 1536 -745550.95 -177372.53
V 1537 -745558.70 -177370.45
V 1538 -745658.20 -177370.45
V 1539 -745658.20 -177330.45
V 1540 -745558.70 -177330.45
V 1541 -745550.95 -177328.37
V 1542 -745545.28 -177322.70
V 1543 -745543.20 -177314.95
V 1544 -745543.20 -177243.95
V 1545 -745545.28 -177236.20
V 1546 -745550.95 -177230.53
V 1547 -745558.70 -177228.45
V 1548 -745658.20 -177228.45
V 1549 -745658.20 -177188.45
V 1550 -745558.70 -177188.45
V 1551 -745550.95 -177186.37
V 1552 -745545.28 -177180.70
V 1553 -745543.20 -177172.95
V 1554 -745543.20 -177101.95
V 1555 -745545.28 -177094.20
V 1556 -745550.95 -177088.53
V 1557 -745558.70 -177086.45
V 1558 -745658.20 -177086.45
V 1559 -745658.20 -177046.45
V 1560 -745558.70 -177046.45
V 1561 -745550.95 -177044.37
V 1562 -745545.28 -177038.70
V 1563 -745543.20 -177030.95
V 1564 -745543.20 -176959.95
V 1565 -745545.28 -176952.20
V 1566 -745550.95 -176946.53
V 1567 -745558.70 -176944.45
V 1568 -745658.20 -176944.45
V 1569 -745658.20 -176904.45
V 1570 -745558.70 -176904.45
V 1571 -745550.95 -176902.37
V 1572 -745545.28 -176896.70
V 1573 -745543.20 -176888.95
V 1574 -745543.20 -176817.95
V 1575 -745545.28 -176810.20
V 1576 -745550.95 -176804.53
V 1577 -745558.70 -176802.45
V 1578 -745658.20 -176802.45
V 1579 -745658.20 -176762.45
V 1580 -745558.70 -176762.45
V 1581 -745550.95 -176760.37
V 1582 -745545.28 -176754.70
V 1583 -745543.20 -176746.95
V 1584 -745543.20 -176675.95
V 1585 -745545.28 -176668.20
V 1586 -745550.95 -176662.53
V 1587 -745558.70 -176660.45
V 1588 -745658.20 -176660.45
V 1589 -745658.20 -176620.45
V 1590 -745558.70 -176620.45
V 1591 -745550.95 -176618.37
V 1592 -745545.28 -176612.70
V 1593 -745543.20 -176604.95
V 1594 -745543.20 -176533.95
V 1595 -745545.28 -176526.20
V 1596 -745550.95 -176520.53
V 1597 -745558.70 -176518.45
V 1598 -745658.20 -176518.45
V 1599 -745658.20 -176478.45
V 1600 -745558.70 -176478.45
V 1601 -745550.95 -176476.37
V 1602 -745545.28 -176470.70
V 1603 -745543.20 -176462.95
V 1604 -745543.20 -176391.95
V 1605 -745545.28 -176384.20
V 1606 -745550.95 -176378.53
V 1607 -745558.70 -176376.45
V 1608 -745658.20 -176376.45
V 1609 -745658.20 -176336.45
V 1610 -745558.70 -176336.45
V 1611 -745550.95 -176334.37
V 1612 -745545.28 -176328.70
V 1613 -745543.20 -176320.95
V 1614 -745543.20 -176249.95
V 1615 -745545.28 -176242.20
V 1616 -745550.95 -176236.53
V 1617 -745558.70 -176234.45
V 1618 -745658.20 -176234.45
V 1619 -745658.20 -176194.45
V 1620 -745558.70 -176194.45
V 1621 -745550.95 -176192.37
V 1622 -745545.28 -176186.70
V 1623 -745543.20 -176178.95
V 1624 -745543.20 -176107.95
V 1625 -745545.28 -176100.20
V 1626 -745550.95 -176094.53
V 1627 -745558.70 -176092.45
V 1628 -745658.20 -176092.45
V 1629 -745658.20 -176052.45
V 1630 -745558.70 -176052.45
V 1631 -745550.95 -176050.37
V 1632 -745545.28 -176044.70
V 1633 -745543.20 -176036.95
V 1634 -745543.20 -175965.95
V 1635 -745545.28 -175958.20
V 1636 -745550.95 -175952.53
V 1637 -745558.70 -175950.45
V 1638 -745658.20 -175950.45
V 1639 -745658.20 -175910.45
V 1640 -745558.70 -175910.45
V 1641 -745550.95 -175908.37
V 1642 -745545.28 -175902.70
V 1643 -745543.20 -175894.95
V 1644 -745543.20 -175823.95
V 1645 -745545.28 -175816.20
V 1646 -745550.95 -175810.53
V 1647 -745558.70 -175808.45
V 1648 -745658.20 -175808.45
V 1649 -745658.20 -175768.45
V 1650 -745558.70 -175768.45
V 1651 -745550.95 -175766.37
V 1652 -745545.28 -175760.70
V 1653 -745543.20 -175752.95
V 1654 -745543.20 -175681.95
V 1655 -745545.28 -175674.20
V 1656 -745550.95 -175668.53
V 1657 -745558.70 -175666.45
V 1658 -745658.20 -175666.45
V 1659 -745658.20 -175626.45
V 1660 -745558.70 -175626.45
V 1661 -745550.95 -175624.37
V 1662 -745545.28 -175618.70
V 1663 -745543.20 -175610.95
V 1664 -745543.20 -175539.95
V 1665 -745545.28 -175532.20
V 1666 -745550.95 -175526.53
V 1667 -745558.70 -175524.45
V 1668 -745658.20 -175524.45
V 1669 -745658.20 -175484.45
V 1670 -745558.70 -175484.45
V 1671 -745550.95 -175482.37
V 1672 -745545.28 -175476.70
V 1673 -745543.20 -175468.95
V 1674 -745543.20 -175397.95
V 1675 -745545.28 -175390.20
V 1676 -745550.95 -175384.53
V 1677 -745558.70 -175382.45
V 1678 -745658.20 -175382.45
V 1679 -745658.20 -175342.45
V 1680 -745558.70 -175342.45
V 1681 -745550.95 -175340.37
V 1682 -745545.28 -175334.70
V 1683 -745543.20 -175326.95
V 1684 -745543.20 -175255.95
V 1685 -745545.28 -175248.20
V 1686 -745550.95 -175242.53
V 1687 -745558.70 -175240.45
V 1688 -745658.20 -175240.45
V 1689 -745658.20 -175200.45
V 1690 -745558.70 -175200.45
V 1691 -745550.95 -175198.37
V 1692 -745545.28 -175192.70
V 1693 -745543.20 -175184.95
V 1694 -745543.20 -175113.95
V 1695 -745545.28 -175106.20
V 1696 -745550.95 -175100.53
V 1697 -745558.70 -175098.45
V 1698 -745658.20 -175098.45
V 1699 -745658.20 -175058.45
V 1700 -745558.70 -175058.45
V 1701 -745550.95 -175056.37
V 1702 -745545.28 -175050.70
V 1703 -745543.20 -175042.95
V 1704 -745543.20 -174971.95
V 1705 -745545.28 -174964.20
V 1706 -745550.95 -174958.53
V 1707 -745558.70 -174956.45
V 1708 -745658.20 -174956.45
V 1709 -745658.20 -174916.45
V 1710 -745558.70 -174916.45
V 1711 -745550.95 -174914.37
V 1712 -745545.28 -174908.70
V 1713 -745543.20 -174900.95
V 1714 -745543.20 -174829.95
V 1715 -745545.28 -174822.20
V 1716 -745550.95 -174816.53
V 1717 -745558.70 -174814.45
V 1718 -745658.20 -174814.45
V 1719 -745658.20 -174774.45
V 1720 -745558.70 -174774.45
V 1721 -745550.95 -174772.37
V 1722 -745545.28 -174766.70
V 1723 -745543.20 -174758.95
V 1724 -745543.20 -174687.95
V 1725 -745545.28 -174680.20
V 1726 -745550.95 -174674.53
V 1727 -745558.70 -174672.45
V 1728 -745658.20 -174672.45
V 1729 -745658.20 -174632.45
V 1730 -745558.70 -174632.45
V 1731 -745550.95 -174630.37
V 1732 -745545.28 -174624.70
V 1733 -745543.20 -174616.95
V 1734 -745543.20 -174545.95
V 1735 -745545.28 -174538.20
V 1736 -745550.95 -174532.53
V 1737 -745558.70 -174530.45
V 1738 -745658.20 -174530.45
V 1739 -745658.20 -174490.45
V 1740 -745558.70 -174490.45
V 1741 -745550.95 -174488.37
V 1742 -745545.28 -174482.70
V 1743 -745543.20 -174474.95
V 1744 -745543.20 -174403.95
V 1745 -745545.28 -174396.20
V 1746 -745550.95 -174390.53
V 1747 -745558.70 -174388.45
V 1748 -745658.20 -174388.45
V 1749 -745658.20 -174348.45
V 1750 -745558.70 -174348.45
V 1751 -745550.95 -174346.37
V 1752 -745545.28 -174340.70
V 1753 -745543.20 -174332.95
V 1754 -745543.20 -174261.95
V 1755 -745545.28 -174254.20
V 1756 -745550.95 -174248.53
V 1757 -745558.70 -174246.45
V 1758 -745658.20 -174246.45
V 1759 -745658.20 -174206.45
V 1760 -745558.70 -174206.45
V 1761 -745550.95 -174204.37
V 1762 -745545.28 -174198.70
V 1763 -745543.20 -174190.95
V 1764 -745543.20 -174119.95
V 1765 -745545.28 -174112.20
V 1766 -745550.95 -174106.53
V 1767 -745558.70 -174104.45
V 1768 -745658.20 -174104.45
V 1769 -745658.20 -174064.45
V 1770 -745558.70 -174064.45
V 1771 -745550.95 -174062.37
V 1772 -745545.28 -174056.70
V 1773 -745543.20 -174048.95
V 1774 -745543.20 -173977.95
V 1775 -745545.28 -173970.20
V 1776 -745550.95 -173964.53
V 1777 -745558.70 -173962.45
V 1778 -745658.20 -173962.45
V 1779 -745658.20 -173922.45
V 1780 -745558.70 -173922.45
V 1781 -745550.95 -173920.37
V 1782 -745545.28 -173914.70
V 1783 -745543.20 -173906.95
V 1784 -745543.20 -173835.95
V 1785 -745545.28 -173828.20
V 1786 -745550.95 -173822.53
V 1787 -745558.70 -173820.45
V 1788 -745658.20 -173820.45
V 1789 -745658.20 -173780.45
V 1790 -745558.70 -173780.45
V 1791 -745550.95 -173778.37
V 1792 -745545.28 -173772.70
V 1793 -745543.20 -173764.95
V 1794 -745543.20 -173693.95
V 1795 -745545.28 -173686.20
V 1796 -745550.95 -173680.53
V 1797 -745558.70 -173678.45
V 1798 -745658.20 -173678.45
V 1799 -745658.20 -173638.45
V 1800 -745558.70 -173638.45
V 1801 -745550.95 -173636.37
V 1802 -745545.28 -173630.70
V 1803 -745543.20 -173622.95
V 1804 -745543.20 -173551.95
V 1805 -745545.28 -173544.20
V 1806 -745550.95 -173538.53
V 1807 -745558.70 -173536.45
V 1808 -745658.20 -173536.45
V 1809 -745658.20 -173496.45
V 1810 -745558.70 -173496.45
V 1811 -745550.95 -173494.37
V 1812 -745545.28 -173488.70
V 1813 -745543.20 -173480.95
V 1814 -745543.20 -173409.95
V 1815 -745545.28 -173402.20
V 1816 -745550.95 -173396.53
V 1817 -745558.70 -173394.45
V 1818 -745658.20 -173394.45
V 1819 -745658.20 -173354.45
V 1820 -745558.70 -173354.45
V 1821 -745550.95 -173352.37
V 1822 -745545.28 -173346.70
V 1823 -745543.20 -173338.95
V 1824 -745543.20 -173267.95
V 1825 -745545.28 -173260.20
V 1826 -745550.95 -173254.53
V 1827 -745558.70 -173252.45
V 1828 -745658.20 -173252.45
V 1829 -745658.20 -173212.45
V 1830 -745558.70 -173212.45
V 1831 -745550.95 -173210.37
V 1832 -745545.28 -173204.70
V 1833 -745543.20 -173196.95
V 1834 -745543.20 -173125.95
V 1835 -745545.28 -173118.20
V 1836 -745550.95 -173112.53
V 1837 -745558.70 -173110.45
V 1838 -745658.20 -173110.45
V 1839 -745658.20 -173070.45
V 1840 -745558.70 -173070.45
V 1841 -745550.95 -173068.37
V 1842 -745545.28 -173062.70
V 1843 -745543.20 -173054.95
V 1844 -745543.20 -172983.95
V 1845 -745545.28 -172976.20
V 1846 -745550.95 -172970.53
V 1847 -745558.70 -172968.45
V 1848 -745658.20 -172968.45
V 1849 -745658.20 -172928.45
V 1850 -745558.70 -172928.45
V 1851 -745550.95 -172926.37
V 1852 -745545.28 -172920.70
V 1853 -745543.20 -172912.95
V 1854 -745543.20 -172841.95
V 1855 -745545.28 -172834.20
V 1856 -745550.95 -172828.53
V 1857 -745558.70 -172826.45
V 1858 -745658.20 -172826.45
V 1859 -745658.20 -172786.45
V 1860 -745558.70 -172786.45
V 1861 -745550.95 -172784.37
V 1862 -745545.28 -172778.70
V 1863 -745543.20 -172770.95
V 1864 -745543.20 -172699.95
V 1865 -745545.28 -172692.20
V 1866 -745550.95 -172686.53
V 1867 -745558.70 -172684.45
V 1868 -745658.20 -172684.45
V 1869 -745658.20 -172644.45
V 1870 -745558.70 -172644.45
V 1871 -745550.95 -172642.37
V 1872 -745545.28 -172636.70
V 1873 -745543.20 -172628.95
V 1874 -745543.20 -172557.95
V 1875 -745545.28 -172550.20
V 1876 -745550.95 -172544.53
V 1877 -745558.70 -172542.45
V 1878 -745658.20 -172542.45
V 1879 -745658.20 -172502.45
V 1880 -745558.70 -172502.45
V 1881 -745550.95 -172500.37
V 1882 -745545.28 -172494.70
V 1883 -745543.20 -172486.95
V 1884 -745543.20 -172415.95
V 1885 -745545.28 -172408.20
V 1886 -745550.95 -172402.53
V 1887 -745558.70 -172400.45
V 1888 -745658.20 -172400.45
V 1889 -745658.20 -172360.45
V 1890 -745558.70 -172360.45
V 1891 -745550.95 -172358.37
V 1892 -745545.28 -172352.70
V 1893 -745543.20 -172344.95
V 1894 -745543.20 -172273.95
V 1895 -745545.28 -172266.20
V 1896 -745550.95 -172260.53
V 1897 -745558.70 -172258.45
V 1898 -745658.20 -172258.45
V 1899 -745658.20 -172218.45
V 1900 -745558.70 -172218.45
V 1901 -745550.95 -172216.37
V 1902 -745545.28 -172210.70
V 1903 -745543.20 -172202.95
V 1904 -745543.20 -172131.95
V 1905 -745545.28 -172124.20
V 1906 -745550.95 -172118.53
V 1907 -745558.70 -172116.45
V 1908 -745658.20 -172116.45
V 1909 -745658.20 -172076.45
V 1910 -745558.70 -172076.45
V 1911 -745550.95 -172074.37
V 1912 -745545.28 -172068.70
V 1913 -745543.20 -172060.95
V 1914 -745543.20 -171989.95
V 1915 -745545.28 -171982.20
V 1916 -745550.95 -171976.53
V 1917 -745558.70 -171974.45
V 1918 -745658.20 -171974.45
V 1919 -745658.20 -171934.45
V 1920 -745558.70 -171934.45
V 1921 -745550.95 -171932.37
V 1922 -745545.28 -171926.70
V 1923 -745543.20 -171918.95
V 1924 -745543.20 -171847.95
V 1925 -745545.28 -171840.20
V 1926 -745550.95 -171834.53
V 1927 -745558.70 -171832.45
V 1928 -745658.20 -171832.45
V 1929 -745658.20 -171792.45
V 1930 -745558.70 -171792.45
V 1931 -745550.95 -171790.37
V 1932 -745545.28 -171784.70
V 1933 -745543.20 -171776.95
V 1934 -745543.20 -171705.95
V 1935 -745545.28 -171698.20
V 1936 -745550.95 -171692.53
V 1937 -745558.70 -171690.45
V 1938 -745658.20 -171690.45
V 1939 -745658.20 -171650.45
V 1940 -745558.70 -171650.45
V 1941 -745550.95 -171648.37
V 1942 -745545.28 -171642.70
V 1943 -745543.20 -171634.95
V 1944 -745543.20 -171563.95
V 1945 -745545.28 -171556.20
V 1946 -745550.95 -171550.53
V 1947 -745558.70 -171548.45
V 1948 -745658.20 -171548.45
V 1949 -745658.20 -171508.45
V 1950 -745558.70 -171508.45
V 1951 -745550.95 -171506.37
V 1952 -745545.28 -171500.70
V 1953 -745543.20 -171492.95
V 1954 -745543.20 -171421.95
V 1955 -745545.28 -171414.20
V 1956 -745550.95 -171408.53
V 1957 -745558.70 -171406.45
V 1958 -745658.20 -171406.45
V 1959 -745658.20 -171366.45
V 1960 -745558.70 -171366.45
V 1961 -745550.95 -171364.37
V 1962 -745545.28 -171358.70
V 1963 -745543.20 -171350.95
V 1964 -745543.20 -171279.95
V 1965 -745545.28 -171272.20
V 1966 -745550.95 -171266.53
V 1967 -745558.70 -171264.45
V 1968 -745658.20 -171264.45
V 1969 -745658.20 -171224.45
V 1970 -745558.70 -171224.45
V 1971 -745550.95 -171222.37
V 1972 -745545.28 -171216.70
V 1973 -745543.20 -171208.95
V 1974 -745543.20 -171137.95
V 1975 -745545.28 -171130.20
V 1976 -745550.95 -171124.53
V 1977 -745558.70 -171122.45
V 1978 -745658.20 -171122.45
V 1979 -745658.20 -171082.45
V 1980 -745558.70 -171082.45
V 1981 -745550.95 -171080.37
V 1982 -745545.28 -171074.70
V 1983 -745543.20 -171066.95
V 1984 -745543.20 -170995.95
V 1985 -745545.28 -170988.20
V 1986 -745550.95 -170982.53
V 1987 -745558.70 -170980.45
V 1988 -745658.20 -170980.45
V 1989 -745658.20 -170940.45
V 1990 -745558.70 -170940.45
V 1991 -745550.95 -170938.37
V 1992 -745545.28 -170932.70
V 1993 -745543.20 -170924.95
V 1994 -745543.20 -170853.95
V 1995 -745545.28 -170846.20
V 1996 -745550.95 -170840.53
V 1997 -745558.70 -170838.45
V 1998 -745658.20 -170838.45
V 1999 -745658.20 -170798.45
V 2000 -745558.70 -170798.45
V 2001 -745550.95 -170796.37
V 2002 -745545.28 -170790.70
V 2003 -745543.20 -170782.95
V 2004 -745543.20 -170711.95
V 2005 -745545.28 -170704.20
V 2006 -745550.95 -170698.53
V 2007 -745558.70 -170696.45
V 2008 -745658.20 -170696.45
V 2009 -745658.20 -170656.45
V 2010 -745558.70 -170656.45
V 2011 -745550.95 -170654.37
V 2012 -745545.28 -170648.70
V 2013 -745543.20 -170640.95
V 2014 -745543.20 -170569.95
V 2015 -745545.28 -170562.20
V 2016 -745550.95 -170556.53
V 2017 -745558.70 -170554.45
V 2018 -745658.20 -170554.45
V 2019 -745658.20 -170514.45
V 2020 -745558.70 -170514.45
V 2021 -745550.95 -170512.37
V 2022 -745545.28 -170506.70
V 2023 -745543.20 -170498.95
V 2024 -745543.20 -170427.95
V 2025 -745545.28 -170420.20
V 2026 -745550.95 -170414.53
V 2027 -745558.70 -170412.45
V 2028 -745658.20 -170412.45
V 2029 -745658.20 -170372.45
V 2030 -745558.70 -170372.45
V 2031 -745550.95 -170370.37
V 2032 -745545.28 -170364.70
V 2033 -745543.20 -170356.95
V 2034 -745543.20 -170285.95
V 2035 -745545.28 -170278.20
V 2036 -745550.95 -170272.53
V 2037 -745558.70 -170270.45
V 2038 -745658.20 -170270.45
V 2039 -745658.20 -170230.45
V 2040 -745558.70 -170230.45
V 2041 -745550.95 -170228.37
V 2042 -745545.28 -170222.70
V 2043 -745543.20 -170214.95
V 2044 -745543.20 -170143.95
V 2045 -745545.28 -170136.20
V 2046 -745550.95 -170130.53
V 2047 -745558.70 -170128.45
V 2048 -745658.20 -170128.45
V 2049 -745658.20 -170088.45
V 2050 -745558.70 -170088.45
V 2051 -745550.95 -170086.37
V 2052 -745545.28 -170080.70
V 2053 -745543.20 -170072.95
V 2054 -745543.20 -170001.95
V 2055 -745545.28 -169994.20
V 2056 -745550.95 -169988.53
V 2057 -745558.70 -169986.45
V 2058 -745658.20 -169986.45
V 2059 -745658.20 -169946.45
V 2060 -745558.70 -169946.45
V 2061 -745550.95 -169944.37
V 2062 -745545.28 -169938.70
V 2063 -745543.20 -169930.95
V 2064 -745543.20 -169859.95
V 2065 -745545.28 -169852.20
V 2066 -745550.95 -169846.53
V 2067 -745558.70 -169844.45
V 2068 -745658.20 -169844.45
V 2069 -745658.20 -169804.45
V 2070 -745558.70 -169804.45
V 2071 -745550.95 -169802.37
V 2072 -745545.28 -169796.70
V 2073 -745543.20 -169788.95
V 2074 -745543.20 -169717.95
V 2075 -745545.28 -169710.20
V 2076 -745550.95 -169704.53
V 2077 -745558.70 -169702.45
V 2078 -745658.20 -169702.45
V 2079 -745658.20 -169662.45
V 2080 -745558.70 -169662.45
V 2081 -745550.95 -169660.37
V 2082 -745545.28 -169654.70
V 2083 -745543.20 -169646.95
V 2084 -745543.20 -169575.95
V 2085 -745545.28 -169568.20
V 2086 -745550.95 -169562.53
V 2087 -745558.70 -169560.45
V 2088 -745658.20 -169560.45
V 2089 -745658.20 -169520.45
V 2090 -745558.70 -169520.45
V 2091 -745550.95 -169518.37
V 2092 -745545.28 -169512.70
V 2093 -745543.20 -169504.95
V 2094 -745543.20 -169433.95
V 2095 -745545.28 -169426.20
V 2096 -745550.95 -169420.53
V 2097 -745558.70 -169418.45
V 2098 -745658.20 -169418.45
V 2099 -745658.20 -169378.45
V 2100 -745558.70 -169378.45
V 2101 -745550.95 -169376.37
V 2102 -745545.28 -169370.70
V 2103 -745543.20 -169362.95
V 2104 -745543.20 -169291.95
V 2105 -745545.28 -169284.20
V 2106 -745550.95 -169278.53
V 2107 -745558.70 -169276.45
V 2108 -745658.20 -169276.45
V 2109 -745658.20 -169236.45
V 2110 -745558.70 -169236.45
V 2111 -745550.95 -169234.37
V 2112 -745545.28 -169228.70
V 2113 -745543.20 -169220.95
V 2114 -745543.20 -169149.95
V 2115 -745545.28 -169142.20
V 2116 -745550.95 -169136.53
V 2117 -745558.70 -169134.45
V 2118 -745658.20 -169134.45
V 2119 -745658.20 -169094.45
V 2120 -745558.70 -169094.45
V 2121 -745550.95 -169092.37
V 2122 -745545.28 -169086.70
V 2123 -745543.20 -169078.95
V 2124 -745543.20 -169007.95
V 2125 -745545.28 -169000.20
V 2126 -745550.95 -168994.53
V 2127 -745558.70 -168992.45
V 2128 -745658.20 -168992.45
V 2129 -745658.20 -168952.45
V 2130 -745558.70 -168952.45
V 2131 -745550.95 -168950.37
V 2132 -745545.28 -168944.70
V 2133 -745543.20 -168936.95
V 2134 -745543.20 -168865.95
V 2135 -745545.28 -168858.20
V 2136 -745550.95 -168852.53
V 2137 -745558.70 -168850.45
V 2138 -745658.20 -168850.45
V 2139 -745658.20 -168810.45
V 2140 -745558.70 -168810.45
V 2141 -745550.95 -168808.37
V 2142 -745545.28 -168802.70
V 2143 -745543.20 -168794.95
V 2144 -745543.20 -168723.95
V 2145 -745545.28 -168716.20
V 2146 -745550.95 -168710.53
V 2147 -745558.70 -168708.45
V 2148 -745658.20 -168708.45
V 2149 -745658.20 -168668.45
V 2150 -745558.70 -168668.45
V 2151 -745550.95 -168666.37
V 2152 -745545.28 -168660.70
V 2153 -745543.20 -168652.95
V 2154 -745543.20 -168581.95
V 2155 -745545.28 -168574.20
V 2156 -745550.95 -168568.53
V 2157 -745558.70 -168566.45
V 2158 -745658.20 -168566.45
V 2159 -745658.20 -168526.45
V 2160 -745558.70 -168526.45
V 2161 -745550.95 -168524.37
V 2162 -745545.28 -168518.70
V 2163 -745543.20 -168510.95
V 2164 -745543.20 -168439.95
V 2165 -745545.28 -168432.20
V 2166 -745550.95 -168426.53
V 2167 -745558.70 -168424.45
V 2168 -745658.20 -168424.45
V 2169 -745658.20 -168384.45
V 2170 -745558.70 -168384.45
V 2171 -745550.95 -168382.37
V 2172 -745545.28 -168376.70
V 2173 -745543.20 -168368.95
V 2174 -745543.20 -168297.95
V 2175 -745545.28 -168290.20
V 2176 -745550.95 -168284.53
V 2177 -745558.70 -168282.45
V 2178 -745658.20 -168282.45
V 2179 -745658.20 -168242.45
V 2180 -745558.70 -168242.45
V 2181 -745550.95 -168240.37
V 2182 -745545.28 -168234.70
V 2183 -745543.20 -168226.95
V 2184 -745543.20 -168155.95
V 2185 -745545.28 -168148.20
V 2186 -745550.95 -168142.53
V 2187 -745558.70 -168140.45
V 2188 -745658.20 -168140.45
V 2189 -745658.20 -168100.45
V 2190 -745558.70 -168100.45
V 2191 -745550.95 -168098.37
V 2192 -745545.28 -168092.70
V 2193 -745543.20 -168084.95
V 2194 -745543.20 -168013.95
V 2195 -745545.28 -168006.20
V 2196 -745550.95 -168000.53
V 2197 -745558.70 -167998.45
V 2198 -745658.20 -167998.45
V 2199 -745658.20 -167958.45
V 2200 -745558.70 -167958.45
V 2201 -745550.95 -167956.37
V 2202 -745545.28 -167950.70
V 2203 -745543.20 -167942.95
V 2204 -745543.20 -167871.95
V 2205 -745545.28 -167864.20
V 2206 -745550.95 -167858.53
V 2207 -745558.70 -167856.45
V 2208 -745658.20 -167856.45
V 2209 -745658.20 -167816.45
V 2210 -745558.70 -167816.45
V 2211 -745550.95 -167814.37
V 2212 -745545.28 -167808.70
V 2213 -745543.20 -167800.95
V 2214 -745543.20 -167729.95
V 2215 -745545.28 -167722.20
V 2216 -745550.95 -167716.53
V 2217 -745558.70 -167714.45
V 2218 -745658.20 -167714.45
V 2219 -745658.20 -167674.45
V 2220 -745558.70 -167674.45
V 2221 -745550.95 -167672.37
V 2222 -745545.28 -167666.70
V 2223 -745543.20 -167658.95
V 2224 -745543.20 -167587.95
V 2225 -745545.28 -167580.20
V 2226 -745550.95 -167574.53
V 2227 -745558.70 -167572.45
V 2228 -745658.20 -167572.45
V 2229 -745658.20 -167532.45
V 2230 -745558.70 -167532.45
V 2231 -745550.95 -167530.37
V 2232 -745545.28 -167524.70
V 2233 -745543.20 -167516.95
V 2234 -745543.20 -167445.95
V 2235 -745545.28 -167438.20
V 2236 -745550.95 -167432.53
V 2237 -745558.70 -167430.45
V 2238 -745658.20 -167430.45
V 2239 -745658.20 -167390.45
V 2240 -745558.70 -167390.45
V 2241 -745550.95 -167388.37
V 2242 -745545.28 -167382.70
V 2243 -745543.20 -167374.95
V 2244 -745543.20 -167303.95
V 2245 -745545.28 -167296.20
V 2246 -745550.95 -167290.53
V 2247 -745558.70 -167288.45
V 2248 -745658.20 -167288.45
V 2249 -745658.20 -167248.45
V 2250 -745558.70 -167248.45
V 2251 -745550.95 -167246.37
V 2252 -745545.28 -167240.70
V 2253 -745543.20 -167232.95
V 2254 -745543.20 -167161.95
V 2255 -745545.28 -167154.20
V 2256 -745550.95 -167148.53
V 2257 -745558.70 -167146.45
V 2258 -745658.20 -167146.45
V 2259 -745658.20 -167106.45
V 2260 -745558.70 -167106.45
V 2261 -745550.95 -167104.37
V 2262 -745545.28 -167098.70
V 2263 -745543.20 -167090.95
V 2264 -745543.20 -167019.95
V 2265 -745545.28 -167012.20
V 2266 -745550.95 -167006.53
V 2267 -745558.70 -167004.45
V 2268 -745658.20 -167004.45
V 2269 -745658.20 -166964.45
V 2270 -745558.70 -166964.45
V 2271 -745550.95 -166962.37
V 2272 -745545.28 -166956.70
V 2273 -745543.20 -166948.95
V 2274 -745543.20 -166877.95
V 2275 -745545.28 -166870.20
V 2276 -745550.95 -166864.53
V 2277 -745558.70 -166862.45
V 2278 -745658.20 -166862.45
V 2279 -745658.20 -166822.45
V 2280 -745558.70 -166822.45
V 2281 -745550.95 -166820.37
V 2282 -745545.28 -166814.70
V 2283 -745543.20 -166806.95
V 2284 -745543.20 -166735.95
V 2285 -745545.28 -166728.20
V 2286 -745550.95 -166722.53
V 2287 -745558.70 -166720.45
V 2288 -745658.20 -166720.45
V 2289 -745658.20 -166680.45
V 2290 -745558.70 -166680.45
V 2291 -745550.95 -166678.37
V 2292 -745545.28 -166672.70
V 2293 -745543.20 -166664.95
V 2294 -745543.20 -166593.95
V 2295 -745545.28 -166586.20
V 2296 -745550.95 -166580.53
V 2297 -745558.70 -166578.45
V 2298 -745658.20 -166578.45
V 2299 -745658.20 -166538.45
V 2300 -745558.70 -166538.45
V 2301 -745550.95 -166536.37
V 2302 -745545.28 -166530.70
V 2303 -745543.20 -166522.95
V 2304 -745543.20 -166451.95
V 2305 -745545.28 -166444.20
V 2306 -745550.95 -166438.53
V 2307 -745558.70 -166436.45
V 2308 -745658.20 -166436.45
V 2309 -745658.20 -166396.45
V 2310 -745558.70 -166396.45
V 2311 -745550.95 -166394.37
V 2312 -745545.28 -166388.70
V 2313 -745543.20 -166380.95
V 2314 -745543.20 -166309.95
V 2315 -745545.28 -166302.20
V 2316 -745550.95 -166296.53
V 2317 -745558.70 -166294.45
V 2318 -745658.20 -166294.45
V 2319 -745658.20 -166254.45
V 2320 -745558.70 -166254.45
V 2321 -745550.95 -166252.37
V 2322 -745545.28 -166246.70
V 2323 -745543.20 -166238.95
V 2324 -745543.20 -166167.95
V 2325 -745545.28 -166160.20
V 2326 -745550.95 -166154.53
V 2327 -745558.70 -166152.45
V 2328 -745658.20 -166152.45
V 2329 -745658.20 -166112.45
V 2330 -745558.70 -166112.45
V 2331 -745550.95 -166110.37
V 2332 -745545.28 -166104.70
V 2333 -745543.20 -166096.95
V 2334 -745543.20 -166025.95
V 2335 -745545.28 -166018.20
V 2336 -745550.95 -166012.53
V 2337 -745558.70 -166010.45
V 2338 -745658.20 -166010.45
V 2339 -745658.20 -165970.45
V 2340 -745558.70 -165970.45
V 2341 -745550.95 -165968.37
V 2342 -745545.28 -165962.70
V 2343 -745543.20 -165954.95
V 2344 -745543.20 -165883.95
V 2345 -745545.28 -165876.20
V 2346 -745550.95 -165870.53
V 2347 -745558.70 -165868.45
V 2348 -745658.20 -165868.45
V 2349 -745658.20 -165828.45
V 2350 -745558.70 -165828.45
V 2351 -745550.95 -165826.37
V 2352 -745545.28 -165820.70
V 2353 -745543.20 -165812.95
V 2354 -745543.20 -165741.95
V 2355 -745545.28 -165734.20
V 2356 -745550.95 -165728.53
V 2357 -745558.70 -165726.45
V 2358 -745658.20 -165726.45
V 2359 -745658.20 -165686.45
V 2360 -745558.70 -165686.45
V 2361 -745550.95 -165684.37
V 2362 -745545.28 -165678.70
V 2363 -745543.20 -165670.95
V 2364 -745543.20 -165599.95
V 2365 -745545.28 -165592.20
V 2366 -745550.95 -165586.53
V 2367 -745558.70 -165584.45
V 2368 -745658.20 -165584.45
V 2369 -745658.20 -165544.45
V 2370 -745558.70 -165544.45
V 2371 -745550.95 -165542.37
V 2372 -745545.28 -165536.70
V 2373 -745543.20 -165528.95
V 2374 -745543.20 -165457.95
V 2375 -745545.28 -165450.20
V 2376 -745550.95 -165444.53
V 2377 -745558.70 -165442.45
V 2378 -745658.20 -165442.45
V 2379 -745658.20 -165402.45
V 2380 -745558.70 -165402.45
V 2381 -745550.95 -165400.37
V 2382 -745545.28 -165394.70
V 2383 -745543.20 -165386.95
V 2384 -745543.20 -165315.95
V 2385 -745545.28 -165308.20
V 2386 -745550.95 -165302.53
V 2387 -745558.70 -165300.45
V 2388 -745658.20 -165300.45
V 2389 -745658.20 -165260.45
V 2390 -745558.70 -165260.45
V 2391 -745550.95 -165258.37
V 2392 -745545.28 -165252.70
V 2393 -745543.20 -165244.95
V 2394 -745543.20 -165173.95
V 2395 -745545.28 -165166.20
V 2396 -745550.95 -165160.53
V 2397 -745558.70 -165158.45
V 2398 -745658.20 -165158.45
V 2399 -745658.20 -165118.45
V 2400 -745558.70 -165118.45
V 2401 -745550.95 -165116.37
V 2402 -745545.28 -165110.70
V 2403 -745543.20 -165102.95
V 2404 -745543.20 -165031.95
V 2405 -745545.28 -165024.20
V 2406 -745550.95 -165018.53
V 2407 -745558.70 -165016.45
V 2408 -745658.20 -165016.45
V 2409 -745658.20 -164976.45
V 2410 -745558.70 -164976.45
V 2411 -745550.95 -164974.37
V 2412 -745545.28 -164968.70
V 2413 -745543.20 -164960.95
V 2414 -745543.20 -164889.95
V 2415 -745545.28 -164882.20
V 2416 -745550.95 -164876.53
V 2417 -745558.70 -164874.45
V 2418 -745658.20 -164874.45
V 2419 -745658.20 -164834.45
V 2420 -745558.70 -164834.45
V 2421 -745550.95 -164832.37
V 2422 -745545.28 -164826.70
V 2423 -745543.20 -164818.95
V 2424 -745543.20 -164747.95
V 2425 -745545.28 -164740.20
V 2426 -745550.95 -164734.53
V 2427 -745558.70 -164732.45
V 2428 -745658.20 -164732.45
V 2429 -745658.20 -164692.45
V 2430 -745558.70 -164692.45
V 2431 -745550.95 -164690.37
V 2432 -745545.28 -164684.70
V 2433 -745543.20 -164676.95
V 2434 -745543.20 -164605.95
V 2435 -745545.28 -164598.20
V 2436 -745550.95 -164592.53
V 2437 -745558.70 -164590.45
V 2438 -745658.20 -164590.45
V 2439 -745658.20 -164550.45
V 2440 -745558.70 -164550.45
V 2441 -745550.95 -164548.37
V 2442 -745545.28 -164542.70
V 2443 -745543.20 -164534.95
V 2444 -745543.20 -164463.95
V 2445 -745545.28 -164456.20
V 2446 -745550.95 -164450.53
V 2447 -745558.70 -164448.45
V 2448 -745658.20 -164448.45
V 2449 -745658.20 -164408.45
V 2450 -745558.70 -164408.45
V 2451 -745550.95 -164406.37
V 2452 -745545.28 -164400.70
V 2453 -745543.20 -164392.95
V 2454 -745543.20 -164321.95
V 2455 -745545.28 -164314.20
V 2456 -745550.95 -164308.53
V 2457 -745558.70 -164306.45
V 2458 -745658.20 -164306.45
V 2459 -745658.20 -164266.45
V 2460 -745558.70 -164266.45
V 2461 -745550.95 -164264.37
V 2462 -745545.28 -164258.70
V 2463 -745543.20 -164250.95
V 2464 -745543.20 -164179.95
V 2465 -745545.28 -164172.20
V 2466 -745550.95 -164166.53
V 2467 -745558.70 -164164.45
V 2468 -745658.20 -164164.45
V 2469 -745658.20 -164124.45
V 2470 -745558.70 -164124.45
V 2471 -745550.95 -164122.37
V 2472 -745545.28 -164116.70
V 2473 -745543.20 -164108.95
V 2474 -745543.20 -164037.95
V 2475 -745545.28 -164030.20
V 2476 -745550.95 -164024.53
V 2477 -745558.70 -164022.45
V 2478 -745658.20 -164022.45
V 2479 -745658.20 -163982.45
V 2480 -745558.70 -163982.45
V 2481 -745550.95 -163980.37
V 2482 -745545.28 -163974.70
V 2483 -745543.20 -163966.95
V 2484 -745543.20 -163895.95
V 2485 -745545.28 -163888.20
V 2486 -745550.95 -163882.53
V 2487 -745558.70 -163880.45
V 2488 -745658.20 -163880.45
V 2489 -745658.20 -163840.45
V 2490 -745558.70 -163840.45
V 2491 -745550.95 -163838.37
V 2492 -745545.28 -163832.70
V 2493 -745543.20 -163824.95
V 2494 -745543.20 -163753.95
V 2495 -745545.28 -163746.20
V 2496 -745550.95 -163740.53
V 2497 -745558.70 -163738.45
V 2498 -745658.20 -163738.45
V 2499 -745658.20 -163698.45
V 2500 -745558.70 -163698.45
V 2501 -745550.95 -163696.37
V 2502 -745545.28 -163690.70
V 2503 -745543.20 -163682.95
V 2504 -745543.20 -163611.95
V 2505 -745545.28 -163604.20
V 2506 -745550.95 -163598.53
V 2507 -745558.70 -163596.45
V 2508 -745658.20 -163596.45
V 2509 -745658.20 -163556.45
V 2510 -745558.70 -163556.45
V 2511 -745550.95 -163554.37
V 2512 -745545.28 -163548.70
V 2513 -745543.20 -163540.95
V 2514 -745543.20 -163469.95
V 2515 -745545.28 -163462.20
V 2516 -745550.95 -163456.53
V 2517 -745558.70 -163454.45
V 2518 -745658.20 -163454.45
V 2519 -745658.20 -163414.45
V 2520 -745558.70 -163414.45
V 2521 -745550.95 -163412.37
V 2522 -745545.28 -163406.70
V 2523 -745543.20 -163398.95
V 2524 -745543.20 -163327.95
V 2525 -745545.28 -163320.20
V 2526 -745550.95 -163314.53
V 2527 -745558.70 -163312.45
V 2528 -745658.20 -163312.45
V 2529 -745658.20 -163272.45
V 2530 -745558.70 -163272.45
V 2531 -745550.95 -163270.37
V 2532 -745545.28 -163264.70
V 2533 -745543.20 -163256.95
V 2534 -745543.20 -163185.95
V 2535 -745545.28 -163178.20
V 2536 -745550.95 -163172.53
V 2537 -745558.70 -163170.45
V 2538 -745658.20 -163170.45
V 2539 -745658.20 -163130.45
V 2540 -745558.70 -163130.45
V 2541 -745550.95 -163128.37
V 2542 -745545.28 -163122.70
V 2543 -745543.20 -163114.95
V 2544 -745543.20 -163043.95
V 2545 -745545.28 -163036.20
V 2546 -745550.95 -163030.53
V 2547 -745558.70 -163028.45
V 2548 -745658.20 -163028.45
V 2549 -745658.20 -162988.45
V 2550 -745558.70 -162988.45
V 2551 -745550.95 -162986.37
V 2552 -745545.28 -162980.70
V 2553 -745543.20 -162972.95
V 2554 -745543.20 -162901.95
V 2555 -745545.28 -162894.20
V 2556 -745550.95 -162888.53
V 2557 -745558.70 -162886.45
V 2558 -745658.20 -162886.45
V 2559 -745658.20 -162846.45
V 2560 -745558.70 -162846.45
V 2561 -745550.95 -162844.37
V 2562 -745545.28 -162838.70
V 2563 -745543.20 -162830.95
V 2564 -745543.20 -162759.95
V 2565 -745545.28 -162752.20
V 2566 -745550.95 -162746.53
V 2567 -745558.70 -162744.45
V 2568 -745658.20 -162744.45
V 2569 -745658.20 -162704.45
V 2570 -745558.70 -162704.45
V 2571 -745550.95 -162702.37
V 2572 -745545.28 -162696.70
V 2573 -745543.20 -162688.95
V 2574 -745543.20 -162617.95
V 2575 -745545.28 -162610.20
V 2576 -745550.95 -162604.53
V 2577 -745558.70 -162602.45
V 2578 -745658.20 -162602.45
V 2579 -745658.20 -162562.45
V 2580 -745558.70 -162562.45
V 2581 -745550.95 -162560.37
V 2582 -745545.28 -162554.70
V 2583 -745543.20 -162546.95
V 2584 -745543.20 -162475.95
V 2585 -745545.28 -162468.20
V 2586 -745550.95 -162462.53
V 2587 -745558.70 -162460.45
V 2588 -745658.20 -162460.45
V 2589 -745658.20 -162420.45
V 2590 -745558.70 -162420.45
V 2591 -745550.95 -162418.37
V 2592 -745545.28 -162412.70
V 2593 -745543.20 -162404.95
V 2594 -745543.20 -162333.95
V 2595 -745545.28 -162326.20
V 2596 -745550.95 -162320.53
V 2597 -745558.70 -162318.45
V 2598 -745658.20 -162318.45
V 2599 -745658.20 -162278.45
V 2600 -745558.70 -162278.45
V 2601 -745550.95 -162276.37
V 2602 -745545.28 -162270.70
V 2603 -745543.20 -162262.95
V 2604 -745543.20 -162191.95
V 2605 -745545.28 -162184.20
V 2606 -745550.95 -162178.53
V 2607 -745558.70 -162176.45
V 2608 -745658.20 -162176.45
V 2609 -745658.20 -162136.45
V 2610 -745558.70 -162136.45
V 2611 -745550.95 -162134.37
V 2612 -745545.28 -162128.70
V 2613 -745543.20 -162120.95
V 2614 -745543.20 -162049.95
V 2615 -745545.28 -162042.20
V 2616 -745550.95 -162036.53
V 2617 -745558.70 -162034.45
V 2618 -745658.20 -162034.45
V 2619 -745658.20 -161994.45
V 2620 -745558.70 -161994.45
V 2621 -745550.95 -161992.37
V 2622 -745545.28 -161986.70
V 2623 -745543.20 -161978.95
V 2624 -745543.20 -161907.95
V 2625 -745545.28 -161900.20
V 2626 -745550.95 -161894.53
V 2627 -745558.70 -161892.45
V 2628 -745658.20 -161892.45
V 2629 -745658.20 -161852.45
V 2630 -745558.70 -161852.45
V 2631 -745550.95 -161850.37
V 2632 -745545.28 -161844.70
V 2633 -745543.20 -161836.95
V 2634 -745543.20 -161765.95
V 2635 -745545.28 -161758.20
V 2636 -745550.95 -161752.53
V 2637 -745558.70 -161750.45
V 2638 -745658.20 -161750.45
V 2639 -745658.20 -161710.45
V 2640 -745558.70 -161710.45
V 2641 -745550.95 -161708.37
V 2642 -745545.28 -161702.70
V 2643 -745543.20 -161694.95
V 2644 -745543.20 -161623.95
V 2645 -745545.28 -161616.20
V 2646 -745550.95 -161610.53
V 2647 -745558.70 -161608.45
V 2648 -745658.20 -161608.45
V 2649 -745658.20 -161568.45
V 2650 -745558.70 -161568.45
V 2651 -745550.95 -161566.37
V 2652 -745545.28 -161560.70
V 2653 -745543.20 -161552.95
V 2654 -745543.20 -161481.95
V 2655 -745545.28 -161474.20
V 2656 -745550.95 -161468.53
V 2657 -745558.70 -161466.45
V 2658 -745658.20 -161466.45
V 2659 -745658.20 -161426.45
V 2660 -745558.70 -161426.45
V 2661 -745550.95 -161424.37
V 2662 -745545.28 -161418.70
V 2663 -745543.20 -161410.95
V 2664 -745543.20 -161339.95
V 2665 -745545.28 -161332.20
V 2666 -745550.95 -161326.53
V 2667 -745558.70 -161324.45
V 2668 -745658.20 -161324.45
V 2669 -745658.20 -161284.45
V 2670 -745558.70 -161284.45
V 2671 -745550.95 -161282.37
V 2672 -745545.28 -161276.70
V 2673 -745543.20 -161268.95
V 2674 -745543.20 -161197.95
V 2675 -745545.28 -161190.20
V 2676 -745550.95 -161184.53
V 2677 -745558.70 -161182.45
V 2678 -745658.20 -161182.45
V 2679 -745658.20 -161142.45
V 2680 -745558.70 -161142.45
V 2681 -745550.95 -161140.37
V 2682 -745545.28 -161134.70
V 2683 -745543.20 -161126.95
V 2684 -745543.20 -161055.95
V 2685 -745545.28 -161048.20
V 2686 -745550.95 -161042.53
V 2687 -745558.70 -161040.45
V 2688 -745658.20 -161040.45
V 2689 -745658.20 -161000.45
V 2690 -745558.70 -161000.45
V 2691 -745550.95 -160998.37
V 2692 -745545.28 -160992.70
V 2693 -745543.20 -160984.95
V 2694 -745543.20 -160913.95
V 2695 -745545.28 -160906.20
V 2696 -745550.95 -160900.53
V 2697 -745558.70 -160898.45
V 2698 -745658.20 -160898.45
V 2699 -745658.20 -160858.45
V 2700 -745558.70 -160858.45
V 2701 -745550.95 -160856.37
V 2702 -745545.28 -160850.70
V 2703 -745543.20 -160842.95
V 2704 -745543.20 -160771.95
V 2705 -745545.28 -160764.20
V 2706 -745550.95 -160758.53
V 2707 -745558.70 -160756.45
V 2708 -745658.20 -160756.45
V 2709 -745658.20 -160716.45
V 2710 -745558.70 -160716.45
V 2711 -745550.95 -160714.37
V 2712 -745545.28 -160708.70
V 2713 -745543.20 -160700.95
V 2714 -745543.20 -160629.95
V 2715 -745545.28 -160622.20
V 2716 -745550.95 -160616.53
V 2717 -745558.70 -160614.45
V 2718 -745658.20 -160614.45
V 2719 -745658.20 -160574.45
V 2720 -745558.70 -160574.45
V 2721 -745550.95 -160572.37
V 2722 -745545.28 -160566.70
V 2723 -745543.20 -160558.95
V 2724 -745543.20 -160487.95
V 2725 -745545.28 -160480.20
V 2726 -745550.95 -160474.53
V 2727 -745558.70 -160472.45
V 2728 -745658.20 -160472.45
V 2729 -745658.20 -160432.45
V 2730 -745558.70 -160432.45
V 2731 -745550.95 -160430.37
V 2732 -745545.28 -160424.70
V 2733 -745543.20 -160416.95
V 2734 -745543.20 -160345.95
V 2735 -745545.28 -160338.20
V 2736 -745550.95 -160332.53
V 2737 -745558.70 -160330.45
V 2738 -745658.20 -160330.45
V 2739 -745658.20 -160290.45
V 2740 -745558.70 -160290.45
V 2741 -745550.95 -160288.37
V 2742 -745545.28 -160282.70
V 2743 -745543.20 -160274.95
V 2744 -745543.20 -160203.95
V 2745 -745545.28 -160196.20
V 2746 -745550.95 -160190.53
V 2747 -745558.70 -160188.45
V 2748 -745658.20 -160188.45
V 2749 -745658.20 -160148.45
V 2750 -745558.70 -160148.45
V 2751 -745550.95 -160146.37
V 2752 -745545.28 -160140.70
V 2753 -745543.20 -160132.95
V 2754 -745543.20 -160061.95
V 2755 -745545.28 -160054.20
V 2756 -745550.95 -160048.53
V 2757 -745558.70 -160046.45
V 2758 -745658.20 -160046.45
V 2759 -745658.20 -160006.45
V 2760 -745558.70 -160006.45
V 2761 -745550.95 -160004.37
V 2762 -745545.28 -159998.70
V 2763 -745543.20 -159990.95
V 2764 -745543.20 -159919.95
V 2765 -745545.28 -159912.20
V 2766 -745550.95 -159906.53
V 2767 -745558.70 -159904.45
V 2768 -745658.20 -159904.45
V 2769 -745658.20 -159864.45
V 2770 -745558.70 -159864.45
V 2771 -745550.95 -159862.37
V 2772 -745545.28 -159856.70
V 2773 -745543.20 -159848.95
V 2774 -745543.20 -159777.95
V 2775 -745545.28 -159770.20
V 2776 -745550.95 -159764.53
V 2777 -745558.70 -159762.45
V 2778 -745658.20 -159762.45
V 2779 -745658.20 -159722.45
V 2780 -745558.70 -159722.45
V 2781 -745550.95 -159720.37
V 2782 -745545.28 -159714.70
V 2783 -745543.20 -159706.95
V 2784 -745543.20 -159635.95
V 2785 -745545.28 -159628.20
V 2786 -745550.95 -159622.53
V 2787 -745558.70 -159620.45
V 2788 -745658.20 -159620.45
V 2789 -745658.20 -159580.45
V 2790 -745558.70 -159580.45
V 2791 -745550.95 -159578.37
V 2792 -745545.28 -159572.70
V 2793 -745543.20 -159564.95
V 2794 -745543.20 -159493.95
V 2795 -745545.28 -159486.20
V 2796 -745550.95 -159480.53
V 2797 -745558.70 -159478.45
V 2798 -745658.20 -159478.45
V 2799 -745658.20 -159438.45
V 2800 -745558.70 -159438.45
V 2801 -745550.95 -159436.37
V 2802 -745545.28 -159430.70
V 2803 -745543.20 -159422.95
V 2804 -745543.20 -159351.95
V 2805 -745545.28 -159344.20
V 2806 -745550.95 -159338.53
V 2807 -745558.70 -159336.45
V 2808 -745658.20 -159336.45
V 2809 -745658.20 -159296.45
V 2810 -745558.70 -159296.45
V 2811 -745550.95 -159294.37
V 2812 -745545.28 -159288.70
V 2813 -745543.20 -159280.95
V 2814 -745543.20 -159209.95
V 2815 -745545.28 -159202.20
V 2816 -745550.95 -159196.53
V 2817 -745558.70 -159194.45
V 2818 -745658.20 -159194.45
V 2819 -745658.20 -159154.45
V 2820 -745558.70 -159154.45
V 2821 -745550.95 -159152.37
V 2822 -745545.28 -159146.70
V 2823 -745543.20 -159138.95
V 2824 -745543.20 -159067.95
V 2825 -745545.28 -159060.20
V 2826 -745550.95 -159054.53
V 2827 -745558.70 -159052.45
V 2828 -745658.20 -159052.45
V 2829 -745658.20 -159012.45
V 2830 -745558.70 -159012.45
V 2831 -745550.95 -159010.37
V 2832 -745545.28 -159004.70
V 2833 -745543.20 -158996.95
V 2834 -745543.20 -158925.95
V 2835 -745545.28 -158918.20
V 2836 -745550.95 -158912.53
V 2837 -745558.70 -158910.45
V 2838 -745658.20 -158910.45
V 2839 -745658.20 -158870.45
V 2840 -745558.70 -158870.45
V 2841 -745550.95 -158868.37
V 2842 -745545.28 -158862.70
V 2843 -745543.20 -158854.95
V 2844 -745543.20 -158783.95
V 2845 -745545.28 -158776.20
V 2846 -745550.95 -158770.53
V 2847 -745558.70 -158768.45
V 2848 -745658.20 -158768.45
V 2849 -745658.20 -158728.45
V 2850 -745558.70 -158728.45
V 2851 -745550.95 -158726.37
V 2852 -745545.28 -158720.70
V 2853 -745543.20 -158712.95
V 2854 -745543.20 -158641.95
V 2855 -745545.28 -158634.20
V 2856 -745550.95 -158628.53
V 2857 -745558.70 -158626.45
V 2858 -745658.20 -158626.45
V 2859 -745658.20 -158586.45
V 2860 -745558.70 -158586.45
V 2861 -745550.95 -158584.37
V 2862 -745545.28 -158578.70
V 2863 -745543.20 -158570.95
V 2864 -745543.20 -158499.95
V 2865 -745545.28 -158492.20
V 2866 -745550.95 -158486.53
V 2867 -745558.70 -158484.45
V 2868 -745658.20 -158484.45
V 2869 -745658.20 -158444.45
V 2870 -745558.70 -158444.45
V 2871 -745550.95 -158442.37
V 2872 -745545.28 -158436.70
V 2873 -745543.20 -158428.95
V 2874 -745543.20 -158357.95
V 2875 -745545.28 -158350.20
V 2876 -745550.95 -158344.53
V 2877 -745558.70 -158342.45
V 2878 -745658.20 -158342.45
V 2879 -745658.20 -158302.45
V 2880 -745558.70 -158302.45
V 2881 -745550.95 -158300.37
V 2882 -745545.28 -158294.70
V 2883 -745543.20 -158286.95
V 2884 -745543.20 -158215.95
V 2885 -745545.28 -158208.20
V 2886 -745550.95 -158202.53
V 2887 -745558.70 -158200.45
V 2888 -745658.20 -158200.45
V 2889 -745658.20 -158160.45
V 2890 -745616.20 -158160.45
V 2891 -745608.45 -158158.37
V 2892 -745602.78 -158152.70
V 2893 -745600.70 -158144.95
V 2894 -745600.70 -157997.52
V 2895 -745557.41 -157990.17
V 2896 -745557.26 -157990.14
V 2897 -745325.11 -157950.72
V 2898 -745324.96 -157950.69
V 2899 -745093.31 -157911.36
V 2900 -745093.23 -157911.35
V 2901 -745093.02 -157911.31
V 2902 -744861.86 -157872.06
V 2903 -744861.78 -157872.05
V 2904 -744861.72 -157872.04
V 2905 -744861.57 -157872.01
V 2906 -744625.94 -157832.00
V 2907 -744625.79 -157831.97
V 2908 -744396.04 -157792.96
V 2909 -744395.96 -157792.95
V 2910 -744395.75 -157792.91
V 2911 -744196.91 -157759.15
V 2912 -744195.84 -157758.93
V 2913 -744194.80 -157758.64
V 2914 -744193.77 -157758.27
V 2915 -744192.78 -157757.84
V 2916 -744191.82 -157757.33
V 2917 -744190.89 -157756.76
V 2918 -744190.01 -157756.13
V 2919 -744189.17 -157755.43
V 2920 -744188.39 -157754.68
V 2921 -744187.66 -157753.87
V 2922 -744186.99 -157753.02
V 2923 -744186.38 -157752.12
V 2924 -744185.83 -157751.18
V 2925 -744185.35 -157750.20
V 2926 -744184.94 -157749.20
V 2927 -744184.61 -157748.16
V 2928 -744184.34 -157747.11
V 2929 -744184.15 -157746.04
V 2930 -744184.04 -157744.96
V 2931 -744184.00 -157743.87
V 2932 -744184.00 -157719.35
