V 0 -19048.14 -22505.94
V 1 -19048.63 -22505.61
V 2 -19049.21 -22505.50
V 3 -19049.79 -22505.62
V 4 -19053.09 -22507.02
V 5 -19053.11 -22507.03
V 6 -19053.14 -22507.04
V 7 -19053.16 -22507.05
V 8 -19068.50 -22513.82
V 9 -19084.00 -22520.52
V 10 -19084.03 -22520.54
V 11 -19084.05 -22520.54
V 12 -19099.49 -22527.12
V 13 -19099.54 -22527.14
V 14 -19099.56 -22527.16
V 15 -19114.96 -22533.57
V 16 -19115.07 -22533.61
V 17 -19130.67 -22540.01
V 18 -19130.71 -22540.03
V 19 -19130.74 -22540.04
V 20 -19146.25 -22546.30
V 21 -19161.95 -22552.50
V 22 -19177.75 -22558.70
V 23 -19193.42 -22564.69
V 24 -19209.22 -22570.59
V 25 -19225.02 -22576.39
V 26 -19240.86 -22582.17
V 27 -19240.88 -22582.18
V 28 -19256.71 -22587.76
V 29 -19256.76 -22587.77
V 30 -19272.69 -22593.28
V 31 -19288.69 -22598.78
V 32 -19288.72 -22598.80
V 33 -19304.50 -22604.06
V 34 -19304.56 -22604.07
V 35 -19336.76 -22614.47
V 36 -19336.81 -22614.49
V 37 -19368.89 -22624.45
V 38 -19368.93 -22624.46
V 39 -19385.13 -22629.26
V 40 -19401.23 -22634.06
V 41 -19401.29 -22634.08
V 42 -19417.39 -22638.65
V 43 -19417.49 -22638.68
V 44 -19433.69 -22643.25
V 45 -19466.29 -22652.05
V 46 -19466.36 -22652.07
V 47 -19466.38 -22652.08
V 48 -19482.57 -22656.25
V 49 -19482.66 -22656.27
V 50 -19498.86 -22660.34
V 51 -19515.26 -22664.44
V 52 -19531.66 -22668.44
V 53 -19548.04 -22672.24
V 54 -19564.53 -22675.94
V 55 -19580.91 -22679.63
V 56 -19613.91 -22686.63
V 57 -19630.39 -22689.93
V 58 -19646.90 -22693.21
V 59 -19646.99 -22693.23
V 60 -19663.45 -22696.31
V 61 -19663.49 -22696.31
V 62 -19663.57 -22696.32
V 63 -19696.77 -22702.32
V 64 -19713.35 -22705.12
V 65 -19729.86 -22707.81
V 66 -19729.89 -22707.81
V 67 -19729.92 -22707.82
V 68 -19729.94 -22707.82
V 69 -19746.56 -22710.51
V 70 -19746.59 -22710.51
V 71 -19746.62 -22710.52
V 72 -19746.64 -22710.52
V 73 -19746.67 -22710.53
V 74 -19763.19 -22713.00
V 75 -19763.29 -22713.01
V 76 -19763.38 -22713.03
V 77 -19779.87 -22715.40
V 78 -19779.89 -22715.40
V 79 -19780.00 -22715.41
V 80 -19813.40 -22720.01
V 81 -19830.10 -22722.11
V 82 -19846.73 -22724.10
V 83 -19846.79 -22724.11
V 84 -19846.81 -22724.11
V 85 -19863.59 -22726.00
V 86 -19863.69 -22726.01
V 87 -19863.72 -22726.02
V 88 -19880.27 -22727.80
V 89 -19880.29 -22727.80
V 90 -19880.39 -22727.81
V 91 -19880.42 -22727.82
V 92 -19897.05 -22729.50
V 93 -19897.09 -22729.50
V 94 -19897.19 -22729.51
V 95 -19897.23 -22729.52
V 96 -19913.84 -22731.10
V 97 -19913.89 -22731.10
V 98 -19913.99 -22731.11
V 99 -19914.03 -22731.12
V 100 -19930.62 -22732.60
V 101 -19930.69 -22732.60
V 102 -19930.79 -22732.61
V 103 -19930.83 -22732.62
V 104 -19947.40 -22734.00
V 105 -19947.52 -22734.00
V 106 -19964.32 -22735.30
V 107 -19981.11 -22736.50
V 108 -19997.90 -22737.60
V 109 -20014.78 -22738.50
V 110 -20014.80 -22738.50
V 111 -20031.58 -22739.40
V 112 -20031.61 -22739.40
V 113 -20048.47 -22740.20
V 114 -20048.51 -22740.20
V 115 -20065.36 -22740.90
V 116 -20065.41 -22740.90
V 117 -20098.94 -22741.90
V 118 -20099.01 -22741.90
V 119 -20115.84 -22742.30
V 120 -20115.90 -22742.30
V 121 -20149.62 -22742.70
V 122 -20183.28 -22742.70
V 123 -20200.10 -22742.50
V 124 -20200.18 -22742.50
V 125 -20216.90 -22742.30
V 126 -20216.96 -22742.30
V 127 -20233.79 -22741.90
V 128 -20233.86 -22741.90
V 129 -20267.39 -22740.90
V 130 -20267.44 -22740.90
V 131 -20284.29 -22740.20
V 132 -20284.33 -22740.20
V 133 -20301.19 -22739.40
V 134 -20301.22 -22739.40
V 135 -20318.10 -22738.50
V 136 -20318.12 -22738.50
V 137 -20334.90 -22737.60
V 138 -20351.69 -22736.50
V 139 -20368.48 -22735.30
V 140 -20385.28 -22734.00
V 141 -20385.40 -22734.00
V 142 -20402.07 -22732.62
V 143 -20402.11 -22732.61
V 144 -20402.21 -22732.60
V 145 -20402.28 -22732.60
V 146 -20418.87 -22731.12
V 147 -20418.91 -22731.11
V 148 -20419.01 -22731.10
V 149 -20419.06 -22731.10
V 150 -20435.57 -22729.52
V 151 -20435.61 -22729.51
V 152 -20435.71 -22729.50
V 153 -20435.75 -22729.50
V 154 -20452.38 -22727.82
V 155 -20452.41 -22727.81
V 156 -20452.51 -22727.80
V 157 -20452.53 -22727.80
V 158 -20469.18 -22726.02
V 159 -20469.21 -22726.01
V 160 -20469.31 -22726.00
V 161 -20485.99 -22724.11
V 162 -20486.01 -22724.11
V 163 -20486.07 -22724.10
V 164 -20502.70 -22722.11
V 165 -20519.40 -22720.01
V 166 -20552.80 -22715.41
V 167 -20552.91 -22715.40
V 168 -20552.93 -22715.40
V 169 -20569.42 -22713.03
V 170 -20569.51 -22713.01
V 171 -20569.61 -22713.00
V 172 -20586.13 -22710.53
V 173 -20586.16 -22710.52
V 174 -20586.18 -22710.52
V 175 -20586.21 -22710.51
V 176 -20586.24 -22710.51
V 177 -20619.55 -22705.12
V 178 -20636.13 -22702.32
V 179 -20652.73 -22699.32
V 180 -20669.23 -22696.32
V 181 -20669.31 -22696.31
V 182 -20669.35 -22696.31
V 183 -20685.81 -22693.23
V 184 -20685.90 -22693.21
V 185 -20702.41 -22689.93
V 186 -20718.89 -22686.63
V 187 -20735.49 -22683.13
V 188 -20751.89 -22679.63
V 189 -20768.37 -22675.94
V 190 -20784.76 -22672.24
V 191 -20801.15 -22668.44
V 192 -20817.64 -22664.44
V 193 -20834.04 -22660.34
V 194 -20850.24 -22656.27
V 195 -20850.33 -22656.25
V 196 -20866.52 -22652.08
V 197 -20866.54 -22652.07
V 198 -20866.61 -22652.05
V 199 -20899.21 -22643.25
V 200 -20931.51 -22634.08
V 201 -20931.57 -22634.06
V 202 -20947.77 -22629.26
V 203 -20963.87 -22624.46
V 204 -20963.91 -22624.45
V 205 -20979.99 -22619.49
V 206 -20980.04 -22619.47
V 207 -20980.11 -22619.45
V 208 -20996.09 -22614.49
V 209 -20996.14 -22614.47
V 210 -21012.14 -22609.27
V 211 -21028.24 -22604.07
V 212 -21028.30 -22604.06
V 213 -21044.18 -22598.80
V 214 -21044.21 -22598.78
V 215 -21060.21 -22593.28
V 216 -21076.14 -22587.77
V 217 -21076.18 -22587.76
V 218 -21091.92 -22582.18
V 219 -21091.94 -22582.17
V 220 -21123.69 -22570.59
V 221 -21123.74 -22570.57
V 222 -21123.76 -22570.56
V 223 -21139.25 -22564.74
V 224 -21139.37 -22564.70
V 225 -21139.39 -22564.69
V 226 -21139.44 -22564.67
V 227 -21139.46 -22564.67
V 228 -21155.05 -22558.74
V 229 -21155.10 -22558.73
V 230 -21155.15 -22558.70
V 231 -21186.55 -22546.30
V 232 -21202.06 -22540.04
V 233 -21202.09 -22540.03
V 234 -21202.13 -22540.01
V 235 -21217.73 -22533.61
V 236 -21233.24 -22527.16
V 237 -21233.26 -22527.14
V 238 -21233.31 -22527.12
V 239 -21248.75 -22520.54
V 240 -21248.77 -22520.54
V 241 -21248.80 -22520.52
V 242 -21264.30 -22513.82
V 243 -21279.64 -22507.05
V 244 -21279.66 -22507.04
V 245 -21279.69 -22507.03
V 246 -21295.14 -22500.15
V 247 -21310.58 -22493.13
V 248 -21310.60 -22493.13
V 249 -21325.73 -22486.16
V 250 -21325.76 -22486.14
V 251 -21341.06 -22478.94
V 252 -21356.26 -22471.74
V 253 -21371.34 -22464.35
V 254 -21386.56 -22456.94
V 255 -21386.59 -22456.93
V 256 -21401.62 -22449.36
V 257 -21416.62 -22441.76
V 258 -21431.70 -22434.07
V 259 -21446.60 -22426.17
V 260 -21461.50 -22418.37
V 261 -21461.53 -22418.36
V 262 -21461.56 -22418.34
V 263 -21476.28 -22410.38
V 264 -21491.08 -22402.28
V 265 -21491.16 -22402.24
V 266 -21505.86 -22394.09
V 267 -21520.56 -22385.79
V 268 -21520.66 -22385.74
V 269 -21535.08 -22377.55
V 270 -21535.10 -22377.53
V 271 -21549.85 -22369.00
V 272 -21564.28 -22360.55
V 273 -21564.30 -22360.53
V 274 -21564.33 -22360.51
V 275 -21578.83 -22351.91
V 276 -21607.58 -22334.34
V 277 -21607.61 -22334.32
V 278 -21621.91 -22325.52
V 279 -21636.19 -22316.53
V 280 -21650.49 -22307.43
V 281 -21650.52 -22307.42
V 282 -21664.57 -22298.35
V 283 -21692.76 -22279.75
V 284 -21706.76 -22270.35
V 285 -21720.65 -22260.86
V 286 -21720.70 -22260.83
V 287 -21720.73 -22260.82
V 288 -21734.42 -22251.36
V 289 -21734.44 -22251.34
V 290 -21734.52 -22251.29
V 291 -21734.54 -22251.27
V 292 -21748.34 -22241.57
V 293 -21748.40 -22241.53
V 294 -21762.04 -22231.84
V 295 -21762.09 -22231.81
V 296 -21762.13 -22231.78
V 297 -21775.72 -22222.06
V 298 -21775.74 -22222.04
V 299 -21775.79 -22222.01
V 300 -21789.31 -22212.17
V 301 -21789.34 -22212.14
V 302 -21789.41 -22212.09
V 303 -21802.93 -22202.15
V 304 -21802.95 -22202.13
V 305 -21803.01 -22202.09
V 306 -21816.42 -22192.06
V 307 -21816.44 -22192.04
V 308 -21816.48 -22192.02
V 309 -21816.50 -22192.00
V 310 -21829.92 -22181.86
V 311 -21829.94 -22181.84
V 312 -21829.98 -22181.81
V 313 -21830.00 -22181.80
V 314 -21843.31 -22171.67
V 315 -21843.34 -22171.64
V 316 -21843.41 -22171.60
V 317 -21856.59 -22161.29
V 318 -21856.64 -22161.24
V 319 -21856.67 -22161.22
V 320 -21869.82 -22150.86
V 321 -21869.84 -22150.84
V 322 -21869.87 -22150.82
V 323 -21869.92 -22150.79
V 324 -21882.97 -22140.41
V 325 -21883.04 -22140.34
V 326 -21883.07 -22140.32
V 327 -21896.21 -22129.77
V 328 -21896.24 -22129.74
V 329 -21896.28 -22129.71
V 330 -21909.20 -22119.18
V 331 -21909.24 -22119.14
V 332 -21909.29 -22119.11
V 333 -21935.18 -22097.60
V 334 -21935.24 -22097.54
V 335 -21935.29 -22097.51
V 336 -21947.96 -22086.72
V 337 -21948.04 -22086.64
V 338 -21948.09 -22086.61
V 339 -21960.86 -22075.72
V 340 -21960.94 -22075.64
V 341 -21960.99 -22075.61
V 342 -21973.55 -22064.73
V 343 -21973.64 -22064.64
V 344 -21973.66 -22064.63
V 345 -21986.31 -22053.57
V 346 -21986.34 -22053.54
V 347 -21986.36 -22053.53
V 348 -21998.90 -22042.38
V 349 -21998.94 -22042.34
V 350 -21998.96 -22042.33
V 351 -22011.39 -22031.09
V 352 -22011.44 -22031.04
V 353 -22011.46 -22031.03
V 354 -22023.89 -22019.69
V 355 -22023.94 -22019.64
V 356 -22036.28 -22008.20
V 357 -22036.34 -22008.14
V 358 -22048.58 -21996.70
V 359 -22048.64 -21996.64
V 360 -22072.97 -21973.51
V 361 -22073.04 -21973.44
V 362 -22097.15 -21949.93
V 363 -22120.93 -21926.15
V 364 -22132.72 -21914.16
V 365 -22144.44 -21902.04
V 366 -22144.51 -21901.97
V 367 -22156.03 -21889.85
V 368 -25025.64 -19020.14
V 369 -25027.76 -19022.26
V 370 -22158.29 -21891.83
V 371 -22146.76 -21903.96
V 372 -22146.68 -21904.04
V 373 -22134.96 -21916.16
V 374 -22134.87 -21916.25
V 375 -22123.16 -21928.16
V 376 -22099.16 -21952.16
V 377 -22075.05 -21975.67
V 378 -22074.95 -21975.77
V 379 -22050.63 -21998.89
V 380 -22050.55 -21998.97
V 381 -22038.32 -22010.40
V 382 -22038.25 -22010.47
V 383 -22025.92 -22021.90
V 384 -22025.86 -22021.96
V 385 -22025.84 -22021.97
V 386 -22013.41 -22033.31
V 387 -22013.36 -22033.36
V 388 -22013.34 -22033.37
V 389 -22000.91 -22044.61
V 390 -22000.86 -22044.66
V 391 -22000.84 -22044.67
V 392 -21988.30 -22055.82
V 393 -21988.26 -22055.86
V 394 -21988.24 -22055.87
V 395 -21975.59 -22066.93
V 396 -21975.56 -22066.96
V 397 -21975.51 -22066.99
V 398 -21962.95 -22077.87
V 399 -21962.86 -22077.96
V 400 -21962.81 -22077.99
V 401 -21950.04 -22088.88
V 402 -21949.96 -22088.96
V 403 -21949.91 -22088.99
V 404 -21937.24 -22099.78
V 405 -21937.16 -22099.86
V 406 -21937.11 -22099.89
V 407 -21911.22 -22121.40
V 408 -21911.16 -22121.46
V 409 -21911.12 -22121.49
V 410 -21898.20 -22132.02
V 411 -21898.16 -22132.06
V 412 -21898.13 -22132.08
V 413 -21884.99 -22142.63
V 414 -21884.96 -22142.66
V 415 -21884.88 -22142.71
V 416 -21871.83 -22153.09
V 417 -21871.76 -22153.16
V 418 -21871.73 -22153.18
V 419 -21858.58 -22163.54
V 420 -21858.56 -22163.56
V 421 -21858.53 -22163.58
V 422 -21858.49 -22163.60
V 423 -21845.31 -22173.91
V 424 -21845.26 -22173.96
V 425 -21845.20 -22174.00
V 426 -21831.89 -22184.13
V 427 -21831.86 -22184.16
V 428 -21831.80 -22184.20
V 429 -21818.38 -22194.34
V 430 -21818.36 -22194.36
V 431 -21818.32 -22194.39
V 432 -21818.30 -22194.40
V 433 -21804.88 -22204.44
V 434 -21804.86 -22204.46
V 435 -21804.82 -22204.48
V 436 -21804.79 -22204.51
V 437 -21791.27 -22214.45
V 438 -21791.25 -22214.47
V 439 -21791.10 -22214.57
V 440 -21777.69 -22224.33
V 441 -21777.66 -22224.36
V 442 -21777.57 -22224.42
V 443 -21763.98 -22234.14
V 444 -21763.96 -22234.16
V 445 -21763.91 -22234.19
V 446 -21763.80 -22234.27
V 447 -21750.16 -22243.96
V 448 -21750.11 -22243.99
V 449 -21750.06 -22244.03
V 450 -21736.26 -22253.73
V 451 -21736.20 -22253.77
V 452 -21736.17 -22253.78
V 453 -21722.48 -22263.24
V 454 -21722.46 -22263.26
V 455 -21722.35 -22263.34
V 456 -21708.44 -22272.85
V 457 -21694.44 -22282.25
V 458 -21666.20 -22300.87
V 459 -21666.18 -22300.88
V 460 -21652.13 -22309.94
V 461 -21652.11 -22309.97
V 462 -21637.81 -22319.07
V 463 -21623.23 -22328.24
V 464 -21609.19 -22336.88
V 465 -21580.37 -22354.49
V 466 -21565.87 -22363.09
V 467 -21551.42 -22371.55
V 468 -21551.40 -22371.57
V 469 -21536.60 -22380.13
V 470 -21536.54 -22380.16
V 471 -21522.12 -22388.35
V 472 -21522.10 -22388.37
V 473 -21522.04 -22388.41
V 474 -21507.34 -22396.71
V 475 -21492.52 -22404.92
V 476 -21477.72 -22413.02
V 477 -21477.67 -22413.04
V 478 -21477.64 -22413.06
V 479 -21462.90 -22421.03
V 480 -21448.00 -22428.83
V 481 -21433.08 -22436.74
V 482 -21417.98 -22444.44
V 483 -21402.94 -22452.06
V 484 -21402.91 -22452.07
V 485 -21387.88 -22459.63
V 486 -21387.86 -22459.65
V 487 -21372.64 -22467.06
V 488 -21357.54 -22474.46
V 489 -21342.34 -22481.66
V 490 -21327.04 -22488.86
V 491 -21327.00 -22488.87
V 492 -21311.87 -22495.84
V 493 -21311.83 -22495.87
V 494 -21296.42 -22502.87
V 495 -21280.94 -22509.76
V 496 -21280.91 -22509.77
V 497 -21265.56 -22516.55
V 498 -21265.50 -22516.58
V 499 -21250.00 -22523.28
V 500 -21234.55 -22529.86
V 501 -21234.53 -22529.86
V 502 -21234.49 -22529.88
V 503 -21218.96 -22536.35
V 504 -21218.94 -22536.36
V 505 -21218.87 -22536.39
V 506 -21203.27 -22542.79
V 507 -21187.74 -22549.06
V 508 -21187.71 -22549.07
V 509 -21187.65 -22549.10
V 510 -21156.25 -22561.50
V 511 -21156.23 -22561.50
V 512 -21156.21 -22561.51
V 513 -21156.16 -22561.53
V 514 -21156.14 -22561.53
V 515 -21140.55 -22567.46
V 516 -21140.50 -22567.47
V 517 -21140.43 -22567.50
V 518 -21140.41 -22567.51
V 519 -21140.36 -22567.53
V 520 -21140.34 -22567.54
V 521 -21124.85 -22573.36
V 522 -21124.73 -22573.40
V 523 -21124.71 -22573.41
V 524 -21124.68 -22573.42
V 525 -21124.66 -22573.43
V 526 -21092.91 -22585.01
V 527 -21092.86 -22585.03
V 528 -21092.82 -22585.04
V 529 -21077.12 -22590.60
V 530 -21077.09 -22590.62
V 531 -21061.19 -22596.12
V 532 -21045.16 -22601.63
V 533 -21045.10 -22601.64
V 534 -21029.22 -22606.90
V 535 -21029.16 -22606.93
V 536 -21013.06 -22612.13
V 537 -20997.06 -22617.33
V 538 -20996.99 -22617.35
V 539 -20981.01 -22622.31
V 540 -20980.96 -22622.33
V 541 -20980.89 -22622.35
V 542 -20964.81 -22627.31
V 543 -20964.76 -22627.33
V 544 -20964.73 -22627.34
V 545 -20948.63 -22632.14
V 546 -20932.43 -22636.94
V 547 -20932.39 -22636.95
V 548 -20900.09 -22646.12
V 549 -20900.06 -22646.13
V 550 -20900.01 -22646.14
V 551 -20899.99 -22646.15
V 552 -20867.39 -22654.95
V 553 -20867.37 -22654.95
V 554 -20851.18 -22659.12
V 555 -20851.16 -22659.13
V 556 -20851.07 -22659.15
V 557 -20834.86 -22663.23
V 558 -20834.76 -22663.26
V 559 -20818.36 -22667.36
V 560 -20801.85 -22671.36
V 561 -20785.44 -22675.16
V 562 -20769.03 -22678.86
V 563 -20752.53 -22682.56
V 564 -20752.51 -22682.57
V 565 -20736.11 -22686.07
V 566 -20719.51 -22689.57
V 567 -20719.49 -22689.57
V 568 -20702.99 -22692.87
V 569 -20702.90 -22692.89
V 570 -20686.29 -22696.19
V 571 -20686.25 -22696.19
V 572 -20669.77 -22699.28
V 573 -20653.27 -22702.28
V 574 -20636.67 -22705.28
V 575 -20636.65 -22705.28
V 576 -20620.05 -22708.08
V 577 -20620.02 -22708.08
V 578 -20619.99 -22708.09
V 579 -20619.96 -22708.09
V 580 -20586.64 -22713.48
V 581 -20586.59 -22713.49
V 582 -20586.49 -22713.50
V 583 -20569.97 -22715.97
V 584 -20569.89 -22715.99
V 585 -20569.79 -22716.00
V 586 -20569.77 -22716.00
V 587 -20553.28 -22718.37
V 588 -20553.20 -22718.39
V 589 -20519.80 -22722.99
V 590 -20503.09 -22725.09
V 591 -20503.03 -22725.10
V 592 -20486.40 -22727.09
V 593 -20486.29 -22727.10
V 594 -20469.61 -22728.99
V 595 -20469.59 -22728.99
V 596 -20469.49 -22729.00
V 597 -20469.47 -22729.00
V 598 -20452.82 -22730.78
V 599 -20452.79 -22730.79
V 600 -20452.69 -22730.80
V 601 -20452.65 -22730.80
V 602 -20436.02 -22732.48
V 603 -20435.99 -22732.49
V 604 -20435.89 -22732.50
V 605 -20435.84 -22732.50
V 606 -20419.33 -22734.08
V 607 -20419.29 -22734.09
V 608 -20419.19 -22734.10
V 609 -20419.12 -22734.10
V 610 -20402.53 -22735.58
V 611 -20402.49 -22735.59
V 612 -20402.39 -22735.60
V 613 -20402.30 -22735.60
V 614 -20385.63 -22736.98
V 615 -20385.59 -22736.99
V 616 -20385.52 -22737.00
V 617 -20368.72 -22738.30
V 618 -20351.91 -22739.50
V 619 -20335.10 -22740.60
V 620 -20335.08 -22740.60
V 621 -20318.30 -22741.50
V 622 -20318.28 -22741.50
V 623 -20301.40 -22742.40
V 624 -20301.37 -22742.40
V 625 -20284.51 -22743.20
V 626 -20284.46 -22743.20
V 627 -20267.61 -22743.90
V 628 -20267.54 -22743.90
V 629 -20234.01 -22744.90
V 630 -20233.94 -22744.90
V 631 -20217.11 -22745.30
V 632 -20217.02 -22745.30
V 633 -20200.30 -22745.50
V 634 -20200.22 -22745.50
V 635 -20183.40 -22745.70
V 636 -20149.50 -22745.70
V 637 -20115.78 -22745.30
V 638 -20115.69 -22745.30
V 639 -20098.86 -22744.90
V 640 -20098.79 -22744.90
V 641 -20065.26 -22743.90
V 642 -20065.19 -22743.90
V 643 -20048.34 -22743.20
V 644 -20048.29 -22743.20
V 645 -20031.43 -22742.40
V 646 -20031.40 -22742.40
V 647 -20014.62 -22741.50
V 648 -20014.60 -22741.50
V 649 -19997.72 -22740.60
V 650 -19997.70 -22740.60
V 651 -19980.89 -22739.50
V 652 -19964.08 -22738.30
V 653 -19947.28 -22737.00
V 654 -19947.21 -22736.99
V 655 -19947.17 -22736.98
V 656 -19930.60 -22735.60
V 657 -19930.51 -22735.60
V 658 -19930.41 -22735.59
V 659 -19930.37 -22735.58
V 660 -19913.78 -22734.10
V 661 -19913.71 -22734.10
V 662 -19913.61 -22734.09
V 663 -19913.57 -22734.08
V 664 -19896.97 -22732.50
V 665 -19896.91 -22732.50
V 666 -19896.81 -22732.49
V 667 -19896.78 -22732.48
V 668 -19880.15 -22730.80
V 669 -19880.11 -22730.80
V 670 -19880.01 -22730.79
V 671 -19879.98 -22730.78
V 672 -19863.43 -22729.00
V 673 -19863.41 -22729.00
V 674 -19863.31 -22728.99
V 675 -19863.29 -22728.99
V 676 -19846.51 -22727.10
V 677 -19846.40 -22727.09
V 678 -19829.77 -22725.10
V 679 -19829.71 -22725.09
V 680 -19813.00 -22722.99
V 681 -19779.60 -22718.39
V 682 -19779.52 -22718.37
V 683 -19763.03 -22716.00
V 684 -19763.01 -22716.00
V 685 -19762.91 -22715.99
V 686 -19762.83 -22715.97
V 687 -19746.31 -22713.50
V 688 -19746.21 -22713.49
V 689 -19746.16 -22713.48
V 690 -19729.54 -22710.79
V 691 -19729.51 -22710.79
V 692 -19729.48 -22710.78
V 693 -19729.46 -22710.78
V 694 -19712.94 -22708.09
V 695 -19712.91 -22708.09
V 696 -19712.88 -22708.08
V 697 -19712.85 -22708.08
V 698 -19696.25 -22705.28
V 699 -19696.23 -22705.28
V 700 -19663.03 -22699.28
V 701 -19646.55 -22696.19
V 702 -19646.51 -22696.19
V 703 -19629.90 -22692.89
V 704 -19629.81 -22692.87
V 705 -19613.31 -22689.57
V 706 -19613.29 -22689.57
V 707 -19580.29 -22682.57
V 708 -19580.27 -22682.56
V 709 -19563.87 -22678.86
V 710 -19547.36 -22675.16
V 711 -19530.96 -22671.36
V 712 -19530.94 -22671.36
V 713 -19514.54 -22667.36
V 714 -19498.14 -22663.26
V 715 -19498.04 -22663.23
V 716 -19481.83 -22659.15
V 717 -19481.74 -22659.13
V 718 -19481.72 -22659.12
V 719 -19465.53 -22654.95
V 720 -19465.51 -22654.95
V 721 -19432.91 -22646.15
V 722 -19432.89 -22646.14
V 723 -19432.84 -22646.13
V 724 -19432.81 -22646.12
V 725 -19416.54 -22641.53
V 726 -19416.51 -22641.52
V 727 -19400.41 -22636.95
V 728 -19400.39 -22636.94
V 729 -19400.37 -22636.94
V 730 -19384.27 -22632.14
V 731 -19368.07 -22627.34
V 732 -19368.04 -22627.33
V 733 -19367.99 -22627.31
V 734 -19335.91 -22617.35
V 735 -19335.84 -22617.33
V 736 -19303.64 -22606.93
V 737 -19303.58 -22606.90
V 738 -19287.80 -22601.64
V 739 -19287.74 -22601.63
V 740 -19271.71 -22596.12
V 741 -19255.81 -22590.62
V 742 -19255.78 -22590.60
V 743 -19239.99 -22585.04
V 744 -19239.94 -22585.03
V 745 -19239.89 -22585.01
V 746 -19224.04 -22579.23
V 747 -19224.02 -22579.22
V 748 -19223.98 -22579.21
V 749 -19208.18 -22573.41
V 750 -19192.38 -22567.51
V 751 -19192.36 -22567.50
V 752 -19176.65 -22561.50
V 753 -19160.85 -22555.30
V 754 -19145.15 -22549.10
V 755 -19145.09 -22549.07
V 756 -19145.06 -22549.06
V 757 -19129.53 -22542.79
V 758 -19113.93 -22536.39
V 759 -19113.86 -22536.36
V 760 -19113.84 -22536.35
V 761 -19098.31 -22529.88
V 762 -19098.27 -22529.86
V 763 -19098.25 -22529.86
V 764 -19082.80 -22523.28
V 765 -19067.30 -22516.58
V 766 -19067.24 -22516.55
V 767 -19051.91 -22509.78
V 768 -19051.87 -22509.76
V 769 -19051.85 -22509.76
V 770 -19049.54 -22508.78
V 771 -17579.96 -23978.36
V 772 -17577.84 -23976.24

