V 0 -920695.28 -173828.20
V 8 -920700.95 -173822.53
V 16 -920708.70 -173820.45
V 24 -920808.20 -173820.45
V 32 -920808.20 -173780.45
V 40 -920766.20 -173780.45
V 48 -920758.45 -173778.37
V 56 -920752.78 -173772.70
V 64 -920750.70 -173764.95
V 72 -920750.70 -173620.93
V 80 -920752.36 -173613.94
V 88 -920757.00 -173608.46
V 96 -920763.61 -173605.65
V 104 -922639.55 -173287.11
V 112 -922885.45 -173245.35
V 120 -922961.40 -173232.46
V 128 -924810.27 -172918.51
V 136 -925182.18 -172855.36
V 144 -925393.95 -172819.40
V 152 -925643.73 -172776.99
V 160 -925849.07 -172742.12
V 168 -926040.29 -172709.66
V 176 -928080.41 -172363.24
V 184 -930027.11 -172032.68
V 192 -936113.40 -170999.22
V 200 -963620.17 -166328.51
V 208 -963627.90 -166327.20
V 216 -964604.28 -166161.41
V 224 -965281.23 -166046.46
V 232 -966971.91 -165759.38
V 240 -967283.84 -165706.41
V 248 -968226.70 -165546.31
V 256 -968644.49 -165475.37
V 264 -968859.26 -165438.90
V 272 -969109.09 -165396.48
V 280 -969323.85 -165360.01
V 288 -969573.70 -165317.59
V 296 -969788.47 -165281.12
V 304 -970038.30 -165238.70
V 312 -970253.06 -165202.23
V 320 -970502.91 -165159.81
V 328 -970717.68 -165123.34
V 336 -970967.51 -165080.92
V 344 -971182.28 -165044.45
V 352 -971432.11 -165002.03
V 360 -971646.87 -164965.56
V 368 -971896.72 -164923.14
V 376 -972111.49 -164886.67
V 384 -972361.32 -164844.25
V 392 -972576.08 -164807.78
V 400 -972825.92 -164765.35
V 408 -973040.69 -164728.89
V 416 -973290.53 -164686.46
V 424 -973505.30 -164650.00
V 432 -973872.62 -164587.63
V 440 -974853.92 -164421.00
V 448 -975321.36 -164341.62
V 456 -977738.71 -163931.15
V 464 -977995.34 -163887.58
V 472 -979101.36 -163699.77
V 480 -980029.99 -163542.09
V 488 -980102.11 -163529.84
V 496 -982361.63 -163146.17
V 504 -982902.28 -163054.37
V 512 -983530.61 -162947.68
V 520 -984450.74 -162791.44
V 528 -985900.21 -162545.32
V 536 -988204.68 -162154.01
V 544 -988372.63 -162125.49
V 552 -988960.66 -162025.64
V 560 -989197.73 -161985.39
V 568 -989872.50 -161870.81
V 576 -991206.35 -161644.32
V 584 -991301.62 -161628.14
V 592 -991699.97 -161560.50
V 600 -991728.84 -161555.60
V 608 -992495.22 -161425.47
V 616 -995489.55 -160917.02
V 624 -996119.85 -160810.00
V 632 -997246.96 -160618.61
V 640 -997414.17 -160590.22
V 648 -998275.44 -160443.97
V 656 -999013.81 -160318.60
V 664 -999405.77 -160252.04
V 672 -999809.96 -160183.41
V 680 -1002274.81 -159764.87
V 688 -1002467.67 -159732.13
V 696 -1003330.04 -159585.69
V 704 -1003413.23 -159571.57
V 712 -1005232.77 -159262.60
V 720 -1005646.36 -159192.38
V 728 -1006407.17 -159063.19
V 736 -1007869.51 -158814.88
V 744 -1008244.38 -158751.23
V 752 -1008860.53 -158646.60
V 760 -1009784.45 -158489.72
V 768 -1009815.29 -158484.49
V 776 -1010167.86 -158424.62
V 784 -1011130.51 -158261.16
V 792 -1011236.01 -158243.24
V 800 -1011881.96 -158133.56
V 808 -1012290.76 -158064.14
V 816 -1012781.89 -157980.75
V 824 -1013238.53 -157903.21
V 832 -1013436.44 -157869.60
V 840 -1013835.60 -157801.83
V 848 -1014067.90 -157762.38
V 856 -1014254.00 -157730.78
V 864 -1014254.00 -157719.35
V 872 -1014285.00 -157719.35
V 880 -1014285.00 -157743.87
V 888 -1014284.96 -157744.96
V 896 -1014284.85 -157746.04
V 904 -1014284.66 -157747.11
V 912 -1014284.39 -157748.16
V 920 -1014284.06 -157749.20
V 928 -1014283.65 -157750.20
V 936 -1014283.17 -157751.18
V 944 -1014282.62 -157752.12
V 952 -1014282.01 -157753.02
V 960 -1014281.34 -157753.87
V 968 -1014280.61 -157754.68
V 976 -1014279.83 -157755.43
V 984 -1014278.99 -157756.13
V 992 -1014278.11 -157756.76
V 1000 -1014277.18 -157757.33
V 1008 -1014276.22 -157757.84
V 1016 -1014275.23 -157758.27
V 1024 -1014274.20 -157758.64
V 1032 -1014273.16 -157758.93
V 1040 -1014272.09 -157759.15
V 1048 -1014073.10 -157792.94
V 1056 -1013840.80 -157832.39
V 1064 -1013441.64 -157900.16
V 1072 -1013243.73 -157933.77
V 1080 -1013001.84 -157974.84
V 1088 -1012787.07 -158011.31
V 1096 -1012295.94 -158094.70
V 1104 -1011887.14 -158164.12
V 1112 -1011241.21 -158273.80
V 1120 -1011135.71 -158291.72
V 1128 -1010173.04 -158455.18
V 1136 -1009820.47 -158515.05
V 1144 -1009789.63 -158520.28
V 1152 -1008865.71 -158677.16
V 1160 -1008249.56 -158781.79
V 1168 -1007874.69 -158845.44
V 1176 -1006412.35 -159093.75
V 1184 -1005651.54 -159222.94
V 1192 -1005237.97 -159293.16
V 1200 -1005204.76 -159298.80
V 1208 -1003418.41 -159602.13
V 1216 -1003335.22 -159616.25
V 1224 -1002472.85 -159762.69
V 1232 -1002279.99 -159795.43
V 1240 -999815.14 -160213.97
V 1248 -999410.95 -160282.60
V 1256 -999018.99 -160349.16
V 1264 -998280.62 -160474.53
V 1272 -997419.35 -160620.78
V 1280 -997252.14 -160649.17
V 1288 -996125.03 -160840.56
V 1296 -995494.73 -160947.58
V 1304 -992500.40 -161456.03
V 1312 -991734.02 -161586.16
V 1320 -991705.15 -161591.06
V 1328 -991306.82 -161658.70
V 1336 -991211.55 -161674.88
V 1344 -989877.68 -161901.37
V 1352 -989202.91 -162015.95
V 1360 -988965.84 -162056.20
V 1368 -988377.81 -162156.05
V 1376 -988209.86 -162184.57
V 1384 -985905.39 -162575.88
V 1392 -984455.92 -162822.00
V 1400 -983535.79 -162978.24
V 1408 -982907.46 -163084.93
V 1416 -982366.81 -163176.73
V 1424 -980107.31 -163560.40
V 1432 -980035.19 -163572.65
V 1440 -979106.54 -163730.33
V 1448 -978000.52 -163918.14
V 1456 -977743.89 -163961.71
V 1464 -975326.56 -164372.18
V 1472 -974859.12 -164451.56
V 1480 -973877.80 -164618.19
V 1488 -973510.48 -164680.56
V 1496 -973295.73 -164717.02
V 1504 -973045.89 -164759.45
V 1512 -972831.12 -164795.91
V 1520 -972581.28 -164838.34
V 1528 -972366.52 -164874.81
V 1536 -972116.67 -164917.23
V 1544 -971901.90 -164953.70
V 1552 -971652.07 -164996.12
V 1560 -971437.31 -165032.59
V 1568 -971187.46 -165075.01
V 1576 -970972.69 -165111.48
V 1584 -970722.86 -165153.90
V 1592 -970508.09 -165190.37
V 1600 -970258.26 -165232.79
V 1608 -970043.50 -165269.26
V 1616 -969793.65 -165311.68
V 1624 -969578.88 -165348.15
V 1632 -969329.05 -165390.57
V 1640 -969114.29 -165427.04
V 1648 -968864.44 -165469.46
V 1656 -968649.67 -165505.93
V 1664 -968231.88 -165576.87
V 1672 -967289.02 -165736.97
V 1680 -966977.09 -165789.94
V 1688 -965286.41 -166077.02
V 1696 -964609.46 -166191.97
V 1704 -963633.08 -166357.76
V 1712 -963625.35 -166359.07
V 1720 -936118.58 -171029.78
V 1728 -930032.29 -172063.24
V 1736 -928085.59 -172393.80
V 1744 -926045.47 -172740.22
V 1752 -925854.25 -172772.68
V 1760 -925648.91 -172807.55
V 1768 -925399.13 -172849.96
V 1776 -925187.36 -172885.92
V 1784 -924815.45 -172949.07
V 1792 -922966.58 -173263.02
V 1800 -922890.65 -173275.91
V 1808 -922644.75 -173317.67
V 1816 -920781.70 -173634.02
V 1824 -920781.70 -173749.45
V 1832 -920823.70 -173749.45
V 1840 -920831.45 -173751.53
V 1848 -920837.12 -173757.20
V 1856 -920839.20 -173764.95
V 1864 -920839.20 -173835.95
V 1872 -920837.12 -173843.70
V 1880 -920831.45 -173849.37
V 1888 -920823.70 -173851.45
V 1896 -920724.20 -173851.45
V 1904 -920724.20 -173891.45
V 1912 -920823.70 -173891.45
V 1920 -920831.45 -173893.53
V 1928 -920837.12 -173899.20
V 1936 -920839.20 -173906.95
V 1944 -920839.20 -173977.95
V 1952 -920837.12 -173985.70
V 1960 -920831.45 -173991.37
V 1968 -920823.70 -173993.45
V 1976 -920724.20 -173993.45
V 1984 -920724.20 -174033.45
V 1992 -920823.70 -174033.45
V 2000 -920831.45 -174035.53
V 2008 -920837.12 -174041.20
V 2016 -920839.20 -174048.95
V 2024 -920839.20 -174119.95
V 2032 -920837.12 -174127.70
V 2040 -920831.45 -174133.37
V 2048 -920823.70 -174135.45
V 2056 -920724.20 -174135.45
V 2064 -920724.20 -174175.45
V 2072 -920823.70 -174175.45
V 2080 -920831.45 -174177.53
V 2088 -920837.12 -174183.20
V 2096 -920839.20 -174190.95
V 2104 -920839.20 -174261.95
V 2112 -920837.12 -174269.70
V 2120 -920831.45 -174275.37
V 2128 -920823.70 -174277.45
V 2136 -920724.20 -174277.45
V 2144 -920724.20 -174317.45
V 2152 -920823.70 -174317.45
V 2160 -920831.45 -174319.53
V 2168 -920837.12 -174325.20
V 2176 -920839.20 -174332.95
V 2184 -920839.20 -174403.95
V 2192 -920837.12 -174411.70
V 2200 -920831.45 -174417.37
V 2208 -920823.70 -174419.45
V 2216 -920724.20 -174419.45
V 2224 -920724.20 -174459.45
V 2232 -920823.70 -174459.45
V 2240 -920831.45 -174461.53
V 2248 -920837.12 -174467.20
V 2256 -920839.20 -174474.95
V 2264 -920839.20 -174545.95
V 2272 -920837.12 -174553.70
V 2280 -920831.45 -174559.37
V 2288 -920823.70 -174561.45
V 2296 -920724.20 -174561.45
V 2304 -920724.20 -174601.45
V 2312 -920823.70 -174601.45
V 2320 -920831.45 -174603.53
V 2328 -920837.12 -174609.20
V 2336 -920839.20 -174616.95
V 2344 -920839.20 -174687.95
V 2352 -920837.12 -174695.70
V 2360 -920831.45 -174701.37
V 2368 -920823.70 -174703.45
V 2376 -920724.20 -174703.45
V 2384 -920724.20 -174743.45
V 2392 -920823.70 -174743.45
V 2400 -920831.45 -174745.53
V 2408 -920837.12 -174751.20
V 2416 -920839.20 -174758.95
V 2424 -920839.20 -174829.95
V 2432 -920837.12 -174837.70
V 2440 -920831.45 -174843.37
V 2448 -920823.70 -174845.45
V 2456 -920724.20 -174845.45
V 2464 -920724.20 -174885.45
V 2472 -920823.70 -174885.45
V 2480 -920831.45 -174887.53
V 2488 -920837.12 -174893.20
V 2496 -920839.20 -174900.95
V 2504 -920839.20 -174971.95
V 2512 -920837.12 -174979.70
V 2520 -920831.45 -174985.37
V 2528 -920823.70 -174987.45
V 2536 -920724.20 -174987.45
V 2544 -920724.20 -175027.45
V 2552 -920823.70 -175027.45
V 2560 -920831.45 -175029.53
V 2568 -920837.12 -175035.20
V 2576 -920839.20 -175042.95
V 2584 -920839.20 -175113.95
V 2592 -920837.12 -175121.70
V 2600 -920831.45 -175127.37
V 2608 -920823.70 -175129.45
V 2616 -920724.20 -175129.45
V 2624 -920724.20 -175169.45
V 2632 -920823.70 -175169.45
V 2640 -920831.45 -175171.53
V 2648 -920837.12 -175177.20
V 2656 -920839.20 -175184.95
V 2664 -920839.20 -175255.95
V 2672 -920837.12 -175263.70
V 2680 -920831.45 -175269.37
V 2688 -920823.70 -175271.45
V 2696 -920724.20 -175271.45
V 2704 -920724.20 -175311.45
V 2712 -920823.70 -175311.45
V 2720 -920831.45 -175313.53
V 2728 -920837.12 -175319.20
V 2736 -920839.20 -175326.95
V 2744 -920839.20 -175397.95
V 2752 -920837.12 -175405.70
V 2760 -920831.45 -175411.37
V 2768 -920823.70 -175413.45
V 2776 -920724.20 -175413.45
V 2784 -920724.20 -175453.45
V 2792 -920823.70 -175453.45
V 2800 -920831.45 -175455.53
V 2808 -920837.12 -175461.20
V 2816 -920839.20 -175468.95
V 2824 -920839.20 -175539.95
V 2832 -920837.12 -175547.70
V 2840 -920831.45 -175553.37
V 2848 -920823.70 -175555.45
V 2856 -920724.20 -175555.45
V 2864 -920724.20 -175595.45
V 2872 -920823.70 -175595.45
V 2880 -920831.45 -175597.53
V 2888 -920837.12 -175603.20
V 2896 -920839.20 -175610.95
V 2904 -920839.20 -175681.95
V 2912 -920837.12 -175689.70
V 2920 -920831.45 -175695.37
V 2928 -920823.70 -175697.45
V 2936 -920724.20 -175697.45
V 2944 -920724.20 -175737.45
V 2952 -920823.70 -175737.45
V 2960 -920831.45 -175739.53
V 2968 -920837.12 -175745.20
V 2976 -920839.20 -175752.95
V 2984 -920839.20 -175823.95
V 2992 -920837.12 -175831.70
V 3000 -920831.45 -175837.37
V 3008 -920823.70 -175839.45
V 3016 -920724.20 -175839.45
V 3024 -920724.20 -175879.45
V 3032 -920823.70 -175879.45
V 3040 -920831.45 -175881.53
V 3048 -920837.12 -175887.20
V 3056 -920839.20 -175894.95
V 3064 -920839.20 -175965.95
V 3072 -920837.12 -175973.70
V 3080 -920831.45 -175979.37
V 3088 -920823.70 -175981.45
V 3096 -920724.20 -175981.45
V 3104 -920724.20 -176021.45
V 3112 -920823.70 -176021.45
V 3120 -920831.45 -176023.53
V 3128 -920837.12 -176029.20
V 3136 -920839.20 -176036.95
V 3144 -920839.20 -176107.95
V 3152 -920837.12 -176115.70
V 3160 -920831.45 -176121.37
V 3168 -920823.70 -176123.45
V 3176 -920724.20 -176123.45
V 3184 -920724.20 -176163.45
V 3192 -920823.70 -176163.45
V 3200 -920831.45 -176165.53
V 3208 -920837.12 -176171.20
V 3216 -920839.20 -176178.95
V 3224 -920839.20 -176249.95
V 3232 -920837.12 -176257.70
V 3240 -920831.45 -176263.37
V 3248 -920823.70 -176265.45
V 3256 -920724.20 -176265.45
V 3264 -920724.20 -176305.45
V 3272 -920823.70 -176305.45
V 3280 -920831.45 -176307.53
V 3288 -920837.12 -176313.20
V 3296 -920839.20 -176320.95
V 3304 -920839.20 -176391.95
V 3312 -920837.12 -176399.70
V 3320 -920831.45 -176405.37
V 3328 -920823.70 -176407.45
V 3336 -920724.20 -176407.45
V 3344 -920724.20 -176447.45
V 3352 -920823.70 -176447.45
V 3360 -920831.45 -176449.53
V 3368 -920837.12 -176455.20
V 3376 -920839.20 -176462.95
V 3384 -920839.20 -176533.95
V 3392 -920837.12 -176541.70
V 3400 -920831.45 -176547.37
V 3408 -920823.70 -176549.45
V 3416 -920724.20 -176549.45
V 3424 -920724.20 -176589.45
V 3432 -920823.70 -176589.45
V 3440 -920831.45 -176591.53
V 3448 -920837.12 -176597.20
V 3456 -920839.20 -176604.95
V 3464 -920839.20 -176675.95
V 3472 -920837.12 -176683.70
V 3480 -920831.45 -176689.37
V 3488 -920823.70 -176691.45
V 3496 -920724.20 -176691.45
V 3504 -920724.20 -176731.45
V 3512 -920823.70 -176731.45
V 3520 -920831.45 -176733.53
V 3528 -920837.12 -176739.20
V 3536 -920839.20 -176746.95
V 3544 -920839.20 -176817.95
V 3552 -920837.12 -176825.70
V 3560 -920831.45 -176831.37
V 3568 -920823.70 -176833.45
V 3576 -920724.20 -176833.45
V 3584 -920724.20 -176873.45
V 3592 -920823.70 -176873.45
V 3600 -920831.45 -176875.53
V 3608 -920837.12 -176881.20
V 3616 -920839.20 -176888.95
V 3624 -920839.20 -176959.95
V 3632 -920837.12 -176967.70
V 3640 -920831.45 -176973.37
V 3648 -920823.70 -176975.45
V 3656 -920724.20 -176975.45
V 3664 -920724.20 -177015.45
V 3672 -920823.70 -177015.45
V 3680 -920831.45 -177017.53
V 3688 -920837.12 -177023.20
V 3696 -920839.20 -177030.95
V 3704 -920839.20 -177101.95
V 3712 -920837.12 -177109.70
V 3720 -920831.45 -177115.37
V 3728 -920823.70 -177117.45
V 3736 -920724.20 -177117.45
V 3744 -920724.20 -177157.45
V 3752 -920823.70 -177157.45
V 3760 -920831.45 -177159.53
V 3768 -920837.12 -177165.20
V 3776 -920839.20 -177172.95
V 3784 -920839.20 -177243.95
V 3792 -920837.12 -177251.70
V 3800 -920831.45 -177257.37
V 3808 -920823.70 -177259.45
V 3816 -920724.20 -177259.45
V 3824 -920724.20 -177299.45
V 3832 -920823.70 -177299.45
V 3840 -920831.45 -177301.53
V 3848 -920837.12 -177307.20
V 3856 -920839.20 -177314.95
V 3864 -920839.20 -177385.95
V 3872 -920837.12 -177393.70
V 3880 -920831.45 -177399.37
V 3888 -920823.70 -177401.45
V 3896 -920724.20 -177401.45
V 3904 -920724.20 -177441.45
V 3912 -920823.70 -177441.45
V 3920 -920831.45 -177443.53
V 3928 -920837.12 -177449.20
V 3936 -920839.20 -177456.95
V 3944 -920839.20 -177527.95
V 3952 -920837.12 -177535.70
V 3960 -920831.45 -177541.37
V 3968 -920823.70 -177543.45
V 3976 -920724.20 -177543.45
V 3984 -920724.20 -177583.45
V 3992 -920823.70 -177583.45
V 4000 -920831.45 -177585.53
V 4008 -920837.12 -177591.20
V 4016 -920839.20 -177598.95
V 4024 -920839.20 -177669.95
V 4032 -920837.12 -177677.70
V 4040 -920831.45 -177683.37
V 4048 -920823.70 -177685.45
V 4056 -920724.20 -177685.45
V 4064 -920724.20 -177725.45
V 4072 -920823.70 -177725.45
V 4080 -920831.45 -177727.53
V 4088 -920837.12 -177733.20
V 4096 -920839.20 -177740.95
V 4104 -920839.20 -177811.95
V 4112 -920837.12 -177819.70
V 4120 -920831.45 -177825.37
V 4128 -920823.70 -177827.45
V 4136 -920724.20 -177827.45
V 4144 -920724.20 -177867.45
V 4152 -920823.70 -177867.45
V 4160 -920831.45 -177869.53
V 4168 -920837.12 -177875.20
V 4176 -920839.20 -177882.95
V 4184 -920839.20 -177953.95
V 4192 -920837.12 -177961.70
V 4200 -920831.45 -177967.37
V 4208 -920823.70 -177969.45
V 4216 -920724.20 -177969.45
V 4224 -920724.20 -178009.45
V 4232 -920823.70 -178009.45
V 4240 -920831.45 -178011.53
V 4248 -920837.12 -178017.20
V 4256 -920839.20 -178024.95
V 4264 -920839.20 -178095.95
V 4272 -920837.12 -178103.70
V 4280 -920831.45 -178109.37
V 4288 -920823.70 -178111.45
V 4296 -920724.20 -178111.45
V 4304 -920724.20 -178151.45
V 4312 -920823.70 -178151.45
V 4320 -920831.45 -178153.53
V 4328 -920837.12 -178159.20
V 4336 -920839.20 -178166.95
V 4344 -920839.20 -178237.95
V 4352 -920837.12 -178245.70
V 4360 -920831.45 -178251.37
V 4368 -920823.70 -178253.45
V 4376 -920724.20 -178253.45
V 4384 -920724.20 -178293.45
V 4392 -920823.70 -178293.45
V 4400 -920831.45 -178295.53
V 4408 -920837.12 -178301.20
V 4416 -920839.20 -178308.95
V 4424 -920839.20 -178379.95
V 4432 -920837.12 -178387.70
V 4440 -920831.45 -178393.37
V 4448 -920823.70 -178395.45
V 4456 -920781.70 -178395.45
V 4464 -920781.70 -178404.45
V 4472 -920750.70 -178404.45
V 4480 -920750.70 -178379.95
V 4488 -920750.74 -178378.84
V 4496 -920750.86 -178377.74
V 4504 -920751.05 -178376.66
V 4512 -920751.33 -178375.58
V 4520 -920751.68 -178374.53
V 4528 -920752.10 -178373.51
V 4536 -920752.60 -178372.52
V 4544 -920753.16 -178371.57
V 4552 -920753.79 -178370.66
V 4560 -920754.49 -178369.80
V 4568 -920755.24 -178368.99
V 4576 -920756.05 -178368.24
V 4584 -920756.91 -178367.54
V 4592 -920757.82 -178366.91
V 4600 -920758.77 -178366.35
V 4608 -920759.76 -178365.85
V 4616 -920760.78 -178365.43
V 4624 -920761.83 -178365.08
V 4632 -920762.91 -178364.80
V 4640 -920763.99 -178364.61
V 4648 -920765.09 -178364.49
V 4656 -920766.20 -178364.45
V 4664 -920808.20 -178364.45
V 4672 -920808.20 -178324.45
V 4680 -920708.70 -178324.45
V 4688 -920700.95 -178322.37
V 4696 -920695.28 -178316.70
V 4704 -920693.20 -178308.95
V 4712 -920693.20 -178237.95
V 4720 -920695.28 -178230.20
V 4728 -920700.95 -178224.53
V 4736 -920708.70 -178222.45
V 4744 -920808.20 -178222.45
V 4752 -920808.20 -178182.45
V 4760 -920708.70 -178182.45
V 4768 -920700.95 -178180.37
V 4776 -920695.28 -178174.70
V 4784 -920693.20 -178166.95
V 4792 -920693.20 -178095.95
V 4800 -920695.28 -178088.20
V 4808 -920700.95 -178082.53
V 4816 -920708.70 -178080.45
V 4824 -920808.20 -178080.45
V 4832 -920808.20 -178040.45
V 4840 -920708.70 -178040.45
V 4848 -920700.95 -178038.37
V 4856 -920695.28 -178032.70
V 4864 -920693.20 -178024.95
V 4872 -920693.20 -177953.95
V 4880 -920695.28 -177946.20
V 4888 -920700.95 -177940.53
V 4896 -920708.70 -177938.45
V 4904 -920808.20 -177938.45
V 4912 -920808.20 -177898.45
V 4920 -920708.70 -177898.45
V 4928 -920700.95 -177896.37
V 4936 -920695.28 -177890.70
V 4944 -920693.20 -177882.95
V 4952 -920693.20 -177811.95
V 4960 -920695.28 -177804.20
V 4968 -920700.95 -177798.53
V 4976 -920708.70 -177796.45
V 4984 -920808.20 -177796.45
V 4992 -920808.20 -177756.45
V 5000 -920708.70 -177756.45
V 5008 -920700.95 -177754.37
V 5016 -920695.28 -177748.70
V 5024 -920693.20 -177740.95
V 5032 -920693.20 -177669.95
V 5040 -920695.28 -177662.20
V 5048 -920700.95 -177656.53
V 5056 -920708.70 -177654.45
V 5064 -920808.20 -177654.45
V 5072 -920808.20 -177614.45
V 5080 -920708.70 -177614.45
V 5088 -920700.95 -177612.37
V 5096 -920695.28 -177606.70
V 5104 -920693.20 -177598.95
V 5112 -920693.20 -177527.95
V 5120 -920695.28 -177520.20
V 5128 -920700.95 -177514.53
V 5136 -920708.70 -177512.45
V 5144 -920808.20 -177512.45
V 5152 -920808.20 -177472.45
V 5160 -920708.70 -177472.45
V 5168 -920700.95 -177470.37
V 5176 -920695.28 -177464.70
V 5184 -920693.20 -177456.95
V 5192 -920693.20 -177385.95
V 5200 -920695.28 -177378.20
V 5208 -920700.95 -177372.53
V 5216 -920708.70 -177370.45
V 5224 -920808.20 -177370.45
V 5232 -920808.20 -177330.45
V 5240 -920708.70 -177330.45
V 5248 -920700.95 -177328.37
V 5256 -920695.28 -177322.70
V 5264 -920693.20 -177314.95
V 5272 -920693.20 -177243.95
V 5280 -920695.28 -177236.20
V 5288 -920700.95 -177230.53
V 5296 -920708.70 -177228.45
V 5304 -920808.20 -177228.45
V 5312 -920808.20 -177188.45
V 5320 -920708.70 -177188.45
V 5328 -920700.95 -177186.37
V 5336 -920695.28 -177180.70
V 5344 -920693.20 -177172.95
V 5352 -920693.20 -177101.95
V 5360 -920695.28 -177094.20
V 5368 -920700.95 -177088.53
V 5376 -920708.70 -177086.45
V 5384 -920808.20 -177086.45
V 5392 -920808.20 -177046.45
V 5400 -920708.70 -177046.45
V 5408 -920700.95 -177044.37
V 5416 -920695.28 -177038.70
V 5424 -920693.20 -177030.95
V 5432 -920693.20 -176959.95
V 5440 -920695.28 -176952.20
V 5448 -920700.95 -176946.53
V 5456 -920708.70 -176944.45
V 5464 -920808.20 -176944.45
V 5472 -920808.20 -176904.45
V 5480 -920708.70 -176904.45
V 5488 -920700.95 -176902.37
V 5496 -920695.28 -176896.70
V 5504 -920693.20 -176888.95
V 5512 -920693.20 -176817.95
V 5520 -920695.28 -176810.20
V 5528 -920700.95 -176804.53
V 5536 -920708.70 -176802.45
V 5544 -920808.20 -176802.45
V 5552 -920808.20 -176762.45
V 5560 -920708.70 -176762.45
V 5568 -920700.95 -176760.37
V 5576 -920695.28 -176754.70
V 5584 -920693.20 -176746.95
V 5592 -920693.20 -176675.95
V 5600 -920695.28 -176668.20
V 5608 -920700.95 -176662.53
V 5616 -920708.70 -176660.45
V 5624 -920808.20 -176660.45
V 5632 -920808.20 -176620.45
V 5640 -920708.70 -176620.45
V 5648 -920700.95 -176618.37
V 5656 -920695.28 -176612.70
V 5664 -920693.20 -176604.95
V 5672 -920693.20 -176533.95
V 5680 -920695.28 -176526.20
V 5688 -920700.95 -176520.53
V 5696 -920708.70 -176518.45
V 5704 -920808.20 -176518.45
V 5712 -920808.20 -176478.45
V 5720 -920708.70 -176478.45
V 5728 -920700.95 -176476.37
V 5736 -920695.28 -176470.70
V 5744 -920693.20 -176462.95
V 5752 -920693.20 -176391.95
V 5760 -920695.28 -176384.20
V 5768 -920700.95 -176378.53
V 5776 -920708.70 -176376.45
V 5784 -920808.20 -176376.45
V 5792 -920808.20 -176336.45
V 5800 -920708.70 -176336.45
V 5808 -920700.95 -176334.37
V 5816 -920695.28 -176328.70
V 5824 -920693.20 -176320.95
V 5832 -920693.20 -176249.95
V 5840 -920695.28 -176242.20
V 5848 -920700.95 -176236.53
V 5856 -920708.70 -176234.45
V 5864 -920808.20 -176234.45
V 5872 -920808.20 -176194.45
V 5880 -920708.70 -176194.45
V 5888 -920700.95 -176192.37
V 5896 -920695.28 -176186.70
V 5904 -920693.20 -176178.95
V 5912 -920693.20 -176107.95
V 5920 -920695.28 -176100.20
V 5928 -920700.95 -176094.53
V 5936 -920708.70 -176092.45
V 5944 -920808.20 -176092.45
V 5952 -920808.20 -176052.45
V 5960 -920708.70 -176052.45
V 5968 -920700.95 -176050.37
V 5976 -920695.28 -176044.70
V 5984 -920693.20 -176036.95
V 5992 -920693.20 -175965.95
V 6000 -920695.28 -175958.20
V 6008 -920700.95 -175952.53
V 6016 -920708.70 -175950.45
V 6024 -920808.20 -175950.45
V 6032 -920808.20 -175910.45
V 6040 -920708.70 -175910.45
V 6048 -920700.95 -175908.37
V 6056 -920695.28 -175902.70
V 6064 -920693.20 -175894.95
V 6072 -920693.20 -175823.95
V 6080 -920695.28 -175816.20
V 6088 -920700.95 -175810.53
V 6096 -920708.70 -175808.45
V 6104 -920808.20 -175808.45
V 6112 -920808.20 -175768.45
V 6120 -920708.70 -175768.45
V 6128 -920700.95 -175766.37
V 6136 -920695.28 -175760.70
V 6144 -920693.20 -175752.95
V 6152 -920693.20 -175681.95
V 6160 -920695.28 -175674.20
V 6168 -920700.95 -175668.53
V 6176 -920708.70 -175666.45
V 6184 -920808.20 -175666.45
V 6192 -920808.20 -175626.45
V 6200 -920708.70 -175626.45
V 6208 -920700.95 -175624.37
V 6216 -920695.28 -175618.70
V 6224 -920693.20 -175610.95
V 6232 -920693.20 -175539.95
V 6240 -920695.28 -175532.20
V 6248 -920700.95 -175526.53
V 6256 -920708.70 -175524.45
V 6264 -920808.20 -175524.45
V 6272 -920808.20 -175484.45
V 6280 -920708.70 -175484.45
V 6288 -920700.95 -175482.37
V 6296 -920695.28 -175476.70
V 6304 -920693.20 -175468.95
V 6312 -920693.20 -175397.95
V 6320 -920695.28 -175390.20
V 6328 -920700.95 -175384.53
V 6336 -920708.70 -175382.45
V 6344 -920808.20 -175382.45
V 6352 -920808.20 -175342.45
V 6360 -920708.70 -175342.45
V 6368 -920700.95 -175340.37
V 6376 -920695.28 -175334.70
V 6384 -920693.20 -175326.95
V 6392 -920693.20 -175255.95
V 6400 -920695.28 -175248.20
V 6408 -920700.95 -175242.53
V 6416 -920708.70 -175240.45
V 6424 -920808.20 -175240.45
V 6432 -920808.20 -175200.45
V 6440 -920708.70 -175200.45
V 6448 -920700.95 -175198.37
V 6456 -920695.28 -175192.70
V 6464 -920693.20 -175184.95
V 6472 -920693.20 -175113.95
V 6480 -920695.28 -175106.20
V 6488 -920700.95 -175100.53
V 6496 -920708.70 -175098.45
V 6504 -920808.20 -175098.45
V 6512 -920808.20 -175058.45
V 6520 -920708.70 -175058.45
V 6528 -920700.95 -175056.37
V 6536 -920695.28 -175050.70
V 6544 -920693.20 -175042.95
V 6552 -920693.20 -174971.95
V 6560 -920695.28 -174964.20
V 6568 -920700.95 -174958.53
V 6576 -920708.70 -174956.45
V 6584 -920808.20 -174956.45
V 6592 -920808.20 -174916.45
V 6600 -920708.70 -174916.45
V 6608 -920700.95 -174914.37
V 6616 -920695.28 -174908.70
V 6624 -920693.20 -174900.95
V 6632 -920693.20 -174829.95
V 6640 -920695.28 -174822.20
V 6648 -920700.95 -174816.53
V 6656 -920708.70 -174814.45
V 6664 -920808.20 -174814.45
V 6672 -920808.20 -174774.45
V 6680 -920708.70 -174774.45
V 6688 -920700.95 -174772.37
V 6696 -920695.28 -174766.70
V 6704 -920693.20 -174758.95
V 6712 -920693.20 -174687.95
V 6720 -920695.28 -174680.20
V 6728 -920700.95 -174674.53
V 6736 -920708.70 -174672.45
V 6744 -920808.20 -174672.45
V 6752 -920808.20 -174632.45
V 6760 -920708.70 -174632.45
V 6768 -920700.95 -174630.37
V 6776 -920695.28 -174624.70
V 6784 -920693.20 -174616.95
V 6792 -920693.20 -174545.95
V 6800 -920695.28 -174538.20
V 6808 -920700.95 -174532.53
V 6816 -920708.70 -174530.45
V 6824 -920808.20 -174530.45
V 6832 -920808.20 -174490.45
V 6840 -920708.70 -174490.45
V 6848 -920700.95 -174488.37
V 6856 -920695.28 -174482.70
V 6864 -920693.20 -174474.95
V 6872 -920693.20 -174403.95
V 6880 -920695.28 -174396.20
V 6888 -920700.95 -174390.53
V 6896 -920708.70 -174388.45
V 6904 -920808.20 -174388.45
V 6912 -920808.20 -174348.45
V 6920 -920708.70 -174348.45
V 6928 -920700.95 -174346.37
V 6936 -920695.28 -174340.70
V 6944 -920693.20 -174332.95
V 6952 -920693.20 -174261.95
V 6960 -920695.28 -174254.20
V 6968 -920700.95 -174248.53
V 6976 -920708.70 -174246.45
V 6984 -920808.20 -174246.45
V 6992 -920808.20 -174206.45
V 7000 -920708.70 -174206.45
V 7008 -920700.95 -174204.37
V 7016 -920695.28 -174198.70
V 7024 -920693.20 -174190.95
V 7032 -920693.20 -174119.95
V 7040 -920695.28 -174112.20
V 7048 -920700.95 -174106.53
V 7056 -920708.70 -174104.45
V 7064 -920808.20 -174104.45
V 7072 -920808.20 -174064.45
V 7080 -920708.70 -174064.45
V 7088 -920700.95 -174062.37
V 7096 -920695.28 -174056.70
V 7104 -920693.20 -174048.95
V 7112 -920693.20 -173977.95
V 7120 -920695.28 -173970.20
V 7128 -920700.95 -173964.53
V 7136 -920708.70 -173962.45
V 7144 -920808.20 -173962.45
V 7152 -920808.20 -173922.45
V 7160 -920708.70 -173922.45
V 7168 -920700.95 -173920.37
V 7176 -920695.28 -173914.70
V 7184 -920693.20 -173906.95
V 7192 -920693.20 -173835.95
