V 0 1085836.72 -12080.88
V 8 1085831.59 -12024.43
V 16 1085831.59 -12024.37
V 24 1085831.58 -12024.26
V 32 1085825.52 -11978.90
V 40 1085825.51 -11978.87
V 48 1085823.40 -11960.71
V 56 1085823.15 -11960.03
V 64 1085822.61 -11959.55
V 72 1085821.91 -11959.38
V 80 1085735.66 -11959.38
V 88 1085735.66 -11962.38
V 96 1085820.57 -11962.38
V 104 1085822.53 -11979.19
V 112 1085822.54 -11979.30
V 120 1085828.60 -12024.66
V 128 1085833.86 -12082.52
V 136 1085834.10 -12083.21
V 144 1085834.64 -12083.70
V 152 1085835.35 -12083.88
V 160 1085839.86 -12083.88
V 168 1085839.86 -12080.88
