V 0 1088885.01 88262.59
V 8 1088885.01 88314.35
V 16 1088884.81 88315.10
V 24 1088884.26 88315.65
V 32 1088883.51 88315.85
V 40 1088745.69 88315.85
V 48 1088740.68 88317.98
V 56 1088739.50 88315.22
V 64 1088744.74 88312.99
V 72 1088744.79 88312.97
V 80 1088744.83 88312.96
V 88 1088744.92 88312.92
V 96 1088745.19 88312.86
V 104 1088745.29 88312.85
V 112 1088882.01 88312.85
V 120 1088882.01 88261.09
V 128 1088882.21 88260.34
V 136 1088882.76 88259.79
V 144 1088883.51 88259.59
V 152 1088925.36 88259.59
V 160 1088925.36 88262.59
