V 0 -7569.25 17089.77
V 1 -7569.28 17090.09
V 2 -7569.33 17090.40
V 3 -7569.40 17090.70
V 4 -7569.48 17091.01
V 5 -7569.59 17091.30
V 6 -7569.72 17091.59
V 7 -7569.86 17091.87
V 8 -7570.02 17092.14
V 9 -7570.19 17092.40
V 10 -7570.39 17092.65
V 11 -7570.60 17092.88
V 12 -7570.82 17093.10
V 13 -7571.05 17093.31
V 14 -7571.30 17093.51
V 15 -7571.56 17093.68
V 16 -7571.69 17093.76
V 17 -7571.65 17094.29
V 18 -7573.77 17094.44
V 19 -7912.59 17128.07
V 20 -8240.63 17228.80
V 21 -8545.47 17385.54
V 22 -8818.04 17609.32
V 23 -9035.78 17875.29
V 24 -9199.74 18188.36
V 25 -9301.86 18519.37
V 26 -9331.20 18864.43
V 27 -9297.04 19194.89
V 28 -9194.93 19534.84
V 29 -9036.72 19825.40
V 30 -8815.11 20097.83
V 31 -8553.57 20310.77
V 32 -8246.39 20477.58
V 33 -7915.64 20577.56
V 34 -7571.50 20611.03
V 35 -7572.46 20620.99
V 36 -7917.10 20587.47
V 37 -7917.16 20587.46
V 38 -7917.25 20587.45
V 39 -7917.56 20587.40
V 40 -7917.86 20587.33
V 41 -7918.00 20587.29
V 42 -7918.07 20587.28
V 43 -8249.85 20486.99
V 44 -8250.14 20486.88
V 45 -8250.43 20486.75
V 46 -8250.71 20486.61
V 47 -8558.80 20319.31
V 48 -8559.07 20319.15
V 49 -8559.33 20318.98
V 50 -8559.55 20318.81
V 51 -8821.83 20105.27
V 52 -8821.86 20105.24
V 53 -8822.09 20105.03
V 54 -8822.31 20104.81
V 55 -8822.52 20104.58
V 56 -8822.55 20104.55
V 57 -9044.75 19831.38
V 58 -9044.92 19831.16
V 59 -9045.09 19830.90
V 60 -9045.25 19830.63
V 61 -9203.95 19539.19
V 62 -9204.10 19538.89
V 63 -9204.23 19538.60
V 64 -9204.34 19538.31
V 65 -9306.71 19197.49
V 66 -9306.75 19197.34
V 67 -9306.75 19197.32
V 68 -9306.80 19197.14
V 69 -9306.87 19196.84
V 70 -9306.92 19196.53
V 71 -9306.94 19196.28
V 72 -9341.17 18865.14
V 73 -9341.18 18865.10
V 74 -9341.21 18864.78
V 75 -9341.22 18864.47
V 76 -9341.21 18864.16
V 77 -9311.78 18518.09
V 78 -9311.77 18518.02
V 79 -9311.77 18517.98
V 80 -9311.75 18517.77
V 81 -9311.70 18517.46
V 82 -9311.63 18517.16
V 83 -9311.55 18516.85
V 84 -9311.52 18516.78
V 85 -9209.16 18184.99
V 86 -9209.14 18184.90
V 87 -9209.03 18184.61
V 88 -9208.90 18184.32
V 89 -9208.83 18184.19
V 90 -9208.81 18184.13
V 91 -9044.40 17870.19
V 92 -9044.38 17870.16
V 93 -9044.35 17870.10
V 94 -9044.19 17869.83
V 95 -9044.02 17869.57
V 96 -9043.86 17869.37
V 97 -9043.84 17869.34
V 98 -8825.49 17602.63
V 99 -8825.47 17602.61
V 100 -8825.26 17602.38
V 101 -8825.04 17602.16
V 102 -8824.81 17601.95
V 103 -8824.56 17601.75
V 104 -8551.45 17377.52
V 105 -8551.38 17377.46
V 106 -8551.13 17377.26
V 107 -8550.87 17377.09
V 108 -8550.60 17376.93
V 109 -8550.54 17376.90
V 110 -8550.48 17376.86
V 111 -8244.83 17219.71
V 112 -8244.73 17219.67
V 113 -8244.67 17219.64
V 114 -8244.38 17219.51
V 115 -8244.09 17219.40
V 116 -8244.00 17219.38
V 117 -7915.18 17118.40
V 118 -7915.12 17118.38
V 119 -7914.81 17118.30
V 120 -7914.51 17118.23
V 121 -7914.20 17118.18
V 122 -7914.12 17118.17
V 123 -7914.06 17118.16
V 124 -7574.73 17084.48
V 125 -7572.37 17084.31
V 126 -7572.33 17084.84
V 127 -7572.11 17084.94
V 128 -7571.83 17085.08
V 129 -7571.56 17085.24
V 130 -7571.30 17085.41
V 131 -7571.05 17085.61
V 132 -7570.82 17085.82
V 133 -7570.60 17086.04
V 134 -7570.39 17086.27
V 135 -7570.19 17086.52
V 136 -7570.02 17086.78
V 137 -7569.86 17087.05
V 138 -7569.72 17087.33
V 139 -7569.59 17087.62
V 140 -7569.48 17087.91
V 141 -7569.40 17088.22
V 142 -7569.33 17088.52
V 143 -7569.28 17088.83
V 144 -7569.25 17089.15
V 145 -7569.24 17089.46

