V 0 1095522.97 -80940.86
V 8 1095475.29 -80901.80
V 16 1095475.24 -80901.75
V 24 1095475.16 -80901.70
V 32 1095475.08 -80901.64
V 40 1095445.92 -80880.45
V 48 1095445.89 -80880.42
V 56 1095433.38 -80869.46
V 64 1095432.92 -80869.18
V 72 1095432.39 -80869.09
V 80 1095251.27 -80869.09
V 88 1095250.70 -80869.20
V 96 1095250.21 -80869.53
V 104 1095246.14 -80873.60
V 112 1095248.26 -80875.72
V 120 1095251.89 -80872.09
V 128 1095431.82 -80872.09
V 136 1095443.94 -80882.71
V 144 1095443.97 -80882.74
V 152 1095444.05 -80882.79
V 160 1095444.13 -80882.85
V 168 1095473.29 -80904.04
V 176 1095473.32 -80904.07
V 184 1095473.36 -80904.10
V 192 1095521.49 -80943.52
V 200 1095521.94 -80943.77
V 208 1095522.44 -80943.86
V 216 1095640.86 -80943.86
V 224 1095640.86 -80940.86
