V 0 11085.48 8585.82
V 1 11084.33 8586.51
V 2 11082.99 8586.59
V 3 11081.77 8586.04
V 4 6339.06 4854.74
V 5 6339.02 4854.72
V 6 6338.89 4854.61
V 7 6338.87 4854.60
V 8 6087.18 4661.50
V 9 6087.11 4661.46
V 10 6087.02 4661.39
V 11 5808.29 4457.76
V 12 5808.23 4457.71
V 13 5808.19 4457.69
V 14 5624.68 4336.88
V 15 5624.54 4336.79
V 16 5466.35 4237.91
V 17 5466.32 4237.90
V 18 5275.42 4124.71
V 19 5088.56 4019.66
V 20 4898.64 3918.73
V 21 4713.94 3826.09
V 22 4494.84 3722.63
V 23 4278.63 3626.75
V 24 4103.69 3554.08
V 25 3911.77 3479.65
V 26 3702.35 3404.15
V 27 3702.31 3404.14
V 28 3502.19 3337.34
V 29 3293.06 3273.14
V 30 3083.85 3214.48
V 31 2870.74 3160.34
V 32 2651.04 3110.31
V 33 2650.96 3110.29
V 34 2441.43 3067.98
V 35 2212.17 3027.71
V 36 1976.52 2992.60
V 37 1976.49 2992.60
V 38 1745.24 2964.17
V 39 1512.44 2941.82
V 40 1512.35 2941.81
V 41 1279.26 2925.65
V 42 1021.00 2914.91
V 43 772.90 2911.47
V 44 520.49 2915.12
V 45 253.57 2926.75
V 46 -20.80 2946.94
V 47 -20.82 2946.94
V 48 -20.94 2946.95
V 49 -296.71 2975.78
V 50 -296.80 2975.80
V 51 -296.88 2975.80
V 52 -589.04 3015.76
V 53 -589.07 3015.77
V 54 -885.63 3066.40
V 55 -1193.15 3129.85
V 56 -1520.07 3209.62
V 57 -1860.71 3306.66
V 58 -2222.53 3425.90
V 59 -2613.52 3574.07
V 60 -3039.46 3759.63
V 61 -3524.88 4003.71
V 62 -4126.33 4357.78
V 63 -4720.72 4790.47
V 64 -5142.89 5212.64
V 65 -5146.85 5208.68
V 66 -4724.47 4786.30
V 67 -4724.20 4786.07
V 68 -4724.12 4786.02
V 69 -4129.61 4353.24
V 70 -4129.53 4353.17
V 71 -4129.34 4353.06
V 72 -4129.30 4353.03
V 73 -3527.56 3998.79
V 74 -3527.53 3998.77
V 75 -3041.71 3754.49
V 76 -2615.75 3568.92
V 77 -2224.43 3420.63
V 78 -2224.32 3420.59
V 79 -1862.47 3301.34
V 80 -1862.36 3301.31
V 81 -1862.30 3301.29
V 82 -1521.53 3204.22
V 83 -1521.50 3204.21
V 84 -1521.46 3204.20
V 85 -1521.44 3204.20
V 86 -1521.42 3204.19
V 87 -1194.43 3124.40
V 88 -1194.34 3124.38
V 89 -886.59 3060.88
V 90 -590.01 3010.25
V 91 -589.99 3010.25
V 92 -589.89 3010.23
V 93 -589.81 3010.23
V 94 -297.65 2970.27
V 95 -297.50 2970.24
V 96 -297.36 2970.23
V 97 -21.59 2941.40
V 98 -21.50 2941.38
V 99 -21.39 2941.37
V 100 -21.36 2941.37
V 101 253.10 2921.17
V 102 253.12 2921.17
V 103 253.24 2921.16
V 104 253.33 2921.15
V 105 520.25 2909.52
V 106 520.33 2909.52
V 107 772.86 2905.87
V 108 772.94 2905.87
V 109 1021.16 2909.31
V 110 1021.24 2909.31
V 111 1279.50 2920.05
V 112 1279.57 2920.06
V 113 1279.63 2920.06
V 114 1279.74 2920.07
V 115 1512.90 2936.24
V 116 1512.98 2936.24
V 117 1745.78 2958.59
V 118 1745.84 2958.60
V 119 1745.88 2958.60
V 120 1977.19 2987.04
V 121 1977.21 2987.04
V 122 1977.25 2987.05
V 123 1977.27 2987.05
V 124 2213.00 3022.17
V 125 2213.04 3022.18
V 126 2213.06 3022.18
V 127 2213.13 3022.19
V 128 2442.28 3062.44
V 129 2442.50 3062.49
V 130 2652.18 3104.83
V 131 2652.25 3104.85
V 132 2652.28 3104.85
V 133 2872.06 3154.90
V 134 2872.12 3154.92
V 135 3085.32 3209.07
V 136 3085.37 3209.08
V 137 3294.58 3267.74
V 138 3294.64 3267.76
V 139 3503.90 3332.00
V 140 3503.97 3332.02
V 141 3704.09 3398.82
V 142 3704.15 3398.85
V 143 3913.63 3474.37
V 144 3913.65 3474.38
V 145 3913.73 3474.41
V 146 3913.79 3474.43
V 147 4105.77 3548.88
V 148 4105.83 3548.90
V 149 4280.88 3621.62
V 150 4497.12 3717.51
V 151 4497.18 3717.54
V 152 4716.34 3821.03
V 153 4901.16 3913.73
V 154 4901.21 3913.76
V 155 4901.27 3913.79
V 156 5091.24 4014.75
V 157 5091.30 4014.78
V 158 5278.22 4119.86
V 159 5278.28 4119.89
V 160 5469.18 4233.08
V 161 5469.22 4233.11
V 162 5469.40 4233.22
V 163 5469.43 4233.24
V 164 5627.62 4332.12
V 165 5627.72 4332.18
V 166 5627.76 4332.20
V 167 5627.83 4332.25
V 168 5627.87 4332.27
V 169 5811.41 4453.10
V 170 5811.49 4453.15
V 171 5811.58 4453.22
V 172 6090.33 4656.87
V 173 6090.41 4656.92
V 174 6090.54 4657.03
V 175 6090.56 4657.04
V 176 6342.25 4850.14
V 177 6342.32 4850.18
V 178 6342.44 4850.28
V 179 11083.28 8580.10
V 180 11321.12 8342.30
V 181 11325.08 8346.26

