V 0 -2577.38 -47313.99
V 8 -2581.11 -47308.92
V 16 -2586.60 -47305.83
V 24 -2778.67 -47245.99
V 32 -2778.79 -47245.95
V 40 -2778.87 -47245.93
V 48 -3055.81 -47159.64
V 56 -3055.93 -47159.60
V 64 -3056.01 -47159.58
V 72 -3610.11 -46986.94
V 80 -3610.23 -46986.90
V 88 -3610.31 -46986.88
V 96 -3887.27 -46900.59
V 104 -3887.39 -46900.55
V 112 -3887.47 -46900.53
V 120 -4164.41 -46814.24
V 128 -4164.53 -46814.20
V 136 -4164.61 -46814.18
V 144 -4441.56 -46727.90
V 152 -4441.68 -46727.86
V 160 -4441.76 -46727.84
V 168 -4718.71 -46641.54
V 176 -4718.83 -46641.50
V 184 -4718.91 -46641.48
V 192 -4995.86 -46555.20
V 200 -4995.98 -46555.16
V 208 -4996.06 -46555.14
V 216 -5273.01 -46468.85
V 224 -5273.13 -46468.81
V 232 -5273.21 -46468.79
V 240 -5550.17 -46382.50
V 248 -5550.29 -46382.46
V 256 -5550.37 -46382.44
V 264 -5827.31 -46296.15
V 272 -5827.43 -46296.11
V 280 -5827.51 -46296.09
V 288 -6104.46 -46209.81
V 296 -6104.58 -46209.77
V 304 -6104.66 -46209.75
V 312 -6381.61 -46123.45
V 320 -6381.73 -46123.41
V 328 -6381.81 -46123.39
V 336 -6658.76 -46037.11
V 344 -6658.88 -46037.07
V 352 -6658.96 -46037.05
V 360 -6935.91 -45950.75
V 368 -6936.03 -45950.71
V 376 -6936.11 -45950.69
V 384 -7213.06 -45864.41
V 392 -7213.18 -45864.37
V 400 -7213.26 -45864.35
V 408 -7490.22 -45778.05
V 416 -7490.34 -45778.01
V 424 -7490.42 -45777.99
V 432 -7767.36 -45691.72
V 440 -7767.48 -45691.68
V 448 -7767.56 -45691.66
V 456 -8044.51 -45605.36
V 464 -8044.63 -45605.32
V 472 -8044.71 -45605.30
V 480 -8321.66 -45519.02
V 488 -8321.78 -45518.98
V 496 -8321.86 -45518.96
V 504 -8598.81 -45432.66
V 512 -8598.93 -45432.62
V 520 -8599.01 -45432.60
V 528 -8877.43 -45345.86
V 536 -8877.55 -45345.82
V 544 -8877.57 -45345.81
V 552 -9245.62 -45229.83
V 560 -9581.61 -45038.96
V 568 -9581.64 -45038.94
V 576 -9581.73 -45038.89
V 584 -9582.12 -45038.67
V 592 -9839.38 -44902.46
V 600 -10107.24 -44759.28
V 608 -10107.28 -44759.26
V 616 -10373.67 -44617.04
V 624 -10640.58 -44474.52
V 632 -10640.62 -44474.50
V 640 -10907.15 -44332.19
V 648 -11174.07 -44189.66
V 656 -11440.79 -44047.24
V 664 -11707.52 -43904.82
V 672 -11707.56 -43904.80
V 680 -11974.09 -43762.50
V 688 -12240.99 -43619.98
V 696 -12774.47 -43335.12
V 704 -12774.51 -43335.10
V 712 -13041.03 -43192.80
V 720 -13307.93 -43050.28
V 728 -13535.00 -42929.03
V 736 -13535.00 -41595.00
V 744 -13565.00 -41595.00
V 752 -13565.00 -42938.03
V 760 -13562.87 -42945.74
V 768 -13557.07 -42951.26
V 776 -13322.07 -43076.74
V 784 -13055.34 -43219.17
V 792 -13055.13 -43219.28
V 800 -12788.61 -43361.58
V 808 -12255.13 -43646.44
V 816 -11988.40 -43788.87
V 824 -11988.19 -43788.98
V 832 -11721.66 -43931.28
V 840 -11454.93 -44073.70
V 848 -11188.21 -44216.12
V 856 -10921.46 -44358.56
V 864 -10921.25 -44358.67
V 872 -10654.72 -44500.98
V 880 -10387.98 -44643.41
V 888 -10387.77 -44643.52
V 896 -10121.38 -44785.74
V 904 -9853.47 -44928.95
V 912 -9853.42 -44928.98
V 920 -9596.20 -45065.17
V 928 -9259.15 -45256.64
V 936 -9259.12 -45256.66
V 944 -9259.03 -45256.71
V 952 -9258.65 -45256.92
V 960 -9258.16 -45257.17
V 968 -9257.67 -45257.40
V 976 -9256.67 -45257.80
V 984 -9256.13 -45257.98
V 992 -8886.59 -45374.43
V 1000 -8886.54 -45374.44
V 1008 -8608.11 -45461.18
V 1016 -8607.99 -45461.22
V 1024 -8607.91 -45461.24
V 1032 -8330.96 -45547.54
V 1040 -8330.84 -45547.58
V 1048 -8330.76 -45547.60
V 1056 -8053.81 -45633.88
V 1064 -8053.69 -45633.92
V 1072 -8053.61 -45633.94
V 1080 -7776.66 -45720.24
V 1088 -7776.54 -45720.28
V 1096 -7776.46 -45720.30
V 1104 -7499.52 -45806.57
V 1112 -7499.40 -45806.61
V 1120 -7499.32 -45806.63
V 1128 -7222.36 -45892.93
V 1136 -7222.24 -45892.97
V 1144 -7222.16 -45892.99
V 1152 -6945.21 -45979.27
V 1160 -6945.09 -45979.31
V 1168 -6945.01 -45979.33
V 1176 -6668.06 -46065.63
V 1184 -6667.94 -46065.67
V 1192 -6667.86 -46065.69
V 1200 -6390.91 -46151.97
V 1208 -6390.79 -46152.01
V 1216 -6390.71 -46152.03
V 1224 -6113.76 -46238.33
V 1232 -6113.64 -46238.37
V 1240 -6113.56 -46238.39
V 1248 -5836.61 -46324.67
V 1256 -5836.49 -46324.71
V 1264 -5836.41 -46324.73
V 1272 -5559.47 -46411.02
V 1280 -5559.35 -46411.06
V 1288 -5559.27 -46411.08
V 1296 -5282.31 -46497.37
V 1304 -5282.19 -46497.41
V 1312 -5282.11 -46497.43
V 1320 -5005.16 -46583.72
V 1328 -5005.04 -46583.76
V 1336 -5004.96 -46583.78
V 1344 -4728.01 -46670.06
V 1352 -4727.89 -46670.10
V 1360 -4727.81 -46670.12
V 1368 -4450.86 -46756.42
V 1376 -4450.74 -46756.46
V 1384 -4450.66 -46756.48
V 1392 -4173.71 -46842.76
V 1400 -4173.59 -46842.80
V 1408 -4173.51 -46842.82
V 1416 -3896.57 -46929.11
V 1424 -3896.45 -46929.15
V 1432 -3896.37 -46929.17
V 1440 -3619.41 -47015.46
V 1448 -3619.29 -47015.50
V 1456 -3619.21 -47015.52
V 1464 -3065.11 -47188.16
V 1472 -3064.99 -47188.20
V 1480 -3064.91 -47188.22
V 1488 -2787.97 -47274.51
V 1496 -2787.85 -47274.55
V 1504 -2787.77 -47274.57
V 1512 -2606.06 -47331.19
V 1520 -2606.06 -55615.95
V 1528 -2576.06 -55615.95
V 1536 -2576.06 -47320.15
