V 0 1085836.50 43432.09
V 8 1085831.33 43450.93
V 16 1085828.08 43486.76
V 24 1085827.84 43487.45
V 32 1085827.30 43487.94
V 40 1085826.59 43488.12
V 48 1085735.66 43488.12
V 56 1085735.66 43485.12
V 64 1085825.22 43485.12
V 72 1085828.36 43450.59
V 80 1085828.36 43450.53
V 88 1085828.37 43450.43
V 96 1085828.40 43450.32
V 104 1085828.41 43450.22
V 112 1085833.90 43430.19
V 120 1085834.20 43429.62
V 128 1085834.72 43429.23
V 136 1085835.35 43429.09
V 144 1085839.86 43429.09
V 152 1085839.86 43432.09
