V 0 1085836.50 27097.09
V 8 1085831.33 27115.93
V 16 1085828.08 27151.76
V 24 1085827.84 27152.45
V 32 1085827.30 27152.94
V 40 1085826.59 27153.12
V 48 1085735.66 27153.12
V 56 1085735.66 27150.12
V 64 1085825.22 27150.12
V 72 1085828.36 27115.59
V 80 1085828.36 27115.53
V 88 1085828.37 27115.43
V 96 1085828.40 27115.32
V 104 1085828.41 27115.22
V 112 1085833.90 27095.19
V 120 1085834.20 27094.62
V 128 1085834.72 27094.23
V 136 1085835.35 27094.09
V 144 1085839.86 27094.09
V 152 1085839.86 27097.09
