V 0 1086241.01 78914.55
V 8 1086241.01 78953.14
V 16 1086241.00 78953.32
V 24 1086240.97 78953.50
V 32 1086240.91 78953.67
V 40 1086240.84 78953.84
V 48 1086240.74 78953.99
V 56 1086240.63 78954.13
V 64 1086240.50 78954.26
V 72 1086240.36 78954.37
V 80 1086240.21 78954.47
V 88 1086240.04 78954.54
V 96 1086239.87 78954.60
V 104 1086239.69 78954.63
V 112 1086239.52 78954.64
V 120 1086239.52 78992.58
V 128 1086239.51 78992.76
V 136 1086239.48 78992.94
V 144 1086239.42 78993.11
V 152 1086239.35 78993.28
V 160 1086239.25 78993.43
V 168 1086239.14 78993.57
V 176 1086239.01 78993.70
V 184 1086238.87 78993.81
V 192 1086238.72 78993.91
V 200 1086238.55 78993.98
V 208 1086238.38 78994.04
V 216 1086238.20 78994.07
V 224 1086238.02 78994.08
V 232 1086237.97 78994.08
V 240 1086237.97 79000.64
V 248 1086237.77 79001.39
V 256 1086237.22 79001.94
V 264 1086236.47 79002.14
V 272 1086139.59 79002.14
V 280 1086133.97 79002.68
V 288 1086133.69 78999.70
V 296 1086139.32 78999.16
V 304 1086139.36 78999.15
V 312 1086139.46 78999.14
V 320 1086234.97 78999.14
V 328 1086234.97 78992.58
V 336 1086234.98 78992.40
V 344 1086235.01 78992.22
V 352 1086235.07 78992.05
V 360 1086235.14 78991.88
V 368 1086235.24 78991.73
V 376 1086235.35 78991.59
V 384 1086235.48 78991.46
V 392 1086235.62 78991.35
V 400 1086235.77 78991.25
V 408 1086235.94 78991.18
V 416 1086236.11 78991.12
V 424 1086236.29 78991.09
V 432 1086236.47 78991.08
V 440 1086236.52 78991.08
V 448 1086236.52 78953.14
V 456 1086236.53 78952.96
V 464 1086236.56 78952.78
V 472 1086236.62 78952.61
V 480 1086236.69 78952.44
V 488 1086236.79 78952.29
V 496 1086236.90 78952.15
V 504 1086237.03 78952.02
V 512 1086237.17 78951.91
V 520 1086237.32 78951.81
V 528 1086237.49 78951.74
V 536 1086237.66 78951.68
V 544 1086237.84 78951.65
V 552 1086238.01 78951.64
V 560 1086238.01 78913.05
V 568 1086238.21 78912.30
V 576 1086238.76 78911.75
V 584 1086239.51 78911.55
V 592 1086263.36 78911.55
V 600 1086263.36 78914.55
