V 0 1096494.10 -81894.45
V 8 1096438.77 -81854.64
V 16 1096382.48 -81814.15
V 24 1096357.86 -81798.04
V 32 1096357.76 -81797.99
V 40 1096357.68 -81797.94
V 48 1096357.59 -81797.91
V 56 1096357.50 -81797.87
V 64 1096357.23 -81797.81
V 72 1096357.13 -81797.80
V 80 1096179.98 -81797.80
V 88 1096179.41 -81797.91
V 96 1096178.92 -81798.24
V 104 1096174.85 -81802.31
V 112 1096176.97 -81804.43
V 120 1096180.60 -81800.80
V 128 1096356.59 -81800.80
V 136 1096380.73 -81816.60
V 144 1096437.01 -81857.08
V 152 1096492.73 -81897.17
V 160 1096493.15 -81897.38
V 168 1096493.61 -81897.45
V 176 1096608.86 -81897.45
V 184 1096608.86 -81894.45
