V 0 -406093.18 -121280.70
V 8 -406098.85 -121275.03
V 16 -406106.60 -121272.95
V 24 -406232.60 -121272.95
V 32 -406232.60 -121263.95
V 40 -406263.60 -121263.95
V 48 -406263.60 -121288.45
V 56 -406263.56 -121289.56
V 64 -406263.44 -121290.66
V 72 -406263.25 -121291.74
V 80 -406262.97 -121292.82
V 88 -406262.62 -121293.87
V 96 -406262.20 -121294.89
V 104 -406261.70 -121295.88
V 112 -406261.14 -121296.83
V 120 -406260.51 -121297.74
V 128 -406259.81 -121298.60
V 136 -406259.06 -121299.41
V 144 -406258.25 -121300.16
V 152 -406257.39 -121300.86
V 160 -406256.48 -121301.49
V 168 -406255.53 -121302.05
V 176 -406254.54 -121302.55
V 184 -406253.52 -121302.97
V 192 -406252.47 -121303.32
V 200 -406251.39 -121303.60
V 208 -406250.31 -121303.79
V 216 -406249.21 -121303.91
V 224 -406248.10 -121303.95
V 232 -406122.10 -121303.95
V 240 -406122.10 -121343.95
V 248 -406248.10 -121343.95
V 256 -406255.85 -121346.03
V 264 -406261.52 -121351.70
V 272 -406263.60 -121359.45
V 280 -406263.60 -122220.96
V 288 -406377.89 -122632.47
V 296 -406662.59 -123482.63
V 304 -406662.60 -123482.66
V 312 -406662.76 -123483.18
V 320 -406662.77 -123483.23
V 328 -406662.78 -123483.25
V 336 -406779.53 -123887.94
V 344 -407064.27 -124715.38
V 352 -407064.29 -124715.46
V 360 -407064.32 -124715.53
V 368 -407064.48 -124716.05
V 376 -407064.49 -124716.10
V 384 -407064.50 -124716.12
V 392 -407181.21 -125120.66
V 400 -407466.35 -125949.50
V 408 -407466.38 -125949.60
V 416 -407466.40 -125949.65
V 424 -407466.44 -125949.78
V 432 -407466.53 -125950.06
V 440 -407584.52 -126340.75
V 448 -407870.38 -127084.60
V 456 -407870.57 -127085.14
V 464 -407870.59 -127085.21
V 472 -407870.62 -127085.29
V 480 -407987.97 -127450.57
V 488 -408275.12 -128186.16
V 496 -408275.28 -128186.60
V 504 -408394.70 -128522.14
V 512 -408680.26 -129191.30
V 520 -408680.52 -129191.96
V 528 -408680.58 -129192.14
V 536 -408680.60 -129192.18
V 544 -408798.14 -129522.43
V 552 -409083.70 -130191.60
V 560 -409083.96 -130192.26
V 568 -409084.02 -130192.44
V 576 -409084.04 -130192.48
V 584 -409201.58 -130522.73
V 592 -409487.13 -131191.88
V 600 -409487.39 -131192.54
V 608 -409487.45 -131192.72
V 616 -409487.47 -131192.76
V 624 -409605.01 -131523.03
V 632 -409890.57 -132192.18
V 640 -409890.83 -132192.84
V 648 -409890.89 -132193.02
V 656 -409890.91 -132193.06
V 664 -410008.45 -132523.31
V 672 -410293.99 -133192.44
V 680 -410294.25 -133193.10
V 688 -410294.31 -133193.28
V 696 -410294.33 -133193.32
V 704 -410412.61 -133525.75
V 712 -410700.02 -134189.37
V 720 -410700.03 -134189.40
V 728 -410700.25 -134189.91
V 736 -410700.45 -134190.42
V 744 -410700.47 -134190.47
V 752 -410819.47 -134512.63
V 760 -411105.10 -135156.79
V 768 -411105.14 -135156.90
V 776 -411105.20 -135157.02
V 784 -411105.33 -135157.33
V 792 -411105.53 -135157.84
V 800 -411105.55 -135157.89
V 808 -411223.29 -135476.65
V 816 -411508.89 -136120.75
V 824 -411508.93 -136120.86
V 832 -411508.99 -136120.98
V 840 -411509.12 -136121.29
V 848 -411509.32 -136121.80
V 856 -411509.34 -136121.85
V 864 -411627.99 -136443.17
V 872 -411926.26 -137106.41
V 880 -412057.96 -137409.61
V 888 -412344.58 -137955.90
V 896 -412344.71 -137956.16
V 904 -412344.95 -137956.66
V 912 -412344.99 -137956.76
V 920 -412345.07 -137956.92
V 928 -412463.74 -138230.10
V 936 -412750.37 -138776.42
V 944 -412750.50 -138776.68
V 952 -412750.74 -138777.18
V 960 -412750.78 -138777.28
V 968 -412750.86 -138777.44
V 976 -412869.17 -139049.75
V 984 -413183.82 -139651.62
V 992 -413348.43 -139951.86
V 1000 -413647.42 -140370.02
V 1008 -413647.50 -140370.15
V 1016 -413647.54 -140370.20
V 1024 -413647.85 -140370.66
V 1032 -413648.15 -140371.14
V 1040 -413648.21 -140371.24
V 1048 -413769.21 -140579.14
V 1056 -414058.15 -140983.24
V 1064 -414058.23 -140983.37
V 1072 -414058.27 -140983.42
V 1080 -414058.58 -140983.88
V 1088 -414058.88 -140984.36
V 1096 -414058.94 -140984.46
V 1104 -414179.94 -141192.37
V 1112 -414468.88 -141596.49
V 1120 -414468.96 -141596.62
V 1128 -414469.00 -141596.67
V 1136 -414469.31 -141597.13
V 1144 -414469.61 -141597.61
V 1152 -414469.67 -141597.71
V 1160 -414590.67 -141805.61
V 1168 -414879.62 -142209.73
V 1176 -414879.70 -142209.86
V 1184 -414879.74 -142209.91
V 1192 -414880.05 -142210.37
V 1200 -414880.35 -142210.85
V 1208 -414880.41 -142210.95
V 1216 -415000.97 -142418.07
V 1224 -415311.49 -142853.38
V 1232 -415311.58 -142853.51
V 1240 -415311.66 -142853.63
V 1248 -415311.92 -142854.01
V 1256 -415467.94 -143097.26
V 1264 -415768.56 -143459.69
V 1272 -415768.90 -143460.13
V 1280 -415769.22 -143460.58
V 1288 -415769.53 -143461.04
V 1296 -415891.77 -143644.23
V 1304 -416182.23 -143994.41
V 1312 -416182.57 -143994.85
V 1320 -416182.89 -143995.30
V 1328 -416183.20 -143995.76
V 1336 -416306.64 -144180.80
V 1344 -416609.22 -144543.94
V 1352 -416609.24 -144543.97
V 1360 -416609.38 -144544.13
V 1368 -416609.72 -144544.57
V 1376 -416609.94 -144544.88
V 1384 -416610.04 -144545.01
V 1392 -416744.35 -144738.13
V 1400 -417035.10 -145073.03
V 1408 -417035.13 -145073.07
V 1416 -417035.49 -145073.49
V 1424 -417035.83 -145073.93
V 1432 -417036.08 -145074.28
V 1440 -417036.15 -145074.37
V 1448 -417159.25 -145251.38
V 1456 -417508.52 -145653.48
V 1464 -417508.56 -145653.52
V 1472 -417508.59 -145653.56
V 1480 -417508.79 -145653.78
V 1488 -417670.64 -145849.21
V 1496 -417937.50 -146124.46
V 1504 -417937.52 -146124.49
V 1512 -418177.87 -146373.56
V 1520 -418407.20 -146592.28
V 1528 -418407.30 -146592.39
V 1536 -418407.46 -146592.54
V 1544 -418407.84 -146592.94
V 1552 -418408.21 -146593.35
V 1560 -418408.43 -146593.61
V 1568 -418408.47 -146593.65
V 1576 -418408.54 -146593.73
V 1584 -418408.57 -146593.77
V 1592 -418408.59 -146593.80
V 1600 -418533.49 -146745.60
V 1608 -418826.46 -147025.01
V 1616 -418826.56 -147025.12
V 1624 -418826.72 -147025.27
V 1632 -418827.10 -147025.67
V 1640 -418827.47 -147026.08
V 1648 -418827.69 -147026.34
V 1656 -418827.73 -147026.38
V 1664 -418827.80 -147026.46
V 1672 -418827.83 -147026.50
V 1680 -418827.85 -147026.53
V 1688 -418952.76 -147178.35
V 1696 -419245.77 -147457.79
V 1704 -419245.87 -147457.90
V 1712 -419246.03 -147458.05
V 1720 -419246.41 -147458.45
V 1728 -419246.78 -147458.86
V 1736 -419247.00 -147459.12
V 1744 -419247.04 -147459.16
V 1752 -419247.11 -147459.24
V 1760 -419247.14 -147459.28
V 1768 -419247.16 -147459.31
V 1776 -419371.94 -147610.96
V 1784 -419667.91 -147893.31
V 1792 -419668.17 -147893.57
V 1800 -419668.55 -147893.97
V 1808 -419668.92 -147894.38
V 1816 -419669.06 -147894.55
V 1824 -419669.15 -147894.64
V 1832 -419762.18 -148006.97
V 1840 -420047.08 -148301.10
V 1848 -420047.23 -148301.25
V 1856 -420324.57 -148583.73
V 1864 -420560.26 -148794.04
V 1872 -420560.38 -148794.16
V 1880 -420560.50 -148794.27
V 1888 -420560.90 -148794.65
V 1896 -420561.28 -148795.05
V 1904 -420561.55 -148795.35
V 1912 -420561.62 -148795.42
V 1920 -420687.47 -148939.78
V 1928 -420980.83 -149201.54
V 1936 -420980.95 -149201.66
V 1944 -420981.07 -149201.77
V 1952 -420981.47 -149202.15
V 1960 -420981.85 -149202.55
V 1968 -420982.12 -149202.84
V 1976 -420982.20 -149202.93
V 1984 -421111.80 -149351.71
V 1992 -421442.81 -149644.64
V 2000 -421442.93 -149644.76
V 2008 -421443.10 -149644.91
V 2016 -421443.50 -149645.29
V 2024 -421443.75 -149645.56
V 2032 -421443.87 -149645.67
V 2040 -421559.65 -149769.57
V 2048 -421857.57 -150039.15
V 2056 -421857.60 -150039.18
V 2064 -422115.56 -150274.02
V 2072 -422313.58 -150438.54
V 2080 -422313.61 -150438.56
V 2088 -422313.77 -150438.70
V 2096 -422313.82 -150438.74
V 2104 -422314.42 -150439.28
V 2112 -422314.82 -150439.66
V 2120 -422315.20 -150440.06
V 2128 -422315.23 -150440.09
V 2136 -422443.99 -150579.07
V 2144 -422776.06 -150853.88
V 2152 -422776.17 -150853.96
V 2160 -422776.59 -150854.32
V 2168 -422777.00 -150854.69
V 2176 -422777.40 -150855.07
V 2184 -422777.44 -150855.12
V 2192 -422777.47 -150855.14
V 2200 -422889.21 -150968.37
V 2208 -423200.28 -151233.38
V 2216 -423200.31 -151233.41
V 2224 -423200.38 -151233.47
V 2232 -423200.41 -151233.50
V 2240 -423465.75 -151461.10
V 2248 -423465.84 -151461.18
V 2256 -423652.86 -151606.98
V 2264 -423653.34 -151607.35
V 2272 -423653.76 -151607.71
V 2280 -423654.17 -151608.08
V 2288 -423654.57 -151608.46
V 2296 -423654.81 -151608.71
V 2304 -423765.88 -151721.92
V 2312 -424134.47 -152017.80
V 2320 -424134.61 -152017.91
V 2328 -424134.74 -152018.02
V 2336 -424416.09 -152242.58
V 2344 -424589.59 -152367.69
V 2352 -424589.62 -152367.71
V 2360 -424589.81 -152367.85
V 2368 -424590.25 -152368.19
V 2376 -424590.67 -152368.55
V 2384 -424591.08 -152368.92
V 2392 -424591.22 -152369.06
V 2400 -424591.24 -152369.07
V 2408 -424719.38 -152491.85
V 2416 -425024.13 -152711.76
V 2424 -425024.16 -152711.78
V 2432 -425024.35 -152711.92
V 2440 -425024.79 -152712.26
V 2448 -425025.21 -152712.62
V 2456 -425025.62 -152712.99
V 2464 -425025.68 -152713.05
V 2472 -425025.72 -152713.08
V 2480 -425176.58 -152855.95
V 2488 -425602.94 -153152.50
V 2496 -425603.08 -153152.59
V 2504 -425888.81 -153353.25
V 2512 -426051.11 -153455.05
V 2520 -426051.25 -153455.14
V 2528 -426051.71 -153455.45
V 2536 -426052.16 -153455.77
V 2544 -426052.60 -153456.11
V 2552 -426052.80 -153456.28
V 2560 -426052.88 -153456.34
V 2568 -426116.72 -153510.30
V 2576 -426467.47 -153754.24
V 2584 -426467.53 -153754.29
V 2592 -426756.20 -153957.01
V 2600 -426912.50 -154055.06
V 2608 -426912.64 -154055.15
V 2616 -426913.10 -154055.46
V 2624 -426913.55 -154055.78
V 2632 -426913.99 -154056.12
V 2640 -426914.25 -154056.34
V 2648 -426975.21 -154107.86
V 2656 -427331.58 -154355.73
V 2664 -427331.72 -154355.82
V 2672 -427623.67 -154560.84
V 2680 -427773.81 -154655.02
V 2688 -427773.95 -154655.11
V 2696 -427774.41 -154655.42
V 2704 -427774.86 -154655.74
V 2712 -427775.30 -154656.08
V 2720 -427775.50 -154656.25
V 2728 -427775.58 -154656.31
V 2736 -427833.67 -154705.41
V 2744 -428195.96 -154957.37
V 2752 -428196.10 -154957.47
V 2760 -428491.06 -155164.60
V 2768 -428635.21 -155255.03
V 2776 -428635.35 -155255.12
V 2784 -428635.81 -155255.43
V 2792 -428636.26 -155255.75
V 2800 -428636.70 -155256.09
V 2808 -428636.96 -155256.31
V 2816 -428692.10 -155302.91
V 2824 -429060.22 -155558.95
V 2832 -429060.36 -155559.04
V 2840 -429358.53 -155768.44
V 2848 -429496.61 -155855.05
V 2856 -429496.75 -155855.14
V 2864 -429497.21 -155855.45
V 2872 -429497.66 -155855.77
V 2880 -429498.10 -155856.11
V 2888 -429498.36 -155856.33
V 2896 -429550.54 -155900.43
V 2904 -429924.55 -156160.56
V 2912 -429924.69 -156160.65
V 2920 -430225.92 -156372.20
V 2928 -430357.91 -156454.99
V 2936 -430358.05 -156455.08
V 2944 -430358.51 -156455.39
V 2952 -430358.96 -156455.71
V 2960 -430359.40 -156456.05
V 2968 -430359.60 -156456.22
V 2976 -430359.68 -156456.28
V 2984 -430409.06 -156498.02
V 2992 -430787.80 -156761.41
V 3000 -431107.26 -156986.09
V 3008 -431338.32 -157128.42
V 3016 -431338.49 -157128.53
V 3024 -431338.95 -157128.84
V 3032 -431339.40 -157129.16
V 3040 -431339.84 -157129.50
V 3048 -431473.78 -157230.99
V 3056 -431881.50 -157481.36
V 3064 -431881.52 -157481.37
V 3072 -432129.52 -157634.19
V 3080 -432379.54 -157782.64
V 3088 -432379.72 -157782.75
V 3096 -432711.62 -157980.20
V 3104 -432812.29 -158032.68
V 3112 -432812.52 -158032.80
V 3120 -432812.78 -158032.94
V 3128 -432813.26 -158033.21
V 3136 -432813.73 -158033.50
V 3144 -432814.19 -158033.81
V 3152 -432814.45 -158034.00
V 3160 -432814.49 -158034.02
V 3168 -432847.93 -158058.44
V 3176 -433261.80 -158301.48
V 3184 -433261.86 -158301.52
V 3192 -433586.07 -158494.83
V 3200 -433729.13 -158569.53
V 3208 -433729.16 -158569.55
V 3216 -433729.39 -158569.67
V 3224 -433729.87 -158569.94
V 3232 -433730.34 -158570.23
V 3240 -433730.74 -158570.50
V 3248 -433730.84 -158570.56
V 3256 -433828.69 -158638.91
V 3264 -434293.83 -158892.11
V 3272 -434293.89 -158892.14
V 3280 -434293.94 -158892.17
V 3288 -434514.98 -159012.52
V 3296 -434515.01 -159012.53
V 3304 -434722.55 -159125.35
V 3312 -435059.60 -159311.26
V 3320 -435140.04 -159349.76
V 3328 -435140.54 -159350.00
V 3336 -435141.03 -159350.26
V 3344 -435141.51 -159350.53
V 3352 -435141.98 -159350.82
V 3360 -435142.27 -159351.02
V 3368 -435142.33 -159351.05
V 3376 -435210.33 -159397.41
V 3384 -435715.99 -159658.43
V 3392 -435716.21 -159658.54
V 3400 -435938.15 -159773.12
V 3408 -435938.37 -159773.23
V 3416 -436145.02 -159879.74
V 3424 -436145.11 -159879.79
V 3432 -436491.86 -160061.38
V 3440 -436554.56 -160089.63
V 3448 -436554.64 -160089.67
V 3456 -436554.75 -160089.71
V 3464 -436554.89 -160089.79
V 3472 -436555.29 -160089.98
V 3480 -436555.99 -160090.37
V 3488 -436556.68 -160090.79
V 3496 -436568.52 -160098.53
V 3504 -437039.88 -160341.83
V 3512 -437040.10 -160341.94
V 3520 -437261.99 -160456.51
V 3528 -437262.21 -160456.62
V 3536 -437468.35 -160562.87
V 3544 -437468.44 -160562.92
V 3552 -437820.78 -160747.42
V 3560 -437873.02 -160770.97
V 3568 -437873.16 -160771.04
V 3576 -437873.19 -160771.05
V 3584 -437873.74 -160771.32
V 3592 -437874.44 -160771.70
V 3600 -437875.12 -160772.12
V 3608 -437881.51 -160776.29
V 3616 -438363.67 -161025.19
V 3624 -438363.89 -161025.30
V 3632 -438585.82 -161139.88
V 3640 -438586.04 -161139.99
V 3648 -438792.76 -161246.55
V 3656 -438792.81 -161246.58
V 3664 -438793.09 -161246.73
V 3672 -439140.83 -161428.63
V 3680 -439316.22 -161508.47
V 3688 -439316.74 -161508.72
V 3696 -439317.23 -161508.98
V 3704 -439317.63 -161509.20
V 3712 -439498.35 -161615.01
V 3720 -440050.82 -161855.06
V 3728 -440274.04 -161952.04
V 3736 -440496.70 -162048.77
V 3744 -440722.05 -162146.71
V 3752 -440722.31 -162146.83
V 3760 -440722.34 -162146.84
V 3768 -440925.75 -162235.01
V 3776 -440926.26 -162235.23
V 3784 -440926.40 -162235.30
V 3792 -441305.59 -162403.14
V 3800 -441338.26 -162415.22
V 3808 -441338.74 -162415.41
V 3816 -441338.81 -162415.44
V 3824 -441338.91 -162415.48
V 3832 -441864.99 -162640.87
V 3840 -442088.29 -162736.53
V 3848 -442311.13 -162832.00
V 3856 -442536.75 -162928.69
V 3864 -442536.98 -162928.80
V 3872 -442741.16 -163016.08
V 3880 -442741.40 -163016.18
V 3888 -443115.16 -163179.11
V 3896 -443285.37 -163241.98
V 3904 -443285.40 -163241.99
V 3912 -443285.42 -163242.00
V 3920 -443285.93 -163242.20
V 3928 -443286.44 -163242.42
V 3936 -443286.77 -163242.58
V 3944 -443286.82 -163242.60
V 3952 -443497.14 -163345.60
V 3960 -444117.10 -163557.77
V 3968 -444117.26 -163557.82
V 3976 -444117.60 -163557.94
V 3984 -444343.12 -163635.14
V 3992 -444343.28 -163635.19
V 4000 -444343.62 -163635.31
V 4008 -444569.33 -163712.56
V 4016 -444569.49 -163712.61
V 4024 -444569.83 -163712.73
V 4032 -444795.23 -163789.88
V 4040 -444795.39 -163789.93
V 4048 -444795.73 -163790.05
V 4056 -445021.24 -163867.24
V 4064 -445021.40 -163867.29
V 4072 -445021.74 -163867.41
V 4080 -445247.52 -163944.69
V 4088 -445247.68 -163944.74
V 4096 -445247.81 -163944.78
V 4104 -445473.23 -164021.92
V 4112 -445473.44 -164022.00
V 4120 -445702.50 -164100.45
V 4128 -445702.66 -164100.50
V 4136 -445702.80 -164100.55
V 4144 -445902.49 -164168.65
V 4152 -445902.56 -164168.67
V 4160 -445902.86 -164168.78
V 4168 -446318.73 -164314.87
V 4176 -446668.25 -164412.11
V 4184 -446668.28 -164412.12
V 4192 -446668.82 -164412.27
V 4200 -446669.34 -164412.43
V 4208 -447018.41 -164530.57
V 4216 -447652.70 -164665.89
V 4224 -447652.90 -164665.93
V 4232 -447883.55 -164715.14
V 4240 -447883.75 -164715.18
V 4248 -448114.25 -164764.36
V 4256 -448114.45 -164764.40
V 4264 -448344.91 -164813.57
V 4272 -448345.11 -164813.61
V 4280 -448575.56 -164862.78
V 4288 -448575.76 -164862.82
V 4296 -448806.28 -164912.00
V 4304 -448806.48 -164912.04
V 4312 -449036.52 -164961.12
V 4320 -449036.55 -164961.13
V 4328 -449036.57 -164961.13
V 4336 -449036.59 -164961.14
V 4344 -449270.06 -165010.98
V 4352 -449270.23 -165011.02
V 4360 -449482.65 -165056.16
V 4368 -449482.83 -165056.19
V 4376 -449483.08 -165056.25
V 4384 -449824.72 -165130.94
V 4392 -450226.36 -165203.62
V 4400 -450523.28 -165254.37
V 4408 -450611.27 -165268.72
V 4416 -450611.97 -165268.85
V 4424 -450612.03 -165268.86
V 4432 -450612.11 -165268.88
V 4440 -451012.64 -165353.23
V 4448 -451484.64 -165408.53
V 4456 -451484.78 -165408.54
V 4464 -451485.33 -165408.61
V 4472 -451485.59 -165408.65
V 4480 -475450.55 -169477.96
V 4488 -475450.59 -169477.96
V 4496 -475451.37 -169478.09
V 4504 -475451.41 -169478.10
V 4512 -477303.78 -169792.64
V 4520 -477303.94 -169792.67
V 4528 -477303.96 -169792.67
V 4536 -477309.64 -169793.63
V 4544 -477309.66 -169793.63
V 4552 -480287.02 -170299.20
V 4560 -480346.60 -170309.31
V 4568 -481195.90 -170453.53
V 4576 -483951.70 -170921.47
V 4584 -484144.74 -170954.25
V 4592 -491942.56 -172278.34
V 4600 -491942.60 -172278.34
V 4608 -491943.56 -172278.50
V 4616 -491943.60 -172278.51
V 4624 -497516.50 -173224.80
V 4632 -497516.55 -173224.80
V 4640 -497516.96 -173224.87
V 4648 -497517.00 -173224.88
V 4656 -511457.84 -175592.06
V 4664 -511457.91 -175592.07
V 4672 -511462.11 -175592.79
V 4680 -511462.18 -175592.81
V 4688 -520515.42 -177130.06
V 4696 -525161.01 -177918.89
V 4704 -525162.28 -177919.11
V 4712 -526448.79 -178137.56
V 4720 -526455.40 -178140.37
V 4728 -526460.04 -178145.85
V 4736 -526461.70 -178152.84
V 4744 -526461.70 -178237.95
V 4752 -526459.62 -178245.70
V 4760 -526453.95 -178251.37
V 4768 -526446.20 -178253.45
V 4776 -526404.20 -178253.45
V 4784 -526404.20 -178293.45
V 4792 -526503.70 -178293.45
V 4800 -526511.45 -178295.53
V 4808 -526517.12 -178301.20
V 4816 -526519.20 -178308.95
V 4824 -526519.20 -178379.95
V 4832 -526517.12 -178387.70
V 4840 -526511.45 -178393.37
V 4848 -526503.70 -178395.45
V 4856 -526461.70 -178395.45
V 4864 -526461.70 -178404.45
V 4872 -526430.70 -178404.45
V 4880 -526430.70 -178379.95
V 4888 -526430.74 -178378.84
V 4896 -526430.86 -178377.74
V 4904 -526431.05 -178376.66
V 4912 -526431.33 -178375.58
V 4920 -526431.68 -178374.53
V 4928 -526432.10 -178373.51
V 4936 -526432.60 -178372.52
V 4944 -526433.16 -178371.57
V 4952 -526433.79 -178370.66
V 4960 -526434.49 -178369.80
V 4968 -526435.24 -178368.99
V 4976 -526436.05 -178368.24
V 4984 -526436.91 -178367.54
V 4992 -526437.82 -178366.91
V 5000 -526438.77 -178366.35
V 5008 -526439.76 -178365.85
V 5016 -526440.78 -178365.43
V 5024 -526441.83 -178365.08
V 5032 -526442.91 -178364.80
V 5040 -526443.99 -178364.61
V 5048 -526445.09 -178364.49
V 5056 -526446.20 -178364.45
V 5064 -526488.20 -178364.45
V 5072 -526488.20 -178324.45
V 5080 -526388.70 -178324.45
V 5088 -526380.95 -178322.37
V 5096 -526375.28 -178316.70
V 5104 -526373.20 -178308.95
V 5112 -526373.20 -178237.95
V 5120 -526375.28 -178230.20
V 5128 -526380.95 -178224.53
V 5136 -526388.70 -178222.45
V 5144 -526430.70 -178222.45
V 5152 -526430.70 -178165.93
V 5160 -525156.98 -177949.65
V 5168 -525155.77 -177949.44
V 5176 -520510.24 -177160.62
V 5184 -511456.94 -175623.36
V 5192 -511456.87 -175623.35
V 5200 -511452.67 -175622.63
V 5208 -511452.60 -175622.61
V 5216 -497511.79 -173255.43
V 5224 -497511.74 -173255.43
V 5232 -497511.33 -173255.36
V 5240 -497511.29 -173255.35
V 5248 -496090.72 -173014.14
V 5256 -491938.50 -172309.08
V 5264 -491938.46 -172309.08
V 5272 -491937.50 -172308.92
V 5280 -491937.46 -172308.91
V 5288 -484139.56 -170984.81
V 5296 -483946.52 -170952.03
V 5304 -481190.72 -170484.09
V 5312 -480341.42 -170339.87
V 5320 -480281.84 -170329.76
V 5328 -477304.48 -169824.19
V 5336 -477304.32 -169824.16
V 5344 -477304.30 -169824.16
V 5352 -477298.62 -169823.20
V 5360 -477298.60 -169823.20
V 5368 -475446.31 -169508.67
V 5376 -475446.27 -169508.67
V 5384 -475445.49 -169508.54
V 5392 -475445.45 -169508.53
V 5400 -451480.86 -165439.29
V 5408 -451008.54 -165383.95
V 5416 -451008.40 -165383.94
V 5424 -451007.85 -165383.87
V 5432 -451007.31 -165383.78
V 5440 -451006.81 -165383.69
V 5448 -451006.73 -165383.67
V 5456 -450605.92 -165299.26
V 5464 -450518.11 -165284.94
V 5472 -450221.14 -165234.18
V 5480 -450220.99 -165234.15
V 5488 -449818.93 -165161.39
V 5496 -449818.80 -165161.36
V 5504 -449818.40 -165161.29
V 5512 -449818.15 -165161.23
V 5520 -449476.42 -165086.52
V 5528 -449476.25 -165086.49
V 5536 -449476.08 -165086.45
V 5544 -449263.66 -165041.31
V 5552 -449263.53 -165041.29
V 5560 -449263.50 -165041.28
V 5568 -449263.48 -165041.28
V 5576 -449263.46 -165041.27
V 5584 -449029.99 -164991.43
V 5592 -449029.89 -164991.41
V 5600 -448799.90 -164942.34
V 5608 -448799.70 -164942.30
V 5616 -448569.18 -164893.12
V 5624 -448568.98 -164893.08
V 5632 -448338.53 -164843.91
V 5640 -448338.33 -164843.87
V 5648 -448107.87 -164794.70
V 5656 -448107.67 -164794.66
V 5664 -447877.17 -164745.48
V 5672 -447876.97 -164745.44
V 5680 -447646.32 -164696.23
V 5688 -447646.12 -164696.19
V 5696 -447011.12 -164560.71
V 5704 -447011.02 -164560.69
V 5712 -447010.48 -164560.56
V 5720 -447009.94 -164560.41
V 5728 -447009.42 -164560.25
V 5736 -446659.84 -164441.94
V 5744 -446310.26 -164344.69
V 5752 -446310.23 -164344.68
V 5760 -446309.69 -164344.53
V 5768 -446309.17 -164344.37
V 5776 -446308.87 -164344.26
V 5784 -445892.83 -164198.11
V 5792 -445892.78 -164198.09
V 5800 -445892.64 -164198.04
V 5808 -445692.95 -164129.94
V 5816 -445692.88 -164129.92
V 5824 -445692.54 -164129.80
V 5832 -445463.48 -164051.35
V 5840 -445463.32 -164051.30
V 5848 -445463.19 -164051.26
V 5856 -445237.77 -163974.12
V 5864 -445237.56 -163974.04
V 5872 -445011.78 -163896.76
V 5880 -445011.62 -163896.71
V 5888 -445011.28 -163896.59
V 5896 -444785.77 -163819.40
V 5904 -444785.61 -163819.35
V 5912 -444785.27 -163819.23
V 5920 -444559.87 -163742.08
V 5928 -444559.71 -163742.03
V 5936 -444559.37 -163741.91
V 5944 -444333.66 -163664.66
V 5952 -444333.50 -163664.61
V 5960 -444333.16 -163664.49
V 5968 -444107.64 -163587.29
V 5976 -444107.48 -163587.24
V 5984 -444107.14 -163587.12
V 5992 -443486.43 -163374.69
V 6000 -443486.27 -163374.64
V 6008 -443485.74 -163374.45
V 6016 -443485.23 -163374.25
V 6024 -443484.72 -163374.03
V 6032 -443484.37 -163373.86
V 6040 -443484.34 -163373.85
V 6048 -443273.88 -163270.78
V 6056 -443104.01 -163208.04
V 6064 -443103.45 -163207.82
V 6072 -443103.19 -163207.71
V 6080 -442729.09 -163044.63
V 6088 -442728.94 -163044.56
V 6096 -442524.76 -162957.28
V 6104 -442524.71 -162957.26
V 6112 -442524.55 -162957.19
V 6120 -442524.53 -162957.19
V 6128 -442298.91 -162860.50
V 6136 -442076.09 -162765.03
V 6144 -441852.79 -162669.37
V 6152 -441327.05 -162444.13
V 6160 -441294.46 -162432.08
V 6168 -441294.41 -162432.06
V 6176 -441293.90 -162431.86
V 6184 -441293.39 -162431.64
V 6192 -441293.25 -162431.57
V 6200 -440913.85 -162263.63
V 6208 -440913.38 -162263.43
V 6216 -440913.35 -162263.42
V 6224 -440709.94 -162175.25
V 6232 -440709.71 -162175.15
V 6240 -440709.69 -162175.15
V 6248 -440484.34 -162077.21
V 6256 -440261.68 -161980.48
V 6264 -440038.46 -161883.50
V 6272 -439485.15 -161643.09
V 6280 -439485.05 -161643.04
V 6288 -439484.89 -161642.97
V 6296 -439484.39 -161642.73
V 6304 -439483.90 -161642.47
V 6312 -439483.50 -161642.25
V 6320 -439302.65 -161536.36
V 6328 -439127.71 -161456.72
V 6336 -439127.21 -161456.48
V 6344 -439126.70 -161456.21
V 6352 -438778.82 -161274.24
V 6360 -438778.56 -161274.11
V 6368 -438571.84 -161167.55
V 6376 -438349.85 -161052.94
V 6384 -438349.69 -161052.86
V 6392 -437866.57 -160803.46
V 6400 -437865.88 -160803.08
V 6408 -437865.21 -160802.67
V 6416 -437859.19 -160798.74
V 6424 -437807.65 -160775.50
V 6432 -437807.57 -160775.47
V 6440 -437807.07 -160775.23
V 6448 -437806.88 -160775.13
V 6456 -437806.82 -160775.10
V 6464 -437454.15 -160590.43
V 6472 -437248.01 -160484.18
V 6480 -437026.06 -160369.58
V 6488 -437025.90 -160369.50
V 6496 -436553.55 -160125.69
V 6504 -436552.85 -160125.31
V 6512 -436552.17 -160124.89
V 6520 -436540.70 -160117.39
V 6528 -436478.73 -160089.46
V 6536 -436478.65 -160089.43
V 6544 -436478.15 -160089.19
V 6552 -436477.96 -160089.09
V 6560 -436477.90 -160089.06
V 6568 -436130.82 -159907.30
V 6576 -435924.17 -159800.79
V 6584 -435702.17 -159686.18
V 6592 -435702.01 -159686.10
V 6600 -435195.41 -159424.59
V 6608 -435195.25 -159424.51
V 6616 -435194.92 -159424.33
V 6624 -435194.44 -159424.06
V 6632 -435193.97 -159423.77
V 6640 -435193.69 -159423.58
V 6648 -435193.62 -159423.54
V 6656 -435125.82 -159377.32
V 6664 -435046.04 -159339.14
V 6672 -435045.54 -159338.90
V 6680 -435045.09 -159338.66
V 6688 -435044.99 -159338.61
V 6696 -434707.75 -159152.59
V 6704 -434500.21 -159039.77
V 6712 -434500.18 -159039.75
V 6720 -434500.13 -159039.72
V 6728 -434279.09 -158919.37
V 6736 -434279.03 -158919.34
V 6744 -434278.98 -158919.31
V 6752 -433813.09 -158665.70
V 6760 -433813.03 -158665.67
V 6768 -433812.55 -158665.40
V 6776 -433812.08 -158665.11
V 6784 -433811.69 -158664.85
V 6792 -433811.58 -158664.78
V 6800 -433713.86 -158596.52
V 6808 -433571.34 -158522.10
V 6816 -433571.27 -158522.06
V 6824 -433571.08 -158521.96
V 6832 -433570.60 -158521.69
V 6840 -433246.10 -158328.22
V 6848 -432831.59 -158084.80
V 6856 -432831.52 -158084.75
V 6864 -432831.06 -158084.47
V 6872 -432830.60 -158084.16
V 6880 -432830.36 -158083.99
V 6888 -432830.30 -158083.95
V 6896 -432797.13 -158059.73
V 6904 -432697.15 -158007.61
V 6912 -432696.92 -158007.49
V 6920 -432696.85 -158007.45
V 6928 -432696.66 -158007.35
V 6936 -432696.18 -158007.08
V 6944 -432696.00 -158006.97
V 6952 -432363.85 -157809.37
V 6960 -432363.72 -157809.30
V 6968 -432113.26 -157660.59
V 6976 -431865.26 -157507.77
V 6984 -431456.90 -157257.01
V 6992 -431456.68 -157256.87
V 7000 -431456.22 -157256.56
V 7008 -431455.77 -157256.24
V 7016 -431455.33 -157255.90
V 7024 -431321.40 -157154.41
V 7032 -431090.59 -157012.24
V 7040 -431090.34 -157012.08
V 7048 -431090.05 -157011.88
V 7056 -431089.80 -157011.72
V 7064 -430770.10 -156786.87
V 7072 -430390.76 -156523.06
V 7080 -430390.63 -156522.96
V 7088 -430390.32 -156522.74
V 7096 -430389.88 -156522.40
V 7104 -430389.60 -156522.17
V 7112 -430340.48 -156480.66
V 7120 -430209.17 -156398.29
V 7128 -430209.10 -156398.25
V 7136 -430209.03 -156398.20
V 7144 -430208.57 -156397.89
V 7152 -429906.81 -156185.97
V 7160 -429532.38 -155925.54
V 7168 -429532.24 -155925.45
V 7176 -429531.79 -155925.13
V 7184 -429531.35 -155924.79
V 7192 -429531.10 -155924.57
V 7200 -429531.08 -155924.56
V 7208 -429479.22 -155880.74
V 7216 -429341.78 -155794.53
V 7224 -429341.71 -155794.49
V 7232 -429341.64 -155794.44
V 7240 -429341.18 -155794.13
V 7248 -429042.48 -155584.36
V 7256 -428673.94 -155328.02
V 7264 -428673.80 -155327.93
V 7272 -428673.35 -155327.61
V 7280 -428672.91 -155327.27
V 7288 -428672.66 -155327.05
V 7296 -428672.64 -155327.04
V 7304 -428617.82 -155280.72
V 7312 -428474.31 -155190.69
V 7320 -428474.24 -155190.65
V 7328 -428474.17 -155190.60
V 7336 -428473.71 -155190.29
V 7344 -428178.42 -154982.93
V 7352 -428178.23 -154982.79
V 7360 -427815.45 -154730.49
V 7368 -427814.86 -154730.07
V 7376 -427814.42 -154729.73
V 7384 -427814.24 -154729.58
V 7392 -427814.14 -154729.50
V 7400 -427756.38 -154680.69
V 7408 -427606.92 -154586.93
V 7416 -427606.85 -154586.89
V 7424 -427606.78 -154586.84
V 7432 -427606.32 -154586.53
V 7440 -427313.84 -154381.14
V 7448 -426957.05 -154132.97
V 7456 -426956.91 -154132.88
V 7464 -426956.46 -154132.56
V 7472 -426956.02 -154132.22
V 7480 -426955.77 -154132.00
V 7488 -426955.75 -154131.99
V 7496 -426895.11 -154080.75
V 7504 -426739.45 -153983.10
V 7512 -426739.38 -153983.06
V 7520 -426739.31 -153983.01
V 7528 -426738.85 -153982.70
V 7536 -426449.77 -153779.70
V 7544 -426098.42 -153535.34
V 7552 -426098.29 -153535.24
V 7560 -426097.98 -153535.02
V 7568 -426097.54 -153534.68
V 7576 -426097.26 -153534.45
V 7584 -426033.68 -153480.72
V 7592 -425872.06 -153379.34
V 7600 -425871.99 -153379.30
V 7608 -425871.92 -153379.25
V 7616 -425871.46 -153378.94
V 7624 -425585.20 -153177.91
V 7632 -425158.06 -152880.81
V 7640 -425157.92 -152880.72
V 7648 -425157.47 -152880.40
V 7656 -425157.03 -152880.06
V 7664 -425156.61 -152879.70
V 7672 -425156.20 -152879.33
V 7680 -425156.14 -152879.27
V 7688 -425156.10 -152879.24
V 7696 -425005.17 -152736.31
V 7704 -424700.39 -152516.38
V 7712 -424700.36 -152516.36
V 7720 -424700.17 -152516.22
V 7728 -424699.73 -152515.88
V 7736 -424699.31 -152515.52
V 7744 -424698.90 -152515.15
V 7752 -424698.76 -152515.01
V 7760 -424698.74 -152515.00
V 7768 -424570.60 -152392.22
V 7776 -424397.70 -152267.54
V 7784 -424397.64 -152267.49
V 7792 -424397.48 -152267.38
V 7800 -424397.04 -152267.04
V 7808 -424396.91 -152266.93
V 7816 -424115.46 -152042.29
V 7824 -424115.15 -152042.05
V 7832 -424115.07 -152041.99
V 7840 -423745.91 -151745.65
V 7848 -423745.77 -151745.54
V 7856 -423745.35 -151745.18
V 7864 -423744.94 -151744.81
V 7872 -423744.54 -151744.43
V 7880 -423744.30 -151744.18
V 7888 -423633.29 -151631.02
V 7896 -423446.74 -151485.59
V 7904 -423446.30 -151485.25
V 7912 -423445.88 -151484.89
V 7920 -423445.85 -151484.86
V 7928 -423180.51 -151257.26
V 7936 -423180.18 -151256.98
V 7944 -422868.60 -150991.53
V 7952 -422868.54 -150991.47
V 7960 -422868.50 -150991.44
V 7968 -422868.09 -150991.07
V 7976 -422867.69 -150990.69
V 7984 -422755.94 -150877.46
V 7992 -422423.70 -150602.51
V 8000 -422423.59 -150602.43
V 8008 -422423.17 -150602.07
V 8016 -422422.76 -150601.70
V 8024 -422422.36 -150601.32
V 8032 -422421.95 -150600.89
V 8040 -422293.20 -150461.92
V 8048 -422095.76 -150297.88
V 8056 -422095.73 -150297.86
V 8064 -422095.33 -150297.51
V 8072 -422095.20 -150297.39
V 8080 -422095.05 -150297.26
V 8088 -421836.77 -150062.13
V 8096 -421538.33 -149792.08
V 8104 -421538.26 -149792.01
V 8112 -421538.17 -149791.93
V 8120 -421537.77 -149791.55
V 8128 -421537.53 -149791.30
V 8136 -421537.40 -149791.17
V 8144 -421421.71 -149667.36
V 8152 -421090.50 -149374.26
V 8160 -421090.42 -149374.18
V 8168 -421090.21 -149373.99
V 8176 -421089.81 -149373.61
V 8184 -421089.43 -149373.21
V 8192 -421089.16 -149372.91
V 8200 -421089.08 -149372.83
V 8208 -420959.48 -149224.04
V 8216 -420666.12 -148962.29
V 8224 -420666.00 -148962.17
V 8232 -420665.88 -148962.06
V 8240 -420665.48 -148961.68
V 8248 -420665.10 -148961.28
V 8256 -420664.83 -148960.98
V 8264 -420664.76 -148960.91
V 8272 -420538.91 -148816.55
V 8280 -420303.58 -148606.56
V 8288 -420302.94 -148605.95
V 8296 -420302.90 -148605.90
V 8304 -420302.84 -148605.85
V 8312 -420025.11 -148322.97
V 8320 -420025.05 -148322.90
V 8328 -420024.99 -148322.84
V 8336 -419739.64 -148028.24
V 8344 -419739.59 -148028.19
V 8352 -419739.21 -148027.79
V 8360 -419738.84 -148027.38
V 8368 -419738.73 -148027.25
V 8376 -419738.61 -148027.12
V 8384 -419645.85 -147915.12
V 8392 -419349.88 -147632.77
V 8400 -419349.78 -147632.66
V 8408 -419349.62 -147632.51
V 8416 -419349.24 -147632.11
V 8424 -419348.87 -147631.70
V 8432 -419348.65 -147631.44
V 8440 -419348.61 -147631.40
V 8448 -419348.54 -147631.32
V 8456 -419348.51 -147631.28
V 8464 -419348.49 -147631.25
V 8472 -419223.71 -147479.60
V 8480 -418930.70 -147200.16
V 8488 -418930.60 -147200.05
V 8496 -418930.44 -147199.90
V 8504 -418930.06 -147199.50
V 8512 -418929.69 -147199.09
V 8520 -418929.47 -147198.83
V 8528 -418929.43 -147198.79
V 8536 -418929.36 -147198.71
V 8544 -418929.33 -147198.67
V 8552 -418929.31 -147198.64
V 8560 -418804.40 -147046.82
V 8568 -418511.43 -146767.41
V 8576 -418511.33 -146767.30
V 8584 -418511.17 -146767.15
V 8592 -418510.79 -146766.75
V 8600 -418510.42 -146766.34
V 8608 -418510.20 -146766.08
V 8616 -418510.16 -146766.04
V 8624 -418510.09 -146765.96
V 8632 -418510.06 -146765.92
V 8640 -418510.04 -146765.89
V 8648 -418385.14 -146614.09
V 8656 -418156.39 -146395.93
V 8664 -418156.13 -146395.67
V 8672 -418155.94 -146395.47
V 8680 -417915.45 -146146.24
V 8688 -417915.41 -146146.21
V 8696 -417915.24 -146146.04
V 8704 -417647.94 -145870.33
V 8712 -417647.79 -145870.16
V 8720 -417647.73 -145870.10
V 8728 -417647.28 -145869.60
V 8736 -417647.13 -145869.43
V 8744 -417484.91 -145673.56
V 8752 -417135.28 -145271.04
V 8760 -417135.24 -145271.00
V 8768 -417134.88 -145270.58
V 8776 -417134.54 -145270.14
V 8784 -417134.29 -145269.79
V 8792 -417134.22 -145269.70
V 8800 -417011.12 -145092.69
V 8808 -416720.37 -144757.79
V 8816 -416720.34 -144757.75
V 8824 -416719.98 -144757.33
V 8832 -416719.64 -144756.89
V 8840 -416719.39 -144756.54
V 8848 -416719.32 -144756.45
V 8856 -416584.94 -144563.23
V 8864 -416282.32 -144200.04
V 8872 -416282.30 -144200.02
V 8880 -416282.16 -144199.85
V 8888 -416281.82 -144199.41
V 8896 -416281.50 -144198.96
V 8904 -416281.15 -144198.44
V 8912 -416157.76 -144013.47
V 8920 -415867.44 -143663.46
V 8928 -415867.30 -143663.29
V 8936 -415866.96 -143662.85
V 8944 -415866.64 -143662.40
V 8952 -415866.29 -143661.88
V 8960 -415744.09 -143478.75
V 8968 -415443.47 -143116.32
V 8976 -415443.44 -143116.27
V 8984 -415443.33 -143116.15
V 8992 -415442.99 -143115.71
V 9000 -415442.67 -143115.26
V 9008 -415442.35 -143114.79
V 9016 -415285.99 -142871.02
V 9024 -414975.29 -142435.45
V 9032 -414975.25 -142435.39
V 9040 -414975.18 -142435.29
V 9048 -414974.87 -142434.83
V 9056 -414974.58 -142434.36
V 9064 -414974.57 -142434.34
V 9072 -414974.51 -142434.25
V 9080 -414853.97 -142227.17
V 9088 -414565.02 -141823.05
V 9096 -414564.94 -141822.92
V 9104 -414564.90 -141822.87
V 9112 -414564.59 -141822.41
V 9120 -414564.29 -141821.93
V 9128 -414564.23 -141821.83
V 9136 -414443.23 -141613.93
V 9144 -414154.29 -141209.81
V 9152 -414154.21 -141209.68
V 9160 -414154.17 -141209.63
V 9168 -414153.86 -141209.17
V 9176 -414153.56 -141208.69
V 9184 -414153.50 -141208.59
V 9192 -414032.50 -141000.68
V 9200 -413743.56 -140596.58
V 9208 -413743.48 -140596.45
V 9216 -413743.44 -140596.40
V 9224 -413743.13 -140595.94
V 9232 -413742.83 -140595.46
V 9240 -413742.77 -140595.36
V 9248 -413621.77 -140387.46
V 9256 -413322.70 -139969.19
V 9264 -413322.27 -139968.55
V 9272 -413321.98 -139968.08
V 9280 -413321.73 -139967.64
V 9288 -413156.49 -139666.25
V 9296 -413156.34 -139665.98
V 9304 -412841.42 -139063.59
V 9312 -412841.35 -139063.44
V 9320 -412841.30 -139063.35
V 9328 -412841.06 -139062.85
V 9336 -412841.02 -139062.75
V 9344 -412840.94 -139062.59
V 9352 -412722.64 -138790.30
V 9360 -412436.01 -138243.98
V 9368 -412435.88 -138243.72
V 9376 -412435.64 -138243.22
V 9384 -412435.60 -138243.12
V 9392 -412435.52 -138242.96
V 9400 -412316.85 -137969.78
V 9408 -412030.23 -137423.49
V 9416 -412030.10 -137423.23
V 9424 -412029.86 -137422.73
V 9432 -412029.82 -137422.63
V 9440 -412029.74 -137422.47
V 9448 -411897.85 -137118.83
V 9456 -411599.52 -136455.46
V 9464 -411599.44 -136455.26
V 9472 -411599.34 -136455.03
V 9480 -411599.12 -136454.47
V 9488 -411480.43 -136133.04
V 9496 -411194.83 -135488.94
V 9504 -411194.79 -135488.83
V 9512 -411194.73 -135488.71
V 9520 -411194.60 -135488.40
V 9528 -411194.40 -135487.89
V 9536 -411194.38 -135487.84
V 9544 -411076.64 -135169.08
V 9552 -410791.01 -134524.92
V 9560 -410790.97 -134524.81
V 9568 -410790.91 -134524.69
V 9576 -410790.78 -134524.38
V 9584 -410790.58 -134523.87
V 9592 -410790.56 -134523.82
V 9600 -410671.52 -134201.56
V 9608 -410384.08 -133537.88
V 9616 -410384.07 -133537.85
V 9624 -410383.85 -133537.34
V 9632 -410383.65 -133536.83
V 9640 -410383.57 -133536.61
V 9648 -410265.31 -133204.22
V 9656 -409979.77 -132535.09
V 9664 -409979.51 -132534.43
V 9672 -409979.45 -132534.25
V 9680 -409979.43 -132534.21
V 9688 -409861.89 -132203.96
V 9696 -409576.33 -131534.81
V 9704 -409576.07 -131534.15
V 9712 -409576.01 -131533.97
V 9720 -409575.99 -131533.93
V 9728 -409458.45 -131203.66
V 9736 -409172.90 -130534.51
V 9744 -409172.64 -130533.85
V 9752 -409172.58 -130533.67
V 9760 -409172.56 -130533.63
V 9768 -409055.02 -130203.38
V 9776 -408769.46 -129534.21
V 9784 -408769.20 -129533.55
V 9792 -408769.14 -129533.37
V 9800 -408769.12 -129533.33
V 9808 -408651.58 -129203.08
V 9816 -408366.02 -128533.92
V 9824 -408365.76 -128533.26
V 9832 -408365.70 -128533.08
V 9840 -408365.68 -128533.04
V 9848 -408246.20 -128197.34
V 9856 -407958.92 -127461.40
V 9864 -407958.86 -127461.23
V 9872 -407958.84 -127461.18
V 9880 -407958.65 -127460.65
V 9888 -407958.63 -127460.58
V 9896 -407958.60 -127460.50
V 9904 -407841.23 -127095.17
V 9912 -407555.38 -126351.34
V 9920 -407555.35 -126351.24
V 9928 -407555.33 -126351.20
V 9936 -407555.14 -126350.67
V 9944 -407555.05 -126350.37
V 9952 -407555.01 -126350.26
V 9960 -407436.94 -125959.32
V 9968 -407151.79 -125130.44
V 9976 -407151.77 -125130.36
V 9984 -407151.74 -125130.29
V 9992 -407151.58 -125129.77
V 10000 -407151.57 -125129.72
V 10008 -407151.56 -125129.70
V 10016 -407034.85 -124725.16
V 10024 -406750.11 -123897.72
V 10032 -406750.09 -123897.64
V 10040 -406750.06 -123897.57
V 10048 -406749.90 -123897.05
V 10056 -406749.89 -123897.00
V 10064 -406749.88 -123896.98
V 10072 -406633.11 -123492.23
V 10080 -406348.40 -122642.03
V 10088 -406348.39 -122642.00
V 10096 -406348.23 -122641.48
V 10104 -406348.08 -122640.94
V 10112 -406348.07 -122640.91
V 10120 -406233.24 -122227.47
V 10128 -406233.08 -122226.89
V 10136 -406232.95 -122226.35
V 10144 -406232.85 -122225.81
V 10152 -406232.76 -122225.27
V 10160 -406232.69 -122224.72
V 10168 -406232.64 -122224.17
V 10176 -406232.61 -122223.61
V 10184 -406232.60 -122223.06
V 10192 -406232.60 -121374.95
V 10200 -406106.60 -121374.95
V 10208 -406098.85 -121372.87
V 10216 -406093.18 -121367.20
V 10224 -406091.10 -121359.45
V 10232 -406091.10 -121288.45
