V 0 1085836.72 -46928.88
V 8 1085831.59 -46872.43
V 16 1085831.59 -46872.37
V 24 1085831.58 -46872.26
V 32 1085825.52 -46826.90
V 40 1085825.51 -46826.87
V 48 1085823.40 -46808.71
V 56 1085823.15 -46808.03
V 64 1085822.61 -46807.55
V 72 1085821.91 -46807.38
V 80 1085735.66 -46807.38
V 88 1085735.66 -46810.38
V 96 1085820.57 -46810.38
V 104 1085822.53 -46827.19
V 112 1085822.54 -46827.30
V 120 1085828.60 -46872.66
V 128 1085833.86 -46930.52
V 136 1085834.10 -46931.21
V 144 1085834.64 -46931.70
V 152 1085835.35 -46931.88
V 160 1085839.86 -46931.88
V 168 1085839.86 -46928.88
