V 0 1085836.67 22286.55
V 8 1085831.49 22325.34
V 16 1085831.48 22325.37
V 24 1085826.35 22369.53
V 32 1085826.34 22369.63
V 40 1085826.30 22369.84
V 48 1085825.42 22373.02
V 56 1085825.12 22373.59
V 64 1085824.60 22373.98
V 72 1085823.97 22374.12
V 80 1085735.66 22374.12
V 88 1085735.66 22371.12
V 96 1085822.82 22371.12
V 104 1085823.37 22369.15
V 112 1085828.50 22325.05
V 120 1085828.51 22324.94
V 128 1085833.86 22284.85
V 136 1085834.12 22284.19
V 144 1085834.66 22283.72
V 152 1085835.35 22283.55
V 160 1085839.86 22283.55
V 168 1085839.86 22286.55
