V 0 -789100.28 -161758.20
V 8 -789105.95 -161752.53
V 16 -789113.70 -161750.45
V 24 -789213.20 -161750.45
V 32 -789213.20 -161710.45
V 40 -789134.45 -161710.45
V 48 -789126.70 -161708.37
V 56 -789121.03 -161702.70
V 64 -789118.95 -161694.95
V 72 -789118.95 -161623.95
V 80 -789121.03 -161616.20
V 88 -789126.70 -161610.53
V 96 -789134.45 -161608.45
V 104 -789155.70 -161608.45
V 112 -789155.70 -161511.32
V 120 -789157.36 -161504.33
V 128 -789162.00 -161498.85
V 136 -789168.61 -161496.04
V 144 -794895.76 -160523.56
V 152 -795108.40 -160487.45
V 160 -796901.85 -160182.92
V 168 -798045.38 -159988.75
V 176 -801554.82 -159392.83
V 184 -801722.77 -159364.32
V 192 -801972.61 -159321.89
V 200 -802187.39 -159285.42
V 208 -802618.48 -159212.22
V 216 -802808.90 -159179.89
V 224 -803671.26 -159033.46
V 232 -804088.24 -158962.65
V 240 -804765.69 -158847.62
V 248 -805254.46 -158764.63
V 256 -805516.03 -158720.21
V 264 -806122.80 -158617.18
V 272 -806229.13 -158599.13
V 280 -806492.84 -158554.35
V 288 -806821.84 -158498.48
V 296 -806875.19 -158489.43
V 304 -807740.21 -158342.54
V 312 -808336.15 -158241.35
V 320 -808450.61 -158221.91
V 328 -808489.32 -158215.34
V 336 -808587.31 -158198.70
V 344 -809416.79 -158057.86
V 352 -809621.04 -158023.17
V 360 -809870.89 -157980.75
V 368 -810085.66 -157944.28
V 376 -810339.91 -157901.11
V 384 -810924.60 -157801.83
V 392 -811156.90 -157762.38
V 400 -811343.00 -157730.78
V 408 -811343.00 -157719.35
V 416 -811374.00 -157719.35
V 424 -811374.00 -157743.87
V 432 -811373.96 -157744.96
V 440 -811373.85 -157746.04
V 448 -811373.66 -157747.11
V 456 -811373.39 -157748.16
V 464 -811373.06 -157749.20
V 472 -811372.65 -157750.20
V 480 -811372.17 -157751.18
V 488 -811371.62 -157752.12
V 496 -811371.01 -157753.02
V 504 -811370.34 -157753.87
V 512 -811369.61 -157754.68
V 520 -811368.83 -157755.43
V 528 -811367.99 -157756.13
V 536 -811367.11 -157756.76
V 544 -811366.18 -157757.33
V 552 -811365.22 -157757.84
V 560 -811364.23 -157758.27
V 568 -811363.20 -157758.64
V 576 -811362.16 -157758.93
V 584 -811361.09 -157759.15
V 592 -811162.10 -157792.94
V 600 -810929.80 -157832.39
V 608 -810090.84 -157974.84
V 616 -809876.07 -158011.31
V 624 -809626.24 -158053.73
V 632 -809421.99 -158088.42
V 640 -808592.49 -158229.26
V 648 -808455.81 -158252.47
V 656 -808341.35 -158271.91
V 664 -807745.39 -158373.10
V 672 -806880.37 -158519.99
V 680 -806827.04 -158529.04
V 688 -806498.04 -158584.91
V 696 -806234.31 -158629.69
V 704 -806127.98 -158647.74
V 712 -805521.23 -158750.77
V 720 -805259.66 -158795.19
V 728 -804971.58 -158844.10
V 736 -804093.44 -158993.21
V 744 -803676.46 -159064.02
V 752 -802814.08 -159210.45
V 760 -802623.66 -159242.78
V 768 -802192.57 -159315.98
V 776 -801977.81 -159352.45
V 784 -801727.97 -159394.88
V 792 -801560.00 -159423.39
V 800 -798050.56 -160019.31
V 808 -796907.03 -160213.48
V 816 -795510.05 -160450.69
V 824 -795113.60 -160518.01
V 832 -794900.96 -160554.12
V 840 -789186.70 -161524.41
V 848 -789186.70 -161623.95
V 856 -789184.62 -161631.70
V 864 -789178.95 -161637.37
V 872 -789171.20 -161639.45
V 880 -789149.95 -161639.45
V 888 -789149.95 -161679.45
V 896 -789228.70 -161679.45
V 904 -789236.45 -161681.53
V 912 -789242.12 -161687.20
V 920 -789244.20 -161694.95
V 928 -789244.20 -161765.95
V 936 -789242.12 -161773.70
V 944 -789236.45 -161779.37
V 952 -789228.70 -161781.45
V 960 -789129.20 -161781.45
V 968 -789129.20 -161821.45
V 976 -789228.70 -161821.45
V 984 -789236.45 -161823.53
V 992 -789242.12 -161829.20
V 1000 -789244.20 -161836.95
V 1008 -789244.20 -161907.95
V 1016 -789242.12 -161915.70
V 1024 -789236.45 -161921.37
V 1032 -789228.70 -161923.45
V 1040 -789129.20 -161923.45
V 1048 -789129.20 -161963.45
V 1056 -789228.70 -161963.45
V 1064 -789236.45 -161965.53
V 1072 -789242.12 -161971.20
V 1080 -789244.20 -161978.95
V 1088 -789244.20 -162049.95
V 1096 -789242.12 -162057.70
V 1104 -789236.45 -162063.37
V 1112 -789228.70 -162065.45
V 1120 -789129.20 -162065.45
V 1128 -789129.20 -162105.45
V 1136 -789228.70 -162105.45
V 1144 -789236.45 -162107.53
V 1152 -789242.12 -162113.20
V 1160 -789244.20 -162120.95
V 1168 -789244.20 -162191.95
V 1176 -789242.12 -162199.70
V 1184 -789236.45 -162205.37
V 1192 -789228.70 -162207.45
V 1200 -789129.20 -162207.45
V 1208 -789129.20 -162247.45
V 1216 -789228.70 -162247.45
V 1224 -789236.45 -162249.53
V 1232 -789242.12 -162255.20
V 1240 -789244.20 -162262.95
V 1248 -789244.20 -162333.95
V 1256 -789242.12 -162341.70
V 1264 -789236.45 -162347.37
V 1272 -789228.70 -162349.45
V 1280 -789129.20 -162349.45
V 1288 -789129.20 -162389.45
V 1296 -789228.70 -162389.45
V 1304 -789236.45 -162391.53
V 1312 -789242.12 -162397.20
V 1320 -789244.20 -162404.95
V 1328 -789244.20 -162475.95
V 1336 -789242.12 -162483.70
V 1344 -789236.45 -162489.37
V 1352 -789228.70 -162491.45
V 1360 -789129.20 -162491.45
V 1368 -789129.20 -162531.45
V 1376 -789228.70 -162531.45
V 1384 -789236.45 -162533.53
V 1392 -789242.12 -162539.20
V 1400 -789244.20 -162546.95
V 1408 -789244.20 -162617.95
V 1416 -789242.12 -162625.70
V 1424 -789236.45 -162631.37
V 1432 -789228.70 -162633.45
V 1440 -789129.20 -162633.45
V 1448 -789129.20 -162673.45
V 1456 -789228.70 -162673.45
V 1464 -789236.45 -162675.53
V 1472 -789242.12 -162681.20
V 1480 -789244.20 -162688.95
V 1488 -789244.20 -162759.95
V 1496 -789242.12 -162767.70
V 1504 -789236.45 -162773.37
V 1512 -789228.70 -162775.45
V 1520 -789129.20 -162775.45
V 1528 -789129.20 -162815.45
V 1536 -789228.70 -162815.45
V 1544 -789236.45 -162817.53
V 1552 -789242.12 -162823.20
V 1560 -789244.20 -162830.95
V 1568 -789244.20 -162901.95
V 1576 -789242.12 -162909.70
V 1584 -789236.45 -162915.37
V 1592 -789228.70 -162917.45
V 1600 -789129.20 -162917.45
V 1608 -789129.20 -162957.45
V 1616 -789228.70 -162957.45
V 1624 -789236.45 -162959.53
V 1632 -789242.12 -162965.20
V 1640 -789244.20 -162972.95
V 1648 -789244.20 -163043.95
V 1656 -789242.12 -163051.70
V 1664 -789236.45 -163057.37
V 1672 -789228.70 -163059.45
V 1680 -789129.20 -163059.45
V 1688 -789129.20 -163099.45
V 1696 -789228.70 -163099.45
V 1704 -789236.45 -163101.53
V 1712 -789242.12 -163107.20
V 1720 -789244.20 -163114.95
V 1728 -789244.20 -163185.95
V 1736 -789242.12 -163193.70
V 1744 -789236.45 -163199.37
V 1752 -789228.70 -163201.45
V 1760 -789129.20 -163201.45
V 1768 -789129.20 -163241.45
V 1776 -789228.70 -163241.45
V 1784 -789236.45 -163243.53
V 1792 -789242.12 -163249.20
V 1800 -789244.20 -163256.95
V 1808 -789244.20 -163327.95
V 1816 -789242.12 -163335.70
V 1824 -789236.45 -163341.37
V 1832 -789228.70 -163343.45
V 1840 -789129.20 -163343.45
V 1848 -789129.20 -163383.45
V 1856 -789228.70 -163383.45
V 1864 -789236.45 -163385.53
V 1872 -789242.12 -163391.20
V 1880 -789244.20 -163398.95
V 1888 -789244.20 -163469.95
V 1896 -789242.12 -163477.70
V 1904 -789236.45 -163483.37
V 1912 -789228.70 -163485.45
V 1920 -789129.20 -163485.45
V 1928 -789129.20 -163525.45
V 1936 -789228.70 -163525.45
V 1944 -789236.45 -163527.53
V 1952 -789242.12 -163533.20
V 1960 -789244.20 -163540.95
V 1968 -789244.20 -163611.95
V 1976 -789242.12 -163619.70
V 1984 -789236.45 -163625.37
V 1992 -789228.70 -163627.45
V 2000 -789129.20 -163627.45
V 2008 -789129.20 -163667.45
V 2016 -789228.70 -163667.45
V 2024 -789236.45 -163669.53
V 2032 -789242.12 -163675.20
V 2040 -789244.20 -163682.95
V 2048 -789244.20 -163753.95
V 2056 -789242.12 -163761.70
V 2064 -789236.45 -163767.37
V 2072 -789228.70 -163769.45
V 2080 -789129.20 -163769.45
V 2088 -789129.20 -163809.45
V 2096 -789228.70 -163809.45
V 2104 -789236.45 -163811.53
V 2112 -789242.12 -163817.20
V 2120 -789244.20 -163824.95
V 2128 -789244.20 -163895.95
V 2136 -789242.12 -163903.70
V 2144 -789236.45 -163909.37
V 2152 -789228.70 -163911.45
V 2160 -789129.20 -163911.45
V 2168 -789129.20 -163951.45
V 2176 -789228.70 -163951.45
V 2184 -789236.45 -163953.53
V 2192 -789242.12 -163959.20
V 2200 -789244.20 -163966.95
V 2208 -789244.20 -164037.95
V 2216 -789242.12 -164045.70
V 2224 -789236.45 -164051.37
V 2232 -789228.70 -164053.45
V 2240 -789129.20 -164053.45
V 2248 -789129.20 -164093.45
V 2256 -789228.70 -164093.45
V 2264 -789236.45 -164095.53
V 2272 -789242.12 -164101.20
V 2280 -789244.20 -164108.95
V 2288 -789244.20 -164179.95
V 2296 -789242.12 -164187.70
V 2304 -789236.45 -164193.37
V 2312 -789228.70 -164195.45
V 2320 -789129.20 -164195.45
V 2328 -789129.20 -164235.45
V 2336 -789228.70 -164235.45
V 2344 -789236.45 -164237.53
V 2352 -789242.12 -164243.20
V 2360 -789244.20 -164250.95
V 2368 -789244.20 -164321.95
V 2376 -789242.12 -164329.70
V 2384 -789236.45 -164335.37
V 2392 -789228.70 -164337.45
V 2400 -789129.20 -164337.45
V 2408 -789129.20 -164377.45
V 2416 -789228.70 -164377.45
V 2424 -789236.45 -164379.53
V 2432 -789242.12 -164385.20
V 2440 -789244.20 -164392.95
V 2448 -789244.20 -164463.95
V 2456 -789242.12 -164471.70
V 2464 -789236.45 -164477.37
V 2472 -789228.70 -164479.45
V 2480 -789129.20 -164479.45
V 2488 -789129.20 -164519.45
V 2496 -789228.70 -164519.45
V 2504 -789236.45 -164521.53
V 2512 -789242.12 -164527.20
V 2520 -789244.20 -164534.95
V 2528 -789244.20 -164605.95
V 2536 -789242.12 -164613.70
V 2544 -789236.45 -164619.37
V 2552 -789228.70 -164621.45
V 2560 -789129.20 -164621.45
V 2568 -789129.20 -164661.45
V 2576 -789228.70 -164661.45
V 2584 -789236.45 -164663.53
V 2592 -789242.12 -164669.20
V 2600 -789244.20 -164676.95
V 2608 -789244.20 -164747.95
V 2616 -789242.12 -164755.70
V 2624 -789236.45 -164761.37
V 2632 -789228.70 -164763.45
V 2640 -789129.20 -164763.45
V 2648 -789129.20 -164803.45
V 2656 -789228.70 -164803.45
V 2664 -789236.45 -164805.53
V 2672 -789242.12 -164811.20
V 2680 -789244.20 -164818.95
V 2688 -789244.20 -164889.95
V 2696 -789242.12 -164897.70
V 2704 -789236.45 -164903.37
V 2712 -789228.70 -164905.45
V 2720 -789129.20 -164905.45
V 2728 -789129.20 -164945.45
V 2736 -789228.70 -164945.45
V 2744 -789236.45 -164947.53
V 2752 -789242.12 -164953.20
V 2760 -789244.20 -164960.95
V 2768 -789244.20 -165031.95
V 2776 -789242.12 -165039.70
V 2784 -789236.45 -165045.37
V 2792 -789228.70 -165047.45
V 2800 -789129.20 -165047.45
V 2808 -789129.20 -165087.45
V 2816 -789228.70 -165087.45
V 2824 -789236.45 -165089.53
V 2832 -789242.12 -165095.20
V 2840 -789244.20 -165102.95
V 2848 -789244.20 -165173.95
V 2856 -789242.12 -165181.70
V 2864 -789236.45 -165187.37
V 2872 -789228.70 -165189.45
V 2880 -789129.20 -165189.45
V 2888 -789129.20 -165229.45
V 2896 -789228.70 -165229.45
V 2904 -789236.45 -165231.53
V 2912 -789242.12 -165237.20
V 2920 -789244.20 -165244.95
V 2928 -789244.20 -165315.95
V 2936 -789242.12 -165323.70
V 2944 -789236.45 -165329.37
V 2952 -789228.70 -165331.45
V 2960 -789129.20 -165331.45
V 2968 -789129.20 -165371.45
V 2976 -789228.70 -165371.45
V 2984 -789236.45 -165373.53
V 2992 -789242.12 -165379.20
V 3000 -789244.20 -165386.95
V 3008 -789244.20 -165457.95
V 3016 -789242.12 -165465.70
V 3024 -789236.45 -165471.37
V 3032 -789228.70 -165473.45
V 3040 -789129.20 -165473.45
V 3048 -789129.20 -165513.45
V 3056 -789228.70 -165513.45
V 3064 -789236.45 -165515.53
V 3072 -789242.12 -165521.20
V 3080 -789244.20 -165528.95
V 3088 -789244.20 -165599.95
V 3096 -789242.12 -165607.70
V 3104 -789236.45 -165613.37
V 3112 -789228.70 -165615.45
V 3120 -789129.20 -165615.45
V 3128 -789129.20 -165655.45
V 3136 -789228.70 -165655.45
V 3144 -789236.45 -165657.53
V 3152 -789242.12 -165663.20
V 3160 -789244.20 -165670.95
V 3168 -789244.20 -165741.95
V 3176 -789242.12 -165749.70
V 3184 -789236.45 -165755.37
V 3192 -789228.70 -165757.45
V 3200 -789129.20 -165757.45
V 3208 -789129.20 -165797.45
V 3216 -789228.70 -165797.45
V 3224 -789236.45 -165799.53
V 3232 -789242.12 -165805.20
V 3240 -789244.20 -165812.95
V 3248 -789244.20 -165883.95
V 3256 -789242.12 -165891.70
V 3264 -789236.45 -165897.37
V 3272 -789228.70 -165899.45
V 3280 -789129.20 -165899.45
V 3288 -789129.20 -165939.45
V 3296 -789228.70 -165939.45
V 3304 -789236.45 -165941.53
V 3312 -789242.12 -165947.20
V 3320 -789244.20 -165954.95
V 3328 -789244.20 -166025.95
V 3336 -789242.12 -166033.70
V 3344 -789236.45 -166039.37
V 3352 -789228.70 -166041.45
V 3360 -789129.20 -166041.45
V 3368 -789129.20 -166081.45
V 3376 -789228.70 -166081.45
V 3384 -789236.45 -166083.53
V 3392 -789242.12 -166089.20
V 3400 -789244.20 -166096.95
V 3408 -789244.20 -166167.95
V 3416 -789242.12 -166175.70
V 3424 -789236.45 -166181.37
V 3432 -789228.70 -166183.45
V 3440 -789129.20 -166183.45
V 3448 -789129.20 -166223.45
V 3456 -789228.70 -166223.45
V 3464 -789236.45 -166225.53
V 3472 -789242.12 -166231.20
V 3480 -789244.20 -166238.95
V 3488 -789244.20 -166309.95
V 3496 -789242.12 -166317.70
V 3504 -789236.45 -166323.37
V 3512 -789228.70 -166325.45
V 3520 -789129.20 -166325.45
V 3528 -789129.20 -166365.45
V 3536 -789228.70 -166365.45
V 3544 -789236.45 -166367.53
V 3552 -789242.12 -166373.20
V 3560 -789244.20 -166380.95
V 3568 -789244.20 -166451.95
V 3576 -789242.12 -166459.70
V 3584 -789236.45 -166465.37
V 3592 -789228.70 -166467.45
V 3600 -789129.20 -166467.45
V 3608 -789129.20 -166507.45
V 3616 -789228.70 -166507.45
V 3624 -789236.45 -166509.53
V 3632 -789242.12 -166515.20
V 3640 -789244.20 -166522.95
V 3648 -789244.20 -166593.95
V 3656 -789242.12 -166601.70
V 3664 -789236.45 -166607.37
V 3672 -789228.70 -166609.45
V 3680 -789129.20 -166609.45
V 3688 -789129.20 -166649.45
V 3696 -789228.70 -166649.45
V 3704 -789236.45 -166651.53
V 3712 -789242.12 -166657.20
V 3720 -789244.20 -166664.95
V 3728 -789244.20 -166735.95
V 3736 -789242.12 -166743.70
V 3744 -789236.45 -166749.37
V 3752 -789228.70 -166751.45
V 3760 -789129.20 -166751.45
V 3768 -789129.20 -166791.45
V 3776 -789228.70 -166791.45
V 3784 -789236.45 -166793.53
V 3792 -789242.12 -166799.20
V 3800 -789244.20 -166806.95
V 3808 -789244.20 -166877.95
V 3816 -789242.12 -166885.70
V 3824 -789236.45 -166891.37
V 3832 -789228.70 -166893.45
V 3840 -789129.20 -166893.45
V 3848 -789129.20 -166933.45
V 3856 -789228.70 -166933.45
V 3864 -789236.45 -166935.53
V 3872 -789242.12 -166941.20
V 3880 -789244.20 -166948.95
V 3888 -789244.20 -167019.95
V 3896 -789242.12 -167027.70
V 3904 -789236.45 -167033.37
V 3912 -789228.70 -167035.45
V 3920 -789129.20 -167035.45
V 3928 -789129.20 -167075.45
V 3936 -789228.70 -167075.45
V 3944 -789236.45 -167077.53
V 3952 -789242.12 -167083.20
V 3960 -789244.20 -167090.95
V 3968 -789244.20 -167161.95
V 3976 -789242.12 -167169.70
V 3984 -789236.45 -167175.37
V 3992 -789228.70 -167177.45
V 4000 -789129.20 -167177.45
V 4008 -789129.20 -167217.45
V 4016 -789228.70 -167217.45
V 4024 -789236.45 -167219.53
V 4032 -789242.12 -167225.20
V 4040 -789244.20 -167232.95
V 4048 -789244.20 -167303.95
V 4056 -789242.12 -167311.70
V 4064 -789236.45 -167317.37
V 4072 -789228.70 -167319.45
V 4080 -789129.20 -167319.45
V 4088 -789129.20 -167359.45
V 4096 -789228.70 -167359.45
V 4104 -789236.45 -167361.53
V 4112 -789242.12 -167367.20
V 4120 -789244.20 -167374.95
V 4128 -789244.20 -167445.95
V 4136 -789242.12 -167453.70
V 4144 -789236.45 -167459.37
V 4152 -789228.70 -167461.45
V 4160 -789129.20 -167461.45
V 4168 -789129.20 -167501.45
V 4176 -789228.70 -167501.45
V 4184 -789236.45 -167503.53
V 4192 -789242.12 -167509.20
V 4200 -789244.20 -167516.95
V 4208 -789244.20 -167587.95
V 4216 -789242.12 -167595.70
V 4224 -789236.45 -167601.37
V 4232 -789228.70 -167603.45
V 4240 -789129.20 -167603.45
V 4248 -789129.20 -167643.45
V 4256 -789228.70 -167643.45
V 4264 -789236.45 -167645.53
V 4272 -789242.12 -167651.20
V 4280 -789244.20 -167658.95
V 4288 -789244.20 -167729.95
V 4296 -789242.12 -167737.70
V 4304 -789236.45 -167743.37
V 4312 -789228.70 -167745.45
V 4320 -789129.20 -167745.45
V 4328 -789129.20 -167785.45
V 4336 -789228.70 -167785.45
V 4344 -789236.45 -167787.53
V 4352 -789242.12 -167793.20
V 4360 -789244.20 -167800.95
V 4368 -789244.20 -167871.95
V 4376 -789242.12 -167879.70
V 4384 -789236.45 -167885.37
V 4392 -789228.70 -167887.45
V 4400 -789129.20 -167887.45
V 4408 -789129.20 -167927.45
V 4416 -789228.70 -167927.45
V 4424 -789236.45 -167929.53
V 4432 -789242.12 -167935.20
V 4440 -789244.20 -167942.95
V 4448 -789244.20 -168013.95
V 4456 -789242.12 -168021.70
V 4464 -789236.45 -168027.37
V 4472 -789228.70 -168029.45
V 4480 -789129.20 -168029.45
V 4488 -789129.20 -168069.45
V 4496 -789228.70 -168069.45
V 4504 -789236.45 -168071.53
V 4512 -789242.12 -168077.20
V 4520 -789244.20 -168084.95
V 4528 -789244.20 -168155.95
V 4536 -789242.12 -168163.70
V 4544 -789236.45 -168169.37
V 4552 -789228.70 -168171.45
V 4560 -789129.20 -168171.45
V 4568 -789129.20 -168211.45
V 4576 -789228.70 -168211.45
V 4584 -789236.45 -168213.53
V 4592 -789242.12 -168219.20
V 4600 -789244.20 -168226.95
V 4608 -789244.20 -168297.95
V 4616 -789242.12 -168305.70
V 4624 -789236.45 -168311.37
V 4632 -789228.70 -168313.45
V 4640 -789129.20 -168313.45
V 4648 -789129.20 -168353.45
V 4656 -789228.70 -168353.45
V 4664 -789236.45 -168355.53
V 4672 -789242.12 -168361.20
V 4680 -789244.20 -168368.95
V 4688 -789244.20 -168439.95
V 4696 -789242.12 -168447.70
V 4704 -789236.45 -168453.37
V 4712 -789228.70 -168455.45
V 4720 -789129.20 -168455.45
V 4728 -789129.20 -168495.45
V 4736 -789228.70 -168495.45
V 4744 -789236.45 -168497.53
V 4752 -789242.12 -168503.20
V 4760 -789244.20 -168510.95
V 4768 -789244.20 -168581.95
V 4776 -789242.12 -168589.70
V 4784 -789236.45 -168595.37
V 4792 -789228.70 -168597.45
V 4800 -789129.20 -168597.45
V 4808 -789129.20 -168637.45
V 4816 -789228.70 -168637.45
V 4824 -789236.45 -168639.53
V 4832 -789242.12 -168645.20
V 4840 -789244.20 -168652.95
V 4848 -789244.20 -168723.95
V 4856 -789242.12 -168731.70
V 4864 -789236.45 -168737.37
V 4872 -789228.70 -168739.45
V 4880 -789129.20 -168739.45
V 4888 -789129.20 -168779.45
V 4896 -789228.70 -168779.45
V 4904 -789236.45 -168781.53
V 4912 -789242.12 -168787.20
V 4920 -789244.20 -168794.95
V 4928 -789244.20 -168865.95
V 4936 -789242.12 -168873.70
V 4944 -789236.45 -168879.37
V 4952 -789228.70 -168881.45
V 4960 -789129.20 -168881.45
V 4968 -789129.20 -168921.45
V 4976 -789228.70 -168921.45
V 4984 -789236.45 -168923.53
V 4992 -789242.12 -168929.20
V 5000 -789244.20 -168936.95
V 5008 -789244.20 -169007.95
V 5016 -789242.12 -169015.70
V 5024 -789236.45 -169021.37
V 5032 -789228.70 -169023.45
V 5040 -789129.20 -169023.45
V 5048 -789129.20 -169063.45
V 5056 -789228.70 -169063.45
V 5064 -789236.45 -169065.53
V 5072 -789242.12 -169071.20
V 5080 -789244.20 -169078.95
V 5088 -789244.20 -169149.95
V 5096 -789242.12 -169157.70
V 5104 -789236.45 -169163.37
V 5112 -789228.70 -169165.45
V 5120 -789129.20 -169165.45
V 5128 -789129.20 -169205.45
V 5136 -789228.70 -169205.45
V 5144 -789236.45 -169207.53
V 5152 -789242.12 -169213.20
V 5160 -789244.20 -169220.95
V 5168 -789244.20 -169291.95
V 5176 -789242.12 -169299.70
V 5184 -789236.45 -169305.37
V 5192 -789228.70 -169307.45
V 5200 -789129.20 -169307.45
V 5208 -789129.20 -169347.45
V 5216 -789228.70 -169347.45
V 5224 -789236.45 -169349.53
V 5232 -789242.12 -169355.20
V 5240 -789244.20 -169362.95
V 5248 -789244.20 -169433.95
V 5256 -789242.12 -169441.70
V 5264 -789236.45 -169447.37
V 5272 -789228.70 -169449.45
V 5280 -789129.20 -169449.45
V 5288 -789129.20 -169489.45
V 5296 -789228.70 -169489.45
V 5304 -789236.45 -169491.53
V 5312 -789242.12 -169497.20
V 5320 -789244.20 -169504.95
V 5328 -789244.20 -169575.95
V 5336 -789242.12 -169583.70
V 5344 -789236.45 -169589.37
V 5352 -789228.70 -169591.45
V 5360 -789129.20 -169591.45
V 5368 -789129.20 -169631.45
V 5376 -789228.70 -169631.45
V 5384 -789236.45 -169633.53
V 5392 -789242.12 -169639.20
V 5400 -789244.20 -169646.95
V 5408 -789244.20 -169717.95
V 5416 -789242.12 -169725.70
V 5424 -789236.45 -169731.37
V 5432 -789228.70 -169733.45
V 5440 -789129.20 -169733.45
V 5448 -789129.20 -169773.45
V 5456 -789228.70 -169773.45
V 5464 -789236.45 -169775.53
V 5472 -789242.12 -169781.20
V 5480 -789244.20 -169788.95
V 5488 -789244.20 -169859.95
V 5496 -789242.12 -169867.70
V 5504 -789236.45 -169873.37
V 5512 -789228.70 -169875.45
V 5520 -789129.20 -169875.45
V 5528 -789129.20 -169915.45
V 5536 -789228.70 -169915.45
V 5544 -789236.45 -169917.53
V 5552 -789242.12 -169923.20
V 5560 -789244.20 -169930.95
V 5568 -789244.20 -170001.95
V 5576 -789242.12 -170009.70
V 5584 -789236.45 -170015.37
V 5592 -789228.70 -170017.45
V 5600 -789129.20 -170017.45
V 5608 -789129.20 -170057.45
V 5616 -789228.70 -170057.45
V 5624 -789236.45 -170059.53
V 5632 -789242.12 -170065.20
V 5640 -789244.20 -170072.95
V 5648 -789244.20 -170143.95
V 5656 -789242.12 -170151.70
V 5664 -789236.45 -170157.37
V 5672 -789228.70 -170159.45
V 5680 -789129.20 -170159.45
V 5688 -789129.20 -170199.45
V 5696 -789228.70 -170199.45
V 5704 -789236.45 -170201.53
V 5712 -789242.12 -170207.20
V 5720 -789244.20 -170214.95
V 5728 -789244.20 -170285.95
V 5736 -789242.12 -170293.70
V 5744 -789236.45 -170299.37
V 5752 -789228.70 -170301.45
V 5760 -789129.20 -170301.45
V 5768 -789129.20 -170341.45
V 5776 -789228.70 -170341.45
V 5784 -789236.45 -170343.53
V 5792 -789242.12 -170349.20
V 5800 -789244.20 -170356.95
V 5808 -789244.20 -170427.95
V 5816 -789242.12 -170435.70
V 5824 -789236.45 -170441.37
V 5832 -789228.70 -170443.45
V 5840 -789129.20 -170443.45
V 5848 -789129.20 -170483.45
V 5856 -789228.70 -170483.45
V 5864 -789236.45 -170485.53
V 5872 -789242.12 -170491.20
V 5880 -789244.20 -170498.95
V 5888 -789244.20 -170569.95
V 5896 -789242.12 -170577.70
V 5904 -789236.45 -170583.37
V 5912 -789228.70 -170585.45
V 5920 -789129.20 -170585.45
V 5928 -789129.20 -170625.45
V 5936 -789228.70 -170625.45
V 5944 -789236.45 -170627.53
V 5952 -789242.12 -170633.20
V 5960 -789244.20 -170640.95
V 5968 -789244.20 -170711.95
V 5976 -789242.12 -170719.70
V 5984 -789236.45 -170725.37
V 5992 -789228.70 -170727.45
V 6000 -789129.20 -170727.45
V 6008 -789129.20 -170767.45
V 6016 -789228.70 -170767.45
V 6024 -789236.45 -170769.53
V 6032 -789242.12 -170775.20
V 6040 -789244.20 -170782.95
V 6048 -789244.20 -170853.95
V 6056 -789242.12 -170861.70
V 6064 -789236.45 -170867.37
V 6072 -789228.70 -170869.45
V 6080 -789129.20 -170869.45
V 6088 -789129.20 -170909.45
V 6096 -789228.70 -170909.45
V 6104 -789236.45 -170911.53
V 6112 -789242.12 -170917.20
V 6120 -789244.20 -170924.95
V 6128 -789244.20 -170995.95
V 6136 -789242.12 -171003.70
V 6144 -789236.45 -171009.37
V 6152 -789228.70 -171011.45
V 6160 -789129.20 -171011.45
V 6168 -789129.20 -171051.45
V 6176 -789228.70 -171051.45
V 6184 -789236.45 -171053.53
V 6192 -789242.12 -171059.20
V 6200 -789244.20 -171066.95
V 6208 -789244.20 -171137.95
V 6216 -789242.12 -171145.70
V 6224 -789236.45 -171151.37
V 6232 -789228.70 -171153.45
V 6240 -789129.20 -171153.45
V 6248 -789129.20 -171193.45
V 6256 -789228.70 -171193.45
V 6264 -789236.45 -171195.53
V 6272 -789242.12 -171201.20
V 6280 -789244.20 -171208.95
V 6288 -789244.20 -171279.95
V 6296 -789242.12 -171287.70
V 6304 -789236.45 -171293.37
V 6312 -789228.70 -171295.45
V 6320 -789129.20 -171295.45
V 6328 -789129.20 -171335.45
V 6336 -789228.70 -171335.45
V 6344 -789236.45 -171337.53
V 6352 -789242.12 -171343.20
V 6360 -789244.20 -171350.95
V 6368 -789244.20 -171421.95
V 6376 -789242.12 -171429.70
V 6384 -789236.45 -171435.37
V 6392 -789228.70 -171437.45
V 6400 -789129.20 -171437.45
V 6408 -789129.20 -171477.45
V 6416 -789228.70 -171477.45
V 6424 -789236.45 -171479.53
V 6432 -789242.12 -171485.20
V 6440 -789244.20 -171492.95
V 6448 -789244.20 -171563.95
V 6456 -789242.12 -171571.70
V 6464 -789236.45 -171577.37
V 6472 -789228.70 -171579.45
V 6480 -789129.20 -171579.45
V 6488 -789129.20 -171619.45
V 6496 -789228.70 -171619.45
V 6504 -789236.45 -171621.53
V 6512 -789242.12 -171627.20
V 6520 -789244.20 -171634.95
V 6528 -789244.20 -171705.95
V 6536 -789242.12 -171713.70
V 6544 -789236.45 -171719.37
V 6552 -789228.70 -171721.45
V 6560 -789129.20 -171721.45
V 6568 -789129.20 -171761.45
V 6576 -789228.70 -171761.45
V 6584 -789236.45 -171763.53
V 6592 -789242.12 -171769.20
V 6600 -789244.20 -171776.95
V 6608 -789244.20 -171847.95
V 6616 -789242.12 -171855.70
V 6624 -789236.45 -171861.37
V 6632 -789228.70 -171863.45
V 6640 -789129.20 -171863.45
V 6648 -789129.20 -171903.45
V 6656 -789228.70 -171903.45
V 6664 -789236.45 -171905.53
V 6672 -789242.12 -171911.20
V 6680 -789244.20 -171918.95
V 6688 -789244.20 -171989.95
V 6696 -789242.12 -171997.70
V 6704 -789236.45 -172003.37
V 6712 -789228.70 -172005.45
V 6720 -789129.20 -172005.45
V 6728 -789129.20 -172045.45
V 6736 -789228.70 -172045.45
V 6744 -789236.45 -172047.53
V 6752 -789242.12 -172053.20
V 6760 -789244.20 -172060.95
V 6768 -789244.20 -172131.95
V 6776 -789242.12 -172139.70
V 6784 -789236.45 -172145.37
V 6792 -789228.70 -172147.45
V 6800 -789129.20 -172147.45
V 6808 -789129.20 -172187.45
V 6816 -789228.70 -172187.45
V 6824 -789236.45 -172189.53
V 6832 -789242.12 -172195.20
V 6840 -789244.20 -172202.95
V 6848 -789244.20 -172273.95
V 6856 -789242.12 -172281.70
V 6864 -789236.45 -172287.37
V 6872 -789228.70 -172289.45
V 6880 -789129.20 -172289.45
V 6888 -789129.20 -172329.45
V 6896 -789228.70 -172329.45
V 6904 -789236.45 -172331.53
V 6912 -789242.12 -172337.20
V 6920 -789244.20 -172344.95
V 6928 -789244.20 -172415.95
V 6936 -789242.12 -172423.70
V 6944 -789236.45 -172429.37
V 6952 -789228.70 -172431.45
V 6960 -789129.20 -172431.45
V 6968 -789129.20 -172471.45
V 6976 -789228.70 -172471.45
V 6984 -789236.45 -172473.53
V 6992 -789242.12 -172479.20
V 7000 -789244.20 -172486.95
V 7008 -789244.20 -172557.95
V 7016 -789242.12 -172565.70
V 7024 -789236.45 -172571.37
V 7032 -789228.70 -172573.45
V 7040 -789129.20 -172573.45
V 7048 -789129.20 -172613.45
V 7056 -789228.70 -172613.45
V 7064 -789236.45 -172615.53
V 7072 -789242.12 -172621.20
V 7080 -789244.20 -172628.95
V 7088 -789244.20 -172699.95
V 7096 -789242.12 -172707.70
V 7104 -789236.45 -172713.37
V 7112 -789228.70 -172715.45
V 7120 -789129.20 -172715.45
V 7128 -789129.20 -172755.45
V 7136 -789228.70 -172755.45
V 7144 -789236.45 -172757.53
V 7152 -789242.12 -172763.20
V 7160 -789244.20 -172770.95
V 7168 -789244.20 -172841.95
V 7176 -789242.12 -172849.70
V 7184 -789236.45 -172855.37
V 7192 -789228.70 -172857.45
V 7200 -789129.20 -172857.45
V 7208 -789129.20 -172897.45
V 7216 -789228.70 -172897.45
V 7224 -789236.45 -172899.53
V 7232 -789242.12 -172905.20
V 7240 -789244.20 -172912.95
V 7248 -789244.20 -172983.95
V 7256 -789242.12 -172991.70
V 7264 -789236.45 -172997.37
V 7272 -789228.70 -172999.45
V 7280 -789129.20 -172999.45
V 7288 -789129.20 -173039.45
V 7296 -789228.70 -173039.45
V 7304 -789236.45 -173041.53
V 7312 -789242.12 -173047.20
V 7320 -789244.20 -173054.95
V 7328 -789244.20 -173125.95
V 7336 -789242.12 -173133.70
V 7344 -789236.45 -173139.37
V 7352 -789228.70 -173141.45
V 7360 -789129.20 -173141.45
V 7368 -789129.20 -173181.45
V 7376 -789228.70 -173181.45
V 7384 -789236.45 -173183.53
V 7392 -789242.12 -173189.20
V 7400 -789244.20 -173196.95
V 7408 -789244.20 -173267.95
V 7416 -789242.12 -173275.70
V 7424 -789236.45 -173281.37
V 7432 -789228.70 -173283.45
V 7440 -789129.20 -173283.45
V 7448 -789129.20 -173323.45
V 7456 -789228.70 -173323.45
V 7464 -789236.45 -173325.53
V 7472 -789242.12 -173331.20
V 7480 -789244.20 -173338.95
V 7488 -789244.20 -173409.95
V 7496 -789242.12 -173417.70
V 7504 -789236.45 -173423.37
V 7512 -789228.70 -173425.45
V 7520 -789129.20 -173425.45
V 7528 -789129.20 -173465.45
V 7536 -789228.70 -173465.45
V 7544 -789236.45 -173467.53
V 7552 -789242.12 -173473.20
V 7560 -789244.20 -173480.95
V 7568 -789244.20 -173551.95
V 7576 -789242.12 -173559.70
V 7584 -789236.45 -173565.37
V 7592 -789228.70 -173567.45
V 7600 -789129.20 -173567.45
V 7608 -789129.20 -173607.45
V 7616 -789228.70 -173607.45
V 7624 -789236.45 -173609.53
V 7632 -789242.12 -173615.20
V 7640 -789244.20 -173622.95
V 7648 -789244.20 -173693.95
V 7656 -789242.12 -173701.70
V 7664 -789236.45 -173707.37
V 7672 -789228.70 -173709.45
V 7680 -789129.20 -173709.45
V 7688 -789129.20 -173749.45
V 7696 -789228.70 -173749.45
V 7704 -789236.45 -173751.53
V 7712 -789242.12 -173757.20
V 7720 -789244.20 -173764.95
V 7728 -789244.20 -173835.95
V 7736 -789242.12 -173843.70
V 7744 -789236.45 -173849.37
V 7752 -789228.70 -173851.45
V 7760 -789129.20 -173851.45
V 7768 -789129.20 -173891.45
V 7776 -789228.70 -173891.45
V 7784 -789236.45 -173893.53
V 7792 -789242.12 -173899.20
V 7800 -789244.20 -173906.95
V 7808 -789244.20 -173977.95
V 7816 -789242.12 -173985.70
V 7824 -789236.45 -173991.37
V 7832 -789228.70 -173993.45
V 7840 -789129.20 -173993.45
V 7848 -789129.20 -174033.45
V 7856 -789228.70 -174033.45
V 7864 -789236.45 -174035.53
V 7872 -789242.12 -174041.20
V 7880 -789244.20 -174048.95
V 7888 -789244.20 -174119.95
V 7896 -789242.12 -174127.70
V 7904 -789236.45 -174133.37
V 7912 -789228.70 -174135.45
V 7920 -789129.20 -174135.45
V 7928 -789129.20 -174175.45
V 7936 -789228.70 -174175.45
V 7944 -789236.45 -174177.53
V 7952 -789242.12 -174183.20
V 7960 -789244.20 -174190.95
V 7968 -789244.20 -174261.95
V 7976 -789242.12 -174269.70
V 7984 -789236.45 -174275.37
V 7992 -789228.70 -174277.45
V 8000 -789129.20 -174277.45
V 8008 -789129.20 -174317.45
V 8016 -789228.70 -174317.45
V 8024 -789236.45 -174319.53
V 8032 -789242.12 -174325.20
V 8040 -789244.20 -174332.95
V 8048 -789244.20 -174403.95
V 8056 -789242.12 -174411.70
V 8064 -789236.45 -174417.37
V 8072 -789228.70 -174419.45
V 8080 -789129.20 -174419.45
V 8088 -789129.20 -174459.45
V 8096 -789228.70 -174459.45
V 8104 -789236.45 -174461.53
V 8112 -789242.12 -174467.20
V 8120 -789244.20 -174474.95
V 8128 -789244.20 -174545.95
V 8136 -789242.12 -174553.70
V 8144 -789236.45 -174559.37
V 8152 -789228.70 -174561.45
V 8160 -789129.20 -174561.45
V 8168 -789129.20 -174601.45
V 8176 -789228.70 -174601.45
V 8184 -789236.45 -174603.53
V 8192 -789242.12 -174609.20
V 8200 -789244.20 -174616.95
V 8208 -789244.20 -174687.95
V 8216 -789242.12 -174695.70
V 8224 -789236.45 -174701.37
V 8232 -789228.70 -174703.45
V 8240 -789129.20 -174703.45
V 8248 -789129.20 -174743.45
V 8256 -789228.70 -174743.45
V 8264 -789236.45 -174745.53
V 8272 -789242.12 -174751.20
V 8280 -789244.20 -174758.95
V 8288 -789244.20 -174829.95
V 8296 -789242.12 -174837.70
V 8304 -789236.45 -174843.37
V 8312 -789228.70 -174845.45
V 8320 -789129.20 -174845.45
V 8328 -789129.20 -174885.45
V 8336 -789228.70 -174885.45
V 8344 -789236.45 -174887.53
V 8352 -789242.12 -174893.20
V 8360 -789244.20 -174900.95
V 8368 -789244.20 -174971.95
V 8376 -789242.12 -174979.70
V 8384 -789236.45 -174985.37
V 8392 -789228.70 -174987.45
V 8400 -789129.20 -174987.45
V 8408 -789129.20 -175027.45
V 8416 -789228.70 -175027.45
V 8424 -789236.45 -175029.53
V 8432 -789242.12 -175035.20
V 8440 -789244.20 -175042.95
V 8448 -789244.20 -175113.95
V 8456 -789242.12 -175121.70
V 8464 -789236.45 -175127.37
V 8472 -789228.70 -175129.45
V 8480 -789129.20 -175129.45
V 8488 -789129.20 -175169.45
V 8496 -789228.70 -175169.45
V 8504 -789236.45 -175171.53
V 8512 -789242.12 -175177.20
V 8520 -789244.20 -175184.95
V 8528 -789244.20 -175255.95
V 8536 -789242.12 -175263.70
V 8544 -789236.45 -175269.37
V 8552 -789228.70 -175271.45
V 8560 -789129.20 -175271.45
V 8568 -789129.20 -175311.45
V 8576 -789228.70 -175311.45
V 8584 -789236.45 -175313.53
V 8592 -789242.12 -175319.20
V 8600 -789244.20 -175326.95
V 8608 -789244.20 -175397.95
V 8616 -789242.12 -175405.70
V 8624 -789236.45 -175411.37
V 8632 -789228.70 -175413.45
V 8640 -789129.20 -175413.45
V 8648 -789129.20 -175453.45
V 8656 -789228.70 -175453.45
V 8664 -789236.45 -175455.53
V 8672 -789242.12 -175461.20
V 8680 -789244.20 -175468.95
V 8688 -789244.20 -175539.95
V 8696 -789242.12 -175547.70
V 8704 -789236.45 -175553.37
V 8712 -789228.70 -175555.45
V 8720 -789129.20 -175555.45
V 8728 -789129.20 -175595.45
V 8736 -789228.70 -175595.45
V 8744 -789236.45 -175597.53
V 8752 -789242.12 -175603.20
V 8760 -789244.20 -175610.95
V 8768 -789244.20 -175681.95
V 8776 -789242.12 -175689.70
V 8784 -789236.45 -175695.37
V 8792 -789228.70 -175697.45
V 8800 -789129.20 -175697.45
V 8808 -789129.20 -175737.45
V 8816 -789228.70 -175737.45
V 8824 -789236.45 -175739.53
V 8832 -789242.12 -175745.20
V 8840 -789244.20 -175752.95
V 8848 -789244.20 -175823.95
V 8856 -789242.12 -175831.70
V 8864 -789236.45 -175837.37
V 8872 -789228.70 -175839.45
V 8880 -789129.20 -175839.45
V 8888 -789129.20 -175879.45
V 8896 -789228.70 -175879.45
V 8904 -789236.45 -175881.53
V 8912 -789242.12 -175887.20
V 8920 -789244.20 -175894.95
V 8928 -789244.20 -175965.95
V 8936 -789242.12 -175973.70
V 8944 -789236.45 -175979.37
V 8952 -789228.70 -175981.45
V 8960 -789129.20 -175981.45
V 8968 -789129.20 -176021.45
V 8976 -789228.70 -176021.45
V 8984 -789236.45 -176023.53
V 8992 -789242.12 -176029.20
V 9000 -789244.20 -176036.95
V 9008 -789244.20 -176107.95
V 9016 -789242.12 -176115.70
V 9024 -789236.45 -176121.37
V 9032 -789228.70 -176123.45
V 9040 -789129.20 -176123.45
V 9048 -789129.20 -176163.45
V 9056 -789228.70 -176163.45
V 9064 -789236.45 -176165.53
V 9072 -789242.12 -176171.20
V 9080 -789244.20 -176178.95
V 9088 -789244.20 -176249.95
V 9096 -789242.12 -176257.70
V 9104 -789236.45 -176263.37
V 9112 -789228.70 -176265.45
V 9120 -789129.20 -176265.45
V 9128 -789129.20 -176305.45
V 9136 -789228.70 -176305.45
V 9144 -789236.45 -176307.53
V 9152 -789242.12 -176313.20
V 9160 -789244.20 -176320.95
V 9168 -789244.20 -176391.95
V 9176 -789242.12 -176399.70
V 9184 -789236.45 -176405.37
V 9192 -789228.70 -176407.45
V 9200 -789129.20 -176407.45
V 9208 -789129.20 -176447.45
V 9216 -789228.70 -176447.45
V 9224 -789236.45 -176449.53
V 9232 -789242.12 -176455.20
V 9240 -789244.20 -176462.95
V 9248 -789244.20 -176533.95
V 9256 -789242.12 -176541.70
V 9264 -789236.45 -176547.37
V 9272 -789228.70 -176549.45
V 9280 -789129.20 -176549.45
V 9288 -789129.20 -176589.45
V 9296 -789228.70 -176589.45
V 9304 -789236.45 -176591.53
V 9312 -789242.12 -176597.20
V 9320 -789244.20 -176604.95
V 9328 -789244.20 -176675.95
V 9336 -789242.12 -176683.70
V 9344 -789236.45 -176689.37
V 9352 -789228.70 -176691.45
V 9360 -789129.20 -176691.45
V 9368 -789129.20 -176731.45
V 9376 -789228.70 -176731.45
V 9384 -789236.45 -176733.53
V 9392 -789242.12 -176739.20
V 9400 -789244.20 -176746.95
V 9408 -789244.20 -176817.95
V 9416 -789242.12 -176825.70
V 9424 -789236.45 -176831.37
V 9432 -789228.70 -176833.45
V 9440 -789129.20 -176833.45
V 9448 -789129.20 -176873.45
V 9456 -789228.70 -176873.45
V 9464 -789236.45 -176875.53
V 9472 -789242.12 -176881.20
V 9480 -789244.20 -176888.95
V 9488 -789244.20 -176959.95
V 9496 -789242.12 -176967.70
V 9504 -789236.45 -176973.37
V 9512 -789228.70 -176975.45
V 9520 -789129.20 -176975.45
V 9528 -789129.20 -177015.45
V 9536 -789228.70 -177015.45
V 9544 -789236.45 -177017.53
V 9552 -789242.12 -177023.20
V 9560 -789244.20 -177030.95
V 9568 -789244.20 -177101.95
V 9576 -789242.12 -177109.70
V 9584 -789236.45 -177115.37
V 9592 -789228.70 -177117.45
V 9600 -789129.20 -177117.45
V 9608 -789129.20 -177157.45
V 9616 -789228.70 -177157.45
V 9624 -789236.45 -177159.53
V 9632 -789242.12 -177165.20
V 9640 -789244.20 -177172.95
V 9648 -789244.20 -177243.95
V 9656 -789242.12 -177251.70
V 9664 -789236.45 -177257.37
V 9672 -789228.70 -177259.45
V 9680 -789129.20 -177259.45
V 9688 -789129.20 -177299.45
V 9696 -789228.70 -177299.45
V 9704 -789236.45 -177301.53
V 9712 -789242.12 -177307.20
V 9720 -789244.20 -177314.95
V 9728 -789244.20 -177385.95
V 9736 -789242.12 -177393.70
V 9744 -789236.45 -177399.37
V 9752 -789228.70 -177401.45
V 9760 -789129.20 -177401.45
V 9768 -789129.20 -177441.45
V 9776 -789228.70 -177441.45
V 9784 -789236.45 -177443.53
V 9792 -789242.12 -177449.20
V 9800 -789244.20 -177456.95
V 9808 -789244.20 -177527.95
V 9816 -789242.12 -177535.70
V 9824 -789236.45 -177541.37
V 9832 -789228.70 -177543.45
V 9840 -789129.20 -177543.45
V 9848 -789129.20 -177583.45
V 9856 -789228.70 -177583.45
V 9864 -789236.45 -177585.53
V 9872 -789242.12 -177591.20
V 9880 -789244.20 -177598.95
V 9888 -789244.20 -177669.95
V 9896 -789242.12 -177677.70
V 9904 -789236.45 -177683.37
V 9912 -789228.70 -177685.45
V 9920 -789129.20 -177685.45
V 9928 -789129.20 -177725.45
V 9936 -789228.70 -177725.45
V 9944 -789236.45 -177727.53
V 9952 -789242.12 -177733.20
V 9960 -789244.20 -177740.95
V 9968 -789244.20 -177811.95
V 9976 -789242.12 -177819.70
V 9984 -789236.45 -177825.37
V 9992 -789228.70 -177827.45
V 10000 -789129.20 -177827.45
V 10008 -789129.20 -177867.45
V 10016 -789228.70 -177867.45
V 10024 -789236.45 -177869.53
V 10032 -789242.12 -177875.20
V 10040 -789244.20 -177882.95
V 10048 -789244.20 -177953.95
V 10056 -789242.12 -177961.70
V 10064 -789236.45 -177967.37
V 10072 -789228.70 -177969.45
V 10080 -789129.20 -177969.45
V 10088 -789129.20 -178009.45
V 10096 -789228.70 -178009.45
V 10104 -789236.45 -178011.53
V 10112 -789242.12 -178017.20
V 10120 -789244.20 -178024.95
V 10128 -789244.20 -178095.95
V 10136 -789242.12 -178103.70
V 10144 -789236.45 -178109.37
V 10152 -789228.70 -178111.45
V 10160 -789129.20 -178111.45
V 10168 -789129.20 -178151.45
V 10176 -789228.70 -178151.45
V 10184 -789236.45 -178153.53
V 10192 -789242.12 -178159.20
V 10200 -789244.20 -178166.95
V 10208 -789244.20 -178237.95
V 10216 -789242.12 -178245.70
V 10224 -789236.45 -178251.37
V 10232 -789228.70 -178253.45
V 10240 -789129.20 -178253.45
V 10248 -789129.20 -178293.45
V 10256 -789228.70 -178293.45
V 10264 -789236.45 -178295.53
V 10272 -789242.12 -178301.20
V 10280 -789244.20 -178308.95
V 10288 -789244.20 -178379.95
V 10296 -789242.12 -178387.70
V 10304 -789236.45 -178393.37
V 10312 -789228.70 -178395.45
V 10320 -789186.70 -178395.45
V 10328 -789186.70 -178404.45
V 10336 -789155.70 -178404.45
V 10344 -789155.70 -178379.95
V 10352 -789155.74 -178378.84
V 10360 -789155.86 -178377.74
V 10368 -789156.05 -178376.66
V 10376 -789156.33 -178375.58
V 10384 -789156.68 -178374.53
V 10392 -789157.10 -178373.51
V 10400 -789157.60 -178372.52
V 10408 -789158.16 -178371.57
V 10416 -789158.79 -178370.66
V 10424 -789159.49 -178369.80
V 10432 -789160.24 -178368.99
V 10440 -789161.05 -178368.24
V 10448 -789161.91 -178367.54
V 10456 -789162.82 -178366.91
V 10464 -789163.77 -178366.35
V 10472 -789164.76 -178365.85
V 10480 -789165.78 -178365.43
V 10488 -789166.83 -178365.08
V 10496 -789167.91 -178364.80
V 10504 -789168.99 -178364.61
V 10512 -789170.09 -178364.49
V 10520 -789171.20 -178364.45
V 10528 -789213.20 -178364.45
V 10536 -789213.20 -178324.45
V 10544 -789113.70 -178324.45
V 10552 -789105.95 -178322.37
V 10560 -789100.28 -178316.70
V 10568 -789098.20 -178308.95
V 10576 -789098.20 -178237.95
V 10584 -789100.28 -178230.20
V 10592 -789105.95 -178224.53
V 10600 -789113.70 -178222.45
V 10608 -789213.20 -178222.45
V 10616 -789213.20 -178182.45
V 10624 -789113.70 -178182.45
V 10632 -789105.95 -178180.37
V 10640 -789100.28 -178174.70
V 10648 -789098.20 -178166.95
V 10656 -789098.20 -178095.95
V 10664 -789100.28 -178088.20
V 10672 -789105.95 -178082.53
V 10680 -789113.70 -178080.45
V 10688 -789213.20 -178080.45
V 10696 -789213.20 -178040.45
V 10704 -789113.70 -178040.45
V 10712 -789105.95 -178038.37
V 10720 -789100.28 -178032.70
V 10728 -789098.20 -178024.95
V 10736 -789098.20 -177953.95
V 10744 -789100.28 -177946.20
V 10752 -789105.95 -177940.53
V 10760 -789113.70 -177938.45
V 10768 -789213.20 -177938.45
V 10776 -789213.20 -177898.45
V 10784 -789113.70 -177898.45
V 10792 -789105.95 -177896.37
V 10800 -789100.28 -177890.70
V 10808 -789098.20 -177882.95
V 10816 -789098.20 -177811.95
V 10824 -789100.28 -177804.20
V 10832 -789105.95 -177798.53
V 10840 -789113.70 -177796.45
V 10848 -789213.20 -177796.45
V 10856 -789213.20 -177756.45
V 10864 -789113.70 -177756.45
V 10872 -789105.95 -177754.37
V 10880 -789100.28 -177748.70
V 10888 -789098.20 -177740.95
V 10896 -789098.20 -177669.95
V 10904 -789100.28 -177662.20
V 10912 -789105.95 -177656.53
V 10920 -789113.70 -177654.45
V 10928 -789213.20 -177654.45
V 10936 -789213.20 -177614.45
V 10944 -789113.70 -177614.45
V 10952 -789105.95 -177612.37
V 10960 -789100.28 -177606.70
V 10968 -789098.20 -177598.95
V 10976 -789098.20 -177527.95
V 10984 -789100.28 -177520.20
V 10992 -789105.95 -177514.53
V 11000 -789113.70 -177512.45
V 11008 -789213.20 -177512.45
V 11016 -789213.20 -177472.45
V 11024 -789113.70 -177472.45
V 11032 -789105.95 -177470.37
V 11040 -789100.28 -177464.70
V 11048 -789098.20 -177456.95
V 11056 -789098.20 -177385.95
V 11064 -789100.28 -177378.20
V 11072 -789105.95 -177372.53
V 11080 -789113.70 -177370.45
V 11088 -789213.20 -177370.45
V 11096 -789213.20 -177330.45
V 11104 -789113.70 -177330.45
V 11112 -789105.95 -177328.37
V 11120 -789100.28 -177322.70
V 11128 -789098.20 -177314.95
V 11136 -789098.20 -177243.95
V 11144 -789100.28 -177236.20
V 11152 -789105.95 -177230.53
V 11160 -789113.70 -177228.45
V 11168 -789213.20 -177228.45
V 11176 -789213.20 -177188.45
V 11184 -789113.70 -177188.45
V 11192 -789105.95 -177186.37
V 11200 -789100.28 -177180.70
V 11208 -789098.20 -177172.95
V 11216 -789098.20 -177101.95
V 11224 -789100.28 -177094.20
V 11232 -789105.95 -177088.53
V 11240 -789113.70 -177086.45
V 11248 -789213.20 -177086.45
V 11256 -789213.20 -177046.45
V 11264 -789113.70 -177046.45
V 11272 -789105.95 -177044.37
V 11280 -789100.28 -177038.70
V 11288 -789098.20 -177030.95
V 11296 -789098.20 -176959.95
V 11304 -789100.28 -176952.20
V 11312 -789105.95 -176946.53
V 11320 -789113.70 -176944.45
V 11328 -789213.20 -176944.45
V 11336 -789213.20 -176904.45
V 11344 -789113.70 -176904.45
V 11352 -789105.95 -176902.37
V 11360 -789100.28 -176896.70
V 11368 -789098.20 -176888.95
V 11376 -789098.20 -176817.95
V 11384 -789100.28 -176810.20
V 11392 -789105.95 -176804.53
V 11400 -789113.70 -176802.45
V 11408 -789213.20 -176802.45
V 11416 -789213.20 -176762.45
V 11424 -789113.70 -176762.45
V 11432 -789105.95 -176760.37
V 11440 -789100.28 -176754.70
V 11448 -789098.20 -176746.95
V 11456 -789098.20 -176675.95
V 11464 -789100.28 -176668.20
V 11472 -789105.95 -176662.53
V 11480 -789113.70 -176660.45
V 11488 -789213.20 -176660.45
V 11496 -789213.20 -176620.45
V 11504 -789113.70 -176620.45
V 11512 -789105.95 -176618.37
V 11520 -789100.28 -176612.70
V 11528 -789098.20 -176604.95
V 11536 -789098.20 -176533.95
V 11544 -789100.28 -176526.20
V 11552 -789105.95 -176520.53
V 11560 -789113.70 -176518.45
V 11568 -789213.20 -176518.45
V 11576 -789213.20 -176478.45
V 11584 -789113.70 -176478.45
V 11592 -789105.95 -176476.37
V 11600 -789100.28 -176470.70
V 11608 -789098.20 -176462.95
V 11616 -789098.20 -176391.95
V 11624 -789100.28 -176384.20
V 11632 -789105.95 -176378.53
V 11640 -789113.70 -176376.45
V 11648 -789213.20 -176376.45
V 11656 -789213.20 -176336.45
V 11664 -789113.70 -176336.45
V 11672 -789105.95 -176334.37
V 11680 -789100.28 -176328.70
V 11688 -789098.20 -176320.95
V 11696 -789098.20 -176249.95
V 11704 -789100.28 -176242.20
V 11712 -789105.95 -176236.53
V 11720 -789113.70 -176234.45
V 11728 -789213.20 -176234.45
V 11736 -789213.20 -176194.45
V 11744 -789113.70 -176194.45
V 11752 -789105.95 -176192.37
V 11760 -789100.28 -176186.70
V 11768 -789098.20 -176178.95
V 11776 -789098.20 -176107.95
V 11784 -789100.28 -176100.20
V 11792 -789105.95 -176094.53
V 11800 -789113.70 -176092.45
V 11808 -789213.20 -176092.45
V 11816 -789213.20 -176052.45
V 11824 -789113.70 -176052.45
V 11832 -789105.95 -176050.37
V 11840 -789100.28 -176044.70
V 11848 -789098.20 -176036.95
V 11856 -789098.20 -175965.95
V 11864 -789100.28 -175958.20
V 11872 -789105.95 -175952.53
V 11880 -789113.70 -175950.45
V 11888 -789213.20 -175950.45
V 11896 -789213.20 -175910.45
V 11904 -789113.70 -175910.45
V 11912 -789105.95 -175908.37
V 11920 -789100.28 -175902.70
V 11928 -789098.20 -175894.95
V 11936 -789098.20 -175823.95
V 11944 -789100.28 -175816.20
V 11952 -789105.95 -175810.53
V 11960 -789113.70 -175808.45
V 11968 -789213.20 -175808.45
V 11976 -789213.20 -175768.45
V 11984 -789113.70 -175768.45
V 11992 -789105.95 -175766.37
V 12000 -789100.28 -175760.70
V 12008 -789098.20 -175752.95
V 12016 -789098.20 -175681.95
V 12024 -789100.28 -175674.20
V 12032 -789105.95 -175668.53
V 12040 -789113.70 -175666.45
V 12048 -789213.20 -175666.45
V 12056 -789213.20 -175626.45
V 12064 -789113.70 -175626.45
V 12072 -789105.95 -175624.37
V 12080 -789100.28 -175618.70
V 12088 -789098.20 -175610.95
V 12096 -789098.20 -175539.95
V 12104 -789100.28 -175532.20
V 12112 -789105.95 -175526.53
V 12120 -789113.70 -175524.45
V 12128 -789213.20 -175524.45
V 12136 -789213.20 -175484.45
V 12144 -789113.70 -175484.45
V 12152 -789105.95 -175482.37
V 12160 -789100.28 -175476.70
V 12168 -789098.20 -175468.95
V 12176 -789098.20 -175397.95
V 12184 -789100.28 -175390.20
V 12192 -789105.95 -175384.53
V 12200 -789113.70 -175382.45
V 12208 -789213.20 -175382.45
V 12216 -789213.20 -175342.45
V 12224 -789113.70 -175342.45
V 12232 -789105.95 -175340.37
V 12240 -789100.28 -175334.70
V 12248 -789098.20 -175326.95
V 12256 -789098.20 -175255.95
V 12264 -789100.28 -175248.20
V 12272 -789105.95 -175242.53
V 12280 -789113.70 -175240.45
V 12288 -789213.20 -175240.45
V 12296 -789213.20 -175200.45
V 12304 -789113.70 -175200.45
V 12312 -789105.95 -175198.37
V 12320 -789100.28 -175192.70
V 12328 -789098.20 -175184.95
V 12336 -789098.20 -175113.95
V 12344 -789100.28 -175106.20
V 12352 -789105.95 -175100.53
V 12360 -789113.70 -175098.45
V 12368 -789213.20 -175098.45
V 12376 -789213.20 -175058.45
V 12384 -789113.70 -175058.45
V 12392 -789105.95 -175056.37
V 12400 -789100.28 -175050.70
V 12408 -789098.20 -175042.95
V 12416 -789098.20 -174971.95
V 12424 -789100.28 -174964.20
V 12432 -789105.95 -174958.53
V 12440 -789113.70 -174956.45
V 12448 -789213.20 -174956.45
V 12456 -789213.20 -174916.45
V 12464 -789113.70 -174916.45
V 12472 -789105.95 -174914.37
V 12480 -789100.28 -174908.70
V 12488 -789098.20 -174900.95
V 12496 -789098.20 -174829.95
V 12504 -789100.28 -174822.20
V 12512 -789105.95 -174816.53
V 12520 -789113.70 -174814.45
V 12528 -789213.20 -174814.45
V 12536 -789213.20 -174774.45
V 12544 -789113.70 -174774.45
V 12552 -789105.95 -174772.37
V 12560 -789100.28 -174766.70
V 12568 -789098.20 -174758.95
V 12576 -789098.20 -174687.95
V 12584 -789100.28 -174680.20
V 12592 -789105.95 -174674.53
V 12600 -789113.70 -174672.45
V 12608 -789213.20 -174672.45
V 12616 -789213.20 -174632.45
V 12624 -789113.70 -174632.45
V 12632 -789105.95 -174630.37
V 12640 -789100.28 -174624.70
V 12648 -789098.20 -174616.95
V 12656 -789098.20 -174545.95
V 12664 -789100.28 -174538.20
V 12672 -789105.95 -174532.53
V 12680 -789113.70 -174530.45
V 12688 -789213.20 -174530.45
V 12696 -789213.20 -174490.45
V 12704 -789113.70 -174490.45
V 12712 -789105.95 -174488.37
V 12720 -789100.28 -174482.70
V 12728 -789098.20 -174474.95
V 12736 -789098.20 -174403.95
V 12744 -789100.28 -174396.20
V 12752 -789105.95 -174390.53
V 12760 -789113.70 -174388.45
V 12768 -789213.20 -174388.45
V 12776 -789213.20 -174348.45
V 12784 -789113.70 -174348.45
V 12792 -789105.95 -174346.37
V 12800 -789100.28 -174340.70
V 12808 -789098.20 -174332.95
V 12816 -789098.20 -174261.95
V 12824 -789100.28 -174254.20
V 12832 -789105.95 -174248.53
V 12840 -789113.70 -174246.45
V 12848 -789213.20 -174246.45
V 12856 -789213.20 -174206.45
V 12864 -789113.70 -174206.45
V 12872 -789105.95 -174204.37
V 12880 -789100.28 -174198.70
V 12888 -789098.20 -174190.95
V 12896 -789098.20 -174119.95
V 12904 -789100.28 -174112.20
V 12912 -789105.95 -174106.53
V 12920 -789113.70 -174104.45
V 12928 -789213.20 -174104.45
V 12936 -789213.20 -174064.45
V 12944 -789113.70 -174064.45
V 12952 -789105.95 -174062.37
V 12960 -789100.28 -174056.70
V 12968 -789098.20 -174048.95
V 12976 -789098.20 -173977.95
V 12984 -789100.28 -173970.20
V 12992 -789105.95 -173964.53
V 13000 -789113.70 -173962.45
V 13008 -789213.20 -173962.45
V 13016 -789213.20 -173922.45
V 13024 -789113.70 -173922.45
V 13032 -789105.95 -173920.37
V 13040 -789100.28 -173914.70
V 13048 -789098.20 -173906.95
V 13056 -789098.20 -173835.95
V 13064 -789100.28 -173828.20
V 13072 -789105.95 -173822.53
V 13080 -789113.70 -173820.45
V 13088 -789213.20 -173820.45
V 13096 -789213.20 -173780.45
V 13104 -789113.70 -173780.45
V 13112 -789105.95 -173778.37
V 13120 -789100.28 -173772.70
V 13128 -789098.20 -173764.95
V 13136 -789098.20 -173693.95
V 13144 -789100.28 -173686.20
V 13152 -789105.95 -173680.53
V 13160 -789113.70 -173678.45
V 13168 -789213.20 -173678.45
V 13176 -789213.20 -173638.45
V 13184 -789113.70 -173638.45
V 13192 -789105.95 -173636.37
V 13200 -789100.28 -173630.70
V 13208 -789098.20 -173622.95
V 13216 -789098.20 -173551.95
V 13224 -789100.28 -173544.20
V 13232 -789105.95 -173538.53
V 13240 -789113.70 -173536.45
V 13248 -789213.20 -173536.45
V 13256 -789213.20 -173496.45
V 13264 -789113.70 -173496.45
V 13272 -789105.95 -173494.37
V 13280 -789100.28 -173488.70
V 13288 -789098.20 -173480.95
V 13296 -789098.20 -173409.95
V 13304 -789100.28 -173402.20
V 13312 -789105.95 -173396.53
V 13320 -789113.70 -173394.45
V 13328 -789213.20 -173394.45
V 13336 -789213.20 -173354.45
V 13344 -789113.70 -173354.45
V 13352 -789105.95 -173352.37
V 13360 -789100.28 -173346.70
V 13368 -789098.20 -173338.95
V 13376 -789098.20 -173267.95
V 13384 -789100.28 -173260.20
V 13392 -789105.95 -173254.53
V 13400 -789113.70 -173252.45
V 13408 -789213.20 -173252.45
V 13416 -789213.20 -173212.45
V 13424 -789113.70 -173212.45
V 13432 -789105.95 -173210.37
V 13440 -789100.28 -173204.70
V 13448 -789098.20 -173196.95
V 13456 -789098.20 -173125.95
V 13464 -789100.28 -173118.20
V 13472 -789105.95 -173112.53
V 13480 -789113.70 -173110.45
V 13488 -789213.20 -173110.45
V 13496 -789213.20 -173070.45
V 13504 -789113.70 -173070.45
V 13512 -789105.95 -173068.37
V 13520 -789100.28 -173062.70
V 13528 -789098.20 -173054.95
V 13536 -789098.20 -172983.95
V 13544 -789100.28 -172976.20
V 13552 -789105.95 -172970.53
V 13560 -789113.70 -172968.45
V 13568 -789213.20 -172968.45
V 13576 -789213.20 -172928.45
V 13584 -789113.70 -172928.45
V 13592 -789105.95 -172926.37
V 13600 -789100.28 -172920.70
V 13608 -789098.20 -172912.95
V 13616 -789098.20 -172841.95
V 13624 -789100.28 -172834.20
V 13632 -789105.95 -172828.53
V 13640 -789113.70 -172826.45
V 13648 -789213.20 -172826.45
V 13656 -789213.20 -172786.45
V 13664 -789113.70 -172786.45
V 13672 -789105.95 -172784.37
V 13680 -789100.28 -172778.70
V 13688 -789098.20 -172770.95
V 13696 -789098.20 -172699.95
V 13704 -789100.28 -172692.20
V 13712 -789105.95 -172686.53
V 13720 -789113.70 -172684.45
V 13728 -789213.20 -172684.45
V 13736 -789213.20 -172644.45
V 13744 -789113.70 -172644.45
V 13752 -789105.95 -172642.37
V 13760 -789100.28 -172636.70
V 13768 -789098.20 -172628.95
V 13776 -789098.20 -172557.95
V 13784 -789100.28 -172550.20
V 13792 -789105.95 -172544.53
V 13800 -789113.70 -172542.45
V 13808 -789213.20 -172542.45
V 13816 -789213.20 -172502.45
V 13824 -789113.70 -172502.45
V 13832 -789105.95 -172500.37
V 13840 -789100.28 -172494.70
V 13848 -789098.20 -172486.95
V 13856 -789098.20 -172415.95
V 13864 -789100.28 -172408.20
V 13872 -789105.95 -172402.53
V 13880 -789113.70 -172400.45
V 13888 -789213.20 -172400.45
V 13896 -789213.20 -172360.45
V 13904 -789113.70 -172360.45
V 13912 -789105.95 -172358.37
V 13920 -789100.28 -172352.70
V 13928 -789098.20 -172344.95
V 13936 -789098.20 -172273.95
V 13944 -789100.28 -172266.20
V 13952 -789105.95 -172260.53
V 13960 -789113.70 -172258.45
V 13968 -789213.20 -172258.45
V 13976 -789213.20 -172218.45
V 13984 -789113.70 -172218.45
V 13992 -789105.95 -172216.37
V 14000 -789100.28 -172210.70
V 14008 -789098.20 -172202.95
V 14016 -789098.20 -172131.95
V 14024 -789100.28 -172124.20
V 14032 -789105.95 -172118.53
V 14040 -789113.70 -172116.45
V 14048 -789213.20 -172116.45
V 14056 -789213.20 -172076.45
V 14064 -789113.70 -172076.45
V 14072 -789105.95 -172074.37
V 14080 -789100.28 -172068.70
V 14088 -789098.20 -172060.95
V 14096 -789098.20 -171989.95
V 14104 -789100.28 -171982.20
V 14112 -789105.95 -171976.53
V 14120 -789113.70 -171974.45
V 14128 -789213.20 -171974.45
V 14136 -789213.20 -171934.45
V 14144 -789113.70 -171934.45
V 14152 -789105.95 -171932.37
V 14160 -789100.28 -171926.70
V 14168 -789098.20 -171918.95
V 14176 -789098.20 -171847.95
V 14184 -789100.28 -171840.20
V 14192 -789105.95 -171834.53
V 14200 -789113.70 -171832.45
V 14208 -789213.20 -171832.45
V 14216 -789213.20 -171792.45
V 14224 -789113.70 -171792.45
V 14232 -789105.95 -171790.37
V 14240 -789100.28 -171784.70
V 14248 -789098.20 -171776.95
V 14256 -789098.20 -171705.95
V 14264 -789100.28 -171698.20
V 14272 -789105.95 -171692.53
V 14280 -789113.70 -171690.45
V 14288 -789213.20 -171690.45
V 14296 -789213.20 -171650.45
V 14304 -789113.70 -171650.45
V 14312 -789105.95 -171648.37
V 14320 -789100.28 -171642.70
V 14328 -789098.20 -171634.95
V 14336 -789098.20 -171563.95
V 14344 -789100.28 -171556.20
V 14352 -789105.95 -171550.53
V 14360 -789113.70 -171548.45
V 14368 -789213.20 -171548.45
V 14376 -789213.20 -171508.45
V 14384 -789113.70 -171508.45
V 14392 -789105.95 -171506.37
V 14400 -789100.28 -171500.70
V 14408 -789098.20 -171492.95
V 14416 -789098.20 -171421.95
V 14424 -789100.28 -171414.20
V 14432 -789105.95 -171408.53
V 14440 -789113.70 -171406.45
V 14448 -789213.20 -171406.45
V 14456 -789213.20 -171366.45
V 14464 -789113.70 -171366.45
V 14472 -789105.95 -171364.37
V 14480 -789100.28 -171358.70
V 14488 -789098.20 -171350.95
V 14496 -789098.20 -171279.95
V 14504 -789100.28 -171272.20
V 14512 -789105.95 -171266.53
V 14520 -789113.70 -171264.45
V 14528 -789213.20 -171264.45
V 14536 -789213.20 -171224.45
V 14544 -789113.70 -171224.45
V 14552 -789105.95 -171222.37
V 14560 -789100.28 -171216.70
V 14568 -789098.20 -171208.95
V 14576 -789098.20 -171137.95
V 14584 -789100.28 -171130.20
V 14592 -789105.95 -171124.53
V 14600 -789113.70 -171122.45
V 14608 -789213.20 -171122.45
V 14616 -789213.20 -171082.45
V 14624 -789113.70 -171082.45
V 14632 -789105.95 -171080.37
V 14640 -789100.28 -171074.70
V 14648 -789098.20 -171066.95
V 14656 -789098.20 -170995.95
V 14664 -789100.28 -170988.20
V 14672 -789105.95 -170982.53
V 14680 -789113.70 -170980.45
V 14688 -789213.20 -170980.45
V 14696 -789213.20 -170940.45
V 14704 -789113.70 -170940.45
V 14712 -789105.95 -170938.37
V 14720 -789100.28 -170932.70
V 14728 -789098.20 -170924.95
V 14736 -789098.20 -170853.95
V 14744 -789100.28 -170846.20
V 14752 -789105.95 -170840.53
V 14760 -789113.70 -170838.45
V 14768 -789213.20 -170838.45
V 14776 -789213.20 -170798.45
V 14784 -789113.70 -170798.45
V 14792 -789105.95 -170796.37
V 14800 -789100.28 -170790.70
V 14808 -789098.20 -170782.95
V 14816 -789098.20 -170711.95
V 14824 -789100.28 -170704.20
V 14832 -789105.95 -170698.53
V 14840 -789113.70 -170696.45
V 14848 -789213.20 -170696.45
V 14856 -789213.20 -170656.45
V 14864 -789113.70 -170656.45
V 14872 -789105.95 -170654.37
V 14880 -789100.28 -170648.70
V 14888 -789098.20 -170640.95
V 14896 -789098.20 -170569.95
V 14904 -789100.28 -170562.20
V 14912 -789105.95 -170556.53
V 14920 -789113.70 -170554.45
V 14928 -789213.20 -170554.45
V 14936 -789213.20 -170514.45
V 14944 -789113.70 -170514.45
V 14952 -789105.95 -170512.37
V 14960 -789100.28 -170506.70
V 14968 -789098.20 -170498.95
V 14976 -789098.20 -170427.95
V 14984 -789100.28 -170420.20
V 14992 -789105.95 -170414.53
V 15000 -789113.70 -170412.45
V 15008 -789213.20 -170412.45
V 15016 -789213.20 -170372.45
V 15024 -789113.70 -170372.45
V 15032 -789105.95 -170370.37
V 15040 -789100.28 -170364.70
V 15048 -789098.20 -170356.95
V 15056 -789098.20 -170285.95
V 15064 -789100.28 -170278.20
V 15072 -789105.95 -170272.53
V 15080 -789113.70 -170270.45
V 15088 -789213.20 -170270.45
V 15096 -789213.20 -170230.45
V 15104 -789113.70 -170230.45
V 15112 -789105.95 -170228.37
V 15120 -789100.28 -170222.70
V 15128 -789098.20 -170214.95
V 15136 -789098.20 -170143.95
V 15144 -789100.28 -170136.20
V 15152 -789105.95 -170130.53
V 15160 -789113.70 -170128.45
V 15168 -789213.20 -170128.45
V 15176 -789213.20 -170088.45
V 15184 -789113.70 -170088.45
V 15192 -789105.95 -170086.37
V 15200 -789100.28 -170080.70
V 15208 -789098.20 -170072.95
V 15216 -789098.20 -170001.95
V 15224 -789100.28 -169994.20
V 15232 -789105.95 -169988.53
V 15240 -789113.70 -169986.45
V 15248 -789213.20 -169986.45
V 15256 -789213.20 -169946.45
V 15264 -789113.70 -169946.45
V 15272 -789105.95 -169944.37
V 15280 -789100.28 -169938.70
V 15288 -789098.20 -169930.95
V 15296 -789098.20 -169859.95
V 15304 -789100.28 -169852.20
V 15312 -789105.95 -169846.53
V 15320 -789113.70 -169844.45
V 15328 -789213.20 -169844.45
V 15336 -789213.20 -169804.45
V 15344 -789113.70 -169804.45
V 15352 -789105.95 -169802.37
V 15360 -789100.28 -169796.70
V 15368 -789098.20 -169788.95
V 15376 -789098.20 -169717.95
V 15384 -789100.28 -169710.20
V 15392 -789105.95 -169704.53
V 15400 -789113.70 -169702.45
V 15408 -789213.20 -169702.45
V 15416 -789213.20 -169662.45
V 15424 -789113.70 -169662.45
V 15432 -789105.95 -169660.37
V 15440 -789100.28 -169654.70
V 15448 -789098.20 -169646.95
V 15456 -789098.20 -169575.95
V 15464 -789100.28 -169568.20
V 15472 -789105.95 -169562.53
V 15480 -789113.70 -169560.45
V 15488 -789213.20 -169560.45
V 15496 -789213.20 -169520.45
V 15504 -789113.70 -169520.45
V 15512 -789105.95 -169518.37
V 15520 -789100.28 -169512.70
V 15528 -789098.20 -169504.95
V 15536 -789098.20 -169433.95
V 15544 -789100.28 -169426.20
V 15552 -789105.95 -169420.53
V 15560 -789113.70 -169418.45
V 15568 -789213.20 -169418.45
V 15576 -789213.20 -169378.45
V 15584 -789113.70 -169378.45
V 15592 -789105.95 -169376.37
V 15600 -789100.28 -169370.70
V 15608 -789098.20 -169362.95
V 15616 -789098.20 -169291.95
V 15624 -789100.28 -169284.20
V 15632 -789105.95 -169278.53
V 15640 -789113.70 -169276.45
V 15648 -789213.20 -169276.45
V 15656 -789213.20 -169236.45
V 15664 -789113.70 -169236.45
V 15672 -789105.95 -169234.37
V 15680 -789100.28 -169228.70
V 15688 -789098.20 -169220.95
V 15696 -789098.20 -169149.95
V 15704 -789100.28 -169142.20
V 15712 -789105.95 -169136.53
V 15720 -789113.70 -169134.45
V 15728 -789213.20 -169134.45
V 15736 -789213.20 -169094.45
V 15744 -789113.70 -169094.45
V 15752 -789105.95 -169092.37
V 15760 -789100.28 -169086.70
V 15768 -789098.20 -169078.95
V 15776 -789098.20 -169007.95
V 15784 -789100.28 -169000.20
V 15792 -789105.95 -168994.53
V 15800 -789113.70 -168992.45
V 15808 -789213.20 -168992.45
V 15816 -789213.20 -168952.45
V 15824 -789113.70 -168952.45
V 15832 -789105.95 -168950.37
V 15840 -789100.28 -168944.70
V 15848 -789098.20 -168936.95
V 15856 -789098.20 -168865.95
V 15864 -789100.28 -168858.20
V 15872 -789105.95 -168852.53
V 15880 -789113.70 -168850.45
V 15888 -789213.20 -168850.45
V 15896 -789213.20 -168810.45
V 15904 -789113.70 -168810.45
V 15912 -789105.95 -168808.37
V 15920 -789100.28 -168802.70
V 15928 -789098.20 -168794.95
V 15936 -789098.20 -168723.95
V 15944 -789100.28 -168716.20
V 15952 -789105.95 -168710.53
V 15960 -789113.70 -168708.45
V 15968 -789213.20 -168708.45
V 15976 -789213.20 -168668.45
V 15984 -789113.70 -168668.45
V 15992 -789105.95 -168666.37
V 16000 -789100.28 -168660.70
V 16008 -789098.20 -168652.95
V 16016 -789098.20 -168581.95
V 16024 -789100.28 -168574.20
V 16032 -789105.95 -168568.53
V 16040 -789113.70 -168566.45
V 16048 -789213.20 -168566.45
V 16056 -789213.20 -168526.45
V 16064 -789113.70 -168526.45
V 16072 -789105.95 -168524.37
V 16080 -789100.28 -168518.70
V 16088 -789098.20 -168510.95
V 16096 -789098.20 -168439.95
V 16104 -789100.28 -168432.20
V 16112 -789105.95 -168426.53
V 16120 -789113.70 -168424.45
V 16128 -789213.20 -168424.45
V 16136 -789213.20 -168384.45
V 16144 -789113.70 -168384.45
V 16152 -789105.95 -168382.37
V 16160 -789100.28 -168376.70
V 16168 -789098.20 -168368.95
V 16176 -789098.20 -168297.95
V 16184 -789100.28 -168290.20
V 16192 -789105.95 -168284.53
V 16200 -789113.70 -168282.45
V 16208 -789213.20 -168282.45
V 16216 -789213.20 -168242.45
V 16224 -789113.70 -168242.45
V 16232 -789105.95 -168240.37
V 16240 -789100.28 -168234.70
V 16248 -789098.20 -168226.95
V 16256 -789098.20 -168155.95
V 16264 -789100.28 -168148.20
V 16272 -789105.95 -168142.53
V 16280 -789113.70 -168140.45
V 16288 -789213.20 -168140.45
V 16296 -789213.20 -168100.45
V 16304 -789113.70 -168100.45
V 16312 -789105.95 -168098.37
V 16320 -789100.28 -168092.70
V 16328 -789098.20 -168084.95
V 16336 -789098.20 -168013.95
V 16344 -789100.28 -168006.20
V 16352 -789105.95 -168000.53
V 16360 -789113.70 -167998.45
V 16368 -789213.20 -167998.45
V 16376 -789213.20 -167958.45
V 16384 -789113.70 -167958.45
V 16392 -789105.95 -167956.37
V 16400 -789100.28 -167950.70
V 16408 -789098.20 -167942.95
V 16416 -789098.20 -167871.95
V 16424 -789100.28 -167864.20
V 16432 -789105.95 -167858.53
V 16440 -789113.70 -167856.45
V 16448 -789213.20 -167856.45
V 16456 -789213.20 -167816.45
V 16464 -789113.70 -167816.45
V 16472 -789105.95 -167814.37
V 16480 -789100.28 -167808.70
V 16488 -789098.20 -167800.95
V 16496 -789098.20 -167729.95
V 16504 -789100.28 -167722.20
V 16512 -789105.95 -167716.53
V 16520 -789113.70 -167714.45
V 16528 -789213.20 -167714.45
V 16536 -789213.20 -167674.45
V 16544 -789113.70 -167674.45
V 16552 -789105.95 -167672.37
V 16560 -789100.28 -167666.70
V 16568 -789098.20 -167658.95
V 16576 -789098.20 -167587.95
V 16584 -789100.28 -167580.20
V 16592 -789105.95 -167574.53
V 16600 -789113.70 -167572.45
V 16608 -789213.20 -167572.45
V 16616 -789213.20 -167532.45
V 16624 -789113.70 -167532.45
V 16632 -789105.95 -167530.37
V 16640 -789100.28 -167524.70
V 16648 -789098.20 -167516.95
V 16656 -789098.20 -167445.95
V 16664 -789100.28 -167438.20
V 16672 -789105.95 -167432.53
V 16680 -789113.70 -167430.45
V 16688 -789213.20 -167430.45
V 16696 -789213.20 -167390.45
V 16704 -789113.70 -167390.45
V 16712 -789105.95 -167388.37
V 16720 -789100.28 -167382.70
V 16728 -789098.20 -167374.95
V 16736 -789098.20 -167303.95
V 16744 -789100.28 -167296.20
V 16752 -789105.95 -167290.53
V 16760 -789113.70 -167288.45
V 16768 -789213.20 -167288.45
V 16776 -789213.20 -167248.45
V 16784 -789113.70 -167248.45
V 16792 -789105.95 -167246.37
V 16800 -789100.28 -167240.70
V 16808 -789098.20 -167232.95
V 16816 -789098.20 -167161.95
V 16824 -789100.28 -167154.20
V 16832 -789105.95 -167148.53
V 16840 -789113.70 -167146.45
V 16848 -789213.20 -167146.45
V 16856 -789213.20 -167106.45
V 16864 -789113.70 -167106.45
V 16872 -789105.95 -167104.37
V 16880 -789100.28 -167098.70
V 16888 -789098.20 -167090.95
V 16896 -789098.20 -167019.95
V 16904 -789100.28 -167012.20
V 16912 -789105.95 -167006.53
V 16920 -789113.70 -167004.45
V 16928 -789213.20 -167004.45
V 16936 -789213.20 -166964.45
V 16944 -789113.70 -166964.45
V 16952 -789105.95 -166962.37
V 16960 -789100.28 -166956.70
V 16968 -789098.20 -166948.95
V 16976 -789098.20 -166877.95
V 16984 -789100.28 -166870.20
V 16992 -789105.95 -166864.53
V 17000 -789113.70 -166862.45
V 17008 -789213.20 -166862.45
V 17016 -789213.20 -166822.45
V 17024 -789113.70 -166822.45
V 17032 -789105.95 -166820.37
V 17040 -789100.28 -166814.70
V 17048 -789098.20 -166806.95
V 17056 -789098.20 -166735.95
V 17064 -789100.28 -166728.20
V 17072 -789105.95 -166722.53
V 17080 -789113.70 -166720.45
V 17088 -789213.20 -166720.45
V 17096 -789213.20 -166680.45
V 17104 -789113.70 -166680.45
V 17112 -789105.95 -166678.37
V 17120 -789100.28 -166672.70
V 17128 -789098.20 -166664.95
V 17136 -789098.20 -166593.95
V 17144 -789100.28 -166586.20
V 17152 -789105.95 -166580.53
V 17160 -789113.70 -166578.45
V 17168 -789213.20 -166578.45
V 17176 -789213.20 -166538.45
V 17184 -789113.70 -166538.45
V 17192 -789105.95 -166536.37
V 17200 -789100.28 -166530.70
V 17208 -789098.20 -166522.95
V 17216 -789098.20 -166451.95
V 17224 -789100.28 -166444.20
V 17232 -789105.95 -166438.53
V 17240 -789113.70 -166436.45
V 17248 -789213.20 -166436.45
V 17256 -789213.20 -166396.45
V 17264 -789113.70 -166396.45
V 17272 -789105.95 -166394.37
V 17280 -789100.28 -166388.70
V 17288 -789098.20 -166380.95
V 17296 -789098.20 -166309.95
V 17304 -789100.28 -166302.20
V 17312 -789105.95 -166296.53
V 17320 -789113.70 -166294.45
V 17328 -789213.20 -166294.45
V 17336 -789213.20 -166254.45
V 17344 -789113.70 -166254.45
V 17352 -789105.95 -166252.37
V 17360 -789100.28 -166246.70
V 17368 -789098.20 -166238.95
V 17376 -789098.20 -166167.95
V 17384 -789100.28 -166160.20
V 17392 -789105.95 -166154.53
V 17400 -789113.70 -166152.45
V 17408 -789213.20 -166152.45
V 17416 -789213.20 -166112.45
V 17424 -789113.70 -166112.45
V 17432 -789105.95 -166110.37
V 17440 -789100.28 -166104.70
V 17448 -789098.20 -166096.95
V 17456 -789098.20 -166025.95
V 17464 -789100.28 -166018.20
V 17472 -789105.95 -166012.53
V 17480 -789113.70 -166010.45
V 17488 -789213.20 -166010.45
V 17496 -789213.20 -165970.45
V 17504 -789113.70 -165970.45
V 17512 -789105.95 -165968.37
V 17520 -789100.28 -165962.70
V 17528 -789098.20 -165954.95
V 17536 -789098.20 -165883.95
V 17544 -789100.28 -165876.20
V 17552 -789105.95 -165870.53
V 17560 -789113.70 -165868.45
V 17568 -789213.20 -165868.45
V 17576 -789213.20 -165828.45
V 17584 -789113.70 -165828.45
V 17592 -789105.95 -165826.37
V 17600 -789100.28 -165820.70
V 17608 -789098.20 -165812.95
V 17616 -789098.20 -165741.95
V 17624 -789100.28 -165734.20
V 17632 -789105.95 -165728.53
V 17640 -789113.70 -165726.45
V 17648 -789213.20 -165726.45
V 17656 -789213.20 -165686.45
V 17664 -789113.70 -165686.45
V 17672 -789105.95 -165684.37
V 17680 -789100.28 -165678.70
V 17688 -789098.20 -165670.95
V 17696 -789098.20 -165599.95
V 17704 -789100.28 -165592.20
V 17712 -789105.95 -165586.53
V 17720 -789113.70 -165584.45
V 17728 -789213.20 -165584.45
V 17736 -789213.20 -165544.45
V 17744 -789113.70 -165544.45
V 17752 -789105.95 -165542.37
V 17760 -789100.28 -165536.70
V 17768 -789098.20 -165528.95
V 17776 -789098.20 -165457.95
V 17784 -789100.28 -165450.20
V 17792 -789105.95 -165444.53
V 17800 -789113.70 -165442.45
V 17808 -789213.20 -165442.45
V 17816 -789213.20 -165402.45
V 17824 -789113.70 -165402.45
V 17832 -789105.95 -165400.37
V 17840 -789100.28 -165394.70
V 17848 -789098.20 -165386.95
V 17856 -789098.20 -165315.95
V 17864 -789100.28 -165308.20
V 17872 -789105.95 -165302.53
V 17880 -789113.70 -165300.45
V 17888 -789213.20 -165300.45
V 17896 -789213.20 -165260.45
V 17904 -789113.70 -165260.45
V 17912 -789105.95 -165258.37
V 17920 -789100.28 -165252.70
V 17928 -789098.20 -165244.95
V 17936 -789098.20 -165173.95
V 17944 -789100.28 -165166.20
V 17952 -789105.95 -165160.53
V 17960 -789113.70 -165158.45
V 17968 -789213.20 -165158.45
V 17976 -789213.20 -165118.45
V 17984 -789113.70 -165118.45
V 17992 -789105.95 -165116.37
V 18000 -789100.28 -165110.70
V 18008 -789098.20 -165102.95
V 18016 -789098.20 -165031.95
V 18024 -789100.28 -165024.20
V 18032 -789105.95 -165018.53
V 18040 -789113.70 -165016.45
V 18048 -789213.20 -165016.45
V 18056 -789213.20 -164976.45
V 18064 -789113.70 -164976.45
V 18072 -789105.95 -164974.37
V 18080 -789100.28 -164968.70
V 18088 -789098.20 -164960.95
V 18096 -789098.20 -164889.95
V 18104 -789100.28 -164882.20
V 18112 -789105.95 -164876.53
V 18120 -789113.70 -164874.45
V 18128 -789213.20 -164874.45
V 18136 -789213.20 -164834.45
V 18144 -789113.70 -164834.45
V 18152 -789105.95 -164832.37
V 18160 -789100.28 -164826.70
V 18168 -789098.20 -164818.95
V 18176 -789098.20 -164747.95
V 18184 -789100.28 -164740.20
V 18192 -789105.95 -164734.53
V 18200 -789113.70 -164732.45
V 18208 -789213.20 -164732.45
V 18216 -789213.20 -164692.45
V 18224 -789113.70 -164692.45
V 18232 -789105.95 -164690.37
V 18240 -789100.28 -164684.70
V 18248 -789098.20 -164676.95
V 18256 -789098.20 -164605.95
V 18264 -789100.28 -164598.20
V 18272 -789105.95 -164592.53
V 18280 -789113.70 -164590.45
V 18288 -789213.20 -164590.45
V 18296 -789213.20 -164550.45
V 18304 -789113.70 -164550.45
V 18312 -789105.95 -164548.37
V 18320 -789100.28 -164542.70
V 18328 -789098.20 -164534.95
V 18336 -789098.20 -164463.95
V 18344 -789100.28 -164456.20
V 18352 -789105.95 -164450.53
V 18360 -789113.70 -164448.45
V 18368 -789213.20 -164448.45
V 18376 -789213.20 -164408.45
V 18384 -789113.70 -164408.45
V 18392 -789105.95 -164406.37
V 18400 -789100.28 -164400.70
V 18408 -789098.20 -164392.95
V 18416 -789098.20 -164321.95
V 18424 -789100.28 -164314.20
V 18432 -789105.95 -164308.53
V 18440 -789113.70 -164306.45
V 18448 -789213.20 -164306.45
V 18456 -789213.20 -164266.45
V 18464 -789113.70 -164266.45
V 18472 -789105.95 -164264.37
V 18480 -789100.28 -164258.70
V 18488 -789098.20 -164250.95
V 18496 -789098.20 -164179.95
V 18504 -789100.28 -164172.20
V 18512 -789105.95 -164166.53
V 18520 -789113.70 -164164.45
V 18528 -789213.20 -164164.45
V 18536 -789213.20 -164124.45
V 18544 -789113.70 -164124.45
V 18552 -789105.95 -164122.37
V 18560 -789100.28 -164116.70
V 18568 -789098.20 -164108.95
V 18576 -789098.20 -164037.95
V 18584 -789100.28 -164030.20
V 18592 -789105.95 -164024.53
V 18600 -789113.70 -164022.45
V 18608 -789213.20 -164022.45
V 18616 -789213.20 -163982.45
V 18624 -789113.70 -163982.45
V 18632 -789105.95 -163980.37
V 18640 -789100.28 -163974.70
V 18648 -789098.20 -163966.95
V 18656 -789098.20 -163895.95
V 18664 -789100.28 -163888.20
V 18672 -789105.95 -163882.53
V 18680 -789113.70 -163880.45
V 18688 -789213.20 -163880.45
V 18696 -789213.20 -163840.45
V 18704 -789113.70 -163840.45
V 18712 -789105.95 -163838.37
V 18720 -789100.28 -163832.70
V 18728 -789098.20 -163824.95
V 18736 -789098.20 -163753.95
V 18744 -789100.28 -163746.20
V 18752 -789105.95 -163740.53
V 18760 -789113.70 -163738.45
V 18768 -789213.20 -163738.45
V 18776 -789213.20 -163698.45
V 18784 -789113.70 -163698.45
V 18792 -789105.95 -163696.37
V 18800 -789100.28 -163690.70
V 18808 -789098.20 -163682.95
V 18816 -789098.20 -163611.95
V 18824 -789100.28 -163604.20
V 18832 -789105.95 -163598.53
V 18840 -789113.70 -163596.45
V 18848 -789213.20 -163596.45
V 18856 -789213.20 -163556.45
V 18864 -789113.70 -163556.45
V 18872 -789105.95 -163554.37
V 18880 -789100.28 -163548.70
V 18888 -789098.20 -163540.95
V 18896 -789098.20 -163469.95
V 18904 -789100.28 -163462.20
V 18912 -789105.95 -163456.53
V 18920 -789113.70 -163454.45
V 18928 -789213.20 -163454.45
V 18936 -789213.20 -163414.45
V 18944 -789113.70 -163414.45
V 18952 -789105.95 -163412.37
V 18960 -789100.28 -163406.70
V 18968 -789098.20 -163398.95
V 18976 -789098.20 -163327.95
V 18984 -789100.28 -163320.20
V 18992 -789105.95 -163314.53
V 19000 -789113.70 -163312.45
V 19008 -789213.20 -163312.45
V 19016 -789213.20 -163272.45
V 19024 -789113.70 -163272.45
V 19032 -789105.95 -163270.37
V 19040 -789100.28 -163264.70
V 19048 -789098.20 -163256.95
V 19056 -789098.20 -163185.95
V 19064 -789100.28 -163178.20
V 19072 -789105.95 -163172.53
V 19080 -789113.70 -163170.45
V 19088 -789213.20 -163170.45
V 19096 -789213.20 -163130.45
V 19104 -789113.70 -163130.45
V 19112 -789105.95 -163128.37
V 19120 -789100.28 -163122.70
V 19128 -789098.20 -163114.95
V 19136 -789098.20 -163043.95
V 19144 -789100.28 -163036.20
V 19152 -789105.95 -163030.53
V 19160 -789113.70 -163028.45
V 19168 -789213.20 -163028.45
V 19176 -789213.20 -162988.45
V 19184 -789113.70 -162988.45
V 19192 -789105.95 -162986.37
V 19200 -789100.28 -162980.70
V 19208 -789098.20 -162972.95
V 19216 -789098.20 -162901.95
V 19224 -789100.28 -162894.20
V 19232 -789105.95 -162888.53
V 19240 -789113.70 -162886.45
V 19248 -789213.20 -162886.45
V 19256 -789213.20 -162846.45
V 19264 -789113.70 -162846.45
V 19272 -789105.95 -162844.37
V 19280 -789100.28 -162838.70
V 19288 -789098.20 -162830.95
V 19296 -789098.20 -162759.95
V 19304 -789100.28 -162752.20
V 19312 -789105.95 -162746.53
V 19320 -789113.70 -162744.45
V 19328 -789213.20 -162744.45
V 19336 -789213.20 -162704.45
V 19344 -789113.70 -162704.45
V 19352 -789105.95 -162702.37
V 19360 -789100.28 -162696.70
V 19368 -789098.20 -162688.95
V 19376 -789098.20 -162617.95
V 19384 -789100.28 -162610.20
V 19392 -789105.95 -162604.53
V 19400 -789113.70 -162602.45
V 19408 -789213.20 -162602.45
V 19416 -789213.20 -162562.45
V 19424 -789113.70 -162562.45
V 19432 -789105.95 -162560.37
V 19440 -789100.28 -162554.70
V 19448 -789098.20 -162546.95
V 19456 -789098.20 -162475.95
V 19464 -789100.28 -162468.20
V 19472 -789105.95 -162462.53
V 19480 -789113.70 -162460.45
V 19488 -789213.20 -162460.45
V 19496 -789213.20 -162420.45
V 19504 -789113.70 -162420.45
V 19512 -789105.95 -162418.37
V 19520 -789100.28 -162412.70
V 19528 -789098.20 -162404.95
V 19536 -789098.20 -162333.95
V 19544 -789100.28 -162326.20
V 19552 -789105.95 -162320.53
V 19560 -789113.70 -162318.45
V 19568 -789213.20 -162318.45
V 19576 -789213.20 -162278.45
V 19584 -789113.70 -162278.45
V 19592 -789105.95 -162276.37
V 19600 -789100.28 -162270.70
V 19608 -789098.20 -162262.95
V 19616 -789098.20 -162191.95
V 19624 -789100.28 -162184.20
V 19632 -789105.95 -162178.53
V 19640 -789113.70 -162176.45
V 19648 -789213.20 -162176.45
V 19656 -789213.20 -162136.45
V 19664 -789113.70 -162136.45
V 19672 -789105.95 -162134.37
V 19680 -789100.28 -162128.70
V 19688 -789098.20 -162120.95
V 19696 -789098.20 -162049.95
V 19704 -789100.28 -162042.20
V 19712 -789105.95 -162036.53
V 19720 -789113.70 -162034.45
V 19728 -789213.20 -162034.45
V 19736 -789213.20 -161994.45
V 19744 -789113.70 -161994.45
V 19752 -789105.95 -161992.37
V 19760 -789100.28 -161986.70
V 19768 -789098.20 -161978.95
V 19776 -789098.20 -161907.95
V 19784 -789100.28 -161900.20
V 19792 -789105.95 -161894.53
V 19800 -789113.70 -161892.45
V 19808 -789213.20 -161892.45
V 19816 -789213.20 -161852.45
V 19824 -789113.70 -161852.45
V 19832 -789105.95 -161850.37
V 19840 -789100.28 -161844.70
V 19848 -789098.20 -161836.95
V 19856 -789098.20 -161765.95
