V 0 -915735.28 -173402.20
V 8 -915740.95 -173396.53
V 16 -915748.70 -173394.45
V 24 -915848.20 -173394.45
V 32 -915848.20 -173354.45
V 40 -915775.40 -173354.45
V 48 -915767.65 -173352.37
V 56 -915761.98 -173346.70
V 64 -915759.90 -173338.95
V 72 -915759.90 -173267.95
V 80 -915759.94 -173266.84
V 88 -915760.06 -173265.74
V 96 -915760.25 -173264.66
V 104 -915760.53 -173263.58
V 112 -915760.88 -173262.53
V 120 -915761.30 -173261.51
V 128 -915761.80 -173260.52
V 136 -915762.36 -173259.57
V 144 -915762.99 -173258.66
V 152 -915763.69 -173257.80
V 160 -915764.44 -173256.99
V 168 -915765.25 -173256.24
V 176 -915766.11 -173255.54
V 184 -915767.02 -173254.91
V 192 -915767.97 -173254.35
V 200 -915768.96 -173253.85
V 208 -915769.98 -173253.43
V 216 -915771.03 -173253.08
V 224 -915772.11 -173252.80
V 232 -915773.19 -173252.61
V 240 -915774.29 -173252.49
V 248 -915775.40 -173252.45
V 256 -915790.70 -173252.45
V 264 -915790.70 -173164.50
V 272 -915792.36 -173157.51
V 280 -915797.00 -173152.03
V 288 -915803.61 -173149.22
V 296 -918056.66 -172766.65
V 304 -922055.63 -172087.61
V 312 -922103.23 -172079.53
V 320 -922833.27 -171955.56
V 328 -925179.62 -171557.15
V 336 -925429.40 -171514.74
V 344 -925825.95 -171447.40
V 352 -927501.32 -171162.92
V 360 -929188.75 -170876.39
V 368 -935899.07 -169736.97
V 376 -963407.28 -165066.02
V 384 -963407.30 -165066.01
V 392 -963417.94 -165064.20
V 400 -963417.96 -165064.20
V 408 -963593.97 -165034.32
V 416 -964342.13 -164907.28
V 424 -964737.80 -164840.09
V 432 -968180.32 -164255.54
V 440 -968430.16 -164213.12
V 448 -968644.93 -164176.65
V 456 -968894.76 -164134.23
V 464 -969109.53 -164097.76
V 472 -969359.36 -164055.34
V 480 -969574.12 -164018.87
V 488 -969823.97 -163976.45
V 496 -970038.74 -163939.98
V 504 -970288.57 -163897.56
V 512 -970503.33 -163861.09
V 520 -970753.18 -163818.67
V 528 -970967.95 -163782.20
V 536 -971217.78 -163739.78
V 544 -971432.54 -163703.31
V 552 -971682.38 -163660.88
V 560 -971897.15 -163624.42
V 568 -972146.98 -163581.99
V 576 -972361.75 -163545.53
V 584 -972611.59 -163503.10
V 592 -972826.35 -163466.64
V 600 -973076.19 -163424.21
V 608 -973290.97 -163387.74
V 616 -974639.60 -163158.74
V 624 -975565.28 -163001.56
V 632 -976270.85 -162881.75
V 640 -977421.82 -162686.32
V 648 -977677.98 -162642.82
V 656 -978887.02 -162437.52
V 664 -979815.66 -162279.84
V 672 -979887.78 -162267.59
V 680 -982147.30 -161883.92
V 688 -982687.95 -161792.12
V 696 -983316.28 -161685.43
V 704 -984018.86 -161566.13
V 712 -985415.63 -161328.95
V 720 -988158.30 -160863.24
V 728 -988604.02 -160787.56
V 736 -991064.19 -160369.81
V 744 -991168.58 -160352.09
V 752 -991486.33 -160298.13
V 760 -991515.16 -160293.24
V 768 -992649.22 -160100.67
V 776 -995037.08 -159695.21
V 784 -995632.53 -159594.10
V 792 -996851.56 -159387.11
V 800 -997045.62 -159354.16
V 808 -998126.19 -159170.67
V 816 -998151.01 -159166.46
V 824 -998994.82 -159023.18
V 832 -999427.82 -158949.65
V 840 -999671.69 -158908.24
V 848 -1000575.94 -158754.70
V 856 -1001925.44 -158525.55
V 864 -1002253.34 -158469.87
V 872 -1002781.49 -158380.19
V 880 -1003025.64 -158338.74
V 888 -1003266.86 -158297.78
V 896 -1003266.90 -158297.77
V 904 -1003274.97 -158296.39
V 912 -1003275.02 -158296.39
V 920 -1004210.12 -158137.61
V 928 -1004407.02 -158104.17
V 936 -1004642.76 -158064.14
V 944 -1005125.93 -157982.10
V 952 -1005323.83 -157948.50
V 960 -1005573.61 -157906.08
V 968 -1005788.45 -157869.60
V 976 -1006187.60 -157801.83
V 984 -1006419.90 -157762.38
V 992 -1006606.00 -157730.78
V 1000 -1006606.00 -157719.35
V 1008 -1006637.00 -157719.35
V 1016 -1006637.00 -157743.87
V 1024 -1006636.96 -157744.96
V 1032 -1006636.85 -157746.04
V 1040 -1006636.66 -157747.11
V 1048 -1006636.39 -157748.16
V 1056 -1006636.06 -157749.20
V 1064 -1006635.65 -157750.20
V 1072 -1006635.17 -157751.18
V 1080 -1006634.62 -157752.12
V 1088 -1006634.01 -157753.02
V 1096 -1006633.34 -157753.87
V 1104 -1006632.61 -157754.68
V 1112 -1006631.83 -157755.43
V 1120 -1006630.99 -157756.13
V 1128 -1006630.11 -157756.76
V 1136 -1006629.18 -157757.33
V 1144 -1006628.22 -157757.84
V 1152 -1006627.23 -157758.27
V 1160 -1006626.20 -157758.64
V 1168 -1006625.16 -157758.93
V 1176 -1006624.09 -157759.15
V 1184 -1006425.10 -157792.94
V 1192 -1006192.80 -157832.39
V 1200 -1005793.63 -157900.16
V 1208 -1005578.81 -157936.64
V 1216 -1005329.03 -157979.06
V 1224 -1005131.11 -158012.66
V 1232 -1004647.94 -158094.70
V 1240 -1004412.22 -158134.73
V 1248 -1004215.32 -158168.17
V 1256 -1003537.86 -158283.20
V 1264 -1003280.23 -158326.94
V 1272 -1003280.19 -158326.95
V 1280 -1003272.12 -158328.33
V 1288 -1003272.07 -158328.33
V 1296 -1003030.82 -158369.30
V 1304 -1002786.67 -158410.75
V 1312 -1002258.52 -158500.43
V 1320 -1001930.62 -158556.11
V 1328 -1000581.12 -158785.26
V 1336 -999676.87 -158938.80
V 1344 -999433.00 -158980.21
V 1352 -999000.00 -159053.74
V 1360 -998156.19 -159197.02
V 1368 -998131.37 -159201.23
V 1376 -997050.80 -159384.72
V 1384 -996856.74 -159417.67
V 1392 -995637.71 -159624.66
V 1400 -995042.26 -159725.77
V 1408 -992654.40 -160131.23
V 1416 -991520.34 -160323.80
V 1424 -991491.53 -160328.69
V 1432 -991173.78 -160382.65
V 1440 -991069.37 -160400.37
V 1448 -988609.20 -160818.12
V 1456 -988163.48 -160893.80
V 1464 -985420.81 -161359.51
V 1472 -984024.04 -161596.69
V 1480 -983321.46 -161715.99
V 1488 -982693.13 -161822.68
V 1496 -982152.48 -161914.48
V 1504 -979892.98 -162298.15
V 1512 -979820.86 -162310.40
V 1520 -978892.20 -162468.08
V 1528 -977683.16 -162673.38
V 1536 -977427.00 -162716.88
V 1544 -976276.03 -162912.31
V 1552 -975570.46 -163032.12
V 1560 -974644.78 -163189.30
V 1568 -973296.15 -163418.30
V 1576 -973081.39 -163454.77
V 1584 -972831.55 -163497.20
V 1592 -972616.79 -163533.66
V 1600 -972366.95 -163576.09
V 1608 -972152.18 -163612.55
V 1616 -971902.35 -163654.98
V 1624 -971687.58 -163691.44
V 1632 -971437.74 -163733.87
V 1640 -971222.98 -163770.34
V 1648 -970973.13 -163812.76
V 1656 -970758.36 -163849.23
V 1664 -970508.53 -163891.65
V 1672 -970293.77 -163928.12
V 1680 -970043.92 -163970.54
V 1688 -969829.15 -164007.01
V 1696 -969579.32 -164049.43
V 1704 -969364.56 -164085.90
V 1712 -969114.71 -164128.32
V 1720 -968899.94 -164164.79
V 1728 -968650.11 -164207.21
V 1736 -968435.34 -164243.68
V 1744 -968185.50 -164286.10
V 1752 -964742.98 -164870.65
V 1760 -964347.31 -164937.84
V 1768 -963599.15 -165064.88
V 1776 -963423.16 -165094.75
V 1784 -963423.14 -165094.76
V 1792 -963412.50 -165096.57
V 1800 -963412.48 -165096.57
V 1808 -935904.25 -169767.53
V 1816 -929193.93 -170906.95
V 1824 -927506.50 -171193.48
V 1832 -925831.13 -171477.96
V 1840 -925434.58 -171545.30
V 1848 -925184.80 -171587.71
V 1856 -922838.47 -171986.12
V 1864 -922752.26 -172000.76
V 1872 -922108.41 -172110.09
V 1880 -922060.81 -172118.17
V 1888 -918061.84 -172797.21
V 1896 -915821.70 -173177.59
V 1904 -915821.70 -173267.95
V 1912 -915821.66 -173269.06
V 1920 -915821.54 -173270.16
V 1928 -915821.35 -173271.24
V 1936 -915821.07 -173272.32
V 1944 -915820.72 -173273.37
V 1952 -915820.30 -173274.39
V 1960 -915819.80 -173275.38
V 1968 -915819.24 -173276.33
V 1976 -915818.61 -173277.24
V 1984 -915817.91 -173278.10
V 1992 -915817.16 -173278.91
V 2000 -915816.35 -173279.66
V 2008 -915815.49 -173280.36
V 2016 -915814.58 -173280.99
V 2024 -915813.63 -173281.55
V 2032 -915812.64 -173282.05
V 2040 -915811.62 -173282.47
V 2048 -915810.57 -173282.82
V 2056 -915809.49 -173283.10
V 2064 -915808.41 -173283.29
V 2072 -915807.31 -173283.41
V 2080 -915806.20 -173283.45
V 2088 -915790.90 -173283.45
V 2096 -915790.90 -173323.45
V 2104 -915863.70 -173323.45
V 2112 -915871.45 -173325.53
V 2120 -915877.12 -173331.20
V 2128 -915879.20 -173338.95
V 2136 -915879.20 -173409.95
V 2144 -915877.12 -173417.70
V 2152 -915871.45 -173423.37
V 2160 -915863.70 -173425.45
V 2168 -915764.20 -173425.45
V 2176 -915764.20 -173465.45
V 2184 -915863.70 -173465.45
V 2192 -915871.45 -173467.53
V 2200 -915877.12 -173473.20
V 2208 -915879.20 -173480.95
V 2216 -915879.20 -173551.95
V 2224 -915877.12 -173559.70
V 2232 -915871.45 -173565.37
V 2240 -915863.70 -173567.45
V 2248 -915764.20 -173567.45
V 2256 -915764.20 -173607.45
V 2264 -915863.70 -173607.45
V 2272 -915871.45 -173609.53
V 2280 -915877.12 -173615.20
V 2288 -915879.20 -173622.95
V 2296 -915879.20 -173693.95
V 2304 -915877.12 -173701.70
V 2312 -915871.45 -173707.37
V 2320 -915863.70 -173709.45
V 2328 -915764.20 -173709.45
V 2336 -915764.20 -173749.45
V 2344 -915863.70 -173749.45
V 2352 -915871.45 -173751.53
V 2360 -915877.12 -173757.20
V 2368 -915879.20 -173764.95
V 2376 -915879.20 -173835.95
V 2384 -915877.12 -173843.70
V 2392 -915871.45 -173849.37
V 2400 -915863.70 -173851.45
V 2408 -915764.20 -173851.45
V 2416 -915764.20 -173891.45
V 2424 -915863.70 -173891.45
V 2432 -915871.45 -173893.53
V 2440 -915877.12 -173899.20
V 2448 -915879.20 -173906.95
V 2456 -915879.20 -173977.95
V 2464 -915877.12 -173985.70
V 2472 -915871.45 -173991.37
V 2480 -915863.70 -173993.45
V 2488 -915764.20 -173993.45
V 2496 -915764.20 -174033.45
V 2504 -915863.70 -174033.45
V 2512 -915871.45 -174035.53
V 2520 -915877.12 -174041.20
V 2528 -915879.20 -174048.95
V 2536 -915879.20 -174119.95
V 2544 -915877.12 -174127.70
V 2552 -915871.45 -174133.37
V 2560 -915863.70 -174135.45
V 2568 -915764.20 -174135.45
V 2576 -915764.20 -174175.45
V 2584 -915863.70 -174175.45
V 2592 -915871.45 -174177.53
V 2600 -915877.12 -174183.20
V 2608 -915879.20 -174190.95
V 2616 -915879.20 -174261.95
V 2624 -915877.12 -174269.70
V 2632 -915871.45 -174275.37
V 2640 -915863.70 -174277.45
V 2648 -915764.20 -174277.45
V 2656 -915764.20 -174317.45
V 2664 -915863.70 -174317.45
V 2672 -915871.45 -174319.53
V 2680 -915877.12 -174325.20
V 2688 -915879.20 -174332.95
V 2696 -915879.20 -174403.95
V 2704 -915877.12 -174411.70
V 2712 -915871.45 -174417.37
V 2720 -915863.70 -174419.45
V 2728 -915764.20 -174419.45
V 2736 -915764.20 -174459.45
V 2744 -915863.70 -174459.45
V 2752 -915871.45 -174461.53
V 2760 -915877.12 -174467.20
V 2768 -915879.20 -174474.95
V 2776 -915879.20 -174545.95
V 2784 -915877.12 -174553.70
V 2792 -915871.45 -174559.37
V 2800 -915863.70 -174561.45
V 2808 -915764.20 -174561.45
V 2816 -915764.20 -174601.45
V 2824 -915863.70 -174601.45
V 2832 -915871.45 -174603.53
V 2840 -915877.12 -174609.20
V 2848 -915879.20 -174616.95
V 2856 -915879.20 -174687.95
V 2864 -915877.12 -174695.70
V 2872 -915871.45 -174701.37
V 2880 -915863.70 -174703.45
V 2888 -915764.20 -174703.45
V 2896 -915764.20 -174743.45
V 2904 -915863.70 -174743.45
V 2912 -915871.45 -174745.53
V 2920 -915877.12 -174751.20
V 2928 -915879.20 -174758.95
V 2936 -915879.20 -174829.95
V 2944 -915877.12 -174837.70
V 2952 -915871.45 -174843.37
V 2960 -915863.70 -174845.45
V 2968 -915764.20 -174845.45
V 2976 -915764.20 -174885.45
V 2984 -915863.70 -174885.45
V 2992 -915871.45 -174887.53
V 3000 -915877.12 -174893.20
V 3008 -915879.20 -174900.95
V 3016 -915879.20 -174971.95
V 3024 -915877.12 -174979.70
V 3032 -915871.45 -174985.37
V 3040 -915863.70 -174987.45
V 3048 -915764.20 -174987.45
V 3056 -915764.20 -175027.45
V 3064 -915863.70 -175027.45
V 3072 -915871.45 -175029.53
V 3080 -915877.12 -175035.20
V 3088 -915879.20 -175042.95
V 3096 -915879.20 -175113.95
V 3104 -915877.12 -175121.70
V 3112 -915871.45 -175127.37
V 3120 -915863.70 -175129.45
V 3128 -915764.20 -175129.45
V 3136 -915764.20 -175169.45
V 3144 -915863.70 -175169.45
V 3152 -915871.45 -175171.53
V 3160 -915877.12 -175177.20
V 3168 -915879.20 -175184.95
V 3176 -915879.20 -175255.95
V 3184 -915877.12 -175263.70
V 3192 -915871.45 -175269.37
V 3200 -915863.70 -175271.45
V 3208 -915764.20 -175271.45
V 3216 -915764.20 -175311.45
V 3224 -915863.70 -175311.45
V 3232 -915871.45 -175313.53
V 3240 -915877.12 -175319.20
V 3248 -915879.20 -175326.95
V 3256 -915879.20 -175397.95
V 3264 -915877.12 -175405.70
V 3272 -915871.45 -175411.37
V 3280 -915863.70 -175413.45
V 3288 -915764.20 -175413.45
V 3296 -915764.20 -175453.45
V 3304 -915863.70 -175453.45
V 3312 -915871.45 -175455.53
V 3320 -915877.12 -175461.20
V 3328 -915879.20 -175468.95
V 3336 -915879.20 -175539.95
V 3344 -915877.12 -175547.70
V 3352 -915871.45 -175553.37
V 3360 -915863.70 -175555.45
V 3368 -915764.20 -175555.45
V 3376 -915764.20 -175595.45
V 3384 -915863.70 -175595.45
V 3392 -915871.45 -175597.53
V 3400 -915877.12 -175603.20
V 3408 -915879.20 -175610.95
V 3416 -915879.20 -175681.95
V 3424 -915877.12 -175689.70
V 3432 -915871.45 -175695.37
V 3440 -915863.70 -175697.45
V 3448 -915764.20 -175697.45
V 3456 -915764.20 -175737.45
V 3464 -915863.70 -175737.45
V 3472 -915871.45 -175739.53
V 3480 -915877.12 -175745.20
V 3488 -915879.20 -175752.95
V 3496 -915879.20 -175823.95
V 3504 -915877.12 -175831.70
V 3512 -915871.45 -175837.37
V 3520 -915863.70 -175839.45
V 3528 -915764.20 -175839.45
V 3536 -915764.20 -175879.45
V 3544 -915863.70 -175879.45
V 3552 -915871.45 -175881.53
V 3560 -915877.12 -175887.20
V 3568 -915879.20 -175894.95
V 3576 -915879.20 -175965.95
V 3584 -915877.12 -175973.70
V 3592 -915871.45 -175979.37
V 3600 -915863.70 -175981.45
V 3608 -915764.20 -175981.45
V 3616 -915764.20 -176021.45
V 3624 -915863.70 -176021.45
V 3632 -915871.45 -176023.53
V 3640 -915877.12 -176029.20
V 3648 -915879.20 -176036.95
V 3656 -915879.20 -176107.95
V 3664 -915877.12 -176115.70
V 3672 -915871.45 -176121.37
V 3680 -915863.70 -176123.45
V 3688 -915764.20 -176123.45
V 3696 -915764.20 -176163.45
V 3704 -915863.70 -176163.45
V 3712 -915871.45 -176165.53
V 3720 -915877.12 -176171.20
V 3728 -915879.20 -176178.95
V 3736 -915879.20 -176249.95
V 3744 -915877.12 -176257.70
V 3752 -915871.45 -176263.37
V 3760 -915863.70 -176265.45
V 3768 -915764.20 -176265.45
V 3776 -915764.20 -176305.45
V 3784 -915863.70 -176305.45
V 3792 -915871.45 -176307.53
V 3800 -915877.12 -176313.20
V 3808 -915879.20 -176320.95
V 3816 -915879.20 -176391.95
V 3824 -915877.12 -176399.70
V 3832 -915871.45 -176405.37
V 3840 -915863.70 -176407.45
V 3848 -915764.20 -176407.45
V 3856 -915764.20 -176447.45
V 3864 -915863.70 -176447.45
V 3872 -915871.45 -176449.53
V 3880 -915877.12 -176455.20
V 3888 -915879.20 -176462.95
V 3896 -915879.20 -176533.95
V 3904 -915877.12 -176541.70
V 3912 -915871.45 -176547.37
V 3920 -915863.70 -176549.45
V 3928 -915764.20 -176549.45
V 3936 -915764.20 -176589.45
V 3944 -915863.70 -176589.45
V 3952 -915871.45 -176591.53
V 3960 -915877.12 -176597.20
V 3968 -915879.20 -176604.95
V 3976 -915879.20 -176675.95
V 3984 -915877.12 -176683.70
V 3992 -915871.45 -176689.37
V 4000 -915863.70 -176691.45
V 4008 -915764.20 -176691.45
V 4016 -915764.20 -176731.45
V 4024 -915863.70 -176731.45
V 4032 -915871.45 -176733.53
V 4040 -915877.12 -176739.20
V 4048 -915879.20 -176746.95
V 4056 -915879.20 -176817.95
V 4064 -915877.12 -176825.70
V 4072 -915871.45 -176831.37
V 4080 -915863.70 -176833.45
V 4088 -915764.20 -176833.45
V 4096 -915764.20 -176873.45
V 4104 -915863.70 -176873.45
V 4112 -915871.45 -176875.53
V 4120 -915877.12 -176881.20
V 4128 -915879.20 -176888.95
V 4136 -915879.20 -176959.95
V 4144 -915877.12 -176967.70
V 4152 -915871.45 -176973.37
V 4160 -915863.70 -176975.45
V 4168 -915764.20 -176975.45
V 4176 -915764.20 -177015.45
V 4184 -915863.70 -177015.45
V 4192 -915871.45 -177017.53
V 4200 -915877.12 -177023.20
V 4208 -915879.20 -177030.95
V 4216 -915879.20 -177101.95
V 4224 -915877.12 -177109.70
V 4232 -915871.45 -177115.37
V 4240 -915863.70 -177117.45
V 4248 -915764.20 -177117.45
V 4256 -915764.20 -177157.45
V 4264 -915863.70 -177157.45
V 4272 -915871.45 -177159.53
V 4280 -915877.12 -177165.20
V 4288 -915879.20 -177172.95
V 4296 -915879.20 -177243.95
V 4304 -915877.12 -177251.70
V 4312 -915871.45 -177257.37
V 4320 -915863.70 -177259.45
V 4328 -915764.20 -177259.45
V 4336 -915764.20 -177299.45
V 4344 -915863.70 -177299.45
V 4352 -915871.45 -177301.53
V 4360 -915877.12 -177307.20
V 4368 -915879.20 -177314.95
V 4376 -915879.20 -177385.95
V 4384 -915877.12 -177393.70
V 4392 -915871.45 -177399.37
V 4400 -915863.70 -177401.45
V 4408 -915764.20 -177401.45
V 4416 -915764.20 -177441.45
V 4424 -915863.70 -177441.45
V 4432 -915871.45 -177443.53
V 4440 -915877.12 -177449.20
V 4448 -915879.20 -177456.95
V 4456 -915879.20 -177527.95
V 4464 -915877.12 -177535.70
V 4472 -915871.45 -177541.37
V 4480 -915863.70 -177543.45
V 4488 -915764.20 -177543.45
V 4496 -915764.20 -177583.45
V 4504 -915863.70 -177583.45
V 4512 -915871.45 -177585.53
V 4520 -915877.12 -177591.20
V 4528 -915879.20 -177598.95
V 4536 -915879.20 -177669.95
V 4544 -915877.12 -177677.70
V 4552 -915871.45 -177683.37
V 4560 -915863.70 -177685.45
V 4568 -915764.20 -177685.45
V 4576 -915764.20 -177725.45
V 4584 -915863.70 -177725.45
V 4592 -915871.45 -177727.53
V 4600 -915877.12 -177733.20
V 4608 -915879.20 -177740.95
V 4616 -915879.20 -177811.95
V 4624 -915877.12 -177819.70
V 4632 -915871.45 -177825.37
V 4640 -915863.70 -177827.45
V 4648 -915764.20 -177827.45
V 4656 -915764.20 -177867.45
V 4664 -915863.70 -177867.45
V 4672 -915871.45 -177869.53
V 4680 -915877.12 -177875.20
V 4688 -915879.20 -177882.95
V 4696 -915879.20 -177953.95
V 4704 -915877.12 -177961.70
V 4712 -915871.45 -177967.37
V 4720 -915863.70 -177969.45
V 4728 -915764.20 -177969.45
V 4736 -915764.20 -178009.45
V 4744 -915863.70 -178009.45
V 4752 -915871.45 -178011.53
V 4760 -915877.12 -178017.20
V 4768 -915879.20 -178024.95
V 4776 -915879.20 -178095.95
V 4784 -915877.12 -178103.70
V 4792 -915871.45 -178109.37
V 4800 -915863.70 -178111.45
V 4808 -915764.20 -178111.45
V 4816 -915764.20 -178151.45
V 4824 -915863.70 -178151.45
V 4832 -915871.45 -178153.53
V 4840 -915877.12 -178159.20
V 4848 -915879.20 -178166.95
V 4856 -915879.20 -178237.95
V 4864 -915877.12 -178245.70
V 4872 -915871.45 -178251.37
V 4880 -915863.70 -178253.45
V 4888 -915764.20 -178253.45
V 4896 -915764.20 -178293.45
V 4904 -915863.70 -178293.45
V 4912 -915871.45 -178295.53
V 4920 -915877.12 -178301.20
V 4928 -915879.20 -178308.95
V 4936 -915879.20 -178379.95
V 4944 -915877.12 -178387.70
V 4952 -915871.45 -178393.37
V 4960 -915863.70 -178395.45
V 4968 -915821.70 -178395.45
V 4976 -915821.70 -178404.45
V 4984 -915790.70 -178404.45
V 4992 -915790.70 -178379.95
V 5000 -915790.74 -178378.84
V 5008 -915790.86 -178377.74
V 5016 -915791.05 -178376.66
V 5024 -915791.33 -178375.58
V 5032 -915791.68 -178374.53
V 5040 -915792.10 -178373.51
V 5048 -915792.60 -178372.52
V 5056 -915793.16 -178371.57
V 5064 -915793.79 -178370.66
V 5072 -915794.49 -178369.80
V 5080 -915795.24 -178368.99
V 5088 -915796.05 -178368.24
V 5096 -915796.91 -178367.54
V 5104 -915797.82 -178366.91
V 5112 -915798.77 -178366.35
V 5120 -915799.76 -178365.85
V 5128 -915800.78 -178365.43
V 5136 -915801.83 -178365.08
V 5144 -915802.91 -178364.80
V 5152 -915803.99 -178364.61
V 5160 -915805.09 -178364.49
V 5168 -915806.20 -178364.45
V 5176 -915848.20 -178364.45
V 5184 -915848.20 -178324.45
V 5192 -915748.70 -178324.45
V 5200 -915740.95 -178322.37
V 5208 -915735.28 -178316.70
V 5216 -915733.20 -178308.95
V 5224 -915733.20 -178237.95
V 5232 -915735.28 -178230.20
V 5240 -915740.95 -178224.53
V 5248 -915748.70 -178222.45
V 5256 -915848.20 -178222.45
V 5264 -915848.20 -178182.45
V 5272 -915748.70 -178182.45
V 5280 -915740.95 -178180.37
V 5288 -915735.28 -178174.70
V 5296 -915733.20 -178166.95
V 5304 -915733.20 -178095.95
V 5312 -915735.28 -178088.20
V 5320 -915740.95 -178082.53
V 5328 -915748.70 -178080.45
V 5336 -915848.20 -178080.45
V 5344 -915848.20 -178040.45
V 5352 -915748.70 -178040.45
V 5360 -915740.95 -178038.37
V 5368 -915735.28 -178032.70
V 5376 -915733.20 -178024.95
V 5384 -915733.20 -177953.95
V 5392 -915735.28 -177946.20
V 5400 -915740.95 -177940.53
V 5408 -915748.70 -177938.45
V 5416 -915848.20 -177938.45
V 5424 -915848.20 -177898.45
V 5432 -915748.70 -177898.45
V 5440 -915740.95 -177896.37
V 5448 -915735.28 -177890.70
V 5456 -915733.20 -177882.95
V 5464 -915733.20 -177811.95
V 5472 -915735.28 -177804.20
V 5480 -915740.95 -177798.53
V 5488 -915748.70 -177796.45
V 5496 -915848.20 -177796.45
V 5504 -915848.20 -177756.45
V 5512 -915748.70 -177756.45
V 5520 -915740.95 -177754.37
V 5528 -915735.28 -177748.70
V 5536 -915733.20 -177740.95
V 5544 -915733.20 -177669.95
V 5552 -915735.28 -177662.20
V 5560 -915740.95 -177656.53
V 5568 -915748.70 -177654.45
V 5576 -915848.20 -177654.45
V 5584 -915848.20 -177614.45
V 5592 -915748.70 -177614.45
V 5600 -915740.95 -177612.37
V 5608 -915735.28 -177606.70
V 5616 -915733.20 -177598.95
V 5624 -915733.20 -177527.95
V 5632 -915735.28 -177520.20
V 5640 -915740.95 -177514.53
V 5648 -915748.70 -177512.45
V 5656 -915848.20 -177512.45
V 5664 -915848.20 -177472.45
V 5672 -915748.70 -177472.45
V 5680 -915740.95 -177470.37
V 5688 -915735.28 -177464.70
V 5696 -915733.20 -177456.95
V 5704 -915733.20 -177385.95
V 5712 -915735.28 -177378.20
V 5720 -915740.95 -177372.53
V 5728 -915748.70 -177370.45
V 5736 -915848.20 -177370.45
V 5744 -915848.20 -177330.45
V 5752 -915748.70 -177330.45
V 5760 -915740.95 -177328.37
V 5768 -915735.28 -177322.70
V 5776 -915733.20 -177314.95
V 5784 -915733.20 -177243.95
V 5792 -915735.28 -177236.20
V 5800 -915740.95 -177230.53
V 5808 -915748.70 -177228.45
V 5816 -915848.20 -177228.45
V 5824 -915848.20 -177188.45
V 5832 -915748.70 -177188.45
V 5840 -915740.95 -177186.37
V 5848 -915735.28 -177180.70
V 5856 -915733.20 -177172.95
V 5864 -915733.20 -177101.95
V 5872 -915735.28 -177094.20
V 5880 -915740.95 -177088.53
V 5888 -915748.70 -177086.45
V 5896 -915848.20 -177086.45
V 5904 -915848.20 -177046.45
V 5912 -915748.70 -177046.45
V 5920 -915740.95 -177044.37
V 5928 -915735.28 -177038.70
V 5936 -915733.20 -177030.95
V 5944 -915733.20 -176959.95
V 5952 -915735.28 -176952.20
V 5960 -915740.95 -176946.53
V 5968 -915748.70 -176944.45
V 5976 -915848.20 -176944.45
V 5984 -915848.20 -176904.45
V 5992 -915748.70 -176904.45
V 6000 -915740.95 -176902.37
V 6008 -915735.28 -176896.70
V 6016 -915733.20 -176888.95
V 6024 -915733.20 -176817.95
V 6032 -915735.28 -176810.20
V 6040 -915740.95 -176804.53
V 6048 -915748.70 -176802.45
V 6056 -915848.20 -176802.45
V 6064 -915848.20 -176762.45
V 6072 -915748.70 -176762.45
V 6080 -915740.95 -176760.37
V 6088 -915735.28 -176754.70
V 6096 -915733.20 -176746.95
V 6104 -915733.20 -176675.95
V 6112 -915735.28 -176668.20
V 6120 -915740.95 -176662.53
V 6128 -915748.70 -176660.45
V 6136 -915848.20 -176660.45
V 6144 -915848.20 -176620.45
V 6152 -915748.70 -176620.45
V 6160 -915740.95 -176618.37
V 6168 -915735.28 -176612.70
V 6176 -915733.20 -176604.95
V 6184 -915733.20 -176533.95
V 6192 -915735.28 -176526.20
V 6200 -915740.95 -176520.53
V 6208 -915748.70 -176518.45
V 6216 -915848.20 -176518.45
V 6224 -915848.20 -176478.45
V 6232 -915748.70 -176478.45
V 6240 -915740.95 -176476.37
V 6248 -915735.28 -176470.70
V 6256 -915733.20 -176462.95
V 6264 -915733.20 -176391.95
V 6272 -915735.28 -176384.20
V 6280 -915740.95 -176378.53
V 6288 -915748.70 -176376.45
V 6296 -915848.20 -176376.45
V 6304 -915848.20 -176336.45
V 6312 -915748.70 -176336.45
V 6320 -915740.95 -176334.37
V 6328 -915735.28 -176328.70
V 6336 -915733.20 -176320.95
V 6344 -915733.20 -176249.95
V 6352 -915735.28 -176242.20
V 6360 -915740.95 -176236.53
V 6368 -915748.70 -176234.45
V 6376 -915848.20 -176234.45
V 6384 -915848.20 -176194.45
V 6392 -915748.70 -176194.45
V 6400 -915740.95 -176192.37
V 6408 -915735.28 -176186.70
V 6416 -915733.20 -176178.95
V 6424 -915733.20 -176107.95
V 6432 -915735.28 -176100.20
V 6440 -915740.95 -176094.53
V 6448 -915748.70 -176092.45
V 6456 -915848.20 -176092.45
V 6464 -915848.20 -176052.45
V 6472 -915748.70 -176052.45
V 6480 -915740.95 -176050.37
V 6488 -915735.28 -176044.70
V 6496 -915733.20 -176036.95
V 6504 -915733.20 -175965.95
V 6512 -915735.28 -175958.20
V 6520 -915740.95 -175952.53
V 6528 -915748.70 -175950.45
V 6536 -915848.20 -175950.45
V 6544 -915848.20 -175910.45
V 6552 -915748.70 -175910.45
V 6560 -915740.95 -175908.37
V 6568 -915735.28 -175902.70
V 6576 -915733.20 -175894.95
V 6584 -915733.20 -175823.95
V 6592 -915735.28 -175816.20
V 6600 -915740.95 -175810.53
V 6608 -915748.70 -175808.45
V 6616 -915848.20 -175808.45
V 6624 -915848.20 -175768.45
V 6632 -915748.70 -175768.45
V 6640 -915740.95 -175766.37
V 6648 -915735.28 -175760.70
V 6656 -915733.20 -175752.95
V 6664 -915733.20 -175681.95
V 6672 -915735.28 -175674.20
V 6680 -915740.95 -175668.53
V 6688 -915748.70 -175666.45
V 6696 -915848.20 -175666.45
V 6704 -915848.20 -175626.45
V 6712 -915748.70 -175626.45
V 6720 -915740.95 -175624.37
V 6728 -915735.28 -175618.70
V 6736 -915733.20 -175610.95
V 6744 -915733.20 -175539.95
V 6752 -915735.28 -175532.20
V 6760 -915740.95 -175526.53
V 6768 -915748.70 -175524.45
V 6776 -915848.20 -175524.45
V 6784 -915848.20 -175484.45
V 6792 -915748.70 -175484.45
V 6800 -915740.95 -175482.37
V 6808 -915735.28 -175476.70
V 6816 -915733.20 -175468.95
V 6824 -915733.20 -175397.95
V 6832 -915735.28 -175390.20
V 6840 -915740.95 -175384.53
V 6848 -915748.70 -175382.45
V 6856 -915848.20 -175382.45
V 6864 -915848.20 -175342.45
V 6872 -915748.70 -175342.45
V 6880 -915740.95 -175340.37
V 6888 -915735.28 -175334.70
V 6896 -915733.20 -175326.95
V 6904 -915733.20 -175255.95
V 6912 -915735.28 -175248.20
V 6920 -915740.95 -175242.53
V 6928 -915748.70 -175240.45
V 6936 -915848.20 -175240.45
V 6944 -915848.20 -175200.45
V 6952 -915748.70 -175200.45
V 6960 -915740.95 -175198.37
V 6968 -915735.28 -175192.70
V 6976 -915733.20 -175184.95
V 6984 -915733.20 -175113.95
V 6992 -915735.28 -175106.20
V 7000 -915740.95 -175100.53
V 7008 -915748.70 -175098.45
V 7016 -915848.20 -175098.45
V 7024 -915848.20 -175058.45
V 7032 -915748.70 -175058.45
V 7040 -915740.95 -175056.37
V 7048 -915735.28 -175050.70
V 7056 -915733.20 -175042.95
V 7064 -915733.20 -174971.95
V 7072 -915735.28 -174964.20
V 7080 -915740.95 -174958.53
V 7088 -915748.70 -174956.45
V 7096 -915848.20 -174956.45
V 7104 -915848.20 -174916.45
V 7112 -915748.70 -174916.45
V 7120 -915740.95 -174914.37
V 7128 -915735.28 -174908.70
V 7136 -915733.20 -174900.95
V 7144 -915733.20 -174829.95
V 7152 -915735.28 -174822.20
V 7160 -915740.95 -174816.53
V 7168 -915748.70 -174814.45
V 7176 -915848.20 -174814.45
V 7184 -915848.20 -174774.45
V 7192 -915748.70 -174774.45
V 7200 -915740.95 -174772.37
V 7208 -915735.28 -174766.70
V 7216 -915733.20 -174758.95
V 7224 -915733.20 -174687.95
V 7232 -915735.28 -174680.20
V 7240 -915740.95 -174674.53
V 7248 -915748.70 -174672.45
V 7256 -915848.20 -174672.45
V 7264 -915848.20 -174632.45
V 7272 -915748.70 -174632.45
V 7280 -915740.95 -174630.37
V 7288 -915735.28 -174624.70
V 7296 -915733.20 -174616.95
V 7304 -915733.20 -174545.95
V 7312 -915735.28 -174538.20
V 7320 -915740.95 -174532.53
V 7328 -915748.70 -174530.45
V 7336 -915848.20 -174530.45
V 7344 -915848.20 -174490.45
V 7352 -915748.70 -174490.45
V 7360 -915740.95 -174488.37
V 7368 -915735.28 -174482.70
V 7376 -915733.20 -174474.95
V 7384 -915733.20 -174403.95
V 7392 -915735.28 -174396.20
V 7400 -915740.95 -174390.53
V 7408 -915748.70 -174388.45
V 7416 -915848.20 -174388.45
V 7424 -915848.20 -174348.45
V 7432 -915748.70 -174348.45
V 7440 -915740.95 -174346.37
V 7448 -915735.28 -174340.70
V 7456 -915733.20 -174332.95
V 7464 -915733.20 -174261.95
V 7472 -915735.28 -174254.20
V 7480 -915740.95 -174248.53
V 7488 -915748.70 -174246.45
V 7496 -915848.20 -174246.45
V 7504 -915848.20 -174206.45
V 7512 -915748.70 -174206.45
V 7520 -915740.95 -174204.37
V 7528 -915735.28 -174198.70
V 7536 -915733.20 -174190.95
V 7544 -915733.20 -174119.95
V 7552 -915735.28 -174112.20
V 7560 -915740.95 -174106.53
V 7568 -915748.70 -174104.45
V 7576 -915848.20 -174104.45
V 7584 -915848.20 -174064.45
V 7592 -915748.70 -174064.45
V 7600 -915740.95 -174062.37
V 7608 -915735.28 -174056.70
V 7616 -915733.20 -174048.95
V 7624 -915733.20 -173977.95
V 7632 -915735.28 -173970.20
V 7640 -915740.95 -173964.53
V 7648 -915748.70 -173962.45
V 7656 -915848.20 -173962.45
V 7664 -915848.20 -173922.45
V 7672 -915748.70 -173922.45
V 7680 -915740.95 -173920.37
V 7688 -915735.28 -173914.70
V 7696 -915733.20 -173906.95
V 7704 -915733.20 -173835.95
V 7712 -915735.28 -173828.20
V 7720 -915740.95 -173822.53
V 7728 -915748.70 -173820.45
V 7736 -915848.20 -173820.45
V 7744 -915848.20 -173780.45
V 7752 -915748.70 -173780.45
V 7760 -915740.95 -173778.37
V 7768 -915735.28 -173772.70
V 7776 -915733.20 -173764.95
V 7784 -915733.20 -173693.95
V 7792 -915735.28 -173686.20
V 7800 -915740.95 -173680.53
V 7808 -915748.70 -173678.45
V 7816 -915848.20 -173678.45
V 7824 -915848.20 -173638.45
V 7832 -915748.70 -173638.45
V 7840 -915740.95 -173636.37
V 7848 -915735.28 -173630.70
V 7856 -915733.20 -173622.95
V 7864 -915733.20 -173551.95
V 7872 -915735.28 -173544.20
V 7880 -915740.95 -173538.53
V 7888 -915748.70 -173536.45
V 7896 -915848.20 -173536.45
V 7904 -915848.20 -173496.45
V 7912 -915748.70 -173496.45
V 7920 -915740.95 -173494.37
V 7928 -915735.28 -173488.70
V 7936 -915733.20 -173480.95
V 7944 -915733.20 -173409.95
