V 0 -931235.28 -174822.20
V 8 -931240.95 -174816.53
V 16 -931248.70 -174814.45
V 24 -931348.20 -174814.45
V 32 -931348.20 -174774.45
V 40 -931275.37 -174774.45
V 48 -931267.62 -174772.37
V 56 -931261.95 -174766.70
V 64 -931259.87 -174758.95
V 72 -931259.87 -174687.95
V 80 -931259.91 -174686.84
V 88 -931260.03 -174685.74
V 96 -931260.22 -174684.66
V 104 -931260.50 -174683.58
V 112 -931260.85 -174682.53
V 120 -931261.27 -174681.51
V 128 -931261.77 -174680.52
V 136 -931262.33 -174679.57
V 144 -931262.96 -174678.66
V 152 -931263.66 -174677.80
V 160 -931264.41 -174676.99
V 168 -931265.22 -174676.24
V 176 -931266.08 -174675.54
V 184 -931266.99 -174674.91
V 192 -931267.94 -174674.35
V 200 -931268.93 -174673.85
V 208 -931269.95 -174673.43
V 216 -931271.00 -174673.08
V 224 -931272.08 -174672.80
V 232 -931273.16 -174672.61
V 240 -931274.26 -174672.49
V 248 -931275.37 -174672.45
V 256 -931290.70 -174672.45
V 264 -931290.70 -174590.84
V 272 -931292.36 -174583.85
V 280 -931297.00 -174578.37
V 288 -931303.61 -174575.56
V 296 -931780.31 -174494.61
V 304 -964068.42 -169012.02
V 312 -964079.06 -169010.22
V 320 -965012.84 -168851.66
V 328 -965965.85 -168689.84
V 336 -968292.28 -168294.80
V 344 -968682.16 -168228.60
V 352 -968850.11 -168200.08
V 360 -969099.95 -168157.66
V 368 -969314.72 -168121.19
V 376 -969564.55 -168078.77
V 384 -969779.31 -168042.30
V 392 -970029.16 -167999.88
V 400 -970243.93 -167963.41
V 408 -970493.76 -167920.99
V 416 -970708.52 -167884.52
V 424 -970958.36 -167842.09
V 432 -971173.12 -167805.63
V 440 -971422.96 -167763.20
V 448 -971637.73 -167726.74
V 456 -971887.57 -167684.31
V 464 -972102.33 -167647.85
V 472 -972352.17 -167605.42
V 480 -972566.95 -167568.95
V 488 -972816.78 -167526.53
V 496 -973031.55 -167490.06
V 504 -973281.38 -167447.64
V 512 -973496.14 -167411.17
V 520 -973745.99 -167368.75
V 528 -973960.76 -167332.28
V 536 -976265.92 -166940.86
V 544 -977091.55 -166800.67
V 552 -979556.81 -166382.06
V 560 -980485.46 -166224.37
V 568 -980557.58 -166212.13
V 576 -982817.09 -165828.46
V 584 -983357.74 -165736.66
V 592 -983986.07 -165629.96
V 600 -986855.15 -165142.79
V 608 -990276.37 -164561.86
V 616 -991364.65 -164377.06
V 624 -992951.19 -164107.67
V 632 -996471.42 -163509.92
V 640 -997406.54 -163351.14
V 648 -999175.79 -163050.72
V 656 -1000538.83 -162819.27
V 664 -1000554.05 -162816.69
V 672 -1003673.87 -162286.93
V 680 -1003932.22 -162243.07
V 688 -1007892.26 -161570.64
V 696 -1016210.09 -160158.26
V 704 -1020109.30 -159496.16
V 712 -1020346.30 -159455.92
V 720 -1021309.41 -159292.38
V 728 -1022089.59 -159159.91
V 736 -1022992.65 -159006.57
V 744 -1023609.73 -158901.78
V 752 -1023700.33 -158886.40
V 760 -1024555.28 -158741.23
V 768 -1025226.89 -158627.18
V 776 -1025363.97 -158603.91
V 784 -1025714.70 -158544.35
V 792 -1026238.28 -158455.46
V 800 -1026238.30 -158455.45
V 808 -1026246.69 -158454.02
V 816 -1026246.71 -158454.02
V 824 -1026485.27 -158413.51
V 832 -1026625.24 -158389.74
V 840 -1026767.11 -158365.65
V 848 -1027708.59 -158205.79
V 856 -1027839.73 -158183.52
V 864 -1028585.24 -158056.93
V 872 -1029013.81 -157984.16
V 880 -1030087.62 -157801.82
V 888 -1030319.91 -157762.38
V 896 -1030506.00 -157730.78
V 904 -1030506.00 -157719.35
V 912 -1030537.00 -157719.35
V 920 -1030537.00 -157743.87
V 928 -1030536.96 -157744.96
V 936 -1030536.85 -157746.04
V 944 -1030536.66 -157747.11
V 952 -1030536.39 -157748.16
V 960 -1030536.06 -157749.20
V 968 -1030535.65 -157750.20
V 976 -1030535.17 -157751.18
V 984 -1030534.62 -157752.12
V 992 -1030534.01 -157753.02
V 1000 -1030533.34 -157753.87
V 1008 -1030532.61 -157754.68
V 1016 -1030531.83 -157755.43
V 1024 -1030530.99 -157756.13
V 1032 -1030530.11 -157756.76
V 1040 -1030529.18 -157757.33
V 1048 -1030528.22 -157757.84
V 1056 -1030527.23 -157758.27
V 1064 -1030526.20 -157758.64
V 1072 -1030525.16 -157758.93
V 1080 -1030524.09 -157759.15
V 1088 -1030325.09 -157792.94
V 1096 -1030092.80 -157832.38
V 1104 -1029018.99 -158014.72
V 1112 -1028590.42 -158087.49
V 1120 -1027844.93 -158214.08
V 1128 -1027713.79 -158236.35
V 1136 -1027167.64 -158329.08
V 1144 -1026772.29 -158396.21
V 1152 -1026490.47 -158444.07
V 1160 -1026251.91 -158484.57
V 1168 -1026251.89 -158484.58
V 1176 -1026243.50 -158486.01
V 1184 -1026243.48 -158486.01
V 1192 -1026001.61 -158527.08
V 1200 -1025719.90 -158574.91
V 1208 -1025369.17 -158634.47
V 1216 -1025232.09 -158657.74
V 1224 -1024626.73 -158760.54
V 1232 -1023705.51 -158916.96
V 1240 -1023614.91 -158932.34
V 1248 -1022997.83 -159037.13
V 1256 -1022094.77 -159190.47
V 1264 -1021314.59 -159322.94
V 1272 -1020351.48 -159486.48
V 1280 -1020114.48 -159526.72
V 1288 -1016215.27 -160188.82
V 1296 -1007897.44 -161601.20
V 1304 -1003937.40 -162273.63
V 1312 -1003679.05 -162317.49
V 1320 -1000559.23 -162847.25
V 1328 -1000544.01 -162849.83
V 1336 -999180.97 -163081.28
V 1344 -997411.72 -163381.70
V 1352 -996476.60 -163540.48
V 1360 -992956.37 -164138.23
V 1368 -991369.83 -164407.62
V 1376 -990281.55 -164592.42
V 1384 -986860.33 -165173.35
V 1392 -983991.25 -165660.52
V 1400 -983362.92 -165767.22
V 1408 -982822.27 -165859.02
V 1416 -980562.76 -166242.69
V 1424 -980490.64 -166254.93
V 1432 -979561.99 -166412.62
V 1440 -977096.73 -166831.23
V 1448 -976271.10 -166971.42
V 1456 -973965.94 -167362.84
V 1464 -973751.17 -167399.31
V 1472 -973501.34 -167441.73
V 1480 -973286.58 -167478.20
V 1488 -973036.73 -167520.62
V 1496 -972821.96 -167557.09
V 1504 -972572.13 -167599.51
V 1512 -972357.37 -167635.98
V 1520 -972107.53 -167678.41
V 1528 -971892.77 -167714.87
V 1536 -971642.93 -167757.30
V 1544 -971428.16 -167793.76
V 1552 -971178.32 -167836.19
V 1560 -970963.56 -167872.65
V 1568 -970713.72 -167915.08
V 1576 -970498.94 -167951.55
V 1584 -970249.11 -167993.97
V 1592 -970034.34 -168030.44
V 1600 -969784.51 -168072.86
V 1608 -969569.75 -168109.33
V 1616 -969319.90 -168151.75
V 1624 -969105.13 -168188.22
V 1632 -968855.29 -168230.64
V 1640 -968687.34 -168259.16
V 1648 -968297.46 -168325.36
V 1656 -965971.03 -168720.40
V 1664 -965018.02 -168882.22
V 1672 -964084.24 -169040.78
V 1680 -964073.60 -169042.58
V 1688 -931785.49 -174525.17
V 1696 -931321.70 -174603.93
V 1704 -931321.70 -174687.95
V 1712 -931321.66 -174689.06
V 1720 -931321.54 -174690.16
V 1728 -931321.35 -174691.24
V 1736 -931321.07 -174692.32
V 1744 -931320.72 -174693.37
V 1752 -931320.30 -174694.39
V 1760 -931319.80 -174695.38
V 1768 -931319.24 -174696.33
V 1776 -931318.61 -174697.24
V 1784 -931317.91 -174698.10
V 1792 -931317.16 -174698.91
V 1800 -931316.35 -174699.66
V 1808 -931315.49 -174700.36
V 1816 -931314.58 -174700.99
V 1824 -931313.63 -174701.55
V 1832 -931312.64 -174702.05
V 1840 -931311.62 -174702.47
V 1848 -931310.57 -174702.82
V 1856 -931309.49 -174703.10
V 1864 -931308.41 -174703.29
V 1872 -931307.31 -174703.41
V 1880 -931306.20 -174703.45
V 1888 -931290.87 -174703.45
V 1896 -931290.87 -174743.45
V 1904 -931363.70 -174743.45
V 1912 -931371.45 -174745.53
V 1920 -931377.12 -174751.20
V 1928 -931379.20 -174758.95
V 1936 -931379.20 -174829.95
V 1944 -931377.12 -174837.70
V 1952 -931371.45 -174843.37
V 1960 -931363.70 -174845.45
V 1968 -931264.20 -174845.45
V 1976 -931264.20 -174885.45
V 1984 -931363.70 -174885.45
V 1992 -931371.45 -174887.53
V 2000 -931377.12 -174893.20
V 2008 -931379.20 -174900.95
V 2016 -931379.20 -174971.95
V 2024 -931377.12 -174979.70
V 2032 -931371.45 -174985.37
V 2040 -931363.70 -174987.45
V 2048 -931264.20 -174987.45
V 2056 -931264.20 -175027.45
V 2064 -931363.70 -175027.45
V 2072 -931371.45 -175029.53
V 2080 -931377.12 -175035.20
V 2088 -931379.20 -175042.95
V 2096 -931379.20 -175113.95
V 2104 -931377.12 -175121.70
V 2112 -931371.45 -175127.37
V 2120 -931363.70 -175129.45
V 2128 -931264.20 -175129.45
V 2136 -931264.20 -175169.45
V 2144 -931363.70 -175169.45
V 2152 -931371.45 -175171.53
V 2160 -931377.12 -175177.20
V 2168 -931379.20 -175184.95
V 2176 -931379.20 -175255.95
V 2184 -931377.12 -175263.70
V 2192 -931371.45 -175269.37
V 2200 -931363.70 -175271.45
V 2208 -931264.20 -175271.45
V 2216 -931264.20 -175311.45
V 2224 -931363.70 -175311.45
V 2232 -931371.45 -175313.53
V 2240 -931377.12 -175319.20
V 2248 -931379.20 -175326.95
V 2256 -931379.20 -175397.95
V 2264 -931377.12 -175405.70
V 2272 -931371.45 -175411.37
V 2280 -931363.70 -175413.45
V 2288 -931264.20 -175413.45
V 2296 -931264.20 -175453.45
V 2304 -931363.70 -175453.45
V 2312 -931371.45 -175455.53
V 2320 -931377.12 -175461.20
V 2328 -931379.20 -175468.95
V 2336 -931379.20 -175539.95
V 2344 -931377.12 -175547.70
V 2352 -931371.45 -175553.37
V 2360 -931363.70 -175555.45
V 2368 -931264.20 -175555.45
V 2376 -931264.20 -175595.45
V 2384 -931363.70 -175595.45
V 2392 -931371.45 -175597.53
V 2400 -931377.12 -175603.20
V 2408 -931379.20 -175610.95
V 2416 -931379.20 -175681.95
V 2424 -931377.12 -175689.70
V 2432 -931371.45 -175695.37
V 2440 -931363.70 -175697.45
V 2448 -931264.20 -175697.45
V 2456 -931264.20 -175737.45
V 2464 -931363.70 -175737.45
V 2472 -931371.45 -175739.53
V 2480 -931377.12 -175745.20
V 2488 -931379.20 -175752.95
V 2496 -931379.20 -175823.95
V 2504 -931377.12 -175831.70
V 2512 -931371.45 -175837.37
V 2520 -931363.70 -175839.45
V 2528 -931264.20 -175839.45
V 2536 -931264.20 -175879.45
V 2544 -931363.70 -175879.45
V 2552 -931371.45 -175881.53
V 2560 -931377.12 -175887.20
V 2568 -931379.20 -175894.95
V 2576 -931379.20 -175965.95
V 2584 -931377.12 -175973.70
V 2592 -931371.45 -175979.37
V 2600 -931363.70 -175981.45
V 2608 -931264.20 -175981.45
V 2616 -931264.20 -176021.45
V 2624 -931363.70 -176021.45
V 2632 -931371.45 -176023.53
V 2640 -931377.12 -176029.20
V 2648 -931379.20 -176036.95
V 2656 -931379.20 -176107.95
V 2664 -931377.12 -176115.70
V 2672 -931371.45 -176121.37
V 2680 -931363.70 -176123.45
V 2688 -931264.20 -176123.45
V 2696 -931264.20 -176163.45
V 2704 -931363.70 -176163.45
V 2712 -931371.45 -176165.53
V 2720 -931377.12 -176171.20
V 2728 -931379.20 -176178.95
V 2736 -931379.20 -176249.95
V 2744 -931377.12 -176257.70
V 2752 -931371.45 -176263.37
V 2760 -931363.70 -176265.45
V 2768 -931264.20 -176265.45
V 2776 -931264.20 -176305.45
V 2784 -931363.70 -176305.45
V 2792 -931371.45 -176307.53
V 2800 -931377.12 -176313.20
V 2808 -931379.20 -176320.95
V 2816 -931379.20 -176391.95
V 2824 -931377.12 -176399.70
V 2832 -931371.45 -176405.37
V 2840 -931363.70 -176407.45
V 2848 -931264.20 -176407.45
V 2856 -931264.20 -176447.45
V 2864 -931363.70 -176447.45
V 2872 -931371.45 -176449.53
V 2880 -931377.12 -176455.20
V 2888 -931379.20 -176462.95
V 2896 -931379.20 -176533.95
V 2904 -931377.12 -176541.70
V 2912 -931371.45 -176547.37
V 2920 -931363.70 -176549.45
V 2928 -931264.20 -176549.45
V 2936 -931264.20 -176589.45
V 2944 -931363.70 -176589.45
V 2952 -931371.45 -176591.53
V 2960 -931377.12 -176597.20
V 2968 -931379.20 -176604.95
V 2976 -931379.20 -176675.95
V 2984 -931377.12 -176683.70
V 2992 -931371.45 -176689.37
V 3000 -931363.70 -176691.45
V 3008 -931264.20 -176691.45
V 3016 -931264.20 -176731.45
V 3024 -931363.70 -176731.45
V 3032 -931371.45 -176733.53
V 3040 -931377.12 -176739.20
V 3048 -931379.20 -176746.95
V 3056 -931379.20 -176817.95
V 3064 -931377.12 -176825.70
V 3072 -931371.45 -176831.37
V 3080 -931363.70 -176833.45
V 3088 -931264.20 -176833.45
V 3096 -931264.20 -176873.45
V 3104 -931363.70 -176873.45
V 3112 -931371.45 -176875.53
V 3120 -931377.12 -176881.20
V 3128 -931379.20 -176888.95
V 3136 -931379.20 -176959.95
V 3144 -931377.12 -176967.70
V 3152 -931371.45 -176973.37
V 3160 -931363.70 -176975.45
V 3168 -931264.20 -176975.45
V 3176 -931264.20 -177015.45
V 3184 -931363.70 -177015.45
V 3192 -931371.45 -177017.53
V 3200 -931377.12 -177023.20
V 3208 -931379.20 -177030.95
V 3216 -931379.20 -177101.95
V 3224 -931377.12 -177109.70
V 3232 -931371.45 -177115.37
V 3240 -931363.70 -177117.45
V 3248 -931264.20 -177117.45
V 3256 -931264.20 -177157.45
V 3264 -931363.70 -177157.45
V 3272 -931371.45 -177159.53
V 3280 -931377.12 -177165.20
V 3288 -931379.20 -177172.95
V 3296 -931379.20 -177243.95
V 3304 -931377.12 -177251.70
V 3312 -931371.45 -177257.37
V 3320 -931363.70 -177259.45
V 3328 -931264.20 -177259.45
V 3336 -931264.20 -177299.45
V 3344 -931363.70 -177299.45
V 3352 -931371.45 -177301.53
V 3360 -931377.12 -177307.20
V 3368 -931379.20 -177314.95
V 3376 -931379.20 -177385.95
V 3384 -931377.12 -177393.70
V 3392 -931371.45 -177399.37
V 3400 -931363.70 -177401.45
V 3408 -931264.20 -177401.45
V 3416 -931264.20 -177441.45
V 3424 -931363.70 -177441.45
V 3432 -931371.45 -177443.53
V 3440 -931377.12 -177449.20
V 3448 -931379.20 -177456.95
V 3456 -931379.20 -177527.95
V 3464 -931377.12 -177535.70
V 3472 -931371.45 -177541.37
V 3480 -931363.70 -177543.45
V 3488 -931264.20 -177543.45
V 3496 -931264.20 -177583.45
V 3504 -931363.70 -177583.45
V 3512 -931371.45 -177585.53
V 3520 -931377.12 -177591.20
V 3528 -931379.20 -177598.95
V 3536 -931379.20 -177669.95
V 3544 -931377.12 -177677.70
V 3552 -931371.45 -177683.37
V 3560 -931363.70 -177685.45
V 3568 -931264.20 -177685.45
V 3576 -931264.20 -177725.45
V 3584 -931363.70 -177725.45
V 3592 -931371.45 -177727.53
V 3600 -931377.12 -177733.20
V 3608 -931379.20 -177740.95
V 3616 -931379.20 -177811.95
V 3624 -931377.12 -177819.70
V 3632 -931371.45 -177825.37
V 3640 -931363.70 -177827.45
V 3648 -931264.20 -177827.45
V 3656 -931264.20 -177867.45
V 3664 -931363.70 -177867.45
V 3672 -931371.45 -177869.53
V 3680 -931377.12 -177875.20
V 3688 -931379.20 -177882.95
V 3696 -931379.20 -177953.95
V 3704 -931377.12 -177961.70
V 3712 -931371.45 -177967.37
V 3720 -931363.70 -177969.45
V 3728 -931264.20 -177969.45
V 3736 -931264.20 -178009.45
V 3744 -931363.70 -178009.45
V 3752 -931371.45 -178011.53
V 3760 -931377.12 -178017.20
V 3768 -931379.20 -178024.95
V 3776 -931379.20 -178095.95
V 3784 -931377.12 -178103.70
V 3792 -931371.45 -178109.37
V 3800 -931363.70 -178111.45
V 3808 -931264.20 -178111.45
V 3816 -931264.20 -178151.45
V 3824 -931363.70 -178151.45
V 3832 -931371.45 -178153.53
V 3840 -931377.12 -178159.20
V 3848 -931379.20 -178166.95
V 3856 -931379.20 -178237.95
V 3864 -931377.12 -178245.70
V 3872 -931371.45 -178251.37
V 3880 -931363.70 -178253.45
V 3888 -931264.20 -178253.45
V 3896 -931264.20 -178293.45
V 3904 -931363.70 -178293.45
V 3912 -931371.45 -178295.53
V 3920 -931377.12 -178301.20
V 3928 -931379.20 -178308.95
V 3936 -931379.20 -178379.95
V 3944 -931377.12 -178387.70
V 3952 -931371.45 -178393.37
V 3960 -931363.70 -178395.45
V 3968 -931321.70 -178395.45
V 3976 -931321.70 -178404.45
V 3984 -931290.70 -178404.45
V 3992 -931290.70 -178379.95
V 4000 -931290.74 -178378.84
V 4008 -931290.86 -178377.74
V 4016 -931291.05 -178376.66
V 4024 -931291.33 -178375.58
V 4032 -931291.68 -178374.53
V 4040 -931292.10 -178373.51
V 4048 -931292.60 -178372.52
V 4056 -931293.16 -178371.57
V 4064 -931293.79 -178370.66
V 4072 -931294.49 -178369.80
V 4080 -931295.24 -178368.99
V 4088 -931296.05 -178368.24
V 4096 -931296.91 -178367.54
V 4104 -931297.82 -178366.91
V 4112 -931298.77 -178366.35
V 4120 -931299.76 -178365.85
V 4128 -931300.78 -178365.43
V 4136 -931301.83 -178365.08
V 4144 -931302.91 -178364.80
V 4152 -931303.99 -178364.61
V 4160 -931305.09 -178364.49
V 4168 -931306.20 -178364.45
V 4176 -931348.20 -178364.45
V 4184 -931348.20 -178324.45
V 4192 -931248.70 -178324.45
V 4200 -931240.95 -178322.37
V 4208 -931235.28 -178316.70
V 4216 -931233.20 -178308.95
V 4224 -931233.20 -178237.95
V 4232 -931235.28 -178230.20
V 4240 -931240.95 -178224.53
V 4248 -931248.70 -178222.45
V 4256 -931348.20 -178222.45
V 4264 -931348.20 -178182.45
V 4272 -931248.70 -178182.45
V 4280 -931240.95 -178180.37
V 4288 -931235.28 -178174.70
V 4296 -931233.20 -178166.95
V 4304 -931233.20 -178095.95
V 4312 -931235.28 -178088.20
V 4320 -931240.95 -178082.53
V 4328 -931248.70 -178080.45
V 4336 -931348.20 -178080.45
V 4344 -931348.20 -178040.45
V 4352 -931248.70 -178040.45
V 4360 -931240.95 -178038.37
V 4368 -931235.28 -178032.70
V 4376 -931233.20 -178024.95
V 4384 -931233.20 -177953.95
V 4392 -931235.28 -177946.20
V 4400 -931240.95 -177940.53
V 4408 -931248.70 -177938.45
V 4416 -931348.20 -177938.45
V 4424 -931348.20 -177898.45
V 4432 -931248.70 -177898.45
V 4440 -931240.95 -177896.37
V 4448 -931235.28 -177890.70
V 4456 -931233.20 -177882.95
V 4464 -931233.20 -177811.95
V 4472 -931235.28 -177804.20
V 4480 -931240.95 -177798.53
V 4488 -931248.70 -177796.45
V 4496 -931348.20 -177796.45
V 4504 -931348.20 -177756.45
V 4512 -931248.70 -177756.45
V 4520 -931240.95 -177754.37
V 4528 -931235.28 -177748.70
V 4536 -931233.20 -177740.95
V 4544 -931233.20 -177669.95
V 4552 -931235.28 -177662.20
V 4560 -931240.95 -177656.53
V 4568 -931248.70 -177654.45
V 4576 -931348.20 -177654.45
V 4584 -931348.20 -177614.45
V 4592 -931248.70 -177614.45
V 4600 -931240.95 -177612.37
V 4608 -931235.28 -177606.70
V 4616 -931233.20 -177598.95
V 4624 -931233.20 -177527.95
V 4632 -931235.28 -177520.20
V 4640 -931240.95 -177514.53
V 4648 -931248.70 -177512.45
V 4656 -931348.20 -177512.45
V 4664 -931348.20 -177472.45
V 4672 -931248.70 -177472.45
V 4680 -931240.95 -177470.37
V 4688 -931235.28 -177464.70
V 4696 -931233.20 -177456.95
V 4704 -931233.20 -177385.95
V 4712 -931235.28 -177378.20
V 4720 -931240.95 -177372.53
V 4728 -931248.70 -177370.45
V 4736 -931348.20 -177370.45
V 4744 -931348.20 -177330.45
V 4752 -931248.70 -177330.45
V 4760 -931240.95 -177328.37
V 4768 -931235.28 -177322.70
V 4776 -931233.20 -177314.95
V 4784 -931233.20 -177243.95
V 4792 -931235.28 -177236.20
V 4800 -931240.95 -177230.53
V 4808 -931248.70 -177228.45
V 4816 -931348.20 -177228.45
V 4824 -931348.20 -177188.45
V 4832 -931248.70 -177188.45
V 4840 -931240.95 -177186.37
V 4848 -931235.28 -177180.70
V 4856 -931233.20 -177172.95
V 4864 -931233.20 -177101.95
V 4872 -931235.28 -177094.20
V 4880 -931240.95 -177088.53
V 4888 -931248.70 -177086.45
V 4896 -931348.20 -177086.45
V 4904 -931348.20 -177046.45
V 4912 -931248.70 -177046.45
V 4920 -931240.95 -177044.37
V 4928 -931235.28 -177038.70
V 4936 -931233.20 -177030.95
V 4944 -931233.20 -176959.95
V 4952 -931235.28 -176952.20
V 4960 -931240.95 -176946.53
V 4968 -931248.70 -176944.45
V 4976 -931348.20 -176944.45
V 4984 -931348.20 -176904.45
V 4992 -931248.70 -176904.45
V 5000 -931240.95 -176902.37
V 5008 -931235.28 -176896.70
V 5016 -931233.20 -176888.95
V 5024 -931233.20 -176817.95
V 5032 -931235.28 -176810.20
V 5040 -931240.95 -176804.53
V 5048 -931248.70 -176802.45
V 5056 -931348.20 -176802.45
V 5064 -931348.20 -176762.45
V 5072 -931248.70 -176762.45
V 5080 -931240.95 -176760.37
V 5088 -931235.28 -176754.70
V 5096 -931233.20 -176746.95
V 5104 -931233.20 -176675.95
V 5112 -931235.28 -176668.20
V 5120 -931240.95 -176662.53
V 5128 -931248.70 -176660.45
V 5136 -931348.20 -176660.45
V 5144 -931348.20 -176620.45
V 5152 -931248.70 -176620.45
V 5160 -931240.95 -176618.37
V 5168 -931235.28 -176612.70
V 5176 -931233.20 -176604.95
V 5184 -931233.20 -176533.95
V 5192 -931235.28 -176526.20
V 5200 -931240.95 -176520.53
V 5208 -931248.70 -176518.45
V 5216 -931348.20 -176518.45
V 5224 -931348.20 -176478.45
V 5232 -931248.70 -176478.45
V 5240 -931240.95 -176476.37
V 5248 -931235.28 -176470.70
V 5256 -931233.20 -176462.95
V 5264 -931233.20 -176391.95
V 5272 -931235.28 -176384.20
V 5280 -931240.95 -176378.53
V 5288 -931248.70 -176376.45
V 5296 -931348.20 -176376.45
V 5304 -931348.20 -176336.45
V 5312 -931248.70 -176336.45
V 5320 -931240.95 -176334.37
V 5328 -931235.28 -176328.70
V 5336 -931233.20 -176320.95
V 5344 -931233.20 -176249.95
V 5352 -931235.28 -176242.20
V 5360 -931240.95 -176236.53
V 5368 -931248.70 -176234.45
V 5376 -931348.20 -176234.45
V 5384 -931348.20 -176194.45
V 5392 -931248.70 -176194.45
V 5400 -931240.95 -176192.37
V 5408 -931235.28 -176186.70
V 5416 -931233.20 -176178.95
V 5424 -931233.20 -176107.95
V 5432 -931235.28 -176100.20
V 5440 -931240.95 -176094.53
V 5448 -931248.70 -176092.45
V 5456 -931348.20 -176092.45
V 5464 -931348.20 -176052.45
V 5472 -931248.70 -176052.45
V 5480 -931240.95 -176050.37
V 5488 -931235.28 -176044.70
V 5496 -931233.20 -176036.95
V 5504 -931233.20 -175965.95
V 5512 -931235.28 -175958.20
V 5520 -931240.95 -175952.53
V 5528 -931248.70 -175950.45
V 5536 -931348.20 -175950.45
V 5544 -931348.20 -175910.45
V 5552 -931248.70 -175910.45
V 5560 -931240.95 -175908.37
V 5568 -931235.28 -175902.70
V 5576 -931233.20 -175894.95
V 5584 -931233.20 -175823.95
V 5592 -931235.28 -175816.20
V 5600 -931240.95 -175810.53
V 5608 -931248.70 -175808.45
V 5616 -931348.20 -175808.45
V 5624 -931348.20 -175768.45
V 5632 -931248.70 -175768.45
V 5640 -931240.95 -175766.37
V 5648 -931235.28 -175760.70
V 5656 -931233.20 -175752.95
V 5664 -931233.20 -175681.95
V 5672 -931235.28 -175674.20
V 5680 -931240.95 -175668.53
V 5688 -931248.70 -175666.45
V 5696 -931348.20 -175666.45
V 5704 -931348.20 -175626.45
V 5712 -931248.70 -175626.45
V 5720 -931240.95 -175624.37
V 5728 -931235.28 -175618.70
V 5736 -931233.20 -175610.95
V 5744 -931233.20 -175539.95
V 5752 -931235.28 -175532.20
V 5760 -931240.95 -175526.53
V 5768 -931248.70 -175524.45
V 5776 -931348.20 -175524.45
V 5784 -931348.20 -175484.45
V 5792 -931248.70 -175484.45
V 5800 -931240.95 -175482.37
V 5808 -931235.28 -175476.70
V 5816 -931233.20 -175468.95
V 5824 -931233.20 -175397.95
V 5832 -931235.28 -175390.20
V 5840 -931240.95 -175384.53
V 5848 -931248.70 -175382.45
V 5856 -931348.20 -175382.45
V 5864 -931348.20 -175342.45
V 5872 -931248.70 -175342.45
V 5880 -931240.95 -175340.37
V 5888 -931235.28 -175334.70
V 5896 -931233.20 -175326.95
V 5904 -931233.20 -175255.95
V 5912 -931235.28 -175248.20
V 5920 -931240.95 -175242.53
V 5928 -931248.70 -175240.45
V 5936 -931348.20 -175240.45
V 5944 -931348.20 -175200.45
V 5952 -931248.70 -175200.45
V 5960 -931240.95 -175198.37
V 5968 -931235.28 -175192.70
V 5976 -931233.20 -175184.95
V 5984 -931233.20 -175113.95
V 5992 -931235.28 -175106.20
V 6000 -931240.95 -175100.53
V 6008 -931248.70 -175098.45
V 6016 -931348.20 -175098.45
V 6024 -931348.20 -175058.45
V 6032 -931248.70 -175058.45
V 6040 -931240.95 -175056.37
V 6048 -931235.28 -175050.70
V 6056 -931233.20 -175042.95
V 6064 -931233.20 -174971.95
V 6072 -931235.28 -174964.20
V 6080 -931240.95 -174958.53
V 6088 -931248.70 -174956.45
V 6096 -931348.20 -174956.45
V 6104 -931348.20 -174916.45
V 6112 -931248.70 -174916.45
V 6120 -931240.95 -174914.37
V 6128 -931235.28 -174908.70
V 6136 -931233.20 -174900.95
V 6144 -931233.20 -174829.95
