V 0 -927825.28 -174538.20
V 8 -927830.95 -174532.53
V 16 -927838.70 -174530.45
V 24 -927938.20 -174530.45
V 32 -927938.20 -174490.45
V 40 -927848.52 -174490.45
V 48 -927840.77 -174488.37
V 56 -927835.10 -174482.70
V 64 -927833.02 -174474.95
V 72 -927833.02 -174403.95
V 80 -927835.10 -174396.20
V 88 -927840.77 -174390.53
V 96 -927848.52 -174388.45
V 104 -927880.70 -174388.45
V 112 -927880.70 -174277.04
V 120 -927882.36 -174270.05
V 128 -927887.00 -174264.57
V 136 -927893.61 -174261.76
V 144 -928908.34 -174089.46
V 152 -963925.64 -168143.45
V 160 -963925.66 -168143.44
V 168 -963932.30 -168142.31
V 176 -963932.32 -168142.31
V 184 -964068.23 -168119.24
V 192 -964983.98 -167963.74
V 200 -967592.75 -167520.76
V 208 -968952.59 -167289.86
V 216 -969167.35 -167253.39
V 224 -969417.20 -167210.97
V 232 -969631.97 -167174.50
V 240 -969881.80 -167132.08
V 248 -970096.56 -167095.61
V 256 -970346.41 -167053.19
V 264 -970561.18 -167016.72
V 272 -970811.01 -166974.30
V 280 -971025.78 -166937.83
V 288 -971275.61 -166895.41
V 296 -971490.37 -166858.94
V 304 -971740.21 -166816.51
V 312 -971954.98 -166780.05
V 320 -972204.82 -166737.62
V 328 -972419.58 -166701.16
V 336 -972669.42 -166658.73
V 344 -972884.19 -166622.27
V 352 -973134.03 -166579.84
V 360 -973348.79 -166543.37
V 368 -973598.63 -166500.95
V 376 -973813.39 -166464.48
V 384 -974180.72 -166402.11
V 392 -975162.03 -166235.48
V 400 -975970.14 -166098.27
V 408 -976756.50 -165964.74
V 416 -978164.42 -165725.67
V 424 -978418.75 -165682.49
V 432 -979409.46 -165514.26
V 440 -980338.10 -165356.58
V 448 -980410.21 -165344.33
V 456 -982669.74 -164960.66
V 464 -983838.72 -164762.17
V 472 -985028.02 -164560.22
V 480 -986558.40 -164300.36
V 488 -988512.78 -163968.50
V 496 -989362.04 -163824.29
V 504 -989649.39 -163775.50
V 512 -990454.15 -163638.85
V 520 -990822.42 -163576.32
V 528 -991909.20 -163391.78
V 536 -992803.84 -163239.87
V 544 -996167.54 -162668.70
V 552 -997115.87 -162507.68
V 560 -998879.94 -162208.13
V 568 -999700.65 -162068.78
V 576 -1000850.34 -161873.56
V 584 -1002227.68 -161639.68
V 592 -1003526.52 -161419.14
V 600 -1005374.91 -161105.27
V 608 -1007744.90 -160702.84
V 616 -1011860.91 -160003.94
V 624 -1012542.67 -159888.18
V 632 -1012542.69 -159888.17
V 640 -1012551.40 -159886.69
V 648 -1012551.42 -159886.69
V 656 -1013322.41 -159755.77
V 664 -1014181.92 -159609.83
V 672 -1015739.03 -159345.43
V 680 -1017308.80 -159078.87
V 688 -1017387.69 -159065.48
V 696 -1017656.02 -159019.91
V 704 -1018341.39 -158903.54
V 712 -1018773.28 -158830.20
V 720 -1019719.06 -158669.61
V 728 -1020004.09 -158621.21
V 736 -1020880.24 -158472.44
V 744 -1021112.47 -158433.00
V 752 -1021751.19 -158324.55
V 760 -1021788.13 -158318.27
V 768 -1022584.42 -158183.06
V 776 -1022664.44 -158169.47
V 784 -1023050.68 -158103.89
V 792 -1023149.79 -158087.06
V 800 -1023568.12 -158016.03
V 808 -1023763.20 -157982.90
V 816 -1024180.33 -157912.07
V 824 -1024829.62 -157801.82
V 832 -1025061.92 -157762.38
V 840 -1025248.00 -157730.78
V 848 -1025248.00 -157719.35
V 856 -1025279.00 -157719.35
V 864 -1025279.00 -157743.87
V 872 -1025278.96 -157744.96
V 880 -1025278.85 -157746.04
V 888 -1025278.66 -157747.11
V 896 -1025278.39 -157748.16
V 904 -1025278.06 -157749.20
V 912 -1025277.65 -157750.20
V 920 -1025277.17 -157751.18
V 928 -1025276.62 -157752.12
V 936 -1025276.01 -157753.02
V 944 -1025275.34 -157753.87
V 952 -1025274.61 -157754.68
V 960 -1025273.83 -157755.43
V 968 -1025272.99 -157756.13
V 976 -1025272.11 -157756.76
V 984 -1025271.18 -157757.33
V 992 -1025270.22 -157757.84
V 1000 -1025269.23 -157758.27
V 1008 -1025268.20 -157758.64
V 1016 -1025267.16 -157758.93
V 1024 -1025266.09 -157759.15
V 1032 -1025067.10 -157792.94
V 1040 -1024834.80 -157832.38
V 1048 -1024185.51 -157942.63
V 1056 -1023768.40 -158013.46
V 1064 -1023573.32 -158046.59
V 1072 -1023154.97 -158117.62
V 1080 -1022669.64 -158200.03
V 1088 -1022589.62 -158213.62
V 1096 -1022414.10 -158243.42
V 1104 -1021793.33 -158348.83
V 1112 -1021756.39 -158355.11
V 1120 -1021117.67 -158463.56
V 1128 -1020885.44 -158503.00
V 1136 -1020009.27 -158651.77
V 1144 -1019724.24 -158700.17
V 1152 -1018778.46 -158860.76
V 1160 -1018346.57 -158934.10
V 1168 -1017661.22 -159050.47
V 1176 -1017392.89 -159096.04
V 1184 -1017313.98 -159109.43
V 1192 -1015744.21 -159375.99
V 1200 -1014187.10 -159640.39
V 1208 -1013327.59 -159786.33
V 1216 -1012556.62 -159917.24
V 1224 -1012556.60 -159917.25
V 1232 -1012547.89 -159918.73
V 1240 -1012547.87 -159918.73
V 1248 -1011866.09 -160034.50
V 1256 -1007750.08 -160733.40
V 1264 -1005380.09 -161135.83
V 1272 -1003531.70 -161449.70
V 1280 -1002232.86 -161670.24
V 1288 -1000855.52 -161904.12
V 1296 -999705.83 -162099.34
V 1304 -998885.12 -162238.69
V 1312 -997121.05 -162538.24
V 1320 -996172.72 -162699.26
V 1328 -992809.02 -163270.43
V 1336 -991914.38 -163422.34
V 1344 -990827.60 -163606.88
V 1352 -990459.33 -163669.41
V 1360 -989654.57 -163806.06
V 1368 -989367.22 -163854.85
V 1376 -988517.96 -163999.06
V 1384 -986563.58 -164330.92
V 1392 -985033.20 -164590.78
V 1400 -983843.90 -164792.73
V 1408 -982674.92 -164991.22
V 1416 -980415.41 -165374.89
V 1424 -980343.30 -165387.14
V 1432 -979414.64 -165544.82
V 1440 -978423.93 -165713.05
V 1448 -978169.60 -165756.23
V 1456 -976761.68 -165995.30
V 1464 -975975.32 -166128.83
V 1472 -975167.21 -166266.04
V 1480 -973818.59 -166495.04
V 1488 -973603.83 -166531.51
V 1496 -973353.99 -166573.93
V 1504 -973139.23 -166610.40
V 1512 -972889.39 -166652.83
V 1520 -972674.62 -166689.29
V 1528 -972424.78 -166731.72
V 1536 -972210.02 -166768.18
V 1544 -971960.18 -166810.61
V 1552 -971745.41 -166847.07
V 1560 -971495.57 -166889.50
V 1568 -971280.81 -166925.97
V 1576 -971030.96 -166968.39
V 1584 -970816.19 -167004.86
V 1592 -970566.36 -167047.28
V 1600 -970351.59 -167083.75
V 1608 -970101.76 -167126.17
V 1616 -969887.00 -167162.64
V 1624 -969637.15 -167205.06
V 1632 -969422.38 -167241.53
V 1640 -969172.55 -167283.95
V 1648 -968957.79 -167320.42
V 1656 -968707.94 -167362.84
V 1664 -967597.93 -167551.32
V 1672 -964989.16 -167994.30
V 1680 -964073.41 -168149.80
V 1688 -963937.52 -168172.86
V 1696 -963937.50 -168172.87
V 1704 -963930.86 -168174.00
V 1712 -963930.84 -168174.00
V 1720 -931236.76 -173725.53
V 1728 -927911.70 -174290.13
V 1736 -927911.70 -174403.95
V 1744 -927909.62 -174411.70
V 1752 -927903.95 -174417.37
V 1760 -927896.20 -174419.45
V 1768 -927864.02 -174419.45
V 1776 -927864.02 -174459.45
V 1784 -927953.70 -174459.45
V 1792 -927961.45 -174461.53
V 1800 -927967.12 -174467.20
V 1808 -927969.20 -174474.95
V 1816 -927969.20 -174545.95
V 1824 -927967.12 -174553.70
V 1832 -927961.45 -174559.37
V 1840 -927953.70 -174561.45
V 1848 -927854.20 -174561.45
V 1856 -927854.20 -174601.45
V 1864 -927953.70 -174601.45
V 1872 -927961.45 -174603.53
V 1880 -927967.12 -174609.20
V 1888 -927969.20 -174616.95
V 1896 -927969.20 -174687.95
V 1904 -927967.12 -174695.70
V 1912 -927961.45 -174701.37
V 1920 -927953.70 -174703.45
V 1928 -927854.20 -174703.45
V 1936 -927854.20 -174743.45
V 1944 -927953.70 -174743.45
V 1952 -927961.45 -174745.53
V 1960 -927967.12 -174751.20
V 1968 -927969.20 -174758.95
V 1976 -927969.20 -174829.95
V 1984 -927967.12 -174837.70
V 1992 -927961.45 -174843.37
V 2000 -927953.70 -174845.45
V 2008 -927854.20 -174845.45
V 2016 -927854.20 -174885.45
V 2024 -927953.70 -174885.45
V 2032 -927961.45 -174887.53
V 2040 -927967.12 -174893.20
V 2048 -927969.20 -174900.95
V 2056 -927969.20 -174971.95
V 2064 -927967.12 -174979.70
V 2072 -927961.45 -174985.37
V 2080 -927953.70 -174987.45
V 2088 -927854.20 -174987.45
V 2096 -927854.20 -175027.45
V 2104 -927953.70 -175027.45
V 2112 -927961.45 -175029.53
V 2120 -927967.12 -175035.20
V 2128 -927969.20 -175042.95
V 2136 -927969.20 -175113.95
V 2144 -927967.12 -175121.70
V 2152 -927961.45 -175127.37
V 2160 -927953.70 -175129.45
V 2168 -927854.20 -175129.45
V 2176 -927854.20 -175169.45
V 2184 -927953.70 -175169.45
V 2192 -927961.45 -175171.53
V 2200 -927967.12 -175177.20
V 2208 -927969.20 -175184.95
V 2216 -927969.20 -175255.95
V 2224 -927967.12 -175263.70
V 2232 -927961.45 -175269.37
V 2240 -927953.70 -175271.45
V 2248 -927854.20 -175271.45
V 2256 -927854.20 -175311.45
V 2264 -927953.70 -175311.45
V 2272 -927961.45 -175313.53
V 2280 -927967.12 -175319.20
V 2288 -927969.20 -175326.95
V 2296 -927969.20 -175397.95
V 2304 -927967.12 -175405.70
V 2312 -927961.45 -175411.37
V 2320 -927953.70 -175413.45
V 2328 -927854.20 -175413.45
V 2336 -927854.20 -175453.45
V 2344 -927953.70 -175453.45
V 2352 -927961.45 -175455.53
V 2360 -927967.12 -175461.20
V 2368 -927969.20 -175468.95
V 2376 -927969.20 -175539.95
V 2384 -927967.12 -175547.70
V 2392 -927961.45 -175553.37
V 2400 -927953.70 -175555.45
V 2408 -927854.20 -175555.45
V 2416 -927854.20 -175595.45
V 2424 -927953.70 -175595.45
V 2432 -927961.45 -175597.53
V 2440 -927967.12 -175603.20
V 2448 -927969.20 -175610.95
V 2456 -927969.20 -175681.95
V 2464 -927967.12 -175689.70
V 2472 -927961.45 -175695.37
V 2480 -927953.70 -175697.45
V 2488 -927854.20 -175697.45
V 2496 -927854.20 -175737.45
V 2504 -927953.70 -175737.45
V 2512 -927961.45 -175739.53
V 2520 -927967.12 -175745.20
V 2528 -927969.20 -175752.95
V 2536 -927969.20 -175823.95
V 2544 -927967.12 -175831.70
V 2552 -927961.45 -175837.37
V 2560 -927953.70 -175839.45
V 2568 -927854.20 -175839.45
V 2576 -927854.20 -175879.45
V 2584 -927953.70 -175879.45
V 2592 -927961.45 -175881.53
V 2600 -927967.12 -175887.20
V 2608 -927969.20 -175894.95
V 2616 -927969.20 -175965.95
V 2624 -927967.12 -175973.70
V 2632 -927961.45 -175979.37
V 2640 -927953.70 -175981.45
V 2648 -927854.20 -175981.45
V 2656 -927854.20 -176021.45
V 2664 -927953.70 -176021.45
V 2672 -927961.45 -176023.53
V 2680 -927967.12 -176029.20
V 2688 -927969.20 -176036.95
V 2696 -927969.20 -176107.95
V 2704 -927967.12 -176115.70
V 2712 -927961.45 -176121.37
V 2720 -927953.70 -176123.45
V 2728 -927854.20 -176123.45
V 2736 -927854.20 -176163.45
V 2744 -927953.70 -176163.45
V 2752 -927961.45 -176165.53
V 2760 -927967.12 -176171.20
V 2768 -927969.20 -176178.95
V 2776 -927969.20 -176249.95
V 2784 -927967.12 -176257.70
V 2792 -927961.45 -176263.37
V 2800 -927953.70 -176265.45
V 2808 -927854.20 -176265.45
V 2816 -927854.20 -176305.45
V 2824 -927953.70 -176305.45
V 2832 -927961.45 -176307.53
V 2840 -927967.12 -176313.20
V 2848 -927969.20 -176320.95
V 2856 -927969.20 -176391.95
V 2864 -927967.12 -176399.70
V 2872 -927961.45 -176405.37
V 2880 -927953.70 -176407.45
V 2888 -927854.20 -176407.45
V 2896 -927854.20 -176447.45
V 2904 -927953.70 -176447.45
V 2912 -927961.45 -176449.53
V 2920 -927967.12 -176455.20
V 2928 -927969.20 -176462.95
V 2936 -927969.20 -176533.95
V 2944 -927967.12 -176541.70
V 2952 -927961.45 -176547.37
V 2960 -927953.70 -176549.45
V 2968 -927854.20 -176549.45
V 2976 -927854.20 -176589.45
V 2984 -927953.70 -176589.45
V 2992 -927961.45 -176591.53
V 3000 -927967.12 -176597.20
V 3008 -927969.20 -176604.95
V 3016 -927969.20 -176675.95
V 3024 -927967.12 -176683.70
V 3032 -927961.45 -176689.37
V 3040 -927953.70 -176691.45
V 3048 -927854.20 -176691.45
V 3056 -927854.20 -176731.45
V 3064 -927953.70 -176731.45
V 3072 -927961.45 -176733.53
V 3080 -927967.12 -176739.20
V 3088 -927969.20 -176746.95
V 3096 -927969.20 -176817.95
V 3104 -927967.12 -176825.70
V 3112 -927961.45 -176831.37
V 3120 -927953.70 -176833.45
V 3128 -927854.20 -176833.45
V 3136 -927854.20 -176873.45
V 3144 -927953.70 -176873.45
V 3152 -927961.45 -176875.53
V 3160 -927967.12 -176881.20
V 3168 -927969.20 -176888.95
V 3176 -927969.20 -176959.95
V 3184 -927967.12 -176967.70
V 3192 -927961.45 -176973.37
V 3200 -927953.70 -176975.45
V 3208 -927854.20 -176975.45
V 3216 -927854.20 -177015.45
V 3224 -927953.70 -177015.45
V 3232 -927961.45 -177017.53
V 3240 -927967.12 -177023.20
V 3248 -927969.20 -177030.95
V 3256 -927969.20 -177101.95
V 3264 -927967.12 -177109.70
V 3272 -927961.45 -177115.37
V 3280 -927953.70 -177117.45
V 3288 -927854.20 -177117.45
V 3296 -927854.20 -177157.45
V 3304 -927953.70 -177157.45
V 3312 -927961.45 -177159.53
V 3320 -927967.12 -177165.20
V 3328 -927969.20 -177172.95
V 3336 -927969.20 -177243.95
V 3344 -927967.12 -177251.70
V 3352 -927961.45 -177257.37
V 3360 -927953.70 -177259.45
V 3368 -927854.20 -177259.45
V 3376 -927854.20 -177299.45
V 3384 -927953.70 -177299.45
V 3392 -927961.45 -177301.53
V 3400 -927967.12 -177307.20
V 3408 -927969.20 -177314.95
V 3416 -927969.20 -177385.95
V 3424 -927967.12 -177393.70
V 3432 -927961.45 -177399.37
V 3440 -927953.70 -177401.45
V 3448 -927854.20 -177401.45
V 3456 -927854.20 -177441.45
V 3464 -927953.70 -177441.45
V 3472 -927961.45 -177443.53
V 3480 -927967.12 -177449.20
V 3488 -927969.20 -177456.95
V 3496 -927969.20 -177527.95
V 3504 -927967.12 -177535.70
V 3512 -927961.45 -177541.37
V 3520 -927953.70 -177543.45
V 3528 -927854.20 -177543.45
V 3536 -927854.20 -177583.45
V 3544 -927953.70 -177583.45
V 3552 -927961.45 -177585.53
V 3560 -927967.12 -177591.20
V 3568 -927969.20 -177598.95
V 3576 -927969.20 -177669.95
V 3584 -927967.12 -177677.70
V 3592 -927961.45 -177683.37
V 3600 -927953.70 -177685.45
V 3608 -927854.20 -177685.45
V 3616 -927854.20 -177725.45
V 3624 -927953.70 -177725.45
V 3632 -927961.45 -177727.53
V 3640 -927967.12 -177733.20
V 3648 -927969.20 -177740.95
V 3656 -927969.20 -177811.95
V 3664 -927967.12 -177819.70
V 3672 -927961.45 -177825.37
V 3680 -927953.70 -177827.45
V 3688 -927854.20 -177827.45
V 3696 -927854.20 -177867.45
V 3704 -927953.70 -177867.45
V 3712 -927961.45 -177869.53
V 3720 -927967.12 -177875.20
V 3728 -927969.20 -177882.95
V 3736 -927969.20 -177953.95
V 3744 -927967.12 -177961.70
V 3752 -927961.45 -177967.37
V 3760 -927953.70 -177969.45
V 3768 -927854.20 -177969.45
V 3776 -927854.20 -178009.45
V 3784 -927953.70 -178009.45
V 3792 -927961.45 -178011.53
V 3800 -927967.12 -178017.20
V 3808 -927969.20 -178024.95
V 3816 -927969.20 -178095.95
V 3824 -927967.12 -178103.70
V 3832 -927961.45 -178109.37
V 3840 -927953.70 -178111.45
V 3848 -927854.20 -178111.45
V 3856 -927854.20 -178151.45
V 3864 -927953.70 -178151.45
V 3872 -927961.45 -178153.53
V 3880 -927967.12 -178159.20
V 3888 -927969.20 -178166.95
V 3896 -927969.20 -178237.95
V 3904 -927967.12 -178245.70
V 3912 -927961.45 -178251.37
V 3920 -927953.70 -178253.45
V 3928 -927854.20 -178253.45
V 3936 -927854.20 -178293.45
V 3944 -927953.70 -178293.45
V 3952 -927961.45 -178295.53
V 3960 -927967.12 -178301.20
V 3968 -927969.20 -178308.95
V 3976 -927969.20 -178379.95
V 3984 -927967.12 -178387.70
V 3992 -927961.45 -178393.37
V 4000 -927953.70 -178395.45
V 4008 -927911.70 -178395.45
V 4016 -927911.70 -178404.45
V 4024 -927880.70 -178404.45
V 4032 -927880.70 -178379.95
V 4040 -927880.74 -178378.84
V 4048 -927880.86 -178377.74
V 4056 -927881.05 -178376.66
V 4064 -927881.33 -178375.58
V 4072 -927881.68 -178374.53
V 4080 -927882.10 -178373.51
V 4088 -927882.60 -178372.52
V 4096 -927883.16 -178371.57
V 4104 -927883.79 -178370.66
V 4112 -927884.49 -178369.80
V 4120 -927885.24 -178368.99
V 4128 -927886.05 -178368.24
V 4136 -927886.91 -178367.54
V 4144 -927887.82 -178366.91
V 4152 -927888.77 -178366.35
V 4160 -927889.76 -178365.85
V 4168 -927890.78 -178365.43
V 4176 -927891.83 -178365.08
V 4184 -927892.91 -178364.80
V 4192 -927893.99 -178364.61
V 4200 -927895.09 -178364.49
V 4208 -927896.20 -178364.45
V 4216 -927938.20 -178364.45
V 4224 -927938.20 -178324.45
V 4232 -927838.70 -178324.45
V 4240 -927830.95 -178322.37
V 4248 -927825.28 -178316.70
V 4256 -927823.20 -178308.95
V 4264 -927823.20 -178237.95
V 4272 -927825.28 -178230.20
V 4280 -927830.95 -178224.53
V 4288 -927838.70 -178222.45
V 4296 -927938.20 -178222.45
V 4304 -927938.20 -178182.45
V 4312 -927838.70 -178182.45
V 4320 -927830.95 -178180.37
V 4328 -927825.28 -178174.70
V 4336 -927823.20 -178166.95
V 4344 -927823.20 -178095.95
V 4352 -927825.28 -178088.20
V 4360 -927830.95 -178082.53
V 4368 -927838.70 -178080.45
V 4376 -927938.20 -178080.45
V 4384 -927938.20 -178040.45
V 4392 -927838.70 -178040.45
V 4400 -927830.95 -178038.37
V 4408 -927825.28 -178032.70
V 4416 -927823.20 -178024.95
V 4424 -927823.20 -177953.95
V 4432 -927825.28 -177946.20
V 4440 -927830.95 -177940.53
V 4448 -927838.70 -177938.45
V 4456 -927938.20 -177938.45
V 4464 -927938.20 -177898.45
V 4472 -927838.70 -177898.45
V 4480 -927830.95 -177896.37
V 4488 -927825.28 -177890.70
V 4496 -927823.20 -177882.95
V 4504 -927823.20 -177811.95
V 4512 -927825.28 -177804.20
V 4520 -927830.95 -177798.53
V 4528 -927838.70 -177796.45
V 4536 -927938.20 -177796.45
V 4544 -927938.20 -177756.45
V 4552 -927838.70 -177756.45
V 4560 -927830.95 -177754.37
V 4568 -927825.28 -177748.70
V 4576 -927823.20 -177740.95
V 4584 -927823.20 -177669.95
V 4592 -927825.28 -177662.20
V 4600 -927830.95 -177656.53
V 4608 -927838.70 -177654.45
V 4616 -927938.20 -177654.45
V 4624 -927938.20 -177614.45
V 4632 -927838.70 -177614.45
V 4640 -927830.95 -177612.37
V 4648 -927825.28 -177606.70
V 4656 -927823.20 -177598.95
V 4664 -927823.20 -177527.95
V 4672 -927825.28 -177520.20
V 4680 -927830.95 -177514.53
V 4688 -927838.70 -177512.45
V 4696 -927938.20 -177512.45
V 4704 -927938.20 -177472.45
V 4712 -927838.70 -177472.45
V 4720 -927830.95 -177470.37
V 4728 -927825.28 -177464.70
V 4736 -927823.20 -177456.95
V 4744 -927823.20 -177385.95
V 4752 -927825.28 -177378.20
V 4760 -927830.95 -177372.53
V 4768 -927838.70 -177370.45
V 4776 -927938.20 -177370.45
V 4784 -927938.20 -177330.45
V 4792 -927838.70 -177330.45
V 4800 -927830.95 -177328.37
V 4808 -927825.28 -177322.70
V 4816 -927823.20 -177314.95
V 4824 -927823.20 -177243.95
V 4832 -927825.28 -177236.20
V 4840 -927830.95 -177230.53
V 4848 -927838.70 -177228.45
V 4856 -927938.20 -177228.45
V 4864 -927938.20 -177188.45
V 4872 -927838.70 -177188.45
V 4880 -927830.95 -177186.37
V 4888 -927825.28 -177180.70
V 4896 -927823.20 -177172.95
V 4904 -927823.20 -177101.95
V 4912 -927825.28 -177094.20
V 4920 -927830.95 -177088.53
V 4928 -927838.70 -177086.45
V 4936 -927938.20 -177086.45
V 4944 -927938.20 -177046.45
V 4952 -927838.70 -177046.45
V 4960 -927830.95 -177044.37
V 4968 -927825.28 -177038.70
V 4976 -927823.20 -177030.95
V 4984 -927823.20 -176959.95
V 4992 -927825.28 -176952.20
V 5000 -927830.95 -176946.53
V 5008 -927838.70 -176944.45
V 5016 -927938.20 -176944.45
V 5024 -927938.20 -176904.45
V 5032 -927838.70 -176904.45
V 5040 -927830.95 -176902.37
V 5048 -927825.28 -176896.70
V 5056 -927823.20 -176888.95
V 5064 -927823.20 -176817.95
V 5072 -927825.28 -176810.20
V 5080 -927830.95 -176804.53
V 5088 -927838.70 -176802.45
V 5096 -927938.20 -176802.45
V 5104 -927938.20 -176762.45
V 5112 -927838.70 -176762.45
V 5120 -927830.95 -176760.37
V 5128 -927825.28 -176754.70
V 5136 -927823.20 -176746.95
V 5144 -927823.20 -176675.95
V 5152 -927825.28 -176668.20
V 5160 -927830.95 -176662.53
V 5168 -927838.70 -176660.45
V 5176 -927938.20 -176660.45
V 5184 -927938.20 -176620.45
V 5192 -927838.70 -176620.45
V 5200 -927830.95 -176618.37
V 5208 -927825.28 -176612.70
V 5216 -927823.20 -176604.95
V 5224 -927823.20 -176533.95
V 5232 -927825.28 -176526.20
V 5240 -927830.95 -176520.53
V 5248 -927838.70 -176518.45
V 5256 -927938.20 -176518.45
V 5264 -927938.20 -176478.45
V 5272 -927838.70 -176478.45
V 5280 -927830.95 -176476.37
V 5288 -927825.28 -176470.70
V 5296 -927823.20 -176462.95
V 5304 -927823.20 -176391.95
V 5312 -927825.28 -176384.20
V 5320 -927830.95 -176378.53
V 5328 -927838.70 -176376.45
V 5336 -927938.20 -176376.45
V 5344 -927938.20 -176336.45
V 5352 -927838.70 -176336.45
V 5360 -927830.95 -176334.37
V 5368 -927825.28 -176328.70
V 5376 -927823.20 -176320.95
V 5384 -927823.20 -176249.95
V 5392 -927825.28 -176242.20
V 5400 -927830.95 -176236.53
V 5408 -927838.70 -176234.45
V 5416 -927938.20 -176234.45
V 5424 -927938.20 -176194.45
V 5432 -927838.70 -176194.45
V 5440 -927830.95 -176192.37
V 5448 -927825.28 -176186.70
V 5456 -927823.20 -176178.95
V 5464 -927823.20 -176107.95
V 5472 -927825.28 -176100.20
V 5480 -927830.95 -176094.53
V 5488 -927838.70 -176092.45
V 5496 -927938.20 -176092.45
V 5504 -927938.20 -176052.45
V 5512 -927838.70 -176052.45
V 5520 -927830.95 -176050.37
V 5528 -927825.28 -176044.70
V 5536 -927823.20 -176036.95
V 5544 -927823.20 -175965.95
V 5552 -927825.28 -175958.20
V 5560 -927830.95 -175952.53
V 5568 -927838.70 -175950.45
V 5576 -927938.20 -175950.45
V 5584 -927938.20 -175910.45
V 5592 -927838.70 -175910.45
V 5600 -927830.95 -175908.37
V 5608 -927825.28 -175902.70
V 5616 -927823.20 -175894.95
V 5624 -927823.20 -175823.95
V 5632 -927825.28 -175816.20
V 5640 -927830.95 -175810.53
V 5648 -927838.70 -175808.45
V 5656 -927938.20 -175808.45
V 5664 -927938.20 -175768.45
V 5672 -927838.70 -175768.45
V 5680 -927830.95 -175766.37
V 5688 -927825.28 -175760.70
V 5696 -927823.20 -175752.95
V 5704 -927823.20 -175681.95
V 5712 -927825.28 -175674.20
V 5720 -927830.95 -175668.53
V 5728 -927838.70 -175666.45
V 5736 -927938.20 -175666.45
V 5744 -927938.20 -175626.45
V 5752 -927838.70 -175626.45
V 5760 -927830.95 -175624.37
V 5768 -927825.28 -175618.70
V 5776 -927823.20 -175610.95
V 5784 -927823.20 -175539.95
V 5792 -927825.28 -175532.20
V 5800 -927830.95 -175526.53
V 5808 -927838.70 -175524.45
V 5816 -927938.20 -175524.45
V 5824 -927938.20 -175484.45
V 5832 -927838.70 -175484.45
V 5840 -927830.95 -175482.37
V 5848 -927825.28 -175476.70
V 5856 -927823.20 -175468.95
V 5864 -927823.20 -175397.95
V 5872 -927825.28 -175390.20
V 5880 -927830.95 -175384.53
V 5888 -927838.70 -175382.45
V 5896 -927938.20 -175382.45
V 5904 -927938.20 -175342.45
V 5912 -927838.70 -175342.45
V 5920 -927830.95 -175340.37
V 5928 -927825.28 -175334.70
V 5936 -927823.20 -175326.95
V 5944 -927823.20 -175255.95
V 5952 -927825.28 -175248.20
V 5960 -927830.95 -175242.53
V 5968 -927838.70 -175240.45
V 5976 -927938.20 -175240.45
V 5984 -927938.20 -175200.45
V 5992 -927838.70 -175200.45
V 6000 -927830.95 -175198.37
V 6008 -927825.28 -175192.70
V 6016 -927823.20 -175184.95
V 6024 -927823.20 -175113.95
V 6032 -927825.28 -175106.20
V 6040 -927830.95 -175100.53
V 6048 -927838.70 -175098.45
V 6056 -927938.20 -175098.45
V 6064 -927938.20 -175058.45
V 6072 -927838.70 -175058.45
V 6080 -927830.95 -175056.37
V 6088 -927825.28 -175050.70
V 6096 -927823.20 -175042.95
V 6104 -927823.20 -174971.95
V 6112 -927825.28 -174964.20
V 6120 -927830.95 -174958.53
V 6128 -927838.70 -174956.45
V 6136 -927938.20 -174956.45
V 6144 -927938.20 -174916.45
V 6152 -927838.70 -174916.45
V 6160 -927830.95 -174914.37
V 6168 -927825.28 -174908.70
V 6176 -927823.20 -174900.95
V 6184 -927823.20 -174829.95
V 6192 -927825.28 -174822.20
V 6200 -927830.95 -174816.53
V 6208 -927838.70 -174814.45
V 6216 -927938.20 -174814.45
V 6224 -927938.20 -174774.45
V 6232 -927838.70 -174774.45
V 6240 -927830.95 -174772.37
V 6248 -927825.28 -174766.70
V 6256 -927823.20 -174758.95
V 6264 -927823.20 -174687.95
V 6272 -927825.28 -174680.20
V 6280 -927830.95 -174674.53
V 6288 -927838.70 -174672.45
V 6296 -927938.20 -174672.45
V 6304 -927938.20 -174632.45
V 6312 -927838.70 -174632.45
V 6320 -927830.95 -174630.37
V 6328 -927825.28 -174624.70
V 6336 -927823.20 -174616.95
V 6344 -927823.20 -174545.95
