V 0 1085836.69 10172.14
V 8 1085832.26 10210.18
V 16 1085832.25 10210.28
V 24 1085832.21 10210.49
V 32 1085825.39 10235.36
V 40 1085824.77 10242.26
V 48 1085824.53 10242.95
V 56 1085823.99 10243.44
V 64 1085823.28 10243.62
V 72 1085735.66 10243.62
V 80 1085735.66 10240.62
V 88 1085821.91 10240.62
V 96 1085822.42 10235.02
V 104 1085822.42 10234.96
V 112 1085822.43 10234.86
V 120 1085822.46 10234.75
V 128 1085822.47 10234.65
V 136 1085829.28 10209.80
V 144 1085833.86 10170.47
V 152 1085834.11 10169.79
V 160 1085834.65 10169.31
V 168 1085835.35 10169.14
V 176 1085839.86 10169.14
V 184 1085839.86 10172.14
