V 0 1085836.69 -35565.86
V 8 1085832.26 -35527.82
V 16 1085832.25 -35527.72
V 24 1085832.21 -35527.51
V 32 1085825.39 -35502.64
V 40 1085824.77 -35495.74
V 48 1085824.53 -35495.05
V 56 1085823.99 -35494.56
V 64 1085823.28 -35494.38
V 72 1085735.66 -35494.38
V 80 1085735.66 -35497.38
V 88 1085821.91 -35497.38
V 96 1085822.42 -35502.98
V 104 1085822.42 -35503.04
V 112 1085822.43 -35503.14
V 120 1085822.46 -35503.25
V 128 1085822.47 -35503.35
V 136 1085829.28 -35528.20
V 144 1085833.86 -35567.53
V 152 1085834.11 -35568.21
V 160 1085834.65 -35568.69
V 168 1085835.35 -35568.86
V 176 1085839.86 -35568.86
V 184 1085839.86 -35565.86
