V 0 1085836.72 46180.62
V 8 1085831.59 46237.07
V 16 1085831.59 46237.13
V 24 1085831.58 46237.24
V 32 1085825.52 46282.60
V 40 1085825.51 46282.63
V 48 1085823.40 46300.79
V 56 1085823.15 46301.47
V 64 1085822.61 46301.95
V 72 1085821.91 46302.12
V 80 1085735.66 46302.12
V 88 1085735.66 46299.12
V 96 1085820.57 46299.12
V 104 1085822.53 46282.31
V 112 1085822.54 46282.20
V 120 1085828.60 46236.84
V 128 1085833.86 46178.98
V 136 1085834.10 46178.29
V 144 1085834.64 46177.80
V 152 1085835.35 46177.62
V 160 1085839.86 46177.62
V 168 1085839.86 46180.62
