V 0 -825990.28 -165166.20
V 8 -825995.95 -165160.53
V 16 -826003.70 -165158.45
V 24 -826103.20 -165158.45
V 32 -826103.20 -165118.45
V 40 -826019.35 -165118.45
V 48 -826011.60 -165116.37
V 56 -826005.93 -165110.70
V 64 -826003.85 -165102.95
V 72 -826003.85 -165031.95
V 80 -826005.93 -165024.20
V 88 -826011.60 -165018.53
V 96 -826019.35 -165016.45
V 104 -826045.70 -165016.45
V 112 -826045.70 -164906.00
V 120 -826045.74 -164904.91
V 128 -826045.85 -164903.83
V 136 -826046.04 -164902.76
V 144 -826046.31 -164901.71
V 152 -826046.64 -164900.67
V 160 -826047.05 -164899.67
V 168 -826047.53 -164898.69
V 176 -826048.08 -164897.75
V 184 -826048.69 -164896.85
V 192 -826049.36 -164896.00
V 200 -826050.09 -164895.19
V 208 -826050.87 -164894.44
V 216 -826051.71 -164893.74
V 224 -826052.59 -164893.11
V 232 -826053.52 -164892.54
V 240 -826054.48 -164892.03
V 248 -826055.47 -164891.60
V 256 -826056.50 -164891.23
V 264 -826057.54 -164890.94
V 272 -826058.61 -164890.72
V 280 -826081.72 -164886.80
V 288 -827731.58 -164606.65
V 296 -827928.48 -164573.21
V 304 -828164.22 -164533.19
V 312 -828405.51 -164492.22
V 320 -829056.34 -164381.70
V 328 -830044.51 -164213.91
V 336 -836306.66 -163150.58
V 344 -837364.91 -162970.89
V 352 -837976.71 -162867.01
V 360 -838385.51 -162797.59
V 368 -838876.64 -162714.20
V 376 -839091.40 -162677.73
V 384 -839341.23 -162635.30
V 392 -839556.00 -162598.84
V 400 -839797.88 -162557.76
V 408 -839995.80 -162524.16
V 416 -840518.38 -162435.42
V 424 -841235.54 -162313.65
V 432 -841294.00 -162303.72
V 440 -843613.38 -161909.89
V 448 -845570.65 -161577.54
V 456 -845676.98 -161559.48
V 464 -845783.20 -161541.45
V 472 -846644.71 -161395.16
V 480 -848640.52 -161056.27
V 488 -848848.08 -161021.02
V 496 -849866.40 -160848.11
V 504 -850644.63 -160715.97
V 512 -852002.75 -160485.35
V 520 -852142.77 -160461.58
V 528 -852854.76 -160340.68
V 536 -852899.08 -160333.15
V 544 -854670.13 -160032.43
V 552 -854797.46 -160010.80
V 560 -857767.69 -159506.45
V 568 -858604.35 -159364.39
V 576 -859364.74 -159235.27
V 584 -859533.98 -159206.53
V 592 -859709.04 -159176.81
V 600 -859922.44 -159140.57
V 608 -861177.79 -158927.41
V 616 -861576.99 -158859.63
V 624 -861733.31 -158833.08
V 632 -862183.87 -158756.58
V 640 -862698.72 -158669.15
V 648 -863238.29 -158577.54
V 656 -863396.58 -158550.66
V 664 -864277.74 -158401.04
V 672 -864585.36 -158348.80
V 680 -864712.89 -158327.14
V 688 -865385.92 -158212.86
V 696 -865797.14 -158143.04
V 704 -866038.44 -158102.06
V 712 -866292.70 -158058.89
V 720 -866490.63 -158025.28
V 728 -866726.35 -157985.25
V 736 -867221.91 -157901.11
V 744 -867806.60 -157801.83
V 752 -868038.90 -157762.38
V 760 -868225.00 -157730.78
V 768 -868225.00 -157719.35
V 776 -868256.00 -157719.35
V 784 -868256.00 -157743.87
V 792 -868255.96 -157744.96
V 800 -868255.85 -157746.04
V 808 -868255.66 -157747.11
V 816 -868255.39 -157748.16
V 824 -868255.06 -157749.20
V 832 -868254.65 -157750.20
V 840 -868254.17 -157751.18
V 848 -868253.62 -157752.12
V 856 -868253.01 -157753.02
V 864 -868252.34 -157753.87
V 872 -868251.61 -157754.68
V 880 -868250.83 -157755.43
V 888 -868249.99 -157756.13
V 896 -868249.11 -157756.76
V 904 -868248.18 -157757.33
V 912 -868247.22 -157757.84
V 920 -868246.23 -157758.27
V 928 -868245.20 -157758.64
V 936 -868244.16 -157758.93
V 944 -868243.09 -157759.15
V 952 -868044.10 -157792.94
V 960 -867811.80 -157832.39
V 968 -866731.55 -158015.81
V 976 -866495.83 -158055.84
V 984 -866043.64 -158132.62
V 992 -865802.34 -158173.60
V 1000 -865566.61 -158213.62
V 1008 -865391.10 -158243.42
V 1016 -864718.09 -158357.70
V 1024 -864590.56 -158379.36
V 1032 -864282.92 -158431.60
V 1040 -863401.76 -158581.22
V 1048 -863243.47 -158608.10
V 1056 -862703.92 -158699.71
V 1064 -862189.07 -158787.14
V 1072 -861977.73 -158823.02
V 1080 -861738.51 -158863.64
V 1088 -861582.19 -158890.19
V 1096 -861182.97 -158957.97
V 1104 -860289.40 -159109.70
V 1112 -859927.64 -159171.13
V 1120 -859714.24 -159207.37
V 1128 -859539.18 -159237.09
V 1136 -859369.94 -159265.83
V 1144 -858609.53 -159394.95
V 1152 -857772.87 -159537.01
V 1160 -854802.66 -160041.36
V 1168 -854675.33 -160062.99
V 1176 -852904.28 -160363.71
V 1184 -852859.96 -160371.24
V 1192 -852147.95 -160492.14
V 1200 -852007.93 -160515.91
V 1208 -850649.81 -160746.53
V 1216 -849871.58 -160878.67
V 1224 -848853.28 -161051.58
V 1232 -848645.72 -161086.83
V 1240 -846649.89 -161425.72
V 1248 -845788.38 -161572.01
V 1256 -845682.18 -161590.04
V 1264 -845575.85 -161608.10
V 1272 -841299.20 -162334.28
V 1280 -841240.74 -162344.21
V 1288 -840523.56 -162465.98
V 1296 -840000.98 -162554.72
V 1304 -839803.08 -162588.32
V 1312 -839561.20 -162629.40
V 1320 -839346.43 -162665.86
V 1328 -839096.60 -162708.29
V 1336 -838881.82 -162744.76
V 1344 -838390.69 -162828.15
V 1352 -837981.89 -162897.57
V 1360 -837370.09 -163001.45
V 1368 -836311.84 -163181.14
V 1376 -830049.69 -164244.47
V 1384 -829061.52 -164412.26
V 1392 -828410.69 -164522.78
V 1400 -828169.40 -164563.75
V 1408 -827933.68 -164603.77
V 1416 -827736.78 -164637.21
V 1424 -827059.32 -164752.24
V 1432 -826086.90 -164917.36
V 1440 -826076.70 -164919.09
V 1448 -826076.70 -165031.95
V 1456 -826074.62 -165039.70
V 1464 -826068.95 -165045.37
V 1472 -826061.20 -165047.45
V 1480 -826034.85 -165047.45
V 1488 -826034.85 -165087.45
V 1496 -826118.70 -165087.45
V 1504 -826126.45 -165089.53
V 1512 -826132.12 -165095.20
V 1520 -826134.20 -165102.95
V 1528 -826134.20 -165173.95
V 1536 -826132.12 -165181.70
V 1544 -826126.45 -165187.37
V 1552 -826118.70 -165189.45
V 1560 -826019.20 -165189.45
V 1568 -826019.20 -165229.45
V 1576 -826118.70 -165229.45
V 1584 -826126.45 -165231.53
V 1592 -826132.12 -165237.20
V 1600 -826134.20 -165244.95
V 1608 -826134.20 -165315.95
V 1616 -826132.12 -165323.70
V 1624 -826126.45 -165329.37
V 1632 -826118.70 -165331.45
V 1640 -826019.20 -165331.45
V 1648 -826019.20 -165371.45
V 1656 -826118.70 -165371.45
V 1664 -826126.45 -165373.53
V 1672 -826132.12 -165379.20
V 1680 -826134.20 -165386.95
V 1688 -826134.20 -165457.95
V 1696 -826132.12 -165465.70
V 1704 -826126.45 -165471.37
V 1712 -826118.70 -165473.45
V 1720 -826019.20 -165473.45
V 1728 -826019.20 -165513.45
V 1736 -826118.70 -165513.45
V 1744 -826126.45 -165515.53
V 1752 -826132.12 -165521.20
V 1760 -826134.20 -165528.95
V 1768 -826134.20 -165599.95
V 1776 -826132.12 -165607.70
V 1784 -826126.45 -165613.37
V 1792 -826118.70 -165615.45
V 1800 -826019.20 -165615.45
V 1808 -826019.20 -165655.45
V 1816 -826118.70 -165655.45
V 1824 -826126.45 -165657.53
V 1832 -826132.12 -165663.20
V 1840 -826134.20 -165670.95
V 1848 -826134.20 -165741.95
V 1856 -826132.12 -165749.70
V 1864 -826126.45 -165755.37
V 1872 -826118.70 -165757.45
V 1880 -826019.20 -165757.45
V 1888 -826019.20 -165797.45
V 1896 -826118.70 -165797.45
V 1904 -826126.45 -165799.53
V 1912 -826132.12 -165805.20
V 1920 -826134.20 -165812.95
V 1928 -826134.20 -165883.95
V 1936 -826132.12 -165891.70
V 1944 -826126.45 -165897.37
V 1952 -826118.70 -165899.45
V 1960 -826019.20 -165899.45
V 1968 -826019.20 -165939.45
V 1976 -826118.70 -165939.45
V 1984 -826126.45 -165941.53
V 1992 -826132.12 -165947.20
V 2000 -826134.20 -165954.95
V 2008 -826134.20 -166025.95
V 2016 -826132.12 -166033.70
V 2024 -826126.45 -166039.37
V 2032 -826118.70 -166041.45
V 2040 -826019.20 -166041.45
V 2048 -826019.20 -166081.45
V 2056 -826118.70 -166081.45
V 2064 -826126.45 -166083.53
V 2072 -826132.12 -166089.20
V 2080 -826134.20 -166096.95
V 2088 -826134.20 -166167.95
V 2096 -826132.12 -166175.70
V 2104 -826126.45 -166181.37
V 2112 -826118.70 -166183.45
V 2120 -826019.20 -166183.45
V 2128 -826019.20 -166223.45
V 2136 -826118.70 -166223.45
V 2144 -826126.45 -166225.53
V 2152 -826132.12 -166231.20
V 2160 -826134.20 -166238.95
V 2168 -826134.20 -166309.95
V 2176 -826132.12 -166317.70
V 2184 -826126.45 -166323.37
V 2192 -826118.70 -166325.45
V 2200 -826019.20 -166325.45
V 2208 -826019.20 -166365.45
V 2216 -826118.70 -166365.45
V 2224 -826126.45 -166367.53
V 2232 -826132.12 -166373.20
V 2240 -826134.20 -166380.95
V 2248 -826134.20 -166451.95
V 2256 -826132.12 -166459.70
V 2264 -826126.45 -166465.37
V 2272 -826118.70 -166467.45
V 2280 -826019.20 -166467.45
V 2288 -826019.20 -166507.45
V 2296 -826118.70 -166507.45
V 2304 -826126.45 -166509.53
V 2312 -826132.12 -166515.20
V 2320 -826134.20 -166522.95
V 2328 -826134.20 -166593.95
V 2336 -826132.12 -166601.70
V 2344 -826126.45 -166607.37
V 2352 -826118.70 -166609.45
V 2360 -826019.20 -166609.45
V 2368 -826019.20 -166649.45
V 2376 -826118.70 -166649.45
V 2384 -826126.45 -166651.53
V 2392 -826132.12 -166657.20
V 2400 -826134.20 -166664.95
V 2408 -826134.20 -166735.95
V 2416 -826132.12 -166743.70
V 2424 -826126.45 -166749.37
V 2432 -826118.70 -166751.45
V 2440 -826019.20 -166751.45
V 2448 -826019.20 -166791.45
V 2456 -826118.70 -166791.45
V 2464 -826126.45 -166793.53
V 2472 -826132.12 -166799.20
V 2480 -826134.20 -166806.95
V 2488 -826134.20 -166877.95
V 2496 -826132.12 -166885.70
V 2504 -826126.45 -166891.37
V 2512 -826118.70 -166893.45
V 2520 -826019.20 -166893.45
V 2528 -826019.20 -166933.45
V 2536 -826118.70 -166933.45
V 2544 -826126.45 -166935.53
V 2552 -826132.12 -166941.20
V 2560 -826134.20 -166948.95
V 2568 -826134.20 -167019.95
V 2576 -826132.12 -167027.70
V 2584 -826126.45 -167033.37
V 2592 -826118.70 -167035.45
V 2600 -826019.20 -167035.45
V 2608 -826019.20 -167075.45
V 2616 -826118.70 -167075.45
V 2624 -826126.45 -167077.53
V 2632 -826132.12 -167083.20
V 2640 -826134.20 -167090.95
V 2648 -826134.20 -167161.95
V 2656 -826132.12 -167169.70
V 2664 -826126.45 -167175.37
V 2672 -826118.70 -167177.45
V 2680 -826019.20 -167177.45
V 2688 -826019.20 -167217.45
V 2696 -826118.70 -167217.45
V 2704 -826126.45 -167219.53
V 2712 -826132.12 -167225.20
V 2720 -826134.20 -167232.95
V 2728 -826134.20 -167303.95
V 2736 -826132.12 -167311.70
V 2744 -826126.45 -167317.37
V 2752 -826118.70 -167319.45
V 2760 -826019.20 -167319.45
V 2768 -826019.20 -167359.45
V 2776 -826118.70 -167359.45
V 2784 -826126.45 -167361.53
V 2792 -826132.12 -167367.20
V 2800 -826134.20 -167374.95
V 2808 -826134.20 -167445.95
V 2816 -826132.12 -167453.70
V 2824 -826126.45 -167459.37
V 2832 -826118.70 -167461.45
V 2840 -826019.20 -167461.45
V 2848 -826019.20 -167501.45
V 2856 -826118.70 -167501.45
V 2864 -826126.45 -167503.53
V 2872 -826132.12 -167509.20
V 2880 -826134.20 -167516.95
V 2888 -826134.20 -167587.95
V 2896 -826132.12 -167595.70
V 2904 -826126.45 -167601.37
V 2912 -826118.70 -167603.45
V 2920 -826019.20 -167603.45
V 2928 -826019.20 -167643.45
V 2936 -826118.70 -167643.45
V 2944 -826126.45 -167645.53
V 2952 -826132.12 -167651.20
V 2960 -826134.20 -167658.95
V 2968 -826134.20 -167729.95
V 2976 -826132.12 -167737.70
V 2984 -826126.45 -167743.37
V 2992 -826118.70 -167745.45
V 3000 -826019.20 -167745.45
V 3008 -826019.20 -167785.45
V 3016 -826118.70 -167785.45
V 3024 -826126.45 -167787.53
V 3032 -826132.12 -167793.20
V 3040 -826134.20 -167800.95
V 3048 -826134.20 -167871.95
V 3056 -826132.12 -167879.70
V 3064 -826126.45 -167885.37
V 3072 -826118.70 -167887.45
V 3080 -826019.20 -167887.45
V 3088 -826019.20 -167927.45
V 3096 -826118.70 -167927.45
V 3104 -826126.45 -167929.53
V 3112 -826132.12 -167935.20
V 3120 -826134.20 -167942.95
V 3128 -826134.20 -168013.95
V 3136 -826132.12 -168021.70
V 3144 -826126.45 -168027.37
V 3152 -826118.70 -168029.45
V 3160 -826019.20 -168029.45
V 3168 -826019.20 -168069.45
V 3176 -826118.70 -168069.45
V 3184 -826126.45 -168071.53
V 3192 -826132.12 -168077.20
V 3200 -826134.20 -168084.95
V 3208 -826134.20 -168155.95
V 3216 -826132.12 -168163.70
V 3224 -826126.45 -168169.37
V 3232 -826118.70 -168171.45
V 3240 -826019.20 -168171.45
V 3248 -826019.20 -168211.45
V 3256 -826118.70 -168211.45
V 3264 -826126.45 -168213.53
V 3272 -826132.12 -168219.20
V 3280 -826134.20 -168226.95
V 3288 -826134.20 -168297.95
V 3296 -826132.12 -168305.70
V 3304 -826126.45 -168311.37
V 3312 -826118.70 -168313.45
V 3320 -826019.20 -168313.45
V 3328 -826019.20 -168353.45
V 3336 -826118.70 -168353.45
V 3344 -826126.45 -168355.53
V 3352 -826132.12 -168361.20
V 3360 -826134.20 -168368.95
V 3368 -826134.20 -168439.95
V 3376 -826132.12 -168447.70
V 3384 -826126.45 -168453.37
V 3392 -826118.70 -168455.45
V 3400 -826019.20 -168455.45
V 3408 -826019.20 -168495.45
V 3416 -826118.70 -168495.45
V 3424 -826126.45 -168497.53
V 3432 -826132.12 -168503.20
V 3440 -826134.20 -168510.95
V 3448 -826134.20 -168581.95
V 3456 -826132.12 -168589.70
V 3464 -826126.45 -168595.37
V 3472 -826118.70 -168597.45
V 3480 -826019.20 -168597.45
V 3488 -826019.20 -168637.45
V 3496 -826118.70 -168637.45
V 3504 -826126.45 -168639.53
V 3512 -826132.12 -168645.20
V 3520 -826134.20 -168652.95
V 3528 -826134.20 -168723.95
V 3536 -826132.12 -168731.70
V 3544 -826126.45 -168737.37
V 3552 -826118.70 -168739.45
V 3560 -826019.20 -168739.45
V 3568 -826019.20 -168779.45
V 3576 -826118.70 -168779.45
V 3584 -826126.45 -168781.53
V 3592 -826132.12 -168787.20
V 3600 -826134.20 -168794.95
V 3608 -826134.20 -168865.95
V 3616 -826132.12 -168873.70
V 3624 -826126.45 -168879.37
V 3632 -826118.70 -168881.45
V 3640 -826019.20 -168881.45
V 3648 -826019.20 -168921.45
V 3656 -826118.70 -168921.45
V 3664 -826126.45 -168923.53
V 3672 -826132.12 -168929.20
V 3680 -826134.20 -168936.95
V 3688 -826134.20 -169007.95
V 3696 -826132.12 -169015.70
V 3704 -826126.45 -169021.37
V 3712 -826118.70 -169023.45
V 3720 -826019.20 -169023.45
V 3728 -826019.20 -169063.45
V 3736 -826118.70 -169063.45
V 3744 -826126.45 -169065.53
V 3752 -826132.12 -169071.20
V 3760 -826134.20 -169078.95
V 3768 -826134.20 -169149.95
V 3776 -826132.12 -169157.70
V 3784 -826126.45 -169163.37
V 3792 -826118.70 -169165.45
V 3800 -826019.20 -169165.45
V 3808 -826019.20 -169205.45
V 3816 -826118.70 -169205.45
V 3824 -826126.45 -169207.53
V 3832 -826132.12 -169213.20
V 3840 -826134.20 -169220.95
V 3848 -826134.20 -169291.95
V 3856 -826132.12 -169299.70
V 3864 -826126.45 -169305.37
V 3872 -826118.70 -169307.45
V 3880 -826019.20 -169307.45
V 3888 -826019.20 -169347.45
V 3896 -826118.70 -169347.45
V 3904 -826126.45 -169349.53
V 3912 -826132.12 -169355.20
V 3920 -826134.20 -169362.95
V 3928 -826134.20 -169433.95
V 3936 -826132.12 -169441.70
V 3944 -826126.45 -169447.37
V 3952 -826118.70 -169449.45
V 3960 -826019.20 -169449.45
V 3968 -826019.20 -169489.45
V 3976 -826118.70 -169489.45
V 3984 -826126.45 -169491.53
V 3992 -826132.12 -169497.20
V 4000 -826134.20 -169504.95
V 4008 -826134.20 -169575.95
V 4016 -826132.12 -169583.70
V 4024 -826126.45 -169589.37
V 4032 -826118.70 -169591.45
V 4040 -826019.20 -169591.45
V 4048 -826019.20 -169631.45
V 4056 -826118.70 -169631.45
V 4064 -826126.45 -169633.53
V 4072 -826132.12 -169639.20
V 4080 -826134.20 -169646.95
V 4088 -826134.20 -169717.95
V 4096 -826132.12 -169725.70
V 4104 -826126.45 -169731.37
V 4112 -826118.70 -169733.45
V 4120 -826019.20 -169733.45
V 4128 -826019.20 -169773.45
V 4136 -826118.70 -169773.45
V 4144 -826126.45 -169775.53
V 4152 -826132.12 -169781.20
V 4160 -826134.20 -169788.95
V 4168 -826134.20 -169859.95
V 4176 -826132.12 -169867.70
V 4184 -826126.45 -169873.37
V 4192 -826118.70 -169875.45
V 4200 -826019.20 -169875.45
V 4208 -826019.20 -169915.45
V 4216 -826118.70 -169915.45
V 4224 -826126.45 -169917.53
V 4232 -826132.12 -169923.20
V 4240 -826134.20 -169930.95
V 4248 -826134.20 -170001.95
V 4256 -826132.12 -170009.70
V 4264 -826126.45 -170015.37
V 4272 -826118.70 -170017.45
V 4280 -826019.20 -170017.45
V 4288 -826019.20 -170057.45
V 4296 -826118.70 -170057.45
V 4304 -826126.45 -170059.53
V 4312 -826132.12 -170065.20
V 4320 -826134.20 -170072.95
V 4328 -826134.20 -170143.95
V 4336 -826132.12 -170151.70
V 4344 -826126.45 -170157.37
V 4352 -826118.70 -170159.45
V 4360 -826019.20 -170159.45
V 4368 -826019.20 -170199.45
V 4376 -826118.70 -170199.45
V 4384 -826126.45 -170201.53
V 4392 -826132.12 -170207.20
V 4400 -826134.20 -170214.95
V 4408 -826134.20 -170285.95
V 4416 -826132.12 -170293.70
V 4424 -826126.45 -170299.37
V 4432 -826118.70 -170301.45
V 4440 -826019.20 -170301.45
V 4448 -826019.20 -170341.45
V 4456 -826118.70 -170341.45
V 4464 -826126.45 -170343.53
V 4472 -826132.12 -170349.20
V 4480 -826134.20 -170356.95
V 4488 -826134.20 -170427.95
V 4496 -826132.12 -170435.70
V 4504 -826126.45 -170441.37
V 4512 -826118.70 -170443.45
V 4520 -826019.20 -170443.45
V 4528 -826019.20 -170483.45
V 4536 -826118.70 -170483.45
V 4544 -826126.45 -170485.53
V 4552 -826132.12 -170491.20
V 4560 -826134.20 -170498.95
V 4568 -826134.20 -170569.95
V 4576 -826132.12 -170577.70
V 4584 -826126.45 -170583.37
V 4592 -826118.70 -170585.45
V 4600 -826019.20 -170585.45
V 4608 -826019.20 -170625.45
V 4616 -826118.70 -170625.45
V 4624 -826126.45 -170627.53
V 4632 -826132.12 -170633.20
V 4640 -826134.20 -170640.95
V 4648 -826134.20 -170711.95
V 4656 -826132.12 -170719.70
V 4664 -826126.45 -170725.37
V 4672 -826118.70 -170727.45
V 4680 -826019.20 -170727.45
V 4688 -826019.20 -170767.45
V 4696 -826118.70 -170767.45
V 4704 -826126.45 -170769.53
V 4712 -826132.12 -170775.20
V 4720 -826134.20 -170782.95
V 4728 -826134.20 -170853.95
V 4736 -826132.12 -170861.70
V 4744 -826126.45 -170867.37
V 4752 -826118.70 -170869.45
V 4760 -826019.20 -170869.45
V 4768 -826019.20 -170909.45
V 4776 -826118.70 -170909.45
V 4784 -826126.45 -170911.53
V 4792 -826132.12 -170917.20
V 4800 -826134.20 -170924.95
V 4808 -826134.20 -170995.95
V 4816 -826132.12 -171003.70
V 4824 -826126.45 -171009.37
V 4832 -826118.70 -171011.45
V 4840 -826019.20 -171011.45
V 4848 -826019.20 -171051.45
V 4856 -826118.70 -171051.45
V 4864 -826126.45 -171053.53
V 4872 -826132.12 -171059.20
V 4880 -826134.20 -171066.95
V 4888 -826134.20 -171137.95
V 4896 -826132.12 -171145.70
V 4904 -826126.45 -171151.37
V 4912 -826118.70 -171153.45
V 4920 -826019.20 -171153.45
V 4928 -826019.20 -171193.45
V 4936 -826118.70 -171193.45
V 4944 -826126.45 -171195.53
V 4952 -826132.12 -171201.20
V 4960 -826134.20 -171208.95
V 4968 -826134.20 -171279.95
V 4976 -826132.12 -171287.70
V 4984 -826126.45 -171293.37
V 4992 -826118.70 -171295.45
V 5000 -826019.20 -171295.45
V 5008 -826019.20 -171335.45
V 5016 -826118.70 -171335.45
V 5024 -826126.45 -171337.53
V 5032 -826132.12 -171343.20
V 5040 -826134.20 -171350.95
V 5048 -826134.20 -171421.95
V 5056 -826132.12 -171429.70
V 5064 -826126.45 -171435.37
V 5072 -826118.70 -171437.45
V 5080 -826019.20 -171437.45
V 5088 -826019.20 -171477.45
V 5096 -826118.70 -171477.45
V 5104 -826126.45 -171479.53
V 5112 -826132.12 -171485.20
V 5120 -826134.20 -171492.95
V 5128 -826134.20 -171563.95
V 5136 -826132.12 -171571.70
V 5144 -826126.45 -171577.37
V 5152 -826118.70 -171579.45
V 5160 -826019.20 -171579.45
V 5168 -826019.20 -171619.45
V 5176 -826118.70 -171619.45
V 5184 -826126.45 -171621.53
V 5192 -826132.12 -171627.20
V 5200 -826134.20 -171634.95
V 5208 -826134.20 -171705.95
V 5216 -826132.12 -171713.70
V 5224 -826126.45 -171719.37
V 5232 -826118.70 -171721.45
V 5240 -826019.20 -171721.45
V 5248 -826019.20 -171761.45
V 5256 -826118.70 -171761.45
V 5264 -826126.45 -171763.53
V 5272 -826132.12 -171769.20
V 5280 -826134.20 -171776.95
V 5288 -826134.20 -171847.95
V 5296 -826132.12 -171855.70
V 5304 -826126.45 -171861.37
V 5312 -826118.70 -171863.45
V 5320 -826019.20 -171863.45
V 5328 -826019.20 -171903.45
V 5336 -826118.70 -171903.45
V 5344 -826126.45 -171905.53
V 5352 -826132.12 -171911.20
V 5360 -826134.20 -171918.95
V 5368 -826134.20 -171989.95
V 5376 -826132.12 -171997.70
V 5384 -826126.45 -172003.37
V 5392 -826118.70 -172005.45
V 5400 -826019.20 -172005.45
V 5408 -826019.20 -172045.45
V 5416 -826118.70 -172045.45
V 5424 -826126.45 -172047.53
V 5432 -826132.12 -172053.20
V 5440 -826134.20 -172060.95
V 5448 -826134.20 -172131.95
V 5456 -826132.12 -172139.70
V 5464 -826126.45 -172145.37
V 5472 -826118.70 -172147.45
V 5480 -826019.20 -172147.45
V 5488 -826019.20 -172187.45
V 5496 -826118.70 -172187.45
V 5504 -826126.45 -172189.53
V 5512 -826132.12 -172195.20
V 5520 -826134.20 -172202.95
V 5528 -826134.20 -172273.95
V 5536 -826132.12 -172281.70
V 5544 -826126.45 -172287.37
V 5552 -826118.70 -172289.45
V 5560 -826019.20 -172289.45
V 5568 -826019.20 -172329.45
V 5576 -826118.70 -172329.45
V 5584 -826126.45 -172331.53
V 5592 -826132.12 -172337.20
V 5600 -826134.20 -172344.95
V 5608 -826134.20 -172415.95
V 5616 -826132.12 -172423.70
V 5624 -826126.45 -172429.37
V 5632 -826118.70 -172431.45
V 5640 -826019.20 -172431.45
V 5648 -826019.20 -172471.45
V 5656 -826118.70 -172471.45
V 5664 -826126.45 -172473.53
V 5672 -826132.12 -172479.20
V 5680 -826134.20 -172486.95
V 5688 -826134.20 -172557.95
V 5696 -826132.12 -172565.70
V 5704 -826126.45 -172571.37
V 5712 -826118.70 -172573.45
V 5720 -826019.20 -172573.45
V 5728 -826019.20 -172613.45
V 5736 -826118.70 -172613.45
V 5744 -826126.45 -172615.53
V 5752 -826132.12 -172621.20
V 5760 -826134.20 -172628.95
V 5768 -826134.20 -172699.95
V 5776 -826132.12 -172707.70
V 5784 -826126.45 -172713.37
V 5792 -826118.70 -172715.45
V 5800 -826019.20 -172715.45
V 5808 -826019.20 -172755.45
V 5816 -826118.70 -172755.45
V 5824 -826126.45 -172757.53
V 5832 -826132.12 -172763.20
V 5840 -826134.20 -172770.95
V 5848 -826134.20 -172841.95
V 5856 -826132.12 -172849.70
V 5864 -826126.45 -172855.37
V 5872 -826118.70 -172857.45
V 5880 -826019.20 -172857.45
V 5888 -826019.20 -172897.45
V 5896 -826118.70 -172897.45
V 5904 -826126.45 -172899.53
V 5912 -826132.12 -172905.20
V 5920 -826134.20 -172912.95
V 5928 -826134.20 -172983.95
V 5936 -826132.12 -172991.70
V 5944 -826126.45 -172997.37
V 5952 -826118.70 -172999.45
V 5960 -826019.20 -172999.45
V 5968 -826019.20 -173039.45
V 5976 -826118.70 -173039.45
V 5984 -826126.45 -173041.53
V 5992 -826132.12 -173047.20
V 6000 -826134.20 -173054.95
V 6008 -826134.20 -173125.95
V 6016 -826132.12 -173133.70
V 6024 -826126.45 -173139.37
V 6032 -826118.70 -173141.45
V 6040 -826019.20 -173141.45
V 6048 -826019.20 -173181.45
V 6056 -826118.70 -173181.45
V 6064 -826126.45 -173183.53
V 6072 -826132.12 -173189.20
V 6080 -826134.20 -173196.95
V 6088 -826134.20 -173267.95
V 6096 -826132.12 -173275.70
V 6104 -826126.45 -173281.37
V 6112 -826118.70 -173283.45
V 6120 -826019.20 -173283.45
V 6128 -826019.20 -173323.45
V 6136 -826118.70 -173323.45
V 6144 -826126.45 -173325.53
V 6152 -826132.12 -173331.20
V 6160 -826134.20 -173338.95
V 6168 -826134.20 -173409.95
V 6176 -826132.12 -173417.70
V 6184 -826126.45 -173423.37
V 6192 -826118.70 -173425.45
V 6200 -826019.20 -173425.45
V 6208 -826019.20 -173465.45
V 6216 -826118.70 -173465.45
V 6224 -826126.45 -173467.53
V 6232 -826132.12 -173473.20
V 6240 -826134.20 -173480.95
V 6248 -826134.20 -173551.95
V 6256 -826132.12 -173559.70
V 6264 -826126.45 -173565.37
V 6272 -826118.70 -173567.45
V 6280 -826019.20 -173567.45
V 6288 -826019.20 -173607.45
V 6296 -826118.70 -173607.45
V 6304 -826126.45 -173609.53
V 6312 -826132.12 -173615.20
V 6320 -826134.20 -173622.95
V 6328 -826134.20 -173693.95
V 6336 -826132.12 -173701.70
V 6344 -826126.45 -173707.37
V 6352 -826118.70 -173709.45
V 6360 -826019.20 -173709.45
V 6368 -826019.20 -173749.45
V 6376 -826118.70 -173749.45
V 6384 -826126.45 -173751.53
V 6392 -826132.12 -173757.20
V 6400 -826134.20 -173764.95
V 6408 -826134.20 -173835.95
V 6416 -826132.12 -173843.70
V 6424 -826126.45 -173849.37
V 6432 -826118.70 -173851.45
V 6440 -826019.20 -173851.45
V 6448 -826019.20 -173891.45
V 6456 -826118.70 -173891.45
V 6464 -826126.45 -173893.53
V 6472 -826132.12 -173899.20
V 6480 -826134.20 -173906.95
V 6488 -826134.20 -173977.95
V 6496 -826132.12 -173985.70
V 6504 -826126.45 -173991.37
V 6512 -826118.70 -173993.45
V 6520 -826019.20 -173993.45
V 6528 -826019.20 -174033.45
V 6536 -826118.70 -174033.45
V 6544 -826126.45 -174035.53
V 6552 -826132.12 -174041.20
V 6560 -826134.20 -174048.95
V 6568 -826134.20 -174119.95
V 6576 -826132.12 -174127.70
V 6584 -826126.45 -174133.37
V 6592 -826118.70 -174135.45
V 6600 -826019.20 -174135.45
V 6608 -826019.20 -174175.45
V 6616 -826118.70 -174175.45
V 6624 -826126.45 -174177.53
V 6632 -826132.12 -174183.20
V 6640 -826134.20 -174190.95
V 6648 -826134.20 -174261.95
V 6656 -826132.12 -174269.70
V 6664 -826126.45 -174275.37
V 6672 -826118.70 -174277.45
V 6680 -826019.20 -174277.45
V 6688 -826019.20 -174317.45
V 6696 -826118.70 -174317.45
V 6704 -826126.45 -174319.53
V 6712 -826132.12 -174325.20
V 6720 -826134.20 -174332.95
V 6728 -826134.20 -174403.95
V 6736 -826132.12 -174411.70
V 6744 -826126.45 -174417.37
V 6752 -826118.70 -174419.45
V 6760 -826019.20 -174419.45
V 6768 -826019.20 -174459.45
V 6776 -826118.70 -174459.45
V 6784 -826126.45 -174461.53
V 6792 -826132.12 -174467.20
V 6800 -826134.20 -174474.95
V 6808 -826134.20 -174545.95
V 6816 -826132.12 -174553.70
V 6824 -826126.45 -174559.37
V 6832 -826118.70 -174561.45
V 6840 -826019.20 -174561.45
V 6848 -826019.20 -174601.45
V 6856 -826118.70 -174601.45
V 6864 -826126.45 -174603.53
V 6872 -826132.12 -174609.20
V 6880 -826134.20 -174616.95
V 6888 -826134.20 -174687.95
V 6896 -826132.12 -174695.70
V 6904 -826126.45 -174701.37
V 6912 -826118.70 -174703.45
V 6920 -826019.20 -174703.45
V 6928 -826019.20 -174743.45
V 6936 -826118.70 -174743.45
V 6944 -826126.45 -174745.53
V 6952 -826132.12 -174751.20
V 6960 -826134.20 -174758.95
V 6968 -826134.20 -174829.95
V 6976 -826132.12 -174837.70
V 6984 -826126.45 -174843.37
V 6992 -826118.70 -174845.45
V 7000 -826019.20 -174845.45
V 7008 -826019.20 -174885.45
V 7016 -826118.70 -174885.45
V 7024 -826126.45 -174887.53
V 7032 -826132.12 -174893.20
V 7040 -826134.20 -174900.95
V 7048 -826134.20 -174971.95
V 7056 -826132.12 -174979.70
V 7064 -826126.45 -174985.37
V 7072 -826118.70 -174987.45
V 7080 -826019.20 -174987.45
V 7088 -826019.20 -175027.45
V 7096 -826118.70 -175027.45
V 7104 -826126.45 -175029.53
V 7112 -826132.12 -175035.20
V 7120 -826134.20 -175042.95
V 7128 -826134.20 -175113.95
V 7136 -826132.12 -175121.70
V 7144 -826126.45 -175127.37
V 7152 -826118.70 -175129.45
V 7160 -826019.20 -175129.45
V 7168 -826019.20 -175169.45
V 7176 -826118.70 -175169.45
V 7184 -826126.45 -175171.53
V 7192 -826132.12 -175177.20
V 7200 -826134.20 -175184.95
V 7208 -826134.20 -175255.95
V 7216 -826132.12 -175263.70
V 7224 -826126.45 -175269.37
V 7232 -826118.70 -175271.45
V 7240 -826019.20 -175271.45
V 7248 -826019.20 -175311.45
V 7256 -826118.70 -175311.45
V 7264 -826126.45 -175313.53
V 7272 -826132.12 -175319.20
V 7280 -826134.20 -175326.95
V 7288 -826134.20 -175397.95
V 7296 -826132.12 -175405.70
V 7304 -826126.45 -175411.37
V 7312 -826118.70 -175413.45
V 7320 -826019.20 -175413.45
V 7328 -826019.20 -175453.45
V 7336 -826118.70 -175453.45
V 7344 -826126.45 -175455.53
V 7352 -826132.12 -175461.20
V 7360 -826134.20 -175468.95
V 7368 -826134.20 -175539.95
V 7376 -826132.12 -175547.70
V 7384 -826126.45 -175553.37
V 7392 -826118.70 -175555.45
V 7400 -826019.20 -175555.45
V 7408 -826019.20 -175595.45
V 7416 -826118.70 -175595.45
V 7424 -826126.45 -175597.53
V 7432 -826132.12 -175603.20
V 7440 -826134.20 -175610.95
V 7448 -826134.20 -175681.95
V 7456 -826132.12 -175689.70
V 7464 -826126.45 -175695.37
V 7472 -826118.70 -175697.45
V 7480 -826019.20 -175697.45
V 7488 -826019.20 -175737.45
V 7496 -826118.70 -175737.45
V 7504 -826126.45 -175739.53
V 7512 -826132.12 -175745.20
V 7520 -826134.20 -175752.95
V 7528 -826134.20 -175823.95
V 7536 -826132.12 -175831.70
V 7544 -826126.45 -175837.37
V 7552 -826118.70 -175839.45
V 7560 -826019.20 -175839.45
V 7568 -826019.20 -175879.45
V 7576 -826118.70 -175879.45
V 7584 -826126.45 -175881.53
V 7592 -826132.12 -175887.20
V 7600 -826134.20 -175894.95
V 7608 -826134.20 -175965.95
V 7616 -826132.12 -175973.70
V 7624 -826126.45 -175979.37
V 7632 -826118.70 -175981.45
V 7640 -826019.20 -175981.45
V 7648 -826019.20 -176021.45
V 7656 -826118.70 -176021.45
V 7664 -826126.45 -176023.53
V 7672 -826132.12 -176029.20
V 7680 -826134.20 -176036.95
V 7688 -826134.20 -176107.95
V 7696 -826132.12 -176115.70
V 7704 -826126.45 -176121.37
V 7712 -826118.70 -176123.45
V 7720 -826019.20 -176123.45
V 7728 -826019.20 -176163.45
V 7736 -826118.70 -176163.45
V 7744 -826126.45 -176165.53
V 7752 -826132.12 -176171.20
V 7760 -826134.20 -176178.95
V 7768 -826134.20 -176249.95
V 7776 -826132.12 -176257.70
V 7784 -826126.45 -176263.37
V 7792 -826118.70 -176265.45
V 7800 -826019.20 -176265.45
V 7808 -826019.20 -176305.45
V 7816 -826118.70 -176305.45
V 7824 -826126.45 -176307.53
V 7832 -826132.12 -176313.20
V 7840 -826134.20 -176320.95
V 7848 -826134.20 -176391.95
V 7856 -826132.12 -176399.70
V 7864 -826126.45 -176405.37
V 7872 -826118.70 -176407.45
V 7880 -826019.20 -176407.45
V 7888 -826019.20 -176447.45
V 7896 -826118.70 -176447.45
V 7904 -826126.45 -176449.53
V 7912 -826132.12 -176455.20
V 7920 -826134.20 -176462.95
V 7928 -826134.20 -176533.95
V 7936 -826132.12 -176541.70
V 7944 -826126.45 -176547.37
V 7952 -826118.70 -176549.45
V 7960 -826019.20 -176549.45
V 7968 -826019.20 -176589.45
V 7976 -826118.70 -176589.45
V 7984 -826126.45 -176591.53
V 7992 -826132.12 -176597.20
V 8000 -826134.20 -176604.95
V 8008 -826134.20 -176675.95
V 8016 -826132.12 -176683.70
V 8024 -826126.45 -176689.37
V 8032 -826118.70 -176691.45
V 8040 -826019.20 -176691.45
V 8048 -826019.20 -176731.45
V 8056 -826118.70 -176731.45
V 8064 -826126.45 -176733.53
V 8072 -826132.12 -176739.20
V 8080 -826134.20 -176746.95
V 8088 -826134.20 -176817.95
V 8096 -826132.12 -176825.70
V 8104 -826126.45 -176831.37
V 8112 -826118.70 -176833.45
V 8120 -826019.20 -176833.45
V 8128 -826019.20 -176873.45
V 8136 -826118.70 -176873.45
V 8144 -826126.45 -176875.53
V 8152 -826132.12 -176881.20
V 8160 -826134.20 -176888.95
V 8168 -826134.20 -176959.95
V 8176 -826132.12 -176967.70
V 8184 -826126.45 -176973.37
V 8192 -826118.70 -176975.45
V 8200 -826019.20 -176975.45
V 8208 -826019.20 -177015.45
V 8216 -826118.70 -177015.45
V 8224 -826126.45 -177017.53
V 8232 -826132.12 -177023.20
V 8240 -826134.20 -177030.95
V 8248 -826134.20 -177101.95
V 8256 -826132.12 -177109.70
V 8264 -826126.45 -177115.37
V 8272 -826118.70 -177117.45
V 8280 -826019.20 -177117.45
V 8288 -826019.20 -177157.45
V 8296 -826118.70 -177157.45
V 8304 -826126.45 -177159.53
V 8312 -826132.12 -177165.20
V 8320 -826134.20 -177172.95
V 8328 -826134.20 -177243.95
V 8336 -826132.12 -177251.70
V 8344 -826126.45 -177257.37
V 8352 -826118.70 -177259.45
V 8360 -826019.20 -177259.45
V 8368 -826019.20 -177299.45
V 8376 -826118.70 -177299.45
V 8384 -826126.45 -177301.53
V 8392 -826132.12 -177307.20
V 8400 -826134.20 -177314.95
V 8408 -826134.20 -177385.95
V 8416 -826132.12 -177393.70
V 8424 -826126.45 -177399.37
V 8432 -826118.70 -177401.45
V 8440 -826019.20 -177401.45
V 8448 -826019.20 -177441.45
V 8456 -826118.70 -177441.45
V 8464 -826126.45 -177443.53
V 8472 -826132.12 -177449.20
V 8480 -826134.20 -177456.95
V 8488 -826134.20 -177527.95
V 8496 -826132.12 -177535.70
V 8504 -826126.45 -177541.37
V 8512 -826118.70 -177543.45
V 8520 -826019.20 -177543.45
V 8528 -826019.20 -177583.45
V 8536 -826118.70 -177583.45
V 8544 -826126.45 -177585.53
V 8552 -826132.12 -177591.20
V 8560 -826134.20 -177598.95
V 8568 -826134.20 -177669.95
V 8576 -826132.12 -177677.70
V 8584 -826126.45 -177683.37
V 8592 -826118.70 -177685.45
V 8600 -826019.20 -177685.45
V 8608 -826019.20 -177725.45
V 8616 -826118.70 -177725.45
V 8624 -826126.45 -177727.53
V 8632 -826132.12 -177733.20
V 8640 -826134.20 -177740.95
V 8648 -826134.20 -177811.95
V 8656 -826132.12 -177819.70
V 8664 -826126.45 -177825.37
V 8672 -826118.70 -177827.45
V 8680 -826019.20 -177827.45
V 8688 -826019.20 -177867.45
V 8696 -826118.70 -177867.45
V 8704 -826126.45 -177869.53
V 8712 -826132.12 -177875.20
V 8720 -826134.20 -177882.95
V 8728 -826134.20 -177953.95
V 8736 -826132.12 -177961.70
V 8744 -826126.45 -177967.37
V 8752 -826118.70 -177969.45
V 8760 -826019.20 -177969.45
V 8768 -826019.20 -178009.45
V 8776 -826118.70 -178009.45
V 8784 -826126.45 -178011.53
V 8792 -826132.12 -178017.20
V 8800 -826134.20 -178024.95
V 8808 -826134.20 -178095.95
V 8816 -826132.12 -178103.70
V 8824 -826126.45 -178109.37
V 8832 -826118.70 -178111.45
V 8840 -826019.20 -178111.45
V 8848 -826019.20 -178151.45
V 8856 -826118.70 -178151.45
V 8864 -826126.45 -178153.53
V 8872 -826132.12 -178159.20
V 8880 -826134.20 -178166.95
V 8888 -826134.20 -178237.95
V 8896 -826132.12 -178245.70
V 8904 -826126.45 -178251.37
V 8912 -826118.70 -178253.45
V 8920 -826019.20 -178253.45
V 8928 -826019.20 -178293.45
V 8936 -826118.70 -178293.45
V 8944 -826126.45 -178295.53
V 8952 -826132.12 -178301.20
V 8960 -826134.20 -178308.95
V 8968 -826134.20 -178379.95
V 8976 -826132.12 -178387.70
V 8984 -826126.45 -178393.37
V 8992 -826118.70 -178395.45
V 9000 -826076.70 -178395.45
V 9008 -826076.70 -178404.45
V 9016 -826045.70 -178404.45
V 9024 -826045.70 -178379.95
V 9032 -826045.74 -178378.84
V 9040 -826045.86 -178377.74
V 9048 -826046.05 -178376.66
V 9056 -826046.33 -178375.58
V 9064 -826046.68 -178374.53
V 9072 -826047.10 -178373.51
V 9080 -826047.60 -178372.52
V 9088 -826048.16 -178371.57
V 9096 -826048.79 -178370.66
V 9104 -826049.49 -178369.80
V 9112 -826050.24 -178368.99
V 9120 -826051.05 -178368.24
V 9128 -826051.91 -178367.54
V 9136 -826052.82 -178366.91
V 9144 -826053.77 -178366.35
V 9152 -826054.76 -178365.85
V 9160 -826055.78 -178365.43
V 9168 -826056.83 -178365.08
V 9176 -826057.91 -178364.80
V 9184 -826058.99 -178364.61
V 9192 -826060.09 -178364.49
V 9200 -826061.20 -178364.45
V 9208 -826103.20 -178364.45
V 9216 -826103.20 -178324.45
V 9224 -826003.70 -178324.45
V 9232 -825995.95 -178322.37
V 9240 -825990.28 -178316.70
V 9248 -825988.20 -178308.95
V 9256 -825988.20 -178237.95
V 9264 -825990.28 -178230.20
V 9272 -825995.95 -178224.53
V 9280 -826003.70 -178222.45
V 9288 -826103.20 -178222.45
V 9296 -826103.20 -178182.45
V 9304 -826003.70 -178182.45
V 9312 -825995.95 -178180.37
V 9320 -825990.28 -178174.70
V 9328 -825988.20 -178166.95
V 9336 -825988.20 -178095.95
V 9344 -825990.28 -178088.20
V 9352 -825995.95 -178082.53
V 9360 -826003.70 -178080.45
V 9368 -826103.20 -178080.45
V 9376 -826103.20 -178040.45
V 9384 -826003.70 -178040.45
V 9392 -825995.95 -178038.37
V 9400 -825990.28 -178032.70
V 9408 -825988.20 -178024.95
V 9416 -825988.20 -177953.95
V 9424 -825990.28 -177946.20
V 9432 -825995.95 -177940.53
V 9440 -826003.70 -177938.45
V 9448 -826103.20 -177938.45
V 9456 -826103.20 -177898.45
V 9464 -826003.70 -177898.45
V 9472 -825995.95 -177896.37
V 9480 -825990.28 -177890.70
V 9488 -825988.20 -177882.95
V 9496 -825988.20 -177811.95
V 9504 -825990.28 -177804.20
V 9512 -825995.95 -177798.53
V 9520 -826003.70 -177796.45
V 9528 -826103.20 -177796.45
V 9536 -826103.20 -177756.45
V 9544 -826003.70 -177756.45
V 9552 -825995.95 -177754.37
V 9560 -825990.28 -177748.70
V 9568 -825988.20 -177740.95
V 9576 -825988.20 -177669.95
V 9584 -825990.28 -177662.20
V 9592 -825995.95 -177656.53
V 9600 -826003.70 -177654.45
V 9608 -826103.20 -177654.45
V 9616 -826103.20 -177614.45
V 9624 -826003.70 -177614.45
V 9632 -825995.95 -177612.37
V 9640 -825990.28 -177606.70
V 9648 -825988.20 -177598.95
V 9656 -825988.20 -177527.95
V 9664 -825990.28 -177520.20
V 9672 -825995.95 -177514.53
V 9680 -826003.70 -177512.45
V 9688 -826103.20 -177512.45
V 9696 -826103.20 -177472.45
V 9704 -826003.70 -177472.45
V 9712 -825995.95 -177470.37
V 9720 -825990.28 -177464.70
V 9728 -825988.20 -177456.95
V 9736 -825988.20 -177385.95
V 9744 -825990.28 -177378.20
V 9752 -825995.95 -177372.53
V 9760 -826003.70 -177370.45
V 9768 -826103.20 -177370.45
V 9776 -826103.20 -177330.45
V 9784 -826003.70 -177330.45
V 9792 -825995.95 -177328.37
V 9800 -825990.28 -177322.70
V 9808 -825988.20 -177314.95
V 9816 -825988.20 -177243.95
V 9824 -825990.28 -177236.20
V 9832 -825995.95 -177230.53
V 9840 -826003.70 -177228.45
V 9848 -826103.20 -177228.45
V 9856 -826103.20 -177188.45
V 9864 -826003.70 -177188.45
V 9872 -825995.95 -177186.37
V 9880 -825990.28 -177180.70
V 9888 -825988.20 -177172.95
V 9896 -825988.20 -177101.95
V 9904 -825990.28 -177094.20
V 9912 -825995.95 -177088.53
V 9920 -826003.70 -177086.45
V 9928 -826103.20 -177086.45
V 9936 -826103.20 -177046.45
V 9944 -826003.70 -177046.45
V 9952 -825995.95 -177044.37
V 9960 -825990.28 -177038.70
V 9968 -825988.20 -177030.95
V 9976 -825988.20 -176959.95
V 9984 -825990.28 -176952.20
V 9992 -825995.95 -176946.53
V 10000 -826003.70 -176944.45
V 10008 -826103.20 -176944.45
V 10016 -826103.20 -176904.45
V 10024 -826003.70 -176904.45
V 10032 -825995.95 -176902.37
V 10040 -825990.28 -176896.70
V 10048 -825988.20 -176888.95
V 10056 -825988.20 -176817.95
V 10064 -825990.28 -176810.20
V 10072 -825995.95 -176804.53
V 10080 -826003.70 -176802.45
V 10088 -826103.20 -176802.45
V 10096 -826103.20 -176762.45
V 10104 -826003.70 -176762.45
V 10112 -825995.95 -176760.37
V 10120 -825990.28 -176754.70
V 10128 -825988.20 -176746.95
V 10136 -825988.20 -176675.95
V 10144 -825990.28 -176668.20
V 10152 -825995.95 -176662.53
V 10160 -826003.70 -176660.45
V 10168 -826103.20 -176660.45
V 10176 -826103.20 -176620.45
V 10184 -826003.70 -176620.45
V 10192 -825995.95 -176618.37
V 10200 -825990.28 -176612.70
V 10208 -825988.20 -176604.95
V 10216 -825988.20 -176533.95
V 10224 -825990.28 -176526.20
V 10232 -825995.95 -176520.53
V 10240 -826003.70 -176518.45
V 10248 -826103.20 -176518.45
V 10256 -826103.20 -176478.45
V 10264 -826003.70 -176478.45
V 10272 -825995.95 -176476.37
V 10280 -825990.28 -176470.70
V 10288 -825988.20 -176462.95
V 10296 -825988.20 -176391.95
V 10304 -825990.28 -176384.20
V 10312 -825995.95 -176378.53
V 10320 -826003.70 -176376.45
V 10328 -826103.20 -176376.45
V 10336 -826103.20 -176336.45
V 10344 -826003.70 -176336.45
V 10352 -825995.95 -176334.37
V 10360 -825990.28 -176328.70
V 10368 -825988.20 -176320.95
V 10376 -825988.20 -176249.95
V 10384 -825990.28 -176242.20
V 10392 -825995.95 -176236.53
V 10400 -826003.70 -176234.45
V 10408 -826103.20 -176234.45
V 10416 -826103.20 -176194.45
V 10424 -826003.70 -176194.45
V 10432 -825995.95 -176192.37
V 10440 -825990.28 -176186.70
V 10448 -825988.20 -176178.95
V 10456 -825988.20 -176107.95
V 10464 -825990.28 -176100.20
V 10472 -825995.95 -176094.53
V 10480 -826003.70 -176092.45
V 10488 -826103.20 -176092.45
V 10496 -826103.20 -176052.45
V 10504 -826003.70 -176052.45
V 10512 -825995.95 -176050.37
V 10520 -825990.28 -176044.70
V 10528 -825988.20 -176036.95
V 10536 -825988.20 -175965.95
V 10544 -825990.28 -175958.20
V 10552 -825995.95 -175952.53
V 10560 -826003.70 -175950.45
V 10568 -826103.20 -175950.45
V 10576 -826103.20 -175910.45
V 10584 -826003.70 -175910.45
V 10592 -825995.95 -175908.37
V 10600 -825990.28 -175902.70
V 10608 -825988.20 -175894.95
V 10616 -825988.20 -175823.95
V 10624 -825990.28 -175816.20
V 10632 -825995.95 -175810.53
V 10640 -826003.70 -175808.45
V 10648 -826103.20 -175808.45
V 10656 -826103.20 -175768.45
V 10664 -826003.70 -175768.45
V 10672 -825995.95 -175766.37
V 10680 -825990.28 -175760.70
V 10688 -825988.20 -175752.95
V 10696 -825988.20 -175681.95
V 10704 -825990.28 -175674.20
V 10712 -825995.95 -175668.53
V 10720 -826003.70 -175666.45
V 10728 -826103.20 -175666.45
V 10736 -826103.20 -175626.45
V 10744 -826003.70 -175626.45
V 10752 -825995.95 -175624.37
V 10760 -825990.28 -175618.70
V 10768 -825988.20 -175610.95
V 10776 -825988.20 -175539.95
V 10784 -825990.28 -175532.20
V 10792 -825995.95 -175526.53
V 10800 -826003.70 -175524.45
V 10808 -826103.20 -175524.45
V 10816 -826103.20 -175484.45
V 10824 -826003.70 -175484.45
V 10832 -825995.95 -175482.37
V 10840 -825990.28 -175476.70
V 10848 -825988.20 -175468.95
V 10856 -825988.20 -175397.95
V 10864 -825990.28 -175390.20
V 10872 -825995.95 -175384.53
V 10880 -826003.70 -175382.45
V 10888 -826103.20 -175382.45
V 10896 -826103.20 -175342.45
V 10904 -826003.70 -175342.45
V 10912 -825995.95 -175340.37
V 10920 -825990.28 -175334.70
V 10928 -825988.20 -175326.95
V 10936 -825988.20 -175255.95
V 10944 -825990.28 -175248.20
V 10952 -825995.95 -175242.53
V 10960 -826003.70 -175240.45
V 10968 -826103.20 -175240.45
V 10976 -826103.20 -175200.45
V 10984 -826003.70 -175200.45
V 10992 -825995.95 -175198.37
V 11000 -825990.28 -175192.70
V 11008 -825988.20 -175184.95
V 11016 -825988.20 -175113.95
V 11024 -825990.28 -175106.20
V 11032 -825995.95 -175100.53
V 11040 -826003.70 -175098.45
V 11048 -826103.20 -175098.45
V 11056 -826103.20 -175058.45
V 11064 -826003.70 -175058.45
V 11072 -825995.95 -175056.37
V 11080 -825990.28 -175050.70
V 11088 -825988.20 -175042.95
V 11096 -825988.20 -174971.95
V 11104 -825990.28 -174964.20
V 11112 -825995.95 -174958.53
V 11120 -826003.70 -174956.45
V 11128 -826103.20 -174956.45
V 11136 -826103.20 -174916.45
V 11144 -826003.70 -174916.45
V 11152 -825995.95 -174914.37
V 11160 -825990.28 -174908.70
V 11168 -825988.20 -174900.95
V 11176 -825988.20 -174829.95
V 11184 -825990.28 -174822.20
V 11192 -825995.95 -174816.53
V 11200 -826003.70 -174814.45
V 11208 -826103.20 -174814.45
V 11216 -826103.20 -174774.45
V 11224 -826003.70 -174774.45
V 11232 -825995.95 -174772.37
V 11240 -825990.28 -174766.70
V 11248 -825988.20 -174758.95
V 11256 -825988.20 -174687.95
V 11264 -825990.28 -174680.20
V 11272 -825995.95 -174674.53
V 11280 -826003.70 -174672.45
V 11288 -826103.20 -174672.45
V 11296 -826103.20 -174632.45
V 11304 -826003.70 -174632.45
V 11312 -825995.95 -174630.37
V 11320 -825990.28 -174624.70
V 11328 -825988.20 -174616.95
V 11336 -825988.20 -174545.95
V 11344 -825990.28 -174538.20
V 11352 -825995.95 -174532.53
V 11360 -826003.70 -174530.45
V 11368 -826103.20 -174530.45
V 11376 -826103.20 -174490.45
V 11384 -826003.70 -174490.45
V 11392 -825995.95 -174488.37
V 11400 -825990.28 -174482.70
V 11408 -825988.20 -174474.95
V 11416 -825988.20 -174403.95
V 11424 -825990.28 -174396.20
V 11432 -825995.95 -174390.53
V 11440 -826003.70 -174388.45
V 11448 -826103.20 -174388.45
V 11456 -826103.20 -174348.45
V 11464 -826003.70 -174348.45
V 11472 -825995.95 -174346.37
V 11480 -825990.28 -174340.70
V 11488 -825988.20 -174332.95
V 11496 -825988.20 -174261.95
V 11504 -825990.28 -174254.20
V 11512 -825995.95 -174248.53
V 11520 -826003.70 -174246.45
V 11528 -826103.20 -174246.45
V 11536 -826103.20 -174206.45
V 11544 -826003.70 -174206.45
V 11552 -825995.95 -174204.37
V 11560 -825990.28 -174198.70
V 11568 -825988.20 -174190.95
V 11576 -825988.20 -174119.95
V 11584 -825990.28 -174112.20
V 11592 -825995.95 -174106.53
V 11600 -826003.70 -174104.45
V 11608 -826103.20 -174104.45
V 11616 -826103.20 -174064.45
V 11624 -826003.70 -174064.45
V 11632 -825995.95 -174062.37
V 11640 -825990.28 -174056.70
V 11648 -825988.20 -174048.95
V 11656 -825988.20 -173977.95
V 11664 -825990.28 -173970.20
V 11672 -825995.95 -173964.53
V 11680 -826003.70 -173962.45
V 11688 -826103.20 -173962.45
V 11696 -826103.20 -173922.45
V 11704 -826003.70 -173922.45
V 11712 -825995.95 -173920.37
V 11720 -825990.28 -173914.70
V 11728 -825988.20 -173906.95
V 11736 -825988.20 -173835.95
V 11744 -825990.28 -173828.20
V 11752 -825995.95 -173822.53
V 11760 -826003.70 -173820.45
V 11768 -826103.20 -173820.45
V 11776 -826103.20 -173780.45
V 11784 -826003.70 -173780.45
V 11792 -825995.95 -173778.37
V 11800 -825990.28 -173772.70
V 11808 -825988.20 -173764.95
V 11816 -825988.20 -173693.95
V 11824 -825990.28 -173686.20
V 11832 -825995.95 -173680.53
V 11840 -826003.70 -173678.45
V 11848 -826103.20 -173678.45
V 11856 -826103.20 -173638.45
V 11864 -826003.70 -173638.45
V 11872 -825995.95 -173636.37
V 11880 -825990.28 -173630.70
V 11888 -825988.20 -173622.95
V 11896 -825988.20 -173551.95
V 11904 -825990.28 -173544.20
V 11912 -825995.95 -173538.53
V 11920 -826003.70 -173536.45
V 11928 -826103.20 -173536.45
V 11936 -826103.20 -173496.45
V 11944 -826003.70 -173496.45
V 11952 -825995.95 -173494.37
V 11960 -825990.28 -173488.70
V 11968 -825988.20 -173480.95
V 11976 -825988.20 -173409.95
V 11984 -825990.28 -173402.20
V 11992 -825995.95 -173396.53
V 12000 -826003.70 -173394.45
V 12008 -826103.20 -173394.45
V 12016 -826103.20 -173354.45
V 12024 -826003.70 -173354.45
V 12032 -825995.95 -173352.37
V 12040 -825990.28 -173346.70
V 12048 -825988.20 -173338.95
V 12056 -825988.20 -173267.95
V 12064 -825990.28 -173260.20
V 12072 -825995.95 -173254.53
V 12080 -826003.70 -173252.45
V 12088 -826103.20 -173252.45
V 12096 -826103.20 -173212.45
V 12104 -826003.70 -173212.45
V 12112 -825995.95 -173210.37
V 12120 -825990.28 -173204.70
V 12128 -825988.20 -173196.95
V 12136 -825988.20 -173125.95
V 12144 -825990.28 -173118.20
V 12152 -825995.95 -173112.53
V 12160 -826003.70 -173110.45
V 12168 -826103.20 -173110.45
V 12176 -826103.20 -173070.45
V 12184 -826003.70 -173070.45
V 12192 -825995.95 -173068.37
V 12200 -825990.28 -173062.70
V 12208 -825988.20 -173054.95
V 12216 -825988.20 -172983.95
V 12224 -825990.28 -172976.20
V 12232 -825995.95 -172970.53
V 12240 -826003.70 -172968.45
V 12248 -826103.20 -172968.45
V 12256 -826103.20 -172928.45
V 12264 -826003.70 -172928.45
V 12272 -825995.95 -172926.37
V 12280 -825990.28 -172920.70
V 12288 -825988.20 -172912.95
V 12296 -825988.20 -172841.95
V 12304 -825990.28 -172834.20
V 12312 -825995.95 -172828.53
V 12320 -826003.70 -172826.45
V 12328 -826103.20 -172826.45
V 12336 -826103.20 -172786.45
V 12344 -826003.70 -172786.45
V 12352 -825995.95 -172784.37
V 12360 -825990.28 -172778.70
V 12368 -825988.20 -172770.95
V 12376 -825988.20 -172699.95
V 12384 -825990.28 -172692.20
V 12392 -825995.95 -172686.53
V 12400 -826003.70 -172684.45
V 12408 -826103.20 -172684.45
V 12416 -826103.20 -172644.45
V 12424 -826003.70 -172644.45
V 12432 -825995.95 -172642.37
V 12440 -825990.28 -172636.70
V 12448 -825988.20 -172628.95
V 12456 -825988.20 -172557.95
V 12464 -825990.28 -172550.20
V 12472 -825995.95 -172544.53
V 12480 -826003.70 -172542.45
V 12488 -826103.20 -172542.45
V 12496 -826103.20 -172502.45
V 12504 -826003.70 -172502.45
V 12512 -825995.95 -172500.37
V 12520 -825990.28 -172494.70
V 12528 -825988.20 -172486.95
V 12536 -825988.20 -172415.95
V 12544 -825990.28 -172408.20
V 12552 -825995.95 -172402.53
V 12560 -826003.70 -172400.45
V 12568 -826103.20 -172400.45
V 12576 -826103.20 -172360.45
V 12584 -826003.70 -172360.45
V 12592 -825995.95 -172358.37
V 12600 -825990.28 -172352.70
V 12608 -825988.20 -172344.95
V 12616 -825988.20 -172273.95
V 12624 -825990.28 -172266.20
V 12632 -825995.95 -172260.53
V 12640 -826003.70 -172258.45
V 12648 -826103.20 -172258.45
V 12656 -826103.20 -172218.45
V 12664 -826003.70 -172218.45
V 12672 -825995.95 -172216.37
V 12680 -825990.28 -172210.70
V 12688 -825988.20 -172202.95
V 12696 -825988.20 -172131.95
V 12704 -825990.28 -172124.20
V 12712 -825995.95 -172118.53
V 12720 -826003.70 -172116.45
V 12728 -826103.20 -172116.45
V 12736 -826103.20 -172076.45
V 12744 -826003.70 -172076.45
V 12752 -825995.95 -172074.37
V 12760 -825990.28 -172068.70
V 12768 -825988.20 -172060.95
V 12776 -825988.20 -171989.95
V 12784 -825990.28 -171982.20
V 12792 -825995.95 -171976.53
V 12800 -826003.70 -171974.45
V 12808 -826103.20 -171974.45
V 12816 -826103.20 -171934.45
V 12824 -826003.70 -171934.45
V 12832 -825995.95 -171932.37
V 12840 -825990.28 -171926.70
V 12848 -825988.20 -171918.95
V 12856 -825988.20 -171847.95
V 12864 -825990.28 -171840.20
V 12872 -825995.95 -171834.53
V 12880 -826003.70 -171832.45
V 12888 -826103.20 -171832.45
V 12896 -826103.20 -171792.45
V 12904 -826003.70 -171792.45
V 12912 -825995.95 -171790.37
V 12920 -825990.28 -171784.70
V 12928 -825988.20 -171776.95
V 12936 -825988.20 -171705.95
V 12944 -825990.28 -171698.20
V 12952 -825995.95 -171692.53
V 12960 -826003.70 -171690.45
V 12968 -826103.20 -171690.45
V 12976 -826103.20 -171650.45
V 12984 -826003.70 -171650.45
V 12992 -825995.95 -171648.37
V 13000 -825990.28 -171642.70
V 13008 -825988.20 -171634.95
V 13016 -825988.20 -171563.95
V 13024 -825990.28 -171556.20
V 13032 -825995.95 -171550.53
V 13040 -826003.70 -171548.45
V 13048 -826103.20 -171548.45
V 13056 -826103.20 -171508.45
V 13064 -826003.70 -171508.45
V 13072 -825995.95 -171506.37
V 13080 -825990.28 -171500.70
V 13088 -825988.20 -171492.95
V 13096 -825988.20 -171421.95
V 13104 -825990.28 -171414.20
V 13112 -825995.95 -171408.53
V 13120 -826003.70 -171406.45
V 13128 -826103.20 -171406.45
V 13136 -826103.20 -171366.45
V 13144 -826003.70 -171366.45
V 13152 -825995.95 -171364.37
V 13160 -825990.28 -171358.70
V 13168 -825988.20 -171350.95
V 13176 -825988.20 -171279.95
V 13184 -825990.28 -171272.20
V 13192 -825995.95 -171266.53
V 13200 -826003.70 -171264.45
V 13208 -826103.20 -171264.45
V 13216 -826103.20 -171224.45
V 13224 -826003.70 -171224.45
V 13232 -825995.95 -171222.37
V 13240 -825990.28 -171216.70
V 13248 -825988.20 -171208.95
V 13256 -825988.20 -171137.95
V 13264 -825990.28 -171130.20
V 13272 -825995.95 -171124.53
V 13280 -826003.70 -171122.45
V 13288 -826103.20 -171122.45
V 13296 -826103.20 -171082.45
V 13304 -826003.70 -171082.45
V 13312 -825995.95 -171080.37
V 13320 -825990.28 -171074.70
V 13328 -825988.20 -171066.95
V 13336 -825988.20 -170995.95
V 13344 -825990.28 -170988.20
V 13352 -825995.95 -170982.53
V 13360 -826003.70 -170980.45
V 13368 -826103.20 -170980.45
V 13376 -826103.20 -170940.45
V 13384 -826003.70 -170940.45
V 13392 -825995.95 -170938.37
V 13400 -825990.28 -170932.70
V 13408 -825988.20 -170924.95
V 13416 -825988.20 -170853.95
V 13424 -825990.28 -170846.20
V 13432 -825995.95 -170840.53
V 13440 -826003.70 -170838.45
V 13448 -826103.20 -170838.45
V 13456 -826103.20 -170798.45
V 13464 -826003.70 -170798.45
V 13472 -825995.95 -170796.37
V 13480 -825990.28 -170790.70
V 13488 -825988.20 -170782.95
V 13496 -825988.20 -170711.95
V 13504 -825990.28 -170704.20
V 13512 -825995.95 -170698.53
V 13520 -826003.70 -170696.45
V 13528 -826103.20 -170696.45
V 13536 -826103.20 -170656.45
V 13544 -826003.70 -170656.45
V 13552 -825995.95 -170654.37
V 13560 -825990.28 -170648.70
V 13568 -825988.20 -170640.95
V 13576 -825988.20 -170569.95
V 13584 -825990.28 -170562.20
V 13592 -825995.95 -170556.53
V 13600 -826003.70 -170554.45
V 13608 -826103.20 -170554.45
V 13616 -826103.20 -170514.45
V 13624 -826003.70 -170514.45
V 13632 -825995.95 -170512.37
V 13640 -825990.28 -170506.70
V 13648 -825988.20 -170498.95
V 13656 -825988.20 -170427.95
V 13664 -825990.28 -170420.20
V 13672 -825995.95 -170414.53
V 13680 -826003.70 -170412.45
V 13688 -826103.20 -170412.45
V 13696 -826103.20 -170372.45
V 13704 -826003.70 -170372.45
V 13712 -825995.95 -170370.37
V 13720 -825990.28 -170364.70
V 13728 -825988.20 -170356.95
V 13736 -825988.20 -170285.95
V 13744 -825990.28 -170278.20
V 13752 -825995.95 -170272.53
V 13760 -826003.70 -170270.45
V 13768 -826103.20 -170270.45
V 13776 -826103.20 -170230.45
V 13784 -826003.70 -170230.45
V 13792 -825995.95 -170228.37
V 13800 -825990.28 -170222.70
V 13808 -825988.20 -170214.95
V 13816 -825988.20 -170143.95
V 13824 -825990.28 -170136.20
V 13832 -825995.95 -170130.53
V 13840 -826003.70 -170128.45
V 13848 -826103.20 -170128.45
V 13856 -826103.20 -170088.45
V 13864 -826003.70 -170088.45
V 13872 -825995.95 -170086.37
V 13880 -825990.28 -170080.70
V 13888 -825988.20 -170072.95
V 13896 -825988.20 -170001.95
V 13904 -825990.28 -169994.20
V 13912 -825995.95 -169988.53
V 13920 -826003.70 -169986.45
V 13928 -826103.20 -169986.45
V 13936 -826103.20 -169946.45
V 13944 -826003.70 -169946.45
V 13952 -825995.95 -169944.37
V 13960 -825990.28 -169938.70
V 13968 -825988.20 -169930.95
V 13976 -825988.20 -169859.95
V 13984 -825990.28 -169852.20
V 13992 -825995.95 -169846.53
V 14000 -826003.70 -169844.45
V 14008 -826103.20 -169844.45
V 14016 -826103.20 -169804.45
V 14024 -826003.70 -169804.45
V 14032 -825995.95 -169802.37
V 14040 -825990.28 -169796.70
V 14048 -825988.20 -169788.95
V 14056 -825988.20 -169717.95
V 14064 -825990.28 -169710.20
V 14072 -825995.95 -169704.53
V 14080 -826003.70 -169702.45
V 14088 -826103.20 -169702.45
V 14096 -826103.20 -169662.45
V 14104 -826003.70 -169662.45
V 14112 -825995.95 -169660.37
V 14120 -825990.28 -169654.70
V 14128 -825988.20 -169646.95
V 14136 -825988.20 -169575.95
V 14144 -825990.28 -169568.20
V 14152 -825995.95 -169562.53
V 14160 -826003.70 -169560.45
V 14168 -826103.20 -169560.45
V 14176 -826103.20 -169520.45
V 14184 -826003.70 -169520.45
V 14192 -825995.95 -169518.37
V 14200 -825990.28 -169512.70
V 14208 -825988.20 -169504.95
V 14216 -825988.20 -169433.95
V 14224 -825990.28 -169426.20
V 14232 -825995.95 -169420.53
V 14240 -826003.70 -169418.45
V 14248 -826103.20 -169418.45
V 14256 -826103.20 -169378.45
V 14264 -826003.70 -169378.45
V 14272 -825995.95 -169376.37
V 14280 -825990.28 -169370.70
V 14288 -825988.20 -169362.95
V 14296 -825988.20 -169291.95
V 14304 -825990.28 -169284.20
V 14312 -825995.95 -169278.53
V 14320 -826003.70 -169276.45
V 14328 -826103.20 -169276.45
V 14336 -826103.20 -169236.45
V 14344 -826003.70 -169236.45
V 14352 -825995.95 -169234.37
V 14360 -825990.28 -169228.70
V 14368 -825988.20 -169220.95
V 14376 -825988.20 -169149.95
V 14384 -825990.28 -169142.20
V 14392 -825995.95 -169136.53
V 14400 -826003.70 -169134.45
V 14408 -826103.20 -169134.45
V 14416 -826103.20 -169094.45
V 14424 -826003.70 -169094.45
V 14432 -825995.95 -169092.37
V 14440 -825990.28 -169086.70
V 14448 -825988.20 -169078.95
V 14456 -825988.20 -169007.95
V 14464 -825990.28 -169000.20
V 14472 -825995.95 -168994.53
V 14480 -826003.70 -168992.45
V 14488 -826103.20 -168992.45
V 14496 -826103.20 -168952.45
V 14504 -826003.70 -168952.45
V 14512 -825995.95 -168950.37
V 14520 -825990.28 -168944.70
V 14528 -825988.20 -168936.95
V 14536 -825988.20 -168865.95
V 14544 -825990.28 -168858.20
V 14552 -825995.95 -168852.53
V 14560 -826003.70 -168850.45
V 14568 -826103.20 -168850.45
V 14576 -826103.20 -168810.45
V 14584 -826003.70 -168810.45
V 14592 -825995.95 -168808.37
V 14600 -825990.28 -168802.70
V 14608 -825988.20 -168794.95
V 14616 -825988.20 -168723.95
V 14624 -825990.28 -168716.20
V 14632 -825995.95 -168710.53
V 14640 -826003.70 -168708.45
V 14648 -826103.20 -168708.45
V 14656 -826103.20 -168668.45
V 14664 -826003.70 -168668.45
V 14672 -825995.95 -168666.37
V 14680 -825990.28 -168660.70
V 14688 -825988.20 -168652.95
V 14696 -825988.20 -168581.95
V 14704 -825990.28 -168574.20
V 14712 -825995.95 -168568.53
V 14720 -826003.70 -168566.45
V 14728 -826103.20 -168566.45
V 14736 -826103.20 -168526.45
V 14744 -826003.70 -168526.45
V 14752 -825995.95 -168524.37
V 14760 -825990.28 -168518.70
V 14768 -825988.20 -168510.95
V 14776 -825988.20 -168439.95
V 14784 -825990.28 -168432.20
V 14792 -825995.95 -168426.53
V 14800 -826003.70 -168424.45
V 14808 -826103.20 -168424.45
V 14816 -826103.20 -168384.45
V 14824 -826003.70 -168384.45
V 14832 -825995.95 -168382.37
V 14840 -825990.28 -168376.70
V 14848 -825988.20 -168368.95
V 14856 -825988.20 -168297.95
V 14864 -825990.28 -168290.20
V 14872 -825995.95 -168284.53
V 14880 -826003.70 -168282.45
V 14888 -826103.20 -168282.45
V 14896 -826103.20 -168242.45
V 14904 -826003.70 -168242.45
V 14912 -825995.95 -168240.37
V 14920 -825990.28 -168234.70
V 14928 -825988.20 -168226.95
V 14936 -825988.20 -168155.95
V 14944 -825990.28 -168148.20
V 14952 -825995.95 -168142.53
V 14960 -826003.70 -168140.45
V 14968 -826103.20 -168140.45
V 14976 -826103.20 -168100.45
V 14984 -826003.70 -168100.45
V 14992 -825995.95 -168098.37
V 15000 -825990.28 -168092.70
V 15008 -825988.20 -168084.95
V 15016 -825988.20 -168013.95
V 15024 -825990.28 -168006.20
V 15032 -825995.95 -168000.53
V 15040 -826003.70 -167998.45
V 15048 -826103.20 -167998.45
V 15056 -826103.20 -167958.45
V 15064 -826003.70 -167958.45
V 15072 -825995.95 -167956.37
V 15080 -825990.28 -167950.70
V 15088 -825988.20 -167942.95
V 15096 -825988.20 -167871.95
V 15104 -825990.28 -167864.20
V 15112 -825995.95 -167858.53
V 15120 -826003.70 -167856.45
V 15128 -826103.20 -167856.45
V 15136 -826103.20 -167816.45
V 15144 -826003.70 -167816.45
V 15152 -825995.95 -167814.37
V 15160 -825990.28 -167808.70
V 15168 -825988.20 -167800.95
V 15176 -825988.20 -167729.95
V 15184 -825990.28 -167722.20
V 15192 -825995.95 -167716.53
V 15200 -826003.70 -167714.45
V 15208 -826103.20 -167714.45
V 15216 -826103.20 -167674.45
V 15224 -826003.70 -167674.45
V 15232 -825995.95 -167672.37
V 15240 -825990.28 -167666.70
V 15248 -825988.20 -167658.95
V 15256 -825988.20 -167587.95
V 15264 -825990.28 -167580.20
V 15272 -825995.95 -167574.53
V 15280 -826003.70 -167572.45
V 15288 -826103.20 -167572.45
V 15296 -826103.20 -167532.45
V 15304 -826003.70 -167532.45
V 15312 -825995.95 -167530.37
V 15320 -825990.28 -167524.70
V 15328 -825988.20 -167516.95
V 15336 -825988.20 -167445.95
V 15344 -825990.28 -167438.20
V 15352 -825995.95 -167432.53
V 15360 -826003.70 -167430.45
V 15368 -826103.20 -167430.45
V 15376 -826103.20 -167390.45
V 15384 -826003.70 -167390.45
V 15392 -825995.95 -167388.37
V 15400 -825990.28 -167382.70
V 15408 -825988.20 -167374.95
V 15416 -825988.20 -167303.95
V 15424 -825990.28 -167296.20
V 15432 -825995.95 -167290.53
V 15440 -826003.70 -167288.45
V 15448 -826103.20 -167288.45
V 15456 -826103.20 -167248.45
V 15464 -826003.70 -167248.45
V 15472 -825995.95 -167246.37
V 15480 -825990.28 -167240.70
V 15488 -825988.20 -167232.95
V 15496 -825988.20 -167161.95
V 15504 -825990.28 -167154.20
V 15512 -825995.95 -167148.53
V 15520 -826003.70 -167146.45
V 15528 -826103.20 -167146.45
V 15536 -826103.20 -167106.45
V 15544 -826003.70 -167106.45
V 15552 -825995.95 -167104.37
V 15560 -825990.28 -167098.70
V 15568 -825988.20 -167090.95
V 15576 -825988.20 -167019.95
V 15584 -825990.28 -167012.20
V 15592 -825995.95 -167006.53
V 15600 -826003.70 -167004.45
V 15608 -826103.20 -167004.45
V 15616 -826103.20 -166964.45
V 15624 -826003.70 -166964.45
V 15632 -825995.95 -166962.37
V 15640 -825990.28 -166956.70
V 15648 -825988.20 -166948.95
V 15656 -825988.20 -166877.95
V 15664 -825990.28 -166870.20
V 15672 -825995.95 -166864.53
V 15680 -826003.70 -166862.45
V 15688 -826103.20 -166862.45
V 15696 -826103.20 -166822.45
V 15704 -826003.70 -166822.45
V 15712 -825995.95 -166820.37
V 15720 -825990.28 -166814.70
V 15728 -825988.20 -166806.95
V 15736 -825988.20 -166735.95
V 15744 -825990.28 -166728.20
V 15752 -825995.95 -166722.53
V 15760 -826003.70 -166720.45
V 15768 -826103.20 -166720.45
V 15776 -826103.20 -166680.45
V 15784 -826003.70 -166680.45
V 15792 -825995.95 -166678.37
V 15800 -825990.28 -166672.70
V 15808 -825988.20 -166664.95
V 15816 -825988.20 -166593.95
V 15824 -825990.28 -166586.20
V 15832 -825995.95 -166580.53
V 15840 -826003.70 -166578.45
V 15848 -826103.20 -166578.45
V 15856 -826103.20 -166538.45
V 15864 -826003.70 -166538.45
V 15872 -825995.95 -166536.37
V 15880 -825990.28 -166530.70
V 15888 -825988.20 -166522.95
V 15896 -825988.20 -166451.95
V 15904 -825990.28 -166444.20
V 15912 -825995.95 -166438.53
V 15920 -826003.70 -166436.45
V 15928 -826103.20 -166436.45
V 15936 -826103.20 -166396.45
V 15944 -826003.70 -166396.45
V 15952 -825995.95 -166394.37
V 15960 -825990.28 -166388.70
V 15968 -825988.20 -166380.95
V 15976 -825988.20 -166309.95
V 15984 -825990.28 -166302.20
V 15992 -825995.95 -166296.53
V 16000 -826003.70 -166294.45
V 16008 -826103.20 -166294.45
V 16016 -826103.20 -166254.45
V 16024 -826003.70 -166254.45
V 16032 -825995.95 -166252.37
V 16040 -825990.28 -166246.70
V 16048 -825988.20 -166238.95
V 16056 -825988.20 -166167.95
V 16064 -825990.28 -166160.20
V 16072 -825995.95 -166154.53
V 16080 -826003.70 -166152.45
V 16088 -826103.20 -166152.45
V 16096 -826103.20 -166112.45
V 16104 -826003.70 -166112.45
V 16112 -825995.95 -166110.37
V 16120 -825990.28 -166104.70
V 16128 -825988.20 -166096.95
V 16136 -825988.20 -166025.95
V 16144 -825990.28 -166018.20
V 16152 -825995.95 -166012.53
V 16160 -826003.70 -166010.45
V 16168 -826103.20 -166010.45
V 16176 -826103.20 -165970.45
V 16184 -826003.70 -165970.45
V 16192 -825995.95 -165968.37
V 16200 -825990.28 -165962.70
V 16208 -825988.20 -165954.95
V 16216 -825988.20 -165883.95
V 16224 -825990.28 -165876.20
V 16232 -825995.95 -165870.53
V 16240 -826003.70 -165868.45
V 16248 -826103.20 -165868.45
V 16256 -826103.20 -165828.45
V 16264 -826003.70 -165828.45
V 16272 -825995.95 -165826.37
V 16280 -825990.28 -165820.70
V 16288 -825988.20 -165812.95
V 16296 -825988.20 -165741.95
V 16304 -825990.28 -165734.20
V 16312 -825995.95 -165728.53
V 16320 -826003.70 -165726.45
V 16328 -826103.20 -165726.45
V 16336 -826103.20 -165686.45
V 16344 -826003.70 -165686.45
V 16352 -825995.95 -165684.37
V 16360 -825990.28 -165678.70
V 16368 -825988.20 -165670.95
V 16376 -825988.20 -165599.95
V 16384 -825990.28 -165592.20
V 16392 -825995.95 -165586.53
V 16400 -826003.70 -165584.45
V 16408 -826103.20 -165584.45
V 16416 -826103.20 -165544.45
V 16424 -826003.70 -165544.45
V 16432 -825995.95 -165542.37
V 16440 -825990.28 -165536.70
V 16448 -825988.20 -165528.95
V 16456 -825988.20 -165457.95
V 16464 -825990.28 -165450.20
V 16472 -825995.95 -165444.53
V 16480 -826003.70 -165442.45
V 16488 -826103.20 -165442.45
V 16496 -826103.20 -165402.45
V 16504 -826003.70 -165402.45
V 16512 -825995.95 -165400.37
V 16520 -825990.28 -165394.70
V 16528 -825988.20 -165386.95
V 16536 -825988.20 -165315.95
V 16544 -825990.28 -165308.20
V 16552 -825995.95 -165302.53
V 16560 -826003.70 -165300.45
V 16568 -826103.20 -165300.45
V 16576 -826103.20 -165260.45
V 16584 -826003.70 -165260.45
V 16592 -825995.95 -165258.37
V 16600 -825990.28 -165252.70
V 16608 -825988.20 -165244.95
V 16616 -825988.20 -165173.95
