V 0 -23374.97 -48942.82
V 8 -23379.04 -48937.63
V 16 -23491.46 -48846.01
V 24 -23799.00 -48602.33
V 32 -23800.72 -48600.80
V 40 -23800.89 -48600.66
V 48 -23800.98 -48600.58
V 56 -23801.40 -48600.23
V 64 -23801.56 -48600.11
V 72 -23954.18 -48478.86
V 80 -23954.35 -48478.71
V 88 -25765.18 -47040.37
V 96 -26901.27 -46076.05
V 104 -27989.60 -45133.69
V 112 -30207.05 -43214.43
V 120 -30464.77 -42942.01
V 128 -31324.14 -41904.00
V 136 -32080.18 -40958.78
V 144 -32080.40 -40958.50
V 152 -32080.50 -40958.38
V 160 -32818.15 -40036.66
V 168 -32818.37 -40036.38
V 176 -32818.47 -40036.26
V 184 -33556.43 -39114.15
V 192 -33556.65 -39113.87
V 200 -33556.75 -39113.75
V 208 -35032.97 -37269.17
V 216 -35033.19 -37268.89
V 224 -35033.29 -37268.77
V 232 -36084.34 -35955.45
V 240 -36651.91 -35176.11
V 248 -37273.89 -34086.79
V 256 -37786.42 -33148.62
V 264 -37786.54 -33148.41
V 272 -37786.64 -33148.22
V 280 -38285.72 -32235.19
V 288 -38285.84 -32234.96
V 296 -38285.95 -32234.77
V 304 -38785.22 -31321.41
V 312 -38785.34 -31321.18
V 320 -38785.45 -31320.99
V 328 -39284.66 -30407.75
V 336 -39284.78 -30407.52
V 344 -39284.89 -30407.33
V 352 -39784.23 -29493.84
V 360 -39784.35 -29493.61
V 368 -39784.46 -29493.42
V 376 -40283.73 -28580.05
V 384 -40283.85 -28579.82
V 392 -40283.96 -28579.63
V 400 -40816.35 -27605.69
V 408 -41345.77 -26500.49
V 416 -41704.89 -25456.59
V 424 -42016.61 -24553.05
V 432 -42328.69 -23648.46
V 440 -42640.76 -22743.88
V 448 -42952.83 -21839.27
V 456 -43264.88 -20934.75
V 464 -43576.94 -20030.19
V 472 -44099.45 -18515.66
V 480 -44240.38 -18051.03
V 488 -44436.46 -17031.19
V 496 -44592.72 -16116.06
V 504 -44745.83 -15221.25
V 512 -45052.13 -13431.00
V 520 -45205.29 -12535.87
V 528 -45358.43 -11640.75
V 536 -45511.59 -10745.63
V 544 -45767.18 -9251.72
V 552 -45810.60 -8810.85
V 560 -45839.18 -7876.30
V 568 -45839.18 -7876.10
V 576 -45839.19 -7876.00
V 584 -45866.36 -6989.52
V 592 -45866.36 -6989.32
V 600 -45866.37 -6989.22
V 608 -45893.55 -6102.68
V 616 -45893.55 -6102.48
V 624 -45893.56 -6102.38
V 632 -45920.72 -5215.84
V 640 -45920.72 -5215.64
V 648 -45920.73 -5215.54
V 656 -45947.91 -4329.00
V 664 -45947.91 -4328.80
V 672 -45947.92 -4328.70
V 680 -45975.09 -3442.16
V 688 -45975.09 -3441.96
V 696 -45975.10 -3441.86
V 704 -46002.28 -2555.32
V 712 -46002.28 -2555.12
V 720 -46002.29 -2555.02
V 728 -46029.46 -1668.48
V 736 -46029.46 -1668.28
V 744 -46029.47 -1668.18
V 752 -46057.04 -768.66
V 760 -46057.04 126.24
V 768 -46034.77 352.40
V 776 -45880.34 1252.34
V 784 -45880.27 1252.72
V 792 -45734.40 2126.34
V 800 -45734.38 2126.54
V 808 -45588.10 3001.13
V 816 -45588.06 3001.30
V 824 -45588.00 3001.72
V 832 -45441.74 3876.23
V 840 -45441.71 3876.40
V 848 -45441.65 3876.82
V 856 -45295.38 4751.33
V 864 -45295.35 4751.50
V 872 -45295.29 4751.92
V 880 -45149.04 5626.43
V 888 -45149.01 5626.60
V 896 -45148.95 5627.02
V 904 -45002.68 6501.53
V 912 -45002.65 6501.70
V 920 -45002.59 6502.12
V 928 -44856.33 7376.63
V 936 -44856.30 7376.80
V 944 -44856.24 7377.22
V 952 -44623.41 8769.32
V 960 -44506.94 9153.28
V 968 -44177.38 10021.98
V 976 -44177.33 10022.10
V 984 -44177.31 10022.16
V 992 -43852.93 10885.76
V 1000 -43852.91 10885.81
V 1008 -43852.90 10885.83
V 1016 -43528.26 11749.72
V 1024 -43221.89 12565.00
V 1032 -42480.00 12565.00
V 1040 -42480.00 12595.00
V 1048 -43232.28 12595.00
V 1056 -43238.17 12593.79
V 1064 -43243.12 12590.37
V 1072 -43246.32 12585.28
V 1080 -43556.34 11760.28
V 1088 -43880.98 10896.39
V 1096 -43880.99 10896.35
V 1104 -44205.37 10032.75
V 1112 -44205.39 10032.70
V 1120 -44205.42 10032.61
V 1128 -44535.12 9163.55
V 1136 -44535.17 9163.43
V 1144 -44535.35 9162.92
V 1152 -44535.52 9162.40
V 1160 -44535.57 9162.23
V 1168 -44652.34 8777.26
V 1176 -44652.42 8777.02
V 1184 -44652.56 8776.50
V 1192 -44652.69 8775.97
V 1200 -44652.80 8775.44
V 1208 -44652.86 8775.02
V 1216 -44885.79 7382.35
V 1224 -44885.82 7382.18
V 1232 -44885.88 7381.76
V 1240 -45032.14 6507.25
V 1248 -45032.17 6507.08
V 1256 -45032.23 6506.66
V 1264 -45178.50 5632.15
V 1272 -45178.53 5631.98
V 1280 -45178.59 5631.56
V 1288 -45324.84 4757.05
V 1296 -45324.87 4756.88
V 1304 -45324.93 4756.46
V 1312 -45471.20 3881.95
V 1320 -45471.23 3881.78
V 1328 -45471.29 3881.36
V 1336 -45617.55 3006.85
V 1344 -45617.58 3006.68
V 1352 -45617.64 3006.26
V 1360 -45763.92 2131.67
V 1368 -45763.96 2131.50
V 1376 -45764.00 2131.28
V 1384 -45909.87 1257.66
V 1392 -46064.38 357.18
V 1400 -46064.41 357.02
V 1408 -46064.49 356.49
V 1416 -46064.56 355.95
V 1424 -46064.56 355.93
V 1432 -46064.58 355.80
V 1440 -46086.97 128.47
V 1448 -46087.00 128.08
V 1456 -46087.03 127.54
V 1464 -46087.04 127.00
V 1472 -46087.04 -768.79
V 1480 -46087.03 -769.33
V 1488 -46087.02 -769.43
V 1496 -46059.44 -1669.16
V 1504 -46059.44 -1669.36
V 1512 -46059.43 -1669.46
V 1520 -46032.26 -2556.00
V 1528 -46032.26 -2556.20
V 1536 -46032.25 -2556.30
V 1544 -46005.07 -3442.84
V 1552 -46005.07 -3443.04
V 1560 -46005.06 -3443.14
V 1568 -45977.89 -4329.68
V 1576 -45977.89 -4329.88
V 1584 -45977.88 -4329.98
V 1592 -45950.70 -5216.52
V 1600 -45950.70 -5216.72
V 1608 -45950.69 -5216.82
V 1616 -45923.53 -6103.36
V 1624 -45923.53 -6103.56
V 1632 -45923.52 -6103.66
V 1640 -45896.34 -6990.20
V 1648 -45896.34 -6990.40
V 1656 -45896.33 -6990.50
V 1664 -45869.16 -7876.98
V 1672 -45869.16 -7877.18
V 1680 -45869.15 -7877.28
V 1688 -45840.56 -8812.23
V 1696 -45840.56 -8812.43
V 1704 -45840.53 -8812.97
V 1712 -45840.51 -8813.18
V 1720 -45840.50 -8813.36
V 1728 -45796.98 -9255.23
V 1736 -45796.89 -9255.92
V 1744 -45796.88 -9255.98
V 1752 -45796.84 -9256.29
V 1760 -45541.17 -10750.69
V 1768 -45388.01 -11645.81
V 1776 -45234.87 -12540.93
V 1784 -45081.71 -13436.06
V 1792 -44775.41 -15226.31
V 1800 -44622.30 -16121.12
V 1808 -44466.04 -17036.23
V 1816 -44466.02 -17036.33
V 1824 -44466.01 -17036.40
V 1832 -44465.97 -17036.60
V 1840 -44269.74 -18057.21
V 1848 -44269.73 -18057.28
V 1856 -44269.62 -18057.81
V 1864 -44269.49 -18058.34
V 1872 -44269.35 -18058.86
V 1880 -44269.27 -18059.10
V 1888 -44128.11 -18524.50
V 1896 -44128.06 -18524.67
V 1904 -44127.86 -18525.29
V 1912 -43605.30 -20039.97
V 1920 -43293.24 -20944.53
V 1928 -42981.19 -21849.05
V 1936 -42669.12 -22753.66
V 1944 -42357.05 -23658.24
V 1952 -42044.97 -24562.83
V 1960 -41733.25 -25466.37
V 1968 -41373.82 -26511.14
V 1976 -41373.68 -26511.53
V 1984 -41373.48 -26512.03
V 1992 -41373.26 -26512.53
V 2000 -41373.21 -26512.64
V 2008 -41373.18 -26512.71
V 2016 -40843.28 -27618.92
V 2024 -40843.23 -27619.01
V 2032 -40843.13 -27619.23
V 2040 -40842.93 -27619.59
V 2048 -40842.91 -27619.63
V 2056 -40310.50 -28593.61
V 2064 -40310.39 -28593.82
V 2072 -40310.28 -28594.01
V 2080 -39811.00 -29507.40
V 2088 -39810.89 -29507.61
V 2096 -39810.78 -29507.80
V 2104 -39311.43 -30421.31
V 2112 -39311.32 -30421.52
V 2120 -39311.21 -30421.71
V 2128 -38811.99 -31334.97
V 2136 -38811.88 -31335.18
V 2144 -38811.77 -31335.37
V 2152 -38312.49 -32248.75
V 2160 -38312.38 -32248.96
V 2168 -38312.27 -32249.15
V 2176 -37813.18 -33162.20
V 2184 -37813.07 -33162.41
V 2192 -37812.96 -33162.60
V 2200 -37300.30 -34101.02
V 2208 -37300.18 -34101.23
V 2216 -37299.95 -34101.67
V 2224 -36677.56 -35191.70
V 2232 -36677.44 -35191.88
V 2240 -36677.38 -35191.99
V 2248 -36677.10 -35192.45
V 2256 -36676.79 -35192.90
V 2264 -36676.73 -35192.99
V 2272 -36676.66 -35193.09
V 2280 -36108.48 -35973.28
V 2288 -36108.35 -35973.44
V 2296 -36108.29 -35973.53
V 2304 -36107.96 -35973.95
V 2312 -36107.86 -35974.07
V 2320 -35056.63 -37287.61
V 2328 -35056.41 -37287.89
V 2336 -35056.31 -37288.01
V 2344 -33580.09 -39132.59
V 2352 -33579.87 -39132.87
V 2360 -33579.77 -39132.99
V 2368 -32841.81 -40055.10
V 2376 -32841.59 -40055.38
V 2384 -32841.49 -40055.50
V 2392 -32103.84 -40977.22
V 2400 -32103.62 -40977.50
V 2408 -32103.52 -40977.62
V 2416 -31347.48 -41922.84
V 2424 -31347.26 -41923.12
V 2432 -31346.95 -41923.50
V 2440 -30487.62 -42961.45
V 2448 -30487.58 -42961.50
V 2456 -30487.23 -42961.92
V 2464 -30486.88 -42962.29
V 2472 -30486.87 -42962.31
V 2480 -30228.34 -43235.59
V 2488 -30227.96 -43235.97
V 2496 -30227.57 -43236.34
V 2504 -30227.27 -43236.61
V 2512 -28009.24 -45156.37
V 2520 -26920.80 -46098.83
V 2528 -26920.69 -46098.93
V 2536 -25784.45 -47063.38
V 2544 -25784.07 -47063.69
V 2552 -23973.01 -48502.21
V 2560 -23972.81 -48502.36
V 2568 -23820.43 -48623.42
V 2576 -23818.58 -48625.07
V 2584 -23817.93 -48625.62
V 2592 -23510.12 -48869.52
V 2600 -23403.52 -48956.39
V 2608 -23403.52 -55615.95
V 2616 -23373.52 -55615.95
V 2624 -23373.52 -48949.26
