V 0 -812195.28 -163888.20
V 8 -812200.95 -163882.53
V 16 -812208.70 -163880.45
V 24 -812308.20 -163880.45
V 32 -812308.20 -163840.45
V 40 -812230.97 -163840.45
V 48 -812223.22 -163838.37
V 56 -812217.55 -163832.70
V 64 -812215.47 -163824.95
V 72 -812215.47 -163753.95
V 80 -812217.55 -163746.20
V 88 -812223.22 -163740.53
V 96 -812230.97 -163738.45
V 104 -812250.70 -163738.45
V 112 -812250.70 -163636.56
V 120 -812252.36 -163629.57
V 128 -812257.00 -163624.09
V 136 -812263.61 -163621.28
V 144 -812958.29 -163503.32
V 152 -815554.32 -163062.51
V 160 -815729.68 -163032.74
V 168 -815979.52 -162990.31
V 176 -816194.28 -162953.85
V 184 -816448.53 -162910.67
V 192 -816611.15 -162883.06
V 200 -816709.19 -162866.41
V 208 -816716.53 -162865.17
V 216 -818714.43 -162525.92
V 224 -819122.52 -162456.63
V 232 -820380.55 -162243.01
V 240 -821313.35 -162084.62
V 248 -821432.63 -162064.36
V 256 -821893.95 -161986.03
V 264 -821893.99 -161986.02
V 272 -821894.17 -161985.99
V 280 -821894.21 -161985.99
V 288 -823274.25 -161751.65
V 296 -824727.48 -161504.89
V 304 -826201.24 -161254.64
V 312 -826458.03 -161211.04
V 320 -827135.46 -161096.01
V 328 -827332.37 -161062.57
V 336 -827568.10 -161022.55
V 344 -827809.40 -160981.58
V 352 -828087.59 -160934.34
V 360 -828915.30 -160793.79
V 368 -832231.97 -160230.61
V 376 -832614.16 -160165.72
V 384 -832854.96 -160124.83
V 392 -834474.42 -159849.84
V 400 -835572.53 -159663.38
V 408 -835779.04 -159628.31
V 416 -836768.79 -159460.25
V 424 -837380.59 -159356.37
V 432 -837789.38 -159286.95
V 440 -838280.52 -159203.56
V 448 -838495.28 -159167.09
V 456 -838745.13 -159124.67
V 464 -839201.77 -159047.13
V 472 -839399.68 -159013.52
V 480 -839672.25 -158967.24
V 488 -839681.75 -158965.63
V 496 -840695.04 -158793.57
V 504 -840830.41 -158770.58
V 512 -841526.97 -158652.30
V 520 -841783.85 -158608.69
V 528 -842505.74 -158486.11
V 536 -842658.78 -158460.12
V 544 -842699.09 -158453.27
V 552 -842922.52 -158415.34
V 560 -843573.05 -158304.87
V 568 -844051.96 -158223.55
V 576 -844073.82 -158219.84
V 584 -844210.12 -158196.70
V 592 -844688.43 -158115.48
V 600 -845105.10 -158044.73
V 608 -845395.82 -157995.36
V 616 -845661.17 -157950.31
V 624 -846161.32 -157865.38
V 632 -846368.75 -157830.16
V 640 -846954.00 -157730.78
V 648 -846954.00 -157719.35
V 656 -846985.00 -157719.35
V 664 -846985.00 -157743.87
V 672 -846984.96 -157744.96
V 680 -846984.85 -157746.04
V 688 -846984.66 -157747.11
V 696 -846984.39 -157748.16
V 704 -846984.06 -157749.20
V 712 -846983.65 -157750.20
V 720 -846983.17 -157751.18
V 728 -846982.62 -157752.12
V 736 -846982.01 -157753.02
V 744 -846981.34 -157753.87
V 752 -846980.61 -157754.68
V 760 -846979.83 -157755.43
V 768 -846978.99 -157756.13
V 776 -846978.11 -157756.76
V 784 -846977.18 -157757.33
V 792 -846976.22 -157757.84
V 800 -846975.23 -157758.27
V 808 -846974.20 -157758.64
V 816 -846973.16 -157758.93
V 824 -846972.09 -157759.15
V 832 -846373.93 -157860.72
V 840 -846166.50 -157895.94
V 848 -845666.35 -157980.87
V 856 -845401.02 -158025.92
V 864 -845124.61 -158072.86
V 872 -845110.28 -158075.29
V 880 -844693.61 -158146.04
V 888 -844215.30 -158227.26
V 896 -844079.00 -158250.40
V 904 -844057.14 -158254.11
V 912 -843578.23 -158335.43
V 920 -842927.70 -158445.90
V 928 -842704.29 -158483.83
V 936 -842663.98 -158490.68
V 944 -842510.92 -158516.67
V 952 -841789.03 -158639.25
V 960 -841532.15 -158682.86
V 968 -840835.61 -158801.14
V 976 -840700.24 -158824.13
V 984 -839686.93 -158996.19
V 992 -839677.43 -158997.80
V 1000 -839404.88 -159044.08
V 1008 -839206.97 -159077.69
V 1016 -838965.08 -159118.76
V 1024 -838750.31 -159155.23
V 1032 -838500.48 -159197.65
V 1040 -838285.72 -159234.12
V 1048 -837794.58 -159317.51
V 1056 -837558.86 -159357.54
V 1064 -837385.77 -159386.93
V 1072 -836773.97 -159490.81
V 1080 -835784.24 -159658.87
V 1088 -835577.73 -159693.94
V 1096 -834479.60 -159880.40
V 1104 -832860.14 -160155.39
V 1112 -832619.34 -160196.28
V 1120 -832237.15 -160261.17
V 1128 -828920.48 -160824.35
V 1136 -828092.77 -160964.90
V 1144 -827814.58 -161012.14
V 1152 -827337.57 -161093.13
V 1160 -827140.66 -161126.57
V 1168 -826463.21 -161241.60
V 1176 -826206.42 -161285.20
V 1184 -824732.66 -161535.45
V 1192 -823279.43 -161782.21
V 1200 -821899.31 -162016.56
V 1208 -821899.27 -162016.57
V 1216 -821899.09 -162016.60
V 1224 -821899.05 -162016.60
V 1232 -821437.83 -162094.92
V 1240 -821318.55 -162115.18
V 1248 -821192.09 -162136.65
V 1256 -820385.73 -162273.57
V 1264 -819127.70 -162487.19
V 1272 -818719.61 -162556.48
V 1280 -816721.71 -162895.73
V 1288 -816714.39 -162896.97
V 1296 -816616.35 -162913.62
V 1304 -816453.73 -162941.23
V 1312 -816199.48 -162984.41
V 1320 -815984.72 -163020.87
V 1328 -815734.88 -163063.30
V 1336 -815559.50 -163093.07
V 1344 -812963.47 -163533.88
V 1352 -812281.70 -163649.65
V 1360 -812281.70 -163753.95
V 1368 -812279.62 -163761.70
V 1376 -812273.95 -163767.37
V 1384 -812266.20 -163769.45
V 1392 -812246.47 -163769.45
V 1400 -812246.47 -163809.45
V 1408 -812323.70 -163809.45
V 1416 -812331.45 -163811.53
V 1424 -812337.12 -163817.20
V 1432 -812339.20 -163824.95
V 1440 -812339.20 -163895.95
V 1448 -812337.12 -163903.70
V 1456 -812331.45 -163909.37
V 1464 -812323.70 -163911.45
V 1472 -812224.20 -163911.45
V 1480 -812224.20 -163951.45
V 1488 -812323.70 -163951.45
V 1496 -812331.45 -163953.53
V 1504 -812337.12 -163959.20
V 1512 -812339.20 -163966.95
V 1520 -812339.20 -164037.95
V 1528 -812337.12 -164045.70
V 1536 -812331.45 -164051.37
V 1544 -812323.70 -164053.45
V 1552 -812224.20 -164053.45
V 1560 -812224.20 -164093.45
V 1568 -812323.70 -164093.45
V 1576 -812331.45 -164095.53
V 1584 -812337.12 -164101.20
V 1592 -812339.20 -164108.95
V 1600 -812339.20 -164179.95
V 1608 -812337.12 -164187.70
V 1616 -812331.45 -164193.37
V 1624 -812323.70 -164195.45
V 1632 -812224.20 -164195.45
V 1640 -812224.20 -164235.45
V 1648 -812323.70 -164235.45
V 1656 -812331.45 -164237.53
V 1664 -812337.12 -164243.20
V 1672 -812339.20 -164250.95
V 1680 -812339.20 -164321.95
V 1688 -812337.12 -164329.70
V 1696 -812331.45 -164335.37
V 1704 -812323.70 -164337.45
V 1712 -812224.20 -164337.45
V 1720 -812224.20 -164377.45
V 1728 -812323.70 -164377.45
V 1736 -812331.45 -164379.53
V 1744 -812337.12 -164385.20
V 1752 -812339.20 -164392.95
V 1760 -812339.20 -164463.95
V 1768 -812337.12 -164471.70
V 1776 -812331.45 -164477.37
V 1784 -812323.70 -164479.45
V 1792 -812224.20 -164479.45
V 1800 -812224.20 -164519.45
V 1808 -812323.70 -164519.45
V 1816 -812331.45 -164521.53
V 1824 -812337.12 -164527.20
V 1832 -812339.20 -164534.95
V 1840 -812339.20 -164605.95
V 1848 -812337.12 -164613.70
V 1856 -812331.45 -164619.37
V 1864 -812323.70 -164621.45
V 1872 -812224.20 -164621.45
V 1880 -812224.20 -164661.45
V 1888 -812323.70 -164661.45
V 1896 -812331.45 -164663.53
V 1904 -812337.12 -164669.20
V 1912 -812339.20 -164676.95
V 1920 -812339.20 -164747.95
V 1928 -812337.12 -164755.70
V 1936 -812331.45 -164761.37
V 1944 -812323.70 -164763.45
V 1952 -812224.20 -164763.45
V 1960 -812224.20 -164803.45
V 1968 -812323.70 -164803.45
V 1976 -812331.45 -164805.53
V 1984 -812337.12 -164811.20
V 1992 -812339.20 -164818.95
V 2000 -812339.20 -164889.95
V 2008 -812337.12 -164897.70
V 2016 -812331.45 -164903.37
V 2024 -812323.70 -164905.45
V 2032 -812224.20 -164905.45
V 2040 -812224.20 -164945.45
V 2048 -812323.70 -164945.45
V 2056 -812331.45 -164947.53
V 2064 -812337.12 -164953.20
V 2072 -812339.20 -164960.95
V 2080 -812339.20 -165031.95
V 2088 -812337.12 -165039.70
V 2096 -812331.45 -165045.37
V 2104 -812323.70 -165047.45
V 2112 -812224.20 -165047.45
V 2120 -812224.20 -165087.45
V 2128 -812323.70 -165087.45
V 2136 -812331.45 -165089.53
V 2144 -812337.12 -165095.20
V 2152 -812339.20 -165102.95
V 2160 -812339.20 -165173.95
V 2168 -812337.12 -165181.70
V 2176 -812331.45 -165187.37
V 2184 -812323.70 -165189.45
V 2192 -812224.20 -165189.45
V 2200 -812224.20 -165229.45
V 2208 -812323.70 -165229.45
V 2216 -812331.45 -165231.53
V 2224 -812337.12 -165237.20
V 2232 -812339.20 -165244.95
V 2240 -812339.20 -165315.95
V 2248 -812337.12 -165323.70
V 2256 -812331.45 -165329.37
V 2264 -812323.70 -165331.45
V 2272 -812224.20 -165331.45
V 2280 -812224.20 -165371.45
V 2288 -812323.70 -165371.45
V 2296 -812331.45 -165373.53
V 2304 -812337.12 -165379.20
V 2312 -812339.20 -165386.95
V 2320 -812339.20 -165457.95
V 2328 -812337.12 -165465.70
V 2336 -812331.45 -165471.37
V 2344 -812323.70 -165473.45
V 2352 -812224.20 -165473.45
V 2360 -812224.20 -165513.45
V 2368 -812323.70 -165513.45
V 2376 -812331.45 -165515.53
V 2384 -812337.12 -165521.20
V 2392 -812339.20 -165528.95
V 2400 -812339.20 -165599.95
V 2408 -812337.12 -165607.70
V 2416 -812331.45 -165613.37
V 2424 -812323.70 -165615.45
V 2432 -812224.20 -165615.45
V 2440 -812224.20 -165655.45
V 2448 -812323.70 -165655.45
V 2456 -812331.45 -165657.53
V 2464 -812337.12 -165663.20
V 2472 -812339.20 -165670.95
V 2480 -812339.20 -165741.95
V 2488 -812337.12 -165749.70
V 2496 -812331.45 -165755.37
V 2504 -812323.70 -165757.45
V 2512 -812224.20 -165757.45
V 2520 -812224.20 -165797.45
V 2528 -812323.70 -165797.45
V 2536 -812331.45 -165799.53
V 2544 -812337.12 -165805.20
V 2552 -812339.20 -165812.95
V 2560 -812339.20 -165883.95
V 2568 -812337.12 -165891.70
V 2576 -812331.45 -165897.37
V 2584 -812323.70 -165899.45
V 2592 -812224.20 -165899.45
V 2600 -812224.20 -165939.45
V 2608 -812323.70 -165939.45
V 2616 -812331.45 -165941.53
V 2624 -812337.12 -165947.20
V 2632 -812339.20 -165954.95
V 2640 -812339.20 -166025.95
V 2648 -812337.12 -166033.70
V 2656 -812331.45 -166039.37
V 2664 -812323.70 -166041.45
V 2672 -812224.20 -166041.45
V 2680 -812224.20 -166081.45
V 2688 -812323.70 -166081.45
V 2696 -812331.45 -166083.53
V 2704 -812337.12 -166089.20
V 2712 -812339.20 -166096.95
V 2720 -812339.20 -166167.95
V 2728 -812337.12 -166175.70
V 2736 -812331.45 -166181.37
V 2744 -812323.70 -166183.45
V 2752 -812224.20 -166183.45
V 2760 -812224.20 -166223.45
V 2768 -812323.70 -166223.45
V 2776 -812331.45 -166225.53
V 2784 -812337.12 -166231.20
V 2792 -812339.20 -166238.95
V 2800 -812339.20 -166309.95
V 2808 -812337.12 -166317.70
V 2816 -812331.45 -166323.37
V 2824 -812323.70 -166325.45
V 2832 -812224.20 -166325.45
V 2840 -812224.20 -166365.45
V 2848 -812323.70 -166365.45
V 2856 -812331.45 -166367.53
V 2864 -812337.12 -166373.20
V 2872 -812339.20 -166380.95
V 2880 -812339.20 -166451.95
V 2888 -812337.12 -166459.70
V 2896 -812331.45 -166465.37
V 2904 -812323.70 -166467.45
V 2912 -812224.20 -166467.45
V 2920 -812224.20 -166507.45
V 2928 -812323.70 -166507.45
V 2936 -812331.45 -166509.53
V 2944 -812337.12 -166515.20
V 2952 -812339.20 -166522.95
V 2960 -812339.20 -166593.95
V 2968 -812337.12 -166601.70
V 2976 -812331.45 -166607.37
V 2984 -812323.70 -166609.45
V 2992 -812224.20 -166609.45
V 3000 -812224.20 -166649.45
V 3008 -812323.70 -166649.45
V 3016 -812331.45 -166651.53
V 3024 -812337.12 -166657.20
V 3032 -812339.20 -166664.95
V 3040 -812339.20 -166735.95
V 3048 -812337.12 -166743.70
V 3056 -812331.45 -166749.37
V 3064 -812323.70 -166751.45
V 3072 -812224.20 -166751.45
V 3080 -812224.20 -166791.45
V 3088 -812323.70 -166791.45
V 3096 -812331.45 -166793.53
V 3104 -812337.12 -166799.20
V 3112 -812339.20 -166806.95
V 3120 -812339.20 -166877.95
V 3128 -812337.12 -166885.70
V 3136 -812331.45 -166891.37
V 3144 -812323.70 -166893.45
V 3152 -812224.20 -166893.45
V 3160 -812224.20 -166933.45
V 3168 -812323.70 -166933.45
V 3176 -812331.45 -166935.53
V 3184 -812337.12 -166941.20
V 3192 -812339.20 -166948.95
V 3200 -812339.20 -167019.95
V 3208 -812337.12 -167027.70
V 3216 -812331.45 -167033.37
V 3224 -812323.70 -167035.45
V 3232 -812224.20 -167035.45
V 3240 -812224.20 -167075.45
V 3248 -812323.70 -167075.45
V 3256 -812331.45 -167077.53
V 3264 -812337.12 -167083.20
V 3272 -812339.20 -167090.95
V 3280 -812339.20 -167161.95
V 3288 -812337.12 -167169.70
V 3296 -812331.45 -167175.37
V 3304 -812323.70 -167177.45
V 3312 -812224.20 -167177.45
V 3320 -812224.20 -167217.45
V 3328 -812323.70 -167217.45
V 3336 -812331.45 -167219.53
V 3344 -812337.12 -167225.20
V 3352 -812339.20 -167232.95
V 3360 -812339.20 -167303.95
V 3368 -812337.12 -167311.70
V 3376 -812331.45 -167317.37
V 3384 -812323.70 -167319.45
V 3392 -812224.20 -167319.45
V 3400 -812224.20 -167359.45
V 3408 -812323.70 -167359.45
V 3416 -812331.45 -167361.53
V 3424 -812337.12 -167367.20
V 3432 -812339.20 -167374.95
V 3440 -812339.20 -167445.95
V 3448 -812337.12 -167453.70
V 3456 -812331.45 -167459.37
V 3464 -812323.70 -167461.45
V 3472 -812224.20 -167461.45
V 3480 -812224.20 -167501.45
V 3488 -812323.70 -167501.45
V 3496 -812331.45 -167503.53
V 3504 -812337.12 -167509.20
V 3512 -812339.20 -167516.95
V 3520 -812339.20 -167587.95
V 3528 -812337.12 -167595.70
V 3536 -812331.45 -167601.37
V 3544 -812323.70 -167603.45
V 3552 -812224.20 -167603.45
V 3560 -812224.20 -167643.45
V 3568 -812323.70 -167643.45
V 3576 -812331.45 -167645.53
V 3584 -812337.12 -167651.20
V 3592 -812339.20 -167658.95
V 3600 -812339.20 -167729.95
V 3608 -812337.12 -167737.70
V 3616 -812331.45 -167743.37
V 3624 -812323.70 -167745.45
V 3632 -812224.20 -167745.45
V 3640 -812224.20 -167785.45
V 3648 -812323.70 -167785.45
V 3656 -812331.45 -167787.53
V 3664 -812337.12 -167793.20
V 3672 -812339.20 -167800.95
V 3680 -812339.20 -167871.95
V 3688 -812337.12 -167879.70
V 3696 -812331.45 -167885.37
V 3704 -812323.70 -167887.45
V 3712 -812224.20 -167887.45
V 3720 -812224.20 -167927.45
V 3728 -812323.70 -167927.45
V 3736 -812331.45 -167929.53
V 3744 -812337.12 -167935.20
V 3752 -812339.20 -167942.95
V 3760 -812339.20 -168013.95
V 3768 -812337.12 -168021.70
V 3776 -812331.45 -168027.37
V 3784 -812323.70 -168029.45
V 3792 -812224.20 -168029.45
V 3800 -812224.20 -168069.45
V 3808 -812323.70 -168069.45
V 3816 -812331.45 -168071.53
V 3824 -812337.12 -168077.20
V 3832 -812339.20 -168084.95
V 3840 -812339.20 -168155.95
V 3848 -812337.12 -168163.70
V 3856 -812331.45 -168169.37
V 3864 -812323.70 -168171.45
V 3872 -812224.20 -168171.45
V 3880 -812224.20 -168211.45
V 3888 -812323.70 -168211.45
V 3896 -812331.45 -168213.53
V 3904 -812337.12 -168219.20
V 3912 -812339.20 -168226.95
V 3920 -812339.20 -168297.95
V 3928 -812337.12 -168305.70
V 3936 -812331.45 -168311.37
V 3944 -812323.70 -168313.45
V 3952 -812224.20 -168313.45
V 3960 -812224.20 -168353.45
V 3968 -812323.70 -168353.45
V 3976 -812331.45 -168355.53
V 3984 -812337.12 -168361.20
V 3992 -812339.20 -168368.95
V 4000 -812339.20 -168439.95
V 4008 -812337.12 -168447.70
V 4016 -812331.45 -168453.37
V 4024 -812323.70 -168455.45
V 4032 -812224.20 -168455.45
V 4040 -812224.20 -168495.45
V 4048 -812323.70 -168495.45
V 4056 -812331.45 -168497.53
V 4064 -812337.12 -168503.20
V 4072 -812339.20 -168510.95
V 4080 -812339.20 -168581.95
V 4088 -812337.12 -168589.70
V 4096 -812331.45 -168595.37
V 4104 -812323.70 -168597.45
V 4112 -812224.20 -168597.45
V 4120 -812224.20 -168637.45
V 4128 -812323.70 -168637.45
V 4136 -812331.45 -168639.53
V 4144 -812337.12 -168645.20
V 4152 -812339.20 -168652.95
V 4160 -812339.20 -168723.95
V 4168 -812337.12 -168731.70
V 4176 -812331.45 -168737.37
V 4184 -812323.70 -168739.45
V 4192 -812224.20 -168739.45
V 4200 -812224.20 -168779.45
V 4208 -812323.70 -168779.45
V 4216 -812331.45 -168781.53
V 4224 -812337.12 -168787.20
V 4232 -812339.20 -168794.95
V 4240 -812339.20 -168865.95
V 4248 -812337.12 -168873.70
V 4256 -812331.45 -168879.37
V 4264 -812323.70 -168881.45
V 4272 -812224.20 -168881.45
V 4280 -812224.20 -168921.45
V 4288 -812323.70 -168921.45
V 4296 -812331.45 -168923.53
V 4304 -812337.12 -168929.20
V 4312 -812339.20 -168936.95
V 4320 -812339.20 -169007.95
V 4328 -812337.12 -169015.70
V 4336 -812331.45 -169021.37
V 4344 -812323.70 -169023.45
V 4352 -812224.20 -169023.45
V 4360 -812224.20 -169063.45
V 4368 -812323.70 -169063.45
V 4376 -812331.45 -169065.53
V 4384 -812337.12 -169071.20
V 4392 -812339.20 -169078.95
V 4400 -812339.20 -169149.95
V 4408 -812337.12 -169157.70
V 4416 -812331.45 -169163.37
V 4424 -812323.70 -169165.45
V 4432 -812224.20 -169165.45
V 4440 -812224.20 -169205.45
V 4448 -812323.70 -169205.45
V 4456 -812331.45 -169207.53
V 4464 -812337.12 -169213.20
V 4472 -812339.20 -169220.95
V 4480 -812339.20 -169291.95
V 4488 -812337.12 -169299.70
V 4496 -812331.45 -169305.37
V 4504 -812323.70 -169307.45
V 4512 -812224.20 -169307.45
V 4520 -812224.20 -169347.45
V 4528 -812323.70 -169347.45
V 4536 -812331.45 -169349.53
V 4544 -812337.12 -169355.20
V 4552 -812339.20 -169362.95
V 4560 -812339.20 -169433.95
V 4568 -812337.12 -169441.70
V 4576 -812331.45 -169447.37
V 4584 -812323.70 -169449.45
V 4592 -812224.20 -169449.45
V 4600 -812224.20 -169489.45
V 4608 -812323.70 -169489.45
V 4616 -812331.45 -169491.53
V 4624 -812337.12 -169497.20
V 4632 -812339.20 -169504.95
V 4640 -812339.20 -169575.95
V 4648 -812337.12 -169583.70
V 4656 -812331.45 -169589.37
V 4664 -812323.70 -169591.45
V 4672 -812224.20 -169591.45
V 4680 -812224.20 -169631.45
V 4688 -812323.70 -169631.45
V 4696 -812331.45 -169633.53
V 4704 -812337.12 -169639.20
V 4712 -812339.20 -169646.95
V 4720 -812339.20 -169717.95
V 4728 -812337.12 -169725.70
V 4736 -812331.45 -169731.37
V 4744 -812323.70 -169733.45
V 4752 -812224.20 -169733.45
V 4760 -812224.20 -169773.45
V 4768 -812323.70 -169773.45
V 4776 -812331.45 -169775.53
V 4784 -812337.12 -169781.20
V 4792 -812339.20 -169788.95
V 4800 -812339.20 -169859.95
V 4808 -812337.12 -169867.70
V 4816 -812331.45 -169873.37
V 4824 -812323.70 -169875.45
V 4832 -812224.20 -169875.45
V 4840 -812224.20 -169915.45
V 4848 -812323.70 -169915.45
V 4856 -812331.45 -169917.53
V 4864 -812337.12 -169923.20
V 4872 -812339.20 -169930.95
V 4880 -812339.20 -170001.95
V 4888 -812337.12 -170009.70
V 4896 -812331.45 -170015.37
V 4904 -812323.70 -170017.45
V 4912 -812224.20 -170017.45
V 4920 -812224.20 -170057.45
V 4928 -812323.70 -170057.45
V 4936 -812331.45 -170059.53
V 4944 -812337.12 -170065.20
V 4952 -812339.20 -170072.95
V 4960 -812339.20 -170143.95
V 4968 -812337.12 -170151.70
V 4976 -812331.45 -170157.37
V 4984 -812323.70 -170159.45
V 4992 -812224.20 -170159.45
V 5000 -812224.20 -170199.45
V 5008 -812323.70 -170199.45
V 5016 -812331.45 -170201.53
V 5024 -812337.12 -170207.20
V 5032 -812339.20 -170214.95
V 5040 -812339.20 -170285.95
V 5048 -812337.12 -170293.70
V 5056 -812331.45 -170299.37
V 5064 -812323.70 -170301.45
V 5072 -812224.20 -170301.45
V 5080 -812224.20 -170341.45
V 5088 -812323.70 -170341.45
V 5096 -812331.45 -170343.53
V 5104 -812337.12 -170349.20
V 5112 -812339.20 -170356.95
V 5120 -812339.20 -170427.95
V 5128 -812337.12 -170435.70
V 5136 -812331.45 -170441.37
V 5144 -812323.70 -170443.45
V 5152 -812224.20 -170443.45
V 5160 -812224.20 -170483.45
V 5168 -812323.70 -170483.45
V 5176 -812331.45 -170485.53
V 5184 -812337.12 -170491.20
V 5192 -812339.20 -170498.95
V 5200 -812339.20 -170569.95
V 5208 -812337.12 -170577.70
V 5216 -812331.45 -170583.37
V 5224 -812323.70 -170585.45
V 5232 -812224.20 -170585.45
V 5240 -812224.20 -170625.45
V 5248 -812323.70 -170625.45
V 5256 -812331.45 -170627.53
V 5264 -812337.12 -170633.20
V 5272 -812339.20 -170640.95
V 5280 -812339.20 -170711.95
V 5288 -812337.12 -170719.70
V 5296 -812331.45 -170725.37
V 5304 -812323.70 -170727.45
V 5312 -812224.20 -170727.45
V 5320 -812224.20 -170767.45
V 5328 -812323.70 -170767.45
V 5336 -812331.45 -170769.53
V 5344 -812337.12 -170775.20
V 5352 -812339.20 -170782.95
V 5360 -812339.20 -170853.95
V 5368 -812337.12 -170861.70
V 5376 -812331.45 -170867.37
V 5384 -812323.70 -170869.45
V 5392 -812224.20 -170869.45
V 5400 -812224.20 -170909.45
V 5408 -812323.70 -170909.45
V 5416 -812331.45 -170911.53
V 5424 -812337.12 -170917.20
V 5432 -812339.20 -170924.95
V 5440 -812339.20 -170995.95
V 5448 -812337.12 -171003.70
V 5456 -812331.45 -171009.37
V 5464 -812323.70 -171011.45
V 5472 -812224.20 -171011.45
V 5480 -812224.20 -171051.45
V 5488 -812323.70 -171051.45
V 5496 -812331.45 -171053.53
V 5504 -812337.12 -171059.20
V 5512 -812339.20 -171066.95
V 5520 -812339.20 -171137.95
V 5528 -812337.12 -171145.70
V 5536 -812331.45 -171151.37
V 5544 -812323.70 -171153.45
V 5552 -812224.20 -171153.45
V 5560 -812224.20 -171193.45
V 5568 -812323.70 -171193.45
V 5576 -812331.45 -171195.53
V 5584 -812337.12 -171201.20
V 5592 -812339.20 -171208.95
V 5600 -812339.20 -171279.95
V 5608 -812337.12 -171287.70
V 5616 -812331.45 -171293.37
V 5624 -812323.70 -171295.45
V 5632 -812224.20 -171295.45
V 5640 -812224.20 -171335.45
V 5648 -812323.70 -171335.45
V 5656 -812331.45 -171337.53
V 5664 -812337.12 -171343.20
V 5672 -812339.20 -171350.95
V 5680 -812339.20 -171421.95
V 5688 -812337.12 -171429.70
V 5696 -812331.45 -171435.37
V 5704 -812323.70 -171437.45
V 5712 -812224.20 -171437.45
V 5720 -812224.20 -171477.45
V 5728 -812323.70 -171477.45
V 5736 -812331.45 -171479.53
V 5744 -812337.12 -171485.20
V 5752 -812339.20 -171492.95
V 5760 -812339.20 -171563.95
V 5768 -812337.12 -171571.70
V 5776 -812331.45 -171577.37
V 5784 -812323.70 -171579.45
V 5792 -812224.20 -171579.45
V 5800 -812224.20 -171619.45
V 5808 -812323.70 -171619.45
V 5816 -812331.45 -171621.53
V 5824 -812337.12 -171627.20
V 5832 -812339.20 -171634.95
V 5840 -812339.20 -171705.95
V 5848 -812337.12 -171713.70
V 5856 -812331.45 -171719.37
V 5864 -812323.70 -171721.45
V 5872 -812224.20 -171721.45
V 5880 -812224.20 -171761.45
V 5888 -812323.70 -171761.45
V 5896 -812331.45 -171763.53
V 5904 -812337.12 -171769.20
V 5912 -812339.20 -171776.95
V 5920 -812339.20 -171847.95
V 5928 -812337.12 -171855.70
V 5936 -812331.45 -171861.37
V 5944 -812323.70 -171863.45
V 5952 -812224.20 -171863.45
V 5960 -812224.20 -171903.45
V 5968 -812323.70 -171903.45
V 5976 -812331.45 -171905.53
V 5984 -812337.12 -171911.20
V 5992 -812339.20 -171918.95
V 6000 -812339.20 -171989.95
V 6008 -812337.12 -171997.70
V 6016 -812331.45 -172003.37
V 6024 -812323.70 -172005.45
V 6032 -812224.20 -172005.45
V 6040 -812224.20 -172045.45
V 6048 -812323.70 -172045.45
V 6056 -812331.45 -172047.53
V 6064 -812337.12 -172053.20
V 6072 -812339.20 -172060.95
V 6080 -812339.20 -172131.95
V 6088 -812337.12 -172139.70
V 6096 -812331.45 -172145.37
V 6104 -812323.70 -172147.45
V 6112 -812224.20 -172147.45
V 6120 -812224.20 -172187.45
V 6128 -812323.70 -172187.45
V 6136 -812331.45 -172189.53
V 6144 -812337.12 -172195.20
V 6152 -812339.20 -172202.95
V 6160 -812339.20 -172273.95
V 6168 -812337.12 -172281.70
V 6176 -812331.45 -172287.37
V 6184 -812323.70 -172289.45
V 6192 -812224.20 -172289.45
V 6200 -812224.20 -172329.45
V 6208 -812323.70 -172329.45
V 6216 -812331.45 -172331.53
V 6224 -812337.12 -172337.20
V 6232 -812339.20 -172344.95
V 6240 -812339.20 -172415.95
V 6248 -812337.12 -172423.70
V 6256 -812331.45 -172429.37
V 6264 -812323.70 -172431.45
V 6272 -812224.20 -172431.45
V 6280 -812224.20 -172471.45
V 6288 -812323.70 -172471.45
V 6296 -812331.45 -172473.53
V 6304 -812337.12 -172479.20
V 6312 -812339.20 -172486.95
V 6320 -812339.20 -172557.95
V 6328 -812337.12 -172565.70
V 6336 -812331.45 -172571.37
V 6344 -812323.70 -172573.45
V 6352 -812224.20 -172573.45
V 6360 -812224.20 -172613.45
V 6368 -812323.70 -172613.45
V 6376 -812331.45 -172615.53
V 6384 -812337.12 -172621.20
V 6392 -812339.20 -172628.95
V 6400 -812339.20 -172699.95
V 6408 -812337.12 -172707.70
V 6416 -812331.45 -172713.37
V 6424 -812323.70 -172715.45
V 6432 -812224.20 -172715.45
V 6440 -812224.20 -172755.45
V 6448 -812323.70 -172755.45
V 6456 -812331.45 -172757.53
V 6464 -812337.12 -172763.20
V 6472 -812339.20 -172770.95
V 6480 -812339.20 -172841.95
V 6488 -812337.12 -172849.70
V 6496 -812331.45 -172855.37
V 6504 -812323.70 -172857.45
V 6512 -812224.20 -172857.45
V 6520 -812224.20 -172897.45
V 6528 -812323.70 -172897.45
V 6536 -812331.45 -172899.53
V 6544 -812337.12 -172905.20
V 6552 -812339.20 -172912.95
V 6560 -812339.20 -172983.95
V 6568 -812337.12 -172991.70
V 6576 -812331.45 -172997.37
V 6584 -812323.70 -172999.45
V 6592 -812224.20 -172999.45
V 6600 -812224.20 -173039.45
V 6608 -812323.70 -173039.45
V 6616 -812331.45 -173041.53
V 6624 -812337.12 -173047.20
V 6632 -812339.20 -173054.95
V 6640 -812339.20 -173125.95
V 6648 -812337.12 -173133.70
V 6656 -812331.45 -173139.37
V 6664 -812323.70 -173141.45
V 6672 -812224.20 -173141.45
V 6680 -812224.20 -173181.45
V 6688 -812323.70 -173181.45
V 6696 -812331.45 -173183.53
V 6704 -812337.12 -173189.20
V 6712 -812339.20 -173196.95
V 6720 -812339.20 -173267.95
V 6728 -812337.12 -173275.70
V 6736 -812331.45 -173281.37
V 6744 -812323.70 -173283.45
V 6752 -812224.20 -173283.45
V 6760 -812224.20 -173323.45
V 6768 -812323.70 -173323.45
V 6776 -812331.45 -173325.53
V 6784 -812337.12 -173331.20
V 6792 -812339.20 -173338.95
V 6800 -812339.20 -173409.95
V 6808 -812337.12 -173417.70
V 6816 -812331.45 -173423.37
V 6824 -812323.70 -173425.45
V 6832 -812224.20 -173425.45
V 6840 -812224.20 -173465.45
V 6848 -812323.70 -173465.45
V 6856 -812331.45 -173467.53
V 6864 -812337.12 -173473.20
V 6872 -812339.20 -173480.95
V 6880 -812339.20 -173551.95
V 6888 -812337.12 -173559.70
V 6896 -812331.45 -173565.37
V 6904 -812323.70 -173567.45
V 6912 -812224.20 -173567.45
V 6920 -812224.20 -173607.45
V 6928 -812323.70 -173607.45
V 6936 -812331.45 -173609.53
V 6944 -812337.12 -173615.20
V 6952 -812339.20 -173622.95
V 6960 -812339.20 -173693.95
V 6968 -812337.12 -173701.70
V 6976 -812331.45 -173707.37
V 6984 -812323.70 -173709.45
V 6992 -812224.20 -173709.45
V 7000 -812224.20 -173749.45
V 7008 -812323.70 -173749.45
V 7016 -812331.45 -173751.53
V 7024 -812337.12 -173757.20
V 7032 -812339.20 -173764.95
V 7040 -812339.20 -173835.95
V 7048 -812337.12 -173843.70
V 7056 -812331.45 -173849.37
V 7064 -812323.70 -173851.45
V 7072 -812224.20 -173851.45
V 7080 -812224.20 -173891.45
V 7088 -812323.70 -173891.45
V 7096 -812331.45 -173893.53
V 7104 -812337.12 -173899.20
V 7112 -812339.20 -173906.95
V 7120 -812339.20 -173977.95
V 7128 -812337.12 -173985.70
V 7136 -812331.45 -173991.37
V 7144 -812323.70 -173993.45
V 7152 -812224.20 -173993.45
V 7160 -812224.20 -174033.45
V 7168 -812323.70 -174033.45
V 7176 -812331.45 -174035.53
V 7184 -812337.12 -174041.20
V 7192 -812339.20 -174048.95
V 7200 -812339.20 -174119.95
V 7208 -812337.12 -174127.70
V 7216 -812331.45 -174133.37
V 7224 -812323.70 -174135.45
V 7232 -812224.20 -174135.45
V 7240 -812224.20 -174175.45
V 7248 -812323.70 -174175.45
V 7256 -812331.45 -174177.53
V 7264 -812337.12 -174183.20
V 7272 -812339.20 -174190.95
V 7280 -812339.20 -174261.95
V 7288 -812337.12 -174269.70
V 7296 -812331.45 -174275.37
V 7304 -812323.70 -174277.45
V 7312 -812224.20 -174277.45
V 7320 -812224.20 -174317.45
V 7328 -812323.70 -174317.45
V 7336 -812331.45 -174319.53
V 7344 -812337.12 -174325.20
V 7352 -812339.20 -174332.95
V 7360 -812339.20 -174403.95
V 7368 -812337.12 -174411.70
V 7376 -812331.45 -174417.37
V 7384 -812323.70 -174419.45
V 7392 -812224.20 -174419.45
V 7400 -812224.20 -174459.45
V 7408 -812323.70 -174459.45
V 7416 -812331.45 -174461.53
V 7424 -812337.12 -174467.20
V 7432 -812339.20 -174474.95
V 7440 -812339.20 -174545.95
V 7448 -812337.12 -174553.70
V 7456 -812331.45 -174559.37
V 7464 -812323.70 -174561.45
V 7472 -812224.20 -174561.45
V 7480 -812224.20 -174601.45
V 7488 -812323.70 -174601.45
V 7496 -812331.45 -174603.53
V 7504 -812337.12 -174609.20
V 7512 -812339.20 -174616.95
V 7520 -812339.20 -174687.95
V 7528 -812337.12 -174695.70
V 7536 -812331.45 -174701.37
V 7544 -812323.70 -174703.45
V 7552 -812224.20 -174703.45
V 7560 -812224.20 -174743.45
V 7568 -812323.70 -174743.45
V 7576 -812331.45 -174745.53
V 7584 -812337.12 -174751.20
V 7592 -812339.20 -174758.95
V 7600 -812339.20 -174829.95
V 7608 -812337.12 -174837.70
V 7616 -812331.45 -174843.37
V 7624 -812323.70 -174845.45
V 7632 -812224.20 -174845.45
V 7640 -812224.20 -174885.45
V 7648 -812323.70 -174885.45
V 7656 -812331.45 -174887.53
V 7664 -812337.12 -174893.20
V 7672 -812339.20 -174900.95
V 7680 -812339.20 -174971.95
V 7688 -812337.12 -174979.70
V 7696 -812331.45 -174985.37
V 7704 -812323.70 -174987.45
V 7712 -812224.20 -174987.45
V 7720 -812224.20 -175027.45
V 7728 -812323.70 -175027.45
V 7736 -812331.45 -175029.53
V 7744 -812337.12 -175035.20
V 7752 -812339.20 -175042.95
V 7760 -812339.20 -175113.95
V 7768 -812337.12 -175121.70
V 7776 -812331.45 -175127.37
V 7784 -812323.70 -175129.45
V 7792 -812224.20 -175129.45
V 7800 -812224.20 -175169.45
V 7808 -812323.70 -175169.45
V 7816 -812331.45 -175171.53
V 7824 -812337.12 -175177.20
V 7832 -812339.20 -175184.95
V 7840 -812339.20 -175255.95
V 7848 -812337.12 -175263.70
V 7856 -812331.45 -175269.37
V 7864 -812323.70 -175271.45
V 7872 -812224.20 -175271.45
V 7880 -812224.20 -175311.45
V 7888 -812323.70 -175311.45
V 7896 -812331.45 -175313.53
V 7904 -812337.12 -175319.20
V 7912 -812339.20 -175326.95
V 7920 -812339.20 -175397.95
V 7928 -812337.12 -175405.70
V 7936 -812331.45 -175411.37
V 7944 -812323.70 -175413.45
V 7952 -812224.20 -175413.45
V 7960 -812224.20 -175453.45
V 7968 -812323.70 -175453.45
V 7976 -812331.45 -175455.53
V 7984 -812337.12 -175461.20
V 7992 -812339.20 -175468.95
V 8000 -812339.20 -175539.95
V 8008 -812337.12 -175547.70
V 8016 -812331.45 -175553.37
V 8024 -812323.70 -175555.45
V 8032 -812224.20 -175555.45
V 8040 -812224.20 -175595.45
V 8048 -812323.70 -175595.45
V 8056 -812331.45 -175597.53
V 8064 -812337.12 -175603.20
V 8072 -812339.20 -175610.95
V 8080 -812339.20 -175681.95
V 8088 -812337.12 -175689.70
V 8096 -812331.45 -175695.37
V 8104 -812323.70 -175697.45
V 8112 -812224.20 -175697.45
V 8120 -812224.20 -175737.45
V 8128 -812323.70 -175737.45
V 8136 -812331.45 -175739.53
V 8144 -812337.12 -175745.20
V 8152 -812339.20 -175752.95
V 8160 -812339.20 -175823.95
V 8168 -812337.12 -175831.70
V 8176 -812331.45 -175837.37
V 8184 -812323.70 -175839.45
V 8192 -812224.20 -175839.45
V 8200 -812224.20 -175879.45
V 8208 -812323.70 -175879.45
V 8216 -812331.45 -175881.53
V 8224 -812337.12 -175887.20
V 8232 -812339.20 -175894.95
V 8240 -812339.20 -175965.95
V 8248 -812337.12 -175973.70
V 8256 -812331.45 -175979.37
V 8264 -812323.70 -175981.45
V 8272 -812224.20 -175981.45
V 8280 -812224.20 -176021.45
V 8288 -812323.70 -176021.45
V 8296 -812331.45 -176023.53
V 8304 -812337.12 -176029.20
V 8312 -812339.20 -176036.95
V 8320 -812339.20 -176107.95
V 8328 -812337.12 -176115.70
V 8336 -812331.45 -176121.37
V 8344 -812323.70 -176123.45
V 8352 -812224.20 -176123.45
V 8360 -812224.20 -176163.45
V 8368 -812323.70 -176163.45
V 8376 -812331.45 -176165.53
V 8384 -812337.12 -176171.20
V 8392 -812339.20 -176178.95
V 8400 -812339.20 -176249.95
V 8408 -812337.12 -176257.70
V 8416 -812331.45 -176263.37
V 8424 -812323.70 -176265.45
V 8432 -812224.20 -176265.45
V 8440 -812224.20 -176305.45
V 8448 -812323.70 -176305.45
V 8456 -812331.45 -176307.53
V 8464 -812337.12 -176313.20
V 8472 -812339.20 -176320.95
V 8480 -812339.20 -176391.95
V 8488 -812337.12 -176399.70
V 8496 -812331.45 -176405.37
V 8504 -812323.70 -176407.45
V 8512 -812224.20 -176407.45
V 8520 -812224.20 -176447.45
V 8528 -812323.70 -176447.45
V 8536 -812331.45 -176449.53
V 8544 -812337.12 -176455.20
V 8552 -812339.20 -176462.95
V 8560 -812339.20 -176533.95
V 8568 -812337.12 -176541.70
V 8576 -812331.45 -176547.37
V 8584 -812323.70 -176549.45
V 8592 -812224.20 -176549.45
V 8600 -812224.20 -176589.45
V 8608 -812323.70 -176589.45
V 8616 -812331.45 -176591.53
V 8624 -812337.12 -176597.20
V 8632 -812339.20 -176604.95
V 8640 -812339.20 -176675.95
V 8648 -812337.12 -176683.70
V 8656 -812331.45 -176689.37
V 8664 -812323.70 -176691.45
V 8672 -812224.20 -176691.45
V 8680 -812224.20 -176731.45
V 8688 -812323.70 -176731.45
V 8696 -812331.45 -176733.53
V 8704 -812337.12 -176739.20
V 8712 -812339.20 -176746.95
V 8720 -812339.20 -176817.95
V 8728 -812337.12 -176825.70
V 8736 -812331.45 -176831.37
V 8744 -812323.70 -176833.45
V 8752 -812224.20 -176833.45
V 8760 -812224.20 -176873.45
V 8768 -812323.70 -176873.45
V 8776 -812331.45 -176875.53
V 8784 -812337.12 -176881.20
V 8792 -812339.20 -176888.95
V 8800 -812339.20 -176959.95
V 8808 -812337.12 -176967.70
V 8816 -812331.45 -176973.37
V 8824 -812323.70 -176975.45
V 8832 -812224.20 -176975.45
V 8840 -812224.20 -177015.45
V 8848 -812323.70 -177015.45
V 8856 -812331.45 -177017.53
V 8864 -812337.12 -177023.20
V 8872 -812339.20 -177030.95
V 8880 -812339.20 -177101.95
V 8888 -812337.12 -177109.70
V 8896 -812331.45 -177115.37
V 8904 -812323.70 -177117.45
V 8912 -812224.20 -177117.45
V 8920 -812224.20 -177157.45
V 8928 -812323.70 -177157.45
V 8936 -812331.45 -177159.53
V 8944 -812337.12 -177165.20
V 8952 -812339.20 -177172.95
V 8960 -812339.20 -177243.95
V 8968 -812337.12 -177251.70
V 8976 -812331.45 -177257.37
V 8984 -812323.70 -177259.45
V 8992 -812224.20 -177259.45
V 9000 -812224.20 -177299.45
V 9008 -812323.70 -177299.45
V 9016 -812331.45 -177301.53
V 9024 -812337.12 -177307.20
V 9032 -812339.20 -177314.95
V 9040 -812339.20 -177385.95
V 9048 -812337.12 -177393.70
V 9056 -812331.45 -177399.37
V 9064 -812323.70 -177401.45
V 9072 -812224.20 -177401.45
V 9080 -812224.20 -177441.45
V 9088 -812323.70 -177441.45
V 9096 -812331.45 -177443.53
V 9104 -812337.12 -177449.20
V 9112 -812339.20 -177456.95
V 9120 -812339.20 -177527.95
V 9128 -812337.12 -177535.70
V 9136 -812331.45 -177541.37
V 9144 -812323.70 -177543.45
V 9152 -812224.20 -177543.45
V 9160 -812224.20 -177583.45
V 9168 -812323.70 -177583.45
V 9176 -812331.45 -177585.53
V 9184 -812337.12 -177591.20
V 9192 -812339.20 -177598.95
V 9200 -812339.20 -177669.95
V 9208 -812337.12 -177677.70
V 9216 -812331.45 -177683.37
V 9224 -812323.70 -177685.45
V 9232 -812224.20 -177685.45
V 9240 -812224.20 -177725.45
V 9248 -812323.70 -177725.45
V 9256 -812331.45 -177727.53
V 9264 -812337.12 -177733.20
V 9272 -812339.20 -177740.95
V 9280 -812339.20 -177811.95
V 9288 -812337.12 -177819.70
V 9296 -812331.45 -177825.37
V 9304 -812323.70 -177827.45
V 9312 -812224.20 -177827.45
V 9320 -812224.20 -177867.45
V 9328 -812323.70 -177867.45
V 9336 -812331.45 -177869.53
V 9344 -812337.12 -177875.20
V 9352 -812339.20 -177882.95
V 9360 -812339.20 -177953.95
V 9368 -812337.12 -177961.70
V 9376 -812331.45 -177967.37
V 9384 -812323.70 -177969.45
V 9392 -812224.20 -177969.45
V 9400 -812224.20 -178009.45
V 9408 -812323.70 -178009.45
V 9416 -812331.45 -178011.53
V 9424 -812337.12 -178017.20
V 9432 -812339.20 -178024.95
V 9440 -812339.20 -178095.95
V 9448 -812337.12 -178103.70
V 9456 -812331.45 -178109.37
V 9464 -812323.70 -178111.45
V 9472 -812224.20 -178111.45
V 9480 -812224.20 -178151.45
V 9488 -812323.70 -178151.45
V 9496 -812331.45 -178153.53
V 9504 -812337.12 -178159.20
V 9512 -812339.20 -178166.95
V 9520 -812339.20 -178237.95
V 9528 -812337.12 -178245.70
V 9536 -812331.45 -178251.37
V 9544 -812323.70 -178253.45
V 9552 -812224.20 -178253.45
V 9560 -812224.20 -178293.45
V 9568 -812323.70 -178293.45
V 9576 -812331.45 -178295.53
V 9584 -812337.12 -178301.20
V 9592 -812339.20 -178308.95
V 9600 -812339.20 -178379.95
V 9608 -812337.12 -178387.70
V 9616 -812331.45 -178393.37
V 9624 -812323.70 -178395.45
V 9632 -812281.70 -178395.45
V 9640 -812281.70 -178404.45
V 9648 -812250.70 -178404.45
V 9656 -812250.70 -178379.95
V 9664 -812250.74 -178378.84
V 9672 -812250.86 -178377.74
V 9680 -812251.05 -178376.66
V 9688 -812251.33 -178375.58
V 9696 -812251.68 -178374.53
V 9704 -812252.10 -178373.51
V 9712 -812252.60 -178372.52
V 9720 -812253.16 -178371.57
V 9728 -812253.79 -178370.66
V 9736 -812254.49 -178369.80
V 9744 -812255.24 -178368.99
V 9752 -812256.05 -178368.24
V 9760 -812256.91 -178367.54
V 9768 -812257.82 -178366.91
V 9776 -812258.77 -178366.35
V 9784 -812259.76 -178365.85
V 9792 -812260.78 -178365.43
V 9800 -812261.83 -178365.08
V 9808 -812262.91 -178364.80
V 9816 -812263.99 -178364.61
V 9824 -812265.09 -178364.49
V 9832 -812266.20 -178364.45
V 9840 -812308.20 -178364.45
V 9848 -812308.20 -178324.45
V 9856 -812208.70 -178324.45
V 9864 -812200.95 -178322.37
V 9872 -812195.28 -178316.70
V 9880 -812193.20 -178308.95
V 9888 -812193.20 -178237.95
V 9896 -812195.28 -178230.20
V 9904 -812200.95 -178224.53
V 9912 -812208.70 -178222.45
V 9920 -812308.20 -178222.45
V 9928 -812308.20 -178182.45
V 9936 -812208.70 -178182.45
V 9944 -812200.95 -178180.37
V 9952 -812195.28 -178174.70
V 9960 -812193.20 -178166.95
V 9968 -812193.20 -178095.95
V 9976 -812195.28 -178088.20
V 9984 -812200.95 -178082.53
V 9992 -812208.70 -178080.45
V 10000 -812308.20 -178080.45
V 10008 -812308.20 -178040.45
V 10016 -812208.70 -178040.45
V 10024 -812200.95 -178038.37
V 10032 -812195.28 -178032.70
V 10040 -812193.20 -178024.95
V 10048 -812193.20 -177953.95
V 10056 -812195.28 -177946.20
V 10064 -812200.95 -177940.53
V 10072 -812208.70 -177938.45
V 10080 -812308.20 -177938.45
V 10088 -812308.20 -177898.45
V 10096 -812208.70 -177898.45
V 10104 -812200.95 -177896.37
V 10112 -812195.28 -177890.70
V 10120 -812193.20 -177882.95
V 10128 -812193.20 -177811.95
V 10136 -812195.28 -177804.20
V 10144 -812200.95 -177798.53
V 10152 -812208.70 -177796.45
V 10160 -812308.20 -177796.45
V 10168 -812308.20 -177756.45
V 10176 -812208.70 -177756.45
V 10184 -812200.95 -177754.37
V 10192 -812195.28 -177748.70
V 10200 -812193.20 -177740.95
V 10208 -812193.20 -177669.95
V 10216 -812195.28 -177662.20
V 10224 -812200.95 -177656.53
V 10232 -812208.70 -177654.45
V 10240 -812308.20 -177654.45
V 10248 -812308.20 -177614.45
V 10256 -812208.70 -177614.45
V 10264 -812200.95 -177612.37
V 10272 -812195.28 -177606.70
V 10280 -812193.20 -177598.95
V 10288 -812193.20 -177527.95
V 10296 -812195.28 -177520.20
V 10304 -812200.95 -177514.53
V 10312 -812208.70 -177512.45
V 10320 -812308.20 -177512.45
V 10328 -812308.20 -177472.45
V 10336 -812208.70 -177472.45
V 10344 -812200.95 -177470.37
V 10352 -812195.28 -177464.70
V 10360 -812193.20 -177456.95
V 10368 -812193.20 -177385.95
V 10376 -812195.28 -177378.20
V 10384 -812200.95 -177372.53
V 10392 -812208.70 -177370.45
V 10400 -812308.20 -177370.45
V 10408 -812308.20 -177330.45
V 10416 -812208.70 -177330.45
V 10424 -812200.95 -177328.37
V 10432 -812195.28 -177322.70
V 10440 -812193.20 -177314.95
V 10448 -812193.20 -177243.95
V 10456 -812195.28 -177236.20
V 10464 -812200.95 -177230.53
V 10472 -812208.70 -177228.45
V 10480 -812308.20 -177228.45
V 10488 -812308.20 -177188.45
V 10496 -812208.70 -177188.45
V 10504 -812200.95 -177186.37
V 10512 -812195.28 -177180.70
V 10520 -812193.20 -177172.95
V 10528 -812193.20 -177101.95
V 10536 -812195.28 -177094.20
V 10544 -812200.95 -177088.53
V 10552 -812208.70 -177086.45
V 10560 -812308.20 -177086.45
V 10568 -812308.20 -177046.45
V 10576 -812208.70 -177046.45
V 10584 -812200.95 -177044.37
V 10592 -812195.28 -177038.70
V 10600 -812193.20 -177030.95
V 10608 -812193.20 -176959.95
V 10616 -812195.28 -176952.20
V 10624 -812200.95 -176946.53
V 10632 -812208.70 -176944.45
V 10640 -812308.20 -176944.45
V 10648 -812308.20 -176904.45
V 10656 -812208.70 -176904.45
V 10664 -812200.95 -176902.37
V 10672 -812195.28 -176896.70
V 10680 -812193.20 -176888.95
V 10688 -812193.20 -176817.95
V 10696 -812195.28 -176810.20
V 10704 -812200.95 -176804.53
V 10712 -812208.70 -176802.45
V 10720 -812308.20 -176802.45
V 10728 -812308.20 -176762.45
V 10736 -812208.70 -176762.45
V 10744 -812200.95 -176760.37
V 10752 -812195.28 -176754.70
V 10760 -812193.20 -176746.95
V 10768 -812193.20 -176675.95
V 10776 -812195.28 -176668.20
V 10784 -812200.95 -176662.53
V 10792 -812208.70 -176660.45
V 10800 -812308.20 -176660.45
V 10808 -812308.20 -176620.45
V 10816 -812208.70 -176620.45
V 10824 -812200.95 -176618.37
V 10832 -812195.28 -176612.70
V 10840 -812193.20 -176604.95
V 10848 -812193.20 -176533.95
V 10856 -812195.28 -176526.20
V 10864 -812200.95 -176520.53
V 10872 -812208.70 -176518.45
V 10880 -812308.20 -176518.45
V 10888 -812308.20 -176478.45
V 10896 -812208.70 -176478.45
V 10904 -812200.95 -176476.37
V 10912 -812195.28 -176470.70
V 10920 -812193.20 -176462.95
V 10928 -812193.20 -176391.95
V 10936 -812195.28 -176384.20
V 10944 -812200.95 -176378.53
V 10952 -812208.70 -176376.45
V 10960 -812308.20 -176376.45
V 10968 -812308.20 -176336.45
V 10976 -812208.70 -176336.45
V 10984 -812200.95 -176334.37
V 10992 -812195.28 -176328.70
V 11000 -812193.20 -176320.95
V 11008 -812193.20 -176249.95
V 11016 -812195.28 -176242.20
V 11024 -812200.95 -176236.53
V 11032 -812208.70 -176234.45
V 11040 -812308.20 -176234.45
V 11048 -812308.20 -176194.45
V 11056 -812208.70 -176194.45
V 11064 -812200.95 -176192.37
V 11072 -812195.28 -176186.70
V 11080 -812193.20 -176178.95
V 11088 -812193.20 -176107.95
V 11096 -812195.28 -176100.20
V 11104 -812200.95 -176094.53
V 11112 -812208.70 -176092.45
V 11120 -812308.20 -176092.45
V 11128 -812308.20 -176052.45
V 11136 -812208.70 -176052.45
V 11144 -812200.95 -176050.37
V 11152 -812195.28 -176044.70
V 11160 -812193.20 -176036.95
V 11168 -812193.20 -175965.95
V 11176 -812195.28 -175958.20
V 11184 -812200.95 -175952.53
V 11192 -812208.70 -175950.45
V 11200 -812308.20 -175950.45
V 11208 -812308.20 -175910.45
V 11216 -812208.70 -175910.45
V 11224 -812200.95 -175908.37
V 11232 -812195.28 -175902.70
V 11240 -812193.20 -175894.95
V 11248 -812193.20 -175823.95
V 11256 -812195.28 -175816.20
V 11264 -812200.95 -175810.53
V 11272 -812208.70 -175808.45
V 11280 -812308.20 -175808.45
V 11288 -812308.20 -175768.45
V 11296 -812208.70 -175768.45
V 11304 -812200.95 -175766.37
V 11312 -812195.28 -175760.70
V 11320 -812193.20 -175752.95
V 11328 -812193.20 -175681.95
V 11336 -812195.28 -175674.20
V 11344 -812200.95 -175668.53
V 11352 -812208.70 -175666.45
V 11360 -812308.20 -175666.45
V 11368 -812308.20 -175626.45
V 11376 -812208.70 -175626.45
V 11384 -812200.95 -175624.37
V 11392 -812195.28 -175618.70
V 11400 -812193.20 -175610.95
V 11408 -812193.20 -175539.95
V 11416 -812195.28 -175532.20
V 11424 -812200.95 -175526.53
V 11432 -812208.70 -175524.45
V 11440 -812308.20 -175524.45
V 11448 -812308.20 -175484.45
V 11456 -812208.70 -175484.45
V 11464 -812200.95 -175482.37
V 11472 -812195.28 -175476.70
V 11480 -812193.20 -175468.95
V 11488 -812193.20 -175397.95
V 11496 -812195.28 -175390.20
V 11504 -812200.95 -175384.53
V 11512 -812208.70 -175382.45
V 11520 -812308.20 -175382.45
V 11528 -812308.20 -175342.45
V 11536 -812208.70 -175342.45
V 11544 -812200.95 -175340.37
V 11552 -812195.28 -175334.70
V 11560 -812193.20 -175326.95
V 11568 -812193.20 -175255.95
V 11576 -812195.28 -175248.20
V 11584 -812200.95 -175242.53
V 11592 -812208.70 -175240.45
V 11600 -812308.20 -175240.45
V 11608 -812308.20 -175200.45
V 11616 -812208.70 -175200.45
V 11624 -812200.95 -175198.37
V 11632 -812195.28 -175192.70
V 11640 -812193.20 -175184.95
V 11648 -812193.20 -175113.95
V 11656 -812195.28 -175106.20
V 11664 -812200.95 -175100.53
V 11672 -812208.70 -175098.45
V 11680 -812308.20 -175098.45
V 11688 -812308.20 -175058.45
V 11696 -812208.70 -175058.45
V 11704 -812200.95 -175056.37
V 11712 -812195.28 -175050.70
V 11720 -812193.20 -175042.95
V 11728 -812193.20 -174971.95
V 11736 -812195.28 -174964.20
V 11744 -812200.95 -174958.53
V 11752 -812208.70 -174956.45
V 11760 -812308.20 -174956.45
V 11768 -812308.20 -174916.45
V 11776 -812208.70 -174916.45
V 11784 -812200.95 -174914.37
V 11792 -812195.28 -174908.70
V 11800 -812193.20 -174900.95
V 11808 -812193.20 -174829.95
V 11816 -812195.28 -174822.20
V 11824 -812200.95 -174816.53
V 11832 -812208.70 -174814.45
V 11840 -812308.20 -174814.45
V 11848 -812308.20 -174774.45
V 11856 -812208.70 -174774.45
V 11864 -812200.95 -174772.37
V 11872 -812195.28 -174766.70
V 11880 -812193.20 -174758.95
V 11888 -812193.20 -174687.95
V 11896 -812195.28 -174680.20
V 11904 -812200.95 -174674.53
V 11912 -812208.70 -174672.45
V 11920 -812308.20 -174672.45
V 11928 -812308.20 -174632.45
V 11936 -812208.70 -174632.45
V 11944 -812200.95 -174630.37
V 11952 -812195.28 -174624.70
V 11960 -812193.20 -174616.95
V 11968 -812193.20 -174545.95
V 11976 -812195.28 -174538.20
V 11984 -812200.95 -174532.53
V 11992 -812208.70 -174530.45
V 12000 -812308.20 -174530.45
V 12008 -812308.20 -174490.45
V 12016 -812208.70 -174490.45
V 12024 -812200.95 -174488.37
V 12032 -812195.28 -174482.70
V 12040 -812193.20 -174474.95
V 12048 -812193.20 -174403.95
V 12056 -812195.28 -174396.20
V 12064 -812200.95 -174390.53
V 12072 -812208.70 -174388.45
V 12080 -812308.20 -174388.45
V 12088 -812308.20 -174348.45
V 12096 -812208.70 -174348.45
V 12104 -812200.95 -174346.37
V 12112 -812195.28 -174340.70
V 12120 -812193.20 -174332.95
V 12128 -812193.20 -174261.95
V 12136 -812195.28 -174254.20
V 12144 -812200.95 -174248.53
V 12152 -812208.70 -174246.45
V 12160 -812308.20 -174246.45
V 12168 -812308.20 -174206.45
V 12176 -812208.70 -174206.45
V 12184 -812200.95 -174204.37
V 12192 -812195.28 -174198.70
V 12200 -812193.20 -174190.95
V 12208 -812193.20 -174119.95
V 12216 -812195.28 -174112.20
V 12224 -812200.95 -174106.53
V 12232 -812208.70 -174104.45
V 12240 -812308.20 -174104.45
V 12248 -812308.20 -174064.45
V 12256 -812208.70 -174064.45
V 12264 -812200.95 -174062.37
V 12272 -812195.28 -174056.70
V 12280 -812193.20 -174048.95
V 12288 -812193.20 -173977.95
V 12296 -812195.28 -173970.20
V 12304 -812200.95 -173964.53
V 12312 -812208.70 -173962.45
V 12320 -812308.20 -173962.45
V 12328 -812308.20 -173922.45
V 12336 -812208.70 -173922.45
V 12344 -812200.95 -173920.37
V 12352 -812195.28 -173914.70
V 12360 -812193.20 -173906.95
V 12368 -812193.20 -173835.95
V 12376 -812195.28 -173828.20
V 12384 -812200.95 -173822.53
V 12392 -812208.70 -173820.45
V 12400 -812308.20 -173820.45
V 12408 -812308.20 -173780.45
V 12416 -812208.70 -173780.45
V 12424 -812200.95 -173778.37
V 12432 -812195.28 -173772.70
V 12440 -812193.20 -173764.95
V 12448 -812193.20 -173693.95
V 12456 -812195.28 -173686.20
V 12464 -812200.95 -173680.53
V 12472 -812208.70 -173678.45
V 12480 -812308.20 -173678.45
V 12488 -812308.20 -173638.45
V 12496 -812208.70 -173638.45
V 12504 -812200.95 -173636.37
V 12512 -812195.28 -173630.70
V 12520 -812193.20 -173622.95
V 12528 -812193.20 -173551.95
V 12536 -812195.28 -173544.20
V 12544 -812200.95 -173538.53
V 12552 -812208.70 -173536.45
V 12560 -812308.20 -173536.45
V 12568 -812308.20 -173496.45
V 12576 -812208.70 -173496.45
V 12584 -812200.95 -173494.37
V 12592 -812195.28 -173488.70
V 12600 -812193.20 -173480.95
V 12608 -812193.20 -173409.95
V 12616 -812195.28 -173402.20
V 12624 -812200.95 -173396.53
V 12632 -812208.70 -173394.45
V 12640 -812308.20 -173394.45
V 12648 -812308.20 -173354.45
V 12656 -812208.70 -173354.45
V 12664 -812200.95 -173352.37
V 12672 -812195.28 -173346.70
V 12680 -812193.20 -173338.95
V 12688 -812193.20 -173267.95
V 12696 -812195.28 -173260.20
V 12704 -812200.95 -173254.53
V 12712 -812208.70 -173252.45
V 12720 -812308.20 -173252.45
V 12728 -812308.20 -173212.45
V 12736 -812208.70 -173212.45
V 12744 -812200.95 -173210.37
V 12752 -812195.28 -173204.70
V 12760 -812193.20 -173196.95
V 12768 -812193.20 -173125.95
V 12776 -812195.28 -173118.20
V 12784 -812200.95 -173112.53
V 12792 -812208.70 -173110.45
V 12800 -812308.20 -173110.45
V 12808 -812308.20 -173070.45
V 12816 -812208.70 -173070.45
V 12824 -812200.95 -173068.37
V 12832 -812195.28 -173062.70
V 12840 -812193.20 -173054.95
V 12848 -812193.20 -172983.95
V 12856 -812195.28 -172976.20
V 12864 -812200.95 -172970.53
V 12872 -812208.70 -172968.45
V 12880 -812308.20 -172968.45
V 12888 -812308.20 -172928.45
V 12896 -812208.70 -172928.45
V 12904 -812200.95 -172926.37
V 12912 -812195.28 -172920.70
V 12920 -812193.20 -172912.95
V 12928 -812193.20 -172841.95
V 12936 -812195.28 -172834.20
V 12944 -812200.95 -172828.53
V 12952 -812208.70 -172826.45
V 12960 -812308.20 -172826.45
V 12968 -812308.20 -172786.45
V 12976 -812208.70 -172786.45
V 12984 -812200.95 -172784.37
V 12992 -812195.28 -172778.70
V 13000 -812193.20 -172770.95
V 13008 -812193.20 -172699.95
V 13016 -812195.28 -172692.20
V 13024 -812200.95 -172686.53
V 13032 -812208.70 -172684.45
V 13040 -812308.20 -172684.45
V 13048 -812308.20 -172644.45
V 13056 -812208.70 -172644.45
V 13064 -812200.95 -172642.37
V 13072 -812195.28 -172636.70
V 13080 -812193.20 -172628.95
V 13088 -812193.20 -172557.95
V 13096 -812195.28 -172550.20
V 13104 -812200.95 -172544.53
V 13112 -812208.70 -172542.45
V 13120 -812308.20 -172542.45
V 13128 -812308.20 -172502.45
V 13136 -812208.70 -172502.45
V 13144 -812200.95 -172500.37
V 13152 -812195.28 -172494.70
V 13160 -812193.20 -172486.95
V 13168 -812193.20 -172415.95
V 13176 -812195.28 -172408.20
V 13184 -812200.95 -172402.53
V 13192 -812208.70 -172400.45
V 13200 -812308.20 -172400.45
V 13208 -812308.20 -172360.45
V 13216 -812208.70 -172360.45
V 13224 -812200.95 -172358.37
V 13232 -812195.28 -172352.70
V 13240 -812193.20 -172344.95
V 13248 -812193.20 -172273.95
V 13256 -812195.28 -172266.20
V 13264 -812200.95 -172260.53
V 13272 -812208.70 -172258.45
V 13280 -812308.20 -172258.45
V 13288 -812308.20 -172218.45
V 13296 -812208.70 -172218.45
V 13304 -812200.95 -172216.37
V 13312 -812195.28 -172210.70
V 13320 -812193.20 -172202.95
V 13328 -812193.20 -172131.95
V 13336 -812195.28 -172124.20
V 13344 -812200.95 -172118.53
V 13352 -812208.70 -172116.45
V 13360 -812308.20 -172116.45
V 13368 -812308.20 -172076.45
V 13376 -812208.70 -172076.45
V 13384 -812200.95 -172074.37
V 13392 -812195.28 -172068.70
V 13400 -812193.20 -172060.95
V 13408 -812193.20 -171989.95
V 13416 -812195.28 -171982.20
V 13424 -812200.95 -171976.53
V 13432 -812208.70 -171974.45
V 13440 -812308.20 -171974.45
V 13448 -812308.20 -171934.45
V 13456 -812208.70 -171934.45
V 13464 -812200.95 -171932.37
V 13472 -812195.28 -171926.70
V 13480 -812193.20 -171918.95
V 13488 -812193.20 -171847.95
V 13496 -812195.28 -171840.20
V 13504 -812200.95 -171834.53
V 13512 -812208.70 -171832.45
V 13520 -812308.20 -171832.45
V 13528 -812308.20 -171792.45
V 13536 -812208.70 -171792.45
V 13544 -812200.95 -171790.37
V 13552 -812195.28 -171784.70
V 13560 -812193.20 -171776.95
V 13568 -812193.20 -171705.95
V 13576 -812195.28 -171698.20
V 13584 -812200.95 -171692.53
V 13592 -812208.70 -171690.45
V 13600 -812308.20 -171690.45
V 13608 -812308.20 -171650.45
V 13616 -812208.70 -171650.45
V 13624 -812200.95 -171648.37
V 13632 -812195.28 -171642.70
V 13640 -812193.20 -171634.95
V 13648 -812193.20 -171563.95
V 13656 -812195.28 -171556.20
V 13664 -812200.95 -171550.53
V 13672 -812208.70 -171548.45
V 13680 -812308.20 -171548.45
V 13688 -812308.20 -171508.45
V 13696 -812208.70 -171508.45
V 13704 -812200.95 -171506.37
V 13712 -812195.28 -171500.70
V 13720 -812193.20 -171492.95
V 13728 -812193.20 -171421.95
V 13736 -812195.28 -171414.20
V 13744 -812200.95 -171408.53
V 13752 -812208.70 -171406.45
V 13760 -812308.20 -171406.45
V 13768 -812308.20 -171366.45
V 13776 -812208.70 -171366.45
V 13784 -812200.95 -171364.37
V 13792 -812195.28 -171358.70
V 13800 -812193.20 -171350.95
V 13808 -812193.20 -171279.95
V 13816 -812195.28 -171272.20
V 13824 -812200.95 -171266.53
V 13832 -812208.70 -171264.45
V 13840 -812308.20 -171264.45
V 13848 -812308.20 -171224.45
V 13856 -812208.70 -171224.45
V 13864 -812200.95 -171222.37
V 13872 -812195.28 -171216.70
V 13880 -812193.20 -171208.95
V 13888 -812193.20 -171137.95
V 13896 -812195.28 -171130.20
V 13904 -812200.95 -171124.53
V 13912 -812208.70 -171122.45
V 13920 -812308.20 -171122.45
V 13928 -812308.20 -171082.45
V 13936 -812208.70 -171082.45
V 13944 -812200.95 -171080.37
V 13952 -812195.28 -171074.70
V 13960 -812193.20 -171066.95
V 13968 -812193.20 -170995.95
V 13976 -812195.28 -170988.20
V 13984 -812200.95 -170982.53
V 13992 -812208.70 -170980.45
V 14000 -812308.20 -170980.45
V 14008 -812308.20 -170940.45
V 14016 -812208.70 -170940.45
V 14024 -812200.95 -170938.37
V 14032 -812195.28 -170932.70
V 14040 -812193.20 -170924.95
V 14048 -812193.20 -170853.95
V 14056 -812195.28 -170846.20
V 14064 -812200.95 -170840.53
V 14072 -812208.70 -170838.45
V 14080 -812308.20 -170838.45
V 14088 -812308.20 -170798.45
V 14096 -812208.70 -170798.45
V 14104 -812200.95 -170796.37
V 14112 -812195.28 -170790.70
V 14120 -812193.20 -170782.95
V 14128 -812193.20 -170711.95
V 14136 -812195.28 -170704.20
V 14144 -812200.95 -170698.53
V 14152 -812208.70 -170696.45
V 14160 -812308.20 -170696.45
V 14168 -812308.20 -170656.45
V 14176 -812208.70 -170656.45
V 14184 -812200.95 -170654.37
V 14192 -812195.28 -170648.70
V 14200 -812193.20 -170640.95
V 14208 -812193.20 -170569.95
V 14216 -812195.28 -170562.20
V 14224 -812200.95 -170556.53
V 14232 -812208.70 -170554.45
V 14240 -812308.20 -170554.45
V 14248 -812308.20 -170514.45
V 14256 -812208.70 -170514.45
V 14264 -812200.95 -170512.37
V 14272 -812195.28 -170506.70
V 14280 -812193.20 -170498.95
V 14288 -812193.20 -170427.95
V 14296 -812195.28 -170420.20
V 14304 -812200.95 -170414.53
V 14312 -812208.70 -170412.45
V 14320 -812308.20 -170412.45
V 14328 -812308.20 -170372.45
V 14336 -812208.70 -170372.45
V 14344 -812200.95 -170370.37
V 14352 -812195.28 -170364.70
V 14360 -812193.20 -170356.95
V 14368 -812193.20 -170285.95
V 14376 -812195.28 -170278.20
V 14384 -812200.95 -170272.53
V 14392 -812208.70 -170270.45
V 14400 -812308.20 -170270.45
V 14408 -812308.20 -170230.45
V 14416 -812208.70 -170230.45
V 14424 -812200.95 -170228.37
V 14432 -812195.28 -170222.70
V 14440 -812193.20 -170214.95
V 14448 -812193.20 -170143.95
V 14456 -812195.28 -170136.20
V 14464 -812200.95 -170130.53
V 14472 -812208.70 -170128.45
V 14480 -812308.20 -170128.45
V 14488 -812308.20 -170088.45
V 14496 -812208.70 -170088.45
V 14504 -812200.95 -170086.37
V 14512 -812195.28 -170080.70
V 14520 -812193.20 -170072.95
V 14528 -812193.20 -170001.95
V 14536 -812195.28 -169994.20
V 14544 -812200.95 -169988.53
V 14552 -812208.70 -169986.45
V 14560 -812308.20 -169986.45
V 14568 -812308.20 -169946.45
V 14576 -812208.70 -169946.45
V 14584 -812200.95 -169944.37
V 14592 -812195.28 -169938.70
V 14600 -812193.20 -169930.95
V 14608 -812193.20 -169859.95
V 14616 -812195.28 -169852.20
V 14624 -812200.95 -169846.53
V 14632 -812208.70 -169844.45
V 14640 -812308.20 -169844.45
V 14648 -812308.20 -169804.45
V 14656 -812208.70 -169804.45
V 14664 -812200.95 -169802.37
V 14672 -812195.28 -169796.70
V 14680 -812193.20 -169788.95
V 14688 -812193.20 -169717.95
V 14696 -812195.28 -169710.20
V 14704 -812200.95 -169704.53
V 14712 -812208.70 -169702.45
V 14720 -812308.20 -169702.45
V 14728 -812308.20 -169662.45
V 14736 -812208.70 -169662.45
V 14744 -812200.95 -169660.37
V 14752 -812195.28 -169654.70
V 14760 -812193.20 -169646.95
V 14768 -812193.20 -169575.95
V 14776 -812195.28 -169568.20
V 14784 -812200.95 -169562.53
V 14792 -812208.70 -169560.45
V 14800 -812308.20 -169560.45
V 14808 -812308.20 -169520.45
V 14816 -812208.70 -169520.45
V 14824 -812200.95 -169518.37
V 14832 -812195.28 -169512.70
V 14840 -812193.20 -169504.95
V 14848 -812193.20 -169433.95
V 14856 -812195.28 -169426.20
V 14864 -812200.95 -169420.53
V 14872 -812208.70 -169418.45
V 14880 -812308.20 -169418.45
V 14888 -812308.20 -169378.45
V 14896 -812208.70 -169378.45
V 14904 -812200.95 -169376.37
V 14912 -812195.28 -169370.70
V 14920 -812193.20 -169362.95
V 14928 -812193.20 -169291.95
V 14936 -812195.28 -169284.20
V 14944 -812200.95 -169278.53
V 14952 -812208.70 -169276.45
V 14960 -812308.20 -169276.45
V 14968 -812308.20 -169236.45
V 14976 -812208.70 -169236.45
V 14984 -812200.95 -169234.37
V 14992 -812195.28 -169228.70
V 15000 -812193.20 -169220.95
V 15008 -812193.20 -169149.95
V 15016 -812195.28 -169142.20
V 15024 -812200.95 -169136.53
V 15032 -812208.70 -169134.45
V 15040 -812308.20 -169134.45
V 15048 -812308.20 -169094.45
V 15056 -812208.70 -169094.45
V 15064 -812200.95 -169092.37
V 15072 -812195.28 -169086.70
V 15080 -812193.20 -169078.95
V 15088 -812193.20 -169007.95
V 15096 -812195.28 -169000.20
V 15104 -812200.95 -168994.53
V 15112 -812208.70 -168992.45
V 15120 -812308.20 -168992.45
V 15128 -812308.20 -168952.45
V 15136 -812208.70 -168952.45
V 15144 -812200.95 -168950.37
V 15152 -812195.28 -168944.70
V 15160 -812193.20 -168936.95
V 15168 -812193.20 -168865.95
V 15176 -812195.28 -168858.20
V 15184 -812200.95 -168852.53
V 15192 -812208.70 -168850.45
V 15200 -812308.20 -168850.45
V 15208 -812308.20 -168810.45
V 15216 -812208.70 -168810.45
V 15224 -812200.95 -168808.37
V 15232 -812195.28 -168802.70
V 15240 -812193.20 -168794.95
V 15248 -812193.20 -168723.95
V 15256 -812195.28 -168716.20
V 15264 -812200.95 -168710.53
V 15272 -812208.70 -168708.45
V 15280 -812308.20 -168708.45
V 15288 -812308.20 -168668.45
V 15296 -812208.70 -168668.45
V 15304 -812200.95 -168666.37
V 15312 -812195.28 -168660.70
V 15320 -812193.20 -168652.95
V 15328 -812193.20 -168581.95
V 15336 -812195.28 -168574.20
V 15344 -812200.95 -168568.53
V 15352 -812208.70 -168566.45
V 15360 -812308.20 -168566.45
V 15368 -812308.20 -168526.45
V 15376 -812208.70 -168526.45
V 15384 -812200.95 -168524.37
V 15392 -812195.28 -168518.70
V 15400 -812193.20 -168510.95
V 15408 -812193.20 -168439.95
V 15416 -812195.28 -168432.20
V 15424 -812200.95 -168426.53
V 15432 -812208.70 -168424.45
V 15440 -812308.20 -168424.45
V 15448 -812308.20 -168384.45
V 15456 -812208.70 -168384.45
V 15464 -812200.95 -168382.37
V 15472 -812195.28 -168376.70
V 15480 -812193.20 -168368.95
V 15488 -812193.20 -168297.95
V 15496 -812195.28 -168290.20
V 15504 -812200.95 -168284.53
V 15512 -812208.70 -168282.45
V 15520 -812308.20 -168282.45
V 15528 -812308.20 -168242.45
V 15536 -812208.70 -168242.45
V 15544 -812200.95 -168240.37
V 15552 -812195.28 -168234.70
V 15560 -812193.20 -168226.95
V 15568 -812193.20 -168155.95
V 15576 -812195.28 -168148.20
V 15584 -812200.95 -168142.53
V 15592 -812208.70 -168140.45
V 15600 -812308.20 -168140.45
V 15608 -812308.20 -168100.45
V 15616 -812208.70 -168100.45
V 15624 -812200.95 -168098.37
V 15632 -812195.28 -168092.70
V 15640 -812193.20 -168084.95
V 15648 -812193.20 -168013.95
V 15656 -812195.28 -168006.20
V 15664 -812200.95 -168000.53
V 15672 -812208.70 -167998.45
V 15680 -812308.20 -167998.45
V 15688 -812308.20 -167958.45
V 15696 -812208.70 -167958.45
V 15704 -812200.95 -167956.37
V 15712 -812195.28 -167950.70
V 15720 -812193.20 -167942.95
V 15728 -812193.20 -167871.95
V 15736 -812195.28 -167864.20
V 15744 -812200.95 -167858.53
V 15752 -812208.70 -167856.45
V 15760 -812308.20 -167856.45
V 15768 -812308.20 -167816.45
V 15776 -812208.70 -167816.45
V 15784 -812200.95 -167814.37
V 15792 -812195.28 -167808.70
V 15800 -812193.20 -167800.95
V 15808 -812193.20 -167729.95
V 15816 -812195.28 -167722.20
V 15824 -812200.95 -167716.53
V 15832 -812208.70 -167714.45
V 15840 -812308.20 -167714.45
V 15848 -812308.20 -167674.45
V 15856 -812208.70 -167674.45
V 15864 -812200.95 -167672.37
V 15872 -812195.28 -167666.70
V 15880 -812193.20 -167658.95
V 15888 -812193.20 -167587.95
V 15896 -812195.28 -167580.20
V 15904 -812200.95 -167574.53
V 15912 -812208.70 -167572.45
V 15920 -812308.20 -167572.45
V 15928 -812308.20 -167532.45
V 15936 -812208.70 -167532.45
V 15944 -812200.95 -167530.37
V 15952 -812195.28 -167524.70
V 15960 -812193.20 -167516.95
V 15968 -812193.20 -167445.95
V 15976 -812195.28 -167438.20
V 15984 -812200.95 -167432.53
V 15992 -812208.70 -167430.45
V 16000 -812308.20 -167430.45
V 16008 -812308.20 -167390.45
V 16016 -812208.70 -167390.45
V 16024 -812200.95 -167388.37
V 16032 -812195.28 -167382.70
V 16040 -812193.20 -167374.95
V 16048 -812193.20 -167303.95
V 16056 -812195.28 -167296.20
V 16064 -812200.95 -167290.53
V 16072 -812208.70 -167288.45
V 16080 -812308.20 -167288.45
V 16088 -812308.20 -167248.45
V 16096 -812208.70 -167248.45
V 16104 -812200.95 -167246.37
V 16112 -812195.28 -167240.70
V 16120 -812193.20 -167232.95
V 16128 -812193.20 -167161.95
V 16136 -812195.28 -167154.20
V 16144 -812200.95 -167148.53
V 16152 -812208.70 -167146.45
V 16160 -812308.20 -167146.45
V 16168 -812308.20 -167106.45
V 16176 -812208.70 -167106.45
V 16184 -812200.95 -167104.37
V 16192 -812195.28 -167098.70
V 16200 -812193.20 -167090.95
V 16208 -812193.20 -167019.95
V 16216 -812195.28 -167012.20
V 16224 -812200.95 -167006.53
V 16232 -812208.70 -167004.45
V 16240 -812308.20 -167004.45
V 16248 -812308.20 -166964.45
V 16256 -812208.70 -166964.45
V 16264 -812200.95 -166962.37
V 16272 -812195.28 -166956.70
V 16280 -812193.20 -166948.95
V 16288 -812193.20 -166877.95
V 16296 -812195.28 -166870.20
V 16304 -812200.95 -166864.53
V 16312 -812208.70 -166862.45
V 16320 -812308.20 -166862.45
V 16328 -812308.20 -166822.45
V 16336 -812208.70 -166822.45
V 16344 -812200.95 -166820.37
V 16352 -812195.28 -166814.70
V 16360 -812193.20 -166806.95
V 16368 -812193.20 -166735.95
V 16376 -812195.28 -166728.20
V 16384 -812200.95 -166722.53
V 16392 -812208.70 -166720.45
V 16400 -812308.20 -166720.45
V 16408 -812308.20 -166680.45
V 16416 -812208.70 -166680.45
V 16424 -812200.95 -166678.37
V 16432 -812195.28 -166672.70
V 16440 -812193.20 -166664.95
V 16448 -812193.20 -166593.95
V 16456 -812195.28 -166586.20
V 16464 -812200.95 -166580.53
V 16472 -812208.70 -166578.45
V 16480 -812308.20 -166578.45
V 16488 -812308.20 -166538.45
V 16496 -812208.70 -166538.45
V 16504 -812200.95 -166536.37
V 16512 -812195.28 -166530.70
V 16520 -812193.20 -166522.95
V 16528 -812193.20 -166451.95
V 16536 -812195.28 -166444.20
V 16544 -812200.95 -166438.53
V 16552 -812208.70 -166436.45
V 16560 -812308.20 -166436.45
V 16568 -812308.20 -166396.45
V 16576 -812208.70 -166396.45
V 16584 -812200.95 -166394.37
V 16592 -812195.28 -166388.70
V 16600 -812193.20 -166380.95
V 16608 -812193.20 -166309.95
V 16616 -812195.28 -166302.20
V 16624 -812200.95 -166296.53
V 16632 -812208.70 -166294.45
V 16640 -812308.20 -166294.45
V 16648 -812308.20 -166254.45
V 16656 -812208.70 -166254.45
V 16664 -812200.95 -166252.37
V 16672 -812195.28 -166246.70
V 16680 -812193.20 -166238.95
V 16688 -812193.20 -166167.95
V 16696 -812195.28 -166160.20
V 16704 -812200.95 -166154.53
V 16712 -812208.70 -166152.45
V 16720 -812308.20 -166152.45
V 16728 -812308.20 -166112.45
V 16736 -812208.70 -166112.45
V 16744 -812200.95 -166110.37
V 16752 -812195.28 -166104.70
V 16760 -812193.20 -166096.95
V 16768 -812193.20 -166025.95
V 16776 -812195.28 -166018.20
V 16784 -812200.95 -166012.53
V 16792 -812208.70 -166010.45
V 16800 -812308.20 -166010.45
V 16808 -812308.20 -165970.45
V 16816 -812208.70 -165970.45
V 16824 -812200.95 -165968.37
V 16832 -812195.28 -165962.70
V 16840 -812193.20 -165954.95
V 16848 -812193.20 -165883.95
V 16856 -812195.28 -165876.20
V 16864 -812200.95 -165870.53
V 16872 -812208.70 -165868.45
V 16880 -812308.20 -165868.45
V 16888 -812308.20 -165828.45
V 16896 -812208.70 -165828.45
V 16904 -812200.95 -165826.37
V 16912 -812195.28 -165820.70
V 16920 -812193.20 -165812.95
V 16928 -812193.20 -165741.95
V 16936 -812195.28 -165734.20
V 16944 -812200.95 -165728.53
V 16952 -812208.70 -165726.45
V 16960 -812308.20 -165726.45
V 16968 -812308.20 -165686.45
V 16976 -812208.70 -165686.45
V 16984 -812200.95 -165684.37
V 16992 -812195.28 -165678.70
V 17000 -812193.20 -165670.95
V 17008 -812193.20 -165599.95
V 17016 -812195.28 -165592.20
V 17024 -812200.95 -165586.53
V 17032 -812208.70 -165584.45
V 17040 -812308.20 -165584.45
V 17048 -812308.20 -165544.45
V 17056 -812208.70 -165544.45
V 17064 -812200.95 -165542.37
V 17072 -812195.28 -165536.70
V 17080 -812193.20 -165528.95
V 17088 -812193.20 -165457.95
V 17096 -812195.28 -165450.20
V 17104 -812200.95 -165444.53
V 17112 -812208.70 -165442.45
V 17120 -812308.20 -165442.45
V 17128 -812308.20 -165402.45
V 17136 -812208.70 -165402.45
V 17144 -812200.95 -165400.37
V 17152 -812195.28 -165394.70
V 17160 -812193.20 -165386.95
V 17168 -812193.20 -165315.95
V 17176 -812195.28 -165308.20
V 17184 -812200.95 -165302.53
V 17192 -812208.70 -165300.45
V 17200 -812308.20 -165300.45
V 17208 -812308.20 -165260.45
V 17216 -812208.70 -165260.45
V 17224 -812200.95 -165258.37
V 17232 -812195.28 -165252.70
V 17240 -812193.20 -165244.95
V 17248 -812193.20 -165173.95
V 17256 -812195.28 -165166.20
V 17264 -812200.95 -165160.53
V 17272 -812208.70 -165158.45
V 17280 -812308.20 -165158.45
V 17288 -812308.20 -165118.45
V 17296 -812208.70 -165118.45
V 17304 -812200.95 -165116.37
V 17312 -812195.28 -165110.70
V 17320 -812193.20 -165102.95
V 17328 -812193.20 -165031.95
V 17336 -812195.28 -165024.20
V 17344 -812200.95 -165018.53
V 17352 -812208.70 -165016.45
V 17360 -812308.20 -165016.45
V 17368 -812308.20 -164976.45
V 17376 -812208.70 -164976.45
V 17384 -812200.95 -164974.37
V 17392 -812195.28 -164968.70
V 17400 -812193.20 -164960.95
V 17408 -812193.20 -164889.95
V 17416 -812195.28 -164882.20
V 17424 -812200.95 -164876.53
V 17432 -812208.70 -164874.45
V 17440 -812308.20 -164874.45
V 17448 -812308.20 -164834.45
V 17456 -812208.70 -164834.45
V 17464 -812200.95 -164832.37
V 17472 -812195.28 -164826.70
V 17480 -812193.20 -164818.95
V 17488 -812193.20 -164747.95
V 17496 -812195.28 -164740.20
V 17504 -812200.95 -164734.53
V 17512 -812208.70 -164732.45
V 17520 -812308.20 -164732.45
V 17528 -812308.20 -164692.45
V 17536 -812208.70 -164692.45
V 17544 -812200.95 -164690.37
V 17552 -812195.28 -164684.70
V 17560 -812193.20 -164676.95
V 17568 -812193.20 -164605.95
V 17576 -812195.28 -164598.20
V 17584 -812200.95 -164592.53
V 17592 -812208.70 -164590.45
V 17600 -812308.20 -164590.45
V 17608 -812308.20 -164550.45
V 17616 -812208.70 -164550.45
V 17624 -812200.95 -164548.37
V 17632 -812195.28 -164542.70
V 17640 -812193.20 -164534.95
V 17648 -812193.20 -164463.95
V 17656 -812195.28 -164456.20
V 17664 -812200.95 -164450.53
V 17672 -812208.70 -164448.45
V 17680 -812308.20 -164448.45
V 17688 -812308.20 -164408.45
V 17696 -812208.70 -164408.45
V 17704 -812200.95 -164406.37
V 17712 -812195.28 -164400.70
V 17720 -812193.20 -164392.95
V 17728 -812193.20 -164321.95
V 17736 -812195.28 -164314.20
V 17744 -812200.95 -164308.53
V 17752 -812208.70 -164306.45
V 17760 -812308.20 -164306.45
V 17768 -812308.20 -164266.45
V 17776 -812208.70 -164266.45
V 17784 -812200.95 -164264.37
V 17792 -812195.28 -164258.70
V 17800 -812193.20 -164250.95
V 17808 -812193.20 -164179.95
V 17816 -812195.28 -164172.20
V 17824 -812200.95 -164166.53
V 17832 -812208.70 -164164.45
V 17840 -812308.20 -164164.45
V 17848 -812308.20 -164124.45
V 17856 -812208.70 -164124.45
V 17864 -812200.95 -164122.37
V 17872 -812195.28 -164116.70
V 17880 -812193.20 -164108.95
V 17888 -812193.20 -164037.95
V 17896 -812195.28 -164030.20
V 17904 -812200.95 -164024.53
V 17912 -812208.70 -164022.45
V 17920 -812308.20 -164022.45
V 17928 -812308.20 -163982.45
V 17936 -812208.70 -163982.45
V 17944 -812200.95 -163980.37
V 17952 -812195.28 -163974.70
V 17960 -812193.20 -163966.95
V 17968 -812193.20 -163895.95
