V 0 -442268.60 -156157.95
V 8 -442268.60 -156231.53
V 16 -442458.28 -156313.94
V 24 -442681.34 -156410.85
V 32 -442904.39 -156507.75
V 40 -443127.49 -156604.71
V 48 -443127.75 -156604.83
V 56 -443127.78 -156604.84
V 64 -443349.82 -156701.09
V 72 -443350.33 -156701.31
V 80 -443350.47 -156701.38
V 88 -443577.62 -156801.92
V 96 -443874.47 -156911.63
V 104 -443874.49 -156911.64
V 112 -443874.52 -156911.65
V 120 -443875.03 -156911.85
V 128 -443875.54 -156912.07
V 136 -443876.04 -156912.31
V 144 -443876.53 -156912.57
V 152 -443876.59 -156912.61
V 160 -443876.69 -156912.65
V 168 -444007.94 -156986.34
V 176 -444244.15 -157087.55
V 184 -444467.40 -157183.18
V 192 -444690.63 -157278.82
V 200 -444914.03 -157374.56
V 208 -444914.26 -157374.67
V 216 -445135.69 -157469.32
V 224 -445135.93 -157469.42
V 232 -445370.69 -157571.76
V 240 -445666.69 -157681.08
V 248 -445666.72 -157681.09
V 256 -445666.74 -157681.10
V 264 -445667.25 -157681.30
V 272 -445667.76 -157681.52
V 280 -445668.09 -157681.68
V 288 -445668.14 -157681.70
V 296 -445812.95 -157752.63
V 304 -446073.82 -157841.90
V 312 -446074.03 -157841.98
V 320 -446299.57 -157919.19
V 328 -446299.73 -157919.24
V 336 -446300.07 -157919.36
V 344 -446525.63 -157996.56
V 352 -446525.79 -157996.61
V 360 -446525.92 -157996.65
V 368 -446751.95 -158074.00
V 376 -446752.16 -158074.08
V 384 -446977.70 -158151.29
V 392 -446977.86 -158151.34
V 400 -446978.20 -158151.46
V 408 -447203.77 -158228.66
V 416 -447203.93 -158228.71
V 424 -447204.27 -158228.83
V 432 -447429.73 -158305.99
V 440 -447429.89 -158306.04
V 448 -447430.23 -158306.16
V 456 -447656.24 -158383.57
V 464 -447656.40 -158383.62
V 472 -447656.54 -158383.67
V 480 -447878.80 -158459.46
V 488 -447878.87 -158459.48
V 496 -447879.17 -158459.59
V 504 -448131.62 -158548.28
V 512 -448447.53 -158636.17
V 520 -448447.56 -158636.18
V 528 -448448.10 -158636.33
V 536 -448448.62 -158636.49
V 544 -448622.39 -158695.30
V 552 -448913.48 -158757.40
V 560 -448913.68 -158757.44
V 568 -449144.19 -158806.62
V 576 -449144.39 -158806.66
V 584 -449374.84 -158855.83
V 592 -449375.04 -158855.87
V 600 -449605.49 -158905.03
V 608 -449605.69 -158905.07
V 616 -449836.15 -158954.25
V 624 -449836.35 -158954.29
V 632 -450066.81 -159003.46
V 640 -450067.01 -159003.50
V 648 -450297.42 -159052.65
V 656 -450297.45 -159052.66
V 664 -450297.47 -159052.66
V 672 -450297.49 -159052.67
V 680 -450528.66 -159102.02
V 688 -450528.83 -159102.06
V 696 -450755.70 -159150.28
V 704 -450755.88 -159150.31
V 712 -450756.13 -159150.37
V 720 -451008.14 -159205.46
V 728 -451273.25 -159253.43
V 736 -451518.53 -159295.35
V 744 -451720.71 -159328.34
V 752 -451721.40 -159328.47
V 760 -451721.46 -159328.48
V 768 -451721.54 -159328.50
V 776 -451988.67 -159384.75
V 784 -452342.43 -159426.20
V 792 -452342.57 -159426.21
V 800 -452343.12 -159426.28
V 808 -452343.38 -159426.32
V 816 -467187.46 -161946.88
V 824 -471503.25 -162679.70
V 832 -471542.46 -162686.36
V 840 -476461.40 -163521.61
V 848 -478316.22 -163836.56
V 856 -478316.32 -163836.57
V 864 -478319.69 -163837.15
V 872 -478319.78 -163837.17
V 880 -481101.34 -164309.48
V 888 -481357.98 -164353.06
V 896 -482207.28 -164497.27
V 904 -484963.09 -164965.22
V 912 -485156.12 -164997.99
V 920 -492953.23 -166321.96
V 928 -492953.27 -166321.96
V 936 -492954.23 -166322.12
V 944 -492954.27 -166322.13
V 952 -497122.10 -167029.84
V 960 -498527.51 -167268.48
V 968 -498527.65 -167268.51
V 976 -498527.67 -167268.51
V 984 -498528.00 -167268.57
V 992 -512472.00 -169636.28
V 1000 -512472.07 -169636.29
V 1008 -512476.27 -169637.01
V 1016 -512476.34 -169637.03
V 1024 -521526.80 -171173.81
V 1032 -526172.10 -171962.59
V 1040 -526172.20 -171962.60
V 1048 -526173.42 -171962.81
V 1056 -526173.51 -171962.83
V 1064 -531515.21 -172869.87
V 1072 -531515.25 -172869.87
V 1080 -531515.79 -172869.96
V 1088 -531515.83 -172869.97
V 1096 -549853.79 -175983.79
V 1104 -549860.40 -175986.60
V 1112 -549865.04 -175992.08
V 1120 -549866.70 -175999.07
V 1128 -549866.70 -176163.45
V 1136 -549893.81 -176163.45
V 1144 -549901.56 -176165.53
V 1152 -549907.23 -176171.20
V 1160 -549909.31 -176178.95
V 1168 -549909.31 -176249.95
V 1176 -549907.23 -176257.70
V 1184 -549901.56 -176263.37
V 1192 -549893.81 -176265.45
V 1200 -549809.20 -176265.45
V 1208 -549809.20 -176305.45
V 1216 -549908.70 -176305.45
V 1224 -549916.45 -176307.53
V 1232 -549922.12 -176313.20
V 1240 -549924.20 -176320.95
V 1248 -549924.20 -176391.95
V 1256 -549922.12 -176399.70
V 1264 -549916.45 -176405.37
V 1272 -549908.70 -176407.45
V 1280 -549809.20 -176407.45
V 1288 -549809.20 -176447.45
V 1296 -549908.70 -176447.45
V 1304 -549916.45 -176449.53
V 1312 -549922.12 -176455.20
V 1320 -549924.20 -176462.95
V 1328 -549924.20 -176533.95
V 1336 -549922.12 -176541.70
V 1344 -549916.45 -176547.37
V 1352 -549908.70 -176549.45
V 1360 -549809.20 -176549.45
V 1368 -549809.20 -176589.45
V 1376 -549908.70 -176589.45
V 1384 -549916.45 -176591.53
V 1392 -549922.12 -176597.20
V 1400 -549924.20 -176604.95
V 1408 -549924.20 -176675.95
V 1416 -549922.12 -176683.70
V 1424 -549916.45 -176689.37
V 1432 -549908.70 -176691.45
V 1440 -549809.20 -176691.45
V 1448 -549809.20 -176731.45
V 1456 -549908.70 -176731.45
V 1464 -549916.45 -176733.53
V 1472 -549922.12 -176739.20
V 1480 -549924.20 -176746.95
V 1488 -549924.20 -176817.95
V 1496 -549922.12 -176825.70
V 1504 -549916.45 -176831.37
V 1512 -549908.70 -176833.45
V 1520 -549809.20 -176833.45
V 1528 -549809.20 -176873.45
V 1536 -549908.70 -176873.45
V 1544 -549916.45 -176875.53
V 1552 -549922.12 -176881.20
V 1560 -549924.20 -176888.95
V 1568 -549924.20 -176959.95
V 1576 -549922.12 -176967.70
V 1584 -549916.45 -176973.37
V 1592 -549908.70 -176975.45
V 1600 -549809.20 -176975.45
V 1608 -549809.20 -177015.45
V 1616 -549908.70 -177015.45
V 1624 -549916.45 -177017.53
V 1632 -549922.12 -177023.20
V 1640 -549924.20 -177030.95
V 1648 -549924.20 -177101.95
V 1656 -549922.12 -177109.70
V 1664 -549916.45 -177115.37
V 1672 -549908.70 -177117.45
V 1680 -549809.20 -177117.45
V 1688 -549809.20 -177157.45
V 1696 -549908.70 -177157.45
V 1704 -549916.45 -177159.53
V 1712 -549922.12 -177165.20
V 1720 -549924.20 -177172.95
V 1728 -549924.20 -177243.95
V 1736 -549922.12 -177251.70
V 1744 -549916.45 -177257.37
V 1752 -549908.70 -177259.45
V 1760 -549809.20 -177259.45
V 1768 -549809.20 -177299.45
V 1776 -549908.70 -177299.45
V 1784 -549916.45 -177301.53
V 1792 -549922.12 -177307.20
V 1800 -549924.20 -177314.95
V 1808 -549924.20 -177385.95
V 1816 -549922.12 -177393.70
V 1824 -549916.45 -177399.37
V 1832 -549908.70 -177401.45
V 1840 -549809.20 -177401.45
V 1848 -549809.20 -177441.45
V 1856 -549908.70 -177441.45
V 1864 -549916.45 -177443.53
V 1872 -549922.12 -177449.20
V 1880 -549924.20 -177456.95
V 1888 -549924.20 -177527.95
V 1896 -549922.12 -177535.70
V 1904 -549916.45 -177541.37
V 1912 -549908.70 -177543.45
V 1920 -549809.20 -177543.45
V 1928 -549809.20 -177583.45
V 1936 -549908.70 -177583.45
V 1944 -549916.45 -177585.53
V 1952 -549922.12 -177591.20
V 1960 -549924.20 -177598.95
V 1968 -549924.20 -177669.95
V 1976 -549922.12 -177677.70
V 1984 -549916.45 -177683.37
V 1992 -549908.70 -177685.45
V 2000 -549809.20 -177685.45
V 2008 -549809.20 -177725.45
V 2016 -549908.70 -177725.45
V 2024 -549916.45 -177727.53
V 2032 -549922.12 -177733.20
V 2040 -549924.20 -177740.95
V 2048 -549924.20 -177811.95
V 2056 -549922.12 -177819.70
V 2064 -549916.45 -177825.37
V 2072 -549908.70 -177827.45
V 2080 -549809.20 -177827.45
V 2088 -549809.20 -177867.45
V 2096 -549908.70 -177867.45
V 2104 -549916.45 -177869.53
V 2112 -549922.12 -177875.20
V 2120 -549924.20 -177882.95
V 2128 -549924.20 -177953.95
V 2136 -549922.12 -177961.70
V 2144 -549916.45 -177967.37
V 2152 -549908.70 -177969.45
V 2160 -549809.20 -177969.45
V 2168 -549809.20 -178009.45
V 2176 -549908.70 -178009.45
V 2184 -549916.45 -178011.53
V 2192 -549922.12 -178017.20
V 2200 -549924.20 -178024.95
V 2208 -549924.20 -178095.95
V 2216 -549922.12 -178103.70
V 2224 -549916.45 -178109.37
V 2232 -549908.70 -178111.45
V 2240 -549809.20 -178111.45
V 2248 -549809.20 -178151.45
V 2256 -549908.70 -178151.45
V 2264 -549916.45 -178153.53
V 2272 -549922.12 -178159.20
V 2280 -549924.20 -178166.95
V 2288 -549924.20 -178237.95
V 2296 -549922.12 -178245.70
V 2304 -549916.45 -178251.37
V 2312 -549908.70 -178253.45
V 2320 -549809.20 -178253.45
V 2328 -549809.20 -178293.45
V 2336 -549908.70 -178293.45
V 2344 -549916.45 -178295.53
V 2352 -549922.12 -178301.20
V 2360 -549924.20 -178308.95
V 2368 -549924.20 -178379.95
V 2376 -549922.12 -178387.70
V 2384 -549916.45 -178393.37
V 2392 -549908.70 -178395.45
V 2400 -549866.70 -178395.45
V 2408 -549866.70 -178404.45
V 2416 -549835.70 -178404.45
V 2424 -549835.70 -178379.95
V 2432 -549835.74 -178378.84
V 2440 -549835.86 -178377.74
V 2448 -549836.05 -178376.66
V 2456 -549836.33 -178375.58
V 2464 -549836.68 -178374.53
V 2472 -549837.10 -178373.51
V 2480 -549837.60 -178372.52
V 2488 -549838.16 -178371.57
V 2496 -549838.79 -178370.66
V 2504 -549839.49 -178369.80
V 2512 -549840.24 -178368.99
V 2520 -549841.05 -178368.24
V 2528 -549841.91 -178367.54
V 2536 -549842.82 -178366.91
V 2544 -549843.77 -178366.35
V 2552 -549844.76 -178365.85
V 2560 -549845.78 -178365.43
V 2568 -549846.83 -178365.08
V 2576 -549847.91 -178364.80
V 2584 -549848.99 -178364.61
V 2592 -549850.09 -178364.49
V 2600 -549851.20 -178364.45
V 2608 -549893.20 -178364.45
V 2616 -549893.20 -178324.45
V 2624 -549793.70 -178324.45
V 2632 -549785.95 -178322.37
V 2640 -549780.28 -178316.70
V 2648 -549778.20 -178308.95
V 2656 -549778.20 -178237.95
V 2664 -549780.28 -178230.20
V 2672 -549785.95 -178224.53
V 2680 -549793.70 -178222.45
V 2688 -549893.20 -178222.45
V 2696 -549893.20 -178182.45
V 2704 -549793.70 -178182.45
V 2712 -549785.95 -178180.37
V 2720 -549780.28 -178174.70
V 2728 -549778.20 -178166.95
V 2736 -549778.20 -178095.95
V 2744 -549780.28 -178088.20
V 2752 -549785.95 -178082.53
V 2760 -549793.70 -178080.45
V 2768 -549893.20 -178080.45
V 2776 -549893.20 -178040.45
V 2784 -549793.70 -178040.45
V 2792 -549785.95 -178038.37
V 2800 -549780.28 -178032.70
V 2808 -549778.20 -178024.95
V 2816 -549778.20 -177953.95
V 2824 -549780.28 -177946.20
V 2832 -549785.95 -177940.53
V 2840 -549793.70 -177938.45
V 2848 -549893.20 -177938.45
V 2856 -549893.20 -177898.45
V 2864 -549793.70 -177898.45
V 2872 -549785.95 -177896.37
V 2880 -549780.28 -177890.70
V 2888 -549778.20 -177882.95
V 2896 -549778.20 -177811.95
V 2904 -549780.28 -177804.20
V 2912 -549785.95 -177798.53
V 2920 -549793.70 -177796.45
V 2928 -549893.20 -177796.45
V 2936 -549893.20 -177756.45
V 2944 -549793.70 -177756.45
V 2952 -549785.95 -177754.37
V 2960 -549780.28 -177748.70
V 2968 -549778.20 -177740.95
V 2976 -549778.20 -177669.95
V 2984 -549780.28 -177662.20
V 2992 -549785.95 -177656.53
V 3000 -549793.70 -177654.45
V 3008 -549893.20 -177654.45
V 3016 -549893.20 -177614.45
V 3024 -549793.70 -177614.45
V 3032 -549785.95 -177612.37
V 3040 -549780.28 -177606.70
V 3048 -549778.20 -177598.95
V 3056 -549778.20 -177527.95
V 3064 -549780.28 -177520.20
V 3072 -549785.95 -177514.53
V 3080 -549793.70 -177512.45
V 3088 -549893.20 -177512.45
V 3096 -549893.20 -177472.45
V 3104 -549793.70 -177472.45
V 3112 -549785.95 -177470.37
V 3120 -549780.28 -177464.70
V 3128 -549778.20 -177456.95
V 3136 -549778.20 -177385.95
V 3144 -549780.28 -177378.20
V 3152 -549785.95 -177372.53
V 3160 -549793.70 -177370.45
V 3168 -549893.20 -177370.45
V 3176 -549893.20 -177330.45
V 3184 -549793.70 -177330.45
V 3192 -549785.95 -177328.37
V 3200 -549780.28 -177322.70
V 3208 -549778.20 -177314.95
V 3216 -549778.20 -177243.95
V 3224 -549780.28 -177236.20
V 3232 -549785.95 -177230.53
V 3240 -549793.70 -177228.45
V 3248 -549893.20 -177228.45
V 3256 -549893.20 -177188.45
V 3264 -549793.70 -177188.45
V 3272 -549785.95 -177186.37
V 3280 -549780.28 -177180.70
V 3288 -549778.20 -177172.95
V 3296 -549778.20 -177101.95
V 3304 -549780.28 -177094.20
V 3312 -549785.95 -177088.53
V 3320 -549793.70 -177086.45
V 3328 -549893.20 -177086.45
V 3336 -549893.20 -177046.45
V 3344 -549793.70 -177046.45
V 3352 -549785.95 -177044.37
V 3360 -549780.28 -177038.70
V 3368 -549778.20 -177030.95
V 3376 -549778.20 -176959.95
V 3384 -549780.28 -176952.20
V 3392 -549785.95 -176946.53
V 3400 -549793.70 -176944.45
V 3408 -549893.20 -176944.45
V 3416 -549893.20 -176904.45
V 3424 -549793.70 -176904.45
V 3432 -549785.95 -176902.37
V 3440 -549780.28 -176896.70
V 3448 -549778.20 -176888.95
V 3456 -549778.20 -176817.95
V 3464 -549780.28 -176810.20
V 3472 -549785.95 -176804.53
V 3480 -549793.70 -176802.45
V 3488 -549893.20 -176802.45
V 3496 -549893.20 -176762.45
V 3504 -549793.70 -176762.45
V 3512 -549785.95 -176760.37
V 3520 -549780.28 -176754.70
V 3528 -549778.20 -176746.95
V 3536 -549778.20 -176675.95
V 3544 -549780.28 -176668.20
V 3552 -549785.95 -176662.53
V 3560 -549793.70 -176660.45
V 3568 -549893.20 -176660.45
V 3576 -549893.20 -176620.45
V 3584 -549793.70 -176620.45
V 3592 -549785.95 -176618.37
V 3600 -549780.28 -176612.70
V 3608 -549778.20 -176604.95
V 3616 -549778.20 -176533.95
V 3624 -549780.28 -176526.20
V 3632 -549785.95 -176520.53
V 3640 -549793.70 -176518.45
V 3648 -549893.20 -176518.45
V 3656 -549893.20 -176478.45
V 3664 -549793.70 -176478.45
V 3672 -549785.95 -176476.37
V 3680 -549780.28 -176470.70
V 3688 -549778.20 -176462.95
V 3696 -549778.20 -176391.95
V 3704 -549780.28 -176384.20
V 3712 -549785.95 -176378.53
V 3720 -549793.70 -176376.45
V 3728 -549893.20 -176376.45
V 3736 -549893.20 -176336.45
V 3744 -549793.70 -176336.45
V 3752 -549785.95 -176334.37
V 3760 -549780.28 -176328.70
V 3768 -549778.20 -176320.95
V 3776 -549778.20 -176249.95
V 3784 -549780.28 -176242.20
V 3792 -549785.95 -176236.53
V 3800 -549793.70 -176234.45
V 3808 -549878.31 -176234.45
V 3816 -549878.31 -176194.45
V 3824 -549851.20 -176194.45
V 3832 -549843.45 -176192.37
V 3840 -549837.78 -176186.70
V 3848 -549835.70 -176178.95
V 3856 -549835.70 -176012.16
V 3864 -531510.73 -172900.54
V 3872 -531510.69 -172900.54
V 3880 -531510.15 -172900.45
V 3888 -531510.11 -172900.44
V 3896 -526168.26 -171993.38
V 3904 -526168.16 -171993.37
V 3912 -526166.94 -171993.16
V 3920 -526166.85 -171993.14
V 3928 -521521.62 -171204.37
V 3936 -512471.10 -169667.58
V 3944 -512471.03 -169667.57
V 3952 -512466.83 -169666.85
V 3960 -512466.76 -169666.83
V 3968 -498522.82 -167299.13
V 3976 -498522.68 -167299.10
V 3984 -498522.66 -167299.10
V 3992 -498522.33 -167299.04
V 4000 -497116.92 -167060.40
V 4008 -492949.17 -166352.70
V 4016 -492949.13 -166352.70
V 4024 -492948.17 -166352.54
V 4032 -492948.13 -166352.53
V 4040 -485150.94 -165028.55
V 4048 -484957.91 -164995.78
V 4056 -482202.10 -164527.83
V 4064 -481352.80 -164383.62
V 4072 -481096.16 -164340.04
V 4080 -478314.53 -163867.72
V 4088 -478314.43 -163867.71
V 4096 -478311.06 -163867.13
V 4104 -478310.97 -163867.11
V 4112 -471537.26 -162716.92
V 4120 -471498.05 -162710.26
V 4128 -467182.28 -161977.44
V 4136 -452338.65 -159456.96
V 4144 -451984.57 -159415.47
V 4152 -451984.43 -159415.46
V 4160 -451983.88 -159415.39
V 4168 -451983.34 -159415.30
V 4176 -451982.84 -159415.21
V 4184 -451982.76 -159415.19
V 4192 -451715.39 -159358.89
V 4200 -451513.53 -159325.95
V 4208 -451513.42 -159325.93
V 4216 -451268.03 -159283.99
V 4224 -451267.88 -159283.96
V 4232 -451002.35 -159235.91
V 4240 -451002.22 -159235.88
V 4248 -451001.82 -159235.81
V 4256 -451001.57 -159235.75
V 4264 -450749.47 -159180.64
V 4272 -450749.30 -159180.61
V 4280 -450749.13 -159180.57
V 4288 -450522.26 -159132.35
V 4296 -450522.13 -159132.33
V 4304 -450522.10 -159132.32
V 4312 -450522.08 -159132.32
V 4320 -450522.06 -159132.31
V 4328 -450290.89 -159082.96
V 4336 -450290.79 -159082.94
V 4344 -450060.43 -159033.80
V 4352 -450060.23 -159033.76
V 4360 -449829.77 -158984.59
V 4368 -449829.57 -158984.55
V 4376 -449599.11 -158935.37
V 4384 -449598.91 -158935.33
V 4392 -449368.46 -158886.17
V 4400 -449368.26 -158886.13
V 4408 -449137.81 -158836.96
V 4416 -449137.61 -158836.92
V 4424 -448907.10 -158787.74
V 4432 -448906.90 -158787.70
V 4440 -448615.10 -158725.44
V 4448 -448615.00 -158725.42
V 4456 -448614.46 -158725.29
V 4464 -448613.92 -158725.14
V 4472 -448613.40 -158724.98
V 4480 -448439.12 -158666.00
V 4488 -448123.15 -158578.10
V 4496 -448123.12 -158578.09
V 4504 -448122.58 -158577.94
V 4512 -448122.06 -158577.78
V 4520 -448121.76 -158577.67
V 4528 -447869.14 -158488.92
V 4536 -447869.09 -158488.90
V 4544 -447868.95 -158488.85
V 4552 -447646.69 -158413.06
V 4560 -447646.62 -158413.04
V 4568 -447646.28 -158412.92
V 4576 -447420.27 -158335.51
V 4584 -447420.11 -158335.46
V 4592 -447419.77 -158335.34
V 4600 -447194.31 -158258.18
V 4608 -447194.15 -158258.13
V 4616 -447193.81 -158258.01
V 4624 -446968.24 -158180.81
V 4632 -446968.08 -158180.76
V 4640 -446967.74 -158180.64
V 4648 -446742.20 -158103.43
V 4656 -446742.04 -158103.38
V 4664 -446741.91 -158103.34
V 4672 -446515.88 -158025.99
V 4680 -446515.67 -158025.91
V 4688 -446290.11 -157948.71
V 4696 -446289.95 -157948.66
V 4704 -446289.61 -157948.54
V 4712 -446064.07 -157871.33
V 4720 -446063.91 -157871.28
V 4728 -446063.78 -157871.24
V 4736 -445802.02 -157781.66
V 4744 -445801.91 -157781.61
V 4752 -445801.62 -157781.51
V 4760 -445801.11 -157781.31
V 4768 -445800.60 -157781.09
V 4776 -445800.22 -157780.91
V 4784 -445655.20 -157709.88
V 4792 -445359.54 -157600.69
V 4800 -445358.98 -157600.47
V 4808 -445358.72 -157600.36
V 4816 -445123.62 -157497.87
V 4824 -445123.47 -157497.80
V 4832 -444902.04 -157403.15
V 4840 -444901.99 -157403.13
V 4848 -444901.83 -157403.06
V 4856 -444901.81 -157403.06
V 4864 -444678.41 -157307.32
V 4872 -444455.20 -157211.68
V 4880 -444231.95 -157116.05
V 4888 -443994.94 -157014.50
V 4896 -443994.88 -157014.47
V 4904 -443994.60 -157014.35
V 4912 -443994.10 -157014.11
V 4920 -443993.59 -157013.84
V 4928 -443993.45 -157013.77
V 4936 -443862.55 -156940.27
V 4944 -443566.49 -156830.86
V 4952 -443566.44 -156830.84
V 4960 -443565.93 -156830.64
V 4968 -443565.42 -156830.42
V 4976 -443565.28 -156830.35
V 4984 -443337.92 -156729.71
V 4992 -443337.45 -156729.51
V 5000 -443337.42 -156729.50
V 5008 -443115.38 -156633.25
V 5016 -443115.15 -156633.15
V 5024 -443115.13 -156633.15
V 5032 -442892.03 -156536.19
V 5040 -442668.98 -156439.29
V 5048 -442445.92 -156342.38
V 5056 -442246.92 -156255.92
V 5064 -442242.01 -156252.54
V 5072 -442238.74 -156247.55
V 5080 -442237.60 -156241.70
V 5088 -442237.60 -156157.95
