V 0 1085836.69 32496.64
V 8 1085832.26 32534.68
V 16 1085832.25 32534.78
V 24 1085832.21 32534.99
V 32 1085825.39 32559.86
V 40 1085824.77 32566.76
V 48 1085824.53 32567.45
V 56 1085823.99 32567.94
V 64 1085823.28 32568.12
V 72 1085735.66 32568.12
V 80 1085735.66 32565.12
V 88 1085821.91 32565.12
V 96 1085822.42 32559.52
V 104 1085822.42 32559.46
V 112 1085822.43 32559.36
V 120 1085822.46 32559.25
V 128 1085822.47 32559.15
V 136 1085829.28 32534.30
V 144 1085833.86 32494.97
V 152 1085834.11 32494.29
V 160 1085834.65 32493.81
V 168 1085835.35 32493.64
V 176 1085839.86 32493.64
V 184 1085839.86 32496.64
