V 0 1085836.67 46426.05
V 8 1085831.49 46464.84
V 16 1085831.48 46464.87
V 24 1085826.35 46509.03
V 32 1085826.34 46509.13
V 40 1085826.30 46509.34
V 48 1085825.42 46512.52
V 56 1085825.12 46513.09
V 64 1085824.60 46513.48
V 72 1085823.97 46513.62
V 80 1085735.66 46513.62
V 88 1085735.66 46510.62
V 96 1085822.82 46510.62
V 104 1085823.37 46508.65
V 112 1085828.50 46464.55
V 120 1085828.51 46464.44
V 128 1085833.86 46424.35
V 136 1085834.12 46423.69
V 144 1085834.66 46423.22
V 152 1085835.35 46423.05
V 160 1085839.86 46423.05
V 168 1085839.86 46426.05
