V 0 -543216.00 -157719.35
V 8 -543216.00 -157730.78
V 16 -544531.44 -157954.15
V 24 -544549.87 -157957.27
V 32 -544659.03 -157975.81
V 40 -547583.53 -158472.40
V 48 -552853.87 -159367.31
V 56 -554552.72 -159655.78
V 64 -554553.10 -159655.85
V 72 -555017.19 -159734.65
V 80 -557224.29 -160109.42
V 88 -557886.81 -160221.92
V 96 -559730.74 -160535.02
V 104 -564972.64 -161425.11
V 112 -565239.06 -161470.35
V 120 -565239.10 -161470.35
V 128 -565239.22 -161470.37
V 136 -565239.26 -161470.38
V 144 -566167.68 -161628.03
V 152 -567297.04 -161819.79
V 160 -568470.38 -162019.03
V 168 -572319.23 -162672.57
V 176 -576359.05 -163358.54
V 184 -583358.61 -164547.09
V 192 -583360.75 -164547.44
V 200 -583360.82 -164547.45
V 208 -583822.66 -164625.88
V 216 -584287.25 -164704.77
V 224 -585681.70 -164941.55
V 232 -585681.72 -164941.55
V 240 -585681.92 -164941.58
V 248 -586374.97 -165059.27
V 256 -587769.87 -165296.12
V 264 -587770.09 -165296.16
V 272 -587770.29 -165296.20
V 280 -615263.79 -169964.65
V 288 -615270.40 -169967.46
V 296 -615275.04 -169972.94
V 304 -615276.70 -169979.93
V 312 -615276.70 -170057.45
V 320 -615286.07 -170057.45
V 328 -615287.18 -170057.49
V 336 -615288.28 -170057.61
V 344 -615289.36 -170057.80
V 352 -615290.44 -170058.08
V 360 -615291.49 -170058.43
V 368 -615292.51 -170058.85
V 376 -615293.50 -170059.35
V 384 -615294.45 -170059.91
V 392 -615295.36 -170060.54
V 400 -615296.22 -170061.24
V 408 -615297.03 -170061.99
V 416 -615297.78 -170062.80
V 424 -615298.48 -170063.66
V 432 -615299.11 -170064.57
V 440 -615299.67 -170065.52
V 448 -615300.17 -170066.51
V 456 -615300.59 -170067.53
V 464 -615300.94 -170068.58
V 472 -615301.22 -170069.66
V 480 -615301.41 -170070.74
V 488 -615301.53 -170071.84
V 496 -615301.57 -170072.95
V 504 -615301.57 -170143.95
V 512 -615299.49 -170151.70
V 520 -615293.82 -170157.37
V 528 -615286.07 -170159.45
V 536 -615219.20 -170159.45
V 544 -615219.20 -170199.45
V 552 -615318.70 -170199.45
V 560 -615326.45 -170201.53
V 568 -615332.12 -170207.20
V 576 -615334.20 -170214.95
V 584 -615334.20 -170285.95
V 592 -615332.12 -170293.70
V 600 -615326.45 -170299.37
V 608 -615318.70 -170301.45
V 616 -615219.20 -170301.45
V 624 -615219.20 -170341.45
V 632 -615318.70 -170341.45
V 640 -615326.45 -170343.53
V 648 -615332.12 -170349.20
V 656 -615334.20 -170356.95
V 664 -615334.20 -170427.95
V 672 -615332.12 -170435.70
V 680 -615326.45 -170441.37
V 688 -615318.70 -170443.45
V 696 -615219.20 -170443.45
V 704 -615219.20 -170483.45
V 712 -615318.70 -170483.45
V 720 -615326.45 -170485.53
V 728 -615332.12 -170491.20
V 736 -615334.20 -170498.95
V 744 -615334.20 -170569.95
V 752 -615332.12 -170577.70
V 760 -615326.45 -170583.37
V 768 -615318.70 -170585.45
V 776 -615219.20 -170585.45
V 784 -615219.20 -170625.45
V 792 -615318.70 -170625.45
V 800 -615326.45 -170627.53
V 808 -615332.12 -170633.20
V 816 -615334.20 -170640.95
V 824 -615334.20 -170711.95
V 832 -615332.12 -170719.70
V 840 -615326.45 -170725.37
V 848 -615318.70 -170727.45
V 856 -615219.20 -170727.45
V 864 -615219.20 -170767.45
V 872 -615318.70 -170767.45
V 880 -615326.45 -170769.53
V 888 -615332.12 -170775.20
V 896 -615334.20 -170782.95
V 904 -615334.20 -170853.95
V 912 -615332.12 -170861.70
V 920 -615326.45 -170867.37
V 928 -615318.70 -170869.45
V 936 -615219.20 -170869.45
V 944 -615219.20 -170909.45
V 952 -615318.70 -170909.45
V 960 -615326.45 -170911.53
V 968 -615332.12 -170917.20
V 976 -615334.20 -170924.95
V 984 -615334.20 -170995.95
V 992 -615332.12 -171003.70
V 1000 -615326.45 -171009.37
V 1008 -615318.70 -171011.45
V 1016 -615219.20 -171011.45
V 1024 -615219.20 -171051.45
V 1032 -615318.70 -171051.45
V 1040 -615326.45 -171053.53
V 1048 -615332.12 -171059.20
V 1056 -615334.20 -171066.95
V 1064 -615334.20 -171137.95
V 1072 -615332.12 -171145.70
V 1080 -615326.45 -171151.37
V 1088 -615318.70 -171153.45
V 1096 -615219.20 -171153.45
V 1104 -615219.20 -171193.45
V 1112 -615318.70 -171193.45
V 1120 -615326.45 -171195.53
V 1128 -615332.12 -171201.20
V 1136 -615334.20 -171208.95
V 1144 -615334.20 -171279.95
V 1152 -615332.12 -171287.70
V 1160 -615326.45 -171293.37
V 1168 -615318.70 -171295.45
V 1176 -615219.20 -171295.45
V 1184 -615219.20 -171335.45
V 1192 -615318.70 -171335.45
V 1200 -615326.45 -171337.53
V 1208 -615332.12 -171343.20
V 1216 -615334.20 -171350.95
V 1224 -615334.20 -171421.95
V 1232 -615332.12 -171429.70
V 1240 -615326.45 -171435.37
V 1248 -615318.70 -171437.45
V 1256 -615219.20 -171437.45
V 1264 -615219.20 -171477.45
V 1272 -615318.70 -171477.45
V 1280 -615326.45 -171479.53
V 1288 -615332.12 -171485.20
V 1296 -615334.20 -171492.95
V 1304 -615334.20 -171563.95
V 1312 -615332.12 -171571.70
V 1320 -615326.45 -171577.37
V 1328 -615318.70 -171579.45
V 1336 -615219.20 -171579.45
V 1344 -615219.20 -171619.45
V 1352 -615318.70 -171619.45
V 1360 -615326.45 -171621.53
V 1368 -615332.12 -171627.20
V 1376 -615334.20 -171634.95
V 1384 -615334.20 -171705.95
V 1392 -615332.12 -171713.70
V 1400 -615326.45 -171719.37
V 1408 -615318.70 -171721.45
V 1416 -615219.20 -171721.45
V 1424 -615219.20 -171761.45
V 1432 -615318.70 -171761.45
V 1440 -615326.45 -171763.53
V 1448 -615332.12 -171769.20
V 1456 -615334.20 -171776.95
V 1464 -615334.20 -171847.95
V 1472 -615332.12 -171855.70
V 1480 -615326.45 -171861.37
V 1488 -615318.70 -171863.45
V 1496 -615219.20 -171863.45
V 1504 -615219.20 -171903.45
V 1512 -615318.70 -171903.45
V 1520 -615326.45 -171905.53
V 1528 -615332.12 -171911.20
V 1536 -615334.20 -171918.95
V 1544 -615334.20 -171989.95
V 1552 -615332.12 -171997.70
V 1560 -615326.45 -172003.37
V 1568 -615318.70 -172005.45
V 1576 -615219.20 -172005.45
V 1584 -615219.20 -172045.45
V 1592 -615318.70 -172045.45
V 1600 -615326.45 -172047.53
V 1608 -615332.12 -172053.20
V 1616 -615334.20 -172060.95
V 1624 -615334.20 -172131.95
V 1632 -615332.12 -172139.70
V 1640 -615326.45 -172145.37
V 1648 -615318.70 -172147.45
V 1656 -615219.20 -172147.45
V 1664 -615219.20 -172187.45
V 1672 -615318.70 -172187.45
V 1680 -615326.45 -172189.53
V 1688 -615332.12 -172195.20
V 1696 -615334.20 -172202.95
V 1704 -615334.20 -172273.95
V 1712 -615332.12 -172281.70
V 1720 -615326.45 -172287.37
V 1728 -615318.70 -172289.45
V 1736 -615219.20 -172289.45
V 1744 -615219.20 -172329.45
V 1752 -615318.70 -172329.45
V 1760 -615326.45 -172331.53
V 1768 -615332.12 -172337.20
V 1776 -615334.20 -172344.95
V 1784 -615334.20 -172415.95
V 1792 -615332.12 -172423.70
V 1800 -615326.45 -172429.37
V 1808 -615318.70 -172431.45
V 1816 -615219.20 -172431.45
V 1824 -615219.20 -172471.45
V 1832 -615318.70 -172471.45
V 1840 -615326.45 -172473.53
V 1848 -615332.12 -172479.20
V 1856 -615334.20 -172486.95
V 1864 -615334.20 -172557.95
V 1872 -615332.12 -172565.70
V 1880 -615326.45 -172571.37
V 1888 -615318.70 -172573.45
V 1896 -615219.20 -172573.45
V 1904 -615219.20 -172613.45
V 1912 -615318.70 -172613.45
V 1920 -615326.45 -172615.53
V 1928 -615332.12 -172621.20
V 1936 -615334.20 -172628.95
V 1944 -615334.20 -172699.95
V 1952 -615332.12 -172707.70
V 1960 -615326.45 -172713.37
V 1968 -615318.70 -172715.45
V 1976 -615219.20 -172715.45
V 1984 -615219.20 -172755.45
V 1992 -615318.70 -172755.45
V 2000 -615326.45 -172757.53
V 2008 -615332.12 -172763.20
V 2016 -615334.20 -172770.95
V 2024 -615334.20 -172841.95
V 2032 -615332.12 -172849.70
V 2040 -615326.45 -172855.37
V 2048 -615318.70 -172857.45
V 2056 -615219.20 -172857.45
V 2064 -615219.20 -172897.45
V 2072 -615318.70 -172897.45
V 2080 -615326.45 -172899.53
V 2088 -615332.12 -172905.20
V 2096 -615334.20 -172912.95
V 2104 -615334.20 -172983.95
V 2112 -615332.12 -172991.70
V 2120 -615326.45 -172997.37
V 2128 -615318.70 -172999.45
V 2136 -615219.20 -172999.45
V 2144 -615219.20 -173039.45
V 2152 -615318.70 -173039.45
V 2160 -615326.45 -173041.53
V 2168 -615332.12 -173047.20
V 2176 -615334.20 -173054.95
V 2184 -615334.20 -173125.95
V 2192 -615332.12 -173133.70
V 2200 -615326.45 -173139.37
V 2208 -615318.70 -173141.45
V 2216 -615219.20 -173141.45
V 2224 -615219.20 -173181.45
V 2232 -615318.70 -173181.45
V 2240 -615326.45 -173183.53
V 2248 -615332.12 -173189.20
V 2256 -615334.20 -173196.95
V 2264 -615334.20 -173267.95
V 2272 -615332.12 -173275.70
V 2280 -615326.45 -173281.37
V 2288 -615318.70 -173283.45
V 2296 -615219.20 -173283.45
V 2304 -615219.20 -173323.45
V 2312 -615318.70 -173323.45
V 2320 -615326.45 -173325.53
V 2328 -615332.12 -173331.20
V 2336 -615334.20 -173338.95
V 2344 -615334.20 -173409.95
V 2352 -615332.12 -173417.70
V 2360 -615326.45 -173423.37
V 2368 -615318.70 -173425.45
V 2376 -615219.20 -173425.45
V 2384 -615219.20 -173465.45
V 2392 -615318.70 -173465.45
V 2400 -615326.45 -173467.53
V 2408 -615332.12 -173473.20
V 2416 -615334.20 -173480.95
V 2424 -615334.20 -173551.95
V 2432 -615332.12 -173559.70
V 2440 -615326.45 -173565.37
V 2448 -615318.70 -173567.45
V 2456 -615219.20 -173567.45
V 2464 -615219.20 -173607.45
V 2472 -615318.70 -173607.45
V 2480 -615326.45 -173609.53
V 2488 -615332.12 -173615.20
V 2496 -615334.20 -173622.95
V 2504 -615334.20 -173693.95
V 2512 -615332.12 -173701.70
V 2520 -615326.45 -173707.37
V 2528 -615318.70 -173709.45
V 2536 -615219.20 -173709.45
V 2544 -615219.20 -173749.45
V 2552 -615318.70 -173749.45
V 2560 -615326.45 -173751.53
V 2568 -615332.12 -173757.20
V 2576 -615334.20 -173764.95
V 2584 -615334.20 -173835.95
V 2592 -615332.12 -173843.70
V 2600 -615326.45 -173849.37
V 2608 -615318.70 -173851.45
V 2616 -615219.20 -173851.45
V 2624 -615219.20 -173891.45
V 2632 -615318.70 -173891.45
V 2640 -615326.45 -173893.53
V 2648 -615332.12 -173899.20
V 2656 -615334.20 -173906.95
V 2664 -615334.20 -173977.95
V 2672 -615332.12 -173985.70
V 2680 -615326.45 -173991.37
V 2688 -615318.70 -173993.45
V 2696 -615219.20 -173993.45
V 2704 -615219.20 -174033.45
V 2712 -615318.70 -174033.45
V 2720 -615326.45 -174035.53
V 2728 -615332.12 -174041.20
V 2736 -615334.20 -174048.95
V 2744 -615334.20 -174119.95
V 2752 -615332.12 -174127.70
V 2760 -615326.45 -174133.37
V 2768 -615318.70 -174135.45
V 2776 -615219.20 -174135.45
V 2784 -615219.20 -174175.45
V 2792 -615318.70 -174175.45
V 2800 -615326.45 -174177.53
V 2808 -615332.12 -174183.20
V 2816 -615334.20 -174190.95
V 2824 -615334.20 -174261.95
V 2832 -615332.12 -174269.70
V 2840 -615326.45 -174275.37
V 2848 -615318.70 -174277.45
V 2856 -615219.20 -174277.45
V 2864 -615219.20 -174317.45
V 2872 -615318.70 -174317.45
V 2880 -615326.45 -174319.53
V 2888 -615332.12 -174325.20
V 2896 -615334.20 -174332.95
V 2904 -615334.20 -174403.95
V 2912 -615332.12 -174411.70
V 2920 -615326.45 -174417.37
V 2928 -615318.70 -174419.45
V 2936 -615219.20 -174419.45
V 2944 -615219.20 -174459.45
V 2952 -615318.70 -174459.45
V 2960 -615326.45 -174461.53
V 2968 -615332.12 -174467.20
V 2976 -615334.20 -174474.95
V 2984 -615334.20 -174545.95
V 2992 -615332.12 -174553.70
V 3000 -615326.45 -174559.37
V 3008 -615318.70 -174561.45
V 3016 -615219.20 -174561.45
V 3024 -615219.20 -174601.45
V 3032 -615318.70 -174601.45
V 3040 -615326.45 -174603.53
V 3048 -615332.12 -174609.20
V 3056 -615334.20 -174616.95
V 3064 -615334.20 -174687.95
V 3072 -615332.12 -174695.70
V 3080 -615326.45 -174701.37
V 3088 -615318.70 -174703.45
V 3096 -615219.20 -174703.45
V 3104 -615219.20 -174743.45
V 3112 -615318.70 -174743.45
V 3120 -615326.45 -174745.53
V 3128 -615332.12 -174751.20
V 3136 -615334.20 -174758.95
V 3144 -615334.20 -174829.95
V 3152 -615332.12 -174837.70
V 3160 -615326.45 -174843.37
V 3168 -615318.70 -174845.45
V 3176 -615219.20 -174845.45
V 3184 -615219.20 -174885.45
V 3192 -615318.70 -174885.45
V 3200 -615326.45 -174887.53
V 3208 -615332.12 -174893.20
V 3216 -615334.20 -174900.95
V 3224 -615334.20 -174971.95
V 3232 -615332.12 -174979.70
V 3240 -615326.45 -174985.37
V 3248 -615318.70 -174987.45
V 3256 -615219.20 -174987.45
V 3264 -615219.20 -175027.45
V 3272 -615318.70 -175027.45
V 3280 -615326.45 -175029.53
V 3288 -615332.12 -175035.20
V 3296 -615334.20 -175042.95
V 3304 -615334.20 -175113.95
V 3312 -615332.12 -175121.70
V 3320 -615326.45 -175127.37
V 3328 -615318.70 -175129.45
V 3336 -615219.20 -175129.45
V 3344 -615219.20 -175169.45
V 3352 -615318.70 -175169.45
V 3360 -615326.45 -175171.53
V 3368 -615332.12 -175177.20
V 3376 -615334.20 -175184.95
V 3384 -615334.20 -175255.95
V 3392 -615332.12 -175263.70
V 3400 -615326.45 -175269.37
V 3408 -615318.70 -175271.45
V 3416 -615219.20 -175271.45
V 3424 -615219.20 -175311.45
V 3432 -615318.70 -175311.45
V 3440 -615326.45 -175313.53
V 3448 -615332.12 -175319.20
V 3456 -615334.20 -175326.95
V 3464 -615334.20 -175397.95
V 3472 -615332.12 -175405.70
V 3480 -615326.45 -175411.37
V 3488 -615318.70 -175413.45
V 3496 -615219.20 -175413.45
V 3504 -615219.20 -175453.45
V 3512 -615318.70 -175453.45
V 3520 -615326.45 -175455.53
V 3528 -615332.12 -175461.20
V 3536 -615334.20 -175468.95
V 3544 -615334.20 -175539.95
V 3552 -615332.12 -175547.70
V 3560 -615326.45 -175553.37
V 3568 -615318.70 -175555.45
V 3576 -615219.20 -175555.45
V 3584 -615219.20 -175595.45
V 3592 -615318.70 -175595.45
V 3600 -615326.45 -175597.53
V 3608 -615332.12 -175603.20
V 3616 -615334.20 -175610.95
V 3624 -615334.20 -175681.95
V 3632 -615332.12 -175689.70
V 3640 -615326.45 -175695.37
V 3648 -615318.70 -175697.45
V 3656 -615219.20 -175697.45
V 3664 -615219.20 -175737.45
V 3672 -615318.70 -175737.45
V 3680 -615326.45 -175739.53
V 3688 -615332.12 -175745.20
V 3696 -615334.20 -175752.95
V 3704 -615334.20 -175823.95
V 3712 -615332.12 -175831.70
V 3720 -615326.45 -175837.37
V 3728 -615318.70 -175839.45
V 3736 -615219.20 -175839.45
V 3744 -615219.20 -175879.45
V 3752 -615318.70 -175879.45
V 3760 -615326.45 -175881.53
V 3768 -615332.12 -175887.20
V 3776 -615334.20 -175894.95
V 3784 -615334.20 -175965.95
V 3792 -615332.12 -175973.70
V 3800 -615326.45 -175979.37
V 3808 -615318.70 -175981.45
V 3816 -615219.20 -175981.45
V 3824 -615219.20 -176021.45
V 3832 -615318.70 -176021.45
V 3840 -615326.45 -176023.53
V 3848 -615332.12 -176029.20
V 3856 -615334.20 -176036.95
V 3864 -615334.20 -176107.95
V 3872 -615332.12 -176115.70
V 3880 -615326.45 -176121.37
V 3888 -615318.70 -176123.45
V 3896 -615219.20 -176123.45
V 3904 -615219.20 -176163.45
V 3912 -615318.70 -176163.45
V 3920 -615326.45 -176165.53
V 3928 -615332.12 -176171.20
V 3936 -615334.20 -176178.95
V 3944 -615334.20 -176249.95
V 3952 -615332.12 -176257.70
V 3960 -615326.45 -176263.37
V 3968 -615318.70 -176265.45
V 3976 -615219.20 -176265.45
V 3984 -615219.20 -176305.45
V 3992 -615318.70 -176305.45
V 4000 -615326.45 -176307.53
V 4008 -615332.12 -176313.20
V 4016 -615334.20 -176320.95
V 4024 -615334.20 -176391.95
V 4032 -615332.12 -176399.70
V 4040 -615326.45 -176405.37
V 4048 -615318.70 -176407.45
V 4056 -615219.20 -176407.45
V 4064 -615219.20 -176447.45
V 4072 -615318.70 -176447.45
V 4080 -615326.45 -176449.53
V 4088 -615332.12 -176455.20
V 4096 -615334.20 -176462.95
V 4104 -615334.20 -176533.95
V 4112 -615332.12 -176541.70
V 4120 -615326.45 -176547.37
V 4128 -615318.70 -176549.45
V 4136 -615219.20 -176549.45
V 4144 -615219.20 -176589.45
V 4152 -615318.70 -176589.45
V 4160 -615326.45 -176591.53
V 4168 -615332.12 -176597.20
V 4176 -615334.20 -176604.95
V 4184 -615334.20 -176675.95
V 4192 -615332.12 -176683.70
V 4200 -615326.45 -176689.37
V 4208 -615318.70 -176691.45
V 4216 -615219.20 -176691.45
V 4224 -615219.20 -176731.45
V 4232 -615318.70 -176731.45
V 4240 -615326.45 -176733.53
V 4248 -615332.12 -176739.20
V 4256 -615334.20 -176746.95
V 4264 -615334.20 -176817.95
V 4272 -615332.12 -176825.70
V 4280 -615326.45 -176831.37
V 4288 -615318.70 -176833.45
V 4296 -615219.20 -176833.45
V 4304 -615219.20 -176873.45
V 4312 -615318.70 -176873.45
V 4320 -615326.45 -176875.53
V 4328 -615332.12 -176881.20
V 4336 -615334.20 -176888.95
V 4344 -615334.20 -176959.95
V 4352 -615332.12 -176967.70
V 4360 -615326.45 -176973.37
V 4368 -615318.70 -176975.45
V 4376 -615219.20 -176975.45
V 4384 -615219.20 -177015.45
V 4392 -615318.70 -177015.45
V 4400 -615326.45 -177017.53
V 4408 -615332.12 -177023.20
V 4416 -615334.20 -177030.95
V 4424 -615334.20 -177101.95
V 4432 -615332.12 -177109.70
V 4440 -615326.45 -177115.37
V 4448 -615318.70 -177117.45
V 4456 -615219.20 -177117.45
V 4464 -615219.20 -177157.45
V 4472 -615318.70 -177157.45
V 4480 -615326.45 -177159.53
V 4488 -615332.12 -177165.20
V 4496 -615334.20 -177172.95
V 4504 -615334.20 -177243.95
V 4512 -615332.12 -177251.70
V 4520 -615326.45 -177257.37
V 4528 -615318.70 -177259.45
V 4536 -615219.20 -177259.45
V 4544 -615219.20 -177299.45
V 4552 -615318.70 -177299.45
V 4560 -615326.45 -177301.53
V 4568 -615332.12 -177307.20
V 4576 -615334.20 -177314.95
V 4584 -615334.20 -177385.95
V 4592 -615332.12 -177393.70
V 4600 -615326.45 -177399.37
V 4608 -615318.70 -177401.45
V 4616 -615219.20 -177401.45
V 4624 -615219.20 -177441.45
V 4632 -615318.70 -177441.45
V 4640 -615326.45 -177443.53
V 4648 -615332.12 -177449.20
V 4656 -615334.20 -177456.95
V 4664 -615334.20 -177527.95
V 4672 -615332.12 -177535.70
V 4680 -615326.45 -177541.37
V 4688 -615318.70 -177543.45
V 4696 -615219.20 -177543.45
V 4704 -615219.20 -177583.45
V 4712 -615318.70 -177583.45
V 4720 -615326.45 -177585.53
V 4728 -615332.12 -177591.20
V 4736 -615334.20 -177598.95
V 4744 -615334.20 -177669.95
V 4752 -615332.12 -177677.70
V 4760 -615326.45 -177683.37
V 4768 -615318.70 -177685.45
V 4776 -615219.20 -177685.45
V 4784 -615219.20 -177725.45
V 4792 -615318.70 -177725.45
V 4800 -615326.45 -177727.53
V 4808 -615332.12 -177733.20
V 4816 -615334.20 -177740.95
V 4824 -615334.20 -177811.95
V 4832 -615332.12 -177819.70
V 4840 -615326.45 -177825.37
V 4848 -615318.70 -177827.45
V 4856 -615219.20 -177827.45
V 4864 -615219.20 -177867.45
V 4872 -615318.70 -177867.45
V 4880 -615326.45 -177869.53
V 4888 -615332.12 -177875.20
V 4896 -615334.20 -177882.95
V 4904 -615334.20 -177953.95
V 4912 -615332.12 -177961.70
V 4920 -615326.45 -177967.37
V 4928 -615318.70 -177969.45
V 4936 -615219.20 -177969.45
V 4944 -615219.20 -178009.45
V 4952 -615318.70 -178009.45
V 4960 -615326.45 -178011.53
V 4968 -615332.12 -178017.20
V 4976 -615334.20 -178024.95
V 4984 -615334.20 -178095.95
V 4992 -615332.12 -178103.70
V 5000 -615326.45 -178109.37
V 5008 -615318.70 -178111.45
V 5016 -615219.20 -178111.45
V 5024 -615219.20 -178151.45
V 5032 -615318.70 -178151.45
V 5040 -615326.45 -178153.53
V 5048 -615332.12 -178159.20
V 5056 -615334.20 -178166.95
V 5064 -615334.20 -178237.95
V 5072 -615332.12 -178245.70
V 5080 -615326.45 -178251.37
V 5088 -615318.70 -178253.45
V 5096 -615219.20 -178253.45
V 5104 -615219.20 -178293.45
V 5112 -615318.70 -178293.45
V 5120 -615326.45 -178295.53
V 5128 -615332.12 -178301.20
V 5136 -615334.20 -178308.95
V 5144 -615334.20 -178379.95
V 5152 -615332.12 -178387.70
V 5160 -615326.45 -178393.37
V 5168 -615318.70 -178395.45
V 5176 -615276.70 -178395.45
V 5184 -615276.70 -178404.45
V 5192 -615245.70 -178404.45
V 5200 -615245.70 -178379.95
V 5208 -615245.74 -178378.84
V 5216 -615245.86 -178377.74
V 5224 -615246.05 -178376.66
V 5232 -615246.33 -178375.58
V 5240 -615246.68 -178374.53
V 5248 -615247.10 -178373.51
V 5256 -615247.60 -178372.52
V 5264 -615248.16 -178371.57
V 5272 -615248.79 -178370.66
V 5280 -615249.49 -178369.80
V 5288 -615250.24 -178368.99
V 5296 -615251.05 -178368.24
V 5304 -615251.91 -178367.54
V 5312 -615252.82 -178366.91
V 5320 -615253.77 -178366.35
V 5328 -615254.76 -178365.85
V 5336 -615255.78 -178365.43
V 5344 -615256.83 -178365.08
V 5352 -615257.91 -178364.80
V 5360 -615258.99 -178364.61
V 5368 -615260.09 -178364.49
V 5376 -615261.20 -178364.45
V 5384 -615303.20 -178364.45
V 5392 -615303.20 -178324.45
V 5400 -615203.70 -178324.45
V 5408 -615195.95 -178322.37
V 5416 -615190.28 -178316.70
V 5424 -615188.20 -178308.95
V 5432 -615188.20 -178237.95
V 5440 -615190.28 -178230.20
V 5448 -615195.95 -178224.53
V 5456 -615203.70 -178222.45
V 5464 -615303.20 -178222.45
V 5472 -615303.20 -178182.45
V 5480 -615203.70 -178182.45
V 5488 -615195.95 -178180.37
V 5496 -615190.28 -178174.70
V 5504 -615188.20 -178166.95
V 5512 -615188.20 -178095.95
V 5520 -615190.28 -178088.20
V 5528 -615195.95 -178082.53
V 5536 -615203.70 -178080.45
V 5544 -615303.20 -178080.45
V 5552 -615303.20 -178040.45
V 5560 -615203.70 -178040.45
V 5568 -615195.95 -178038.37
V 5576 -615190.28 -178032.70
V 5584 -615188.20 -178024.95
V 5592 -615188.20 -177953.95
V 5600 -615190.28 -177946.20
V 5608 -615195.95 -177940.53
V 5616 -615203.70 -177938.45
V 5624 -615303.20 -177938.45
V 5632 -615303.20 -177898.45
V 5640 -615203.70 -177898.45
V 5648 -615195.95 -177896.37
V 5656 -615190.28 -177890.70
V 5664 -615188.20 -177882.95
V 5672 -615188.20 -177811.95
V 5680 -615190.28 -177804.20
V 5688 -615195.95 -177798.53
V 5696 -615203.70 -177796.45
V 5704 -615303.20 -177796.45
V 5712 -615303.20 -177756.45
V 5720 -615203.70 -177756.45
V 5728 -615195.95 -177754.37
V 5736 -615190.28 -177748.70
V 5744 -615188.20 -177740.95
V 5752 -615188.20 -177669.95
V 5760 -615190.28 -177662.20
V 5768 -615195.95 -177656.53
V 5776 -615203.70 -177654.45
V 5784 -615303.20 -177654.45
V 5792 -615303.20 -177614.45
V 5800 -615203.70 -177614.45
V 5808 -615195.95 -177612.37
V 5816 -615190.28 -177606.70
V 5824 -615188.20 -177598.95
V 5832 -615188.20 -177527.95
V 5840 -615190.28 -177520.20
V 5848 -615195.95 -177514.53
V 5856 -615203.70 -177512.45
V 5864 -615303.20 -177512.45
V 5872 -615303.20 -177472.45
V 5880 -615203.70 -177472.45
V 5888 -615195.95 -177470.37
V 5896 -615190.28 -177464.70
V 5904 -615188.20 -177456.95
V 5912 -615188.20 -177385.95
V 5920 -615190.28 -177378.20
V 5928 -615195.95 -177372.53
V 5936 -615203.70 -177370.45
V 5944 -615303.20 -177370.45
V 5952 -615303.20 -177330.45
V 5960 -615203.70 -177330.45
V 5968 -615195.95 -177328.37
V 5976 -615190.28 -177322.70
V 5984 -615188.20 -177314.95
V 5992 -615188.20 -177243.95
V 6000 -615190.28 -177236.20
V 6008 -615195.95 -177230.53
V 6016 -615203.70 -177228.45
V 6024 -615303.20 -177228.45
V 6032 -615303.20 -177188.45
V 6040 -615203.70 -177188.45
V 6048 -615195.95 -177186.37
V 6056 -615190.28 -177180.70
V 6064 -615188.20 -177172.95
V 6072 -615188.20 -177101.95
V 6080 -615190.28 -177094.20
V 6088 -615195.95 -177088.53
V 6096 -615203.70 -177086.45
V 6104 -615303.20 -177086.45
V 6112 -615303.20 -177046.45
V 6120 -615203.70 -177046.45
V 6128 -615195.95 -177044.37
V 6136 -615190.28 -177038.70
V 6144 -615188.20 -177030.95
V 6152 -615188.20 -176959.95
V 6160 -615190.28 -176952.20
V 6168 -615195.95 -176946.53
V 6176 -615203.70 -176944.45
V 6184 -615303.20 -176944.45
V 6192 -615303.20 -176904.45
V 6200 -615203.70 -176904.45
V 6208 -615195.95 -176902.37
V 6216 -615190.28 -176896.70
V 6224 -615188.20 -176888.95
V 6232 -615188.20 -176817.95
V 6240 -615190.28 -176810.20
V 6248 -615195.95 -176804.53
V 6256 -615203.70 -176802.45
V 6264 -615303.20 -176802.45
V 6272 -615303.20 -176762.45
V 6280 -615203.70 -176762.45
V 6288 -615195.95 -176760.37
V 6296 -615190.28 -176754.70
V 6304 -615188.20 -176746.95
V 6312 -615188.20 -176675.95
V 6320 -615190.28 -176668.20
V 6328 -615195.95 -176662.53
V 6336 -615203.70 -176660.45
V 6344 -615303.20 -176660.45
V 6352 -615303.20 -176620.45
V 6360 -615203.70 -176620.45
V 6368 -615195.95 -176618.37
V 6376 -615190.28 -176612.70
V 6384 -615188.20 -176604.95
V 6392 -615188.20 -176533.95
V 6400 -615190.28 -176526.20
V 6408 -615195.95 -176520.53
V 6416 -615203.70 -176518.45
V 6424 -615303.20 -176518.45
V 6432 -615303.20 -176478.45
V 6440 -615203.70 -176478.45
V 6448 -615195.95 -176476.37
V 6456 -615190.28 -176470.70
V 6464 -615188.20 -176462.95
V 6472 -615188.20 -176391.95
V 6480 -615190.28 -176384.20
V 6488 -615195.95 -176378.53
V 6496 -615203.70 -176376.45
V 6504 -615303.20 -176376.45
V 6512 -615303.20 -176336.45
V 6520 -615203.70 -176336.45
V 6528 -615195.95 -176334.37
V 6536 -615190.28 -176328.70
V 6544 -615188.20 -176320.95
V 6552 -615188.20 -176249.95
V 6560 -615190.28 -176242.20
V 6568 -615195.95 -176236.53
V 6576 -615203.70 -176234.45
V 6584 -615303.20 -176234.45
V 6592 -615303.20 -176194.45
V 6600 -615203.70 -176194.45
V 6608 -615195.95 -176192.37
V 6616 -615190.28 -176186.70
V 6624 -615188.20 -176178.95
V 6632 -615188.20 -176107.95
V 6640 -615190.28 -176100.20
V 6648 -615195.95 -176094.53
V 6656 -615203.70 -176092.45
V 6664 -615303.20 -176092.45
V 6672 -615303.20 -176052.45
V 6680 -615203.70 -176052.45
V 6688 -615195.95 -176050.37
V 6696 -615190.28 -176044.70
V 6704 -615188.20 -176036.95
V 6712 -615188.20 -175965.95
V 6720 -615190.28 -175958.20
V 6728 -615195.95 -175952.53
V 6736 -615203.70 -175950.45
V 6744 -615303.20 -175950.45
V 6752 -615303.20 -175910.45
V 6760 -615203.70 -175910.45
V 6768 -615195.95 -175908.37
V 6776 -615190.28 -175902.70
V 6784 -615188.20 -175894.95
V 6792 -615188.20 -175823.95
V 6800 -615190.28 -175816.20
V 6808 -615195.95 -175810.53
V 6816 -615203.70 -175808.45
V 6824 -615303.20 -175808.45
V 6832 -615303.20 -175768.45
V 6840 -615203.70 -175768.45
V 6848 -615195.95 -175766.37
V 6856 -615190.28 -175760.70
V 6864 -615188.20 -175752.95
V 6872 -615188.20 -175681.95
V 6880 -615190.28 -175674.20
V 6888 -615195.95 -175668.53
V 6896 -615203.70 -175666.45
V 6904 -615303.20 -175666.45
V 6912 -615303.20 -175626.45
V 6920 -615203.70 -175626.45
V 6928 -615195.95 -175624.37
V 6936 -615190.28 -175618.70
V 6944 -615188.20 -175610.95
V 6952 -615188.20 -175539.95
V 6960 -615190.28 -175532.20
V 6968 -615195.95 -175526.53
V 6976 -615203.70 -175524.45
V 6984 -615303.20 -175524.45
V 6992 -615303.20 -175484.45
V 7000 -615203.70 -175484.45
V 7008 -615195.95 -175482.37
V 7016 -615190.28 -175476.70
V 7024 -615188.20 -175468.95
V 7032 -615188.20 -175397.95
V 7040 -615190.28 -175390.20
V 7048 -615195.95 -175384.53
V 7056 -615203.70 -175382.45
V 7064 -615303.20 -175382.45
V 7072 -615303.20 -175342.45
V 7080 -615203.70 -175342.45
V 7088 -615195.95 -175340.37
V 7096 -615190.28 -175334.70
V 7104 -615188.20 -175326.95
V 7112 -615188.20 -175255.95
V 7120 -615190.28 -175248.20
V 7128 -615195.95 -175242.53
V 7136 -615203.70 -175240.45
V 7144 -615303.20 -175240.45
V 7152 -615303.20 -175200.45
V 7160 -615203.70 -175200.45
V 7168 -615195.95 -175198.37
V 7176 -615190.28 -175192.70
V 7184 -615188.20 -175184.95
V 7192 -615188.20 -175113.95
V 7200 -615190.28 -175106.20
V 7208 -615195.95 -175100.53
V 7216 -615203.70 -175098.45
V 7224 -615303.20 -175098.45
V 7232 -615303.20 -175058.45
V 7240 -615203.70 -175058.45
V 7248 -615195.95 -175056.37
V 7256 -615190.28 -175050.70
V 7264 -615188.20 -175042.95
V 7272 -615188.20 -174971.95
V 7280 -615190.28 -174964.20
V 7288 -615195.95 -174958.53
V 7296 -615203.70 -174956.45
V 7304 -615303.20 -174956.45
V 7312 -615303.20 -174916.45
V 7320 -615203.70 -174916.45
V 7328 -615195.95 -174914.37
V 7336 -615190.28 -174908.70
V 7344 -615188.20 -174900.95
V 7352 -615188.20 -174829.95
V 7360 -615190.28 -174822.20
V 7368 -615195.95 -174816.53
V 7376 -615203.70 -174814.45
V 7384 -615303.20 -174814.45
V 7392 -615303.20 -174774.45
V 7400 -615203.70 -174774.45
V 7408 -615195.95 -174772.37
V 7416 -615190.28 -174766.70
V 7424 -615188.20 -174758.95
V 7432 -615188.20 -174687.95
V 7440 -615190.28 -174680.20
V 7448 -615195.95 -174674.53
V 7456 -615203.70 -174672.45
V 7464 -615303.20 -174672.45
V 7472 -615303.20 -174632.45
V 7480 -615203.70 -174632.45
V 7488 -615195.95 -174630.37
V 7496 -615190.28 -174624.70
V 7504 -615188.20 -174616.95
V 7512 -615188.20 -174545.95
V 7520 -615190.28 -174538.20
V 7528 -615195.95 -174532.53
V 7536 -615203.70 -174530.45
V 7544 -615303.20 -174530.45
V 7552 -615303.20 -174490.45
V 7560 -615203.70 -174490.45
V 7568 -615195.95 -174488.37
V 7576 -615190.28 -174482.70
V 7584 -615188.20 -174474.95
V 7592 -615188.20 -174403.95
V 7600 -615190.28 -174396.20
V 7608 -615195.95 -174390.53
V 7616 -615203.70 -174388.45
V 7624 -615303.20 -174388.45
V 7632 -615303.20 -174348.45
V 7640 -615203.70 -174348.45
V 7648 -615195.95 -174346.37
V 7656 -615190.28 -174340.70
V 7664 -615188.20 -174332.95
V 7672 -615188.20 -174261.95
V 7680 -615190.28 -174254.20
V 7688 -615195.95 -174248.53
V 7696 -615203.70 -174246.45
V 7704 -615303.20 -174246.45
V 7712 -615303.20 -174206.45
V 7720 -615203.70 -174206.45
V 7728 -615195.95 -174204.37
V 7736 -615190.28 -174198.70
V 7744 -615188.20 -174190.95
V 7752 -615188.20 -174119.95
V 7760 -615190.28 -174112.20
V 7768 -615195.95 -174106.53
V 7776 -615203.70 -174104.45
V 7784 -615303.20 -174104.45
V 7792 -615303.20 -174064.45
V 7800 -615203.70 -174064.45
V 7808 -615195.95 -174062.37
V 7816 -615190.28 -174056.70
V 7824 -615188.20 -174048.95
V 7832 -615188.20 -173977.95
V 7840 -615190.28 -173970.20
V 7848 -615195.95 -173964.53
V 7856 -615203.70 -173962.45
V 7864 -615303.20 -173962.45
V 7872 -615303.20 -173922.45
V 7880 -615203.70 -173922.45
V 7888 -615195.95 -173920.37
V 7896 -615190.28 -173914.70
V 7904 -615188.20 -173906.95
V 7912 -615188.20 -173835.95
V 7920 -615190.28 -173828.20
V 7928 -615195.95 -173822.53
V 7936 -615203.70 -173820.45
V 7944 -615303.20 -173820.45
V 7952 -615303.20 -173780.45
V 7960 -615203.70 -173780.45
V 7968 -615195.95 -173778.37
V 7976 -615190.28 -173772.70
V 7984 -615188.20 -173764.95
V 7992 -615188.20 -173693.95
V 8000 -615190.28 -173686.20
V 8008 -615195.95 -173680.53
V 8016 -615203.70 -173678.45
V 8024 -615303.20 -173678.45
V 8032 -615303.20 -173638.45
V 8040 -615203.70 -173638.45
V 8048 -615195.95 -173636.37
V 8056 -615190.28 -173630.70
V 8064 -615188.20 -173622.95
V 8072 -615188.20 -173551.95
V 8080 -615190.28 -173544.20
V 8088 -615195.95 -173538.53
V 8096 -615203.70 -173536.45
V 8104 -615303.20 -173536.45
V 8112 -615303.20 -173496.45
V 8120 -615203.70 -173496.45
V 8128 -615195.95 -173494.37
V 8136 -615190.28 -173488.70
V 8144 -615188.20 -173480.95
V 8152 -615188.20 -173409.95
V 8160 -615190.28 -173402.20
V 8168 -615195.95 -173396.53
V 8176 -615203.70 -173394.45
V 8184 -615303.20 -173394.45
V 8192 -615303.20 -173354.45
V 8200 -615203.70 -173354.45
V 8208 -615195.95 -173352.37
V 8216 -615190.28 -173346.70
V 8224 -615188.20 -173338.95
V 8232 -615188.20 -173267.95
V 8240 -615190.28 -173260.20
V 8248 -615195.95 -173254.53
V 8256 -615203.70 -173252.45
V 8264 -615303.20 -173252.45
V 8272 -615303.20 -173212.45
V 8280 -615203.70 -173212.45
V 8288 -615195.95 -173210.37
V 8296 -615190.28 -173204.70
V 8304 -615188.20 -173196.95
V 8312 -615188.20 -173125.95
V 8320 -615190.28 -173118.20
V 8328 -615195.95 -173112.53
V 8336 -615203.70 -173110.45
V 8344 -615303.20 -173110.45
V 8352 -615303.20 -173070.45
V 8360 -615203.70 -173070.45
V 8368 -615195.95 -173068.37
V 8376 -615190.28 -173062.70
V 8384 -615188.20 -173054.95
V 8392 -615188.20 -172983.95
V 8400 -615190.28 -172976.20
V 8408 -615195.95 -172970.53
V 8416 -615203.70 -172968.45
V 8424 -615303.20 -172968.45
V 8432 -615303.20 -172928.45
V 8440 -615203.70 -172928.45
V 8448 -615195.95 -172926.37
V 8456 -615190.28 -172920.70
V 8464 -615188.20 -172912.95
V 8472 -615188.20 -172841.95
V 8480 -615190.28 -172834.20
V 8488 -615195.95 -172828.53
V 8496 -615203.70 -172826.45
V 8504 -615303.20 -172826.45
V 8512 -615303.20 -172786.45
V 8520 -615203.70 -172786.45
V 8528 -615195.95 -172784.37
V 8536 -615190.28 -172778.70
V 8544 -615188.20 -172770.95
V 8552 -615188.20 -172699.95
V 8560 -615190.28 -172692.20
V 8568 -615195.95 -172686.53
V 8576 -615203.70 -172684.45
V 8584 -615303.20 -172684.45
V 8592 -615303.20 -172644.45
V 8600 -615203.70 -172644.45
V 8608 -615195.95 -172642.37
V 8616 -615190.28 -172636.70
V 8624 -615188.20 -172628.95
V 8632 -615188.20 -172557.95
V 8640 -615190.28 -172550.20
V 8648 -615195.95 -172544.53
V 8656 -615203.70 -172542.45
V 8664 -615303.20 -172542.45
V 8672 -615303.20 -172502.45
V 8680 -615203.70 -172502.45
V 8688 -615195.95 -172500.37
V 8696 -615190.28 -172494.70
V 8704 -615188.20 -172486.95
V 8712 -615188.20 -172415.95
V 8720 -615190.28 -172408.20
V 8728 -615195.95 -172402.53
V 8736 -615203.70 -172400.45
V 8744 -615303.20 -172400.45
V 8752 -615303.20 -172360.45
V 8760 -615203.70 -172360.45
V 8768 -615195.95 -172358.37
V 8776 -615190.28 -172352.70
V 8784 -615188.20 -172344.95
V 8792 -615188.20 -172273.95
V 8800 -615190.28 -172266.20
V 8808 -615195.95 -172260.53
V 8816 -615203.70 -172258.45
V 8824 -615303.20 -172258.45
V 8832 -615303.20 -172218.45
V 8840 -615203.70 -172218.45
V 8848 -615195.95 -172216.37
V 8856 -615190.28 -172210.70
V 8864 -615188.20 -172202.95
V 8872 -615188.20 -172131.95
V 8880 -615190.28 -172124.20
V 8888 -615195.95 -172118.53
V 8896 -615203.70 -172116.45
V 8904 -615303.20 -172116.45
V 8912 -615303.20 -172076.45
V 8920 -615203.70 -172076.45
V 8928 -615195.95 -172074.37
V 8936 -615190.28 -172068.70
V 8944 -615188.20 -172060.95
V 8952 -615188.20 -171989.95
V 8960 -615190.28 -171982.20
V 8968 -615195.95 -171976.53
V 8976 -615203.70 -171974.45
V 8984 -615303.20 -171974.45
V 8992 -615303.20 -171934.45
V 9000 -615203.70 -171934.45
V 9008 -615195.95 -171932.37
V 9016 -615190.28 -171926.70
V 9024 -615188.20 -171918.95
V 9032 -615188.20 -171847.95
V 9040 -615190.28 -171840.20
V 9048 -615195.95 -171834.53
V 9056 -615203.70 -171832.45
V 9064 -615303.20 -171832.45
V 9072 -615303.20 -171792.45
V 9080 -615203.70 -171792.45
V 9088 -615195.95 -171790.37
V 9096 -615190.28 -171784.70
V 9104 -615188.20 -171776.95
V 9112 -615188.20 -171705.95
V 9120 -615190.28 -171698.20
V 9128 -615195.95 -171692.53
V 9136 -615203.70 -171690.45
V 9144 -615303.20 -171690.45
V 9152 -615303.20 -171650.45
V 9160 -615203.70 -171650.45
V 9168 -615195.95 -171648.37
V 9176 -615190.28 -171642.70
V 9184 -615188.20 -171634.95
V 9192 -615188.20 -171563.95
V 9200 -615190.28 -171556.20
V 9208 -615195.95 -171550.53
V 9216 -615203.70 -171548.45
V 9224 -615303.20 -171548.45
V 9232 -615303.20 -171508.45
V 9240 -615203.70 -171508.45
V 9248 -615195.95 -171506.37
V 9256 -615190.28 -171500.70
V 9264 -615188.20 -171492.95
V 9272 -615188.20 -171421.95
V 9280 -615190.28 -171414.20
V 9288 -615195.95 -171408.53
V 9296 -615203.70 -171406.45
V 9304 -615303.20 -171406.45
V 9312 -615303.20 -171366.45
V 9320 -615203.70 -171366.45
V 9328 -615195.95 -171364.37
V 9336 -615190.28 -171358.70
V 9344 -615188.20 -171350.95
V 9352 -615188.20 -171279.95
V 9360 -615190.28 -171272.20
V 9368 -615195.95 -171266.53
V 9376 -615203.70 -171264.45
V 9384 -615303.20 -171264.45
V 9392 -615303.20 -171224.45
V 9400 -615203.70 -171224.45
V 9408 -615195.95 -171222.37
V 9416 -615190.28 -171216.70
V 9424 -615188.20 -171208.95
V 9432 -615188.20 -171137.95
V 9440 -615190.28 -171130.20
V 9448 -615195.95 -171124.53
V 9456 -615203.70 -171122.45
V 9464 -615303.20 -171122.45
V 9472 -615303.20 -171082.45
V 9480 -615203.70 -171082.45
V 9488 -615195.95 -171080.37
V 9496 -615190.28 -171074.70
V 9504 -615188.20 -171066.95
V 9512 -615188.20 -170995.95
V 9520 -615190.28 -170988.20
V 9528 -615195.95 -170982.53
V 9536 -615203.70 -170980.45
V 9544 -615303.20 -170980.45
V 9552 -615303.20 -170940.45
V 9560 -615203.70 -170940.45
V 9568 -615195.95 -170938.37
V 9576 -615190.28 -170932.70
V 9584 -615188.20 -170924.95
V 9592 -615188.20 -170853.95
V 9600 -615190.28 -170846.20
V 9608 -615195.95 -170840.53
V 9616 -615203.70 -170838.45
V 9624 -615303.20 -170838.45
V 9632 -615303.20 -170798.45
V 9640 -615203.70 -170798.45
V 9648 -615195.95 -170796.37
V 9656 -615190.28 -170790.70
V 9664 -615188.20 -170782.95
V 9672 -615188.20 -170711.95
V 9680 -615190.28 -170704.20
V 9688 -615195.95 -170698.53
V 9696 -615203.70 -170696.45
V 9704 -615303.20 -170696.45
V 9712 -615303.20 -170656.45
V 9720 -615203.70 -170656.45
V 9728 -615195.95 -170654.37
V 9736 -615190.28 -170648.70
V 9744 -615188.20 -170640.95
V 9752 -615188.20 -170569.95
V 9760 -615190.28 -170562.20
V 9768 -615195.95 -170556.53
V 9776 -615203.70 -170554.45
V 9784 -615303.20 -170554.45
V 9792 -615303.20 -170514.45
V 9800 -615203.70 -170514.45
V 9808 -615195.95 -170512.37
V 9816 -615190.28 -170506.70
V 9824 -615188.20 -170498.95
V 9832 -615188.20 -170427.95
V 9840 -615190.28 -170420.20
V 9848 -615195.95 -170414.53
V 9856 -615203.70 -170412.45
V 9864 -615303.20 -170412.45
V 9872 -615303.20 -170372.45
V 9880 -615203.70 -170372.45
V 9888 -615195.95 -170370.37
V 9896 -615190.28 -170364.70
V 9904 -615188.20 -170356.95
V 9912 -615188.20 -170285.95
V 9920 -615190.28 -170278.20
V 9928 -615195.95 -170272.53
V 9936 -615203.70 -170270.45
V 9944 -615303.20 -170270.45
V 9952 -615303.20 -170230.45
V 9960 -615203.70 -170230.45
V 9968 -615195.95 -170228.37
V 9976 -615190.28 -170222.70
V 9984 -615188.20 -170214.95
V 9992 -615188.20 -170143.95
V 10000 -615190.28 -170136.20
V 10008 -615195.95 -170130.53
V 10016 -615203.70 -170128.45
V 10024 -615270.57 -170128.45
V 10032 -615270.57 -170088.45
V 10040 -615261.20 -170088.45
V 10048 -615260.09 -170088.41
V 10056 -615258.99 -170088.29
V 10064 -615257.91 -170088.10
V 10072 -615256.83 -170087.82
V 10080 -615255.78 -170087.47
V 10088 -615254.76 -170087.05
V 10096 -615253.77 -170086.55
V 10104 -615252.82 -170085.99
V 10112 -615251.91 -170085.36
V 10120 -615251.05 -170084.66
V 10128 -615250.24 -170083.91
V 10136 -615249.49 -170083.10
V 10144 -615248.79 -170082.24
V 10152 -615248.16 -170081.33
V 10160 -615247.60 -170080.38
V 10168 -615247.10 -170079.39
V 10176 -615246.68 -170078.37
V 10184 -615246.33 -170077.32
V 10192 -615246.05 -170076.24
V 10200 -615245.86 -170075.16
V 10208 -615245.74 -170074.06
V 10216 -615245.70 -170072.95
V 10224 -615245.70 -169993.02
V 10232 -587765.07 -165326.75
V 10240 -587764.85 -165326.71
V 10248 -587764.65 -165326.67
V 10256 -586369.79 -165089.83
V 10264 -585677.23 -164972.22
V 10272 -585677.21 -164972.22
V 10280 -585677.01 -164972.19
V 10288 -583817.46 -164656.44
V 10296 -583355.62 -164578.01
V 10304 -583353.45 -164577.65
V 10312 -576353.87 -163389.10
V 10320 -572314.05 -162703.13
V 10328 -568465.20 -162049.59
V 10336 -567291.86 -161850.35
V 10344 -566162.50 -161658.59
V 10352 -565697.91 -161579.70
V 10360 -565234.16 -161500.95
V 10368 -565234.12 -161500.95
V 10376 -565234.00 -161500.93
V 10384 -565233.96 -161500.92
V 10392 -564967.46 -161455.67
V 10400 -559725.56 -160565.58
V 10408 -557881.63 -160252.48
V 10416 -557219.11 -160139.98
V 10424 -554547.64 -159686.36
V 10432 -554547.26 -159686.29
V 10440 -547578.35 -158502.96
V 10448 -544653.83 -158006.37
V 10456 -544544.67 -157987.83
V 10464 -544526.26 -157984.71
V 10472 -543396.91 -157792.94
V 10480 -543197.91 -157759.15
V 10488 -543196.84 -157758.93
V 10496 -543195.80 -157758.64
V 10504 -543194.77 -157758.27
V 10512 -543193.78 -157757.84
V 10520 -543192.82 -157757.33
V 10528 -543191.89 -157756.76
V 10536 -543191.01 -157756.13
V 10544 -543190.17 -157755.43
V 10552 -543189.39 -157754.68
V 10560 -543188.66 -157753.87
V 10568 -543187.99 -157753.02
V 10576 -543187.38 -157752.12
V 10584 -543186.83 -157751.18
V 10592 -543186.35 -157750.20
V 10600 -543185.94 -157749.20
V 10608 -543185.61 -157748.16
V 10616 -543185.34 -157747.11
V 10624 -543185.15 -157746.04
V 10632 -543185.04 -157744.96
V 10640 -543185.00 -157743.87
V 10648 -543185.00 -157719.35
