V 0 1085836.69 70248.64
V 8 1085832.26 70286.68
V 16 1085832.25 70286.78
V 24 1085832.21 70286.99
V 32 1085825.39 70311.86
V 40 1085824.77 70318.76
V 48 1085824.53 70319.45
V 56 1085823.99 70319.94
V 64 1085823.28 70320.12
V 72 1085735.66 70320.12
V 80 1085735.66 70317.12
V 88 1085821.91 70317.12
V 96 1085822.42 70311.52
V 104 1085822.42 70311.46
V 112 1085822.43 70311.36
V 120 1085822.46 70311.25
V 128 1085822.47 70311.15
V 136 1085829.28 70286.30
V 144 1085833.86 70246.97
V 152 1085834.11 70246.29
V 160 1085834.65 70245.81
V 168 1085835.35 70245.64
V 176 1085839.86 70245.64
V 184 1085839.86 70248.64
