V 0 -600576.00 -157719.35
V 8 -600576.00 -157730.78
V 16 -600762.08 -157762.38
V 24 -603574.58 -158239.95
V 32 -617055.41 -160529.02
V 40 -617255.54 -160563.00
V 48 -617720.13 -160641.89
V 56 -619114.34 -160878.63
V 64 -619114.51 -160878.66
V 72 -619578.56 -160957.46
V 80 -621901.98 -161351.98
V 88 -621902.02 -161351.98
V 96 -621902.14 -161352.00
V 104 -621902.18 -161352.01
V 112 -623760.00 -161667.47
V 120 -625865.06 -162024.92
V 128 -627815.70 -162356.14
V 136 -630729.31 -162850.88
V 144 -643314.94 -164987.94
V 152 -652463.79 -166541.44
V 160 -652470.40 -166544.25
V 168 -652475.04 -166549.73
V 176 -652476.70 -166556.72
V 184 -652476.70 -166649.45
V 192 -652495.42 -166649.45
V 200 -652503.17 -166651.53
V 208 -652508.84 -166657.20
V 216 -652510.92 -166664.95
V 224 -652510.92 -166735.95
V 232 -652508.84 -166743.70
V 240 -652503.17 -166749.37
V 248 -652495.42 -166751.45
V 256 -652419.20 -166751.45
V 264 -652419.20 -166791.45
V 272 -652518.70 -166791.45
V 280 -652526.45 -166793.53
V 288 -652532.12 -166799.20
V 296 -652534.20 -166806.95
V 304 -652534.20 -166877.95
V 312 -652532.12 -166885.70
V 320 -652526.45 -166891.37
V 328 -652518.70 -166893.45
V 336 -652419.20 -166893.45
V 344 -652419.20 -166933.45
V 352 -652518.70 -166933.45
V 360 -652526.45 -166935.53
V 368 -652532.12 -166941.20
V 376 -652534.20 -166948.95
V 384 -652534.20 -167019.95
V 392 -652532.12 -167027.70
V 400 -652526.45 -167033.37
V 408 -652518.70 -167035.45
V 416 -652419.20 -167035.45
V 424 -652419.20 -167075.45
V 432 -652518.70 -167075.45
V 440 -652526.45 -167077.53
V 448 -652532.12 -167083.20
V 456 -652534.20 -167090.95
V 464 -652534.20 -167161.95
V 472 -652532.12 -167169.70
V 480 -652526.45 -167175.37
V 488 -652518.70 -167177.45
V 496 -652419.20 -167177.45
V 504 -652419.20 -167217.45
V 512 -652518.70 -167217.45
V 520 -652526.45 -167219.53
V 528 -652532.12 -167225.20
V 536 -652534.20 -167232.95
V 544 -652534.20 -167303.95
V 552 -652532.12 -167311.70
V 560 -652526.45 -167317.37
V 568 -652518.70 -167319.45
V 576 -652419.20 -167319.45
V 584 -652419.20 -167359.45
V 592 -652518.70 -167359.45
V 600 -652526.45 -167361.53
V 608 -652532.12 -167367.20
V 616 -652534.20 -167374.95
V 624 -652534.20 -167445.95
V 632 -652532.12 -167453.70
V 640 -652526.45 -167459.37
V 648 -652518.70 -167461.45
V 656 -652419.20 -167461.45
V 664 -652419.20 -167501.45
V 672 -652518.70 -167501.45
V 680 -652526.45 -167503.53
V 688 -652532.12 -167509.20
V 696 -652534.20 -167516.95
V 704 -652534.20 -167587.95
V 712 -652532.12 -167595.70
V 720 -652526.45 -167601.37
V 728 -652518.70 -167603.45
V 736 -652419.20 -167603.45
V 744 -652419.20 -167643.45
V 752 -652518.70 -167643.45
V 760 -652526.45 -167645.53
V 768 -652532.12 -167651.20
V 776 -652534.20 -167658.95
V 784 -652534.20 -167729.95
V 792 -652532.12 -167737.70
V 800 -652526.45 -167743.37
V 808 -652518.70 -167745.45
V 816 -652419.20 -167745.45
V 824 -652419.20 -167785.45
V 832 -652518.70 -167785.45
V 840 -652526.45 -167787.53
V 848 -652532.12 -167793.20
V 856 -652534.20 -167800.95
V 864 -652534.20 -167871.95
V 872 -652532.12 -167879.70
V 880 -652526.45 -167885.37
V 888 -652518.70 -167887.45
V 896 -652419.20 -167887.45
V 904 -652419.20 -167927.45
V 912 -652518.70 -167927.45
V 920 -652526.45 -167929.53
V 928 -652532.12 -167935.20
V 936 -652534.20 -167942.95
V 944 -652534.20 -168013.95
V 952 -652532.12 -168021.70
V 960 -652526.45 -168027.37
V 968 -652518.70 -168029.45
V 976 -652419.20 -168029.45
V 984 -652419.20 -168069.45
V 992 -652518.70 -168069.45
V 1000 -652526.45 -168071.53
V 1008 -652532.12 -168077.20
V 1016 -652534.20 -168084.95
V 1024 -652534.20 -168155.95
V 1032 -652532.12 -168163.70
V 1040 -652526.45 -168169.37
V 1048 -652518.70 -168171.45
V 1056 -652419.20 -168171.45
V 1064 -652419.20 -168211.45
V 1072 -652518.70 -168211.45
V 1080 -652526.45 -168213.53
V 1088 -652532.12 -168219.20
V 1096 -652534.20 -168226.95
V 1104 -652534.20 -168297.95
V 1112 -652532.12 -168305.70
V 1120 -652526.45 -168311.37
V 1128 -652518.70 -168313.45
V 1136 -652419.20 -168313.45
V 1144 -652419.20 -168353.45
V 1152 -652518.70 -168353.45
V 1160 -652526.45 -168355.53
V 1168 -652532.12 -168361.20
V 1176 -652534.20 -168368.95
V 1184 -652534.20 -168439.95
V 1192 -652532.12 -168447.70
V 1200 -652526.45 -168453.37
V 1208 -652518.70 -168455.45
V 1216 -652419.20 -168455.45
V 1224 -652419.20 -168495.45
V 1232 -652518.70 -168495.45
V 1240 -652526.45 -168497.53
V 1248 -652532.12 -168503.20
V 1256 -652534.20 -168510.95
V 1264 -652534.20 -168581.95
V 1272 -652532.12 -168589.70
V 1280 -652526.45 -168595.37
V 1288 -652518.70 -168597.45
V 1296 -652419.20 -168597.45
V 1304 -652419.20 -168637.45
V 1312 -652518.70 -168637.45
V 1320 -652526.45 -168639.53
V 1328 -652532.12 -168645.20
V 1336 -652534.20 -168652.95
V 1344 -652534.20 -168723.95
V 1352 -652532.12 -168731.70
V 1360 -652526.45 -168737.37
V 1368 -652518.70 -168739.45
V 1376 -652419.20 -168739.45
V 1384 -652419.20 -168779.45
V 1392 -652518.70 -168779.45
V 1400 -652526.45 -168781.53
V 1408 -652532.12 -168787.20
V 1416 -652534.20 -168794.95
V 1424 -652534.20 -168865.95
V 1432 -652532.12 -168873.70
V 1440 -652526.45 -168879.37
V 1448 -652518.70 -168881.45
V 1456 -652419.20 -168881.45
V 1464 -652419.20 -168921.45
V 1472 -652518.70 -168921.45
V 1480 -652526.45 -168923.53
V 1488 -652532.12 -168929.20
V 1496 -652534.20 -168936.95
V 1504 -652534.20 -169007.95
V 1512 -652532.12 -169015.70
V 1520 -652526.45 -169021.37
V 1528 -652518.70 -169023.45
V 1536 -652419.20 -169023.45
V 1544 -652419.20 -169063.45
V 1552 -652518.70 -169063.45
V 1560 -652526.45 -169065.53
V 1568 -652532.12 -169071.20
V 1576 -652534.20 -169078.95
V 1584 -652534.20 -169149.95
V 1592 -652532.12 -169157.70
V 1600 -652526.45 -169163.37
V 1608 -652518.70 -169165.45
V 1616 -652419.20 -169165.45
V 1624 -652419.20 -169205.45
V 1632 -652518.70 -169205.45
V 1640 -652526.45 -169207.53
V 1648 -652532.12 -169213.20
V 1656 -652534.20 -169220.95
V 1664 -652534.20 -169291.95
V 1672 -652532.12 -169299.70
V 1680 -652526.45 -169305.37
V 1688 -652518.70 -169307.45
V 1696 -652419.20 -169307.45
V 1704 -652419.20 -169347.45
V 1712 -652518.70 -169347.45
V 1720 -652526.45 -169349.53
V 1728 -652532.12 -169355.20
V 1736 -652534.20 -169362.95
V 1744 -652534.20 -169433.95
V 1752 -652532.12 -169441.70
V 1760 -652526.45 -169447.37
V 1768 -652518.70 -169449.45
V 1776 -652419.20 -169449.45
V 1784 -652419.20 -169489.45
V 1792 -652518.70 -169489.45
V 1800 -652526.45 -169491.53
V 1808 -652532.12 -169497.20
V 1816 -652534.20 -169504.95
V 1824 -652534.20 -169575.95
V 1832 -652532.12 -169583.70
V 1840 -652526.45 -169589.37
V 1848 -652518.70 -169591.45
V 1856 -652419.20 -169591.45
V 1864 -652419.20 -169631.45
V 1872 -652518.70 -169631.45
V 1880 -652526.45 -169633.53
V 1888 -652532.12 -169639.20
V 1896 -652534.20 -169646.95
V 1904 -652534.20 -169717.95
V 1912 -652532.12 -169725.70
V 1920 -652526.45 -169731.37
V 1928 -652518.70 -169733.45
V 1936 -652419.20 -169733.45
V 1944 -652419.20 -169773.45
V 1952 -652518.70 -169773.45
V 1960 -652526.45 -169775.53
V 1968 -652532.12 -169781.20
V 1976 -652534.20 -169788.95
V 1984 -652534.20 -169859.95
V 1992 -652532.12 -169867.70
V 2000 -652526.45 -169873.37
V 2008 -652518.70 -169875.45
V 2016 -652419.20 -169875.45
V 2024 -652419.20 -169915.45
V 2032 -652518.70 -169915.45
V 2040 -652526.45 -169917.53
V 2048 -652532.12 -169923.20
V 2056 -652534.20 -169930.95
V 2064 -652534.20 -170001.95
V 2072 -652532.12 -170009.70
V 2080 -652526.45 -170015.37
V 2088 -652518.70 -170017.45
V 2096 -652419.20 -170017.45
V 2104 -652419.20 -170057.45
V 2112 -652518.70 -170057.45
V 2120 -652526.45 -170059.53
V 2128 -652532.12 -170065.20
V 2136 -652534.20 -170072.95
V 2144 -652534.20 -170143.95
V 2152 -652532.12 -170151.70
V 2160 -652526.45 -170157.37
V 2168 -652518.70 -170159.45
V 2176 -652419.20 -170159.45
V 2184 -652419.20 -170199.45
V 2192 -652518.70 -170199.45
V 2200 -652526.45 -170201.53
V 2208 -652532.12 -170207.20
V 2216 -652534.20 -170214.95
V 2224 -652534.20 -170285.95
V 2232 -652532.12 -170293.70
V 2240 -652526.45 -170299.37
V 2248 -652518.70 -170301.45
V 2256 -652419.20 -170301.45
V 2264 -652419.20 -170341.45
V 2272 -652518.70 -170341.45
V 2280 -652526.45 -170343.53
V 2288 -652532.12 -170349.20
V 2296 -652534.20 -170356.95
V 2304 -652534.20 -170427.95
V 2312 -652532.12 -170435.70
V 2320 -652526.45 -170441.37
V 2328 -652518.70 -170443.45
V 2336 -652419.20 -170443.45
V 2344 -652419.20 -170483.45
V 2352 -652518.70 -170483.45
V 2360 -652526.45 -170485.53
V 2368 -652532.12 -170491.20
V 2376 -652534.20 -170498.95
V 2384 -652534.20 -170569.95
V 2392 -652532.12 -170577.70
V 2400 -652526.45 -170583.37
V 2408 -652518.70 -170585.45
V 2416 -652419.20 -170585.45
V 2424 -652419.20 -170625.45
V 2432 -652518.70 -170625.45
V 2440 -652526.45 -170627.53
V 2448 -652532.12 -170633.20
V 2456 -652534.20 -170640.95
V 2464 -652534.20 -170711.95
V 2472 -652532.12 -170719.70
V 2480 -652526.45 -170725.37
V 2488 -652518.70 -170727.45
V 2496 -652419.20 -170727.45
V 2504 -652419.20 -170767.45
V 2512 -652518.70 -170767.45
V 2520 -652526.45 -170769.53
V 2528 -652532.12 -170775.20
V 2536 -652534.20 -170782.95
V 2544 -652534.20 -170853.95
V 2552 -652532.12 -170861.70
V 2560 -652526.45 -170867.37
V 2568 -652518.70 -170869.45
V 2576 -652419.20 -170869.45
V 2584 -652419.20 -170909.45
V 2592 -652518.70 -170909.45
V 2600 -652526.45 -170911.53
V 2608 -652532.12 -170917.20
V 2616 -652534.20 -170924.95
V 2624 -652534.20 -170995.95
V 2632 -652532.12 -171003.70
V 2640 -652526.45 -171009.37
V 2648 -652518.70 -171011.45
V 2656 -652419.20 -171011.45
V 2664 -652419.20 -171051.45
V 2672 -652518.70 -171051.45
V 2680 -652526.45 -171053.53
V 2688 -652532.12 -171059.20
V 2696 -652534.20 -171066.95
V 2704 -652534.20 -171137.95
V 2712 -652532.12 -171145.70
V 2720 -652526.45 -171151.37
V 2728 -652518.70 -171153.45
V 2736 -652419.20 -171153.45
V 2744 -652419.20 -171193.45
V 2752 -652518.70 -171193.45
V 2760 -652526.45 -171195.53
V 2768 -652532.12 -171201.20
V 2776 -652534.20 -171208.95
V 2784 -652534.20 -171279.95
V 2792 -652532.12 -171287.70
V 2800 -652526.45 -171293.37
V 2808 -652518.70 -171295.45
V 2816 -652419.20 -171295.45
V 2824 -652419.20 -171335.45
V 2832 -652518.70 -171335.45
V 2840 -652526.45 -171337.53
V 2848 -652532.12 -171343.20
V 2856 -652534.20 -171350.95
V 2864 -652534.20 -171421.95
V 2872 -652532.12 -171429.70
V 2880 -652526.45 -171435.37
V 2888 -652518.70 -171437.45
V 2896 -652419.20 -171437.45
V 2904 -652419.20 -171477.45
V 2912 -652518.70 -171477.45
V 2920 -652526.45 -171479.53
V 2928 -652532.12 -171485.20
V 2936 -652534.20 -171492.95
V 2944 -652534.20 -171563.95
V 2952 -652532.12 -171571.70
V 2960 -652526.45 -171577.37
V 2968 -652518.70 -171579.45
V 2976 -652419.20 -171579.45
V 2984 -652419.20 -171619.45
V 2992 -652518.70 -171619.45
V 3000 -652526.45 -171621.53
V 3008 -652532.12 -171627.20
V 3016 -652534.20 -171634.95
V 3024 -652534.20 -171705.95
V 3032 -652532.12 -171713.70
V 3040 -652526.45 -171719.37
V 3048 -652518.70 -171721.45
V 3056 -652419.20 -171721.45
V 3064 -652419.20 -171761.45
V 3072 -652518.70 -171761.45
V 3080 -652526.45 -171763.53
V 3088 -652532.12 -171769.20
V 3096 -652534.20 -171776.95
V 3104 -652534.20 -171847.95
V 3112 -652532.12 -171855.70
V 3120 -652526.45 -171861.37
V 3128 -652518.70 -171863.45
V 3136 -652419.20 -171863.45
V 3144 -652419.20 -171903.45
V 3152 -652518.70 -171903.45
V 3160 -652526.45 -171905.53
V 3168 -652532.12 -171911.20
V 3176 -652534.20 -171918.95
V 3184 -652534.20 -171989.95
V 3192 -652532.12 -171997.70
V 3200 -652526.45 -172003.37
V 3208 -652518.70 -172005.45
V 3216 -652419.20 -172005.45
V 3224 -652419.20 -172045.45
V 3232 -652518.70 -172045.45
V 3240 -652526.45 -172047.53
V 3248 -652532.12 -172053.20
V 3256 -652534.20 -172060.95
V 3264 -652534.20 -172131.95
V 3272 -652532.12 -172139.70
V 3280 -652526.45 -172145.37
V 3288 -652518.70 -172147.45
V 3296 -652419.20 -172147.45
V 3304 -652419.20 -172187.45
V 3312 -652518.70 -172187.45
V 3320 -652526.45 -172189.53
V 3328 -652532.12 -172195.20
V 3336 -652534.20 -172202.95
V 3344 -652534.20 -172273.95
V 3352 -652532.12 -172281.70
V 3360 -652526.45 -172287.37
V 3368 -652518.70 -172289.45
V 3376 -652419.20 -172289.45
V 3384 -652419.20 -172329.45
V 3392 -652518.70 -172329.45
V 3400 -652526.45 -172331.53
V 3408 -652532.12 -172337.20
V 3416 -652534.20 -172344.95
V 3424 -652534.20 -172415.95
V 3432 -652532.12 -172423.70
V 3440 -652526.45 -172429.37
V 3448 -652518.70 -172431.45
V 3456 -652419.20 -172431.45
V 3464 -652419.20 -172471.45
V 3472 -652518.70 -172471.45
V 3480 -652526.45 -172473.53
V 3488 -652532.12 -172479.20
V 3496 -652534.20 -172486.95
V 3504 -652534.20 -172557.95
V 3512 -652532.12 -172565.70
V 3520 -652526.45 -172571.37
V 3528 -652518.70 -172573.45
V 3536 -652419.20 -172573.45
V 3544 -652419.20 -172613.45
V 3552 -652518.70 -172613.45
V 3560 -652526.45 -172615.53
V 3568 -652532.12 -172621.20
V 3576 -652534.20 -172628.95
V 3584 -652534.20 -172699.95
V 3592 -652532.12 -172707.70
V 3600 -652526.45 -172713.37
V 3608 -652518.70 -172715.45
V 3616 -652419.20 -172715.45
V 3624 -652419.20 -172755.45
V 3632 -652518.70 -172755.45
V 3640 -652526.45 -172757.53
V 3648 -652532.12 -172763.20
V 3656 -652534.20 -172770.95
V 3664 -652534.20 -172841.95
V 3672 -652532.12 -172849.70
V 3680 -652526.45 -172855.37
V 3688 -652518.70 -172857.45
V 3696 -652419.20 -172857.45
V 3704 -652419.20 -172897.45
V 3712 -652518.70 -172897.45
V 3720 -652526.45 -172899.53
V 3728 -652532.12 -172905.20
V 3736 -652534.20 -172912.95
V 3744 -652534.20 -172983.95
V 3752 -652532.12 -172991.70
V 3760 -652526.45 -172997.37
V 3768 -652518.70 -172999.45
V 3776 -652419.20 -172999.45
V 3784 -652419.20 -173039.45
V 3792 -652518.70 -173039.45
V 3800 -652526.45 -173041.53
V 3808 -652532.12 -173047.20
V 3816 -652534.20 -173054.95
V 3824 -652534.20 -173125.95
V 3832 -652532.12 -173133.70
V 3840 -652526.45 -173139.37
V 3848 -652518.70 -173141.45
V 3856 -652419.20 -173141.45
V 3864 -652419.20 -173181.45
V 3872 -652518.70 -173181.45
V 3880 -652526.45 -173183.53
V 3888 -652532.12 -173189.20
V 3896 -652534.20 -173196.95
V 3904 -652534.20 -173267.95
V 3912 -652532.12 -173275.70
V 3920 -652526.45 -173281.37
V 3928 -652518.70 -173283.45
V 3936 -652419.20 -173283.45
V 3944 -652419.20 -173323.45
V 3952 -652518.70 -173323.45
V 3960 -652526.45 -173325.53
V 3968 -652532.12 -173331.20
V 3976 -652534.20 -173338.95
V 3984 -652534.20 -173409.95
V 3992 -652532.12 -173417.70
V 4000 -652526.45 -173423.37
V 4008 -652518.70 -173425.45
V 4016 -652419.20 -173425.45
V 4024 -652419.20 -173465.45
V 4032 -652518.70 -173465.45
V 4040 -652526.45 -173467.53
V 4048 -652532.12 -173473.20
V 4056 -652534.20 -173480.95
V 4064 -652534.20 -173551.95
V 4072 -652532.12 -173559.70
V 4080 -652526.45 -173565.37
V 4088 -652518.70 -173567.45
V 4096 -652419.20 -173567.45
V 4104 -652419.20 -173607.45
V 4112 -652518.70 -173607.45
V 4120 -652526.45 -173609.53
V 4128 -652532.12 -173615.20
V 4136 -652534.20 -173622.95
V 4144 -652534.20 -173693.95
V 4152 -652532.12 -173701.70
V 4160 -652526.45 -173707.37
V 4168 -652518.70 -173709.45
V 4176 -652419.20 -173709.45
V 4184 -652419.20 -173749.45
V 4192 -652518.70 -173749.45
V 4200 -652526.45 -173751.53
V 4208 -652532.12 -173757.20
V 4216 -652534.20 -173764.95
V 4224 -652534.20 -173835.95
V 4232 -652532.12 -173843.70
V 4240 -652526.45 -173849.37
V 4248 -652518.70 -173851.45
V 4256 -652419.20 -173851.45
V 4264 -652419.20 -173891.45
V 4272 -652518.70 -173891.45
V 4280 -652526.45 -173893.53
V 4288 -652532.12 -173899.20
V 4296 -652534.20 -173906.95
V 4304 -652534.20 -173977.95
V 4312 -652532.12 -173985.70
V 4320 -652526.45 -173991.37
V 4328 -652518.70 -173993.45
V 4336 -652419.20 -173993.45
V 4344 -652419.20 -174033.45
V 4352 -652518.70 -174033.45
V 4360 -652526.45 -174035.53
V 4368 -652532.12 -174041.20
V 4376 -652534.20 -174048.95
V 4384 -652534.20 -174119.95
V 4392 -652532.12 -174127.70
V 4400 -652526.45 -174133.37
V 4408 -652518.70 -174135.45
V 4416 -652419.20 -174135.45
V 4424 -652419.20 -174175.45
V 4432 -652518.70 -174175.45
V 4440 -652526.45 -174177.53
V 4448 -652532.12 -174183.20
V 4456 -652534.20 -174190.95
V 4464 -652534.20 -174261.95
V 4472 -652532.12 -174269.70
V 4480 -652526.45 -174275.37
V 4488 -652518.70 -174277.45
V 4496 -652419.20 -174277.45
V 4504 -652419.20 -174317.45
V 4512 -652518.70 -174317.45
V 4520 -652526.45 -174319.53
V 4528 -652532.12 -174325.20
V 4536 -652534.20 -174332.95
V 4544 -652534.20 -174403.95
V 4552 -652532.12 -174411.70
V 4560 -652526.45 -174417.37
V 4568 -652518.70 -174419.45
V 4576 -652419.20 -174419.45
V 4584 -652419.20 -174459.45
V 4592 -652518.70 -174459.45
V 4600 -652526.45 -174461.53
V 4608 -652532.12 -174467.20
V 4616 -652534.20 -174474.95
V 4624 -652534.20 -174545.95
V 4632 -652532.12 -174553.70
V 4640 -652526.45 -174559.37
V 4648 -652518.70 -174561.45
V 4656 -652419.20 -174561.45
V 4664 -652419.20 -174601.45
V 4672 -652518.70 -174601.45
V 4680 -652526.45 -174603.53
V 4688 -652532.12 -174609.20
V 4696 -652534.20 -174616.95
V 4704 -652534.20 -174687.95
V 4712 -652532.12 -174695.70
V 4720 -652526.45 -174701.37
V 4728 -652518.70 -174703.45
V 4736 -652419.20 -174703.45
V 4744 -652419.20 -174743.45
V 4752 -652518.70 -174743.45
V 4760 -652526.45 -174745.53
V 4768 -652532.12 -174751.20
V 4776 -652534.20 -174758.95
V 4784 -652534.20 -174829.95
V 4792 -652532.12 -174837.70
V 4800 -652526.45 -174843.37
V 4808 -652518.70 -174845.45
V 4816 -652419.20 -174845.45
V 4824 -652419.20 -174885.45
V 4832 -652518.70 -174885.45
V 4840 -652526.45 -174887.53
V 4848 -652532.12 -174893.20
V 4856 -652534.20 -174900.95
V 4864 -652534.20 -174971.95
V 4872 -652532.12 -174979.70
V 4880 -652526.45 -174985.37
V 4888 -652518.70 -174987.45
V 4896 -652419.20 -174987.45
V 4904 -652419.20 -175027.45
V 4912 -652518.70 -175027.45
V 4920 -652526.45 -175029.53
V 4928 -652532.12 -175035.20
V 4936 -652534.20 -175042.95
V 4944 -652534.20 -175113.95
V 4952 -652532.12 -175121.70
V 4960 -652526.45 -175127.37
V 4968 -652518.70 -175129.45
V 4976 -652419.20 -175129.45
V 4984 -652419.20 -175169.45
V 4992 -652518.70 -175169.45
V 5000 -652526.45 -175171.53
V 5008 -652532.12 -175177.20
V 5016 -652534.20 -175184.95
V 5024 -652534.20 -175255.95
V 5032 -652532.12 -175263.70
V 5040 -652526.45 -175269.37
V 5048 -652518.70 -175271.45
V 5056 -652419.20 -175271.45
V 5064 -652419.20 -175311.45
V 5072 -652518.70 -175311.45
V 5080 -652526.45 -175313.53
V 5088 -652532.12 -175319.20
V 5096 -652534.20 -175326.95
V 5104 -652534.20 -175397.95
V 5112 -652532.12 -175405.70
V 5120 -652526.45 -175411.37
V 5128 -652518.70 -175413.45
V 5136 -652419.20 -175413.45
V 5144 -652419.20 -175453.45
V 5152 -652518.70 -175453.45
V 5160 -652526.45 -175455.53
V 5168 -652532.12 -175461.20
V 5176 -652534.20 -175468.95
V 5184 -652534.20 -175539.95
V 5192 -652532.12 -175547.70
V 5200 -652526.45 -175553.37
V 5208 -652518.70 -175555.45
V 5216 -652419.20 -175555.45
V 5224 -652419.20 -175595.45
V 5232 -652518.70 -175595.45
V 5240 -652526.45 -175597.53
V 5248 -652532.12 -175603.20
V 5256 -652534.20 -175610.95
V 5264 -652534.20 -175681.95
V 5272 -652532.12 -175689.70
V 5280 -652526.45 -175695.37
V 5288 -652518.70 -175697.45
V 5296 -652419.20 -175697.45
V 5304 -652419.20 -175737.45
V 5312 -652518.70 -175737.45
V 5320 -652526.45 -175739.53
V 5328 -652532.12 -175745.20
V 5336 -652534.20 -175752.95
V 5344 -652534.20 -175823.95
V 5352 -652532.12 -175831.70
V 5360 -652526.45 -175837.37
V 5368 -652518.70 -175839.45
V 5376 -652419.20 -175839.45
V 5384 -652419.20 -175879.45
V 5392 -652518.70 -175879.45
V 5400 -652526.45 -175881.53
V 5408 -652532.12 -175887.20
V 5416 -652534.20 -175894.95
V 5424 -652534.20 -175965.95
V 5432 -652532.12 -175973.70
V 5440 -652526.45 -175979.37
V 5448 -652518.70 -175981.45
V 5456 -652419.20 -175981.45
V 5464 -652419.20 -176021.45
V 5472 -652518.70 -176021.45
V 5480 -652526.45 -176023.53
V 5488 -652532.12 -176029.20
V 5496 -652534.20 -176036.95
V 5504 -652534.20 -176107.95
V 5512 -652532.12 -176115.70
V 5520 -652526.45 -176121.37
V 5528 -652518.70 -176123.45
V 5536 -652419.20 -176123.45
V 5544 -652419.20 -176163.45
V 5552 -652518.70 -176163.45
V 5560 -652526.45 -176165.53
V 5568 -652532.12 -176171.20
V 5576 -652534.20 -176178.95
V 5584 -652534.20 -176249.95
V 5592 -652532.12 -176257.70
V 5600 -652526.45 -176263.37
V 5608 -652518.70 -176265.45
V 5616 -652419.20 -176265.45
V 5624 -652419.20 -176305.45
V 5632 -652518.70 -176305.45
V 5640 -652526.45 -176307.53
V 5648 -652532.12 -176313.20
V 5656 -652534.20 -176320.95
V 5664 -652534.20 -176391.95
V 5672 -652532.12 -176399.70
V 5680 -652526.45 -176405.37
V 5688 -652518.70 -176407.45
V 5696 -652419.20 -176407.45
V 5704 -652419.20 -176447.45
V 5712 -652518.70 -176447.45
V 5720 -652526.45 -176449.53
V 5728 -652532.12 -176455.20
V 5736 -652534.20 -176462.95
V 5744 -652534.20 -176533.95
V 5752 -652532.12 -176541.70
V 5760 -652526.45 -176547.37
V 5768 -652518.70 -176549.45
V 5776 -652419.20 -176549.45
V 5784 -652419.20 -176589.45
V 5792 -652518.70 -176589.45
V 5800 -652526.45 -176591.53
V 5808 -652532.12 -176597.20
V 5816 -652534.20 -176604.95
V 5824 -652534.20 -176675.95
V 5832 -652532.12 -176683.70
V 5840 -652526.45 -176689.37
V 5848 -652518.70 -176691.45
V 5856 -652419.20 -176691.45
V 5864 -652419.20 -176731.45
V 5872 -652518.70 -176731.45
V 5880 -652526.45 -176733.53
V 5888 -652532.12 -176739.20
V 5896 -652534.20 -176746.95
V 5904 -652534.20 -176817.95
V 5912 -652532.12 -176825.70
V 5920 -652526.45 -176831.37
V 5928 -652518.70 -176833.45
V 5936 -652419.20 -176833.45
V 5944 -652419.20 -176873.45
V 5952 -652518.70 -176873.45
V 5960 -652526.45 -176875.53
V 5968 -652532.12 -176881.20
V 5976 -652534.20 -176888.95
V 5984 -652534.20 -176959.95
V 5992 -652532.12 -176967.70
V 6000 -652526.45 -176973.37
V 6008 -652518.70 -176975.45
V 6016 -652419.20 -176975.45
V 6024 -652419.20 -177015.45
V 6032 -652518.70 -177015.45
V 6040 -652526.45 -177017.53
V 6048 -652532.12 -177023.20
V 6056 -652534.20 -177030.95
V 6064 -652534.20 -177101.95
V 6072 -652532.12 -177109.70
V 6080 -652526.45 -177115.37
V 6088 -652518.70 -177117.45
V 6096 -652419.20 -177117.45
V 6104 -652419.20 -177157.45
V 6112 -652518.70 -177157.45
V 6120 -652526.45 -177159.53
V 6128 -652532.12 -177165.20
V 6136 -652534.20 -177172.95
V 6144 -652534.20 -177243.95
V 6152 -652532.12 -177251.70
V 6160 -652526.45 -177257.37
V 6168 -652518.70 -177259.45
V 6176 -652419.20 -177259.45
V 6184 -652419.20 -177299.45
V 6192 -652518.70 -177299.45
V 6200 -652526.45 -177301.53
V 6208 -652532.12 -177307.20
V 6216 -652534.20 -177314.95
V 6224 -652534.20 -177385.95
V 6232 -652532.12 -177393.70
V 6240 -652526.45 -177399.37
V 6248 -652518.70 -177401.45
V 6256 -652419.20 -177401.45
V 6264 -652419.20 -177441.45
V 6272 -652518.70 -177441.45
V 6280 -652526.45 -177443.53
V 6288 -652532.12 -177449.20
V 6296 -652534.20 -177456.95
V 6304 -652534.20 -177527.95
V 6312 -652532.12 -177535.70
V 6320 -652526.45 -177541.37
V 6328 -652518.70 -177543.45
V 6336 -652419.20 -177543.45
V 6344 -652419.20 -177583.45
V 6352 -652518.70 -177583.45
V 6360 -652526.45 -177585.53
V 6368 -652532.12 -177591.20
V 6376 -652534.20 -177598.95
V 6384 -652534.20 -177669.95
V 6392 -652532.12 -177677.70
V 6400 -652526.45 -177683.37
V 6408 -652518.70 -177685.45
V 6416 -652419.20 -177685.45
V 6424 -652419.20 -177725.45
V 6432 -652518.70 -177725.45
V 6440 -652526.45 -177727.53
V 6448 -652532.12 -177733.20
V 6456 -652534.20 -177740.95
V 6464 -652534.20 -177811.95
V 6472 -652532.12 -177819.70
V 6480 -652526.45 -177825.37
V 6488 -652518.70 -177827.45
V 6496 -652419.20 -177827.45
V 6504 -652419.20 -177867.45
V 6512 -652518.70 -177867.45
V 6520 -652526.45 -177869.53
V 6528 -652532.12 -177875.20
V 6536 -652534.20 -177882.95
V 6544 -652534.20 -177953.95
V 6552 -652532.12 -177961.70
V 6560 -652526.45 -177967.37
V 6568 -652518.70 -177969.45
V 6576 -652419.20 -177969.45
V 6584 -652419.20 -178009.45
V 6592 -652518.70 -178009.45
V 6600 -652526.45 -178011.53
V 6608 -652532.12 -178017.20
V 6616 -652534.20 -178024.95
V 6624 -652534.20 -178095.95
V 6632 -652532.12 -178103.70
V 6640 -652526.45 -178109.37
V 6648 -652518.70 -178111.45
V 6656 -652419.20 -178111.45
V 6664 -652419.20 -178151.45
V 6672 -652518.70 -178151.45
V 6680 -652526.45 -178153.53
V 6688 -652532.12 -178159.20
V 6696 -652534.20 -178166.95
V 6704 -652534.20 -178237.95
V 6712 -652532.12 -178245.70
V 6720 -652526.45 -178251.37
V 6728 -652518.70 -178253.45
V 6736 -652419.20 -178253.45
V 6744 -652419.20 -178293.45
V 6752 -652518.70 -178293.45
V 6760 -652526.45 -178295.53
V 6768 -652532.12 -178301.20
V 6776 -652534.20 -178308.95
V 6784 -652534.20 -178379.95
V 6792 -652532.12 -178387.70
V 6800 -652526.45 -178393.37
V 6808 -652518.70 -178395.45
V 6816 -652476.70 -178395.45
V 6824 -652476.70 -178404.45
V 6832 -652445.70 -178404.45
V 6840 -652445.70 -178379.95
V 6848 -652445.74 -178378.84
V 6856 -652445.86 -178377.74
V 6864 -652446.05 -178376.66
V 6872 -652446.33 -178375.58
V 6880 -652446.68 -178374.53
V 6888 -652447.10 -178373.51
V 6896 -652447.60 -178372.52
V 6904 -652448.16 -178371.57
V 6912 -652448.79 -178370.66
V 6920 -652449.49 -178369.80
V 6928 -652450.24 -178368.99
V 6936 -652451.05 -178368.24
V 6944 -652451.91 -178367.54
V 6952 -652452.82 -178366.91
V 6960 -652453.77 -178366.35
V 6968 -652454.76 -178365.85
V 6976 -652455.78 -178365.43
V 6984 -652456.83 -178365.08
V 6992 -652457.91 -178364.80
V 7000 -652458.99 -178364.61
V 7008 -652460.09 -178364.49
V 7016 -652461.20 -178364.45
V 7024 -652503.20 -178364.45
V 7032 -652503.20 -178324.45
V 7040 -652403.70 -178324.45
V 7048 -652395.95 -178322.37
V 7056 -652390.28 -178316.70
V 7064 -652388.20 -178308.95
V 7072 -652388.20 -178237.95
V 7080 -652390.28 -178230.20
V 7088 -652395.95 -178224.53
V 7096 -652403.70 -178222.45
V 7104 -652503.20 -178222.45
V 7112 -652503.20 -178182.45
V 7120 -652403.70 -178182.45
V 7128 -652395.95 -178180.37
V 7136 -652390.28 -178174.70
V 7144 -652388.20 -178166.95
V 7152 -652388.20 -178095.95
V 7160 -652390.28 -178088.20
V 7168 -652395.95 -178082.53
V 7176 -652403.70 -178080.45
V 7184 -652503.20 -178080.45
V 7192 -652503.20 -178040.45
V 7200 -652403.70 -178040.45
V 7208 -652395.95 -178038.37
V 7216 -652390.28 -178032.70
V 7224 -652388.20 -178024.95
V 7232 -652388.20 -177953.95
V 7240 -652390.28 -177946.20
V 7248 -652395.95 -177940.53
V 7256 -652403.70 -177938.45
V 7264 -652503.20 -177938.45
V 7272 -652503.20 -177898.45
V 7280 -652403.70 -177898.45
V 7288 -652395.95 -177896.37
V 7296 -652390.28 -177890.70
V 7304 -652388.20 -177882.95
V 7312 -652388.20 -177811.95
V 7320 -652390.28 -177804.20
V 7328 -652395.95 -177798.53
V 7336 -652403.70 -177796.45
V 7344 -652503.20 -177796.45
V 7352 -652503.20 -177756.45
V 7360 -652403.70 -177756.45
V 7368 -652395.95 -177754.37
V 7376 -652390.28 -177748.70
V 7384 -652388.20 -177740.95
V 7392 -652388.20 -177669.95
V 7400 -652390.28 -177662.20
V 7408 -652395.95 -177656.53
V 7416 -652403.70 -177654.45
V 7424 -652503.20 -177654.45
V 7432 -652503.20 -177614.45
V 7440 -652403.70 -177614.45
V 7448 -652395.95 -177612.37
V 7456 -652390.28 -177606.70
V 7464 -652388.20 -177598.95
V 7472 -652388.20 -177527.95
V 7480 -652390.28 -177520.20
V 7488 -652395.95 -177514.53
V 7496 -652403.70 -177512.45
V 7504 -652503.20 -177512.45
V 7512 -652503.20 -177472.45
V 7520 -652403.70 -177472.45
V 7528 -652395.95 -177470.37
V 7536 -652390.28 -177464.70
V 7544 -652388.20 -177456.95
V 7552 -652388.20 -177385.95
V 7560 -652390.28 -177378.20
V 7568 -652395.95 -177372.53
V 7576 -652403.70 -177370.45
V 7584 -652503.20 -177370.45
V 7592 -652503.20 -177330.45
V 7600 -652403.70 -177330.45
V 7608 -652395.95 -177328.37
V 7616 -652390.28 -177322.70
V 7624 -652388.20 -177314.95
V 7632 -652388.20 -177243.95
V 7640 -652390.28 -177236.20
V 7648 -652395.95 -177230.53
V 7656 -652403.70 -177228.45
V 7664 -652503.20 -177228.45
V 7672 -652503.20 -177188.45
V 7680 -652403.70 -177188.45
V 7688 -652395.95 -177186.37
V 7696 -652390.28 -177180.70
V 7704 -652388.20 -177172.95
V 7712 -652388.20 -177101.95
V 7720 -652390.28 -177094.20
V 7728 -652395.95 -177088.53
V 7736 -652403.70 -177086.45
V 7744 -652503.20 -177086.45
V 7752 -652503.20 -177046.45
V 7760 -652403.70 -177046.45
V 7768 -652395.95 -177044.37
V 7776 -652390.28 -177038.70
V 7784 -652388.20 -177030.95
V 7792 -652388.20 -176959.95
V 7800 -652390.28 -176952.20
V 7808 -652395.95 -176946.53
V 7816 -652403.70 -176944.45
V 7824 -652503.20 -176944.45
V 7832 -652503.20 -176904.45
V 7840 -652403.70 -176904.45
V 7848 -652395.95 -176902.37
V 7856 -652390.28 -176896.70
V 7864 -652388.20 -176888.95
V 7872 -652388.20 -176817.95
V 7880 -652390.28 -176810.20
V 7888 -652395.95 -176804.53
V 7896 -652403.70 -176802.45
V 7904 -652503.20 -176802.45
V 7912 -652503.20 -176762.45
V 7920 -652403.70 -176762.45
V 7928 -652395.95 -176760.37
V 7936 -652390.28 -176754.70
V 7944 -652388.20 -176746.95
V 7952 -652388.20 -176675.95
V 7960 -652390.28 -176668.20
V 7968 -652395.95 -176662.53
V 7976 -652403.70 -176660.45
V 7984 -652503.20 -176660.45
V 7992 -652503.20 -176620.45
V 8000 -652403.70 -176620.45
V 8008 -652395.95 -176618.37
V 8016 -652390.28 -176612.70
V 8024 -652388.20 -176604.95
V 8032 -652388.20 -176533.95
V 8040 -652390.28 -176526.20
V 8048 -652395.95 -176520.53
V 8056 -652403.70 -176518.45
V 8064 -652503.20 -176518.45
V 8072 -652503.20 -176478.45
V 8080 -652403.70 -176478.45
V 8088 -652395.95 -176476.37
V 8096 -652390.28 -176470.70
V 8104 -652388.20 -176462.95
V 8112 -652388.20 -176391.95
V 8120 -652390.28 -176384.20
V 8128 -652395.95 -176378.53
V 8136 -652403.70 -176376.45
V 8144 -652503.20 -176376.45
V 8152 -652503.20 -176336.45
V 8160 -652403.70 -176336.45
V 8168 -652395.95 -176334.37
V 8176 -652390.28 -176328.70
V 8184 -652388.20 -176320.95
V 8192 -652388.20 -176249.95
V 8200 -652390.28 -176242.20
V 8208 -652395.95 -176236.53
V 8216 -652403.70 -176234.45
V 8224 -652503.20 -176234.45
V 8232 -652503.20 -176194.45
V 8240 -652403.70 -176194.45
V 8248 -652395.95 -176192.37
V 8256 -652390.28 -176186.70
V 8264 -652388.20 -176178.95
V 8272 -652388.20 -176107.95
V 8280 -652390.28 -176100.20
V 8288 -652395.95 -176094.53
V 8296 -652403.70 -176092.45
V 8304 -652503.20 -176092.45
V 8312 -652503.20 -176052.45
V 8320 -652403.70 -176052.45
V 8328 -652395.95 -176050.37
V 8336 -652390.28 -176044.70
V 8344 -652388.20 -176036.95
V 8352 -652388.20 -175965.95
V 8360 -652390.28 -175958.20
V 8368 -652395.95 -175952.53
V 8376 -652403.70 -175950.45
V 8384 -652503.20 -175950.45
V 8392 -652503.20 -175910.45
V 8400 -652403.70 -175910.45
V 8408 -652395.95 -175908.37
V 8416 -652390.28 -175902.70
V 8424 -652388.20 -175894.95
V 8432 -652388.20 -175823.95
V 8440 -652390.28 -175816.20
V 8448 -652395.95 -175810.53
V 8456 -652403.70 -175808.45
V 8464 -652503.20 -175808.45
V 8472 -652503.20 -175768.45
V 8480 -652403.70 -175768.45
V 8488 -652395.95 -175766.37
V 8496 -652390.28 -175760.70
V 8504 -652388.20 -175752.95
V 8512 -652388.20 -175681.95
V 8520 -652390.28 -175674.20
V 8528 -652395.95 -175668.53
V 8536 -652403.70 -175666.45
V 8544 -652503.20 -175666.45
V 8552 -652503.20 -175626.45
V 8560 -652403.70 -175626.45
V 8568 -652395.95 -175624.37
V 8576 -652390.28 -175618.70
V 8584 -652388.20 -175610.95
V 8592 -652388.20 -175539.95
V 8600 -652390.28 -175532.20
V 8608 -652395.95 -175526.53
V 8616 -652403.70 -175524.45
V 8624 -652503.20 -175524.45
V 8632 -652503.20 -175484.45
V 8640 -652403.70 -175484.45
V 8648 -652395.95 -175482.37
V 8656 -652390.28 -175476.70
V 8664 -652388.20 -175468.95
V 8672 -652388.20 -175397.95
V 8680 -652390.28 -175390.20
V 8688 -652395.95 -175384.53
V 8696 -652403.70 -175382.45
V 8704 -652503.20 -175382.45
V 8712 -652503.20 -175342.45
V 8720 -652403.70 -175342.45
V 8728 -652395.95 -175340.37
V 8736 -652390.28 -175334.70
V 8744 -652388.20 -175326.95
V 8752 -652388.20 -175255.95
V 8760 -652390.28 -175248.20
V 8768 -652395.95 -175242.53
V 8776 -652403.70 -175240.45
V 8784 -652503.20 -175240.45
V 8792 -652503.20 -175200.45
V 8800 -652403.70 -175200.45
V 8808 -652395.95 -175198.37
V 8816 -652390.28 -175192.70
V 8824 -652388.20 -175184.95
V 8832 -652388.20 -175113.95
V 8840 -652390.28 -175106.20
V 8848 -652395.95 -175100.53
V 8856 -652403.70 -175098.45
V 8864 -652503.20 -175098.45
V 8872 -652503.20 -175058.45
V 8880 -652403.70 -175058.45
V 8888 -652395.95 -175056.37
V 8896 -652390.28 -175050.70
V 8904 -652388.20 -175042.95
V 8912 -652388.20 -174971.95
V 8920 -652390.28 -174964.20
V 8928 -652395.95 -174958.53
V 8936 -652403.70 -174956.45
V 8944 -652503.20 -174956.45
V 8952 -652503.20 -174916.45
V 8960 -652403.70 -174916.45
V 8968 -652395.95 -174914.37
V 8976 -652390.28 -174908.70
V 8984 -652388.20 -174900.95
V 8992 -652388.20 -174829.95
V 9000 -652390.28 -174822.20
V 9008 -652395.95 -174816.53
V 9016 -652403.70 -174814.45
V 9024 -652503.20 -174814.45
V 9032 -652503.20 -174774.45
V 9040 -652403.70 -174774.45
V 9048 -652395.95 -174772.37
V 9056 -652390.28 -174766.70
V 9064 -652388.20 -174758.95
V 9072 -652388.20 -174687.95
V 9080 -652390.28 -174680.20
V 9088 -652395.95 -174674.53
V 9096 -652403.70 -174672.45
V 9104 -652503.20 -174672.45
V 9112 -652503.20 -174632.45
V 9120 -652403.70 -174632.45
V 9128 -652395.95 -174630.37
V 9136 -652390.28 -174624.70
V 9144 -652388.20 -174616.95
V 9152 -652388.20 -174545.95
V 9160 -652390.28 -174538.20
V 9168 -652395.95 -174532.53
V 9176 -652403.70 -174530.45
V 9184 -652503.20 -174530.45
V 9192 -652503.20 -174490.45
V 9200 -652403.70 -174490.45
V 9208 -652395.95 -174488.37
V 9216 -652390.28 -174482.70
V 9224 -652388.20 -174474.95
V 9232 -652388.20 -174403.95
V 9240 -652390.28 -174396.20
V 9248 -652395.95 -174390.53
V 9256 -652403.70 -174388.45
V 9264 -652503.20 -174388.45
V 9272 -652503.20 -174348.45
V 9280 -652403.70 -174348.45
V 9288 -652395.95 -174346.37
V 9296 -652390.28 -174340.70
V 9304 -652388.20 -174332.95
V 9312 -652388.20 -174261.95
V 9320 -652390.28 -174254.20
V 9328 -652395.95 -174248.53
V 9336 -652403.70 -174246.45
V 9344 -652503.20 -174246.45
V 9352 -652503.20 -174206.45
V 9360 -652403.70 -174206.45
V 9368 -652395.95 -174204.37
V 9376 -652390.28 -174198.70
V 9384 -652388.20 -174190.95
V 9392 -652388.20 -174119.95
V 9400 -652390.28 -174112.20
V 9408 -652395.95 -174106.53
V 9416 -652403.70 -174104.45
V 9424 -652503.20 -174104.45
V 9432 -652503.20 -174064.45
V 9440 -652403.70 -174064.45
V 9448 -652395.95 -174062.37
V 9456 -652390.28 -174056.70
V 9464 -652388.20 -174048.95
V 9472 -652388.20 -173977.95
V 9480 -652390.28 -173970.20
V 9488 -652395.95 -173964.53
V 9496 -652403.70 -173962.45
V 9504 -652503.20 -173962.45
V 9512 -652503.20 -173922.45
V 9520 -652403.70 -173922.45
V 9528 -652395.95 -173920.37
V 9536 -652390.28 -173914.70
V 9544 -652388.20 -173906.95
V 9552 -652388.20 -173835.95
V 9560 -652390.28 -173828.20
V 9568 -652395.95 -173822.53
V 9576 -652403.70 -173820.45
V 9584 -652503.20 -173820.45
V 9592 -652503.20 -173780.45
V 9600 -652403.70 -173780.45
V 9608 -652395.95 -173778.37
V 9616 -652390.28 -173772.70
V 9624 -652388.20 -173764.95
V 9632 -652388.20 -173693.95
V 9640 -652390.28 -173686.20
V 9648 -652395.95 -173680.53
V 9656 -652403.70 -173678.45
V 9664 -652503.20 -173678.45
V 9672 -652503.20 -173638.45
V 9680 -652403.70 -173638.45
V 9688 -652395.95 -173636.37
V 9696 -652390.28 -173630.70
V 9704 -652388.20 -173622.95
V 9712 -652388.20 -173551.95
V 9720 -652390.28 -173544.20
V 9728 -652395.95 -173538.53
V 9736 -652403.70 -173536.45
V 9744 -652503.20 -173536.45
V 9752 -652503.20 -173496.45
V 9760 -652403.70 -173496.45
V 9768 -652395.95 -173494.37
V 9776 -652390.28 -173488.70
V 9784 -652388.20 -173480.95
V 9792 -652388.20 -173409.95
V 9800 -652390.28 -173402.20
V 9808 -652395.95 -173396.53
V 9816 -652403.70 -173394.45
V 9824 -652503.20 -173394.45
V 9832 -652503.20 -173354.45
V 9840 -652403.70 -173354.45
V 9848 -652395.95 -173352.37
V 9856 -652390.28 -173346.70
V 9864 -652388.20 -173338.95
V 9872 -652388.20 -173267.95
V 9880 -652390.28 -173260.20
V 9888 -652395.95 -173254.53
V 9896 -652403.70 -173252.45
V 9904 -652503.20 -173252.45
V 9912 -652503.20 -173212.45
V 9920 -652403.70 -173212.45
V 9928 -652395.95 -173210.37
V 9936 -652390.28 -173204.70
V 9944 -652388.20 -173196.95
V 9952 -652388.20 -173125.95
V 9960 -652390.28 -173118.20
V 9968 -652395.95 -173112.53
V 9976 -652403.70 -173110.45
V 9984 -652503.20 -173110.45
V 9992 -652503.20 -173070.45
V 10000 -652403.70 -173070.45
V 10008 -652395.95 -173068.37
V 10016 -652390.28 -173062.70
V 10024 -652388.20 -173054.95
V 10032 -652388.20 -172983.95
V 10040 -652390.28 -172976.20
V 10048 -652395.95 -172970.53
V 10056 -652403.70 -172968.45
V 10064 -652503.20 -172968.45
V 10072 -652503.20 -172928.45
V 10080 -652403.70 -172928.45
V 10088 -652395.95 -172926.37
V 10096 -652390.28 -172920.70
V 10104 -652388.20 -172912.95
V 10112 -652388.20 -172841.95
V 10120 -652390.28 -172834.20
V 10128 -652395.95 -172828.53
V 10136 -652403.70 -172826.45
V 10144 -652503.20 -172826.45
V 10152 -652503.20 -172786.45
V 10160 -652403.70 -172786.45
V 10168 -652395.95 -172784.37
V 10176 -652390.28 -172778.70
V 10184 -652388.20 -172770.95
V 10192 -652388.20 -172699.95
V 10200 -652390.28 -172692.20
V 10208 -652395.95 -172686.53
V 10216 -652403.70 -172684.45
V 10224 -652503.20 -172684.45
V 10232 -652503.20 -172644.45
V 10240 -652403.70 -172644.45
V 10248 -652395.95 -172642.37
V 10256 -652390.28 -172636.70
V 10264 -652388.20 -172628.95
V 10272 -652388.20 -172557.95
V 10280 -652390.28 -172550.20
V 10288 -652395.95 -172544.53
V 10296 -652403.70 -172542.45
V 10304 -652503.20 -172542.45
V 10312 -652503.20 -172502.45
V 10320 -652403.70 -172502.45
V 10328 -652395.95 -172500.37
V 10336 -652390.28 -172494.70
V 10344 -652388.20 -172486.95
V 10352 -652388.20 -172415.95
V 10360 -652390.28 -172408.20
V 10368 -652395.95 -172402.53
V 10376 -652403.70 -172400.45
V 10384 -652503.20 -172400.45
V 10392 -652503.20 -172360.45
V 10400 -652403.70 -172360.45
V 10408 -652395.95 -172358.37
V 10416 -652390.28 -172352.70
V 10424 -652388.20 -172344.95
V 10432 -652388.20 -172273.95
V 10440 -652390.28 -172266.20
V 10448 -652395.95 -172260.53
V 10456 -652403.70 -172258.45
V 10464 -652503.20 -172258.45
V 10472 -652503.20 -172218.45
V 10480 -652403.70 -172218.45
V 10488 -652395.95 -172216.37
V 10496 -652390.28 -172210.70
V 10504 -652388.20 -172202.95
V 10512 -652388.20 -172131.95
V 10520 -652390.28 -172124.20
V 10528 -652395.95 -172118.53
V 10536 -652403.70 -172116.45
V 10544 -652503.20 -172116.45
V 10552 -652503.20 -172076.45
V 10560 -652403.70 -172076.45
V 10568 -652395.95 -172074.37
V 10576 -652390.28 -172068.70
V 10584 -652388.20 -172060.95
V 10592 -652388.20 -171989.95
V 10600 -652390.28 -171982.20
V 10608 -652395.95 -171976.53
V 10616 -652403.70 -171974.45
V 10624 -652503.20 -171974.45
V 10632 -652503.20 -171934.45
V 10640 -652403.70 -171934.45
V 10648 -652395.95 -171932.37
V 10656 -652390.28 -171926.70
V 10664 -652388.20 -171918.95
V 10672 -652388.20 -171847.95
V 10680 -652390.28 -171840.20
V 10688 -652395.95 -171834.53
V 10696 -652403.70 -171832.45
V 10704 -652503.20 -171832.45
V 10712 -652503.20 -171792.45
V 10720 -652403.70 -171792.45
V 10728 -652395.95 -171790.37
V 10736 -652390.28 -171784.70
V 10744 -652388.20 -171776.95
V 10752 -652388.20 -171705.95
V 10760 -652390.28 -171698.20
V 10768 -652395.95 -171692.53
V 10776 -652403.70 -171690.45
V 10784 -652503.20 -171690.45
V 10792 -652503.20 -171650.45
V 10800 -652403.70 -171650.45
V 10808 -652395.95 -171648.37
V 10816 -652390.28 -171642.70
V 10824 -652388.20 -171634.95
V 10832 -652388.20 -171563.95
V 10840 -652390.28 -171556.20
V 10848 -652395.95 -171550.53
V 10856 -652403.70 -171548.45
V 10864 -652503.20 -171548.45
V 10872 -652503.20 -171508.45
V 10880 -652403.70 -171508.45
V 10888 -652395.95 -171506.37
V 10896 -652390.28 -171500.70
V 10904 -652388.20 -171492.95
V 10912 -652388.20 -171421.95
V 10920 -652390.28 -171414.20
V 10928 -652395.95 -171408.53
V 10936 -652403.70 -171406.45
V 10944 -652503.20 -171406.45
V 10952 -652503.20 -171366.45
V 10960 -652403.70 -171366.45
V 10968 -652395.95 -171364.37
V 10976 -652390.28 -171358.70
V 10984 -652388.20 -171350.95
V 10992 -652388.20 -171279.95
V 11000 -652390.28 -171272.20
V 11008 -652395.95 -171266.53
V 11016 -652403.70 -171264.45
V 11024 -652503.20 -171264.45
V 11032 -652503.20 -171224.45
V 11040 -652403.70 -171224.45
V 11048 -652395.95 -171222.37
V 11056 -652390.28 -171216.70
V 11064 -652388.20 -171208.95
V 11072 -652388.20 -171137.95
V 11080 -652390.28 -171130.20
V 11088 -652395.95 -171124.53
V 11096 -652403.70 -171122.45
V 11104 -652503.20 -171122.45
V 11112 -652503.20 -171082.45
V 11120 -652403.70 -171082.45
V 11128 -652395.95 -171080.37
V 11136 -652390.28 -171074.70
V 11144 -652388.20 -171066.95
V 11152 -652388.20 -170995.95
V 11160 -652390.28 -170988.20
V 11168 -652395.95 -170982.53
V 11176 -652403.70 -170980.45
V 11184 -652503.20 -170980.45
V 11192 -652503.20 -170940.45
V 11200 -652403.70 -170940.45
V 11208 -652395.95 -170938.37
V 11216 -652390.28 -170932.70
V 11224 -652388.20 -170924.95
V 11232 -652388.20 -170853.95
V 11240 -652390.28 -170846.20
V 11248 -652395.95 -170840.53
V 11256 -652403.70 -170838.45
V 11264 -652503.20 -170838.45
V 11272 -652503.20 -170798.45
V 11280 -652403.70 -170798.45
V 11288 -652395.95 -170796.37
V 11296 -652390.28 -170790.70
V 11304 -652388.20 -170782.95
V 11312 -652388.20 -170711.95
V 11320 -652390.28 -170704.20
V 11328 -652395.95 -170698.53
V 11336 -652403.70 -170696.45
V 11344 -652503.20 -170696.45
V 11352 -652503.20 -170656.45
V 11360 -652403.70 -170656.45
V 11368 -652395.95 -170654.37
V 11376 -652390.28 -170648.70
V 11384 -652388.20 -170640.95
V 11392 -652388.20 -170569.95
V 11400 -652390.28 -170562.20
V 11408 -652395.95 -170556.53
V 11416 -652403.70 -170554.45
V 11424 -652503.20 -170554.45
V 11432 -652503.20 -170514.45
V 11440 -652403.70 -170514.45
V 11448 -652395.95 -170512.37
V 11456 -652390.28 -170506.70
V 11464 -652388.20 -170498.95
V 11472 -652388.20 -170427.95
V 11480 -652390.28 -170420.20
V 11488 -652395.95 -170414.53
V 11496 -652403.70 -170412.45
V 11504 -652503.20 -170412.45
V 11512 -652503.20 -170372.45
V 11520 -652403.70 -170372.45
V 11528 -652395.95 -170370.37
V 11536 -652390.28 -170364.70
V 11544 -652388.20 -170356.95
V 11552 -652388.20 -170285.95
V 11560 -652390.28 -170278.20
V 11568 -652395.95 -170272.53
V 11576 -652403.70 -170270.45
V 11584 -652503.20 -170270.45
V 11592 -652503.20 -170230.45
V 11600 -652403.70 -170230.45
V 11608 -652395.95 -170228.37
V 11616 -652390.28 -170222.70
V 11624 -652388.20 -170214.95
V 11632 -652388.20 -170143.95
V 11640 -652390.28 -170136.20
V 11648 -652395.95 -170130.53
V 11656 -652403.70 -170128.45
V 11664 -652503.20 -170128.45
V 11672 -652503.20 -170088.45
V 11680 -652403.70 -170088.45
V 11688 -652395.95 -170086.37
V 11696 -652390.28 -170080.70
V 11704 -652388.20 -170072.95
V 11712 -652388.20 -170001.95
V 11720 -652390.28 -169994.20
V 11728 -652395.95 -169988.53
V 11736 -652403.70 -169986.45
V 11744 -652503.20 -169986.45
V 11752 -652503.20 -169946.45
V 11760 -652403.70 -169946.45
V 11768 -652395.95 -169944.37
V 11776 -652390.28 -169938.70
V 11784 -652388.20 -169930.95
V 11792 -652388.20 -169859.95
V 11800 -652390.28 -169852.20
V 11808 -652395.95 -169846.53
V 11816 -652403.70 -169844.45
V 11824 -652503.20 -169844.45
V 11832 -652503.20 -169804.45
V 11840 -652403.70 -169804.45
V 11848 -652395.95 -169802.37
V 11856 -652390.28 -169796.70
V 11864 -652388.20 -169788.95
V 11872 -652388.20 -169717.95
V 11880 -652390.28 -169710.20
V 11888 -652395.95 -169704.53
V 11896 -652403.70 -169702.45
V 11904 -652503.20 -169702.45
V 11912 -652503.20 -169662.45
V 11920 -652403.70 -169662.45
V 11928 -652395.95 -169660.37
V 11936 -652390.28 -169654.70
V 11944 -652388.20 -169646.95
V 11952 -652388.20 -169575.95
V 11960 -652390.28 -169568.20
V 11968 -652395.95 -169562.53
V 11976 -652403.70 -169560.45
V 11984 -652503.20 -169560.45
V 11992 -652503.20 -169520.45
V 12000 -652403.70 -169520.45
V 12008 -652395.95 -169518.37
V 12016 -652390.28 -169512.70
V 12024 -652388.20 -169504.95
V 12032 -652388.20 -169433.95
V 12040 -652390.28 -169426.20
V 12048 -652395.95 -169420.53
V 12056 -652403.70 -169418.45
V 12064 -652503.20 -169418.45
V 12072 -652503.20 -169378.45
V 12080 -652403.70 -169378.45
V 12088 -652395.95 -169376.37
V 12096 -652390.28 -169370.70
V 12104 -652388.20 -169362.95
V 12112 -652388.20 -169291.95
V 12120 -652390.28 -169284.20
V 12128 -652395.95 -169278.53
V 12136 -652403.70 -169276.45
V 12144 -652503.20 -169276.45
V 12152 -652503.20 -169236.45
V 12160 -652403.70 -169236.45
V 12168 -652395.95 -169234.37
V 12176 -652390.28 -169228.70
V 12184 -652388.20 -169220.95
V 12192 -652388.20 -169149.95
V 12200 -652390.28 -169142.20
V 12208 -652395.95 -169136.53
V 12216 -652403.70 -169134.45
V 12224 -652503.20 -169134.45
V 12232 -652503.20 -169094.45
V 12240 -652403.70 -169094.45
V 12248 -652395.95 -169092.37
V 12256 -652390.28 -169086.70
V 12264 -652388.20 -169078.95
V 12272 -652388.20 -169007.95
V 12280 -652390.28 -169000.20
V 12288 -652395.95 -168994.53
V 12296 -652403.70 -168992.45
V 12304 -652503.20 -168992.45
V 12312 -652503.20 -168952.45
V 12320 -652403.70 -168952.45
V 12328 -652395.95 -168950.37
V 12336 -652390.28 -168944.70
V 12344 -652388.20 -168936.95
V 12352 -652388.20 -168865.95
V 12360 -652390.28 -168858.20
V 12368 -652395.95 -168852.53
V 12376 -652403.70 -168850.45
V 12384 -652503.20 -168850.45
V 12392 -652503.20 -168810.45
V 12400 -652403.70 -168810.45
V 12408 -652395.95 -168808.37
V 12416 -652390.28 -168802.70
V 12424 -652388.20 -168794.95
V 12432 -652388.20 -168723.95
V 12440 -652390.28 -168716.20
V 12448 -652395.95 -168710.53
V 12456 -652403.70 -168708.45
V 12464 -652503.20 -168708.45
V 12472 -652503.20 -168668.45
V 12480 -652403.70 -168668.45
V 12488 -652395.95 -168666.37
V 12496 -652390.28 -168660.70
V 12504 -652388.20 -168652.95
V 12512 -652388.20 -168581.95
V 12520 -652390.28 -168574.20
V 12528 -652395.95 -168568.53
V 12536 -652403.70 -168566.45
V 12544 -652503.20 -168566.45
V 12552 -652503.20 -168526.45
V 12560 -652403.70 -168526.45
V 12568 -652395.95 -168524.37
V 12576 -652390.28 -168518.70
V 12584 -652388.20 -168510.95
V 12592 -652388.20 -168439.95
V 12600 -652390.28 -168432.20
V 12608 -652395.95 -168426.53
V 12616 -652403.70 -168424.45
V 12624 -652503.20 -168424.45
V 12632 -652503.20 -168384.45
V 12640 -652403.70 -168384.45
V 12648 -652395.95 -168382.37
V 12656 -652390.28 -168376.70
V 12664 -652388.20 -168368.95
V 12672 -652388.20 -168297.95
V 12680 -652390.28 -168290.20
V 12688 -652395.95 -168284.53
V 12696 -652403.70 -168282.45
V 12704 -652503.20 -168282.45
V 12712 -652503.20 -168242.45
V 12720 -652403.70 -168242.45
V 12728 -652395.95 -168240.37
V 12736 -652390.28 -168234.70
V 12744 -652388.20 -168226.95
V 12752 -652388.20 -168155.95
V 12760 -652390.28 -168148.20
V 12768 -652395.95 -168142.53
V 12776 -652403.70 -168140.45
V 12784 -652503.20 -168140.45
V 12792 -652503.20 -168100.45
V 12800 -652403.70 -168100.45
V 12808 -652395.95 -168098.37
V 12816 -652390.28 -168092.70
V 12824 -652388.20 -168084.95
V 12832 -652388.20 -168013.95
V 12840 -652390.28 -168006.20
V 12848 -652395.95 -168000.53
V 12856 -652403.70 -167998.45
V 12864 -652503.20 -167998.45
V 12872 -652503.20 -167958.45
V 12880 -652403.70 -167958.45
V 12888 -652395.95 -167956.37
V 12896 -652390.28 -167950.70
V 12904 -652388.20 -167942.95
V 12912 -652388.20 -167871.95
V 12920 -652390.28 -167864.20
V 12928 -652395.95 -167858.53
V 12936 -652403.70 -167856.45
V 12944 -652503.20 -167856.45
V 12952 -652503.20 -167816.45
V 12960 -652403.70 -167816.45
V 12968 -652395.95 -167814.37
V 12976 -652390.28 -167808.70
V 12984 -652388.20 -167800.95
V 12992 -652388.20 -167729.95
V 13000 -652390.28 -167722.20
V 13008 -652395.95 -167716.53
V 13016 -652403.70 -167714.45
V 13024 -652503.20 -167714.45
V 13032 -652503.20 -167674.45
V 13040 -652403.70 -167674.45
V 13048 -652395.95 -167672.37
V 13056 -652390.28 -167666.70
V 13064 -652388.20 -167658.95
V 13072 -652388.20 -167587.95
V 13080 -652390.28 -167580.20
V 13088 -652395.95 -167574.53
V 13096 -652403.70 -167572.45
V 13104 -652503.20 -167572.45
V 13112 -652503.20 -167532.45
V 13120 -652403.70 -167532.45
V 13128 -652395.95 -167530.37
V 13136 -652390.28 -167524.70
V 13144 -652388.20 -167516.95
V 13152 -652388.20 -167445.95
V 13160 -652390.28 -167438.20
V 13168 -652395.95 -167432.53
V 13176 -652403.70 -167430.45
V 13184 -652503.20 -167430.45
V 13192 -652503.20 -167390.45
V 13200 -652403.70 -167390.45
V 13208 -652395.95 -167388.37
V 13216 -652390.28 -167382.70
V 13224 -652388.20 -167374.95
V 13232 -652388.20 -167303.95
V 13240 -652390.28 -167296.20
V 13248 -652395.95 -167290.53
V 13256 -652403.70 -167288.45
V 13264 -652503.20 -167288.45
V 13272 -652503.20 -167248.45
V 13280 -652403.70 -167248.45
V 13288 -652395.95 -167246.37
V 13296 -652390.28 -167240.70
V 13304 -652388.20 -167232.95
V 13312 -652388.20 -167161.95
V 13320 -652390.28 -167154.20
V 13328 -652395.95 -167148.53
V 13336 -652403.70 -167146.45
V 13344 -652503.20 -167146.45
V 13352 -652503.20 -167106.45
V 13360 -652403.70 -167106.45
V 13368 -652395.95 -167104.37
V 13376 -652390.28 -167098.70
V 13384 -652388.20 -167090.95
V 13392 -652388.20 -167019.95
V 13400 -652390.28 -167012.20
V 13408 -652395.95 -167006.53
V 13416 -652403.70 -167004.45
V 13424 -652503.20 -167004.45
V 13432 -652503.20 -166964.45
V 13440 -652403.70 -166964.45
V 13448 -652395.95 -166962.37
V 13456 -652390.28 -166956.70
V 13464 -652388.20 -166948.95
V 13472 -652388.20 -166877.95
V 13480 -652390.28 -166870.20
V 13488 -652395.95 -166864.53
V 13496 -652403.70 -166862.45
V 13504 -652503.20 -166862.45
V 13512 -652503.20 -166822.45
V 13520 -652403.70 -166822.45
V 13528 -652395.95 -166820.37
V 13536 -652390.28 -166814.70
V 13544 -652388.20 -166806.95
V 13552 -652388.20 -166735.95
V 13560 -652390.28 -166728.20
V 13568 -652395.95 -166722.53
V 13576 -652403.70 -166720.45
V 13584 -652479.92 -166720.45
V 13592 -652479.92 -166680.45
V 13600 -652461.20 -166680.45
V 13608 -652453.45 -166678.37
V 13616 -652447.78 -166672.70
V 13624 -652445.70 -166664.95
V 13632 -652445.70 -166569.81
V 13640 -643309.76 -165018.50
V 13648 -630724.18 -162881.45
V 13656 -627810.52 -162386.70
V 13664 -625859.88 -162055.48
V 13672 -623754.82 -161698.03
V 13680 -621897.08 -161382.58
V 13688 -621897.04 -161382.58
V 13696 -621896.92 -161382.56
V 13704 -621896.88 -161382.55
V 13712 -620902.87 -161213.77
V 13720 -619109.42 -160909.24
V 13728 -619109.25 -160909.21
V 13736 -617250.36 -160593.56
V 13744 -617050.23 -160559.58
V 13752 -603569.40 -158270.51
V 13760 -600557.91 -157759.15
V 13768 -600556.84 -157758.93
V 13776 -600555.80 -157758.64
V 13784 -600554.77 -157758.27
V 13792 -600553.78 -157757.84
V 13800 -600552.82 -157757.33
V 13808 -600551.89 -157756.76
V 13816 -600551.01 -157756.13
V 13824 -600550.17 -157755.43
V 13832 -600549.39 -157754.68
V 13840 -600548.66 -157753.87
V 13848 -600547.99 -157753.02
V 13856 -600547.38 -157752.12
V 13864 -600546.83 -157751.18
V 13872 -600546.35 -157750.20
V 13880 -600545.94 -157749.20
V 13888 -600545.61 -157748.16
V 13896 -600545.34 -157747.11
V 13904 -600545.15 -157746.04
V 13912 -600545.04 -157744.96
V 13920 -600545.00 -157743.87
V 13928 -600545.00 -157719.35
