V 0 1085836.72 43821.12
V 8 1085831.59 43877.57
V 16 1085831.59 43877.63
V 24 1085831.58 43877.74
V 32 1085825.52 43923.10
V 40 1085825.51 43923.13
V 48 1085823.40 43941.29
V 56 1085823.15 43941.97
V 64 1085822.61 43942.45
V 72 1085821.91 43942.62
V 80 1085735.66 43942.62
V 88 1085735.66 43939.62
V 96 1085820.57 43939.62
V 104 1085822.53 43922.81
V 112 1085822.54 43922.70
V 120 1085828.60 43877.34
V 128 1085833.86 43819.48
V 136 1085834.10 43818.79
V 144 1085834.64 43818.30
V 152 1085835.35 43818.12
V 160 1085839.86 43818.12
V 168 1085839.86 43821.12
