V 0 -925035.28 -174254.20
V 8 -925040.95 -174248.53
V 16 -925048.70 -174246.45
V 24 -925148.20 -174246.45
V 32 -925148.20 -174206.45
V 40 -925076.64 -174206.45
V 48 -925068.89 -174204.37
V 56 -925063.22 -174198.70
V 64 -925061.14 -174190.95
V 72 -925061.14 -174119.95
V 80 -925061.18 -174118.84
V 88 -925061.30 -174117.74
V 96 -925061.49 -174116.66
V 104 -925061.77 -174115.58
V 112 -925062.12 -174114.53
V 120 -925062.54 -174113.51
V 128 -925063.04 -174112.52
V 136 -925063.60 -174111.57
V 144 -925064.23 -174110.66
V 152 -925064.93 -174109.80
V 160 -925065.68 -174108.99
V 168 -925066.49 -174108.24
V 176 -925067.35 -174107.54
V 184 -925068.26 -174106.91
V 192 -925069.21 -174106.35
V 200 -925070.20 -174105.85
V 208 -925071.22 -174105.43
V 216 -925072.27 -174105.08
V 224 -925073.35 -174104.80
V 232 -925074.43 -174104.61
V 240 -925075.53 -174104.49
V 248 -925076.64 -174104.45
V 256 -925090.70 -174104.45
V 264 -925090.70 -174020.30
V 272 -925092.36 -174013.31
V 280 -925097.00 -174007.83
V 288 -925103.61 -174005.02
V 296 -925369.71 -173959.84
V 304 -925581.49 -173923.87
V 312 -925831.27 -173881.46
V 320 -926036.61 -173846.59
V 328 -926227.83 -173814.13
V 336 -928589.49 -173413.11
V 344 -930766.46 -173043.46
V 352 -936300.95 -172103.69
V 360 -963807.12 -167433.09
V 368 -963807.14 -167433.08
V 376 -963958.83 -167407.32
V 384 -964860.79 -167254.17
V 392 -965468.77 -167150.93
V 400 -967396.43 -166823.61
V 408 -967471.37 -166810.88
V 416 -968414.24 -166650.79
V 424 -968582.19 -166622.27
V 432 -968832.03 -166579.84
V 440 -969046.79 -166543.37
V 448 -969296.63 -166500.95
V 456 -969511.39 -166464.48
V 464 -969761.24 -166422.06
V 472 -969976.01 -166385.59
V 480 -970225.84 -166343.17
V 488 -970440.60 -166306.70
V 496 -970690.45 -166264.28
V 504 -970905.22 -166227.81
V 512 -971155.05 -166185.39
V 520 -971369.81 -166148.92
V 528 -971619.66 -166106.50
V 536 -971834.43 -166070.03
V 544 -972084.26 -166027.61
V 552 -972299.03 -165991.14
V 560 -972548.86 -165948.72
V 568 -972763.62 -165912.25
V 576 -973013.47 -165869.83
V 584 -973228.23 -165833.36
V 592 -973478.07 -165790.93
V 600 -973692.84 -165754.47
V 608 -974060.16 -165692.10
V 616 -975041.47 -165525.47
V 624 -975722.40 -165409.84
V 632 -976476.83 -165281.74
V 640 -978002.72 -165022.64
V 648 -978257.82 -164979.32
V 656 -979288.90 -164804.25
V 664 -980217.53 -164646.56
V 672 -980289.65 -164634.31
V 680 -982549.17 -164250.64
V 688 -983089.82 -164158.84
V 696 -983718.15 -164052.15
V 704 -984806.32 -163867.37
V 712 -988392.22 -163258.48
V 720 -989255.19 -163111.95
V 728 -989385.26 -163089.86
V 736 -990227.08 -162946.92
V 744 -991396.20 -162748.40
V 752 -991788.64 -162681.76
V 760 -991887.59 -162664.96
V 768 -991890.67 -162664.44
V 776 -992574.08 -162548.39
V 784 -995907.73 -161982.33
V 792 -996586.43 -161867.09
V 800 -997305.24 -161745.03
V 808 -999432.38 -161383.84
V 816 -999537.82 -161365.93
V 824 -1002437.86 -160873.50
V 832 -1004525.15 -160519.08
V 840 -1006705.14 -160148.91
V 848 -1007624.34 -159992.83
V 856 -1010205.26 -159554.58
V 864 -1011740.34 -159293.92
V 872 -1012422.11 -159178.16
V 880 -1012422.13 -159178.15
V 888 -1012430.84 -159176.67
V 896 -1012430.86 -159176.67
V 904 -1013201.84 -159045.76
V 912 -1014228.86 -158871.37
V 920 -1014705.97 -158790.35
V 928 -1014849.04 -158766.06
V 936 -1015111.19 -158721.54
V 944 -1015790.05 -158606.27
V 952 -1015959.40 -158577.52
V 960 -1016201.57 -158536.39
V 968 -1016424.01 -158498.62
V 976 -1016659.74 -158458.60
V 984 -1016901.02 -158417.63
V 992 -1017113.71 -158381.51
V 1000 -1017836.96 -158258.70
V 1008 -1018652.71 -158120.19
V 1016 -1019295.01 -158011.12
V 1024 -1019543.02 -157969.01
V 1032 -1019883.52 -157911.19
V 1040 -1019983.50 -157894.22
V 1048 -1020527.62 -157801.82
V 1056 -1020759.92 -157762.38
V 1064 -1020946.00 -157730.78
V 1072 -1020946.00 -157719.35
V 1080 -1020977.00 -157719.35
V 1088 -1020977.00 -157743.87
V 1096 -1020976.96 -157744.96
V 1104 -1020976.85 -157746.04
V 1112 -1020976.66 -157747.11
V 1120 -1020976.39 -157748.16
V 1128 -1020976.06 -157749.20
V 1136 -1020975.65 -157750.20
V 1144 -1020975.17 -157751.18
V 1152 -1020974.62 -157752.12
V 1160 -1020974.01 -157753.02
V 1168 -1020973.34 -157753.87
V 1176 -1020972.61 -157754.68
V 1184 -1020971.83 -157755.43
V 1192 -1020970.99 -157756.13
V 1200 -1020970.11 -157756.76
V 1208 -1020969.18 -157757.33
V 1216 -1020968.22 -157757.84
V 1224 -1020967.23 -157758.27
V 1232 -1020966.20 -157758.64
V 1240 -1020965.16 -157758.93
V 1248 -1020964.09 -157759.15
V 1256 -1020765.10 -157792.94
V 1264 -1020532.80 -157832.38
V 1272 -1019988.68 -157924.78
V 1280 -1019888.70 -157941.75
V 1288 -1019548.20 -157999.57
V 1296 -1019300.19 -158041.68
V 1304 -1018657.89 -158150.75
V 1312 -1017842.14 -158289.26
V 1320 -1017118.91 -158412.07
V 1328 -1016906.22 -158448.19
V 1336 -1016664.92 -158489.16
V 1344 -1016429.19 -158529.18
V 1352 -1016206.77 -158566.95
V 1360 -1015964.60 -158608.08
V 1368 -1015795.23 -158636.83
V 1376 -1015116.39 -158752.10
V 1384 -1014854.24 -158796.62
V 1392 -1014711.15 -158820.91
V 1400 -1014234.04 -158901.93
V 1408 -1013207.02 -159076.32
V 1416 -1012436.06 -159207.22
V 1424 -1012436.04 -159207.23
V 1432 -1012427.33 -159208.71
V 1440 -1012427.31 -159208.71
V 1448 -1010210.44 -159585.14
V 1456 -1007629.52 -160023.39
V 1464 -1006710.32 -160179.47
V 1472 -1004530.33 -160549.64
V 1480 -1002443.04 -160904.06
V 1488 -999543.02 -161396.49
V 1496 -999437.58 -161414.40
V 1504 -998654.99 -161547.28
V 1512 -997310.42 -161775.59
V 1520 -996591.61 -161897.65
V 1528 -995912.91 -162012.89
V 1536 -992579.26 -162578.95
V 1544 -991895.85 -162695.00
V 1552 -991892.77 -162695.52
V 1560 -991793.82 -162712.32
V 1568 -991401.38 -162778.96
V 1576 -989390.46 -163120.42
V 1584 -989260.39 -163142.51
V 1592 -988565.36 -163260.52
V 1600 -984811.50 -163897.93
V 1608 -983723.33 -164082.71
V 1616 -983095.00 -164189.40
V 1624 -982554.35 -164281.20
V 1632 -980294.85 -164664.87
V 1640 -980222.73 -164677.12
V 1648 -979294.08 -164834.81
V 1656 -978263.00 -165009.88
V 1664 -978007.90 -165053.20
V 1672 -976482.01 -165312.30
V 1680 -975727.58 -165440.40
V 1688 -975046.65 -165556.03
V 1696 -974065.34 -165722.66
V 1704 -973698.02 -165785.03
V 1712 -973483.27 -165821.49
V 1720 -973233.43 -165863.92
V 1728 -973018.65 -165900.39
V 1736 -972768.82 -165942.81
V 1744 -972554.06 -165979.28
V 1752 -972304.21 -166021.70
V 1760 -972089.44 -166058.17
V 1768 -971839.61 -166100.59
V 1776 -971624.84 -166137.06
V 1784 -971375.01 -166179.48
V 1792 -971160.25 -166215.95
V 1800 -970910.40 -166258.37
V 1808 -970695.63 -166294.84
V 1816 -970445.80 -166337.26
V 1824 -970231.04 -166373.73
V 1832 -969981.19 -166416.15
V 1840 -969766.42 -166452.62
V 1848 -969516.59 -166495.04
V 1856 -969301.83 -166531.51
V 1864 -969051.99 -166573.93
V 1872 -968837.23 -166610.40
V 1880 -968587.39 -166652.83
V 1888 -968419.42 -166681.35
V 1896 -967476.57 -166841.44
V 1904 -967401.63 -166854.17
V 1912 -965473.95 -167181.49
V 1920 -964865.97 -167284.73
V 1928 -963964.03 -167437.88
V 1936 -963812.34 -167463.64
V 1944 -963812.32 -167463.64
V 1952 -936306.13 -172134.25
V 1960 -930771.64 -173074.02
V 1968 -928594.67 -173443.67
V 1976 -926233.01 -173844.69
V 1984 -926041.79 -173877.15
V 1992 -925836.45 -173912.02
V 2000 -925586.69 -173954.43
V 2008 -925374.91 -173990.40
V 2016 -925121.70 -174033.39
V 2024 -925121.70 -174119.95
V 2032 -925121.66 -174121.06
V 2040 -925121.54 -174122.16
V 2048 -925121.35 -174123.24
V 2056 -925121.07 -174124.32
V 2064 -925120.72 -174125.37
V 2072 -925120.30 -174126.39
V 2080 -925119.80 -174127.38
V 2088 -925119.24 -174128.33
V 2096 -925118.61 -174129.24
V 2104 -925117.91 -174130.10
V 2112 -925117.16 -174130.91
V 2120 -925116.35 -174131.66
V 2128 -925115.49 -174132.36
V 2136 -925114.58 -174132.99
V 2144 -925113.63 -174133.55
V 2152 -925112.64 -174134.05
V 2160 -925111.62 -174134.47
V 2168 -925110.57 -174134.82
V 2176 -925109.49 -174135.10
V 2184 -925108.41 -174135.29
V 2192 -925107.31 -174135.41
V 2200 -925106.20 -174135.45
V 2208 -925092.14 -174135.45
V 2216 -925092.14 -174175.45
V 2224 -925163.70 -174175.45
V 2232 -925171.45 -174177.53
V 2240 -925177.12 -174183.20
V 2248 -925179.20 -174190.95
V 2256 -925179.20 -174261.95
V 2264 -925177.12 -174269.70
V 2272 -925171.45 -174275.37
V 2280 -925163.70 -174277.45
V 2288 -925064.20 -174277.45
V 2296 -925064.20 -174317.45
V 2304 -925163.70 -174317.45
V 2312 -925171.45 -174319.53
V 2320 -925177.12 -174325.20
V 2328 -925179.20 -174332.95
V 2336 -925179.20 -174403.95
V 2344 -925177.12 -174411.70
V 2352 -925171.45 -174417.37
V 2360 -925163.70 -174419.45
V 2368 -925064.20 -174419.45
V 2376 -925064.20 -174459.45
V 2384 -925163.70 -174459.45
V 2392 -925171.45 -174461.53
V 2400 -925177.12 -174467.20
V 2408 -925179.20 -174474.95
V 2416 -925179.20 -174545.95
V 2424 -925177.12 -174553.70
V 2432 -925171.45 -174559.37
V 2440 -925163.70 -174561.45
V 2448 -925064.20 -174561.45
V 2456 -925064.20 -174601.45
V 2464 -925163.70 -174601.45
V 2472 -925171.45 -174603.53
V 2480 -925177.12 -174609.20
V 2488 -925179.20 -174616.95
V 2496 -925179.20 -174687.95
V 2504 -925177.12 -174695.70
V 2512 -925171.45 -174701.37
V 2520 -925163.70 -174703.45
V 2528 -925064.20 -174703.45
V 2536 -925064.20 -174743.45
V 2544 -925163.70 -174743.45
V 2552 -925171.45 -174745.53
V 2560 -925177.12 -174751.20
V 2568 -925179.20 -174758.95
V 2576 -925179.20 -174829.95
V 2584 -925177.12 -174837.70
V 2592 -925171.45 -174843.37
V 2600 -925163.70 -174845.45
V 2608 -925064.20 -174845.45
V 2616 -925064.20 -174885.45
V 2624 -925163.70 -174885.45
V 2632 -925171.45 -174887.53
V 2640 -925177.12 -174893.20
V 2648 -925179.20 -174900.95
V 2656 -925179.20 -174971.95
V 2664 -925177.12 -174979.70
V 2672 -925171.45 -174985.37
V 2680 -925163.70 -174987.45
V 2688 -925064.20 -174987.45
V 2696 -925064.20 -175027.45
V 2704 -925163.70 -175027.45
V 2712 -925171.45 -175029.53
V 2720 -925177.12 -175035.20
V 2728 -925179.20 -175042.95
V 2736 -925179.20 -175113.95
V 2744 -925177.12 -175121.70
V 2752 -925171.45 -175127.37
V 2760 -925163.70 -175129.45
V 2768 -925064.20 -175129.45
V 2776 -925064.20 -175169.45
V 2784 -925163.70 -175169.45
V 2792 -925171.45 -175171.53
V 2800 -925177.12 -175177.20
V 2808 -925179.20 -175184.95
V 2816 -925179.20 -175255.95
V 2824 -925177.12 -175263.70
V 2832 -925171.45 -175269.37
V 2840 -925163.70 -175271.45
V 2848 -925064.20 -175271.45
V 2856 -925064.20 -175311.45
V 2864 -925163.70 -175311.45
V 2872 -925171.45 -175313.53
V 2880 -925177.12 -175319.20
V 2888 -925179.20 -175326.95
V 2896 -925179.20 -175397.95
V 2904 -925177.12 -175405.70
V 2912 -925171.45 -175411.37
V 2920 -925163.70 -175413.45
V 2928 -925064.20 -175413.45
V 2936 -925064.20 -175453.45
V 2944 -925163.70 -175453.45
V 2952 -925171.45 -175455.53
V 2960 -925177.12 -175461.20
V 2968 -925179.20 -175468.95
V 2976 -925179.20 -175539.95
V 2984 -925177.12 -175547.70
V 2992 -925171.45 -175553.37
V 3000 -925163.70 -175555.45
V 3008 -925064.20 -175555.45
V 3016 -925064.20 -175595.45
V 3024 -925163.70 -175595.45
V 3032 -925171.45 -175597.53
V 3040 -925177.12 -175603.20
V 3048 -925179.20 -175610.95
V 3056 -925179.20 -175681.95
V 3064 -925177.12 -175689.70
V 3072 -925171.45 -175695.37
V 3080 -925163.70 -175697.45
V 3088 -925064.20 -175697.45
V 3096 -925064.20 -175737.45
V 3104 -925163.70 -175737.45
V 3112 -925171.45 -175739.53
V 3120 -925177.12 -175745.20
V 3128 -925179.20 -175752.95
V 3136 -925179.20 -175823.95
V 3144 -925177.12 -175831.70
V 3152 -925171.45 -175837.37
V 3160 -925163.70 -175839.45
V 3168 -925064.20 -175839.45
V 3176 -925064.20 -175879.45
V 3184 -925163.70 -175879.45
V 3192 -925171.45 -175881.53
V 3200 -925177.12 -175887.20
V 3208 -925179.20 -175894.95
V 3216 -925179.20 -175965.95
V 3224 -925177.12 -175973.70
V 3232 -925171.45 -175979.37
V 3240 -925163.70 -175981.45
V 3248 -925064.20 -175981.45
V 3256 -925064.20 -176021.45
V 3264 -925163.70 -176021.45
V 3272 -925171.45 -176023.53
V 3280 -925177.12 -176029.20
V 3288 -925179.20 -176036.95
V 3296 -925179.20 -176107.95
V 3304 -925177.12 -176115.70
V 3312 -925171.45 -176121.37
V 3320 -925163.70 -176123.45
V 3328 -925064.20 -176123.45
V 3336 -925064.20 -176163.45
V 3344 -925163.70 -176163.45
V 3352 -925171.45 -176165.53
V 3360 -925177.12 -176171.20
V 3368 -925179.20 -176178.95
V 3376 -925179.20 -176249.95
V 3384 -925177.12 -176257.70
V 3392 -925171.45 -176263.37
V 3400 -925163.70 -176265.45
V 3408 -925064.20 -176265.45
V 3416 -925064.20 -176305.45
V 3424 -925163.70 -176305.45
V 3432 -925171.45 -176307.53
V 3440 -925177.12 -176313.20
V 3448 -925179.20 -176320.95
V 3456 -925179.20 -176391.95
V 3464 -925177.12 -176399.70
V 3472 -925171.45 -176405.37
V 3480 -925163.70 -176407.45
V 3488 -925064.20 -176407.45
V 3496 -925064.20 -176447.45
V 3504 -925163.70 -176447.45
V 3512 -925171.45 -176449.53
V 3520 -925177.12 -176455.20
V 3528 -925179.20 -176462.95
V 3536 -925179.20 -176533.95
V 3544 -925177.12 -176541.70
V 3552 -925171.45 -176547.37
V 3560 -925163.70 -176549.45
V 3568 -925064.20 -176549.45
V 3576 -925064.20 -176589.45
V 3584 -925163.70 -176589.45
V 3592 -925171.45 -176591.53
V 3600 -925177.12 -176597.20
V 3608 -925179.20 -176604.95
V 3616 -925179.20 -176675.95
V 3624 -925177.12 -176683.70
V 3632 -925171.45 -176689.37
V 3640 -925163.70 -176691.45
V 3648 -925064.20 -176691.45
V 3656 -925064.20 -176731.45
V 3664 -925163.70 -176731.45
V 3672 -925171.45 -176733.53
V 3680 -925177.12 -176739.20
V 3688 -925179.20 -176746.95
V 3696 -925179.20 -176817.95
V 3704 -925177.12 -176825.70
V 3712 -925171.45 -176831.37
V 3720 -925163.70 -176833.45
V 3728 -925064.20 -176833.45
V 3736 -925064.20 -176873.45
V 3744 -925163.70 -176873.45
V 3752 -925171.45 -176875.53
V 3760 -925177.12 -176881.20
V 3768 -925179.20 -176888.95
V 3776 -925179.20 -176959.95
V 3784 -925177.12 -176967.70
V 3792 -925171.45 -176973.37
V 3800 -925163.70 -176975.45
V 3808 -925064.20 -176975.45
V 3816 -925064.20 -177015.45
V 3824 -925163.70 -177015.45
V 3832 -925171.45 -177017.53
V 3840 -925177.12 -177023.20
V 3848 -925179.20 -177030.95
V 3856 -925179.20 -177101.95
V 3864 -925177.12 -177109.70
V 3872 -925171.45 -177115.37
V 3880 -925163.70 -177117.45
V 3888 -925064.20 -177117.45
V 3896 -925064.20 -177157.45
V 3904 -925163.70 -177157.45
V 3912 -925171.45 -177159.53
V 3920 -925177.12 -177165.20
V 3928 -925179.20 -177172.95
V 3936 -925179.20 -177243.95
V 3944 -925177.12 -177251.70
V 3952 -925171.45 -177257.37
V 3960 -925163.70 -177259.45
V 3968 -925064.20 -177259.45
V 3976 -925064.20 -177299.45
V 3984 -925163.70 -177299.45
V 3992 -925171.45 -177301.53
V 4000 -925177.12 -177307.20
V 4008 -925179.20 -177314.95
V 4016 -925179.20 -177385.95
V 4024 -925177.12 -177393.70
V 4032 -925171.45 -177399.37
V 4040 -925163.70 -177401.45
V 4048 -925064.20 -177401.45
V 4056 -925064.20 -177441.45
V 4064 -925163.70 -177441.45
V 4072 -925171.45 -177443.53
V 4080 -925177.12 -177449.20
V 4088 -925179.20 -177456.95
V 4096 -925179.20 -177527.95
V 4104 -925177.12 -177535.70
V 4112 -925171.45 -177541.37
V 4120 -925163.70 -177543.45
V 4128 -925064.20 -177543.45
V 4136 -925064.20 -177583.45
V 4144 -925163.70 -177583.45
V 4152 -925171.45 -177585.53
V 4160 -925177.12 -177591.20
V 4168 -925179.20 -177598.95
V 4176 -925179.20 -177669.95
V 4184 -925177.12 -177677.70
V 4192 -925171.45 -177683.37
V 4200 -925163.70 -177685.45
V 4208 -925064.20 -177685.45
V 4216 -925064.20 -177725.45
V 4224 -925163.70 -177725.45
V 4232 -925171.45 -177727.53
V 4240 -925177.12 -177733.20
V 4248 -925179.20 -177740.95
V 4256 -925179.20 -177811.95
V 4264 -925177.12 -177819.70
V 4272 -925171.45 -177825.37
V 4280 -925163.70 -177827.45
V 4288 -925064.20 -177827.45
V 4296 -925064.20 -177867.45
V 4304 -925163.70 -177867.45
V 4312 -925171.45 -177869.53
V 4320 -925177.12 -177875.20
V 4328 -925179.20 -177882.95
V 4336 -925179.20 -177953.95
V 4344 -925177.12 -177961.70
V 4352 -925171.45 -177967.37
V 4360 -925163.70 -177969.45
V 4368 -925064.20 -177969.45
V 4376 -925064.20 -178009.45
V 4384 -925163.70 -178009.45
V 4392 -925171.45 -178011.53
V 4400 -925177.12 -178017.20
V 4408 -925179.20 -178024.95
V 4416 -925179.20 -178095.95
V 4424 -925177.12 -178103.70
V 4432 -925171.45 -178109.37
V 4440 -925163.70 -178111.45
V 4448 -925064.20 -178111.45
V 4456 -925064.20 -178151.45
V 4464 -925163.70 -178151.45
V 4472 -925171.45 -178153.53
V 4480 -925177.12 -178159.20
V 4488 -925179.20 -178166.95
V 4496 -925179.20 -178237.95
V 4504 -925177.12 -178245.70
V 4512 -925171.45 -178251.37
V 4520 -925163.70 -178253.45
V 4528 -925064.20 -178253.45
V 4536 -925064.20 -178293.45
V 4544 -925163.70 -178293.45
V 4552 -925171.45 -178295.53
V 4560 -925177.12 -178301.20
V 4568 -925179.20 -178308.95
V 4576 -925179.20 -178379.95
V 4584 -925177.12 -178387.70
V 4592 -925171.45 -178393.37
V 4600 -925163.70 -178395.45
V 4608 -925121.70 -178395.45
V 4616 -925121.70 -178404.45
V 4624 -925090.70 -178404.45
V 4632 -925090.70 -178379.95
V 4640 -925090.74 -178378.84
V 4648 -925090.86 -178377.74
V 4656 -925091.05 -178376.66
V 4664 -925091.33 -178375.58
V 4672 -925091.68 -178374.53
V 4680 -925092.10 -178373.51
V 4688 -925092.60 -178372.52
V 4696 -925093.16 -178371.57
V 4704 -925093.79 -178370.66
V 4712 -925094.49 -178369.80
V 4720 -925095.24 -178368.99
V 4728 -925096.05 -178368.24
V 4736 -925096.91 -178367.54
V 4744 -925097.82 -178366.91
V 4752 -925098.77 -178366.35
V 4760 -925099.76 -178365.85
V 4768 -925100.78 -178365.43
V 4776 -925101.83 -178365.08
V 4784 -925102.91 -178364.80
V 4792 -925103.99 -178364.61
V 4800 -925105.09 -178364.49
V 4808 -925106.20 -178364.45
V 4816 -925148.20 -178364.45
V 4824 -925148.20 -178324.45
V 4832 -925048.70 -178324.45
V 4840 -925040.95 -178322.37
V 4848 -925035.28 -178316.70
V 4856 -925033.20 -178308.95
V 4864 -925033.20 -178237.95
V 4872 -925035.28 -178230.20
V 4880 -925040.95 -178224.53
V 4888 -925048.70 -178222.45
V 4896 -925148.20 -178222.45
V 4904 -925148.20 -178182.45
V 4912 -925048.70 -178182.45
V 4920 -925040.95 -178180.37
V 4928 -925035.28 -178174.70
V 4936 -925033.20 -178166.95
V 4944 -925033.20 -178095.95
V 4952 -925035.28 -178088.20
V 4960 -925040.95 -178082.53
V 4968 -925048.70 -178080.45
V 4976 -925148.20 -178080.45
V 4984 -925148.20 -178040.45
V 4992 -925048.70 -178040.45
V 5000 -925040.95 -178038.37
V 5008 -925035.28 -178032.70
V 5016 -925033.20 -178024.95
V 5024 -925033.20 -177953.95
V 5032 -925035.28 -177946.20
V 5040 -925040.95 -177940.53
V 5048 -925048.70 -177938.45
V 5056 -925148.20 -177938.45
V 5064 -925148.20 -177898.45
V 5072 -925048.70 -177898.45
V 5080 -925040.95 -177896.37
V 5088 -925035.28 -177890.70
V 5096 -925033.20 -177882.95
V 5104 -925033.20 -177811.95
V 5112 -925035.28 -177804.20
V 5120 -925040.95 -177798.53
V 5128 -925048.70 -177796.45
V 5136 -925148.20 -177796.45
V 5144 -925148.20 -177756.45
V 5152 -925048.70 -177756.45
V 5160 -925040.95 -177754.37
V 5168 -925035.28 -177748.70
V 5176 -925033.20 -177740.95
V 5184 -925033.20 -177669.95
V 5192 -925035.28 -177662.20
V 5200 -925040.95 -177656.53
V 5208 -925048.70 -177654.45
V 5216 -925148.20 -177654.45
V 5224 -925148.20 -177614.45
V 5232 -925048.70 -177614.45
V 5240 -925040.95 -177612.37
V 5248 -925035.28 -177606.70
V 5256 -925033.20 -177598.95
V 5264 -925033.20 -177527.95
V 5272 -925035.28 -177520.20
V 5280 -925040.95 -177514.53
V 5288 -925048.70 -177512.45
V 5296 -925148.20 -177512.45
V 5304 -925148.20 -177472.45
V 5312 -925048.70 -177472.45
V 5320 -925040.95 -177470.37
V 5328 -925035.28 -177464.70
V 5336 -925033.20 -177456.95
V 5344 -925033.20 -177385.95
V 5352 -925035.28 -177378.20
V 5360 -925040.95 -177372.53
V 5368 -925048.70 -177370.45
V 5376 -925148.20 -177370.45
V 5384 -925148.20 -177330.45
V 5392 -925048.70 -177330.45
V 5400 -925040.95 -177328.37
V 5408 -925035.28 -177322.70
V 5416 -925033.20 -177314.95
V 5424 -925033.20 -177243.95
V 5432 -925035.28 -177236.20
V 5440 -925040.95 -177230.53
V 5448 -925048.70 -177228.45
V 5456 -925148.20 -177228.45
V 5464 -925148.20 -177188.45
V 5472 -925048.70 -177188.45
V 5480 -925040.95 -177186.37
V 5488 -925035.28 -177180.70
V 5496 -925033.20 -177172.95
V 5504 -925033.20 -177101.95
V 5512 -925035.28 -177094.20
V 5520 -925040.95 -177088.53
V 5528 -925048.70 -177086.45
V 5536 -925148.20 -177086.45
V 5544 -925148.20 -177046.45
V 5552 -925048.70 -177046.45
V 5560 -925040.95 -177044.37
V 5568 -925035.28 -177038.70
V 5576 -925033.20 -177030.95
V 5584 -925033.20 -176959.95
V 5592 -925035.28 -176952.20
V 5600 -925040.95 -176946.53
V 5608 -925048.70 -176944.45
V 5616 -925148.20 -176944.45
V 5624 -925148.20 -176904.45
V 5632 -925048.70 -176904.45
V 5640 -925040.95 -176902.37
V 5648 -925035.28 -176896.70
V 5656 -925033.20 -176888.95
V 5664 -925033.20 -176817.95
V 5672 -925035.28 -176810.20
V 5680 -925040.95 -176804.53
V 5688 -925048.70 -176802.45
V 5696 -925148.20 -176802.45
V 5704 -925148.20 -176762.45
V 5712 -925048.70 -176762.45
V 5720 -925040.95 -176760.37
V 5728 -925035.28 -176754.70
V 5736 -925033.20 -176746.95
V 5744 -925033.20 -176675.95
V 5752 -925035.28 -176668.20
V 5760 -925040.95 -176662.53
V 5768 -925048.70 -176660.45
V 5776 -925148.20 -176660.45
V 5784 -925148.20 -176620.45
V 5792 -925048.70 -176620.45
V 5800 -925040.95 -176618.37
V 5808 -925035.28 -176612.70
V 5816 -925033.20 -176604.95
V 5824 -925033.20 -176533.95
V 5832 -925035.28 -176526.20
V 5840 -925040.95 -176520.53
V 5848 -925048.70 -176518.45
V 5856 -925148.20 -176518.45
V 5864 -925148.20 -176478.45
V 5872 -925048.70 -176478.45
V 5880 -925040.95 -176476.37
V 5888 -925035.28 -176470.70
V 5896 -925033.20 -176462.95
V 5904 -925033.20 -176391.95
V 5912 -925035.28 -176384.20
V 5920 -925040.95 -176378.53
V 5928 -925048.70 -176376.45
V 5936 -925148.20 -176376.45
V 5944 -925148.20 -176336.45
V 5952 -925048.70 -176336.45
V 5960 -925040.95 -176334.37
V 5968 -925035.28 -176328.70
V 5976 -925033.20 -176320.95
V 5984 -925033.20 -176249.95
V 5992 -925035.28 -176242.20
V 6000 -925040.95 -176236.53
V 6008 -925048.70 -176234.45
V 6016 -925148.20 -176234.45
V 6024 -925148.20 -176194.45
V 6032 -925048.70 -176194.45
V 6040 -925040.95 -176192.37
V 6048 -925035.28 -176186.70
V 6056 -925033.20 -176178.95
V 6064 -925033.20 -176107.95
V 6072 -925035.28 -176100.20
V 6080 -925040.95 -176094.53
V 6088 -925048.70 -176092.45
V 6096 -925148.20 -176092.45
V 6104 -925148.20 -176052.45
V 6112 -925048.70 -176052.45
V 6120 -925040.95 -176050.37
V 6128 -925035.28 -176044.70
V 6136 -925033.20 -176036.95
V 6144 -925033.20 -175965.95
V 6152 -925035.28 -175958.20
V 6160 -925040.95 -175952.53
V 6168 -925048.70 -175950.45
V 6176 -925148.20 -175950.45
V 6184 -925148.20 -175910.45
V 6192 -925048.70 -175910.45
V 6200 -925040.95 -175908.37
V 6208 -925035.28 -175902.70
V 6216 -925033.20 -175894.95
V 6224 -925033.20 -175823.95
V 6232 -925035.28 -175816.20
V 6240 -925040.95 -175810.53
V 6248 -925048.70 -175808.45
V 6256 -925148.20 -175808.45
V 6264 -925148.20 -175768.45
V 6272 -925048.70 -175768.45
V 6280 -925040.95 -175766.37
V 6288 -925035.28 -175760.70
V 6296 -925033.20 -175752.95
V 6304 -925033.20 -175681.95
V 6312 -925035.28 -175674.20
V 6320 -925040.95 -175668.53
V 6328 -925048.70 -175666.45
V 6336 -925148.20 -175666.45
V 6344 -925148.20 -175626.45
V 6352 -925048.70 -175626.45
V 6360 -925040.95 -175624.37
V 6368 -925035.28 -175618.70
V 6376 -925033.20 -175610.95
V 6384 -925033.20 -175539.95
V 6392 -925035.28 -175532.20
V 6400 -925040.95 -175526.53
V 6408 -925048.70 -175524.45
V 6416 -925148.20 -175524.45
V 6424 -925148.20 -175484.45
V 6432 -925048.70 -175484.45
V 6440 -925040.95 -175482.37
V 6448 -925035.28 -175476.70
V 6456 -925033.20 -175468.95
V 6464 -925033.20 -175397.95
V 6472 -925035.28 -175390.20
V 6480 -925040.95 -175384.53
V 6488 -925048.70 -175382.45
V 6496 -925148.20 -175382.45
V 6504 -925148.20 -175342.45
V 6512 -925048.70 -175342.45
V 6520 -925040.95 -175340.37
V 6528 -925035.28 -175334.70
V 6536 -925033.20 -175326.95
V 6544 -925033.20 -175255.95
V 6552 -925035.28 -175248.20
V 6560 -925040.95 -175242.53
V 6568 -925048.70 -175240.45
V 6576 -925148.20 -175240.45
V 6584 -925148.20 -175200.45
V 6592 -925048.70 -175200.45
V 6600 -925040.95 -175198.37
V 6608 -925035.28 -175192.70
V 6616 -925033.20 -175184.95
V 6624 -925033.20 -175113.95
V 6632 -925035.28 -175106.20
V 6640 -925040.95 -175100.53
V 6648 -925048.70 -175098.45
V 6656 -925148.20 -175098.45
V 6664 -925148.20 -175058.45
V 6672 -925048.70 -175058.45
V 6680 -925040.95 -175056.37
V 6688 -925035.28 -175050.70
V 6696 -925033.20 -175042.95
V 6704 -925033.20 -174971.95
V 6712 -925035.28 -174964.20
V 6720 -925040.95 -174958.53
V 6728 -925048.70 -174956.45
V 6736 -925148.20 -174956.45
V 6744 -925148.20 -174916.45
V 6752 -925048.70 -174916.45
V 6760 -925040.95 -174914.37
V 6768 -925035.28 -174908.70
V 6776 -925033.20 -174900.95
V 6784 -925033.20 -174829.95
V 6792 -925035.28 -174822.20
V 6800 -925040.95 -174816.53
V 6808 -925048.70 -174814.45
V 6816 -925148.20 -174814.45
V 6824 -925148.20 -174774.45
V 6832 -925048.70 -174774.45
V 6840 -925040.95 -174772.37
V 6848 -925035.28 -174766.70
V 6856 -925033.20 -174758.95
V 6864 -925033.20 -174687.95
V 6872 -925035.28 -174680.20
V 6880 -925040.95 -174674.53
V 6888 -925048.70 -174672.45
V 6896 -925148.20 -174672.45
V 6904 -925148.20 -174632.45
V 6912 -925048.70 -174632.45
V 6920 -925040.95 -174630.37
V 6928 -925035.28 -174624.70
V 6936 -925033.20 -174616.95
V 6944 -925033.20 -174545.95
V 6952 -925035.28 -174538.20
V 6960 -925040.95 -174532.53
V 6968 -925048.70 -174530.45
V 6976 -925148.20 -174530.45
V 6984 -925148.20 -174490.45
V 6992 -925048.70 -174490.45
V 7000 -925040.95 -174488.37
V 7008 -925035.28 -174482.70
V 7016 -925033.20 -174474.95
V 7024 -925033.20 -174403.95
V 7032 -925035.28 -174396.20
V 7040 -925040.95 -174390.53
V 7048 -925048.70 -174388.45
V 7056 -925148.20 -174388.45
V 7064 -925148.20 -174348.45
V 7072 -925048.70 -174348.45
V 7080 -925040.95 -174346.37
V 7088 -925035.28 -174340.70
V 7096 -925033.20 -174332.95
V 7104 -925033.20 -174261.95
