V 0 -459566.00 -157719.35
V 8 -459566.00 -157730.78
V 16 -459752.09 -157762.38
V 24 -460681.30 -157920.16
V 32 -460913.61 -157959.61
V 40 -461378.19 -158038.50
V 48 -465289.29 -158702.61
V 56 -469447.43 -159408.67
V 64 -470837.04 -159644.63
V 72 -475770.82 -160482.39
V 80 -476942.77 -160681.40
V 88 -476942.81 -160681.40
V 96 -476943.23 -160681.47
V 104 -476943.27 -160681.48
V 112 -477407.05 -160760.23
V 120 -478799.42 -160996.66
V 128 -478801.43 -160997.00
V 136 -481156.74 -161396.94
V 144 -481840.23 -161512.99
V 152 -482689.53 -161657.21
V 160 -485445.35 -162125.15
V 168 -485638.38 -162157.93
V 176 -493435.13 -163481.84
V 184 -493435.17 -163481.84
V 192 -493436.13 -163482.00
V 200 -493436.17 -163482.01
V 208 -497614.60 -164191.51
V 216 -497644.89 -164196.66
V 224 -499009.99 -164428.45
V 232 -499010.06 -164428.46
V 240 -499010.75 -164428.58
V 248 -499010.77 -164428.59
V 256 -512954.42 -166796.25
V 264 -512958.62 -166796.96
V 272 -522009.05 -168333.74
V 280 -526654.30 -169122.52
V 288 -526655.47 -169122.71
V 296 -531997.86 -170029.86
V 304 -531998.42 -170029.96
V 312 -552208.34 -173461.64
V 320 -552208.89 -173461.73
V 328 -552208.98 -173461.75
V 336 -554837.91 -173908.15
V 344 -555328.49 -173991.45
V 352 -561013.79 -174956.83
V 360 -561020.40 -174959.64
V 368 -561025.04 -174965.12
V 376 -561026.70 -174972.11
V 384 -561026.70 -175113.95
V 392 -561024.62 -175121.70
V 400 -561018.95 -175127.37
V 408 -561011.20 -175129.45
V 416 -560969.20 -175129.45
V 424 -560969.20 -175169.45
V 432 -561068.70 -175169.45
V 440 -561076.45 -175171.53
V 448 -561082.12 -175177.20
V 456 -561084.20 -175184.95
V 464 -561084.20 -175255.95
V 472 -561082.12 -175263.70
V 480 -561076.45 -175269.37
V 488 -561068.70 -175271.45
V 496 -560969.20 -175271.45
V 504 -560969.20 -175311.45
V 512 -561068.70 -175311.45
V 520 -561076.45 -175313.53
V 528 -561082.12 -175319.20
V 536 -561084.20 -175326.95
V 544 -561084.20 -175397.95
V 552 -561082.12 -175405.70
V 560 -561076.45 -175411.37
V 568 -561068.70 -175413.45
V 576 -560969.20 -175413.45
V 584 -560969.20 -175453.45
V 592 -561068.70 -175453.45
V 600 -561076.45 -175455.53
V 608 -561082.12 -175461.20
V 616 -561084.20 -175468.95
V 624 -561084.20 -175539.95
V 632 -561082.12 -175547.70
V 640 -561076.45 -175553.37
V 648 -561068.70 -175555.45
V 656 -560969.20 -175555.45
V 664 -560969.20 -175595.45
V 672 -561068.70 -175595.45
V 680 -561076.45 -175597.53
V 688 -561082.12 -175603.20
V 696 -561084.20 -175610.95
V 704 -561084.20 -175681.95
V 712 -561082.12 -175689.70
V 720 -561076.45 -175695.37
V 728 -561068.70 -175697.45
V 736 -560969.20 -175697.45
V 744 -560969.20 -175737.45
V 752 -561068.70 -175737.45
V 760 -561076.45 -175739.53
V 768 -561082.12 -175745.20
V 776 -561084.20 -175752.95
V 784 -561084.20 -175823.95
V 792 -561082.12 -175831.70
V 800 -561076.45 -175837.37
V 808 -561068.70 -175839.45
V 816 -560969.20 -175839.45
V 824 -560969.20 -175879.45
V 832 -561068.70 -175879.45
V 840 -561076.45 -175881.53
V 848 -561082.12 -175887.20
V 856 -561084.20 -175894.95
V 864 -561084.20 -175965.95
V 872 -561082.12 -175973.70
V 880 -561076.45 -175979.37
V 888 -561068.70 -175981.45
V 896 -560969.20 -175981.45
V 904 -560969.20 -176021.45
V 912 -561068.70 -176021.45
V 920 -561076.45 -176023.53
V 928 -561082.12 -176029.20
V 936 -561084.20 -176036.95
V 944 -561084.20 -176107.95
V 952 -561082.12 -176115.70
V 960 -561076.45 -176121.37
V 968 -561068.70 -176123.45
V 976 -560969.20 -176123.45
V 984 -560969.20 -176163.45
V 992 -561068.70 -176163.45
V 1000 -561076.45 -176165.53
V 1008 -561082.12 -176171.20
V 1016 -561084.20 -176178.95
V 1024 -561084.20 -176249.95
V 1032 -561082.12 -176257.70
V 1040 -561076.45 -176263.37
V 1048 -561068.70 -176265.45
V 1056 -560969.20 -176265.45
V 1064 -560969.20 -176305.45
V 1072 -561068.70 -176305.45
V 1080 -561076.45 -176307.53
V 1088 -561082.12 -176313.20
V 1096 -561084.20 -176320.95
V 1104 -561084.20 -176391.95
V 1112 -561082.12 -176399.70
V 1120 -561076.45 -176405.37
V 1128 -561068.70 -176407.45
V 1136 -560969.20 -176407.45
V 1144 -560969.20 -176447.45
V 1152 -561068.70 -176447.45
V 1160 -561076.45 -176449.53
V 1168 -561082.12 -176455.20
V 1176 -561084.20 -176462.95
V 1184 -561084.20 -176533.95
V 1192 -561082.12 -176541.70
V 1200 -561076.45 -176547.37
V 1208 -561068.70 -176549.45
V 1216 -560969.20 -176549.45
V 1224 -560969.20 -176589.45
V 1232 -561068.70 -176589.45
V 1240 -561076.45 -176591.53
V 1248 -561082.12 -176597.20
V 1256 -561084.20 -176604.95
V 1264 -561084.20 -176675.95
V 1272 -561082.12 -176683.70
V 1280 -561076.45 -176689.37
V 1288 -561068.70 -176691.45
V 1296 -560969.20 -176691.45
V 1304 -560969.20 -176731.45
V 1312 -561068.70 -176731.45
V 1320 -561076.45 -176733.53
V 1328 -561082.12 -176739.20
V 1336 -561084.20 -176746.95
V 1344 -561084.20 -176817.95
V 1352 -561082.12 -176825.70
V 1360 -561076.45 -176831.37
V 1368 -561068.70 -176833.45
V 1376 -560969.20 -176833.45
V 1384 -560969.20 -176873.45
V 1392 -561068.70 -176873.45
V 1400 -561076.45 -176875.53
V 1408 -561082.12 -176881.20
V 1416 -561084.20 -176888.95
V 1424 -561084.20 -176959.95
V 1432 -561082.12 -176967.70
V 1440 -561076.45 -176973.37
V 1448 -561068.70 -176975.45
V 1456 -560969.20 -176975.45
V 1464 -560969.20 -177015.45
V 1472 -561068.70 -177015.45
V 1480 -561076.45 -177017.53
V 1488 -561082.12 -177023.20
V 1496 -561084.20 -177030.95
V 1504 -561084.20 -177101.95
V 1512 -561082.12 -177109.70
V 1520 -561076.45 -177115.37
V 1528 -561068.70 -177117.45
V 1536 -560969.20 -177117.45
V 1544 -560969.20 -177157.45
V 1552 -561068.70 -177157.45
V 1560 -561076.45 -177159.53
V 1568 -561082.12 -177165.20
V 1576 -561084.20 -177172.95
V 1584 -561084.20 -177243.95
V 1592 -561082.12 -177251.70
V 1600 -561076.45 -177257.37
V 1608 -561068.70 -177259.45
V 1616 -560969.20 -177259.45
V 1624 -560969.20 -177299.45
V 1632 -561068.70 -177299.45
V 1640 -561076.45 -177301.53
V 1648 -561082.12 -177307.20
V 1656 -561084.20 -177314.95
V 1664 -561084.20 -177385.95
V 1672 -561082.12 -177393.70
V 1680 -561076.45 -177399.37
V 1688 -561068.70 -177401.45
V 1696 -560969.20 -177401.45
V 1704 -560969.20 -177441.45
V 1712 -561068.70 -177441.45
V 1720 -561076.45 -177443.53
V 1728 -561082.12 -177449.20
V 1736 -561084.20 -177456.95
V 1744 -561084.20 -177527.95
V 1752 -561082.12 -177535.70
V 1760 -561076.45 -177541.37
V 1768 -561068.70 -177543.45
V 1776 -560969.20 -177543.45
V 1784 -560969.20 -177583.45
V 1792 -561068.70 -177583.45
V 1800 -561076.45 -177585.53
V 1808 -561082.12 -177591.20
V 1816 -561084.20 -177598.95
V 1824 -561084.20 -177669.95
V 1832 -561082.12 -177677.70
V 1840 -561076.45 -177683.37
V 1848 -561068.70 -177685.45
V 1856 -560969.20 -177685.45
V 1864 -560969.20 -177725.45
V 1872 -561068.70 -177725.45
V 1880 -561076.45 -177727.53
V 1888 -561082.12 -177733.20
V 1896 -561084.20 -177740.95
V 1904 -561084.20 -177811.95
V 1912 -561082.12 -177819.70
V 1920 -561076.45 -177825.37
V 1928 -561068.70 -177827.45
V 1936 -560969.20 -177827.45
V 1944 -560969.20 -177867.45
V 1952 -561068.70 -177867.45
V 1960 -561076.45 -177869.53
V 1968 -561082.12 -177875.20
V 1976 -561084.20 -177882.95
V 1984 -561084.20 -177953.95
V 1992 -561082.12 -177961.70
V 2000 -561076.45 -177967.37
V 2008 -561068.70 -177969.45
V 2016 -560969.20 -177969.45
V 2024 -560969.20 -178009.45
V 2032 -561068.70 -178009.45
V 2040 -561076.45 -178011.53
V 2048 -561082.12 -178017.20
V 2056 -561084.20 -178024.95
V 2064 -561084.20 -178095.95
V 2072 -561082.12 -178103.70
V 2080 -561076.45 -178109.37
V 2088 -561068.70 -178111.45
V 2096 -560969.20 -178111.45
V 2104 -560969.20 -178151.45
V 2112 -561068.70 -178151.45
V 2120 -561076.45 -178153.53
V 2128 -561082.12 -178159.20
V 2136 -561084.20 -178166.95
V 2144 -561084.20 -178237.95
V 2152 -561082.12 -178245.70
V 2160 -561076.45 -178251.37
V 2168 -561068.70 -178253.45
V 2176 -560969.20 -178253.45
V 2184 -560969.20 -178293.45
V 2192 -561068.70 -178293.45
V 2200 -561076.45 -178295.53
V 2208 -561082.12 -178301.20
V 2216 -561084.20 -178308.95
V 2224 -561084.20 -178379.95
V 2232 -561082.12 -178387.70
V 2240 -561076.45 -178393.37
V 2248 -561068.70 -178395.45
V 2256 -561026.70 -178395.45
V 2264 -561026.70 -178404.45
V 2272 -560995.70 -178404.45
V 2280 -560995.70 -178379.95
V 2288 -560995.74 -178378.84
V 2296 -560995.86 -178377.74
V 2304 -560996.05 -178376.66
V 2312 -560996.33 -178375.58
V 2320 -560996.68 -178374.53
V 2328 -560997.10 -178373.51
V 2336 -560997.60 -178372.52
V 2344 -560998.16 -178371.57
V 2352 -560998.79 -178370.66
V 2360 -560999.49 -178369.80
V 2368 -561000.24 -178368.99
V 2376 -561001.05 -178368.24
V 2384 -561001.91 -178367.54
V 2392 -561002.82 -178366.91
V 2400 -561003.77 -178366.35
V 2408 -561004.76 -178365.85
V 2416 -561005.78 -178365.43
V 2424 -561006.83 -178365.08
V 2432 -561007.91 -178364.80
V 2440 -561008.99 -178364.61
V 2448 -561010.09 -178364.49
V 2456 -561011.20 -178364.45
V 2464 -561053.20 -178364.45
V 2472 -561053.20 -178324.45
V 2480 -560953.70 -178324.45
V 2488 -560945.95 -178322.37
V 2496 -560940.28 -178316.70
V 2504 -560938.20 -178308.95
V 2512 -560938.20 -178237.95
V 2520 -560940.28 -178230.20
V 2528 -560945.95 -178224.53
V 2536 -560953.70 -178222.45
V 2544 -561053.20 -178222.45
V 2552 -561053.20 -178182.45
V 2560 -560953.70 -178182.45
V 2568 -560945.95 -178180.37
V 2576 -560940.28 -178174.70
V 2584 -560938.20 -178166.95
V 2592 -560938.20 -178095.95
V 2600 -560940.28 -178088.20
V 2608 -560945.95 -178082.53
V 2616 -560953.70 -178080.45
V 2624 -561053.20 -178080.45
V 2632 -561053.20 -178040.45
V 2640 -560953.70 -178040.45
V 2648 -560945.95 -178038.37
V 2656 -560940.28 -178032.70
V 2664 -560938.20 -178024.95
V 2672 -560938.20 -177953.95
V 2680 -560940.28 -177946.20
V 2688 -560945.95 -177940.53
V 2696 -560953.70 -177938.45
V 2704 -561053.20 -177938.45
V 2712 -561053.20 -177898.45
V 2720 -560953.70 -177898.45
V 2728 -560945.95 -177896.37
V 2736 -560940.28 -177890.70
V 2744 -560938.20 -177882.95
V 2752 -560938.20 -177811.95
V 2760 -560940.28 -177804.20
V 2768 -560945.95 -177798.53
V 2776 -560953.70 -177796.45
V 2784 -561053.20 -177796.45
V 2792 -561053.20 -177756.45
V 2800 -560953.70 -177756.45
V 2808 -560945.95 -177754.37
V 2816 -560940.28 -177748.70
V 2824 -560938.20 -177740.95
V 2832 -560938.20 -177669.95
V 2840 -560940.28 -177662.20
V 2848 -560945.95 -177656.53
V 2856 -560953.70 -177654.45
V 2864 -561053.20 -177654.45
V 2872 -561053.20 -177614.45
V 2880 -560953.70 -177614.45
V 2888 -560945.95 -177612.37
V 2896 -560940.28 -177606.70
V 2904 -560938.20 -177598.95
V 2912 -560938.20 -177527.95
V 2920 -560940.28 -177520.20
V 2928 -560945.95 -177514.53
V 2936 -560953.70 -177512.45
V 2944 -561053.20 -177512.45
V 2952 -561053.20 -177472.45
V 2960 -560953.70 -177472.45
V 2968 -560945.95 -177470.37
V 2976 -560940.28 -177464.70
V 2984 -560938.20 -177456.95
V 2992 -560938.20 -177385.95
V 3000 -560940.28 -177378.20
V 3008 -560945.95 -177372.53
V 3016 -560953.70 -177370.45
V 3024 -561053.20 -177370.45
V 3032 -561053.20 -177330.45
V 3040 -560953.70 -177330.45
V 3048 -560945.95 -177328.37
V 3056 -560940.28 -177322.70
V 3064 -560938.20 -177314.95
V 3072 -560938.20 -177243.95
V 3080 -560940.28 -177236.20
V 3088 -560945.95 -177230.53
V 3096 -560953.70 -177228.45
V 3104 -561053.20 -177228.45
V 3112 -561053.20 -177188.45
V 3120 -560953.70 -177188.45
V 3128 -560945.95 -177186.37
V 3136 -560940.28 -177180.70
V 3144 -560938.20 -177172.95
V 3152 -560938.20 -177101.95
V 3160 -560940.28 -177094.20
V 3168 -560945.95 -177088.53
V 3176 -560953.70 -177086.45
V 3184 -561053.20 -177086.45
V 3192 -561053.20 -177046.45
V 3200 -560953.70 -177046.45
V 3208 -560945.95 -177044.37
V 3216 -560940.28 -177038.70
V 3224 -560938.20 -177030.95
V 3232 -560938.20 -176959.95
V 3240 -560940.28 -176952.20
V 3248 -560945.95 -176946.53
V 3256 -560953.70 -176944.45
V 3264 -561053.20 -176944.45
V 3272 -561053.20 -176904.45
V 3280 -560953.70 -176904.45
V 3288 -560945.95 -176902.37
V 3296 -560940.28 -176896.70
V 3304 -560938.20 -176888.95
V 3312 -560938.20 -176817.95
V 3320 -560940.28 -176810.20
V 3328 -560945.95 -176804.53
V 3336 -560953.70 -176802.45
V 3344 -561053.20 -176802.45
V 3352 -561053.20 -176762.45
V 3360 -560953.70 -176762.45
V 3368 -560945.95 -176760.37
V 3376 -560940.28 -176754.70
V 3384 -560938.20 -176746.95
V 3392 -560938.20 -176675.95
V 3400 -560940.28 -176668.20
V 3408 -560945.95 -176662.53
V 3416 -560953.70 -176660.45
V 3424 -561053.20 -176660.45
V 3432 -561053.20 -176620.45
V 3440 -560953.70 -176620.45
V 3448 -560945.95 -176618.37
V 3456 -560940.28 -176612.70
V 3464 -560938.20 -176604.95
V 3472 -560938.20 -176533.95
V 3480 -560940.28 -176526.20
V 3488 -560945.95 -176520.53
V 3496 -560953.70 -176518.45
V 3504 -561053.20 -176518.45
V 3512 -561053.20 -176478.45
V 3520 -560953.70 -176478.45
V 3528 -560945.95 -176476.37
V 3536 -560940.28 -176470.70
V 3544 -560938.20 -176462.95
V 3552 -560938.20 -176391.95
V 3560 -560940.28 -176384.20
V 3568 -560945.95 -176378.53
V 3576 -560953.70 -176376.45
V 3584 -561053.20 -176376.45
V 3592 -561053.20 -176336.45
V 3600 -560953.70 -176336.45
V 3608 -560945.95 -176334.37
V 3616 -560940.28 -176328.70
V 3624 -560938.20 -176320.95
V 3632 -560938.20 -176249.95
V 3640 -560940.28 -176242.20
V 3648 -560945.95 -176236.53
V 3656 -560953.70 -176234.45
V 3664 -561053.20 -176234.45
V 3672 -561053.20 -176194.45
V 3680 -560953.70 -176194.45
V 3688 -560945.95 -176192.37
V 3696 -560940.28 -176186.70
V 3704 -560938.20 -176178.95
V 3712 -560938.20 -176107.95
V 3720 -560940.28 -176100.20
V 3728 -560945.95 -176094.53
V 3736 -560953.70 -176092.45
V 3744 -561053.20 -176092.45
V 3752 -561053.20 -176052.45
V 3760 -560953.70 -176052.45
V 3768 -560945.95 -176050.37
V 3776 -560940.28 -176044.70
V 3784 -560938.20 -176036.95
V 3792 -560938.20 -175965.95
V 3800 -560940.28 -175958.20
V 3808 -560945.95 -175952.53
V 3816 -560953.70 -175950.45
V 3824 -561053.20 -175950.45
V 3832 -561053.20 -175910.45
V 3840 -560953.70 -175910.45
V 3848 -560945.95 -175908.37
V 3856 -560940.28 -175902.70
V 3864 -560938.20 -175894.95
V 3872 -560938.20 -175823.95
V 3880 -560940.28 -175816.20
V 3888 -560945.95 -175810.53
V 3896 -560953.70 -175808.45
V 3904 -561053.20 -175808.45
V 3912 -561053.20 -175768.45
V 3920 -560953.70 -175768.45
V 3928 -560945.95 -175766.37
V 3936 -560940.28 -175760.70
V 3944 -560938.20 -175752.95
V 3952 -560938.20 -175681.95
V 3960 -560940.28 -175674.20
V 3968 -560945.95 -175668.53
V 3976 -560953.70 -175666.45
V 3984 -561053.20 -175666.45
V 3992 -561053.20 -175626.45
V 4000 -560953.70 -175626.45
V 4008 -560945.95 -175624.37
V 4016 -560940.28 -175618.70
V 4024 -560938.20 -175610.95
V 4032 -560938.20 -175539.95
V 4040 -560940.28 -175532.20
V 4048 -560945.95 -175526.53
V 4056 -560953.70 -175524.45
V 4064 -561053.20 -175524.45
V 4072 -561053.20 -175484.45
V 4080 -560953.70 -175484.45
V 4088 -560945.95 -175482.37
V 4096 -560940.28 -175476.70
V 4104 -560938.20 -175468.95
V 4112 -560938.20 -175397.95
V 4120 -560940.28 -175390.20
V 4128 -560945.95 -175384.53
V 4136 -560953.70 -175382.45
V 4144 -561053.20 -175382.45
V 4152 -561053.20 -175342.45
V 4160 -560953.70 -175342.45
V 4168 -560945.95 -175340.37
V 4176 -560940.28 -175334.70
V 4184 -560938.20 -175326.95
V 4192 -560938.20 -175255.95
V 4200 -560940.28 -175248.20
V 4208 -560945.95 -175242.53
V 4216 -560953.70 -175240.45
V 4224 -561053.20 -175240.45
V 4232 -561053.20 -175200.45
V 4240 -560953.70 -175200.45
V 4248 -560945.95 -175198.37
V 4256 -560940.28 -175192.70
V 4264 -560938.20 -175184.95
V 4272 -560938.20 -175113.95
V 4280 -560940.28 -175106.20
V 4288 -560945.95 -175100.53
V 4296 -560953.70 -175098.45
V 4304 -560995.70 -175098.45
V 4312 -560995.70 -174985.20
V 4320 -555323.31 -174022.01
V 4328 -552203.89 -173492.33
V 4336 -552203.40 -173492.25
V 4344 -552203.31 -173492.23
V 4352 -531992.87 -170060.46
V 4360 -531992.31 -170060.36
V 4368 -526650.37 -169153.28
V 4376 -526649.14 -169153.08
V 4384 -522003.87 -168364.30
V 4392 -512953.44 -166827.52
V 4400 -512949.24 -166826.81
V 4408 -499005.50 -164459.13
V 4416 -499005.43 -164459.12
V 4424 -499004.74 -164459.00
V 4432 -499004.72 -164458.99
V 4440 -497639.69 -164227.22
V 4448 -497609.40 -164222.07
V 4456 -493431.07 -163512.58
V 4464 -493431.03 -163512.58
V 4472 -493430.07 -163512.42
V 4480 -493430.03 -163512.41
V 4488 -485633.18 -162188.49
V 4496 -485440.15 -162155.71
V 4504 -482684.35 -161687.77
V 4512 -481835.05 -161543.55
V 4520 -481151.56 -161427.50
V 4528 -478796.25 -161027.56
V 4536 -478794.24 -161027.22
V 4544 -477401.87 -160790.79
V 4552 -476938.17 -160712.05
V 4560 -476938.13 -160712.05
V 4568 -476937.71 -160711.98
V 4576 -476937.67 -160711.97
V 4584 -475765.64 -160512.95
V 4592 -470831.86 -159675.19
V 4600 -469442.25 -159439.23
V 4608 -465284.11 -158733.17
V 4616 -461373.01 -158069.06
V 4624 -460908.41 -157990.17
V 4632 -460676.10 -157950.72
V 4640 -459547.91 -157759.15
V 4648 -459546.84 -157758.93
V 4656 -459545.80 -157758.64
V 4664 -459544.77 -157758.27
V 4672 -459543.78 -157757.84
V 4680 -459542.82 -157757.33
V 4688 -459541.89 -157756.76
V 4696 -459541.01 -157756.13
V 4704 -459540.17 -157755.43
V 4712 -459539.39 -157754.68
V 4720 -459538.66 -157753.87
V 4728 -459537.99 -157753.02
V 4736 -459537.38 -157752.12
V 4744 -459536.83 -157751.18
V 4752 -459536.35 -157750.20
V 4760 -459535.94 -157749.20
V 4768 -459535.61 -157748.16
V 4776 -459535.34 -157747.11
V 4784 -459535.15 -157746.04
V 4792 -459535.04 -157744.96
V 4800 -459535.00 -157743.87
V 4808 -459535.00 -157719.35
