V 0 42885.76 -14847.50
V 8 42880.27 -14842.01
V 16 42872.77 -14840.00
V 24 41595.00 -14840.00
V 32 41595.00 -14870.00
V 40 42857.77 -14870.00
V 48 42857.77 -14913.70
V 56 42705.68 -15802.61
V 64 42552.65 -16699.47
V 72 42369.03 -17604.72
V 80 42219.29 -18098.36
V 88 41762.16 -19423.48
V 96 41138.02 -21232.62
V 104 40825.95 -22137.20
V 112 40513.89 -23041.76
V 120 40201.84 -23946.32
V 128 39889.12 -24852.94
V 136 39556.82 -25795.20
V 144 39099.44 -26756.23
V 152 38590.46 -27687.35
V 160 38590.35 -27687.54
V 168 38590.24 -27687.75
V 176 38090.96 -28601.13
V 184 38090.85 -28601.32
V 192 38090.74 -28601.53
V 200 37591.47 -29514.91
V 208 37591.36 -29515.10
V 216 37591.25 -29515.31
V 224 37091.96 -30428.70
V 232 37091.85 -30428.89
V 240 37091.74 -30429.10
V 248 36592.46 -31342.48
V 256 36592.35 -31342.67
V 264 36592.24 -31342.88
V 272 36093.03 -32256.13
V 280 36092.93 -32256.32
V 288 36092.81 -32256.53
V 296 35588.60 -33179.49
V 304 35033.58 -34151.77
V 312 34758.12 -34548.66
V 320 33511.52 -36106.37
V 328 33511.42 -36106.49
V 336 33511.20 -36106.77
V 344 32773.23 -37028.87
V 352 32773.13 -37028.99
V 360 32772.91 -37029.27
V 368 32034.97 -37951.36
V 376 32034.87 -37951.48
V 384 32034.65 -37951.76
V 392 31296.68 -38873.87
V 400 31296.58 -38873.99
V 408 31296.36 -38874.27
V 416 30558.57 -39796.15
V 424 30558.47 -39796.27
V 432 30558.25 -39796.55
V 440 29811.01 -40730.88
V 448 29810.98 -40730.91
V 456 28941.82 -41776.99
V 464 27763.38 -42796.96
V 472 26688.59 -43727.21
V 480 25607.03 -44663.70
V 488 24501.00 -45602.50
V 496 24099.91 -45921.10
V 504 23842.28 -46125.72
V 512 23584.61 -46330.40
V 520 23326.93 -46535.06
V 528 22852.87 -46911.61
V 536 22852.84 -46911.63
V 544 22852.77 -46911.69
V 552 22852.75 -46911.71
V 560 22852.73 -46911.72
V 568 22589.31 -47120.98
V 576 22588.88 -47121.34
V 584 22577.26 -47131.30
V 592 22547.32 -47154.34
V 600 22547.25 -47154.40
V 608 22547.18 -47154.45
V 616 22547.03 -47154.58
V 624 22347.23 -47312.96
V 632 22347.10 -47313.06
V 640 22346.70 -47313.40
V 648 22346.57 -47313.50
V 656 22335.82 -47322.81
V 664 22309.98 -47342.70
V 672 22309.91 -47342.76
V 680 22309.84 -47342.81
V 688 22309.47 -47343.12
V 696 21881.68 -47689.71
V 704 21881.55 -47689.81
V 712 21881.34 -47689.99
V 720 21881.20 -47690.09
V 728 21849.75 -47716.45
V 736 21795.60 -47756.74
V 744 21795.46 -47756.84
V 752 21735.20 -47800.66
V 760 21688.10 -47830.50
V 768 21687.95 -47830.60
V 776 21687.71 -47830.75
V 784 21687.67 -47830.78
V 792 20990.80 -48279.83
V 800 20989.73 -48280.50
V 808 20989.57 -48280.59
V 816 20979.59 -48287.01
V 824 20979.56 -48287.04
V 832 20927.11 -48318.96
V 840 20878.21 -48346.25
V 848 20399.85 -48601.68
V 856 20133.52 -48743.88
V 864 20133.31 -48743.99
V 872 19866.50 -48886.45
V 880 19599.81 -49028.86
V 888 19066.37 -49313.70
V 896 18799.51 -49456.19
V 904 18533.22 -49598.37
V 912 18533.01 -49598.48
V 920 18265.97 -49741.07
V 928 17999.43 -49883.39
V 936 17732.84 -50025.73
V 944 17732.63 -50025.84
V 952 17560.69 -50117.66
V 960 17554.89 -50123.18
V 968 17552.76 -50130.89
V 976 17552.76 -55615.95
V 984 17582.76 -55615.95
V 992 17582.76 -50139.89
V 1000 17746.94 -50052.21
V 1008 18013.53 -49909.87
V 1016 18013.57 -49909.85
V 1024 18280.11 -49767.53
V 1032 18547.32 -49624.85
V 1040 18813.61 -49482.67
V 1048 18813.65 -49482.65
V 1056 19080.51 -49340.16
V 1064 19613.95 -49055.32
V 1072 19880.64 -48912.91
V 1080 20413.95 -48628.16
V 1088 20413.99 -48628.14
V 1096 20892.51 -48372.62
V 1104 20892.75 -48372.49
V 1112 20941.89 -48345.07
V 1120 20942.02 -48345.00
V 1128 20942.08 -48344.96
V 1136 20942.38 -48344.78
V 1144 20995.51 -48312.44
V 1152 20995.83 -48312.25
V 1160 21005.81 -48305.83
V 1168 21005.89 -48305.77
V 1176 21007.04 -48305.05
V 1184 21007.10 -48305.01
V 1192 21007.34 -48304.86
V 1200 21007.38 -48304.83
V 1208 21704.16 -47855.84
V 1216 21751.71 -47825.72
V 1224 21752.02 -47825.52
V 1232 21752.40 -47825.24
V 1240 21752.42 -47825.23
V 1248 21813.10 -47781.10
V 1256 21813.12 -47781.08
V 1264 21813.14 -47781.07
V 1272 21813.57 -47780.75
V 1280 21813.60 -47780.72
V 1288 21867.89 -47740.33
V 1296 21868.07 -47740.20
V 1304 21868.50 -47739.88
V 1312 21868.67 -47739.74
V 1320 21868.85 -47739.60
V 1328 21900.48 -47713.09
V 1336 21900.50 -47713.06
V 1344 22328.28 -47366.48
V 1352 22354.44 -47346.35
V 1360 22354.52 -47346.29
V 1368 22354.98 -47345.91
V 1376 22355.11 -47345.80
V 1384 22366.03 -47336.34
V 1392 22565.62 -47178.12
V 1400 22595.82 -47154.88
V 1408 22595.90 -47154.82
V 1416 22596.43 -47154.38
V 1424 22608.11 -47144.37
V 1432 22871.39 -46935.22
V 1440 22871.42 -46935.20
V 1448 22871.49 -46935.14
V 1456 22871.51 -46935.12
V 1464 22871.53 -46935.11
V 1472 23345.59 -46558.56
V 1480 23603.27 -46353.90
V 1488 23860.94 -46149.22
V 1496 24118.57 -45944.60
V 1504 24519.89 -45625.82
V 1512 24520.27 -45625.51
V 1520 25626.45 -44686.58
V 1528 25626.56 -44686.48
V 1536 26708.23 -43749.89
V 1544 27783.02 -42819.64
V 1552 28962.41 -41798.85
V 1560 28962.46 -41798.80
V 1568 28962.71 -41798.58
V 1576 28963.10 -41798.21
V 1584 28963.48 -41797.83
V 1592 28963.85 -41797.43
V 1600 28964.10 -41797.13
V 1608 28964.13 -41797.10
V 1616 29834.06 -40750.09
V 1624 29834.13 -40750.00
V 1632 29834.35 -40749.72
V 1640 30581.59 -39815.39
V 1648 30581.69 -39815.27
V 1656 30581.91 -39814.99
V 1664 31319.70 -38893.11
V 1672 31319.80 -38892.99
V 1680 31320.02 -38892.71
V 1688 32057.99 -37970.60
V 1696 32058.09 -37970.48
V 1704 32058.31 -37970.20
V 1712 32796.25 -37048.11
V 1720 32796.35 -37047.99
V 1728 32796.57 -37047.71
V 1736 33534.54 -36125.61
V 1744 33534.64 -36125.49
V 1752 33534.86 -36125.21
V 1760 34781.65 -34567.27
V 1768 34781.75 -34567.15
V 1776 34782.08 -34566.73
V 1784 34782.40 -34566.29
V 1792 34782.71 -34565.84
V 1800 35058.54 -34168.41
V 1808 35058.59 -34168.34
V 1816 35058.90 -34167.89
V 1824 35059.23 -34167.35
V 1832 35059.36 -34167.14
V 1840 35614.66 -33194.37
V 1848 35614.89 -33193.93
V 1856 35615.01 -33193.72
V 1864 36119.35 -32270.51
V 1872 36119.46 -32270.32
V 1880 36119.58 -32270.09
V 1888 36618.78 -31356.86
V 1896 36618.89 -31356.67
V 1904 36619.01 -31356.44
V 1912 37118.28 -30443.08
V 1920 37118.39 -30442.89
V 1928 37118.51 -30442.66
V 1936 37617.79 -29529.29
V 1944 37617.90 -29529.10
V 1952 37618.02 -29528.87
V 1960 38117.28 -28615.51
V 1968 38117.39 -28615.32
V 1976 38117.51 -28615.09
V 1984 38616.78 -27701.73
V 1992 38616.89 -27701.54
V 2000 38617.01 -27701.31
V 2008 39125.97 -26770.23
V 2016 39125.99 -26770.20
V 2024 39126.19 -26769.83
V 2032 39126.35 -26769.50
V 2040 39584.11 -25807.67
V 2048 39584.24 -25807.39
V 2056 39584.27 -25807.33
V 2064 39584.34 -25807.18
V 2072 39584.56 -25806.68
V 2080 39584.76 -25806.18
V 2088 39584.81 -25806.03
V 2096 39584.88 -25805.87
V 2104 39917.42 -24862.92
V 2112 39917.45 -24862.82
V 2120 40230.20 -23956.10
V 2128 40542.25 -23051.54
V 2136 40854.31 -22146.98
V 2144 41166.38 -21242.40
V 2152 41790.52 -19433.26
V 2160 42247.70 -18107.99
V 2168 42247.90 -18107.37
V 2176 42247.95 -18107.20
V 2184 42397.90 -17612.86
V 2192 42397.98 -17612.62
V 2200 42398.12 -17612.10
V 2208 42398.25 -17611.57
V 2216 42398.30 -17611.33
V 2224 42398.31 -17611.29
V 2232 42398.36 -17611.04
V 2240 42398.36 -17611.02
V 2248 42582.12 -16705.07
V 2256 42582.12 -16705.05
V 2264 42582.18 -16704.78
V 2272 42582.19 -16704.71
V 2280 42582.21 -16704.61
V 2288 42735.26 -15807.67
V 2296 42887.56 -14917.53
V 2304 42887.57 -14917.44
V 2312 42887.61 -14917.16
V 2320 42887.68 -14916.62
V 2328 42887.73 -14916.08
V 2336 42887.76 -14915.54
V 2344 42887.77 -14915.00
V 2352 42887.77 -14855.00
