V 0 1085836.69 552.64
V 8 1085832.26 590.68
V 16 1085832.25 590.78
V 24 1085832.21 590.99
V 32 1085825.39 615.86
V 40 1085824.77 622.76
V 48 1085824.53 623.45
V 56 1085823.99 623.94
V 64 1085823.28 624.12
V 72 1085735.66 624.12
V 80 1085735.66 621.12
V 88 1085821.91 621.12
V 96 1085822.42 615.52
V 104 1085822.42 615.46
V 112 1085822.43 615.36
V 120 1085822.46 615.25
V 128 1085822.47 615.15
V 136 1085829.28 590.30
V 144 1085833.86 550.97
V 152 1085834.11 550.29
V 160 1085834.65 549.81
V 168 1085835.35 549.64
V 176 1085839.86 549.64
V 184 1085839.86 552.64
