V 0 -593645.00 -157719.35
V 8 -593645.00 -157730.78
V 16 -593831.09 -157762.38
V 24 -600103.25 -158827.41
V 32 -601747.68 -159106.63
V 40 -615202.88 -161391.36
V 48 -616861.17 -161672.94
V 56 -617061.30 -161706.92
V 64 -617525.89 -161785.81
V 72 -618920.49 -162022.61
V 80 -618920.53 -162022.62
V 88 -619384.32 -162101.37
V 96 -621707.80 -162495.90
V 104 -621707.93 -162495.92
V 112 -625159.71 -163082.05
V 120 -625670.82 -163168.83
V 128 -627621.46 -163500.06
V 136 -630535.10 -163994.80
V 144 -630535.19 -163994.82
V 152 -630535.26 -163994.83
V 160 -630535.28 -163994.83
V 168 -647968.79 -166955.08
V 176 -647975.40 -166957.89
V 184 -647980.04 -166963.37
V 192 -647981.70 -166970.36
V 200 -647981.70 -167075.45
V 208 -648007.56 -167075.45
V 216 -648015.31 -167077.53
V 224 -648020.98 -167083.20
V 232 -648023.06 -167090.95
V 240 -648023.06 -167161.95
V 248 -648020.98 -167169.70
V 256 -648015.31 -167175.37
V 264 -648007.56 -167177.45
V 272 -647924.20 -167177.45
V 280 -647924.20 -167217.45
V 288 -648023.70 -167217.45
V 296 -648031.45 -167219.53
V 304 -648037.12 -167225.20
V 312 -648039.20 -167232.95
V 320 -648039.20 -167303.95
V 328 -648037.12 -167311.70
V 336 -648031.45 -167317.37
V 344 -648023.70 -167319.45
V 352 -647924.20 -167319.45
V 360 -647924.20 -167359.45
V 368 -648023.70 -167359.45
V 376 -648031.45 -167361.53
V 384 -648037.12 -167367.20
V 392 -648039.20 -167374.95
V 400 -648039.20 -167445.95
V 408 -648037.12 -167453.70
V 416 -648031.45 -167459.37
V 424 -648023.70 -167461.45
V 432 -647924.20 -167461.45
V 440 -647924.20 -167501.45
V 448 -648023.70 -167501.45
V 456 -648031.45 -167503.53
V 464 -648037.12 -167509.20
V 472 -648039.20 -167516.95
V 480 -648039.20 -167587.95
V 488 -648037.12 -167595.70
V 496 -648031.45 -167601.37
V 504 -648023.70 -167603.45
V 512 -647924.20 -167603.45
V 520 -647924.20 -167643.45
V 528 -648023.70 -167643.45
V 536 -648031.45 -167645.53
V 544 -648037.12 -167651.20
V 552 -648039.20 -167658.95
V 560 -648039.20 -167729.95
V 568 -648037.12 -167737.70
V 576 -648031.45 -167743.37
V 584 -648023.70 -167745.45
V 592 -647924.20 -167745.45
V 600 -647924.20 -167785.45
V 608 -648023.70 -167785.45
V 616 -648031.45 -167787.53
V 624 -648037.12 -167793.20
V 632 -648039.20 -167800.95
V 640 -648039.20 -167871.95
V 648 -648037.12 -167879.70
V 656 -648031.45 -167885.37
V 664 -648023.70 -167887.45
V 672 -647924.20 -167887.45
V 680 -647924.20 -167927.45
V 688 -648023.70 -167927.45
V 696 -648031.45 -167929.53
V 704 -648037.12 -167935.20
V 712 -648039.20 -167942.95
V 720 -648039.20 -168013.95
V 728 -648037.12 -168021.70
V 736 -648031.45 -168027.37
V 744 -648023.70 -168029.45
V 752 -647924.20 -168029.45
V 760 -647924.20 -168069.45
V 768 -648023.70 -168069.45
V 776 -648031.45 -168071.53
V 784 -648037.12 -168077.20
V 792 -648039.20 -168084.95
V 800 -648039.20 -168155.95
V 808 -648037.12 -168163.70
V 816 -648031.45 -168169.37
V 824 -648023.70 -168171.45
V 832 -647924.20 -168171.45
V 840 -647924.20 -168211.45
V 848 -648023.70 -168211.45
V 856 -648031.45 -168213.53
V 864 -648037.12 -168219.20
V 872 -648039.20 -168226.95
V 880 -648039.20 -168297.95
V 888 -648037.12 -168305.70
V 896 -648031.45 -168311.37
V 904 -648023.70 -168313.45
V 912 -647924.20 -168313.45
V 920 -647924.20 -168353.45
V 928 -648023.70 -168353.45
V 936 -648031.45 -168355.53
V 944 -648037.12 -168361.20
V 952 -648039.20 -168368.95
V 960 -648039.20 -168439.95
V 968 -648037.12 -168447.70
V 976 -648031.45 -168453.37
V 984 -648023.70 -168455.45
V 992 -647924.20 -168455.45
V 1000 -647924.20 -168495.45
V 1008 -648023.70 -168495.45
V 1016 -648031.45 -168497.53
V 1024 -648037.12 -168503.20
V 1032 -648039.20 -168510.95
V 1040 -648039.20 -168581.95
V 1048 -648037.12 -168589.70
V 1056 -648031.45 -168595.37
V 1064 -648023.70 -168597.45
V 1072 -647924.20 -168597.45
V 1080 -647924.20 -168637.45
V 1088 -648023.70 -168637.45
V 1096 -648031.45 -168639.53
V 1104 -648037.12 -168645.20
V 1112 -648039.20 -168652.95
V 1120 -648039.20 -168723.95
V 1128 -648037.12 -168731.70
V 1136 -648031.45 -168737.37
V 1144 -648023.70 -168739.45
V 1152 -647924.20 -168739.45
V 1160 -647924.20 -168779.45
V 1168 -648023.70 -168779.45
V 1176 -648031.45 -168781.53
V 1184 -648037.12 -168787.20
V 1192 -648039.20 -168794.95
V 1200 -648039.20 -168865.95
V 1208 -648037.12 -168873.70
V 1216 -648031.45 -168879.37
V 1224 -648023.70 -168881.45
V 1232 -647924.20 -168881.45
V 1240 -647924.20 -168921.45
V 1248 -648023.70 -168921.45
V 1256 -648031.45 -168923.53
V 1264 -648037.12 -168929.20
V 1272 -648039.20 -168936.95
V 1280 -648039.20 -169007.95
V 1288 -648037.12 -169015.70
V 1296 -648031.45 -169021.37
V 1304 -648023.70 -169023.45
V 1312 -647924.20 -169023.45
V 1320 -647924.20 -169063.45
V 1328 -648023.70 -169063.45
V 1336 -648031.45 -169065.53
V 1344 -648037.12 -169071.20
V 1352 -648039.20 -169078.95
V 1360 -648039.20 -169149.95
V 1368 -648037.12 -169157.70
V 1376 -648031.45 -169163.37
V 1384 -648023.70 -169165.45
V 1392 -647924.20 -169165.45
V 1400 -647924.20 -169205.45
V 1408 -648023.70 -169205.45
V 1416 -648031.45 -169207.53
V 1424 -648037.12 -169213.20
V 1432 -648039.20 -169220.95
V 1440 -648039.20 -169291.95
V 1448 -648037.12 -169299.70
V 1456 -648031.45 -169305.37
V 1464 -648023.70 -169307.45
V 1472 -647924.20 -169307.45
V 1480 -647924.20 -169347.45
V 1488 -648023.70 -169347.45
V 1496 -648031.45 -169349.53
V 1504 -648037.12 -169355.20
V 1512 -648039.20 -169362.95
V 1520 -648039.20 -169433.95
V 1528 -648037.12 -169441.70
V 1536 -648031.45 -169447.37
V 1544 -648023.70 -169449.45
V 1552 -647924.20 -169449.45
V 1560 -647924.20 -169489.45
V 1568 -648023.70 -169489.45
V 1576 -648031.45 -169491.53
V 1584 -648037.12 -169497.20
V 1592 -648039.20 -169504.95
V 1600 -648039.20 -169575.95
V 1608 -648037.12 -169583.70
V 1616 -648031.45 -169589.37
V 1624 -648023.70 -169591.45
V 1632 -647924.20 -169591.45
V 1640 -647924.20 -169631.45
V 1648 -648023.70 -169631.45
V 1656 -648031.45 -169633.53
V 1664 -648037.12 -169639.20
V 1672 -648039.20 -169646.95
V 1680 -648039.20 -169717.95
V 1688 -648037.12 -169725.70
V 1696 -648031.45 -169731.37
V 1704 -648023.70 -169733.45
V 1712 -647924.20 -169733.45
V 1720 -647924.20 -169773.45
V 1728 -648023.70 -169773.45
V 1736 -648031.45 -169775.53
V 1744 -648037.12 -169781.20
V 1752 -648039.20 -169788.95
V 1760 -648039.20 -169859.95
V 1768 -648037.12 -169867.70
V 1776 -648031.45 -169873.37
V 1784 -648023.70 -169875.45
V 1792 -647924.20 -169875.45
V 1800 -647924.20 -169915.45
V 1808 -648023.70 -169915.45
V 1816 -648031.45 -169917.53
V 1824 -648037.12 -169923.20
V 1832 -648039.20 -169930.95
V 1840 -648039.20 -170001.95
V 1848 -648037.12 -170009.70
V 1856 -648031.45 -170015.37
V 1864 -648023.70 -170017.45
V 1872 -647924.20 -170017.45
V 1880 -647924.20 -170057.45
V 1888 -648023.70 -170057.45
V 1896 -648031.45 -170059.53
V 1904 -648037.12 -170065.20
V 1912 -648039.20 -170072.95
V 1920 -648039.20 -170143.95
V 1928 -648037.12 -170151.70
V 1936 -648031.45 -170157.37
V 1944 -648023.70 -170159.45
V 1952 -647924.20 -170159.45
V 1960 -647924.20 -170199.45
V 1968 -648023.70 -170199.45
V 1976 -648031.45 -170201.53
V 1984 -648037.12 -170207.20
V 1992 -648039.20 -170214.95
V 2000 -648039.20 -170285.95
V 2008 -648037.12 -170293.70
V 2016 -648031.45 -170299.37
V 2024 -648023.70 -170301.45
V 2032 -647924.20 -170301.45
V 2040 -647924.20 -170341.45
V 2048 -648023.70 -170341.45
V 2056 -648031.45 -170343.53
V 2064 -648037.12 -170349.20
V 2072 -648039.20 -170356.95
V 2080 -648039.20 -170427.95
V 2088 -648037.12 -170435.70
V 2096 -648031.45 -170441.37
V 2104 -648023.70 -170443.45
V 2112 -647924.20 -170443.45
V 2120 -647924.20 -170483.45
V 2128 -648023.70 -170483.45
V 2136 -648031.45 -170485.53
V 2144 -648037.12 -170491.20
V 2152 -648039.20 -170498.95
V 2160 -648039.20 -170569.95
V 2168 -648037.12 -170577.70
V 2176 -648031.45 -170583.37
V 2184 -648023.70 -170585.45
V 2192 -647924.20 -170585.45
V 2200 -647924.20 -170625.45
V 2208 -648023.70 -170625.45
V 2216 -648031.45 -170627.53
V 2224 -648037.12 -170633.20
V 2232 -648039.20 -170640.95
V 2240 -648039.20 -170711.95
V 2248 -648037.12 -170719.70
V 2256 -648031.45 -170725.37
V 2264 -648023.70 -170727.45
V 2272 -647924.20 -170727.45
V 2280 -647924.20 -170767.45
V 2288 -648023.70 -170767.45
V 2296 -648031.45 -170769.53
V 2304 -648037.12 -170775.20
V 2312 -648039.20 -170782.95
V 2320 -648039.20 -170853.95
V 2328 -648037.12 -170861.70
V 2336 -648031.45 -170867.37
V 2344 -648023.70 -170869.45
V 2352 -647924.20 -170869.45
V 2360 -647924.20 -170909.45
V 2368 -648023.70 -170909.45
V 2376 -648031.45 -170911.53
V 2384 -648037.12 -170917.20
V 2392 -648039.20 -170924.95
V 2400 -648039.20 -170995.95
V 2408 -648037.12 -171003.70
V 2416 -648031.45 -171009.37
V 2424 -648023.70 -171011.45
V 2432 -647924.20 -171011.45
V 2440 -647924.20 -171051.45
V 2448 -648023.70 -171051.45
V 2456 -648031.45 -171053.53
V 2464 -648037.12 -171059.20
V 2472 -648039.20 -171066.95
V 2480 -648039.20 -171137.95
V 2488 -648037.12 -171145.70
V 2496 -648031.45 -171151.37
V 2504 -648023.70 -171153.45
V 2512 -647924.20 -171153.45
V 2520 -647924.20 -171193.45
V 2528 -648023.70 -171193.45
V 2536 -648031.45 -171195.53
V 2544 -648037.12 -171201.20
V 2552 -648039.20 -171208.95
V 2560 -648039.20 -171279.95
V 2568 -648037.12 -171287.70
V 2576 -648031.45 -171293.37
V 2584 -648023.70 -171295.45
V 2592 -647924.20 -171295.45
V 2600 -647924.20 -171335.45
V 2608 -648023.70 -171335.45
V 2616 -648031.45 -171337.53
V 2624 -648037.12 -171343.20
V 2632 -648039.20 -171350.95
V 2640 -648039.20 -171421.95
V 2648 -648037.12 -171429.70
V 2656 -648031.45 -171435.37
V 2664 -648023.70 -171437.45
V 2672 -647924.20 -171437.45
V 2680 -647924.20 -171477.45
V 2688 -648023.70 -171477.45
V 2696 -648031.45 -171479.53
V 2704 -648037.12 -171485.20
V 2712 -648039.20 -171492.95
V 2720 -648039.20 -171563.95
V 2728 -648037.12 -171571.70
V 2736 -648031.45 -171577.37
V 2744 -648023.70 -171579.45
V 2752 -647924.20 -171579.45
V 2760 -647924.20 -171619.45
V 2768 -648023.70 -171619.45
V 2776 -648031.45 -171621.53
V 2784 -648037.12 -171627.20
V 2792 -648039.20 -171634.95
V 2800 -648039.20 -171705.95
V 2808 -648037.12 -171713.70
V 2816 -648031.45 -171719.37
V 2824 -648023.70 -171721.45
V 2832 -647924.20 -171721.45
V 2840 -647924.20 -171761.45
V 2848 -648023.70 -171761.45
V 2856 -648031.45 -171763.53
V 2864 -648037.12 -171769.20
V 2872 -648039.20 -171776.95
V 2880 -648039.20 -171847.95
V 2888 -648037.12 -171855.70
V 2896 -648031.45 -171861.37
V 2904 -648023.70 -171863.45
V 2912 -647924.20 -171863.45
V 2920 -647924.20 -171903.45
V 2928 -648023.70 -171903.45
V 2936 -648031.45 -171905.53
V 2944 -648037.12 -171911.20
V 2952 -648039.20 -171918.95
V 2960 -648039.20 -171989.95
V 2968 -648037.12 -171997.70
V 2976 -648031.45 -172003.37
V 2984 -648023.70 -172005.45
V 2992 -647924.20 -172005.45
V 3000 -647924.20 -172045.45
V 3008 -648023.70 -172045.45
V 3016 -648031.45 -172047.53
V 3024 -648037.12 -172053.20
V 3032 -648039.20 -172060.95
V 3040 -648039.20 -172131.95
V 3048 -648037.12 -172139.70
V 3056 -648031.45 -172145.37
V 3064 -648023.70 -172147.45
V 3072 -647924.20 -172147.45
V 3080 -647924.20 -172187.45
V 3088 -648023.70 -172187.45
V 3096 -648031.45 -172189.53
V 3104 -648037.12 -172195.20
V 3112 -648039.20 -172202.95
V 3120 -648039.20 -172273.95
V 3128 -648037.12 -172281.70
V 3136 -648031.45 -172287.37
V 3144 -648023.70 -172289.45
V 3152 -647924.20 -172289.45
V 3160 -647924.20 -172329.45
V 3168 -648023.70 -172329.45
V 3176 -648031.45 -172331.53
V 3184 -648037.12 -172337.20
V 3192 -648039.20 -172344.95
V 3200 -648039.20 -172415.95
V 3208 -648037.12 -172423.70
V 3216 -648031.45 -172429.37
V 3224 -648023.70 -172431.45
V 3232 -647924.20 -172431.45
V 3240 -647924.20 -172471.45
V 3248 -648023.70 -172471.45
V 3256 -648031.45 -172473.53
V 3264 -648037.12 -172479.20
V 3272 -648039.20 -172486.95
V 3280 -648039.20 -172557.95
V 3288 -648037.12 -172565.70
V 3296 -648031.45 -172571.37
V 3304 -648023.70 -172573.45
V 3312 -647924.20 -172573.45
V 3320 -647924.20 -172613.45
V 3328 -648023.70 -172613.45
V 3336 -648031.45 -172615.53
V 3344 -648037.12 -172621.20
V 3352 -648039.20 -172628.95
V 3360 -648039.20 -172699.95
V 3368 -648037.12 -172707.70
V 3376 -648031.45 -172713.37
V 3384 -648023.70 -172715.45
V 3392 -647924.20 -172715.45
V 3400 -647924.20 -172755.45
V 3408 -648023.70 -172755.45
V 3416 -648031.45 -172757.53
V 3424 -648037.12 -172763.20
V 3432 -648039.20 -172770.95
V 3440 -648039.20 -172841.95
V 3448 -648037.12 -172849.70
V 3456 -648031.45 -172855.37
V 3464 -648023.70 -172857.45
V 3472 -647924.20 -172857.45
V 3480 -647924.20 -172897.45
V 3488 -648023.70 -172897.45
V 3496 -648031.45 -172899.53
V 3504 -648037.12 -172905.20
V 3512 -648039.20 -172912.95
V 3520 -648039.20 -172983.95
V 3528 -648037.12 -172991.70
V 3536 -648031.45 -172997.37
V 3544 -648023.70 -172999.45
V 3552 -647924.20 -172999.45
V 3560 -647924.20 -173039.45
V 3568 -648023.70 -173039.45
V 3576 -648031.45 -173041.53
V 3584 -648037.12 -173047.20
V 3592 -648039.20 -173054.95
V 3600 -648039.20 -173125.95
V 3608 -648037.12 -173133.70
V 3616 -648031.45 -173139.37
V 3624 -648023.70 -173141.45
V 3632 -647924.20 -173141.45
V 3640 -647924.20 -173181.45
V 3648 -648023.70 -173181.45
V 3656 -648031.45 -173183.53
V 3664 -648037.12 -173189.20
V 3672 -648039.20 -173196.95
V 3680 -648039.20 -173267.95
V 3688 -648037.12 -173275.70
V 3696 -648031.45 -173281.37
V 3704 -648023.70 -173283.45
V 3712 -647924.20 -173283.45
V 3720 -647924.20 -173323.45
V 3728 -648023.70 -173323.45
V 3736 -648031.45 -173325.53
V 3744 -648037.12 -173331.20
V 3752 -648039.20 -173338.95
V 3760 -648039.20 -173409.95
V 3768 -648037.12 -173417.70
V 3776 -648031.45 -173423.37
V 3784 -648023.70 -173425.45
V 3792 -647924.20 -173425.45
V 3800 -647924.20 -173465.45
V 3808 -648023.70 -173465.45
V 3816 -648031.45 -173467.53
V 3824 -648037.12 -173473.20
V 3832 -648039.20 -173480.95
V 3840 -648039.20 -173551.95
V 3848 -648037.12 -173559.70
V 3856 -648031.45 -173565.37
V 3864 -648023.70 -173567.45
V 3872 -647924.20 -173567.45
V 3880 -647924.20 -173607.45
V 3888 -648023.70 -173607.45
V 3896 -648031.45 -173609.53
V 3904 -648037.12 -173615.20
V 3912 -648039.20 -173622.95
V 3920 -648039.20 -173693.95
V 3928 -648037.12 -173701.70
V 3936 -648031.45 -173707.37
V 3944 -648023.70 -173709.45
V 3952 -647924.20 -173709.45
V 3960 -647924.20 -173749.45
V 3968 -648023.70 -173749.45
V 3976 -648031.45 -173751.53
V 3984 -648037.12 -173757.20
V 3992 -648039.20 -173764.95
V 4000 -648039.20 -173835.95
V 4008 -648037.12 -173843.70
V 4016 -648031.45 -173849.37
V 4024 -648023.70 -173851.45
V 4032 -647924.20 -173851.45
V 4040 -647924.20 -173891.45
V 4048 -648023.70 -173891.45
V 4056 -648031.45 -173893.53
V 4064 -648037.12 -173899.20
V 4072 -648039.20 -173906.95
V 4080 -648039.20 -173977.95
V 4088 -648037.12 -173985.70
V 4096 -648031.45 -173991.37
V 4104 -648023.70 -173993.45
V 4112 -647924.20 -173993.45
V 4120 -647924.20 -174033.45
V 4128 -648023.70 -174033.45
V 4136 -648031.45 -174035.53
V 4144 -648037.12 -174041.20
V 4152 -648039.20 -174048.95
V 4160 -648039.20 -174119.95
V 4168 -648037.12 -174127.70
V 4176 -648031.45 -174133.37
V 4184 -648023.70 -174135.45
V 4192 -647924.20 -174135.45
V 4200 -647924.20 -174175.45
V 4208 -648023.70 -174175.45
V 4216 -648031.45 -174177.53
V 4224 -648037.12 -174183.20
V 4232 -648039.20 -174190.95
V 4240 -648039.20 -174261.95
V 4248 -648037.12 -174269.70
V 4256 -648031.45 -174275.37
V 4264 -648023.70 -174277.45
V 4272 -647924.20 -174277.45
V 4280 -647924.20 -174317.45
V 4288 -648023.70 -174317.45
V 4296 -648031.45 -174319.53
V 4304 -648037.12 -174325.20
V 4312 -648039.20 -174332.95
V 4320 -648039.20 -174403.95
V 4328 -648037.12 -174411.70
V 4336 -648031.45 -174417.37
V 4344 -648023.70 -174419.45
V 4352 -647924.20 -174419.45
V 4360 -647924.20 -174459.45
V 4368 -648023.70 -174459.45
V 4376 -648031.45 -174461.53
V 4384 -648037.12 -174467.20
V 4392 -648039.20 -174474.95
V 4400 -648039.20 -174545.95
V 4408 -648037.12 -174553.70
V 4416 -648031.45 -174559.37
V 4424 -648023.70 -174561.45
V 4432 -647924.20 -174561.45
V 4440 -647924.20 -174601.45
V 4448 -648023.70 -174601.45
V 4456 -648031.45 -174603.53
V 4464 -648037.12 -174609.20
V 4472 -648039.20 -174616.95
V 4480 -648039.20 -174687.95
V 4488 -648037.12 -174695.70
V 4496 -648031.45 -174701.37
V 4504 -648023.70 -174703.45
V 4512 -647924.20 -174703.45
V 4520 -647924.20 -174743.45
V 4528 -648023.70 -174743.45
V 4536 -648031.45 -174745.53
V 4544 -648037.12 -174751.20
V 4552 -648039.20 -174758.95
V 4560 -648039.20 -174829.95
V 4568 -648037.12 -174837.70
V 4576 -648031.45 -174843.37
V 4584 -648023.70 -174845.45
V 4592 -647924.20 -174845.45
V 4600 -647924.20 -174885.45
V 4608 -648023.70 -174885.45
V 4616 -648031.45 -174887.53
V 4624 -648037.12 -174893.20
V 4632 -648039.20 -174900.95
V 4640 -648039.20 -174971.95
V 4648 -648037.12 -174979.70
V 4656 -648031.45 -174985.37
V 4664 -648023.70 -174987.45
V 4672 -647924.20 -174987.45
V 4680 -647924.20 -175027.45
V 4688 -648023.70 -175027.45
V 4696 -648031.45 -175029.53
V 4704 -648037.12 -175035.20
V 4712 -648039.20 -175042.95
V 4720 -648039.20 -175113.95
V 4728 -648037.12 -175121.70
V 4736 -648031.45 -175127.37
V 4744 -648023.70 -175129.45
V 4752 -647924.20 -175129.45
V 4760 -647924.20 -175169.45
V 4768 -648023.70 -175169.45
V 4776 -648031.45 -175171.53
V 4784 -648037.12 -175177.20
V 4792 -648039.20 -175184.95
V 4800 -648039.20 -175255.95
V 4808 -648037.12 -175263.70
V 4816 -648031.45 -175269.37
V 4824 -648023.70 -175271.45
V 4832 -647924.20 -175271.45
V 4840 -647924.20 -175311.45
V 4848 -648023.70 -175311.45
V 4856 -648031.45 -175313.53
V 4864 -648037.12 -175319.20
V 4872 -648039.20 -175326.95
V 4880 -648039.20 -175397.95
V 4888 -648037.12 -175405.70
V 4896 -648031.45 -175411.37
V 4904 -648023.70 -175413.45
V 4912 -647924.20 -175413.45
V 4920 -647924.20 -175453.45
V 4928 -648023.70 -175453.45
V 4936 -648031.45 -175455.53
V 4944 -648037.12 -175461.20
V 4952 -648039.20 -175468.95
V 4960 -648039.20 -175539.95
V 4968 -648037.12 -175547.70
V 4976 -648031.45 -175553.37
V 4984 -648023.70 -175555.45
V 4992 -647924.20 -175555.45
V 5000 -647924.20 -175595.45
V 5008 -648023.70 -175595.45
V 5016 -648031.45 -175597.53
V 5024 -648037.12 -175603.20
V 5032 -648039.20 -175610.95
V 5040 -648039.20 -175681.95
V 5048 -648037.12 -175689.70
V 5056 -648031.45 -175695.37
V 5064 -648023.70 -175697.45
V 5072 -647924.20 -175697.45
V 5080 -647924.20 -175737.45
V 5088 -648023.70 -175737.45
V 5096 -648031.45 -175739.53
V 5104 -648037.12 -175745.20
V 5112 -648039.20 -175752.95
V 5120 -648039.20 -175823.95
V 5128 -648037.12 -175831.70
V 5136 -648031.45 -175837.37
V 5144 -648023.70 -175839.45
V 5152 -647924.20 -175839.45
V 5160 -647924.20 -175879.45
V 5168 -648023.70 -175879.45
V 5176 -648031.45 -175881.53
V 5184 -648037.12 -175887.20
V 5192 -648039.20 -175894.95
V 5200 -648039.20 -175965.95
V 5208 -648037.12 -175973.70
V 5216 -648031.45 -175979.37
V 5224 -648023.70 -175981.45
V 5232 -647924.20 -175981.45
V 5240 -647924.20 -176021.45
V 5248 -648023.70 -176021.45
V 5256 -648031.45 -176023.53
V 5264 -648037.12 -176029.20
V 5272 -648039.20 -176036.95
V 5280 -648039.20 -176107.95
V 5288 -648037.12 -176115.70
V 5296 -648031.45 -176121.37
V 5304 -648023.70 -176123.45
V 5312 -647924.20 -176123.45
V 5320 -647924.20 -176163.45
V 5328 -648023.70 -176163.45
V 5336 -648031.45 -176165.53
V 5344 -648037.12 -176171.20
V 5352 -648039.20 -176178.95
V 5360 -648039.20 -176249.95
V 5368 -648037.12 -176257.70
V 5376 -648031.45 -176263.37
V 5384 -648023.70 -176265.45
V 5392 -647924.20 -176265.45
V 5400 -647924.20 -176305.45
V 5408 -648023.70 -176305.45
V 5416 -648031.45 -176307.53
V 5424 -648037.12 -176313.20
V 5432 -648039.20 -176320.95
V 5440 -648039.20 -176391.95
V 5448 -648037.12 -176399.70
V 5456 -648031.45 -176405.37
V 5464 -648023.70 -176407.45
V 5472 -647924.20 -176407.45
V 5480 -647924.20 -176447.45
V 5488 -648023.70 -176447.45
V 5496 -648031.45 -176449.53
V 5504 -648037.12 -176455.20
V 5512 -648039.20 -176462.95
V 5520 -648039.20 -176533.95
V 5528 -648037.12 -176541.70
V 5536 -648031.45 -176547.37
V 5544 -648023.70 -176549.45
V 5552 -647924.20 -176549.45
V 5560 -647924.20 -176589.45
V 5568 -648023.70 -176589.45
V 5576 -648031.45 -176591.53
V 5584 -648037.12 -176597.20
V 5592 -648039.20 -176604.95
V 5600 -648039.20 -176675.95
V 5608 -648037.12 -176683.70
V 5616 -648031.45 -176689.37
V 5624 -648023.70 -176691.45
V 5632 -647924.20 -176691.45
V 5640 -647924.20 -176731.45
V 5648 -648023.70 -176731.45
V 5656 -648031.45 -176733.53
V 5664 -648037.12 -176739.20
V 5672 -648039.20 -176746.95
V 5680 -648039.20 -176817.95
V 5688 -648037.12 -176825.70
V 5696 -648031.45 -176831.37
V 5704 -648023.70 -176833.45
V 5712 -647924.20 -176833.45
V 5720 -647924.20 -176873.45
V 5728 -648023.70 -176873.45
V 5736 -648031.45 -176875.53
V 5744 -648037.12 -176881.20
V 5752 -648039.20 -176888.95
V 5760 -648039.20 -176959.95
V 5768 -648037.12 -176967.70
V 5776 -648031.45 -176973.37
V 5784 -648023.70 -176975.45
V 5792 -647924.20 -176975.45
V 5800 -647924.20 -177015.45
V 5808 -648023.70 -177015.45
V 5816 -648031.45 -177017.53
V 5824 -648037.12 -177023.20
V 5832 -648039.20 -177030.95
V 5840 -648039.20 -177101.95
V 5848 -648037.12 -177109.70
V 5856 -648031.45 -177115.37
V 5864 -648023.70 -177117.45
V 5872 -647924.20 -177117.45
V 5880 -647924.20 -177157.45
V 5888 -648023.70 -177157.45
V 5896 -648031.45 -177159.53
V 5904 -648037.12 -177165.20
V 5912 -648039.20 -177172.95
V 5920 -648039.20 -177243.95
V 5928 -648037.12 -177251.70
V 5936 -648031.45 -177257.37
V 5944 -648023.70 -177259.45
V 5952 -647924.20 -177259.45
V 5960 -647924.20 -177299.45
V 5968 -648023.70 -177299.45
V 5976 -648031.45 -177301.53
V 5984 -648037.12 -177307.20
V 5992 -648039.20 -177314.95
V 6000 -648039.20 -177385.95
V 6008 -648037.12 -177393.70
V 6016 -648031.45 -177399.37
V 6024 -648023.70 -177401.45
V 6032 -647924.20 -177401.45
V 6040 -647924.20 -177441.45
V 6048 -648023.70 -177441.45
V 6056 -648031.45 -177443.53
V 6064 -648037.12 -177449.20
V 6072 -648039.20 -177456.95
V 6080 -648039.20 -177527.95
V 6088 -648037.12 -177535.70
V 6096 -648031.45 -177541.37
V 6104 -648023.70 -177543.45
V 6112 -647924.20 -177543.45
V 6120 -647924.20 -177583.45
V 6128 -648023.70 -177583.45
V 6136 -648031.45 -177585.53
V 6144 -648037.12 -177591.20
V 6152 -648039.20 -177598.95
V 6160 -648039.20 -177669.95
V 6168 -648037.12 -177677.70
V 6176 -648031.45 -177683.37
V 6184 -648023.70 -177685.45
V 6192 -647924.20 -177685.45
V 6200 -647924.20 -177725.45
V 6208 -648023.70 -177725.45
V 6216 -648031.45 -177727.53
V 6224 -648037.12 -177733.20
V 6232 -648039.20 -177740.95
V 6240 -648039.20 -177811.95
V 6248 -648037.12 -177819.70
V 6256 -648031.45 -177825.37
V 6264 -648023.70 -177827.45
V 6272 -647924.20 -177827.45
V 6280 -647924.20 -177867.45
V 6288 -648023.70 -177867.45
V 6296 -648031.45 -177869.53
V 6304 -648037.12 -177875.20
V 6312 -648039.20 -177882.95
V 6320 -648039.20 -177953.95
V 6328 -648037.12 -177961.70
V 6336 -648031.45 -177967.37
V 6344 -648023.70 -177969.45
V 6352 -647924.20 -177969.45
V 6360 -647924.20 -178009.45
V 6368 -648023.70 -178009.45
V 6376 -648031.45 -178011.53
V 6384 -648037.12 -178017.20
V 6392 -648039.20 -178024.95
V 6400 -648039.20 -178095.95
V 6408 -648037.12 -178103.70
V 6416 -648031.45 -178109.37
V 6424 -648023.70 -178111.45
V 6432 -647924.20 -178111.45
V 6440 -647924.20 -178151.45
V 6448 -648023.70 -178151.45
V 6456 -648031.45 -178153.53
V 6464 -648037.12 -178159.20
V 6472 -648039.20 -178166.95
V 6480 -648039.20 -178237.95
V 6488 -648037.12 -178245.70
V 6496 -648031.45 -178251.37
V 6504 -648023.70 -178253.45
V 6512 -647924.20 -178253.45
V 6520 -647924.20 -178293.45
V 6528 -648023.70 -178293.45
V 6536 -648031.45 -178295.53
V 6544 -648037.12 -178301.20
V 6552 -648039.20 -178308.95
V 6560 -648039.20 -178379.95
V 6568 -648037.12 -178387.70
V 6576 -648031.45 -178393.37
V 6584 -648023.70 -178395.45
V 6592 -647981.70 -178395.45
V 6600 -647981.70 -178404.45
V 6608 -647950.70 -178404.45
V 6616 -647950.70 -178379.95
V 6624 -647950.74 -178378.84
V 6632 -647950.86 -178377.74
V 6640 -647951.05 -178376.66
V 6648 -647951.33 -178375.58
V 6656 -647951.68 -178374.53
V 6664 -647952.10 -178373.51
V 6672 -647952.60 -178372.52
V 6680 -647953.16 -178371.57
V 6688 -647953.79 -178370.66
V 6696 -647954.49 -178369.80
V 6704 -647955.24 -178368.99
V 6712 -647956.05 -178368.24
V 6720 -647956.91 -178367.54
V 6728 -647957.82 -178366.91
V 6736 -647958.77 -178366.35
V 6744 -647959.76 -178365.85
V 6752 -647960.78 -178365.43
V 6760 -647961.83 -178365.08
V 6768 -647962.91 -178364.80
V 6776 -647963.99 -178364.61
V 6784 -647965.09 -178364.49
V 6792 -647966.20 -178364.45
V 6800 -648008.20 -178364.45
V 6808 -648008.20 -178324.45
V 6816 -647908.70 -178324.45
V 6824 -647900.95 -178322.37
V 6832 -647895.28 -178316.70
V 6840 -647893.20 -178308.95
V 6848 -647893.20 -178237.95
V 6856 -647895.28 -178230.20
V 6864 -647900.95 -178224.53
V 6872 -647908.70 -178222.45
V 6880 -648008.20 -178222.45
V 6888 -648008.20 -178182.45
V 6896 -647908.70 -178182.45
V 6904 -647900.95 -178180.37
V 6912 -647895.28 -178174.70
V 6920 -647893.20 -178166.95
V 6928 -647893.20 -178095.95
V 6936 -647895.28 -178088.20
V 6944 -647900.95 -178082.53
V 6952 -647908.70 -178080.45
V 6960 -648008.20 -178080.45
V 6968 -648008.20 -178040.45
V 6976 -647908.70 -178040.45
V 6984 -647900.95 -178038.37
V 6992 -647895.28 -178032.70
V 7000 -647893.20 -178024.95
V 7008 -647893.20 -177953.95
V 7016 -647895.28 -177946.20
V 7024 -647900.95 -177940.53
V 7032 -647908.70 -177938.45
V 7040 -648008.20 -177938.45
V 7048 -648008.20 -177898.45
V 7056 -647908.70 -177898.45
V 7064 -647900.95 -177896.37
V 7072 -647895.28 -177890.70
V 7080 -647893.20 -177882.95
V 7088 -647893.20 -177811.95
V 7096 -647895.28 -177804.20
V 7104 -647900.95 -177798.53
V 7112 -647908.70 -177796.45
V 7120 -648008.20 -177796.45
V 7128 -648008.20 -177756.45
V 7136 -647908.70 -177756.45
V 7144 -647900.95 -177754.37
V 7152 -647895.28 -177748.70
V 7160 -647893.20 -177740.95
V 7168 -647893.20 -177669.95
V 7176 -647895.28 -177662.20
V 7184 -647900.95 -177656.53
V 7192 -647908.70 -177654.45
V 7200 -648008.20 -177654.45
V 7208 -648008.20 -177614.45
V 7216 -647908.70 -177614.45
V 7224 -647900.95 -177612.37
V 7232 -647895.28 -177606.70
V 7240 -647893.20 -177598.95
V 7248 -647893.20 -177527.95
V 7256 -647895.28 -177520.20
V 7264 -647900.95 -177514.53
V 7272 -647908.70 -177512.45
V 7280 -648008.20 -177512.45
V 7288 -648008.20 -177472.45
V 7296 -647908.70 -177472.45
V 7304 -647900.95 -177470.37
V 7312 -647895.28 -177464.70
V 7320 -647893.20 -177456.95
V 7328 -647893.20 -177385.95
V 7336 -647895.28 -177378.20
V 7344 -647900.95 -177372.53
V 7352 -647908.70 -177370.45
V 7360 -648008.20 -177370.45
V 7368 -648008.20 -177330.45
V 7376 -647908.70 -177330.45
V 7384 -647900.95 -177328.37
V 7392 -647895.28 -177322.70
V 7400 -647893.20 -177314.95
V 7408 -647893.20 -177243.95
V 7416 -647895.28 -177236.20
V 7424 -647900.95 -177230.53
V 7432 -647908.70 -177228.45
V 7440 -648008.20 -177228.45
V 7448 -648008.20 -177188.45
V 7456 -647908.70 -177188.45
V 7464 -647900.95 -177186.37
V 7472 -647895.28 -177180.70
V 7480 -647893.20 -177172.95
V 7488 -647893.20 -177101.95
V 7496 -647895.28 -177094.20
V 7504 -647900.95 -177088.53
V 7512 -647908.70 -177086.45
V 7520 -648008.20 -177086.45
V 7528 -648008.20 -177046.45
V 7536 -647908.70 -177046.45
V 7544 -647900.95 -177044.37
V 7552 -647895.28 -177038.70
V 7560 -647893.20 -177030.95
V 7568 -647893.20 -176959.95
V 7576 -647895.28 -176952.20
V 7584 -647900.95 -176946.53
V 7592 -647908.70 -176944.45
V 7600 -648008.20 -176944.45
V 7608 -648008.20 -176904.45
V 7616 -647908.70 -176904.45
V 7624 -647900.95 -176902.37
V 7632 -647895.28 -176896.70
V 7640 -647893.20 -176888.95
V 7648 -647893.20 -176817.95
V 7656 -647895.28 -176810.20
V 7664 -647900.95 -176804.53
V 7672 -647908.70 -176802.45
V 7680 -648008.20 -176802.45
V 7688 -648008.20 -176762.45
V 7696 -647908.70 -176762.45
V 7704 -647900.95 -176760.37
V 7712 -647895.28 -176754.70
V 7720 -647893.20 -176746.95
V 7728 -647893.20 -176675.95
V 7736 -647895.28 -176668.20
V 7744 -647900.95 -176662.53
V 7752 -647908.70 -176660.45
V 7760 -648008.20 -176660.45
V 7768 -648008.20 -176620.45
V 7776 -647908.70 -176620.45
V 7784 -647900.95 -176618.37
V 7792 -647895.28 -176612.70
V 7800 -647893.20 -176604.95
V 7808 -647893.20 -176533.95
V 7816 -647895.28 -176526.20
V 7824 -647900.95 -176520.53
V 7832 -647908.70 -176518.45
V 7840 -648008.20 -176518.45
V 7848 -648008.20 -176478.45
V 7856 -647908.70 -176478.45
V 7864 -647900.95 -176476.37
V 7872 -647895.28 -176470.70
V 7880 -647893.20 -176462.95
V 7888 -647893.20 -176391.95
V 7896 -647895.28 -176384.20
V 7904 -647900.95 -176378.53
V 7912 -647908.70 -176376.45
V 7920 -648008.20 -176376.45
V 7928 -648008.20 -176336.45
V 7936 -647908.70 -176336.45
V 7944 -647900.95 -176334.37
V 7952 -647895.28 -176328.70
V 7960 -647893.20 -176320.95
V 7968 -647893.20 -176249.95
V 7976 -647895.28 -176242.20
V 7984 -647900.95 -176236.53
V 7992 -647908.70 -176234.45
V 8000 -648008.20 -176234.45
V 8008 -648008.20 -176194.45
V 8016 -647908.70 -176194.45
V 8024 -647900.95 -176192.37
V 8032 -647895.28 -176186.70
V 8040 -647893.20 -176178.95
V 8048 -647893.20 -176107.95
V 8056 -647895.28 -176100.20
V 8064 -647900.95 -176094.53
V 8072 -647908.70 -176092.45
V 8080 -648008.20 -176092.45
V 8088 -648008.20 -176052.45
V 8096 -647908.70 -176052.45
V 8104 -647900.95 -176050.37
V 8112 -647895.28 -176044.70
V 8120 -647893.20 -176036.95
V 8128 -647893.20 -175965.95
V 8136 -647895.28 -175958.20
V 8144 -647900.95 -175952.53
V 8152 -647908.70 -175950.45
V 8160 -648008.20 -175950.45
V 8168 -648008.20 -175910.45
V 8176 -647908.70 -175910.45
V 8184 -647900.95 -175908.37
V 8192 -647895.28 -175902.70
V 8200 -647893.20 -175894.95
V 8208 -647893.20 -175823.95
V 8216 -647895.28 -175816.20
V 8224 -647900.95 -175810.53
V 8232 -647908.70 -175808.45
V 8240 -648008.20 -175808.45
V 8248 -648008.20 -175768.45
V 8256 -647908.70 -175768.45
V 8264 -647900.95 -175766.37
V 8272 -647895.28 -175760.70
V 8280 -647893.20 -175752.95
V 8288 -647893.20 -175681.95
V 8296 -647895.28 -175674.20
V 8304 -647900.95 -175668.53
V 8312 -647908.70 -175666.45
V 8320 -648008.20 -175666.45
V 8328 -648008.20 -175626.45
V 8336 -647908.70 -175626.45
V 8344 -647900.95 -175624.37
V 8352 -647895.28 -175618.70
V 8360 -647893.20 -175610.95
V 8368 -647893.20 -175539.95
V 8376 -647895.28 -175532.20
V 8384 -647900.95 -175526.53
V 8392 -647908.70 -175524.45
V 8400 -648008.20 -175524.45
V 8408 -648008.20 -175484.45
V 8416 -647908.70 -175484.45
V 8424 -647900.95 -175482.37
V 8432 -647895.28 -175476.70
V 8440 -647893.20 -175468.95
V 8448 -647893.20 -175397.95
V 8456 -647895.28 -175390.20
V 8464 -647900.95 -175384.53
V 8472 -647908.70 -175382.45
V 8480 -648008.20 -175382.45
V 8488 -648008.20 -175342.45
V 8496 -647908.70 -175342.45
V 8504 -647900.95 -175340.37
V 8512 -647895.28 -175334.70
V 8520 -647893.20 -175326.95
V 8528 -647893.20 -175255.95
V 8536 -647895.28 -175248.20
V 8544 -647900.95 -175242.53
V 8552 -647908.70 -175240.45
V 8560 -648008.20 -175240.45
V 8568 -648008.20 -175200.45
V 8576 -647908.70 -175200.45
V 8584 -647900.95 -175198.37
V 8592 -647895.28 -175192.70
V 8600 -647893.20 -175184.95
V 8608 -647893.20 -175113.95
V 8616 -647895.28 -175106.20
V 8624 -647900.95 -175100.53
V 8632 -647908.70 -175098.45
V 8640 -648008.20 -175098.45
V 8648 -648008.20 -175058.45
V 8656 -647908.70 -175058.45
V 8664 -647900.95 -175056.37
V 8672 -647895.28 -175050.70
V 8680 -647893.20 -175042.95
V 8688 -647893.20 -174971.95
V 8696 -647895.28 -174964.20
V 8704 -647900.95 -174958.53
V 8712 -647908.70 -174956.45
V 8720 -648008.20 -174956.45
V 8728 -648008.20 -174916.45
V 8736 -647908.70 -174916.45
V 8744 -647900.95 -174914.37
V 8752 -647895.28 -174908.70
V 8760 -647893.20 -174900.95
V 8768 -647893.20 -174829.95
V 8776 -647895.28 -174822.20
V 8784 -647900.95 -174816.53
V 8792 -647908.70 -174814.45
V 8800 -648008.20 -174814.45
V 8808 -648008.20 -174774.45
V 8816 -647908.70 -174774.45
V 8824 -647900.95 -174772.37
V 8832 -647895.28 -174766.70
V 8840 -647893.20 -174758.95
V 8848 -647893.20 -174687.95
V 8856 -647895.28 -174680.20
V 8864 -647900.95 -174674.53
V 8872 -647908.70 -174672.45
V 8880 -648008.20 -174672.45
V 8888 -648008.20 -174632.45
V 8896 -647908.70 -174632.45
V 8904 -647900.95 -174630.37
V 8912 -647895.28 -174624.70
V 8920 -647893.20 -174616.95
V 8928 -647893.20 -174545.95
V 8936 -647895.28 -174538.20
V 8944 -647900.95 -174532.53
V 8952 -647908.70 -174530.45
V 8960 -648008.20 -174530.45
V 8968 -648008.20 -174490.45
V 8976 -647908.70 -174490.45
V 8984 -647900.95 -174488.37
V 8992 -647895.28 -174482.70
V 9000 -647893.20 -174474.95
V 9008 -647893.20 -174403.95
V 9016 -647895.28 -174396.20
V 9024 -647900.95 -174390.53
V 9032 -647908.70 -174388.45
V 9040 -648008.20 -174388.45
V 9048 -648008.20 -174348.45
V 9056 -647908.70 -174348.45
V 9064 -647900.95 -174346.37
V 9072 -647895.28 -174340.70
V 9080 -647893.20 -174332.95
V 9088 -647893.20 -174261.95
V 9096 -647895.28 -174254.20
V 9104 -647900.95 -174248.53
V 9112 -647908.70 -174246.45
V 9120 -648008.20 -174246.45
V 9128 -648008.20 -174206.45
V 9136 -647908.70 -174206.45
V 9144 -647900.95 -174204.37
V 9152 -647895.28 -174198.70
V 9160 -647893.20 -174190.95
V 9168 -647893.20 -174119.95
V 9176 -647895.28 -174112.20
V 9184 -647900.95 -174106.53
V 9192 -647908.70 -174104.45
V 9200 -648008.20 -174104.45
V 9208 -648008.20 -174064.45
V 9216 -647908.70 -174064.45
V 9224 -647900.95 -174062.37
V 9232 -647895.28 -174056.70
V 9240 -647893.20 -174048.95
V 9248 -647893.20 -173977.95
V 9256 -647895.28 -173970.20
V 9264 -647900.95 -173964.53
V 9272 -647908.70 -173962.45
V 9280 -648008.20 -173962.45
V 9288 -648008.20 -173922.45
V 9296 -647908.70 -173922.45
V 9304 -647900.95 -173920.37
V 9312 -647895.28 -173914.70
V 9320 -647893.20 -173906.95
V 9328 -647893.20 -173835.95
V 9336 -647895.28 -173828.20
V 9344 -647900.95 -173822.53
V 9352 -647908.70 -173820.45
V 9360 -648008.20 -173820.45
V 9368 -648008.20 -173780.45
V 9376 -647908.70 -173780.45
V 9384 -647900.95 -173778.37
V 9392 -647895.28 -173772.70
V 9400 -647893.20 -173764.95
V 9408 -647893.20 -173693.95
V 9416 -647895.28 -173686.20
V 9424 -647900.95 -173680.53
V 9432 -647908.70 -173678.45
V 9440 -648008.20 -173678.45
V 9448 -648008.20 -173638.45
V 9456 -647908.70 -173638.45
V 9464 -647900.95 -173636.37
V 9472 -647895.28 -173630.70
V 9480 -647893.20 -173622.95
V 9488 -647893.20 -173551.95
V 9496 -647895.28 -173544.20
V 9504 -647900.95 -173538.53
V 9512 -647908.70 -173536.45
V 9520 -648008.20 -173536.45
V 9528 -648008.20 -173496.45
V 9536 -647908.70 -173496.45
V 9544 -647900.95 -173494.37
V 9552 -647895.28 -173488.70
V 9560 -647893.20 -173480.95
V 9568 -647893.20 -173409.95
V 9576 -647895.28 -173402.20
V 9584 -647900.95 -173396.53
V 9592 -647908.70 -173394.45
V 9600 -648008.20 -173394.45
V 9608 -648008.20 -173354.45
V 9616 -647908.70 -173354.45
V 9624 -647900.95 -173352.37
V 9632 -647895.28 -173346.70
V 9640 -647893.20 -173338.95
V 9648 -647893.20 -173267.95
V 9656 -647895.28 -173260.20
V 9664 -647900.95 -173254.53
V 9672 -647908.70 -173252.45
V 9680 -648008.20 -173252.45
V 9688 -648008.20 -173212.45
V 9696 -647908.70 -173212.45
V 9704 -647900.95 -173210.37
V 9712 -647895.28 -173204.70
V 9720 -647893.20 -173196.95
V 9728 -647893.20 -173125.95
V 9736 -647895.28 -173118.20
V 9744 -647900.95 -173112.53
V 9752 -647908.70 -173110.45
V 9760 -648008.20 -173110.45
V 9768 -648008.20 -173070.45
V 9776 -647908.70 -173070.45
V 9784 -647900.95 -173068.37
V 9792 -647895.28 -173062.70
V 9800 -647893.20 -173054.95
V 9808 -647893.20 -172983.95
V 9816 -647895.28 -172976.20
V 9824 -647900.95 -172970.53
V 9832 -647908.70 -172968.45
V 9840 -648008.20 -172968.45
V 9848 -648008.20 -172928.45
V 9856 -647908.70 -172928.45
V 9864 -647900.95 -172926.37
V 9872 -647895.28 -172920.70
V 9880 -647893.20 -172912.95
V 9888 -647893.20 -172841.95
V 9896 -647895.28 -172834.20
V 9904 -647900.95 -172828.53
V 9912 -647908.70 -172826.45
V 9920 -648008.20 -172826.45
V 9928 -648008.20 -172786.45
V 9936 -647908.70 -172786.45
V 9944 -647900.95 -172784.37
V 9952 -647895.28 -172778.70
V 9960 -647893.20 -172770.95
V 9968 -647893.20 -172699.95
V 9976 -647895.28 -172692.20
V 9984 -647900.95 -172686.53
V 9992 -647908.70 -172684.45
V 10000 -648008.20 -172684.45
V 10008 -648008.20 -172644.45
V 10016 -647908.70 -172644.45
V 10024 -647900.95 -172642.37
V 10032 -647895.28 -172636.70
V 10040 -647893.20 -172628.95
V 10048 -647893.20 -172557.95
V 10056 -647895.28 -172550.20
V 10064 -647900.95 -172544.53
V 10072 -647908.70 -172542.45
V 10080 -648008.20 -172542.45
V 10088 -648008.20 -172502.45
V 10096 -647908.70 -172502.45
V 10104 -647900.95 -172500.37
V 10112 -647895.28 -172494.70
V 10120 -647893.20 -172486.95
V 10128 -647893.20 -172415.95
V 10136 -647895.28 -172408.20
V 10144 -647900.95 -172402.53
V 10152 -647908.70 -172400.45
V 10160 -648008.20 -172400.45
V 10168 -648008.20 -172360.45
V 10176 -647908.70 -172360.45
V 10184 -647900.95 -172358.37
V 10192 -647895.28 -172352.70
V 10200 -647893.20 -172344.95
V 10208 -647893.20 -172273.95
V 10216 -647895.28 -172266.20
V 10224 -647900.95 -172260.53
V 10232 -647908.70 -172258.45
V 10240 -648008.20 -172258.45
V 10248 -648008.20 -172218.45
V 10256 -647908.70 -172218.45
V 10264 -647900.95 -172216.37
V 10272 -647895.28 -172210.70
V 10280 -647893.20 -172202.95
V 10288 -647893.20 -172131.95
V 10296 -647895.28 -172124.20
V 10304 -647900.95 -172118.53
V 10312 -647908.70 -172116.45
V 10320 -648008.20 -172116.45
V 10328 -648008.20 -172076.45
V 10336 -647908.70 -172076.45
V 10344 -647900.95 -172074.37
V 10352 -647895.28 -172068.70
V 10360 -647893.20 -172060.95
V 10368 -647893.20 -171989.95
V 10376 -647895.28 -171982.20
V 10384 -647900.95 -171976.53
V 10392 -647908.70 -171974.45
V 10400 -648008.20 -171974.45
V 10408 -648008.20 -171934.45
V 10416 -647908.70 -171934.45
V 10424 -647900.95 -171932.37
V 10432 -647895.28 -171926.70
V 10440 -647893.20 -171918.95
V 10448 -647893.20 -171847.95
V 10456 -647895.28 -171840.20
V 10464 -647900.95 -171834.53
V 10472 -647908.70 -171832.45
V 10480 -648008.20 -171832.45
V 10488 -648008.20 -171792.45
V 10496 -647908.70 -171792.45
V 10504 -647900.95 -171790.37
V 10512 -647895.28 -171784.70
V 10520 -647893.20 -171776.95
V 10528 -647893.20 -171705.95
V 10536 -647895.28 -171698.20
V 10544 -647900.95 -171692.53
V 10552 -647908.70 -171690.45
V 10560 -648008.20 -171690.45
V 10568 -648008.20 -171650.45
V 10576 -647908.70 -171650.45
V 10584 -647900.95 -171648.37
V 10592 -647895.28 -171642.70
V 10600 -647893.20 -171634.95
V 10608 -647893.20 -171563.95
V 10616 -647895.28 -171556.20
V 10624 -647900.95 -171550.53
V 10632 -647908.70 -171548.45
V 10640 -648008.20 -171548.45
V 10648 -648008.20 -171508.45
V 10656 -647908.70 -171508.45
V 10664 -647900.95 -171506.37
V 10672 -647895.28 -171500.70
V 10680 -647893.20 -171492.95
V 10688 -647893.20 -171421.95
V 10696 -647895.28 -171414.20
V 10704 -647900.95 -171408.53
V 10712 -647908.70 -171406.45
V 10720 -648008.20 -171406.45
V 10728 -648008.20 -171366.45
V 10736 -647908.70 -171366.45
V 10744 -647900.95 -171364.37
V 10752 -647895.28 -171358.70
V 10760 -647893.20 -171350.95
V 10768 -647893.20 -171279.95
V 10776 -647895.28 -171272.20
V 10784 -647900.95 -171266.53
V 10792 -647908.70 -171264.45
V 10800 -648008.20 -171264.45
V 10808 -648008.20 -171224.45
V 10816 -647908.70 -171224.45
V 10824 -647900.95 -171222.37
V 10832 -647895.28 -171216.70
V 10840 -647893.20 -171208.95
V 10848 -647893.20 -171137.95
V 10856 -647895.28 -171130.20
V 10864 -647900.95 -171124.53
V 10872 -647908.70 -171122.45
V 10880 -648008.20 -171122.45
V 10888 -648008.20 -171082.45
V 10896 -647908.70 -171082.45
V 10904 -647900.95 -171080.37
V 10912 -647895.28 -171074.70
V 10920 -647893.20 -171066.95
V 10928 -647893.20 -170995.95
V 10936 -647895.28 -170988.20
V 10944 -647900.95 -170982.53
V 10952 -647908.70 -170980.45
V 10960 -648008.20 -170980.45
V 10968 -648008.20 -170940.45
V 10976 -647908.70 -170940.45
V 10984 -647900.95 -170938.37
V 10992 -647895.28 -170932.70
V 11000 -647893.20 -170924.95
V 11008 -647893.20 -170853.95
V 11016 -647895.28 -170846.20
V 11024 -647900.95 -170840.53
V 11032 -647908.70 -170838.45
V 11040 -648008.20 -170838.45
V 11048 -648008.20 -170798.45
V 11056 -647908.70 -170798.45
V 11064 -647900.95 -170796.37
V 11072 -647895.28 -170790.70
V 11080 -647893.20 -170782.95
V 11088 -647893.20 -170711.95
V 11096 -647895.28 -170704.20
V 11104 -647900.95 -170698.53
V 11112 -647908.70 -170696.45
V 11120 -648008.20 -170696.45
V 11128 -648008.20 -170656.45
V 11136 -647908.70 -170656.45
V 11144 -647900.95 -170654.37
V 11152 -647895.28 -170648.70
V 11160 -647893.20 -170640.95
V 11168 -647893.20 -170569.95
V 11176 -647895.28 -170562.20
V 11184 -647900.95 -170556.53
V 11192 -647908.70 -170554.45
V 11200 -648008.20 -170554.45
V 11208 -648008.20 -170514.45
V 11216 -647908.70 -170514.45
V 11224 -647900.95 -170512.37
V 11232 -647895.28 -170506.70
V 11240 -647893.20 -170498.95
V 11248 -647893.20 -170427.95
V 11256 -647895.28 -170420.20
V 11264 -647900.95 -170414.53
V 11272 -647908.70 -170412.45
V 11280 -648008.20 -170412.45
V 11288 -648008.20 -170372.45
V 11296 -647908.70 -170372.45
V 11304 -647900.95 -170370.37
V 11312 -647895.28 -170364.70
V 11320 -647893.20 -170356.95
V 11328 -647893.20 -170285.95
V 11336 -647895.28 -170278.20
V 11344 -647900.95 -170272.53
V 11352 -647908.70 -170270.45
V 11360 -648008.20 -170270.45
V 11368 -648008.20 -170230.45
V 11376 -647908.70 -170230.45
V 11384 -647900.95 -170228.37
V 11392 -647895.28 -170222.70
V 11400 -647893.20 -170214.95
V 11408 -647893.20 -170143.95
V 11416 -647895.28 -170136.20
V 11424 -647900.95 -170130.53
V 11432 -647908.70 -170128.45
V 11440 -648008.20 -170128.45
V 11448 -648008.20 -170088.45
V 11456 -647908.70 -170088.45
V 11464 -647900.95 -170086.37
V 11472 -647895.28 -170080.70
V 11480 -647893.20 -170072.95
V 11488 -647893.20 -170001.95
V 11496 -647895.28 -169994.20
V 11504 -647900.95 -169988.53
V 11512 -647908.70 -169986.45
V 11520 -648008.20 -169986.45
V 11528 -648008.20 -169946.45
V 11536 -647908.70 -169946.45
V 11544 -647900.95 -169944.37
V 11552 -647895.28 -169938.70
V 11560 -647893.20 -169930.95
V 11568 -647893.20 -169859.95
V 11576 -647895.28 -169852.20
V 11584 -647900.95 -169846.53
V 11592 -647908.70 -169844.45
V 11600 -648008.20 -169844.45
V 11608 -648008.20 -169804.45
V 11616 -647908.70 -169804.45
V 11624 -647900.95 -169802.37
V 11632 -647895.28 -169796.70
V 11640 -647893.20 -169788.95
V 11648 -647893.20 -169717.95
V 11656 -647895.28 -169710.20
V 11664 -647900.95 -169704.53
V 11672 -647908.70 -169702.45
V 11680 -648008.20 -169702.45
V 11688 -648008.20 -169662.45
V 11696 -647908.70 -169662.45
V 11704 -647900.95 -169660.37
V 11712 -647895.28 -169654.70
V 11720 -647893.20 -169646.95
V 11728 -647893.20 -169575.95
V 11736 -647895.28 -169568.20
V 11744 -647900.95 -169562.53
V 11752 -647908.70 -169560.45
V 11760 -648008.20 -169560.45
V 11768 -648008.20 -169520.45
V 11776 -647908.70 -169520.45
V 11784 -647900.95 -169518.37
V 11792 -647895.28 -169512.70
V 11800 -647893.20 -169504.95
V 11808 -647893.20 -169433.95
V 11816 -647895.28 -169426.20
V 11824 -647900.95 -169420.53
V 11832 -647908.70 -169418.45
V 11840 -648008.20 -169418.45
V 11848 -648008.20 -169378.45
V 11856 -647908.70 -169378.45
V 11864 -647900.95 -169376.37
V 11872 -647895.28 -169370.70
V 11880 -647893.20 -169362.95
V 11888 -647893.20 -169291.95
V 11896 -647895.28 -169284.20
V 11904 -647900.95 -169278.53
V 11912 -647908.70 -169276.45
V 11920 -648008.20 -169276.45
V 11928 -648008.20 -169236.45
V 11936 -647908.70 -169236.45
V 11944 -647900.95 -169234.37
V 11952 -647895.28 -169228.70
V 11960 -647893.20 -169220.95
V 11968 -647893.20 -169149.95
V 11976 -647895.28 -169142.20
V 11984 -647900.95 -169136.53
V 11992 -647908.70 -169134.45
V 12000 -648008.20 -169134.45
V 12008 -648008.20 -169094.45
V 12016 -647908.70 -169094.45
V 12024 -647900.95 -169092.37
V 12032 -647895.28 -169086.70
V 12040 -647893.20 -169078.95
V 12048 -647893.20 -169007.95
V 12056 -647895.28 -169000.20
V 12064 -647900.95 -168994.53
V 12072 -647908.70 -168992.45
V 12080 -648008.20 -168992.45
V 12088 -648008.20 -168952.45
V 12096 -647908.70 -168952.45
V 12104 -647900.95 -168950.37
V 12112 -647895.28 -168944.70
V 12120 -647893.20 -168936.95
V 12128 -647893.20 -168865.95
V 12136 -647895.28 -168858.20
V 12144 -647900.95 -168852.53
V 12152 -647908.70 -168850.45
V 12160 -648008.20 -168850.45
V 12168 -648008.20 -168810.45
V 12176 -647908.70 -168810.45
V 12184 -647900.95 -168808.37
V 12192 -647895.28 -168802.70
V 12200 -647893.20 -168794.95
V 12208 -647893.20 -168723.95
V 12216 -647895.28 -168716.20
V 12224 -647900.95 -168710.53
V 12232 -647908.70 -168708.45
V 12240 -648008.20 -168708.45
V 12248 -648008.20 -168668.45
V 12256 -647908.70 -168668.45
V 12264 -647900.95 -168666.37
V 12272 -647895.28 -168660.70
V 12280 -647893.20 -168652.95
V 12288 -647893.20 -168581.95
V 12296 -647895.28 -168574.20
V 12304 -647900.95 -168568.53
V 12312 -647908.70 -168566.45
V 12320 -648008.20 -168566.45
V 12328 -648008.20 -168526.45
V 12336 -647908.70 -168526.45
V 12344 -647900.95 -168524.37
V 12352 -647895.28 -168518.70
V 12360 -647893.20 -168510.95
V 12368 -647893.20 -168439.95
V 12376 -647895.28 -168432.20
V 12384 -647900.95 -168426.53
V 12392 -647908.70 -168424.45
V 12400 -648008.20 -168424.45
V 12408 -648008.20 -168384.45
V 12416 -647908.70 -168384.45
V 12424 -647900.95 -168382.37
V 12432 -647895.28 -168376.70
V 12440 -647893.20 -168368.95
V 12448 -647893.20 -168297.95
V 12456 -647895.28 -168290.20
V 12464 -647900.95 -168284.53
V 12472 -647908.70 -168282.45
V 12480 -648008.20 -168282.45
V 12488 -648008.20 -168242.45
V 12496 -647908.70 -168242.45
V 12504 -647900.95 -168240.37
V 12512 -647895.28 -168234.70
V 12520 -647893.20 -168226.95
V 12528 -647893.20 -168155.95
V 12536 -647895.28 -168148.20
V 12544 -647900.95 -168142.53
V 12552 -647908.70 -168140.45
V 12560 -648008.20 -168140.45
V 12568 -648008.20 -168100.45
V 12576 -647908.70 -168100.45
V 12584 -647900.95 -168098.37
V 12592 -647895.28 -168092.70
V 12600 -647893.20 -168084.95
V 12608 -647893.20 -168013.95
V 12616 -647895.28 -168006.20
V 12624 -647900.95 -168000.53
V 12632 -647908.70 -167998.45
V 12640 -648008.20 -167998.45
V 12648 -648008.20 -167958.45
V 12656 -647908.70 -167958.45
V 12664 -647900.95 -167956.37
V 12672 -647895.28 -167950.70
V 12680 -647893.20 -167942.95
V 12688 -647893.20 -167871.95
V 12696 -647895.28 -167864.20
V 12704 -647900.95 -167858.53
V 12712 -647908.70 -167856.45
V 12720 -648008.20 -167856.45
V 12728 -648008.20 -167816.45
V 12736 -647908.70 -167816.45
V 12744 -647900.95 -167814.37
V 12752 -647895.28 -167808.70
V 12760 -647893.20 -167800.95
V 12768 -647893.20 -167729.95
V 12776 -647895.28 -167722.20
V 12784 -647900.95 -167716.53
V 12792 -647908.70 -167714.45
V 12800 -648008.20 -167714.45
V 12808 -648008.20 -167674.45
V 12816 -647908.70 -167674.45
V 12824 -647900.95 -167672.37
V 12832 -647895.28 -167666.70
V 12840 -647893.20 -167658.95
V 12848 -647893.20 -167587.95
V 12856 -647895.28 -167580.20
V 12864 -647900.95 -167574.53
V 12872 -647908.70 -167572.45
V 12880 -648008.20 -167572.45
V 12888 -648008.20 -167532.45
V 12896 -647908.70 -167532.45
V 12904 -647900.95 -167530.37
V 12912 -647895.28 -167524.70
V 12920 -647893.20 -167516.95
V 12928 -647893.20 -167445.95
V 12936 -647895.28 -167438.20
V 12944 -647900.95 -167432.53
V 12952 -647908.70 -167430.45
V 12960 -648008.20 -167430.45
V 12968 -648008.20 -167390.45
V 12976 -647908.70 -167390.45
V 12984 -647900.95 -167388.37
V 12992 -647895.28 -167382.70
V 13000 -647893.20 -167374.95
V 13008 -647893.20 -167303.95
V 13016 -647895.28 -167296.20
V 13024 -647900.95 -167290.53
V 13032 -647908.70 -167288.45
V 13040 -648008.20 -167288.45
V 13048 -648008.20 -167248.45
V 13056 -647908.70 -167248.45
V 13064 -647900.95 -167246.37
V 13072 -647895.28 -167240.70
V 13080 -647893.20 -167232.95
V 13088 -647893.20 -167161.95
V 13096 -647895.28 -167154.20
V 13104 -647900.95 -167148.53
V 13112 -647908.70 -167146.45
V 13120 -647992.06 -167146.45
V 13128 -647992.06 -167106.45
V 13136 -647966.20 -167106.45
V 13144 -647958.45 -167104.37
V 13152 -647952.78 -167098.70
V 13160 -647950.70 -167090.95
V 13168 -647950.70 -166983.45
V 13176 -647869.80 -166969.71
V 13184 -630529.96 -164025.37
V 13192 -630529.87 -164025.35
V 13200 -630529.80 -164025.34
V 13208 -630529.78 -164025.34
V 13216 -627616.28 -163530.62
V 13224 -625665.64 -163199.39
V 13232 -625154.53 -163112.61
V 13240 -621703.21 -162526.56
V 13248 -621703.08 -162526.54
V 13256 -619379.14 -162131.93
V 13264 -618915.16 -162053.15
V 13272 -618915.12 -162053.14
V 13280 -617520.71 -161816.37
V 13288 -617056.12 -161737.48
V 13296 -616855.99 -161703.50
V 13304 -615197.70 -161421.92
V 13312 -601742.50 -159137.19
V 13320 -600098.07 -158857.97
V 13328 -593626.91 -157759.15
V 13336 -593625.84 -157758.93
V 13344 -593624.80 -157758.64
V 13352 -593623.77 -157758.27
V 13360 -593622.78 -157757.84
V 13368 -593621.82 -157757.33
V 13376 -593620.89 -157756.76
V 13384 -593620.01 -157756.13
V 13392 -593619.17 -157755.43
V 13400 -593618.39 -157754.68
V 13408 -593617.66 -157753.87
V 13416 -593616.99 -157753.02
V 13424 -593616.38 -157752.12
V 13432 -593615.83 -157751.18
V 13440 -593615.35 -157750.20
V 13448 -593614.94 -157749.20
V 13456 -593614.61 -157748.16
V 13464 -593614.34 -157747.11
V 13472 -593614.15 -157746.04
V 13480 -593614.04 -157744.96
V 13488 -593614.00 -157743.87
V 13496 -593614.00 -157719.35
