V 0 1085836.50 -1761.41
V 8 1085831.33 -1742.57
V 16 1085828.08 -1706.74
V 24 1085827.84 -1706.05
V 32 1085827.30 -1705.56
V 40 1085826.59 -1705.38
V 48 1085735.66 -1705.38
V 56 1085735.66 -1708.38
V 64 1085825.22 -1708.38
V 72 1085828.36 -1742.91
V 80 1085828.36 -1742.97
V 88 1085828.37 -1743.07
V 96 1085828.40 -1743.18
V 104 1085828.41 -1743.28
V 112 1085833.90 -1763.31
V 120 1085834.20 -1763.88
V 128 1085834.72 -1764.27
V 136 1085835.35 -1764.41
V 144 1085839.86 -1764.41
V 152 1085839.86 -1761.41
