V 0 -871870.28 -169284.20
V 8 -871875.95 -169278.53
V 16 -871883.70 -169276.45
V 24 -871925.70 -169276.45
V 32 -871925.70 -169127.96
V 40 -871927.36 -169120.97
V 48 -871932.00 -169115.49
V 56 -871938.61 -169112.68
V 64 -873252.59 -168889.57
V 72 -874494.67 -168678.66
V 80 -875031.39 -168587.52
V 88 -875890.18 -168441.70
V 96 -876492.64 -168339.40
V 104 -876582.64 -168324.12
V 112 -877362.11 -168191.76
V 120 -877592.65 -168152.62
V 128 -878025.42 -168079.13
V 136 -880363.01 -167682.20
V 144 -880422.51 -167672.10
V 152 -880856.61 -167598.39
V 160 -893759.09 -165407.52
V 168 -895063.18 -165186.08
V 176 -895728.03 -165073.19
V 184 -895897.27 -165044.45
V 192 -896151.53 -165001.28
V 200 -896349.46 -164967.67
V 208 -896585.18 -164927.64
V 216 -896826.49 -164886.67
V 224 -897823.08 -164717.45
V 232 -902156.58 -163981.61
V 240 -903038.12 -163831.92
V 248 -903253.18 -163795.40
V 256 -903361.92 -163776.94
V 264 -903758.70 -163709.57
V 272 -907047.44 -163151.13
V 280 -907281.87 -163111.32
V 288 -907713.13 -163038.09
V 296 -907866.34 -163012.08
V 304 -908002.83 -162988.90
V 312 -908194.91 -162956.29
V 320 -908686.49 -162872.81
V 328 -908893.78 -162837.62
V 336 -909129.51 -162797.59
V 344 -909620.63 -162714.20
V 352 -909779.94 -162687.14
V 360 -909800.64 -162683.63
V 368 -911021.65 -162476.30
V 376 -911229.21 -162441.06
V 384 -911572.62 -162382.74
V 392 -911802.42 -162343.72
V 400 -912299.67 -162259.29
V 408 -912383.94 -162244.98
V 416 -913012.41 -162138.27
V 424 -913368.88 -162077.74
V 432 -914590.37 -161870.32
V 440 -914704.83 -161850.89
V 448 -915698.94 -161682.09
V 456 -916524.76 -161541.86
V 464 -916595.41 -161529.86
V 472 -916911.45 -161476.20
V 480 -919353.26 -161061.58
V 488 -920176.59 -160921.77
V 496 -920851.55 -160807.16
V 504 -920937.76 -160792.52
V 512 -923284.11 -160394.11
V 520 -923533.89 -160351.70
V 528 -923930.44 -160284.36
V 536 -924392.88 -160205.84
V 544 -925158.34 -160075.86
V 552 -925354.95 -160042.48
V 560 -925807.69 -159965.60
V 568 -925903.29 -159949.37
V 576 -925914.96 -159947.39
V 584 -929287.43 -159374.73
V 592 -929447.72 -159347.51
V 600 -930489.65 -159170.59
V 608 -931470.04 -159004.12
V 616 -932324.74 -158858.99
V 624 -932482.74 -158832.16
V 632 -932764.38 -158784.34
V 640 -933026.60 -158739.81
V 648 -934020.97 -158570.97
V 656 -934678.01 -158459.40
V 664 -934780.58 -158441.99
V 672 -935142.21 -158380.58
V 680 -935275.51 -158357.94
V 688 -935555.70 -158310.37
V 696 -936090.90 -158219.49
V 704 -936502.18 -158149.65
V 712 -936907.39 -158080.85
V 720 -937953.53 -157903.21
V 728 -938151.44 -157869.60
V 736 -938550.60 -157801.83
V 744 -938782.91 -157762.38
V 752 -938969.00 -157730.78
V 760 -938969.00 -157719.35
V 768 -939000.00 -157719.35
V 776 -939000.00 -157743.87
V 784 -938999.96 -157744.96
V 792 -938999.85 -157746.04
V 800 -938999.66 -157747.11
V 808 -938999.39 -157748.16
V 816 -938999.06 -157749.20
V 824 -938998.65 -157750.20
V 832 -938998.17 -157751.18
V 840 -938997.62 -157752.12
V 848 -938997.01 -157753.02
V 856 -938996.34 -157753.87
V 864 -938995.61 -157754.68
V 872 -938994.83 -157755.43
V 880 -938993.99 -157756.13
V 888 -938993.11 -157756.76
V 896 -938992.18 -157757.33
V 904 -938991.22 -157757.84
V 912 -938990.23 -157758.27
V 920 -938989.20 -157758.64
V 928 -938988.16 -157758.93
V 936 -938987.09 -157759.15
V 944 -938555.80 -157832.39
V 952 -938156.64 -157900.16
V 960 -937958.73 -157933.77
V 968 -937716.84 -157974.84
V 976 -936912.57 -158111.41
V 984 -936507.36 -158180.21
V 992 -936096.08 -158250.05
V 1000 -935560.88 -158340.93
V 1008 -935280.71 -158388.50
V 1016 -935147.41 -158411.14
V 1024 -934785.76 -158472.55
V 1032 -934683.19 -158489.96
V 1040 -934026.15 -158601.53
V 1048 -933031.80 -158770.37
V 1056 -932769.58 -158814.90
V 1064 -932487.92 -158862.72
V 1072 -932329.92 -158889.55
V 1080 -931475.22 -159034.68
V 1088 -930494.83 -159201.15
V 1096 -929452.92 -159378.07
V 1104 -929292.63 -159405.29
V 1112 -928502.11 -159539.52
V 1120 -925920.14 -159977.95
V 1128 -925908.47 -159979.93
V 1136 -925812.87 -159996.16
V 1144 -925360.13 -160073.04
V 1152 -925163.52 -160106.42
V 1160 -924398.06 -160236.40
V 1168 -923935.62 -160314.92
V 1176 -923539.07 -160382.26
V 1184 -923289.29 -160424.67
V 1192 -920942.96 -160823.08
V 1200 -920856.75 -160837.72
V 1208 -920181.77 -160952.33
V 1216 -919358.44 -161092.14
V 1224 -916600.61 -161560.42
V 1232 -916529.96 -161572.42
V 1240 -915704.12 -161712.65
V 1248 -914710.01 -161881.45
V 1256 -914595.55 -161900.88
V 1264 -913374.06 -162108.30
V 1272 -913017.59 -162168.83
V 1280 -912389.12 -162275.54
V 1288 -912304.85 -162289.85
V 1296 -911807.60 -162374.28
V 1304 -911577.82 -162413.30
V 1312 -911234.41 -162471.62
V 1320 -911026.83 -162506.86
V 1328 -909805.82 -162714.19
V 1336 -909785.14 -162717.70
V 1344 -909625.83 -162744.76
V 1352 -909134.69 -162828.15
V 1360 -908898.96 -162868.18
V 1368 -908691.69 -162903.37
V 1376 -908200.11 -162986.85
V 1384 -908008.03 -163019.46
V 1392 -907871.54 -163042.64
V 1400 -907718.31 -163068.65
V 1408 -907287.05 -163141.88
V 1416 -907052.62 -163181.69
V 1424 -903763.88 -163740.13
V 1432 -903367.10 -163807.50
V 1440 -903258.36 -163825.96
V 1448 -903043.30 -163862.48
V 1456 -902161.76 -164012.17
V 1464 -897828.26 -164748.01
V 1472 -896590.38 -164958.20
V 1480 -896354.66 -164998.23
V 1488 -895902.47 -165075.01
V 1496 -895733.23 -165103.75
V 1504 -895068.36 -165216.64
V 1512 -893764.27 -165438.08
V 1520 -880861.79 -167628.95
V 1528 -880427.69 -167702.66
V 1536 -880368.19 -167712.76
V 1544 -878030.60 -168109.69
V 1552 -877597.83 -168183.18
V 1560 -877367.29 -168222.32
V 1568 -876587.82 -168354.68
V 1576 -876497.82 -168369.96
V 1584 -875895.36 -168472.26
V 1592 -875036.57 -168618.08
V 1600 -874499.85 -168709.22
V 1608 -873257.77 -168920.13
V 1616 -871956.70 -169141.05
V 1624 -871956.70 -169291.95
V 1632 -871954.62 -169299.70
V 1640 -871948.95 -169305.37
V 1648 -871941.20 -169307.45
V 1656 -871899.20 -169307.45
V 1664 -871899.20 -169347.45
V 1672 -871998.70 -169347.45
V 1680 -872006.45 -169349.53
V 1688 -872012.12 -169355.20
V 1696 -872014.20 -169362.95
V 1704 -872014.20 -169433.95
V 1712 -872012.12 -169441.70
V 1720 -872006.45 -169447.37
V 1728 -871998.70 -169449.45
V 1736 -871899.20 -169449.45
V 1744 -871899.20 -169489.45
V 1752 -871998.70 -169489.45
V 1760 -872006.45 -169491.53
V 1768 -872012.12 -169497.20
V 1776 -872014.20 -169504.95
V 1784 -872014.20 -169575.95
V 1792 -872012.12 -169583.70
V 1800 -872006.45 -169589.37
V 1808 -871998.70 -169591.45
V 1816 -871899.20 -169591.45
V 1824 -871899.20 -169631.45
V 1832 -871998.70 -169631.45
V 1840 -872006.45 -169633.53
V 1848 -872012.12 -169639.20
V 1856 -872014.20 -169646.95
V 1864 -872014.20 -169717.95
V 1872 -872012.12 -169725.70
V 1880 -872006.45 -169731.37
V 1888 -871998.70 -169733.45
V 1896 -871899.20 -169733.45
V 1904 -871899.20 -169773.45
V 1912 -871998.70 -169773.45
V 1920 -872006.45 -169775.53
V 1928 -872012.12 -169781.20
V 1936 -872014.20 -169788.95
V 1944 -872014.20 -169859.95
V 1952 -872012.12 -169867.70
V 1960 -872006.45 -169873.37
V 1968 -871998.70 -169875.45
V 1976 -871899.20 -169875.45
V 1984 -871899.20 -169915.45
V 1992 -871998.70 -169915.45
V 2000 -872006.45 -169917.53
V 2008 -872012.12 -169923.20
V 2016 -872014.20 -169930.95
V 2024 -872014.20 -170001.95
V 2032 -872012.12 -170009.70
V 2040 -872006.45 -170015.37
V 2048 -871998.70 -170017.45
V 2056 -871899.20 -170017.45
V 2064 -871899.20 -170057.45
V 2072 -871998.70 -170057.45
V 2080 -872006.45 -170059.53
V 2088 -872012.12 -170065.20
V 2096 -872014.20 -170072.95
V 2104 -872014.20 -170143.95
V 2112 -872012.12 -170151.70
V 2120 -872006.45 -170157.37
V 2128 -871998.70 -170159.45
V 2136 -871899.20 -170159.45
V 2144 -871899.20 -170199.45
V 2152 -871998.70 -170199.45
V 2160 -872006.45 -170201.53
V 2168 -872012.12 -170207.20
V 2176 -872014.20 -170214.95
V 2184 -872014.20 -170285.95
V 2192 -872012.12 -170293.70
V 2200 -872006.45 -170299.37
V 2208 -871998.70 -170301.45
V 2216 -871899.20 -170301.45
V 2224 -871899.20 -170341.45
V 2232 -871998.70 -170341.45
V 2240 -872006.45 -170343.53
V 2248 -872012.12 -170349.20
V 2256 -872014.20 -170356.95
V 2264 -872014.20 -170427.95
V 2272 -872012.12 -170435.70
V 2280 -872006.45 -170441.37
V 2288 -871998.70 -170443.45
V 2296 -871899.20 -170443.45
V 2304 -871899.20 -170483.45
V 2312 -871998.70 -170483.45
V 2320 -872006.45 -170485.53
V 2328 -872012.12 -170491.20
V 2336 -872014.20 -170498.95
V 2344 -872014.20 -170569.95
V 2352 -872012.12 -170577.70
V 2360 -872006.45 -170583.37
V 2368 -871998.70 -170585.45
V 2376 -871899.20 -170585.45
V 2384 -871899.20 -170625.45
V 2392 -871998.70 -170625.45
V 2400 -872006.45 -170627.53
V 2408 -872012.12 -170633.20
V 2416 -872014.20 -170640.95
V 2424 -872014.20 -170711.95
V 2432 -872012.12 -170719.70
V 2440 -872006.45 -170725.37
V 2448 -871998.70 -170727.45
V 2456 -871899.20 -170727.45
V 2464 -871899.20 -170767.45
V 2472 -871998.70 -170767.45
V 2480 -872006.45 -170769.53
V 2488 -872012.12 -170775.20
V 2496 -872014.20 -170782.95
V 2504 -872014.20 -170853.95
V 2512 -872012.12 -170861.70
V 2520 -872006.45 -170867.37
V 2528 -871998.70 -170869.45
V 2536 -871899.20 -170869.45
V 2544 -871899.20 -170909.45
V 2552 -871998.70 -170909.45
V 2560 -872006.45 -170911.53
V 2568 -872012.12 -170917.20
V 2576 -872014.20 -170924.95
V 2584 -872014.20 -170995.95
V 2592 -872012.12 -171003.70
V 2600 -872006.45 -171009.37
V 2608 -871998.70 -171011.45
V 2616 -871899.20 -171011.45
V 2624 -871899.20 -171051.45
V 2632 -871998.70 -171051.45
V 2640 -872006.45 -171053.53
V 2648 -872012.12 -171059.20
V 2656 -872014.20 -171066.95
V 2664 -872014.20 -171137.95
V 2672 -872012.12 -171145.70
V 2680 -872006.45 -171151.37
V 2688 -871998.70 -171153.45
V 2696 -871899.20 -171153.45
V 2704 -871899.20 -171193.45
V 2712 -871998.70 -171193.45
V 2720 -872006.45 -171195.53
V 2728 -872012.12 -171201.20
V 2736 -872014.20 -171208.95
V 2744 -872014.20 -171279.95
V 2752 -872012.12 -171287.70
V 2760 -872006.45 -171293.37
V 2768 -871998.70 -171295.45
V 2776 -871899.20 -171295.45
V 2784 -871899.20 -171335.45
V 2792 -871998.70 -171335.45
V 2800 -872006.45 -171337.53
V 2808 -872012.12 -171343.20
V 2816 -872014.20 -171350.95
V 2824 -872014.20 -171421.95
V 2832 -872012.12 -171429.70
V 2840 -872006.45 -171435.37
V 2848 -871998.70 -171437.45
V 2856 -871899.20 -171437.45
V 2864 -871899.20 -171477.45
V 2872 -871998.70 -171477.45
V 2880 -872006.45 -171479.53
V 2888 -872012.12 -171485.20
V 2896 -872014.20 -171492.95
V 2904 -872014.20 -171563.95
V 2912 -872012.12 -171571.70
V 2920 -872006.45 -171577.37
V 2928 -871998.70 -171579.45
V 2936 -871899.20 -171579.45
V 2944 -871899.20 -171619.45
V 2952 -871998.70 -171619.45
V 2960 -872006.45 -171621.53
V 2968 -872012.12 -171627.20
V 2976 -872014.20 -171634.95
V 2984 -872014.20 -171705.95
V 2992 -872012.12 -171713.70
V 3000 -872006.45 -171719.37
V 3008 -871998.70 -171721.45
V 3016 -871899.20 -171721.45
V 3024 -871899.20 -171761.45
V 3032 -871998.70 -171761.45
V 3040 -872006.45 -171763.53
V 3048 -872012.12 -171769.20
V 3056 -872014.20 -171776.95
V 3064 -872014.20 -171847.95
V 3072 -872012.12 -171855.70
V 3080 -872006.45 -171861.37
V 3088 -871998.70 -171863.45
V 3096 -871899.20 -171863.45
V 3104 -871899.20 -171903.45
V 3112 -871998.70 -171903.45
V 3120 -872006.45 -171905.53
V 3128 -872012.12 -171911.20
V 3136 -872014.20 -171918.95
V 3144 -872014.20 -171989.95
V 3152 -872012.12 -171997.70
V 3160 -872006.45 -172003.37
V 3168 -871998.70 -172005.45
V 3176 -871899.20 -172005.45
V 3184 -871899.20 -172045.45
V 3192 -871998.70 -172045.45
V 3200 -872006.45 -172047.53
V 3208 -872012.12 -172053.20
V 3216 -872014.20 -172060.95
V 3224 -872014.20 -172131.95
V 3232 -872012.12 -172139.70
V 3240 -872006.45 -172145.37
V 3248 -871998.70 -172147.45
V 3256 -871899.20 -172147.45
V 3264 -871899.20 -172187.45
V 3272 -871998.70 -172187.45
V 3280 -872006.45 -172189.53
V 3288 -872012.12 -172195.20
V 3296 -872014.20 -172202.95
V 3304 -872014.20 -172273.95
V 3312 -872012.12 -172281.70
V 3320 -872006.45 -172287.37
V 3328 -871998.70 -172289.45
V 3336 -871899.20 -172289.45
V 3344 -871899.20 -172329.45
V 3352 -871998.70 -172329.45
V 3360 -872006.45 -172331.53
V 3368 -872012.12 -172337.20
V 3376 -872014.20 -172344.95
V 3384 -872014.20 -172415.95
V 3392 -872012.12 -172423.70
V 3400 -872006.45 -172429.37
V 3408 -871998.70 -172431.45
V 3416 -871899.20 -172431.45
V 3424 -871899.20 -172471.45
V 3432 -871998.70 -172471.45
V 3440 -872006.45 -172473.53
V 3448 -872012.12 -172479.20
V 3456 -872014.20 -172486.95
V 3464 -872014.20 -172557.95
V 3472 -872012.12 -172565.70
V 3480 -872006.45 -172571.37
V 3488 -871998.70 -172573.45
V 3496 -871899.20 -172573.45
V 3504 -871899.20 -172613.45
V 3512 -871998.70 -172613.45
V 3520 -872006.45 -172615.53
V 3528 -872012.12 -172621.20
V 3536 -872014.20 -172628.95
V 3544 -872014.20 -172699.95
V 3552 -872012.12 -172707.70
V 3560 -872006.45 -172713.37
V 3568 -871998.70 -172715.45
V 3576 -871899.20 -172715.45
V 3584 -871899.20 -172755.45
V 3592 -871998.70 -172755.45
V 3600 -872006.45 -172757.53
V 3608 -872012.12 -172763.20
V 3616 -872014.20 -172770.95
V 3624 -872014.20 -172841.95
V 3632 -872012.12 -172849.70
V 3640 -872006.45 -172855.37
V 3648 -871998.70 -172857.45
V 3656 -871899.20 -172857.45
V 3664 -871899.20 -172897.45
V 3672 -871998.70 -172897.45
V 3680 -872006.45 -172899.53
V 3688 -872012.12 -172905.20
V 3696 -872014.20 -172912.95
V 3704 -872014.20 -172983.95
V 3712 -872012.12 -172991.70
V 3720 -872006.45 -172997.37
V 3728 -871998.70 -172999.45
V 3736 -871899.20 -172999.45
V 3744 -871899.20 -173039.45
V 3752 -871998.70 -173039.45
V 3760 -872006.45 -173041.53
V 3768 -872012.12 -173047.20
V 3776 -872014.20 -173054.95
V 3784 -872014.20 -173125.95
V 3792 -872012.12 -173133.70
V 3800 -872006.45 -173139.37
V 3808 -871998.70 -173141.45
V 3816 -871899.20 -173141.45
V 3824 -871899.20 -173181.45
V 3832 -871998.70 -173181.45
V 3840 -872006.45 -173183.53
V 3848 -872012.12 -173189.20
V 3856 -872014.20 -173196.95
V 3864 -872014.20 -173267.95
V 3872 -872012.12 -173275.70
V 3880 -872006.45 -173281.37
V 3888 -871998.70 -173283.45
V 3896 -871899.20 -173283.45
V 3904 -871899.20 -173323.45
V 3912 -871998.70 -173323.45
V 3920 -872006.45 -173325.53
V 3928 -872012.12 -173331.20
V 3936 -872014.20 -173338.95
V 3944 -872014.20 -173409.95
V 3952 -872012.12 -173417.70
V 3960 -872006.45 -173423.37
V 3968 -871998.70 -173425.45
V 3976 -871899.20 -173425.45
V 3984 -871899.20 -173465.45
V 3992 -871998.70 -173465.45
V 4000 -872006.45 -173467.53
V 4008 -872012.12 -173473.20
V 4016 -872014.20 -173480.95
V 4024 -872014.20 -173551.95
V 4032 -872012.12 -173559.70
V 4040 -872006.45 -173565.37
V 4048 -871998.70 -173567.45
V 4056 -871899.20 -173567.45
V 4064 -871899.20 -173607.45
V 4072 -871998.70 -173607.45
V 4080 -872006.45 -173609.53
V 4088 -872012.12 -173615.20
V 4096 -872014.20 -173622.95
V 4104 -872014.20 -173693.95
V 4112 -872012.12 -173701.70
V 4120 -872006.45 -173707.37
V 4128 -871998.70 -173709.45
V 4136 -871899.20 -173709.45
V 4144 -871899.20 -173749.45
V 4152 -871998.70 -173749.45
V 4160 -872006.45 -173751.53
V 4168 -872012.12 -173757.20
V 4176 -872014.20 -173764.95
V 4184 -872014.20 -173835.95
V 4192 -872012.12 -173843.70
V 4200 -872006.45 -173849.37
V 4208 -871998.70 -173851.45
V 4216 -871899.20 -173851.45
V 4224 -871899.20 -173891.45
V 4232 -871998.70 -173891.45
V 4240 -872006.45 -173893.53
V 4248 -872012.12 -173899.20
V 4256 -872014.20 -173906.95
V 4264 -872014.20 -173977.95
V 4272 -872012.12 -173985.70
V 4280 -872006.45 -173991.37
V 4288 -871998.70 -173993.45
V 4296 -871899.20 -173993.45
V 4304 -871899.20 -174033.45
V 4312 -871998.70 -174033.45
V 4320 -872006.45 -174035.53
V 4328 -872012.12 -174041.20
V 4336 -872014.20 -174048.95
V 4344 -872014.20 -174119.95
V 4352 -872012.12 -174127.70
V 4360 -872006.45 -174133.37
V 4368 -871998.70 -174135.45
V 4376 -871899.20 -174135.45
V 4384 -871899.20 -174175.45
V 4392 -871998.70 -174175.45
V 4400 -872006.45 -174177.53
V 4408 -872012.12 -174183.20
V 4416 -872014.20 -174190.95
V 4424 -872014.20 -174261.95
V 4432 -872012.12 -174269.70
V 4440 -872006.45 -174275.37
V 4448 -871998.70 -174277.45
V 4456 -871899.20 -174277.45
V 4464 -871899.20 -174317.45
V 4472 -871998.70 -174317.45
V 4480 -872006.45 -174319.53
V 4488 -872012.12 -174325.20
V 4496 -872014.20 -174332.95
V 4504 -872014.20 -174403.95
V 4512 -872012.12 -174411.70
V 4520 -872006.45 -174417.37
V 4528 -871998.70 -174419.45
V 4536 -871899.20 -174419.45
V 4544 -871899.20 -174459.45
V 4552 -871998.70 -174459.45
V 4560 -872006.45 -174461.53
V 4568 -872012.12 -174467.20
V 4576 -872014.20 -174474.95
V 4584 -872014.20 -174545.95
V 4592 -872012.12 -174553.70
V 4600 -872006.45 -174559.37
V 4608 -871998.70 -174561.45
V 4616 -871899.20 -174561.45
V 4624 -871899.20 -174601.45
V 4632 -871998.70 -174601.45
V 4640 -872006.45 -174603.53
V 4648 -872012.12 -174609.20
V 4656 -872014.20 -174616.95
V 4664 -872014.20 -174687.95
V 4672 -872012.12 -174695.70
V 4680 -872006.45 -174701.37
V 4688 -871998.70 -174703.45
V 4696 -871899.20 -174703.45
V 4704 -871899.20 -174743.45
V 4712 -871998.70 -174743.45
V 4720 -872006.45 -174745.53
V 4728 -872012.12 -174751.20
V 4736 -872014.20 -174758.95
V 4744 -872014.20 -174829.95
V 4752 -872012.12 -174837.70
V 4760 -872006.45 -174843.37
V 4768 -871998.70 -174845.45
V 4776 -871899.20 -174845.45
V 4784 -871899.20 -174885.45
V 4792 -871998.70 -174885.45
V 4800 -872006.45 -174887.53
V 4808 -872012.12 -174893.20
V 4816 -872014.20 -174900.95
V 4824 -872014.20 -174971.95
V 4832 -872012.12 -174979.70
V 4840 -872006.45 -174985.37
V 4848 -871998.70 -174987.45
V 4856 -871899.20 -174987.45
V 4864 -871899.20 -175027.45
V 4872 -871998.70 -175027.45
V 4880 -872006.45 -175029.53
V 4888 -872012.12 -175035.20
V 4896 -872014.20 -175042.95
V 4904 -872014.20 -175113.95
V 4912 -872012.12 -175121.70
V 4920 -872006.45 -175127.37
V 4928 -871998.70 -175129.45
V 4936 -871899.20 -175129.45
V 4944 -871899.20 -175169.45
V 4952 -871998.70 -175169.45
V 4960 -872006.45 -175171.53
V 4968 -872012.12 -175177.20
V 4976 -872014.20 -175184.95
V 4984 -872014.20 -175255.95
V 4992 -872012.12 -175263.70
V 5000 -872006.45 -175269.37
V 5008 -871998.70 -175271.45
V 5016 -871899.20 -175271.45
V 5024 -871899.20 -175311.45
V 5032 -871998.70 -175311.45
V 5040 -872006.45 -175313.53
V 5048 -872012.12 -175319.20
V 5056 -872014.20 -175326.95
V 5064 -872014.20 -175397.95
V 5072 -872012.12 -175405.70
V 5080 -872006.45 -175411.37
V 5088 -871998.70 -175413.45
V 5096 -871899.20 -175413.45
V 5104 -871899.20 -175453.45
V 5112 -871998.70 -175453.45
V 5120 -872006.45 -175455.53
V 5128 -872012.12 -175461.20
V 5136 -872014.20 -175468.95
V 5144 -872014.20 -175539.95
V 5152 -872012.12 -175547.70
V 5160 -872006.45 -175553.37
V 5168 -871998.70 -175555.45
V 5176 -871899.20 -175555.45
V 5184 -871899.20 -175595.45
V 5192 -871998.70 -175595.45
V 5200 -872006.45 -175597.53
V 5208 -872012.12 -175603.20
V 5216 -872014.20 -175610.95
V 5224 -872014.20 -175681.95
V 5232 -872012.12 -175689.70
V 5240 -872006.45 -175695.37
V 5248 -871998.70 -175697.45
V 5256 -871899.20 -175697.45
V 5264 -871899.20 -175737.45
V 5272 -871998.70 -175737.45
V 5280 -872006.45 -175739.53
V 5288 -872012.12 -175745.20
V 5296 -872014.20 -175752.95
V 5304 -872014.20 -175823.95
V 5312 -872012.12 -175831.70
V 5320 -872006.45 -175837.37
V 5328 -871998.70 -175839.45
V 5336 -871899.20 -175839.45
V 5344 -871899.20 -175879.45
V 5352 -871998.70 -175879.45
V 5360 -872006.45 -175881.53
V 5368 -872012.12 -175887.20
V 5376 -872014.20 -175894.95
V 5384 -872014.20 -175965.95
V 5392 -872012.12 -175973.70
V 5400 -872006.45 -175979.37
V 5408 -871998.70 -175981.45
V 5416 -871899.20 -175981.45
V 5424 -871899.20 -176021.45
V 5432 -871998.70 -176021.45
V 5440 -872006.45 -176023.53
V 5448 -872012.12 -176029.20
V 5456 -872014.20 -176036.95
V 5464 -872014.20 -176107.95
V 5472 -872012.12 -176115.70
V 5480 -872006.45 -176121.37
V 5488 -871998.70 -176123.45
V 5496 -871899.20 -176123.45
V 5504 -871899.20 -176163.45
V 5512 -871998.70 -176163.45
V 5520 -872006.45 -176165.53
V 5528 -872012.12 -176171.20
V 5536 -872014.20 -176178.95
V 5544 -872014.20 -176249.95
V 5552 -872012.12 -176257.70
V 5560 -872006.45 -176263.37
V 5568 -871998.70 -176265.45
V 5576 -871899.20 -176265.45
V 5584 -871899.20 -176305.45
V 5592 -871998.70 -176305.45
V 5600 -872006.45 -176307.53
V 5608 -872012.12 -176313.20
V 5616 -872014.20 -176320.95
V 5624 -872014.20 -176391.95
V 5632 -872012.12 -176399.70
V 5640 -872006.45 -176405.37
V 5648 -871998.70 -176407.45
V 5656 -871899.20 -176407.45
V 5664 -871899.20 -176447.45
V 5672 -871998.70 -176447.45
V 5680 -872006.45 -176449.53
V 5688 -872012.12 -176455.20
V 5696 -872014.20 -176462.95
V 5704 -872014.20 -176533.95
V 5712 -872012.12 -176541.70
V 5720 -872006.45 -176547.37
V 5728 -871998.70 -176549.45
V 5736 -871899.20 -176549.45
V 5744 -871899.20 -176589.45
V 5752 -871998.70 -176589.45
V 5760 -872006.45 -176591.53
V 5768 -872012.12 -176597.20
V 5776 -872014.20 -176604.95
V 5784 -872014.20 -176675.95
V 5792 -872012.12 -176683.70
V 5800 -872006.45 -176689.37
V 5808 -871998.70 -176691.45
V 5816 -871899.20 -176691.45
V 5824 -871899.20 -176731.45
V 5832 -871998.70 -176731.45
V 5840 -872006.45 -176733.53
V 5848 -872012.12 -176739.20
V 5856 -872014.20 -176746.95
V 5864 -872014.20 -176817.95
V 5872 -872012.12 -176825.70
V 5880 -872006.45 -176831.37
V 5888 -871998.70 -176833.45
V 5896 -871899.20 -176833.45
V 5904 -871899.20 -176873.45
V 5912 -871998.70 -176873.45
V 5920 -872006.45 -176875.53
V 5928 -872012.12 -176881.20
V 5936 -872014.20 -176888.95
V 5944 -872014.20 -176959.95
V 5952 -872012.12 -176967.70
V 5960 -872006.45 -176973.37
V 5968 -871998.70 -176975.45
V 5976 -871899.20 -176975.45
V 5984 -871899.20 -177015.45
V 5992 -871998.70 -177015.45
V 6000 -872006.45 -177017.53
V 6008 -872012.12 -177023.20
V 6016 -872014.20 -177030.95
V 6024 -872014.20 -177101.95
V 6032 -872012.12 -177109.70
V 6040 -872006.45 -177115.37
V 6048 -871998.70 -177117.45
V 6056 -871899.20 -177117.45
V 6064 -871899.20 -177157.45
V 6072 -871998.70 -177157.45
V 6080 -872006.45 -177159.53
V 6088 -872012.12 -177165.20
V 6096 -872014.20 -177172.95
V 6104 -872014.20 -177243.95
V 6112 -872012.12 -177251.70
V 6120 -872006.45 -177257.37
V 6128 -871998.70 -177259.45
V 6136 -871899.20 -177259.45
V 6144 -871899.20 -177299.45
V 6152 -871998.70 -177299.45
V 6160 -872006.45 -177301.53
V 6168 -872012.12 -177307.20
V 6176 -872014.20 -177314.95
V 6184 -872014.20 -177385.95
V 6192 -872012.12 -177393.70
V 6200 -872006.45 -177399.37
V 6208 -871998.70 -177401.45
V 6216 -871899.20 -177401.45
V 6224 -871899.20 -177441.45
V 6232 -871998.70 -177441.45
V 6240 -872006.45 -177443.53
V 6248 -872012.12 -177449.20
V 6256 -872014.20 -177456.95
V 6264 -872014.20 -177527.95
V 6272 -872012.12 -177535.70
V 6280 -872006.45 -177541.37
V 6288 -871998.70 -177543.45
V 6296 -871899.20 -177543.45
V 6304 -871899.20 -177583.45
V 6312 -871998.70 -177583.45
V 6320 -872006.45 -177585.53
V 6328 -872012.12 -177591.20
V 6336 -872014.20 -177598.95
V 6344 -872014.20 -177669.95
V 6352 -872012.12 -177677.70
V 6360 -872006.45 -177683.37
V 6368 -871998.70 -177685.45
V 6376 -871899.20 -177685.45
V 6384 -871899.20 -177725.45
V 6392 -871998.70 -177725.45
V 6400 -872006.45 -177727.53
V 6408 -872012.12 -177733.20
V 6416 -872014.20 -177740.95
V 6424 -872014.20 -177811.95
V 6432 -872012.12 -177819.70
V 6440 -872006.45 -177825.37
V 6448 -871998.70 -177827.45
V 6456 -871899.20 -177827.45
V 6464 -871899.20 -177867.45
V 6472 -871998.70 -177867.45
V 6480 -872006.45 -177869.53
V 6488 -872012.12 -177875.20
V 6496 -872014.20 -177882.95
V 6504 -872014.20 -177953.95
V 6512 -872012.12 -177961.70
V 6520 -872006.45 -177967.37
V 6528 -871998.70 -177969.45
V 6536 -871899.20 -177969.45
V 6544 -871899.20 -178009.45
V 6552 -871998.70 -178009.45
V 6560 -872006.45 -178011.53
V 6568 -872012.12 -178017.20
V 6576 -872014.20 -178024.95
V 6584 -872014.20 -178095.95
V 6592 -872012.12 -178103.70
V 6600 -872006.45 -178109.37
V 6608 -871998.70 -178111.45
V 6616 -871899.20 -178111.45
V 6624 -871899.20 -178151.45
V 6632 -871998.70 -178151.45
V 6640 -872006.45 -178153.53
V 6648 -872012.12 -178159.20
V 6656 -872014.20 -178166.95
V 6664 -872014.20 -178237.95
V 6672 -872012.12 -178245.70
V 6680 -872006.45 -178251.37
V 6688 -871998.70 -178253.45
V 6696 -871899.20 -178253.45
V 6704 -871899.20 -178293.45
V 6712 -871998.70 -178293.45
V 6720 -872006.45 -178295.53
V 6728 -872012.12 -178301.20
V 6736 -872014.20 -178308.95
V 6744 -872014.20 -178379.95
V 6752 -872012.12 -178387.70
V 6760 -872006.45 -178393.37
V 6768 -871998.70 -178395.45
V 6776 -871956.70 -178395.45
V 6784 -871956.70 -178404.45
V 6792 -871925.70 -178404.45
V 6800 -871925.70 -178379.95
V 6808 -871925.74 -178378.84
V 6816 -871925.86 -178377.74
V 6824 -871926.05 -178376.66
V 6832 -871926.33 -178375.58
V 6840 -871926.68 -178374.53
V 6848 -871927.10 -178373.51
V 6856 -871927.60 -178372.52
V 6864 -871928.16 -178371.57
V 6872 -871928.79 -178370.66
V 6880 -871929.49 -178369.80
V 6888 -871930.24 -178368.99
V 6896 -871931.05 -178368.24
V 6904 -871931.91 -178367.54
V 6912 -871932.82 -178366.91
V 6920 -871933.77 -178366.35
V 6928 -871934.76 -178365.85
V 6936 -871935.78 -178365.43
V 6944 -871936.83 -178365.08
V 6952 -871937.91 -178364.80
V 6960 -871938.99 -178364.61
V 6968 -871940.09 -178364.49
V 6976 -871941.20 -178364.45
V 6984 -871983.20 -178364.45
V 6992 -871983.20 -178324.45
V 7000 -871883.70 -178324.45
V 7008 -871875.95 -178322.37
V 7016 -871870.28 -178316.70
V 7024 -871868.20 -178308.95
V 7032 -871868.20 -178237.95
V 7040 -871870.28 -178230.20
V 7048 -871875.95 -178224.53
V 7056 -871883.70 -178222.45
V 7064 -871983.20 -178222.45
V 7072 -871983.20 -178182.45
V 7080 -871883.70 -178182.45
V 7088 -871875.95 -178180.37
V 7096 -871870.28 -178174.70
V 7104 -871868.20 -178166.95
V 7112 -871868.20 -178095.95
V 7120 -871870.28 -178088.20
V 7128 -871875.95 -178082.53
V 7136 -871883.70 -178080.45
V 7144 -871983.20 -178080.45
V 7152 -871983.20 -178040.45
V 7160 -871883.70 -178040.45
V 7168 -871875.95 -178038.37
V 7176 -871870.28 -178032.70
V 7184 -871868.20 -178024.95
V 7192 -871868.20 -177953.95
V 7200 -871870.28 -177946.20
V 7208 -871875.95 -177940.53
V 7216 -871883.70 -177938.45
V 7224 -871983.20 -177938.45
V 7232 -871983.20 -177898.45
V 7240 -871883.70 -177898.45
V 7248 -871875.95 -177896.37
V 7256 -871870.28 -177890.70
V 7264 -871868.20 -177882.95
V 7272 -871868.20 -177811.95
V 7280 -871870.28 -177804.20
V 7288 -871875.95 -177798.53
V 7296 -871883.70 -177796.45
V 7304 -871983.20 -177796.45
V 7312 -871983.20 -177756.45
V 7320 -871883.70 -177756.45
V 7328 -871875.95 -177754.37
V 7336 -871870.28 -177748.70
V 7344 -871868.20 -177740.95
V 7352 -871868.20 -177669.95
V 7360 -871870.28 -177662.20
V 7368 -871875.95 -177656.53
V 7376 -871883.70 -177654.45
V 7384 -871983.20 -177654.45
V 7392 -871983.20 -177614.45
V 7400 -871883.70 -177614.45
V 7408 -871875.95 -177612.37
V 7416 -871870.28 -177606.70
V 7424 -871868.20 -177598.95
V 7432 -871868.20 -177527.95
V 7440 -871870.28 -177520.20
V 7448 -871875.95 -177514.53
V 7456 -871883.70 -177512.45
V 7464 -871983.20 -177512.45
V 7472 -871983.20 -177472.45
V 7480 -871883.70 -177472.45
V 7488 -871875.95 -177470.37
V 7496 -871870.28 -177464.70
V 7504 -871868.20 -177456.95
V 7512 -871868.20 -177385.95
V 7520 -871870.28 -177378.20
V 7528 -871875.95 -177372.53
V 7536 -871883.70 -177370.45
V 7544 -871983.20 -177370.45
V 7552 -871983.20 -177330.45
V 7560 -871883.70 -177330.45
V 7568 -871875.95 -177328.37
V 7576 -871870.28 -177322.70
V 7584 -871868.20 -177314.95
V 7592 -871868.20 -177243.95
V 7600 -871870.28 -177236.20
V 7608 -871875.95 -177230.53
V 7616 -871883.70 -177228.45
V 7624 -871983.20 -177228.45
V 7632 -871983.20 -177188.45
V 7640 -871883.70 -177188.45
V 7648 -871875.95 -177186.37
V 7656 -871870.28 -177180.70
V 7664 -871868.20 -177172.95
V 7672 -871868.20 -177101.95
V 7680 -871870.28 -177094.20
V 7688 -871875.95 -177088.53
V 7696 -871883.70 -177086.45
V 7704 -871983.20 -177086.45
V 7712 -871983.20 -177046.45
V 7720 -871883.70 -177046.45
V 7728 -871875.95 -177044.37
V 7736 -871870.28 -177038.70
V 7744 -871868.20 -177030.95
V 7752 -871868.20 -176959.95
V 7760 -871870.28 -176952.20
V 7768 -871875.95 -176946.53
V 7776 -871883.70 -176944.45
V 7784 -871983.20 -176944.45
V 7792 -871983.20 -176904.45
V 7800 -871883.70 -176904.45
V 7808 -871875.95 -176902.37
V 7816 -871870.28 -176896.70
V 7824 -871868.20 -176888.95
V 7832 -871868.20 -176817.95
V 7840 -871870.28 -176810.20
V 7848 -871875.95 -176804.53
V 7856 -871883.70 -176802.45
V 7864 -871983.20 -176802.45
V 7872 -871983.20 -176762.45
V 7880 -871883.70 -176762.45
V 7888 -871875.95 -176760.37
V 7896 -871870.28 -176754.70
V 7904 -871868.20 -176746.95
V 7912 -871868.20 -176675.95
V 7920 -871870.28 -176668.20
V 7928 -871875.95 -176662.53
V 7936 -871883.70 -176660.45
V 7944 -871983.20 -176660.45
V 7952 -871983.20 -176620.45
V 7960 -871883.70 -176620.45
V 7968 -871875.95 -176618.37
V 7976 -871870.28 -176612.70
V 7984 -871868.20 -176604.95
V 7992 -871868.20 -176533.95
V 8000 -871870.28 -176526.20
V 8008 -871875.95 -176520.53
V 8016 -871883.70 -176518.45
V 8024 -871983.20 -176518.45
V 8032 -871983.20 -176478.45
V 8040 -871883.70 -176478.45
V 8048 -871875.95 -176476.37
V 8056 -871870.28 -176470.70
V 8064 -871868.20 -176462.95
V 8072 -871868.20 -176391.95
V 8080 -871870.28 -176384.20
V 8088 -871875.95 -176378.53
V 8096 -871883.70 -176376.45
V 8104 -871983.20 -176376.45
V 8112 -871983.20 -176336.45
V 8120 -871883.70 -176336.45
V 8128 -871875.95 -176334.37
V 8136 -871870.28 -176328.70
V 8144 -871868.20 -176320.95
V 8152 -871868.20 -176249.95
V 8160 -871870.28 -176242.20
V 8168 -871875.95 -176236.53
V 8176 -871883.70 -176234.45
V 8184 -871983.20 -176234.45
V 8192 -871983.20 -176194.45
V 8200 -871883.70 -176194.45
V 8208 -871875.95 -176192.37
V 8216 -871870.28 -176186.70
V 8224 -871868.20 -176178.95
V 8232 -871868.20 -176107.95
V 8240 -871870.28 -176100.20
V 8248 -871875.95 -176094.53
V 8256 -871883.70 -176092.45
V 8264 -871983.20 -176092.45
V 8272 -871983.20 -176052.45
V 8280 -871883.70 -176052.45
V 8288 -871875.95 -176050.37
V 8296 -871870.28 -176044.70
V 8304 -871868.20 -176036.95
V 8312 -871868.20 -175965.95
V 8320 -871870.28 -175958.20
V 8328 -871875.95 -175952.53
V 8336 -871883.70 -175950.45
V 8344 -871983.20 -175950.45
V 8352 -871983.20 -175910.45
V 8360 -871883.70 -175910.45
V 8368 -871875.95 -175908.37
V 8376 -871870.28 -175902.70
V 8384 -871868.20 -175894.95
V 8392 -871868.20 -175823.95
V 8400 -871870.28 -175816.20
V 8408 -871875.95 -175810.53
V 8416 -871883.70 -175808.45
V 8424 -871983.20 -175808.45
V 8432 -871983.20 -175768.45
V 8440 -871883.70 -175768.45
V 8448 -871875.95 -175766.37
V 8456 -871870.28 -175760.70
V 8464 -871868.20 -175752.95
V 8472 -871868.20 -175681.95
V 8480 -871870.28 -175674.20
V 8488 -871875.95 -175668.53
V 8496 -871883.70 -175666.45
V 8504 -871983.20 -175666.45
V 8512 -871983.20 -175626.45
V 8520 -871883.70 -175626.45
V 8528 -871875.95 -175624.37
V 8536 -871870.28 -175618.70
V 8544 -871868.20 -175610.95
V 8552 -871868.20 -175539.95
V 8560 -871870.28 -175532.20
V 8568 -871875.95 -175526.53
V 8576 -871883.70 -175524.45
V 8584 -871983.20 -175524.45
V 8592 -871983.20 -175484.45
V 8600 -871883.70 -175484.45
V 8608 -871875.95 -175482.37
V 8616 -871870.28 -175476.70
V 8624 -871868.20 -175468.95
V 8632 -871868.20 -175397.95
V 8640 -871870.28 -175390.20
V 8648 -871875.95 -175384.53
V 8656 -871883.70 -175382.45
V 8664 -871983.20 -175382.45
V 8672 -871983.20 -175342.45
V 8680 -871883.70 -175342.45
V 8688 -871875.95 -175340.37
V 8696 -871870.28 -175334.70
V 8704 -871868.20 -175326.95
V 8712 -871868.20 -175255.95
V 8720 -871870.28 -175248.20
V 8728 -871875.95 -175242.53
V 8736 -871883.70 -175240.45
V 8744 -871983.20 -175240.45
V 8752 -871983.20 -175200.45
V 8760 -871883.70 -175200.45
V 8768 -871875.95 -175198.37
V 8776 -871870.28 -175192.70
V 8784 -871868.20 -175184.95
V 8792 -871868.20 -175113.95
V 8800 -871870.28 -175106.20
V 8808 -871875.95 -175100.53
V 8816 -871883.70 -175098.45
V 8824 -871983.20 -175098.45
V 8832 -871983.20 -175058.45
V 8840 -871883.70 -175058.45
V 8848 -871875.95 -175056.37
V 8856 -871870.28 -175050.70
V 8864 -871868.20 -175042.95
V 8872 -871868.20 -174971.95
V 8880 -871870.28 -174964.20
V 8888 -871875.95 -174958.53
V 8896 -871883.70 -174956.45
V 8904 -871983.20 -174956.45
V 8912 -871983.20 -174916.45
V 8920 -871883.70 -174916.45
V 8928 -871875.95 -174914.37
V 8936 -871870.28 -174908.70
V 8944 -871868.20 -174900.95
V 8952 -871868.20 -174829.95
V 8960 -871870.28 -174822.20
V 8968 -871875.95 -174816.53
V 8976 -871883.70 -174814.45
V 8984 -871983.20 -174814.45
V 8992 -871983.20 -174774.45
V 9000 -871883.70 -174774.45
V 9008 -871875.95 -174772.37
V 9016 -871870.28 -174766.70
V 9024 -871868.20 -174758.95
V 9032 -871868.20 -174687.95
V 9040 -871870.28 -174680.20
V 9048 -871875.95 -174674.53
V 9056 -871883.70 -174672.45
V 9064 -871983.20 -174672.45
V 9072 -871983.20 -174632.45
V 9080 -871883.70 -174632.45
V 9088 -871875.95 -174630.37
V 9096 -871870.28 -174624.70
V 9104 -871868.20 -174616.95
V 9112 -871868.20 -174545.95
V 9120 -871870.28 -174538.20
V 9128 -871875.95 -174532.53
V 9136 -871883.70 -174530.45
V 9144 -871983.20 -174530.45
V 9152 -871983.20 -174490.45
V 9160 -871883.70 -174490.45
V 9168 -871875.95 -174488.37
V 9176 -871870.28 -174482.70
V 9184 -871868.20 -174474.95
V 9192 -871868.20 -174403.95
V 9200 -871870.28 -174396.20
V 9208 -871875.95 -174390.53
V 9216 -871883.70 -174388.45
V 9224 -871983.20 -174388.45
V 9232 -871983.20 -174348.45
V 9240 -871883.70 -174348.45
V 9248 -871875.95 -174346.37
V 9256 -871870.28 -174340.70
V 9264 -871868.20 -174332.95
V 9272 -871868.20 -174261.95
V 9280 -871870.28 -174254.20
V 9288 -871875.95 -174248.53
V 9296 -871883.70 -174246.45
V 9304 -871983.20 -174246.45
V 9312 -871983.20 -174206.45
V 9320 -871883.70 -174206.45
V 9328 -871875.95 -174204.37
V 9336 -871870.28 -174198.70
V 9344 -871868.20 -174190.95
V 9352 -871868.20 -174119.95
V 9360 -871870.28 -174112.20
V 9368 -871875.95 -174106.53
V 9376 -871883.70 -174104.45
V 9384 -871983.20 -174104.45
V 9392 -871983.20 -174064.45
V 9400 -871883.70 -174064.45
V 9408 -871875.95 -174062.37
V 9416 -871870.28 -174056.70
V 9424 -871868.20 -174048.95
V 9432 -871868.20 -173977.95
V 9440 -871870.28 -173970.20
V 9448 -871875.95 -173964.53
V 9456 -871883.70 -173962.45
V 9464 -871983.20 -173962.45
V 9472 -871983.20 -173922.45
V 9480 -871883.70 -173922.45
V 9488 -871875.95 -173920.37
V 9496 -871870.28 -173914.70
V 9504 -871868.20 -173906.95
V 9512 -871868.20 -173835.95
V 9520 -871870.28 -173828.20
V 9528 -871875.95 -173822.53
V 9536 -871883.70 -173820.45
V 9544 -871983.20 -173820.45
V 9552 -871983.20 -173780.45
V 9560 -871883.70 -173780.45
V 9568 -871875.95 -173778.37
V 9576 -871870.28 -173772.70
V 9584 -871868.20 -173764.95
V 9592 -871868.20 -173693.95
V 9600 -871870.28 -173686.20
V 9608 -871875.95 -173680.53
V 9616 -871883.70 -173678.45
V 9624 -871983.20 -173678.45
V 9632 -871983.20 -173638.45
V 9640 -871883.70 -173638.45
V 9648 -871875.95 -173636.37
V 9656 -871870.28 -173630.70
V 9664 -871868.20 -173622.95
V 9672 -871868.20 -173551.95
V 9680 -871870.28 -173544.20
V 9688 -871875.95 -173538.53
V 9696 -871883.70 -173536.45
V 9704 -871983.20 -173536.45
V 9712 -871983.20 -173496.45
V 9720 -871883.70 -173496.45
V 9728 -871875.95 -173494.37
V 9736 -871870.28 -173488.70
V 9744 -871868.20 -173480.95
V 9752 -871868.20 -173409.95
V 9760 -871870.28 -173402.20
V 9768 -871875.95 -173396.53
V 9776 -871883.70 -173394.45
V 9784 -871983.20 -173394.45
V 9792 -871983.20 -173354.45
V 9800 -871883.70 -173354.45
V 9808 -871875.95 -173352.37
V 9816 -871870.28 -173346.70
V 9824 -871868.20 -173338.95
V 9832 -871868.20 -173267.95
V 9840 -871870.28 -173260.20
V 9848 -871875.95 -173254.53
V 9856 -871883.70 -173252.45
V 9864 -871983.20 -173252.45
V 9872 -871983.20 -173212.45
V 9880 -871883.70 -173212.45
V 9888 -871875.95 -173210.37
V 9896 -871870.28 -173204.70
V 9904 -871868.20 -173196.95
V 9912 -871868.20 -173125.95
V 9920 -871870.28 -173118.20
V 9928 -871875.95 -173112.53
V 9936 -871883.70 -173110.45
V 9944 -871983.20 -173110.45
V 9952 -871983.20 -173070.45
V 9960 -871883.70 -173070.45
V 9968 -871875.95 -173068.37
V 9976 -871870.28 -173062.70
V 9984 -871868.20 -173054.95
V 9992 -871868.20 -172983.95
V 10000 -871870.28 -172976.20
V 10008 -871875.95 -172970.53
V 10016 -871883.70 -172968.45
V 10024 -871983.20 -172968.45
V 10032 -871983.20 -172928.45
V 10040 -871883.70 -172928.45
V 10048 -871875.95 -172926.37
V 10056 -871870.28 -172920.70
V 10064 -871868.20 -172912.95
V 10072 -871868.20 -172841.95
V 10080 -871870.28 -172834.20
V 10088 -871875.95 -172828.53
V 10096 -871883.70 -172826.45
V 10104 -871983.20 -172826.45
V 10112 -871983.20 -172786.45
V 10120 -871883.70 -172786.45
V 10128 -871875.95 -172784.37
V 10136 -871870.28 -172778.70
V 10144 -871868.20 -172770.95
V 10152 -871868.20 -172699.95
V 10160 -871870.28 -172692.20
V 10168 -871875.95 -172686.53
V 10176 -871883.70 -172684.45
V 10184 -871983.20 -172684.45
V 10192 -871983.20 -172644.45
V 10200 -871883.70 -172644.45
V 10208 -871875.95 -172642.37
V 10216 -871870.28 -172636.70
V 10224 -871868.20 -172628.95
V 10232 -871868.20 -172557.95
V 10240 -871870.28 -172550.20
V 10248 -871875.95 -172544.53
V 10256 -871883.70 -172542.45
V 10264 -871983.20 -172542.45
V 10272 -871983.20 -172502.45
V 10280 -871883.70 -172502.45
V 10288 -871875.95 -172500.37
V 10296 -871870.28 -172494.70
V 10304 -871868.20 -172486.95
V 10312 -871868.20 -172415.95
V 10320 -871870.28 -172408.20
V 10328 -871875.95 -172402.53
V 10336 -871883.70 -172400.45
V 10344 -871983.20 -172400.45
V 10352 -871983.20 -172360.45
V 10360 -871883.70 -172360.45
V 10368 -871875.95 -172358.37
V 10376 -871870.28 -172352.70
V 10384 -871868.20 -172344.95
V 10392 -871868.20 -172273.95
V 10400 -871870.28 -172266.20
V 10408 -871875.95 -172260.53
V 10416 -871883.70 -172258.45
V 10424 -871983.20 -172258.45
V 10432 -871983.20 -172218.45
V 10440 -871883.70 -172218.45
V 10448 -871875.95 -172216.37
V 10456 -871870.28 -172210.70
V 10464 -871868.20 -172202.95
V 10472 -871868.20 -172131.95
V 10480 -871870.28 -172124.20
V 10488 -871875.95 -172118.53
V 10496 -871883.70 -172116.45
V 10504 -871983.20 -172116.45
V 10512 -871983.20 -172076.45
V 10520 -871883.70 -172076.45
V 10528 -871875.95 -172074.37
V 10536 -871870.28 -172068.70
V 10544 -871868.20 -172060.95
V 10552 -871868.20 -171989.95
V 10560 -871870.28 -171982.20
V 10568 -871875.95 -171976.53
V 10576 -871883.70 -171974.45
V 10584 -871983.20 -171974.45
V 10592 -871983.20 -171934.45
V 10600 -871883.70 -171934.45
V 10608 -871875.95 -171932.37
V 10616 -871870.28 -171926.70
V 10624 -871868.20 -171918.95
V 10632 -871868.20 -171847.95
V 10640 -871870.28 -171840.20
V 10648 -871875.95 -171834.53
V 10656 -871883.70 -171832.45
V 10664 -871983.20 -171832.45
V 10672 -871983.20 -171792.45
V 10680 -871883.70 -171792.45
V 10688 -871875.95 -171790.37
V 10696 -871870.28 -171784.70
V 10704 -871868.20 -171776.95
V 10712 -871868.20 -171705.95
V 10720 -871870.28 -171698.20
V 10728 -871875.95 -171692.53
V 10736 -871883.70 -171690.45
V 10744 -871983.20 -171690.45
V 10752 -871983.20 -171650.45
V 10760 -871883.70 -171650.45
V 10768 -871875.95 -171648.37
V 10776 -871870.28 -171642.70
V 10784 -871868.20 -171634.95
V 10792 -871868.20 -171563.95
V 10800 -871870.28 -171556.20
V 10808 -871875.95 -171550.53
V 10816 -871883.70 -171548.45
V 10824 -871983.20 -171548.45
V 10832 -871983.20 -171508.45
V 10840 -871883.70 -171508.45
V 10848 -871875.95 -171506.37
V 10856 -871870.28 -171500.70
V 10864 -871868.20 -171492.95
V 10872 -871868.20 -171421.95
V 10880 -871870.28 -171414.20
V 10888 -871875.95 -171408.53
V 10896 -871883.70 -171406.45
V 10904 -871983.20 -171406.45
V 10912 -871983.20 -171366.45
V 10920 -871883.70 -171366.45
V 10928 -871875.95 -171364.37
V 10936 -871870.28 -171358.70
V 10944 -871868.20 -171350.95
V 10952 -871868.20 -171279.95
V 10960 -871870.28 -171272.20
V 10968 -871875.95 -171266.53
V 10976 -871883.70 -171264.45
V 10984 -871983.20 -171264.45
V 10992 -871983.20 -171224.45
V 11000 -871883.70 -171224.45
V 11008 -871875.95 -171222.37
V 11016 -871870.28 -171216.70
V 11024 -871868.20 -171208.95
V 11032 -871868.20 -171137.95
V 11040 -871870.28 -171130.20
V 11048 -871875.95 -171124.53
V 11056 -871883.70 -171122.45
V 11064 -871983.20 -171122.45
V 11072 -871983.20 -171082.45
V 11080 -871883.70 -171082.45
V 11088 -871875.95 -171080.37
V 11096 -871870.28 -171074.70
V 11104 -871868.20 -171066.95
V 11112 -871868.20 -170995.95
V 11120 -871870.28 -170988.20
V 11128 -871875.95 -170982.53
V 11136 -871883.70 -170980.45
V 11144 -871983.20 -170980.45
V 11152 -871983.20 -170940.45
V 11160 -871883.70 -170940.45
V 11168 -871875.95 -170938.37
V 11176 -871870.28 -170932.70
V 11184 -871868.20 -170924.95
V 11192 -871868.20 -170853.95
V 11200 -871870.28 -170846.20
V 11208 -871875.95 -170840.53
V 11216 -871883.70 -170838.45
V 11224 -871983.20 -170838.45
V 11232 -871983.20 -170798.45
V 11240 -871883.70 -170798.45
V 11248 -871875.95 -170796.37
V 11256 -871870.28 -170790.70
V 11264 -871868.20 -170782.95
V 11272 -871868.20 -170711.95
V 11280 -871870.28 -170704.20
V 11288 -871875.95 -170698.53
V 11296 -871883.70 -170696.45
V 11304 -871983.20 -170696.45
V 11312 -871983.20 -170656.45
V 11320 -871883.70 -170656.45
V 11328 -871875.95 -170654.37
V 11336 -871870.28 -170648.70
V 11344 -871868.20 -170640.95
V 11352 -871868.20 -170569.95
V 11360 -871870.28 -170562.20
V 11368 -871875.95 -170556.53
V 11376 -871883.70 -170554.45
V 11384 -871983.20 -170554.45
V 11392 -871983.20 -170514.45
V 11400 -871883.70 -170514.45
V 11408 -871875.95 -170512.37
V 11416 -871870.28 -170506.70
V 11424 -871868.20 -170498.95
V 11432 -871868.20 -170427.95
V 11440 -871870.28 -170420.20
V 11448 -871875.95 -170414.53
V 11456 -871883.70 -170412.45
V 11464 -871983.20 -170412.45
V 11472 -871983.20 -170372.45
V 11480 -871883.70 -170372.45
V 11488 -871875.95 -170370.37
V 11496 -871870.28 -170364.70
V 11504 -871868.20 -170356.95
V 11512 -871868.20 -170285.95
V 11520 -871870.28 -170278.20
V 11528 -871875.95 -170272.53
V 11536 -871883.70 -170270.45
V 11544 -871983.20 -170270.45
V 11552 -871983.20 -170230.45
V 11560 -871883.70 -170230.45
V 11568 -871875.95 -170228.37
V 11576 -871870.28 -170222.70
V 11584 -871868.20 -170214.95
V 11592 -871868.20 -170143.95
V 11600 -871870.28 -170136.20
V 11608 -871875.95 -170130.53
V 11616 -871883.70 -170128.45
V 11624 -871983.20 -170128.45
V 11632 -871983.20 -170088.45
V 11640 -871883.70 -170088.45
V 11648 -871875.95 -170086.37
V 11656 -871870.28 -170080.70
V 11664 -871868.20 -170072.95
V 11672 -871868.20 -170001.95
V 11680 -871870.28 -169994.20
V 11688 -871875.95 -169988.53
V 11696 -871883.70 -169986.45
V 11704 -871983.20 -169986.45
V 11712 -871983.20 -169946.45
V 11720 -871883.70 -169946.45
V 11728 -871875.95 -169944.37
V 11736 -871870.28 -169938.70
V 11744 -871868.20 -169930.95
V 11752 -871868.20 -169859.95
V 11760 -871870.28 -169852.20
V 11768 -871875.95 -169846.53
V 11776 -871883.70 -169844.45
V 11784 -871983.20 -169844.45
V 11792 -871983.20 -169804.45
V 11800 -871883.70 -169804.45
V 11808 -871875.95 -169802.37
V 11816 -871870.28 -169796.70
V 11824 -871868.20 -169788.95
V 11832 -871868.20 -169717.95
V 11840 -871870.28 -169710.20
V 11848 -871875.95 -169704.53
V 11856 -871883.70 -169702.45
V 11864 -871983.20 -169702.45
V 11872 -871983.20 -169662.45
V 11880 -871883.70 -169662.45
V 11888 -871875.95 -169660.37
V 11896 -871870.28 -169654.70
V 11904 -871868.20 -169646.95
V 11912 -871868.20 -169575.95
V 11920 -871870.28 -169568.20
V 11928 -871875.95 -169562.53
V 11936 -871883.70 -169560.45
V 11944 -871983.20 -169560.45
V 11952 -871983.20 -169520.45
V 11960 -871883.70 -169520.45
V 11968 -871875.95 -169518.37
V 11976 -871870.28 -169512.70
V 11984 -871868.20 -169504.95
V 11992 -871868.20 -169433.95
V 12000 -871870.28 -169426.20
V 12008 -871875.95 -169420.53
V 12016 -871883.70 -169418.45
V 12024 -871983.20 -169418.45
V 12032 -871983.20 -169378.45
V 12040 -871883.70 -169378.45
V 12048 -871875.95 -169376.37
V 12056 -871870.28 -169370.70
V 12064 -871868.20 -169362.95
V 12072 -871868.20 -169291.95
