V 0 280010.34 -692880.34
V 1 279909.85 -692980.83
V 2 277947.07 -693899.79
V 3 274660.64 -695272.55
V 4 271803.72 -696336.52
V 5 271803.69 -696336.54
V 6 271803.66 -696336.55
V 7 271803.20 -696336.73
V 8 271802.75 -696336.93
V 9 271802.31 -696337.15
V 10 271801.88 -696337.39
V 11 271801.45 -696337.65
V 12 271801.04 -696337.92
V 13 271800.64 -696338.21
V 14 271800.25 -696338.51
V 15 271799.88 -696338.83
V 16 271799.51 -696339.17
V 17 271350.33 -696789.35
V 18 271347.65 -696793.39
V 19 271346.75 -696798.15
V 20 271347.75 -696880.15
V 21 271372.25 -696879.85
V 22 271371.31 -696803.00
V 23 271814.77 -696358.55
V 24 274669.28 -695295.48
V 25 274669.80 -695295.27
V 26 274669.93 -695295.21
V 27 277956.67 -693922.32
V 28 277956.80 -693922.27
V 29 277957.25 -693922.07
V 30 277957.50 -693921.94
V 31 279921.91 -693002.22
V 32 279922.25 -693002.07
V 33 279922.69 -693001.85
V 34 279923.12 -693001.61
V 35 279923.55 -693001.35
V 36 279923.96 -693001.08
V 37 279924.36 -693000.79
V 38 279924.75 -693000.49
V 39 279925.12 -693000.17
V 40 279925.49 -692999.83
V 41 280027.66 -692897.66

