V 0 1097588.90 -82801.95
V 8 1097531.06 -82762.12
V 16 1097531.01 -82762.09
V 24 1097530.98 -82762.08
V 32 1097472.62 -82721.83
V 40 1097472.60 -82721.81
V 48 1097472.52 -82721.76
V 56 1097472.44 -82721.70
V 64 1097472.41 -82721.68
V 72 1097441.58 -82703.40
V 80 1097441.56 -82703.39
V 88 1097441.53 -82703.38
V 96 1097441.45 -82703.33
V 104 1097441.36 -82703.30
V 112 1097441.27 -82703.26
V 120 1097441.00 -82703.20
V 128 1097440.90 -82703.19
V 136 1097246.85 -82703.19
V 144 1097246.21 -82703.33
V 152 1097245.69 -82703.74
V 160 1097242.05 -82708.19
V 168 1097244.37 -82710.09
V 176 1097247.56 -82706.19
V 184 1097440.39 -82706.19
V 192 1097470.87 -82724.26
V 200 1097529.23 -82764.50
V 208 1097529.25 -82764.52
V 216 1097529.36 -82764.60
V 224 1097587.58 -82804.69
V 232 1097587.99 -82804.89
V 240 1097588.43 -82804.95
V 248 1097697.86 -82804.95
V 256 1097697.86 -82801.95
