V 0 1085836.50 44702.59
V 8 1085831.33 44721.43
V 16 1085828.08 44757.26
V 24 1085827.84 44757.95
V 32 1085827.30 44758.44
V 40 1085826.59 44758.62
V 48 1085735.66 44758.62
V 56 1085735.66 44755.62
V 64 1085825.22 44755.62
V 72 1085828.36 44721.09
V 80 1085828.36 44721.03
V 88 1085828.37 44720.93
V 96 1085828.40 44720.82
V 104 1085828.41 44720.72
V 112 1085833.90 44700.69
V 120 1085834.20 44700.12
V 128 1085834.72 44699.73
V 136 1085835.35 44699.59
V 144 1085839.86 44699.59
V 152 1085839.86 44702.59
