V 0 36767.77 -29007.50
V 8 36762.28 -29002.01
V 16 36754.78 -29000.00
V 24 33630.00 -29000.00
V 32 33630.00 -29030.00
V 40 36739.78 -29030.00
V 48 36739.78 -29071.18
V 56 36249.46 -29968.16
V 64 36249.35 -29968.35
V 72 36249.24 -29968.56
V 80 35749.96 -30881.94
V 88 35749.85 -30882.13
V 96 35749.74 -30882.34
V 104 35250.47 -31795.70
V 112 35250.37 -31795.89
V 120 35250.25 -31796.10
V 128 34750.28 -32711.29
V 136 34220.68 -33639.05
V 144 33987.99 -33974.30
V 152 32761.87 -35506.43
V 160 32761.77 -35506.55
V 168 32761.55 -35506.83
V 176 32023.58 -36428.93
V 184 32023.48 -36429.05
V 192 32023.26 -36429.33
V 200 31285.32 -37351.42
V 208 31285.22 -37351.54
V 216 31285.00 -37351.82
V 224 30547.04 -38273.92
V 232 30546.94 -38274.04
V 240 30546.72 -38274.32
V 248 29808.82 -39196.33
V 256 29808.72 -39196.45
V 264 29808.50 -39196.73
V 272 29066.77 -40124.18
V 280 29066.74 -40124.21
V 288 28253.76 -41102.66
V 296 27135.01 -42070.97
V 304 26060.15 -43001.28
V 312 24982.09 -43934.74
V 320 23891.58 -44860.38
V 328 23502.72 -45169.25
V 336 23245.09 -45373.88
V 344 22987.42 -45578.55
V 352 22729.75 -45783.21
V 360 22266.17 -46151.43
V 368 22265.94 -46151.61
V 376 21978.04 -46380.32
V 384 21977.60 -46380.69
V 392 21971.62 -46385.82
V 400 21956.41 -46397.52
V 408 21956.19 -46397.68
V 416 21956.04 -46397.81
V 424 21734.28 -46573.62
V 432 21734.15 -46573.72
V 440 21733.83 -46573.99
V 448 21733.63 -46574.15
V 456 21728.06 -46578.96
V 464 21715.12 -46588.93
V 472 21714.82 -46589.15
V 480 21714.45 -46589.46
V 488 21271.10 -46948.66
V 496 21270.97 -46948.76
V 504 21270.71 -46948.98
V 512 21270.63 -46949.04
V 520 21254.49 -46962.56
V 528 21226.32 -46983.53
V 536 21195.41 -47006.00
V 544 21171.18 -47021.36
V 552 21171.08 -47021.42
V 560 20476.43 -47469.05
V 568 20475.71 -47469.49
V 576 20475.51 -47469.62
V 584 20470.34 -47472.94
V 592 20443.35 -47489.37
V 600 20418.07 -47503.49
V 608 19947.60 -47754.70
V 616 19681.28 -47896.89
V 624 19681.07 -47897.00
V 632 19414.25 -48039.48
V 640 19147.54 -48181.89
V 648 18880.67 -48324.39
V 656 18347.27 -48609.20
V 664 18080.76 -48751.50
V 672 17813.72 -48894.09
V 680 17547.19 -49036.40
V 688 17280.38 -49178.87
V 696 17013.67 -49321.28
V 704 16746.79 -49463.79
V 712 16600.69 -49541.80
V 720 16594.89 -49547.32
V 728 16592.76 -49555.03
V 736 16592.76 -55615.95
V 744 16622.76 -55615.95
V 752 16622.76 -49564.03
V 760 17027.81 -49347.74
V 768 17294.52 -49205.33
V 776 17561.33 -49062.86
V 784 17827.86 -48920.55
V 792 18094.90 -48777.96
V 800 18361.41 -48635.66
V 808 18894.81 -48350.85
V 816 19161.68 -48208.35
V 824 19428.39 -48065.94
V 832 19695.38 -47923.37
V 840 19961.70 -47781.18
V 848 19961.74 -47781.16
V 856 20432.37 -47529.86
V 864 20432.61 -47529.73
V 872 20458.13 -47515.48
V 880 20458.26 -47515.41
V 888 20458.32 -47515.37
V 896 20458.62 -47515.19
V 904 20486.21 -47498.40
V 912 20486.52 -47498.21
V 920 20491.52 -47495.00
V 928 20492.32 -47494.50
V 936 20492.54 -47494.36
V 944 21187.34 -47046.64
V 952 21211.92 -47031.06
V 960 21212.23 -47030.86
V 968 21212.61 -47030.58
V 976 21212.63 -47030.57
V 984 21244.10 -47007.69
V 992 21244.24 -47007.59
V 1000 21272.75 -46986.37
V 1008 21272.84 -46986.30
V 1016 21273.08 -46986.12
V 1024 21273.34 -46985.90
V 1032 21273.42 -46985.84
V 1040 21289.89 -46972.04
V 1048 21289.92 -46972.01
V 1056 21733.27 -46612.81
V 1064 21733.40 -46612.71
V 1072 21733.52 -46612.61
V 1080 21746.63 -46602.51
V 1088 21746.93 -46602.29
V 1096 21747.45 -46601.86
V 1104 21753.09 -46596.99
V 1112 21974.64 -46421.34
V 1120 21974.77 -46421.24
V 1128 21974.85 -46421.17
V 1136 21990.17 -46409.39
V 1144 21990.39 -46409.23
V 1152 21990.81 -46408.88
V 1160 21990.83 -46408.86
V 1168 21990.87 -46408.83
V 1176 21996.82 -46403.73
V 1184 22284.54 -46175.16
V 1192 22284.77 -46174.98
V 1200 22748.41 -45806.71
V 1208 23006.08 -45602.05
V 1216 23263.75 -45397.38
V 1224 23521.38 -45192.75
V 1232 23910.47 -44883.70
V 1240 23910.85 -44883.39
V 1248 25001.51 -43957.62
V 1256 25001.62 -43957.52
V 1264 26079.79 -43023.96
V 1272 27154.65 -42093.65
V 1280 28274.35 -41124.52
V 1288 28274.40 -41124.47
V 1296 28274.65 -41124.25
V 1304 28275.04 -41123.88
V 1312 28275.42 -41123.50
V 1320 28275.79 -41123.10
V 1328 28276.04 -41122.80
V 1336 28276.07 -41122.77
V 1344 29089.82 -40143.39
V 1352 29089.89 -40143.30
V 1360 29090.11 -40143.02
V 1368 29831.84 -39215.57
V 1376 29831.94 -39215.45
V 1384 29832.16 -39215.17
V 1392 30570.06 -38293.16
V 1400 30570.16 -38293.04
V 1408 30570.38 -38292.76
V 1416 31308.34 -37370.66
V 1424 31308.44 -37370.54
V 1432 31308.66 -37370.26
V 1440 32046.60 -36448.17
V 1448 32046.70 -36448.05
V 1456 32046.92 -36447.77
V 1464 32784.89 -35525.67
V 1472 32784.99 -35525.55
V 1480 32785.21 -35525.27
V 1488 34011.52 -33992.91
V 1496 34011.62 -33992.79
V 1504 34011.95 -33992.37
V 1512 34012.27 -33991.93
V 1520 34012.58 -33991.48
V 1528 34245.64 -33655.69
V 1536 34245.69 -33655.62
V 1544 34246.00 -33655.17
V 1552 34246.33 -33654.63
V 1560 34246.46 -33654.42
V 1568 34776.34 -32726.17
V 1576 34776.57 -32725.73
V 1584 34776.69 -32725.52
V 1592 35276.79 -31810.08
V 1600 35276.90 -31809.89
V 1608 35277.02 -31809.66
V 1616 35776.28 -30896.32
V 1624 35776.39 -30896.13
V 1632 35776.51 -30895.90
V 1640 36275.78 -29982.54
V 1648 36275.89 -29982.35
V 1656 36276.01 -29982.12
V 1664 36767.94 -29082.19
V 1672 36768.16 -29081.79
V 1680 36768.39 -29081.30
V 1688 36768.61 -29080.80
V 1696 36768.81 -29080.30
V 1704 36768.99 -29079.79
V 1712 36769.16 -29079.27
V 1720 36769.30 -29078.75
V 1728 36769.43 -29078.22
V 1736 36769.54 -29077.69
V 1744 36769.62 -29077.16
V 1752 36769.69 -29076.62
V 1760 36769.74 -29076.08
V 1768 36769.77 -29075.54
V 1776 36769.78 -29075.00
V 1784 36769.78 -29015.00
