V 0 1091341.19 -75787.38
V 8 1091296.20 -75730.02
V 16 1091296.18 -75729.99
V 24 1091296.12 -75729.93
V 32 1091261.06 -75687.88
V 40 1091261.03 -75687.83
V 48 1091260.99 -75687.79
V 56 1091232.41 -75655.90
V 64 1091231.90 -75655.53
V 72 1091231.29 -75655.40
V 80 1091085.14 -75655.40
V 88 1091084.71 -75655.46
V 96 1091084.31 -75655.65
V 104 1091079.54 -75658.84
V 112 1091081.20 -75661.34
V 120 1091085.60 -75658.40
V 128 1091230.62 -75658.40
V 136 1091258.70 -75689.73
V 144 1091258.71 -75689.75
V 152 1091258.75 -75689.79
V 160 1091293.83 -75731.86
V 168 1091293.84 -75731.88
V 176 1091293.86 -75731.91
V 184 1091339.28 -75789.81
V 192 1091339.80 -75790.23
V 200 1091340.46 -75790.38
V 208 1091345.36 -75790.38
V 216 1091345.36 -75787.38
