V 0 1086236.84 -62019.41
V 8 1086229.72 -62000.44
V 16 1086222.89 -61964.61
V 24 1086222.61 -61963.98
V 32 1086222.09 -61963.55
V 40 1086221.42 -61963.39
V 48 1086122.52 -61963.39
V 56 1086122.42 -61963.40
V 64 1086122.39 -61963.41
V 72 1086116.74 -61963.96
V 80 1086117.04 -61966.94
V 88 1086122.66 -61966.39
V 96 1086220.18 -61966.39
V 104 1086226.79 -62001.04
V 112 1086226.79 -62001.07
V 120 1086226.85 -62001.34
V 128 1086226.88 -62001.41
V 136 1086226.92 -62001.52
V 144 1086234.40 -62021.44
V 152 1086234.72 -62021.95
V 160 1086235.21 -62022.29
V 168 1086235.80 -62022.41
V 176 1086263.36 -62022.41
V 184 1086263.36 -62019.41
