V 0 -926740.28 -174396.20
V 8 -926745.95 -174390.53
V 16 -926753.70 -174388.45
V 24 -926853.20 -174388.45
V 32 -926853.20 -174348.45
V 40 -926788.85 -174348.45
V 48 -926781.10 -174346.37
V 56 -926775.43 -174340.70
V 64 -926773.35 -174332.95
V 72 -926773.35 -174261.95
V 80 -926773.39 -174260.84
V 88 -926773.51 -174259.74
V 96 -926773.70 -174258.66
V 104 -926773.98 -174257.58
V 112 -926774.33 -174256.53
V 120 -926774.75 -174255.51
V 128 -926775.25 -174254.52
V 136 -926775.81 -174253.57
V 144 -926776.44 -174252.66
V 152 -926777.14 -174251.80
V 160 -926777.89 -174250.99
V 168 -926778.70 -174250.24
V 176 -926779.56 -174249.54
V 184 -926780.47 -174248.91
V 192 -926781.42 -174248.35
V 200 -926782.41 -174247.85
V 208 -926783.43 -174247.43
V 216 -926784.48 -174247.08
V 224 -926785.56 -174246.80
V 232 -926786.64 -174246.61
V 240 -926787.74 -174246.49
V 248 -926788.85 -174246.45
V 256 -926795.70 -174246.45
V 264 -926795.70 -174177.20
V 272 -926797.36 -174170.21
V 280 -926802.00 -174164.73
V 288 -926808.61 -174161.92
V 296 -928785.56 -173826.23
V 304 -931052.17 -173441.35
V 312 -963880.32 -167867.06
V 320 -964025.70 -167842.38
V 328 -964961.83 -167683.42
V 336 -965542.45 -167584.83
V 344 -967512.49 -167250.31
V 352 -967545.05 -167244.78
V 360 -968487.92 -167084.68
V 368 -968655.87 -167056.16
V 376 -968905.71 -167013.74
V 384 -969120.48 -166977.27
V 392 -969370.31 -166934.85
V 400 -969585.07 -166898.38
V 408 -969834.92 -166855.96
V 416 -970049.69 -166819.49
V 424 -970299.52 -166777.07
V 432 -970514.29 -166740.60
V 440 -970764.12 -166698.18
V 448 -970978.88 -166661.71
V 456 -971228.73 -166619.29
V 464 -971443.50 -166582.82
V 472 -971693.33 -166540.40
V 480 -971908.09 -166503.93
V 488 -972157.94 -166461.51
V 496 -972372.71 -166425.04
V 504 -972622.54 -166382.62
V 512 -972837.30 -166346.15
V 520 -973087.14 -166303.72
V 528 -973301.91 -166267.26
V 536 -973551.74 -166224.83
V 544 -973766.52 -166188.37
V 552 -974133.84 -166126.00
V 560 -975115.15 -165959.37
V 568 -976650.77 -165698.61
V 576 -978101.88 -165452.21
V 584 -978356.51 -165408.98
V 592 -979362.57 -165238.14
V 600 -980291.21 -165080.46
V 608 -980363.33 -165068.21
V 616 -982622.85 -164684.54
V 624 -983163.50 -164592.74
V 632 -983791.83 -164486.05
V 640 -986462.48 -164032.56
V 648 -988465.90 -163692.38
V 656 -988633.85 -163663.86
V 664 -989458.95 -163523.76
V 672 -990367.06 -163369.56
V 680 -991038.63 -163255.53
V 688 -991862.32 -163115.66
V 696 -992546.24 -162999.53
V 704 -992734.31 -162967.59
V 712 -996067.49 -162401.62
V 720 -998790.50 -161939.24
V 728 -999597.77 -161802.17
V 736 -1002511.54 -161307.40
V 744 -1009777.68 -160073.60
V 752 -1011814.02 -159727.82
V 760 -1012495.79 -159612.06
V 768 -1012495.81 -159612.05
V 776 -1012504.52 -159610.57
V 784 -1012504.54 -159610.57
V 792 -1013275.52 -159479.66
V 800 -1014302.53 -159305.27
V 808 -1014461.45 -159278.28
V 816 -1017609.15 -158743.80
V 824 -1018294.50 -158627.42
V 832 -1018726.39 -158554.09
V 840 -1019383.89 -158442.44
V 848 -1019629.31 -158400.77
V 856 -1019957.19 -158345.09
V 864 -1020094.67 -158321.75
V 872 -1021366.17 -158105.85
V 880 -1021595.93 -158066.83
V 888 -1021658.50 -158056.21
V 896 -1021905.46 -158014.27
V 904 -1022362.03 -157936.75
V 912 -1022537.54 -157906.94
V 920 -1022761.44 -157868.93
V 928 -1023575.00 -157730.78
V 936 -1023575.00 -157719.35
V 944 -1023606.00 -157719.35
V 952 -1023606.00 -157743.87
V 960 -1023605.96 -157744.96
V 968 -1023605.85 -157746.04
V 976 -1023605.66 -157747.11
V 984 -1023605.39 -157748.16
V 992 -1023605.06 -157749.20
V 1000 -1023604.65 -157750.20
V 1008 -1023604.17 -157751.18
V 1016 -1023603.62 -157752.12
V 1024 -1023603.01 -157753.02
V 1032 -1023602.34 -157753.87
V 1040 -1023601.61 -157754.68
V 1048 -1023600.83 -157755.43
V 1056 -1023599.99 -157756.13
V 1064 -1023599.11 -157756.76
V 1072 -1023598.18 -157757.33
V 1080 -1023597.22 -157757.84
V 1088 -1023596.23 -157758.27
V 1096 -1023595.20 -157758.64
V 1104 -1023594.16 -157758.93
V 1112 -1023593.09 -157759.15
V 1120 -1022994.93 -157860.72
V 1128 -1022766.62 -157899.49
V 1136 -1022542.74 -157937.50
V 1144 -1022367.23 -157967.31
V 1152 -1021910.66 -158044.83
V 1160 -1021663.70 -158086.77
V 1168 -1021601.13 -158097.39
V 1176 -1021371.37 -158136.41
V 1184 -1020838.54 -158226.88
V 1192 -1019962.39 -158375.65
V 1200 -1019634.51 -158431.33
V 1208 -1019389.07 -158473.00
V 1216 -1018731.57 -158584.65
V 1224 -1018299.68 -158657.98
V 1232 -1017614.33 -158774.36
V 1240 -1014758.63 -159259.26
V 1248 -1014466.65 -159308.84
V 1256 -1014307.73 -159335.83
V 1264 -1013280.70 -159510.22
V 1272 -1012509.74 -159641.12
V 1280 -1012509.72 -159641.13
V 1288 -1012501.01 -159642.61
V 1296 -1012500.99 -159642.61
V 1304 -1009782.86 -160104.16
V 1312 -1002516.72 -161337.96
V 1320 -999602.95 -161832.73
V 1328 -998795.68 -161969.80
V 1336 -996072.67 -162432.18
V 1344 -992739.51 -162998.15
V 1352 -992551.44 -163030.09
V 1360 -991867.50 -163146.22
V 1368 -991043.81 -163286.09
V 1376 -990372.24 -163400.12
V 1384 -989464.13 -163554.32
V 1392 -988639.03 -163694.42
V 1400 -988471.08 -163722.94
V 1408 -986467.66 -164063.12
V 1416 -983797.01 -164516.61
V 1424 -983168.68 -164623.30
V 1432 -982628.03 -164715.10
V 1440 -980368.53 -165098.77
V 1448 -980296.41 -165111.02
V 1456 -979367.75 -165268.70
V 1464 -978361.69 -165439.54
V 1472 -978107.06 -165482.77
V 1480 -976655.95 -165729.17
V 1488 -975120.33 -165989.93
V 1496 -974139.02 -166156.56
V 1504 -973771.70 -166218.93
V 1512 -973556.94 -166255.39
V 1520 -973307.11 -166297.82
V 1528 -973092.34 -166334.28
V 1536 -972842.50 -166376.71
V 1544 -972627.74 -166413.18
V 1552 -972377.89 -166455.60
V 1560 -972163.12 -166492.07
V 1568 -971913.29 -166534.49
V 1576 -971698.53 -166570.96
V 1584 -971448.68 -166613.38
V 1592 -971233.91 -166649.85
V 1600 -970984.08 -166692.27
V 1608 -970769.32 -166728.74
V 1616 -970519.47 -166771.16
V 1624 -970304.70 -166807.63
V 1632 -970054.87 -166850.05
V 1640 -969840.10 -166886.52
V 1648 -969590.27 -166928.94
V 1656 -969375.51 -166965.41
V 1664 -969125.66 -167007.83
V 1672 -968910.89 -167044.30
V 1680 -968661.05 -167086.72
V 1688 -968493.10 -167115.24
V 1696 -967550.25 -167275.34
V 1704 -967517.69 -167280.87
V 1712 -964967.01 -167713.98
V 1720 -964030.88 -167872.94
V 1728 -963885.50 -167897.62
V 1736 -931057.35 -173471.91
V 1744 -928790.74 -173856.79
V 1752 -926826.70 -174190.29
V 1760 -926826.70 -174261.95
V 1768 -926826.66 -174263.06
V 1776 -926826.54 -174264.16
V 1784 -926826.35 -174265.24
V 1792 -926826.07 -174266.32
V 1800 -926825.72 -174267.37
V 1808 -926825.30 -174268.39
V 1816 -926824.80 -174269.38
V 1824 -926824.24 -174270.33
V 1832 -926823.61 -174271.24
V 1840 -926822.91 -174272.10
V 1848 -926822.16 -174272.91
V 1856 -926821.35 -174273.66
V 1864 -926820.49 -174274.36
V 1872 -926819.58 -174274.99
V 1880 -926818.63 -174275.55
V 1888 -926817.64 -174276.05
V 1896 -926816.62 -174276.47
V 1904 -926815.57 -174276.82
V 1912 -926814.49 -174277.10
V 1920 -926813.41 -174277.29
V 1928 -926812.31 -174277.41
V 1936 -926811.20 -174277.45
V 1944 -926804.35 -174277.45
V 1952 -926804.35 -174317.45
V 1960 -926868.70 -174317.45
V 1968 -926876.45 -174319.53
V 1976 -926882.12 -174325.20
V 1984 -926884.20 -174332.95
V 1992 -926884.20 -174403.95
V 2000 -926882.12 -174411.70
V 2008 -926876.45 -174417.37
V 2016 -926868.70 -174419.45
V 2024 -926769.20 -174419.45
V 2032 -926769.20 -174459.45
V 2040 -926868.70 -174459.45
V 2048 -926876.45 -174461.53
V 2056 -926882.12 -174467.20
V 2064 -926884.20 -174474.95
V 2072 -926884.20 -174545.95
V 2080 -926882.12 -174553.70
V 2088 -926876.45 -174559.37
V 2096 -926868.70 -174561.45
V 2104 -926769.20 -174561.45
V 2112 -926769.20 -174601.45
V 2120 -926868.70 -174601.45
V 2128 -926876.45 -174603.53
V 2136 -926882.12 -174609.20
V 2144 -926884.20 -174616.95
V 2152 -926884.20 -174687.95
V 2160 -926882.12 -174695.70
V 2168 -926876.45 -174701.37
V 2176 -926868.70 -174703.45
V 2184 -926769.20 -174703.45
V 2192 -926769.20 -174743.45
V 2200 -926868.70 -174743.45
V 2208 -926876.45 -174745.53
V 2216 -926882.12 -174751.20
V 2224 -926884.20 -174758.95
V 2232 -926884.20 -174829.95
V 2240 -926882.12 -174837.70
V 2248 -926876.45 -174843.37
V 2256 -926868.70 -174845.45
V 2264 -926769.20 -174845.45
V 2272 -926769.20 -174885.45
V 2280 -926868.70 -174885.45
V 2288 -926876.45 -174887.53
V 2296 -926882.12 -174893.20
V 2304 -926884.20 -174900.95
V 2312 -926884.20 -174971.95
V 2320 -926882.12 -174979.70
V 2328 -926876.45 -174985.37
V 2336 -926868.70 -174987.45
V 2344 -926769.20 -174987.45
V 2352 -926769.20 -175027.45
V 2360 -926868.70 -175027.45
V 2368 -926876.45 -175029.53
V 2376 -926882.12 -175035.20
V 2384 -926884.20 -175042.95
V 2392 -926884.20 -175113.95
V 2400 -926882.12 -175121.70
V 2408 -926876.45 -175127.37
V 2416 -926868.70 -175129.45
V 2424 -926769.20 -175129.45
V 2432 -926769.20 -175169.45
V 2440 -926868.70 -175169.45
V 2448 -926876.45 -175171.53
V 2456 -926882.12 -175177.20
V 2464 -926884.20 -175184.95
V 2472 -926884.20 -175255.95
V 2480 -926882.12 -175263.70
V 2488 -926876.45 -175269.37
V 2496 -926868.70 -175271.45
V 2504 -926769.20 -175271.45
V 2512 -926769.20 -175311.45
V 2520 -926868.70 -175311.45
V 2528 -926876.45 -175313.53
V 2536 -926882.12 -175319.20
V 2544 -926884.20 -175326.95
V 2552 -926884.20 -175397.95
V 2560 -926882.12 -175405.70
V 2568 -926876.45 -175411.37
V 2576 -926868.70 -175413.45
V 2584 -926769.20 -175413.45
V 2592 -926769.20 -175453.45
V 2600 -926868.70 -175453.45
V 2608 -926876.45 -175455.53
V 2616 -926882.12 -175461.20
V 2624 -926884.20 -175468.95
V 2632 -926884.20 -175539.95
V 2640 -926882.12 -175547.70
V 2648 -926876.45 -175553.37
V 2656 -926868.70 -175555.45
V 2664 -926769.20 -175555.45
V 2672 -926769.20 -175595.45
V 2680 -926868.70 -175595.45
V 2688 -926876.45 -175597.53
V 2696 -926882.12 -175603.20
V 2704 -926884.20 -175610.95
V 2712 -926884.20 -175681.95
V 2720 -926882.12 -175689.70
V 2728 -926876.45 -175695.37
V 2736 -926868.70 -175697.45
V 2744 -926769.20 -175697.45
V 2752 -926769.20 -175737.45
V 2760 -926868.70 -175737.45
V 2768 -926876.45 -175739.53
V 2776 -926882.12 -175745.20
V 2784 -926884.20 -175752.95
V 2792 -926884.20 -175823.95
V 2800 -926882.12 -175831.70
V 2808 -926876.45 -175837.37
V 2816 -926868.70 -175839.45
V 2824 -926769.20 -175839.45
V 2832 -926769.20 -175879.45
V 2840 -926868.70 -175879.45
V 2848 -926876.45 -175881.53
V 2856 -926882.12 -175887.20
V 2864 -926884.20 -175894.95
V 2872 -926884.20 -175965.95
V 2880 -926882.12 -175973.70
V 2888 -926876.45 -175979.37
V 2896 -926868.70 -175981.45
V 2904 -926769.20 -175981.45
V 2912 -926769.20 -176021.45
V 2920 -926868.70 -176021.45
V 2928 -926876.45 -176023.53
V 2936 -926882.12 -176029.20
V 2944 -926884.20 -176036.95
V 2952 -926884.20 -176107.95
V 2960 -926882.12 -176115.70
V 2968 -926876.45 -176121.37
V 2976 -926868.70 -176123.45
V 2984 -926769.20 -176123.45
V 2992 -926769.20 -176163.45
V 3000 -926868.70 -176163.45
V 3008 -926876.45 -176165.53
V 3016 -926882.12 -176171.20
V 3024 -926884.20 -176178.95
V 3032 -926884.20 -176249.95
V 3040 -926882.12 -176257.70
V 3048 -926876.45 -176263.37
V 3056 -926868.70 -176265.45
V 3064 -926769.20 -176265.45
V 3072 -926769.20 -176305.45
V 3080 -926868.70 -176305.45
V 3088 -926876.45 -176307.53
V 3096 -926882.12 -176313.20
V 3104 -926884.20 -176320.95
V 3112 -926884.20 -176391.95
V 3120 -926882.12 -176399.70
V 3128 -926876.45 -176405.37
V 3136 -926868.70 -176407.45
V 3144 -926769.20 -176407.45
V 3152 -926769.20 -176447.45
V 3160 -926868.70 -176447.45
V 3168 -926876.45 -176449.53
V 3176 -926882.12 -176455.20
V 3184 -926884.20 -176462.95
V 3192 -926884.20 -176533.95
V 3200 -926882.12 -176541.70
V 3208 -926876.45 -176547.37
V 3216 -926868.70 -176549.45
V 3224 -926769.20 -176549.45
V 3232 -926769.20 -176589.45
V 3240 -926868.70 -176589.45
V 3248 -926876.45 -176591.53
V 3256 -926882.12 -176597.20
V 3264 -926884.20 -176604.95
V 3272 -926884.20 -176675.95
V 3280 -926882.12 -176683.70
V 3288 -926876.45 -176689.37
V 3296 -926868.70 -176691.45
V 3304 -926769.20 -176691.45
V 3312 -926769.20 -176731.45
V 3320 -926868.70 -176731.45
V 3328 -926876.45 -176733.53
V 3336 -926882.12 -176739.20
V 3344 -926884.20 -176746.95
V 3352 -926884.20 -176817.95
V 3360 -926882.12 -176825.70
V 3368 -926876.45 -176831.37
V 3376 -926868.70 -176833.45
V 3384 -926769.20 -176833.45
V 3392 -926769.20 -176873.45
V 3400 -926868.70 -176873.45
V 3408 -926876.45 -176875.53
V 3416 -926882.12 -176881.20
V 3424 -926884.20 -176888.95
V 3432 -926884.20 -176959.95
V 3440 -926882.12 -176967.70
V 3448 -926876.45 -176973.37
V 3456 -926868.70 -176975.45
V 3464 -926769.20 -176975.45
V 3472 -926769.20 -177015.45
V 3480 -926868.70 -177015.45
V 3488 -926876.45 -177017.53
V 3496 -926882.12 -177023.20
V 3504 -926884.20 -177030.95
V 3512 -926884.20 -177101.95
V 3520 -926882.12 -177109.70
V 3528 -926876.45 -177115.37
V 3536 -926868.70 -177117.45
V 3544 -926769.20 -177117.45
V 3552 -926769.20 -177157.45
V 3560 -926868.70 -177157.45
V 3568 -926876.45 -177159.53
V 3576 -926882.12 -177165.20
V 3584 -926884.20 -177172.95
V 3592 -926884.20 -177243.95
V 3600 -926882.12 -177251.70
V 3608 -926876.45 -177257.37
V 3616 -926868.70 -177259.45
V 3624 -926769.20 -177259.45
V 3632 -926769.20 -177299.45
V 3640 -926868.70 -177299.45
V 3648 -926876.45 -177301.53
V 3656 -926882.12 -177307.20
V 3664 -926884.20 -177314.95
V 3672 -926884.20 -177385.95
V 3680 -926882.12 -177393.70
V 3688 -926876.45 -177399.37
V 3696 -926868.70 -177401.45
V 3704 -926769.20 -177401.45
V 3712 -926769.20 -177441.45
V 3720 -926868.70 -177441.45
V 3728 -926876.45 -177443.53
V 3736 -926882.12 -177449.20
V 3744 -926884.20 -177456.95
V 3752 -926884.20 -177527.95
V 3760 -926882.12 -177535.70
V 3768 -926876.45 -177541.37
V 3776 -926868.70 -177543.45
V 3784 -926769.20 -177543.45
V 3792 -926769.20 -177583.45
V 3800 -926868.70 -177583.45
V 3808 -926876.45 -177585.53
V 3816 -926882.12 -177591.20
V 3824 -926884.20 -177598.95
V 3832 -926884.20 -177669.95
V 3840 -926882.12 -177677.70
V 3848 -926876.45 -177683.37
V 3856 -926868.70 -177685.45
V 3864 -926769.20 -177685.45
V 3872 -926769.20 -177725.45
V 3880 -926868.70 -177725.45
V 3888 -926876.45 -177727.53
V 3896 -926882.12 -177733.20
V 3904 -926884.20 -177740.95
V 3912 -926884.20 -177811.95
V 3920 -926882.12 -177819.70
V 3928 -926876.45 -177825.37
V 3936 -926868.70 -177827.45
V 3944 -926769.20 -177827.45
V 3952 -926769.20 -177867.45
V 3960 -926868.70 -177867.45
V 3968 -926876.45 -177869.53
V 3976 -926882.12 -177875.20
V 3984 -926884.20 -177882.95
V 3992 -926884.20 -177953.95
V 4000 -926882.12 -177961.70
V 4008 -926876.45 -177967.37
V 4016 -926868.70 -177969.45
V 4024 -926769.20 -177969.45
V 4032 -926769.20 -178009.45
V 4040 -926868.70 -178009.45
V 4048 -926876.45 -178011.53
V 4056 -926882.12 -178017.20
V 4064 -926884.20 -178024.95
V 4072 -926884.20 -178095.95
V 4080 -926882.12 -178103.70
V 4088 -926876.45 -178109.37
V 4096 -926868.70 -178111.45
V 4104 -926769.20 -178111.45
V 4112 -926769.20 -178151.45
V 4120 -926868.70 -178151.45
V 4128 -926876.45 -178153.53
V 4136 -926882.12 -178159.20
V 4144 -926884.20 -178166.95
V 4152 -926884.20 -178237.95
V 4160 -926882.12 -178245.70
V 4168 -926876.45 -178251.37
V 4176 -926868.70 -178253.45
V 4184 -926769.20 -178253.45
V 4192 -926769.20 -178293.45
V 4200 -926868.70 -178293.45
V 4208 -926876.45 -178295.53
V 4216 -926882.12 -178301.20
V 4224 -926884.20 -178308.95
V 4232 -926884.20 -178379.95
V 4240 -926882.12 -178387.70
V 4248 -926876.45 -178393.37
V 4256 -926868.70 -178395.45
V 4264 -926826.70 -178395.45
V 4272 -926826.70 -178404.45
V 4280 -926795.70 -178404.45
V 4288 -926795.70 -178379.95
V 4296 -926795.74 -178378.84
V 4304 -926795.86 -178377.74
V 4312 -926796.05 -178376.66
V 4320 -926796.33 -178375.58
V 4328 -926796.68 -178374.53
V 4336 -926797.10 -178373.51
V 4344 -926797.60 -178372.52
V 4352 -926798.16 -178371.57
V 4360 -926798.79 -178370.66
V 4368 -926799.49 -178369.80
V 4376 -926800.24 -178368.99
V 4384 -926801.05 -178368.24
V 4392 -926801.91 -178367.54
V 4400 -926802.82 -178366.91
V 4408 -926803.77 -178366.35
V 4416 -926804.76 -178365.85
V 4424 -926805.78 -178365.43
V 4432 -926806.83 -178365.08
V 4440 -926807.91 -178364.80
V 4448 -926808.99 -178364.61
V 4456 -926810.09 -178364.49
V 4464 -926811.20 -178364.45
V 4472 -926853.20 -178364.45
V 4480 -926853.20 -178324.45
V 4488 -926753.70 -178324.45
V 4496 -926745.95 -178322.37
V 4504 -926740.28 -178316.70
V 4512 -926738.20 -178308.95
V 4520 -926738.20 -178237.95
V 4528 -926740.28 -178230.20
V 4536 -926745.95 -178224.53
V 4544 -926753.70 -178222.45
V 4552 -926853.20 -178222.45
V 4560 -926853.20 -178182.45
V 4568 -926753.70 -178182.45
V 4576 -926745.95 -178180.37
V 4584 -926740.28 -178174.70
V 4592 -926738.20 -178166.95
V 4600 -926738.20 -178095.95
V 4608 -926740.28 -178088.20
V 4616 -926745.95 -178082.53
V 4624 -926753.70 -178080.45
V 4632 -926853.20 -178080.45
V 4640 -926853.20 -178040.45
V 4648 -926753.70 -178040.45
V 4656 -926745.95 -178038.37
V 4664 -926740.28 -178032.70
V 4672 -926738.20 -178024.95
V 4680 -926738.20 -177953.95
V 4688 -926740.28 -177946.20
V 4696 -926745.95 -177940.53
V 4704 -926753.70 -177938.45
V 4712 -926853.20 -177938.45
V 4720 -926853.20 -177898.45
V 4728 -926753.70 -177898.45
V 4736 -926745.95 -177896.37
V 4744 -926740.28 -177890.70
V 4752 -926738.20 -177882.95
V 4760 -926738.20 -177811.95
V 4768 -926740.28 -177804.20
V 4776 -926745.95 -177798.53
V 4784 -926753.70 -177796.45
V 4792 -926853.20 -177796.45
V 4800 -926853.20 -177756.45
V 4808 -926753.70 -177756.45
V 4816 -926745.95 -177754.37
V 4824 -926740.28 -177748.70
V 4832 -926738.20 -177740.95
V 4840 -926738.20 -177669.95
V 4848 -926740.28 -177662.20
V 4856 -926745.95 -177656.53
V 4864 -926753.70 -177654.45
V 4872 -926853.20 -177654.45
V 4880 -926853.20 -177614.45
V 4888 -926753.70 -177614.45
V 4896 -926745.95 -177612.37
V 4904 -926740.28 -177606.70
V 4912 -926738.20 -177598.95
V 4920 -926738.20 -177527.95
V 4928 -926740.28 -177520.20
V 4936 -926745.95 -177514.53
V 4944 -926753.70 -177512.45
V 4952 -926853.20 -177512.45
V 4960 -926853.20 -177472.45
V 4968 -926753.70 -177472.45
V 4976 -926745.95 -177470.37
V 4984 -926740.28 -177464.70
V 4992 -926738.20 -177456.95
V 5000 -926738.20 -177385.95
V 5008 -926740.28 -177378.20
V 5016 -926745.95 -177372.53
V 5024 -926753.70 -177370.45
V 5032 -926853.20 -177370.45
V 5040 -926853.20 -177330.45
V 5048 -926753.70 -177330.45
V 5056 -926745.95 -177328.37
V 5064 -926740.28 -177322.70
V 5072 -926738.20 -177314.95
V 5080 -926738.20 -177243.95
V 5088 -926740.28 -177236.20
V 5096 -926745.95 -177230.53
V 5104 -926753.70 -177228.45
V 5112 -926853.20 -177228.45
V 5120 -926853.20 -177188.45
V 5128 -926753.70 -177188.45
V 5136 -926745.95 -177186.37
V 5144 -926740.28 -177180.70
V 5152 -926738.20 -177172.95
V 5160 -926738.20 -177101.95
V 5168 -926740.28 -177094.20
V 5176 -926745.95 -177088.53
V 5184 -926753.70 -177086.45
V 5192 -926853.20 -177086.45
V 5200 -926853.20 -177046.45
V 5208 -926753.70 -177046.45
V 5216 -926745.95 -177044.37
V 5224 -926740.28 -177038.70
V 5232 -926738.20 -177030.95
V 5240 -926738.20 -176959.95
V 5248 -926740.28 -176952.20
V 5256 -926745.95 -176946.53
V 5264 -926753.70 -176944.45
V 5272 -926853.20 -176944.45
V 5280 -926853.20 -176904.45
V 5288 -926753.70 -176904.45
V 5296 -926745.95 -176902.37
V 5304 -926740.28 -176896.70
V 5312 -926738.20 -176888.95
V 5320 -926738.20 -176817.95
V 5328 -926740.28 -176810.20
V 5336 -926745.95 -176804.53
V 5344 -926753.70 -176802.45
V 5352 -926853.20 -176802.45
V 5360 -926853.20 -176762.45
V 5368 -926753.70 -176762.45
V 5376 -926745.95 -176760.37
V 5384 -926740.28 -176754.70
V 5392 -926738.20 -176746.95
V 5400 -926738.20 -176675.95
V 5408 -926740.28 -176668.20
V 5416 -926745.95 -176662.53
V 5424 -926753.70 -176660.45
V 5432 -926853.20 -176660.45
V 5440 -926853.20 -176620.45
V 5448 -926753.70 -176620.45
V 5456 -926745.95 -176618.37
V 5464 -926740.28 -176612.70
V 5472 -926738.20 -176604.95
V 5480 -926738.20 -176533.95
V 5488 -926740.28 -176526.20
V 5496 -926745.95 -176520.53
V 5504 -926753.70 -176518.45
V 5512 -926853.20 -176518.45
V 5520 -926853.20 -176478.45
V 5528 -926753.70 -176478.45
V 5536 -926745.95 -176476.37
V 5544 -926740.28 -176470.70
V 5552 -926738.20 -176462.95
V 5560 -926738.20 -176391.95
V 5568 -926740.28 -176384.20
V 5576 -926745.95 -176378.53
V 5584 -926753.70 -176376.45
V 5592 -926853.20 -176376.45
V 5600 -926853.20 -176336.45
V 5608 -926753.70 -176336.45
V 5616 -926745.95 -176334.37
V 5624 -926740.28 -176328.70
V 5632 -926738.20 -176320.95
V 5640 -926738.20 -176249.95
V 5648 -926740.28 -176242.20
V 5656 -926745.95 -176236.53
V 5664 -926753.70 -176234.45
V 5672 -926853.20 -176234.45
V 5680 -926853.20 -176194.45
V 5688 -926753.70 -176194.45
V 5696 -926745.95 -176192.37
V 5704 -926740.28 -176186.70
V 5712 -926738.20 -176178.95
V 5720 -926738.20 -176107.95
V 5728 -926740.28 -176100.20
V 5736 -926745.95 -176094.53
V 5744 -926753.70 -176092.45
V 5752 -926853.20 -176092.45
V 5760 -926853.20 -176052.45
V 5768 -926753.70 -176052.45
V 5776 -926745.95 -176050.37
V 5784 -926740.28 -176044.70
V 5792 -926738.20 -176036.95
V 5800 -926738.20 -175965.95
V 5808 -926740.28 -175958.20
V 5816 -926745.95 -175952.53
V 5824 -926753.70 -175950.45
V 5832 -926853.20 -175950.45
V 5840 -926853.20 -175910.45
V 5848 -926753.70 -175910.45
V 5856 -926745.95 -175908.37
V 5864 -926740.28 -175902.70
V 5872 -926738.20 -175894.95
V 5880 -926738.20 -175823.95
V 5888 -926740.28 -175816.20
V 5896 -926745.95 -175810.53
V 5904 -926753.70 -175808.45
V 5912 -926853.20 -175808.45
V 5920 -926853.20 -175768.45
V 5928 -926753.70 -175768.45
V 5936 -926745.95 -175766.37
V 5944 -926740.28 -175760.70
V 5952 -926738.20 -175752.95
V 5960 -926738.20 -175681.95
V 5968 -926740.28 -175674.20
V 5976 -926745.95 -175668.53
V 5984 -926753.70 -175666.45
V 5992 -926853.20 -175666.45
V 6000 -926853.20 -175626.45
V 6008 -926753.70 -175626.45
V 6016 -926745.95 -175624.37
V 6024 -926740.28 -175618.70
V 6032 -926738.20 -175610.95
V 6040 -926738.20 -175539.95
V 6048 -926740.28 -175532.20
V 6056 -926745.95 -175526.53
V 6064 -926753.70 -175524.45
V 6072 -926853.20 -175524.45
V 6080 -926853.20 -175484.45
V 6088 -926753.70 -175484.45
V 6096 -926745.95 -175482.37
V 6104 -926740.28 -175476.70
V 6112 -926738.20 -175468.95
V 6120 -926738.20 -175397.95
V 6128 -926740.28 -175390.20
V 6136 -926745.95 -175384.53
V 6144 -926753.70 -175382.45
V 6152 -926853.20 -175382.45
V 6160 -926853.20 -175342.45
V 6168 -926753.70 -175342.45
V 6176 -926745.95 -175340.37
V 6184 -926740.28 -175334.70
V 6192 -926738.20 -175326.95
V 6200 -926738.20 -175255.95
V 6208 -926740.28 -175248.20
V 6216 -926745.95 -175242.53
V 6224 -926753.70 -175240.45
V 6232 -926853.20 -175240.45
V 6240 -926853.20 -175200.45
V 6248 -926753.70 -175200.45
V 6256 -926745.95 -175198.37
V 6264 -926740.28 -175192.70
V 6272 -926738.20 -175184.95
V 6280 -926738.20 -175113.95
V 6288 -926740.28 -175106.20
V 6296 -926745.95 -175100.53
V 6304 -926753.70 -175098.45
V 6312 -926853.20 -175098.45
V 6320 -926853.20 -175058.45
V 6328 -926753.70 -175058.45
V 6336 -926745.95 -175056.37
V 6344 -926740.28 -175050.70
V 6352 -926738.20 -175042.95
V 6360 -926738.20 -174971.95
V 6368 -926740.28 -174964.20
V 6376 -926745.95 -174958.53
V 6384 -926753.70 -174956.45
V 6392 -926853.20 -174956.45
V 6400 -926853.20 -174916.45
V 6408 -926753.70 -174916.45
V 6416 -926745.95 -174914.37
V 6424 -926740.28 -174908.70
V 6432 -926738.20 -174900.95
V 6440 -926738.20 -174829.95
V 6448 -926740.28 -174822.20
V 6456 -926745.95 -174816.53
V 6464 -926753.70 -174814.45
V 6472 -926853.20 -174814.45
V 6480 -926853.20 -174774.45
V 6488 -926753.70 -174774.45
V 6496 -926745.95 -174772.37
V 6504 -926740.28 -174766.70
V 6512 -926738.20 -174758.95
V 6520 -926738.20 -174687.95
V 6528 -926740.28 -174680.20
V 6536 -926745.95 -174674.53
V 6544 -926753.70 -174672.45
V 6552 -926853.20 -174672.45
V 6560 -926853.20 -174632.45
V 6568 -926753.70 -174632.45
V 6576 -926745.95 -174630.37
V 6584 -926740.28 -174624.70
V 6592 -926738.20 -174616.95
V 6600 -926738.20 -174545.95
V 6608 -926740.28 -174538.20
V 6616 -926745.95 -174532.53
V 6624 -926753.70 -174530.45
V 6632 -926853.20 -174530.45
V 6640 -926853.20 -174490.45
V 6648 -926753.70 -174490.45
V 6656 -926745.95 -174488.37
V 6664 -926740.28 -174482.70
V 6672 -926738.20 -174474.95
V 6680 -926738.20 -174403.95
