V 0 1085836.69 45927.64
V 8 1085832.26 45965.68
V 16 1085832.25 45965.78
V 24 1085832.21 45965.99
V 32 1085825.39 45990.86
V 40 1085824.77 45997.76
V 48 1085824.53 45998.45
V 56 1085823.99 45998.94
V 64 1085823.28 45999.12
V 72 1085735.66 45999.12
V 80 1085735.66 45996.12
V 88 1085821.91 45996.12
V 96 1085822.42 45990.52
V 104 1085822.42 45990.46
V 112 1085822.43 45990.36
V 120 1085822.46 45990.25
V 128 1085822.47 45990.15
V 136 1085829.28 45965.30
V 144 1085833.86 45925.97
V 152 1085834.11 45925.29
V 160 1085834.65 45924.81
V 168 1085835.35 45924.64
V 176 1085839.86 45924.64
V 184 1085839.86 45927.64
