V 0 1085836.50 72290.59
V 8 1085831.33 72309.43
V 16 1085828.08 72345.26
V 24 1085827.84 72345.95
V 32 1085827.30 72346.44
V 40 1085826.59 72346.62
V 48 1085735.66 72346.62
V 56 1085735.66 72343.62
V 64 1085825.22 72343.62
V 72 1085828.36 72309.09
V 80 1085828.36 72309.03
V 88 1085828.37 72308.93
V 96 1085828.40 72308.82
V 104 1085828.41 72308.72
V 112 1085833.90 72288.69
V 120 1085834.20 72288.12
V 128 1085834.72 72287.73
V 136 1085835.35 72287.59
V 144 1085839.86 72287.59
V 152 1085839.86 72290.59
