V 0 -18966.54 -22248.14
V 1 -18967.07 -22247.79
V 2 -18967.69 -22247.70
V 3 -18968.30 -22247.87
V 4 -18977.60 -22252.77
V 5 -18991.50 -22260.07
V 6 -19005.38 -22267.16
V 7 -19019.38 -22274.26
V 8 -19033.31 -22281.23
V 9 -19033.34 -22281.24
V 10 -19047.34 -22288.14
V 11 -19061.44 -22295.04
V 12 -19089.84 -22308.44
V 13 -19089.89 -22308.47
V 14 -19118.17 -22321.42
V 15 -19118.24 -22321.44
V 16 -19132.51 -22327.83
V 17 -19132.54 -22327.84
V 18 -19132.58 -22327.87
V 19 -19146.87 -22334.12
V 20 -19146.89 -22334.12
V 21 -19146.95 -22334.14
V 22 -19161.29 -22340.32
V 23 -19161.33 -22340.34
V 24 -19161.35 -22340.34
V 25 -19190.07 -22352.51
V 26 -19219.07 -22364.31
V 27 -19219.14 -22364.34
V 28 -19219.17 -22364.36
V 29 -19233.54 -22370.06
V 30 -19233.56 -22370.07
V 31 -19262.84 -22381.30
V 32 -19262.91 -22381.33
V 33 -19262.94 -22381.34
V 34 -19292.13 -22392.26
V 35 -19292.16 -22392.27
V 36 -19292.21 -22392.29
V 37 -19306.86 -22397.57
V 38 -19306.90 -22397.58
V 39 -19321.70 -22402.78
V 40 -19351.29 -22412.98
V 41 -19351.32 -22413.00
V 42 -19366.10 -22417.86
V 43 -19366.16 -22417.87
V 44 -19366.22 -22417.90
V 45 -19380.90 -22422.76
V 46 -19380.96 -22422.77
V 47 -19395.96 -22427.57
V 48 -19395.98 -22427.58
V 49 -19410.86 -22432.27
V 50 -19410.90 -22432.29
V 51 -19425.79 -22436.85
V 52 -19425.83 -22436.86
V 53 -19440.84 -22441.36
V 54 -19440.86 -22441.37
V 55 -19455.82 -22445.76
V 56 -19455.86 -22445.77
V 57 -19455.89 -22445.78
V 58 -19470.90 -22450.05
V 59 -19486.00 -22454.25
V 60 -19516.26 -22462.47
V 61 -19516.28 -22462.48
V 62 -19531.41 -22466.36
V 63 -19531.44 -22466.37
V 64 -19531.46 -22466.37
V 65 -19546.46 -22470.24
V 66 -19561.66 -22474.04
V 67 -19578.85 -22478.09
V 68 -19592.15 -22481.24
V 69 -19607.42 -22484.73
V 70 -19638.02 -22491.33
V 71 -19653.31 -22494.53
V 72 -19684.10 -22500.73
V 73 -19699.36 -22503.61
V 74 -19699.39 -22503.61
V 75 -19699.47 -22503.62
V 76 -19714.87 -22506.42
V 77 -19730.26 -22509.12
V 78 -19745.65 -22511.72
V 79 -19761.15 -22514.32
V 80 -19776.52 -22516.70
V 81 -19791.99 -22519.11
V 82 -19792.01 -22519.11
V 83 -19807.51 -22521.31
V 84 -19823.11 -22523.51
V 85 -19854.10 -22527.51
V 86 -19869.63 -22529.40
V 87 -19869.69 -22529.41
V 88 -19869.72 -22529.42
V 89 -19885.07 -22531.10
V 90 -19885.09 -22531.10
V 91 -19885.19 -22531.11
V 92 -19885.22 -22531.12
V 93 -19900.67 -22532.80
V 94 -19900.69 -22532.80
V 95 -19900.79 -22532.81
V 96 -19900.82 -22532.82
V 97 -19916.25 -22534.40
V 98 -19916.29 -22534.40
V 99 -19916.39 -22534.41
V 100 -19916.43 -22534.42
V 101 -19931.84 -22535.90
V 102 -19931.89 -22535.90
V 103 -19931.99 -22535.91
V 104 -19932.03 -22535.92
V 105 -19947.42 -22537.30
V 106 -19947.49 -22537.30
V 107 -19947.59 -22537.31
V 108 -19947.63 -22537.32
V 109 -19963.00 -22538.60
V 110 -19963.12 -22538.60
V 111 -19978.72 -22539.80
V 112 -19994.31 -22540.90
V 113 -20010.00 -22541.90
V 114 -20025.60 -22542.80
V 115 -20041.28 -22543.60
V 116 -20041.31 -22543.60
V 117 -20056.87 -22544.30
V 118 -20056.91 -22544.30
V 119 -20072.57 -22545.00
V 120 -20072.61 -22545.00
V 121 -20088.15 -22545.50
V 122 -20088.21 -22545.50
V 123 -20103.84 -22545.90
V 124 -20103.91 -22545.90
V 125 -20119.44 -22546.30
V 126 -20119.50 -22546.30
V 127 -20150.82 -22546.70
V 128 -20182.08 -22546.70
V 129 -20197.60 -22546.50
V 130 -20197.68 -22546.50
V 131 -20213.30 -22546.30
V 132 -20213.36 -22546.30
V 133 -20228.99 -22545.90
V 134 -20229.06 -22545.90
V 135 -20244.59 -22545.50
V 136 -20244.65 -22545.50
V 137 -20260.29 -22545.00
V 138 -20260.33 -22545.00
V 139 -20275.89 -22544.30
V 140 -20275.93 -22544.30
V 141 -20291.59 -22543.60
V 142 -20291.62 -22543.60
V 143 -20307.20 -22542.80
V 144 -20322.90 -22541.90
V 145 -20338.49 -22540.90
V 146 -20354.08 -22539.80
V 147 -20369.68 -22538.60
V 148 -20369.80 -22538.60
V 149 -20385.17 -22537.32
V 150 -20385.21 -22537.31
V 151 -20385.31 -22537.30
V 152 -20385.38 -22537.30
V 153 -20400.77 -22535.92
V 154 -20400.81 -22535.91
V 155 -20400.91 -22535.90
V 156 -20400.96 -22535.90
V 157 -20416.37 -22534.42
V 158 -20416.41 -22534.41
V 159 -20416.51 -22534.40
V 160 -20416.55 -22534.40
V 161 -20431.98 -22532.82
V 162 -20432.01 -22532.81
V 163 -20432.11 -22532.80
V 164 -20432.13 -22532.80
V 165 -20463.18 -22529.42
V 166 -20463.21 -22529.41
V 167 -20463.26 -22529.40
V 168 -20478.70 -22527.51
V 169 -20494.21 -22525.51
V 170 -20509.79 -22523.51
V 171 -20540.79 -22519.11
V 172 -20540.81 -22519.11
V 173 -20571.75 -22514.32
V 174 -20602.54 -22509.12
V 175 -20618.03 -22506.42
V 176 -20633.43 -22503.62
V 177 -20633.51 -22503.61
V 178 -20633.54 -22503.61
V 179 -20648.80 -22500.73
V 180 -20664.10 -22497.63
V 181 -20679.49 -22494.53
V 182 -20694.78 -22491.33
V 183 -20725.38 -22484.73
V 184 -20740.66 -22481.24
V 185 -20755.95 -22477.64
V 186 -20771.14 -22474.04
V 187 -20786.34 -22470.24
V 188 -20801.42 -22466.38
V 189 -20801.44 -22466.37
V 190 -20816.54 -22462.47
V 191 -20816.56 -22462.47
V 192 -20816.61 -22462.45
V 193 -20831.81 -22458.35
V 194 -20846.90 -22454.25
V 195 -20862.00 -22450.05
V 196 -20876.91 -22445.78
V 197 -20876.94 -22445.77
V 198 -20876.98 -22445.76
V 199 -20892.03 -22441.37
V 200 -20906.97 -22436.86
V 201 -20907.01 -22436.85
V 202 -20921.90 -22432.29
V 203 -20921.94 -22432.27
V 204 -20936.92 -22427.58
V 205 -20936.94 -22427.57
V 206 -20951.84 -22422.77
V 207 -20951.90 -22422.76
V 208 -20966.68 -22417.90
V 209 -20966.74 -22417.87
V 210 -20966.80 -22417.86
V 211 -20981.48 -22413.00
V 212 -20981.51 -22412.98
V 213 -20996.41 -22407.88
V 214 -21011.24 -22402.77
V 215 -21011.28 -22402.76
V 216 -21025.92 -22397.58
V 217 -21025.94 -22397.57
V 218 -21025.96 -22397.57
V 219 -21040.69 -22392.29
V 220 -21040.74 -22392.27
V 221 -21040.76 -22392.26
V 222 -21055.15 -22386.84
V 223 -21055.27 -22386.80
V 224 -21055.29 -22386.79
V 225 -21055.34 -22386.77
V 226 -21055.37 -22386.76
V 227 -21069.86 -22381.34
V 228 -21069.97 -22381.30
V 229 -21069.99 -22381.29
V 230 -21070.04 -22381.27
V 231 -21070.06 -22381.27
V 232 -21084.55 -22375.74
V 233 -21084.60 -22375.73
V 234 -21084.66 -22375.70
V 235 -21099.26 -22370.10
V 236 -21113.66 -22364.34
V 237 -21113.69 -22364.33
V 238 -21113.73 -22364.31
V 239 -21142.73 -22352.51
V 240 -21157.13 -22346.46
V 241 -21157.16 -22346.44
V 242 -21157.21 -22346.42
V 243 -21171.55 -22340.34
V 244 -21171.57 -22340.34
V 245 -21171.61 -22340.32
V 246 -21185.95 -22334.14
V 247 -21186.01 -22334.12
V 248 -21186.03 -22334.12
V 249 -21200.22 -22327.87
V 250 -21200.26 -22327.84
V 251 -21200.29 -22327.83
V 252 -21214.54 -22321.45
V 253 -21228.88 -22314.93
V 254 -21228.93 -22314.92
V 255 -21243.01 -22308.47
V 256 -21243.06 -22308.44
V 257 -21257.26 -22301.74
V 258 -21257.33 -22301.72
V 259 -21271.29 -22295.08
V 260 -21271.34 -22295.05
V 261 -21299.56 -22281.24
V 262 -21299.59 -22281.23
V 263 -21313.52 -22274.26
V 264 -21327.42 -22267.16
V 265 -21341.40 -22260.07
V 266 -21355.30 -22252.77
V 267 -21369.08 -22245.48
V 268 -21382.88 -22237.98
V 269 -21396.58 -22230.48
V 270 -21396.66 -22230.44
V 271 -21423.95 -22215.30
V 272 -21437.55 -22207.50
V 273 -21451.05 -22199.70
V 274 -21477.98 -22183.75
V 275 -21478.00 -22183.73
V 276 -21478.02 -22183.72
V 277 -21491.40 -22175.63
V 278 -21491.42 -22175.62
V 279 -21504.78 -22167.44
V 280 -21504.81 -22167.42
V 281 -21518.09 -22159.23
V 282 -21544.49 -22142.43
V 283 -21544.52 -22142.42
V 284 -21557.67 -22133.96
V 285 -21557.70 -22133.93
V 286 -21557.74 -22133.91
V 287 -21583.80 -22116.80
V 288 -21583.83 -22116.79
V 289 -21583.86 -22116.76
V 290 -21583.90 -22116.73
V 291 -21583.92 -22116.72
V 292 -21596.74 -22108.04
V 293 -21596.76 -22108.03
V 294 -21596.85 -22107.96
V 295 -21609.75 -22099.16
V 296 -21609.80 -22099.13
V 297 -21609.83 -22099.12
V 298 -21622.52 -22090.36
V 299 -21622.54 -22090.34
V 300 -21622.62 -22090.29
V 301 -21622.64 -22090.27
V 302 -21648.24 -22072.27
V 303 -21648.30 -22072.23
V 304 -21673.51 -22053.97
V 305 -21673.54 -22053.94
V 306 -21673.61 -22053.89
V 307 -21698.73 -22035.35
V 308 -21698.75 -22035.33
V 309 -21698.81 -22035.29
V 310 -21711.21 -22025.87
V 311 -21711.24 -22025.84
V 312 -21711.30 -22025.80
V 313 -21723.60 -22016.38
V 314 -21723.64 -22016.34
V 315 -21736.08 -22006.71
V 316 -21748.32 -21997.06
V 317 -21748.34 -21997.04
V 318 -21748.37 -21997.02
V 319 -21748.42 -21996.99
V 320 -21760.47 -21987.41
V 321 -21760.54 -21987.34
V 322 -21760.58 -21987.31
V 323 -21784.90 -21967.58
V 324 -21784.94 -21967.54
V 325 -21784.98 -21967.51
V 326 -21797.00 -21957.69
V 327 -21797.04 -21957.64
V 328 -21809.04 -21947.54
V 329 -21809.09 -21947.51
V 330 -21820.86 -21937.52
V 331 -21820.95 -21937.43
V 332 -21832.82 -21927.26
V 333 -21832.84 -21927.24
V 334 -21832.89 -21927.21
V 335 -21844.65 -21917.03
V 336 -21844.74 -21916.94
V 337 -21856.41 -21906.67
V 338 -21856.44 -21906.64
V 339 -21856.46 -21906.63
V 340 -21868.10 -21896.28
V 341 -21868.14 -21896.24
V 342 -21868.16 -21896.23
V 343 -21879.80 -21885.78
V 344 -21879.84 -21885.74
V 345 -21879.86 -21885.73
V 346 -21902.78 -21864.60
V 347 -21902.84 -21864.54
V 348 -21914.28 -21853.90
V 349 -21914.34 -21853.84
V 350 -21925.67 -21843.21
V 351 -21925.74 -21843.14
V 352 -21936.96 -21832.32
V 353 -21937.04 -21832.24
V 354 -21948.15 -21821.43
V 355 -21948.24 -21821.34
V 356 -21959.34 -21810.43
V 357 -21970.43 -21799.43
V 358 -21981.43 -21788.34
V 359 -21992.34 -21777.24
V 360 -21992.43 -21777.15
V 361 -22003.24 -21766.04
V 362 -22003.32 -21765.96
V 363 -22014.03 -21754.75
V 364 -22014.11 -21754.67
V 365 -22024.83 -21743.35
V 366 -22024.90 -21743.28
V 367 -22035.53 -21731.85
V 368 -22035.60 -21731.78
V 369 -22056.73 -21708.86
V 370 -22056.74 -21708.84
V 371 -22056.78 -21708.80
V 372 -22067.23 -21697.16
V 373 -22067.24 -21697.14
V 374 -22067.28 -21697.10
V 375 -22077.63 -21685.46
V 376 -22077.64 -21685.44
V 377 -22077.67 -21685.41
V 378 -22087.93 -21673.75
V 379 -22088.03 -21673.65
V 380 -22098.21 -21661.89
V 381 -22098.24 -21661.84
V 382 -22098.26 -21661.82
V 383 -22108.43 -21649.95
V 384 -22108.52 -21649.86
V 385 -22118.51 -21638.09
V 386 -22118.54 -21638.04
V 387 -22128.64 -21626.04
V 388 -22128.69 -21626.00
V 389 -22138.51 -21613.98
V 390 -22138.54 -21613.94
V 391 -22138.58 -21613.90
V 392 -22158.31 -21589.58
V 393 -22158.34 -21589.54
V 394 -22158.41 -21589.47
V 395 -22167.99 -21577.42
V 396 -22168.02 -21577.37
V 397 -22168.04 -21577.34
V 398 -22168.06 -21577.32
V 399 -22177.71 -21565.08
V 400 -22187.34 -21552.64
V 401 -22187.38 -21552.60
V 402 -22196.80 -21540.30
V 403 -22196.84 -21540.24
V 404 -22196.87 -21540.21
V 405 -22206.29 -21527.81
V 406 -22206.33 -21527.75
V 407 -22206.35 -21527.73
V 408 -22224.89 -21502.61
V 409 -22224.94 -21502.54
V 410 -22224.97 -21502.51
V 411 -22243.23 -21477.30
V 412 -22243.27 -21477.24
V 413 -22261.27 -21451.64
V 414 -22261.29 -21451.62
V 415 -22261.34 -21451.54
V 416 -22261.36 -21451.52
V 417 -22270.12 -21438.83
V 418 -22270.13 -21438.80
V 419 -22270.16 -21438.76
V 420 -22275.42 -21431.02
V 421 -22275.43 -21431.00
V 422 -22275.49 -21430.92
V 423 -22275.54 -21430.84
V 424 -24855.94 -18850.44
V 425 -24858.06 -18852.56
V 426 -22277.86 -21432.76
V 427 -22272.68 -21440.38
V 428 -22272.67 -21440.40
V 429 -22272.61 -21440.48
V 430 -22272.56 -21440.56
V 431 -22272.54 -21440.58
V 432 -22263.78 -21453.27
V 433 -22263.77 -21453.30
V 434 -22263.73 -21453.36
V 435 -22245.73 -21478.96
V 436 -22245.71 -21478.98
V 437 -22245.66 -21479.06
V 438 -22245.63 -21479.09
V 439 -22227.37 -21504.30
V 440 -22227.27 -21504.45
V 441 -22227.25 -21504.47
V 442 -22208.71 -21529.59
V 443 -22208.69 -21529.61
V 444 -22208.66 -21529.66
V 445 -22208.63 -21529.69
V 446 -22199.20 -21542.10
V 447 -22199.16 -21542.16
V 448 -22199.12 -21542.20
V 449 -22189.70 -21554.50
V 450 -22189.69 -21554.52
V 451 -22180.09 -21566.92
V 452 -22180.07 -21566.94
V 453 -22180.06 -21566.96
V 454 -22180.04 -21566.98
V 455 -22170.38 -21579.23
V 456 -22170.36 -21579.26
V 457 -22170.29 -21579.33
V 458 -22160.71 -21591.38
V 459 -22160.66 -21591.46
V 460 -22160.62 -21591.50
V 461 -22140.89 -21615.82
V 462 -22140.82 -21615.91
V 463 -22130.99 -21627.92
V 464 -22130.96 -21627.96
V 465 -22120.81 -21640.01
V 466 -22120.78 -21640.04
V 467 -22110.79 -21651.81
V 468 -22110.76 -21651.86
V 469 -22110.74 -21651.88
V 470 -22100.57 -21663.75
V 471 -22100.47 -21663.85
V 472 -22090.29 -21675.61
V 473 -22090.26 -21675.66
V 474 -22090.23 -21675.69
V 475 -22079.96 -21687.36
V 476 -22079.92 -21687.40
V 477 -22069.57 -21699.04
V 478 -22069.56 -21699.06
V 479 -22069.52 -21699.10
V 480 -22059.07 -21710.74
V 481 -22059.06 -21710.76
V 482 -22059.00 -21710.82
V 483 -22037.87 -21733.74
V 484 -22037.86 -21733.76
V 485 -22037.80 -21733.82
V 486 -22027.16 -21745.26
V 487 -22027.09 -21745.33
V 488 -22016.36 -21756.66
V 489 -22016.28 -21756.74
V 490 -22005.56 -21767.96
V 491 -22005.47 -21768.05
V 492 -21994.66 -21779.16
V 493 -21994.57 -21779.25
V 494 -21983.66 -21790.36
V 495 -21983.57 -21790.46
V 496 -21972.56 -21801.57
V 497 -21961.46 -21812.57
V 498 -21961.36 -21812.66
V 499 -21950.25 -21823.57
V 500 -21950.16 -21823.66
V 501 -21939.05 -21834.47
V 502 -21938.95 -21834.57
V 503 -21927.74 -21845.38
V 504 -21927.65 -21845.47
V 505 -21916.33 -21856.09
V 506 -21916.25 -21856.17
V 507 -21904.82 -21866.80
V 508 -21904.76 -21866.86
V 509 -21904.74 -21866.87
V 510 -21881.82 -21888.00
V 511 -21881.76 -21888.06
V 512 -21881.74 -21888.07
V 513 -21870.10 -21898.52
V 514 -21870.06 -21898.56
V 515 -21870.04 -21898.57
V 516 -21858.40 -21908.92
V 517 -21858.35 -21908.97
V 518 -21846.69 -21919.23
V 519 -21846.66 -21919.26
V 520 -21846.61 -21919.29
V 521 -21834.85 -21929.47
V 522 -21834.75 -21929.57
V 523 -21822.88 -21939.74
V 524 -21822.86 -21939.76
V 525 -21822.81 -21939.79
V 526 -21811.04 -21949.78
V 527 -21810.96 -21949.86
V 528 -21798.96 -21959.96
V 529 -21798.92 -21959.99
V 530 -21786.86 -21969.86
V 531 -21786.82 -21969.89
V 532 -21762.50 -21989.62
V 533 -21762.46 -21989.66
V 534 -21762.38 -21989.71
V 535 -21750.33 -21999.29
V 536 -21750.26 -21999.36
V 537 -21750.23 -21999.38
V 538 -21737.98 -22009.04
V 539 -21737.96 -22009.06
V 540 -21737.94 -22009.07
V 541 -21737.92 -22009.09
V 542 -21725.52 -22018.69
V 543 -21725.50 -22018.70
V 544 -21713.20 -22028.12
V 545 -21713.16 -22028.16
V 546 -21713.10 -22028.20
V 547 -21700.69 -22037.63
V 548 -21700.66 -22037.66
V 549 -21700.61 -22037.69
V 550 -21700.59 -22037.71
V 551 -21675.47 -22056.25
V 552 -21675.45 -22056.27
V 553 -21675.30 -22056.37
V 554 -21650.09 -22074.63
V 555 -21650.06 -22074.66
V 556 -21649.98 -22074.71
V 557 -21649.96 -22074.73
V 558 -21624.36 -22092.73
V 559 -21624.30 -22092.77
V 560 -21624.27 -22092.78
V 561 -21611.58 -22101.54
V 562 -21611.56 -22101.56
V 563 -21611.45 -22101.64
V 564 -21598.55 -22110.44
V 565 -21598.50 -22110.47
V 566 -21598.48 -22110.48
V 567 -21585.66 -22119.16
V 568 -21585.64 -22119.17
V 569 -21585.54 -22119.24
V 570 -21585.50 -22119.27
V 571 -21585.46 -22119.29
V 572 -21559.40 -22136.40
V 573 -21559.37 -22136.41
V 574 -21559.30 -22136.47
V 575 -21559.28 -22136.48
V 576 -21546.13 -22144.94
V 577 -21546.11 -22144.97
V 578 -21519.71 -22161.77
V 579 -21519.69 -22161.78
V 580 -21506.39 -22169.98
V 581 -21493.02 -22178.16
V 582 -21492.98 -22178.18
V 583 -21479.60 -22186.27
V 584 -21479.56 -22186.29
V 585 -21452.62 -22202.25
V 586 -21452.60 -22202.27
V 587 -21439.05 -22210.10
V 588 -21425.45 -22217.90
V 589 -21398.02 -22233.12
V 590 -21384.32 -22240.62
V 591 -21370.50 -22248.13
V 592 -21356.70 -22255.43
V 593 -21342.78 -22262.74
V 594 -21328.78 -22269.84
V 595 -21314.84 -22276.96
V 596 -21314.81 -22276.97
V 597 -21300.86 -22283.95
V 598 -21272.64 -22297.76
V 599 -21272.57 -22297.78
V 600 -21258.61 -22304.42
V 601 -21258.54 -22304.46
V 602 -21244.34 -22311.16
V 603 -21244.27 -22311.18
V 604 -21230.19 -22317.63
V 605 -21230.14 -22317.66
V 606 -21215.82 -22324.17
V 607 -21201.54 -22330.56
V 608 -21201.47 -22330.58
V 609 -21187.28 -22336.83
V 610 -21187.24 -22336.86
V 611 -21187.20 -22336.88
V 612 -21172.85 -22343.06
V 613 -21172.79 -22343.08
V 614 -21158.45 -22349.16
V 615 -21158.43 -22349.16
V 616 -21158.39 -22349.18
V 617 -21143.97 -22355.24
V 618 -21143.94 -22355.26
V 619 -21143.87 -22355.29
V 620 -21114.87 -22367.09
V 621 -21100.44 -22372.86
V 622 -21100.41 -22372.87
V 623 -21100.36 -22372.89
V 624 -21100.34 -22372.90
V 625 -21085.74 -22378.50
V 626 -21085.71 -22378.51
V 627 -21085.66 -22378.53
V 628 -21085.64 -22378.53
V 629 -21071.15 -22384.06
V 630 -21071.10 -22384.07
V 631 -21071.03 -22384.10
V 632 -21071.01 -22384.11
V 633 -21070.96 -22384.13
V 634 -21070.93 -22384.14
V 635 -21056.44 -22389.56
V 636 -21056.33 -22389.60
V 637 -21056.31 -22389.61
V 638 -21056.26 -22389.63
V 639 -21056.24 -22389.64
V 640 -21041.85 -22395.06
V 641 -21041.73 -22395.10
V 642 -21041.71 -22395.11
V 643 -21041.68 -22395.12
V 644 -21041.66 -22395.13
V 645 -21041.64 -22395.13
V 646 -21026.91 -22400.41
V 647 -21026.86 -22400.43
V 648 -21026.82 -22400.44
V 649 -21012.22 -22405.60
V 650 -21012.19 -22405.62
V 651 -20997.39 -22410.72
V 652 -20982.46 -22415.83
V 653 -20982.40 -22415.84
V 654 -20967.72 -22420.70
V 655 -20967.66 -22420.73
V 656 -20967.60 -22420.74
V 657 -20952.82 -22425.60
V 658 -20952.76 -22425.63
V 659 -20937.83 -22430.44
V 660 -20922.88 -22435.12
V 661 -20922.86 -22435.13
V 662 -20922.79 -22435.15
V 663 -20907.90 -22439.71
V 664 -20907.86 -22439.73
V 665 -20892.93 -22444.24
V 666 -20877.87 -22448.63
V 667 -20877.84 -22448.64
V 668 -20877.79 -22448.64
V 669 -20862.89 -22452.92
V 670 -20862.80 -22452.95
V 671 -20847.70 -22457.15
V 672 -20832.59 -22461.25
V 673 -20817.39 -22465.35
V 674 -20802.36 -22469.23
V 675 -20802.34 -22469.23
V 676 -20802.28 -22469.25
V 677 -20787.18 -22473.12
V 678 -20787.16 -22473.13
V 679 -20787.06 -22473.16
V 680 -20771.86 -22476.96
V 681 -20756.65 -22480.56
V 682 -20741.34 -22484.16
V 683 -20726.02 -22487.67
V 684 -20695.42 -22494.27
V 685 -20680.11 -22497.47
V 686 -20664.70 -22500.57
V 687 -20649.40 -22503.67
V 688 -20649.38 -22503.67
V 689 -20649.29 -22503.69
V 690 -20649.26 -22503.69
V 691 -20633.97 -22506.58
V 692 -20618.57 -22509.38
V 693 -20603.06 -22512.08
V 694 -20572.19 -22517.29
V 695 -20541.25 -22522.08
V 696 -20541.23 -22522.08
V 697 -20541.21 -22522.09
V 698 -20510.21 -22526.49
V 699 -20510.19 -22526.49
V 700 -20494.59 -22528.49
V 701 -20479.09 -22530.49
V 702 -20479.04 -22530.50
V 703 -20463.60 -22532.39
V 704 -20463.49 -22532.40
V 705 -20463.47 -22532.40
V 706 -20432.42 -22535.78
V 707 -20432.39 -22535.79
V 708 -20432.29 -22535.80
V 709 -20432.25 -22535.80
V 710 -20416.82 -22537.38
V 711 -20416.79 -22537.39
V 712 -20416.69 -22537.40
V 713 -20416.64 -22537.40
V 714 -20401.23 -22538.88
V 715 -20401.19 -22538.89
V 716 -20401.09 -22538.90
V 717 -20401.02 -22538.90
V 718 -20385.63 -22540.28
V 719 -20385.59 -22540.29
V 720 -20385.49 -22540.30
V 721 -20385.40 -22540.30
V 722 -20370.03 -22541.58
V 723 -20369.99 -22541.59
V 724 -20369.92 -22541.60
V 725 -20354.32 -22542.80
V 726 -20338.71 -22543.90
V 727 -20323.10 -22544.90
V 728 -20307.39 -22545.80
V 729 -20291.80 -22546.60
V 730 -20291.77 -22546.60
V 731 -20276.11 -22547.30
V 732 -20276.07 -22547.30
V 733 -20260.51 -22548.00
V 734 -20260.45 -22548.00
V 735 -20244.81 -22548.50
V 736 -20244.74 -22548.50
V 737 -20229.21 -22548.90
V 738 -20229.14 -22548.90
V 739 -20213.51 -22549.30
V 740 -20213.42 -22549.30
V 741 -20197.80 -22549.50
V 742 -20197.72 -22549.50
V 743 -20182.20 -22549.70
V 744 -20150.70 -22549.70
V 745 -20119.38 -22549.30
V 746 -20119.29 -22549.30
V 747 -20103.76 -22548.90
V 748 -20103.69 -22548.90
V 749 -20088.06 -22548.50
V 750 -20087.99 -22548.50
V 751 -20072.45 -22548.00
V 752 -20072.39 -22548.00
V 753 -20056.73 -22547.30
V 754 -20056.69 -22547.30
V 755 -20041.13 -22546.60
V 756 -20041.10 -22546.60
V 757 -20025.41 -22545.80
V 758 -20009.80 -22544.90
V 759 -19994.09 -22543.90
V 760 -19978.48 -22542.80
V 761 -19962.88 -22541.60
V 762 -19962.81 -22541.59
V 763 -19962.77 -22541.58
V 764 -19947.40 -22540.30
V 765 -19947.31 -22540.30
V 766 -19947.21 -22540.29
V 767 -19947.17 -22540.28
V 768 -19931.78 -22538.90
V 769 -19931.71 -22538.90
V 770 -19931.61 -22538.89
V 771 -19931.57 -22538.88
V 772 -19916.16 -22537.40
V 773 -19916.11 -22537.40
V 774 -19916.01 -22537.39
V 775 -19915.98 -22537.38
V 776 -19900.55 -22535.80
V 777 -19900.51 -22535.80
V 778 -19900.41 -22535.79
V 779 -19900.38 -22535.78
V 780 -19884.93 -22534.10
V 781 -19884.91 -22534.10
V 782 -19884.81 -22534.09
V 783 -19884.78 -22534.08
V 784 -19869.43 -22532.40
V 785 -19869.41 -22532.40
V 786 -19869.30 -22532.39
V 787 -19853.77 -22530.50
V 788 -19853.71 -22530.49
V 789 -19822.71 -22526.49
V 790 -19822.69 -22526.49
V 791 -19807.09 -22524.29
V 792 -19791.59 -22522.09
V 793 -19791.57 -22522.08
V 794 -19791.55 -22522.08
V 795 -19776.15 -22519.68
V 796 -19760.71 -22517.29
V 797 -19760.67 -22517.28
V 798 -19760.65 -22517.28
V 799 -19745.15 -22514.68
V 800 -19729.74 -22512.08
V 801 -19714.33 -22509.38
V 802 -19698.93 -22506.58
V 803 -19683.64 -22503.69
V 804 -19683.61 -22503.69
V 805 -19683.52 -22503.67
V 806 -19683.50 -22503.67
V 807 -19652.69 -22497.47
V 808 -19637.38 -22494.27
V 809 -19606.78 -22487.67
V 810 -19591.47 -22484.16
V 811 -19591.45 -22484.16
V 812 -19576.25 -22480.56
V 813 -19560.96 -22476.96
V 814 -19560.94 -22476.96
V 815 -19545.74 -22473.16
V 816 -19545.72 -22473.15
V 817 -19545.66 -22473.13
V 818 -19545.64 -22473.13
V 819 -19530.54 -22469.23
V 820 -19530.52 -22469.22
V 821 -19515.43 -22465.35
V 822 -19515.41 -22465.35
V 823 -19485.20 -22457.15
V 824 -19470.10 -22452.95
V 825 -19470.01 -22452.92
V 826 -19455.01 -22448.65
V 827 -19454.98 -22448.64
V 828 -19454.96 -22448.64
V 829 -19454.94 -22448.63
V 830 -19439.97 -22444.24
V 831 -19424.94 -22439.73
V 832 -19424.90 -22439.71
V 833 -19410.01 -22435.15
V 834 -19409.94 -22435.13
V 835 -19409.92 -22435.12
V 836 -19395.04 -22430.43
V 837 -19380.04 -22425.63
V 838 -19379.98 -22425.60
V 839 -19365.30 -22420.74
V 840 -19365.24 -22420.73
V 841 -19365.18 -22420.70
V 842 -19350.40 -22415.84
V 843 -19350.34 -22415.83
V 844 -19320.70 -22405.62
V 845 -19305.90 -22400.42
V 846 -19291.24 -22395.13
V 847 -19291.22 -22395.12
V 848 -19291.19 -22395.11
V 849 -19291.17 -22395.10
V 850 -19291.06 -22395.06
V 851 -19261.87 -22384.14
V 852 -19261.84 -22384.13
V 853 -19261.79 -22384.11
V 854 -19261.76 -22384.10
V 855 -19232.56 -22372.90
V 856 -19232.46 -22372.86
V 857 -19232.43 -22372.84
V 858 -19218.06 -22367.14
V 859 -19217.95 -22367.09
V 860 -19217.93 -22367.09
V 861 -19188.93 -22355.29
V 862 -19188.87 -22355.26
V 863 -19188.85 -22355.26
V 864 -19160.11 -22343.08
V 865 -19160.05 -22343.06
V 866 -19145.71 -22336.88
V 867 -19145.66 -22336.86
V 868 -19145.62 -22336.84
V 869 -19131.33 -22330.58
V 870 -19131.29 -22330.57
V 871 -19131.26 -22330.56
V 872 -19116.99 -22324.17
V 873 -19116.96 -22324.16
V 874 -19116.91 -22324.13
V 875 -19088.63 -22311.18
V 876 -19088.56 -22311.16
V 877 -19060.14 -22297.75
V 878 -19046.04 -22290.85
V 879 -19032.02 -22283.94
V 880 -19018.09 -22276.97
V 881 -19018.06 -22276.96
V 882 -19004.02 -22269.84
V 883 -18990.10 -22262.73
V 884 -18976.20 -22255.43
V 885 -18967.88 -22251.04
V 886 -17410.26 -23808.66
V 887 -17408.14 -23806.54

