V 0 -292085.64 -687937.45
V 1 -294123.10 -687199.16
V 2 -297417.59 -685846.63
V 3 -297417.61 -685846.62
V 4 -300189.88 -684578.47
V 5 -300190.34 -684578.28
V 6 -300190.80 -684578.11
V 7 -300191.28 -684577.95
V 8 -300191.75 -684577.82
V 9 -300192.24 -684577.70
V 10 -300192.73 -684577.60
V 11 -300193.22 -684577.52
V 12 -300193.71 -684577.46
V 13 -300194.20 -684577.42
V 14 -300194.70 -684577.40
V 15 -300830.76 -684577.40
V 16 -300835.66 -684578.40
V 17 -300839.78 -684581.25
V 18 -300896.87 -684640.81
V 19 -300878.83 -684658.11
V 20 -300825.43 -684602.40
V 21 -300197.68 -684602.40
V 22 -297427.75 -685869.48
V 23 -297427.29 -685869.67
V 24 -297427.23 -685869.69
V 25 -294132.68 -687222.25
V 26 -294132.66 -687222.26
V 27 -294132.20 -687222.45
V 28 -294131.89 -687222.57
V 29 -294131.85 -687222.58
V 30 -294131.76 -687222.61
V 31 -294131.74 -687222.62
V 32 -292091.98 -687961.74
V 33 -292091.50 -687961.90
V 34 -292091.03 -687962.03
V 35 -292090.54 -687962.15
V 36 -292090.05 -687962.25
V 37 -292089.56 -687962.33
V 38 -292089.07 -687962.39
V 39 -292088.58 -687962.43
V 40 -292088.08 -687962.45
V 41 -291942.60 -687962.45
V 42 -291942.60 -687937.45
