V 0 1095295.23 -80713.91
V 8 1095268.18 -80694.25
V 16 1095268.15 -80694.22
V 24 1095236.79 -80666.75
V 32 1095236.33 -80666.47
V 40 1095235.80 -80666.38
V 48 1095048.53 -80666.38
V 56 1095047.96 -80666.49
V 64 1095047.47 -80666.82
V 72 1095043.42 -80670.88
V 80 1095045.54 -80673.00
V 88 1095049.15 -80669.38
V 96 1095235.23 -80669.38
V 104 1095266.20 -80696.51
V 112 1095266.23 -80696.54
V 120 1095266.31 -80696.59
V 128 1095266.39 -80696.65
V 136 1095293.87 -80716.62
V 144 1095294.29 -80716.84
V 152 1095294.75 -80716.91
V 160 1095459.36 -80716.91
V 168 1095459.36 -80713.91
