V 0 -831725.28 -165592.20
V 8 -831730.95 -165586.53
V 16 -831738.70 -165584.45
V 24 -831803.11 -165584.45
V 32 -831803.11 -165544.45
V 40 -831796.20 -165544.45
V 48 -831795.09 -165544.41
V 56 -831793.99 -165544.29
V 64 -831792.91 -165544.10
V 72 -831791.83 -165543.82
V 80 -831790.78 -165543.47
V 88 -831789.76 -165543.05
V 96 -831788.77 -165542.55
V 104 -831787.82 -165541.99
V 112 -831786.91 -165541.36
V 120 -831786.05 -165540.66
V 128 -831785.24 -165539.91
V 136 -831784.49 -165539.10
V 144 -831783.79 -165538.24
V 152 -831783.16 -165537.33
V 160 -831782.60 -165536.38
V 168 -831782.10 -165535.39
V 176 -831781.68 -165534.37
V 184 -831781.33 -165533.32
V 192 -831781.05 -165532.24
V 200 -831780.86 -165531.16
V 208 -831780.74 -165530.06
V 216 -831780.70 -165528.95
V 224 -831780.70 -165433.75
V 232 -831782.36 -165426.76
V 240 -831787.00 -165421.28
V 248 -831793.61 -165418.47
V 256 -832588.70 -165283.46
V 264 -836554.49 -164610.06
V 272 -837612.73 -164430.37
V 280 -838224.53 -164326.48
V 288 -838397.60 -164297.10
V 296 -838633.32 -164257.07
V 304 -838874.61 -164216.10
V 312 -839124.45 -164173.67
V 320 -839339.22 -164137.21
V 328 -839589.06 -164094.78
V 336 -839803.82 -164058.32
V 344 -840045.70 -164017.24
V 352 -840243.62 -163983.64
V 360 -841465.96 -163776.08
V 368 -843861.21 -163369.37
V 376 -845712.68 -163054.98
V 384 -846031.02 -163000.93
V 392 -846892.54 -162854.64
V 400 -848888.34 -162515.75
V 408 -849095.91 -162480.50
V 416 -850367.57 -162264.57
V 424 -850892.46 -162175.44
V 432 -852250.58 -161944.83
V 440 -852390.59 -161921.06
V 448 -853075.33 -161804.79
V 456 -853385.23 -161752.16
V 464 -857638.84 -161029.89
V 472 -858239.35 -160927.93
V 480 -859612.56 -160694.75
V 488 -859781.80 -160666.01
V 496 -860817.55 -160490.14
V 504 -862470.45 -160209.48
V 512 -862911.52 -160134.58
V 520 -864725.97 -159826.48
V 528 -865006.75 -159778.81
V 536 -866843.90 -159466.86
V 544 -867902.44 -159287.11
V 552 -867909.47 -159285.92
V 560 -868721.90 -159147.97
V 568 -868851.06 -159126.04
V 576 -869526.09 -159011.41
V 584 -869761.81 -158971.39
V 592 -870003.09 -158930.42
V 600 -870252.93 -158887.99
V 608 -870467.70 -158851.53
V 616 -870519.69 -158842.70
V 624 -871526.24 -158671.78
V 632 -871621.31 -158655.64
V 640 -872088.35 -158576.34
V 648 -872622.80 -158485.58
V 656 -872790.73 -158457.07
V 664 -873221.82 -158383.87
V 672 -873412.24 -158351.54
V 680 -873523.74 -158332.60
V 688 -873595.06 -158320.50
V 696 -874426.74 -158179.27
V 704 -874636.73 -158143.62
V 712 -874878.91 -158102.50
V 720 -875101.34 -158064.73
V 728 -875553.54 -157987.94
V 736 -876288.72 -157863.11
V 744 -876507.56 -157825.95
V 752 -877068.00 -157730.78
V 760 -877068.00 -157719.35
V 768 -877099.00 -157719.35
V 776 -877099.00 -157743.87
V 784 -877098.96 -157744.96
V 792 -877098.85 -157746.04
V 800 -877098.66 -157747.11
V 808 -877098.39 -157748.16
V 816 -877098.06 -157749.20
V 824 -877097.65 -157750.20
V 832 -877097.17 -157751.18
V 840 -877096.62 -157752.12
V 848 -877096.01 -157753.02
V 856 -877095.34 -157753.87
V 864 -877094.61 -157754.68
V 872 -877093.83 -157755.43
V 880 -877092.99 -157756.13
V 888 -877092.11 -157756.76
V 896 -877091.18 -157757.33
V 904 -877090.22 -157757.84
V 912 -877089.23 -157758.27
V 920 -877088.20 -157758.64
V 928 -877087.16 -157758.93
V 936 -877086.09 -157759.15
V 944 -876887.09 -157792.94
V 952 -876512.74 -157856.51
V 960 -876293.90 -157893.67
V 968 -875558.72 -158018.50
V 976 -875106.52 -158095.29
V 984 -874884.09 -158133.06
V 992 -874641.91 -158174.18
V 1000 -874431.92 -158209.83
V 1008 -873600.24 -158351.06
V 1016 -873528.94 -158363.16
V 1024 -873417.44 -158382.10
V 1032 -873227.00 -158414.43
V 1040 -872795.91 -158487.63
V 1048 -872628.00 -158516.14
V 1056 -872261.44 -158578.39
V 1064 -872093.53 -158606.90
V 1072 -871626.49 -158686.20
V 1080 -871531.42 -158702.34
V 1088 -870524.89 -158873.26
V 1096 -870472.90 -158882.09
V 1104 -870258.13 -158918.55
V 1112 -870008.29 -158960.98
V 1120 -869766.99 -159001.95
V 1128 -869531.27 -159041.97
V 1136 -868856.24 -159156.60
V 1144 -868727.08 -159178.53
V 1152 -867914.65 -159316.48
V 1160 -867907.62 -159317.67
V 1168 -866849.08 -159497.42
V 1176 -865011.93 -159809.37
V 1184 -864731.15 -159857.04
V 1192 -862916.70 -160165.14
V 1200 -862475.63 -160240.04
V 1208 -860822.73 -160520.70
V 1216 -859787.00 -160696.57
V 1224 -859617.76 -160725.31
V 1232 -858244.53 -160958.49
V 1240 -857644.02 -161060.45
V 1248 -853390.43 -161782.72
V 1256 -853222.50 -161811.24
V 1264 -853080.51 -161835.35
V 1272 -852395.77 -161951.62
V 1280 -852255.76 -161975.39
V 1288 -850897.64 -162206.00
V 1296 -850372.75 -162295.13
V 1304 -849649.79 -162417.89
V 1312 -849101.11 -162511.06
V 1320 -848893.54 -162546.31
V 1328 -846897.72 -162885.20
V 1336 -846036.20 -163031.49
V 1344 -845717.86 -163085.54
V 1352 -843866.39 -163399.93
V 1360 -841471.14 -163806.64
V 1368 -840248.80 -164014.20
V 1376 -840050.90 -164047.80
V 1384 -839809.02 -164088.88
V 1392 -839594.26 -164125.34
V 1400 -839344.42 -164167.77
V 1408 -839129.65 -164204.23
V 1416 -838879.81 -164246.66
V 1424 -838638.52 -164287.63
V 1432 -838402.80 -164327.66
V 1440 -838229.71 -164357.04
V 1448 -837617.91 -164460.93
V 1456 -836559.67 -164640.62
V 1464 -832593.88 -165314.02
V 1472 -831811.70 -165446.84
V 1480 -831811.70 -165513.45
V 1488 -831818.61 -165513.45
V 1496 -831819.72 -165513.49
V 1504 -831820.82 -165513.61
V 1512 -831821.90 -165513.80
V 1520 -831822.98 -165514.08
V 1528 -831824.03 -165514.43
V 1536 -831825.05 -165514.85
V 1544 -831826.04 -165515.35
V 1552 -831826.99 -165515.91
V 1560 -831827.90 -165516.54
V 1568 -831828.76 -165517.24
V 1576 -831829.57 -165517.99
V 1584 -831830.32 -165518.80
V 1592 -831831.02 -165519.66
V 1600 -831831.65 -165520.57
V 1608 -831832.21 -165521.52
V 1616 -831832.71 -165522.51
V 1624 -831833.13 -165523.53
V 1632 -831833.48 -165524.58
V 1640 -831833.76 -165525.66
V 1648 -831833.95 -165526.74
V 1656 -831834.07 -165527.84
V 1664 -831834.11 -165528.95
V 1672 -831834.11 -165599.95
V 1680 -831832.03 -165607.70
V 1688 -831826.36 -165613.37
V 1696 -831818.61 -165615.45
V 1704 -831754.20 -165615.45
V 1712 -831754.20 -165655.45
V 1720 -831853.70 -165655.45
V 1728 -831861.45 -165657.53
V 1736 -831867.12 -165663.20
V 1744 -831869.20 -165670.95
V 1752 -831869.20 -165741.95
V 1760 -831867.12 -165749.70
V 1768 -831861.45 -165755.37
V 1776 -831853.70 -165757.45
V 1784 -831754.20 -165757.45
V 1792 -831754.20 -165797.45
V 1800 -831853.70 -165797.45
V 1808 -831861.45 -165799.53
V 1816 -831867.12 -165805.20
V 1824 -831869.20 -165812.95
V 1832 -831869.20 -165883.95
V 1840 -831867.12 -165891.70
V 1848 -831861.45 -165897.37
V 1856 -831853.70 -165899.45
V 1864 -831754.20 -165899.45
V 1872 -831754.20 -165939.45
V 1880 -831853.70 -165939.45
V 1888 -831861.45 -165941.53
V 1896 -831867.12 -165947.20
V 1904 -831869.20 -165954.95
V 1912 -831869.20 -166025.95
V 1920 -831867.12 -166033.70
V 1928 -831861.45 -166039.37
V 1936 -831853.70 -166041.45
V 1944 -831754.20 -166041.45
V 1952 -831754.20 -166081.45
V 1960 -831853.70 -166081.45
V 1968 -831861.45 -166083.53
V 1976 -831867.12 -166089.20
V 1984 -831869.20 -166096.95
V 1992 -831869.20 -166167.95
V 2000 -831867.12 -166175.70
V 2008 -831861.45 -166181.37
V 2016 -831853.70 -166183.45
V 2024 -831754.20 -166183.45
V 2032 -831754.20 -166223.45
V 2040 -831853.70 -166223.45
V 2048 -831861.45 -166225.53
V 2056 -831867.12 -166231.20
V 2064 -831869.20 -166238.95
V 2072 -831869.20 -166309.95
V 2080 -831867.12 -166317.70
V 2088 -831861.45 -166323.37
V 2096 -831853.70 -166325.45
V 2104 -831754.20 -166325.45
V 2112 -831754.20 -166365.45
V 2120 -831853.70 -166365.45
V 2128 -831861.45 -166367.53
V 2136 -831867.12 -166373.20
V 2144 -831869.20 -166380.95
V 2152 -831869.20 -166451.95
V 2160 -831867.12 -166459.70
V 2168 -831861.45 -166465.37
V 2176 -831853.70 -166467.45
V 2184 -831754.20 -166467.45
V 2192 -831754.20 -166507.45
V 2200 -831853.70 -166507.45
V 2208 -831861.45 -166509.53
V 2216 -831867.12 -166515.20
V 2224 -831869.20 -166522.95
V 2232 -831869.20 -166593.95
V 2240 -831867.12 -166601.70
V 2248 -831861.45 -166607.37
V 2256 -831853.70 -166609.45
V 2264 -831754.20 -166609.45
V 2272 -831754.20 -166649.45
V 2280 -831853.70 -166649.45
V 2288 -831861.45 -166651.53
V 2296 -831867.12 -166657.20
V 2304 -831869.20 -166664.95
V 2312 -831869.20 -166735.95
V 2320 -831867.12 -166743.70
V 2328 -831861.45 -166749.37
V 2336 -831853.70 -166751.45
V 2344 -831754.20 -166751.45
V 2352 -831754.20 -166791.45
V 2360 -831853.70 -166791.45
V 2368 -831861.45 -166793.53
V 2376 -831867.12 -166799.20
V 2384 -831869.20 -166806.95
V 2392 -831869.20 -166877.95
V 2400 -831867.12 -166885.70
V 2408 -831861.45 -166891.37
V 2416 -831853.70 -166893.45
V 2424 -831754.20 -166893.45
V 2432 -831754.20 -166933.45
V 2440 -831853.70 -166933.45
V 2448 -831861.45 -166935.53
V 2456 -831867.12 -166941.20
V 2464 -831869.20 -166948.95
V 2472 -831869.20 -167019.95
V 2480 -831867.12 -167027.70
V 2488 -831861.45 -167033.37
V 2496 -831853.70 -167035.45
V 2504 -831754.20 -167035.45
V 2512 -831754.20 -167075.45
V 2520 -831853.70 -167075.45
V 2528 -831861.45 -167077.53
V 2536 -831867.12 -167083.20
V 2544 -831869.20 -167090.95
V 2552 -831869.20 -167161.95
V 2560 -831867.12 -167169.70
V 2568 -831861.45 -167175.37
V 2576 -831853.70 -167177.45
V 2584 -831754.20 -167177.45
V 2592 -831754.20 -167217.45
V 2600 -831853.70 -167217.45
V 2608 -831861.45 -167219.53
V 2616 -831867.12 -167225.20
V 2624 -831869.20 -167232.95
V 2632 -831869.20 -167303.95
V 2640 -831867.12 -167311.70
V 2648 -831861.45 -167317.37
V 2656 -831853.70 -167319.45
V 2664 -831754.20 -167319.45
V 2672 -831754.20 -167359.45
V 2680 -831853.70 -167359.45
V 2688 -831861.45 -167361.53
V 2696 -831867.12 -167367.20
V 2704 -831869.20 -167374.95
V 2712 -831869.20 -167445.95
V 2720 -831867.12 -167453.70
V 2728 -831861.45 -167459.37
V 2736 -831853.70 -167461.45
V 2744 -831754.20 -167461.45
V 2752 -831754.20 -167501.45
V 2760 -831853.70 -167501.45
V 2768 -831861.45 -167503.53
V 2776 -831867.12 -167509.20
V 2784 -831869.20 -167516.95
V 2792 -831869.20 -167587.95
V 2800 -831867.12 -167595.70
V 2808 -831861.45 -167601.37
V 2816 -831853.70 -167603.45
V 2824 -831754.20 -167603.45
V 2832 -831754.20 -167643.45
V 2840 -831853.70 -167643.45
V 2848 -831861.45 -167645.53
V 2856 -831867.12 -167651.20
V 2864 -831869.20 -167658.95
V 2872 -831869.20 -167729.95
V 2880 -831867.12 -167737.70
V 2888 -831861.45 -167743.37
V 2896 -831853.70 -167745.45
V 2904 -831754.20 -167745.45
V 2912 -831754.20 -167785.45
V 2920 -831853.70 -167785.45
V 2928 -831861.45 -167787.53
V 2936 -831867.12 -167793.20
V 2944 -831869.20 -167800.95
V 2952 -831869.20 -167871.95
V 2960 -831867.12 -167879.70
V 2968 -831861.45 -167885.37
V 2976 -831853.70 -167887.45
V 2984 -831754.20 -167887.45
V 2992 -831754.20 -167927.45
V 3000 -831853.70 -167927.45
V 3008 -831861.45 -167929.53
V 3016 -831867.12 -167935.20
V 3024 -831869.20 -167942.95
V 3032 -831869.20 -168013.95
V 3040 -831867.12 -168021.70
V 3048 -831861.45 -168027.37
V 3056 -831853.70 -168029.45
V 3064 -831754.20 -168029.45
V 3072 -831754.20 -168069.45
V 3080 -831853.70 -168069.45
V 3088 -831861.45 -168071.53
V 3096 -831867.12 -168077.20
V 3104 -831869.20 -168084.95
V 3112 -831869.20 -168155.95
V 3120 -831867.12 -168163.70
V 3128 -831861.45 -168169.37
V 3136 -831853.70 -168171.45
V 3144 -831754.20 -168171.45
V 3152 -831754.20 -168211.45
V 3160 -831853.70 -168211.45
V 3168 -831861.45 -168213.53
V 3176 -831867.12 -168219.20
V 3184 -831869.20 -168226.95
V 3192 -831869.20 -168297.95
V 3200 -831867.12 -168305.70
V 3208 -831861.45 -168311.37
V 3216 -831853.70 -168313.45
V 3224 -831754.20 -168313.45
V 3232 -831754.20 -168353.45
V 3240 -831853.70 -168353.45
V 3248 -831861.45 -168355.53
V 3256 -831867.12 -168361.20
V 3264 -831869.20 -168368.95
V 3272 -831869.20 -168439.95
V 3280 -831867.12 -168447.70
V 3288 -831861.45 -168453.37
V 3296 -831853.70 -168455.45
V 3304 -831754.20 -168455.45
V 3312 -831754.20 -168495.45
V 3320 -831853.70 -168495.45
V 3328 -831861.45 -168497.53
V 3336 -831867.12 -168503.20
V 3344 -831869.20 -168510.95
V 3352 -831869.20 -168581.95
V 3360 -831867.12 -168589.70
V 3368 -831861.45 -168595.37
V 3376 -831853.70 -168597.45
V 3384 -831754.20 -168597.45
V 3392 -831754.20 -168637.45
V 3400 -831853.70 -168637.45
V 3408 -831861.45 -168639.53
V 3416 -831867.12 -168645.20
V 3424 -831869.20 -168652.95
V 3432 -831869.20 -168723.95
V 3440 -831867.12 -168731.70
V 3448 -831861.45 -168737.37
V 3456 -831853.70 -168739.45
V 3464 -831754.20 -168739.45
V 3472 -831754.20 -168779.45
V 3480 -831853.70 -168779.45
V 3488 -831861.45 -168781.53
V 3496 -831867.12 -168787.20
V 3504 -831869.20 -168794.95
V 3512 -831869.20 -168865.95
V 3520 -831867.12 -168873.70
V 3528 -831861.45 -168879.37
V 3536 -831853.70 -168881.45
V 3544 -831754.20 -168881.45
V 3552 -831754.20 -168921.45
V 3560 -831853.70 -168921.45
V 3568 -831861.45 -168923.53
V 3576 -831867.12 -168929.20
V 3584 -831869.20 -168936.95
V 3592 -831869.20 -169007.95
V 3600 -831867.12 -169015.70
V 3608 -831861.45 -169021.37
V 3616 -831853.70 -169023.45
V 3624 -831754.20 -169023.45
V 3632 -831754.20 -169063.45
V 3640 -831853.70 -169063.45
V 3648 -831861.45 -169065.53
V 3656 -831867.12 -169071.20
V 3664 -831869.20 -169078.95
V 3672 -831869.20 -169149.95
V 3680 -831867.12 -169157.70
V 3688 -831861.45 -169163.37
V 3696 -831853.70 -169165.45
V 3704 -831754.20 -169165.45
V 3712 -831754.20 -169205.45
V 3720 -831853.70 -169205.45
V 3728 -831861.45 -169207.53
V 3736 -831867.12 -169213.20
V 3744 -831869.20 -169220.95
V 3752 -831869.20 -169291.95
V 3760 -831867.12 -169299.70
V 3768 -831861.45 -169305.37
V 3776 -831853.70 -169307.45
V 3784 -831754.20 -169307.45
V 3792 -831754.20 -169347.45
V 3800 -831853.70 -169347.45
V 3808 -831861.45 -169349.53
V 3816 -831867.12 -169355.20
V 3824 -831869.20 -169362.95
V 3832 -831869.20 -169433.95
V 3840 -831867.12 -169441.70
V 3848 -831861.45 -169447.37
V 3856 -831853.70 -169449.45
V 3864 -831754.20 -169449.45
V 3872 -831754.20 -169489.45
V 3880 -831853.70 -169489.45
V 3888 -831861.45 -169491.53
V 3896 -831867.12 -169497.20
V 3904 -831869.20 -169504.95
V 3912 -831869.20 -169575.95
V 3920 -831867.12 -169583.70
V 3928 -831861.45 -169589.37
V 3936 -831853.70 -169591.45
V 3944 -831754.20 -169591.45
V 3952 -831754.20 -169631.45
V 3960 -831853.70 -169631.45
V 3968 -831861.45 -169633.53
V 3976 -831867.12 -169639.20
V 3984 -831869.20 -169646.95
V 3992 -831869.20 -169717.95
V 4000 -831867.12 -169725.70
V 4008 -831861.45 -169731.37
V 4016 -831853.70 -169733.45
V 4024 -831754.20 -169733.45
V 4032 -831754.20 -169773.45
V 4040 -831853.70 -169773.45
V 4048 -831861.45 -169775.53
V 4056 -831867.12 -169781.20
V 4064 -831869.20 -169788.95
V 4072 -831869.20 -169859.95
V 4080 -831867.12 -169867.70
V 4088 -831861.45 -169873.37
V 4096 -831853.70 -169875.45
V 4104 -831754.20 -169875.45
V 4112 -831754.20 -169915.45
V 4120 -831853.70 -169915.45
V 4128 -831861.45 -169917.53
V 4136 -831867.12 -169923.20
V 4144 -831869.20 -169930.95
V 4152 -831869.20 -170001.95
V 4160 -831867.12 -170009.70
V 4168 -831861.45 -170015.37
V 4176 -831853.70 -170017.45
V 4184 -831754.20 -170017.45
V 4192 -831754.20 -170057.45
V 4200 -831853.70 -170057.45
V 4208 -831861.45 -170059.53
V 4216 -831867.12 -170065.20
V 4224 -831869.20 -170072.95
V 4232 -831869.20 -170143.95
V 4240 -831867.12 -170151.70
V 4248 -831861.45 -170157.37
V 4256 -831853.70 -170159.45
V 4264 -831754.20 -170159.45
V 4272 -831754.20 -170199.45
V 4280 -831853.70 -170199.45
V 4288 -831861.45 -170201.53
V 4296 -831867.12 -170207.20
V 4304 -831869.20 -170214.95
V 4312 -831869.20 -170285.95
V 4320 -831867.12 -170293.70
V 4328 -831861.45 -170299.37
V 4336 -831853.70 -170301.45
V 4344 -831754.20 -170301.45
V 4352 -831754.20 -170341.45
V 4360 -831853.70 -170341.45
V 4368 -831861.45 -170343.53
V 4376 -831867.12 -170349.20
V 4384 -831869.20 -170356.95
V 4392 -831869.20 -170427.95
V 4400 -831867.12 -170435.70
V 4408 -831861.45 -170441.37
V 4416 -831853.70 -170443.45
V 4424 -831754.20 -170443.45
V 4432 -831754.20 -170483.45
V 4440 -831853.70 -170483.45
V 4448 -831861.45 -170485.53
V 4456 -831867.12 -170491.20
V 4464 -831869.20 -170498.95
V 4472 -831869.20 -170569.95
V 4480 -831867.12 -170577.70
V 4488 -831861.45 -170583.37
V 4496 -831853.70 -170585.45
V 4504 -831754.20 -170585.45
V 4512 -831754.20 -170625.45
V 4520 -831853.70 -170625.45
V 4528 -831861.45 -170627.53
V 4536 -831867.12 -170633.20
V 4544 -831869.20 -170640.95
V 4552 -831869.20 -170711.95
V 4560 -831867.12 -170719.70
V 4568 -831861.45 -170725.37
V 4576 -831853.70 -170727.45
V 4584 -831754.20 -170727.45
V 4592 -831754.20 -170767.45
V 4600 -831853.70 -170767.45
V 4608 -831861.45 -170769.53
V 4616 -831867.12 -170775.20
V 4624 -831869.20 -170782.95
V 4632 -831869.20 -170853.95
V 4640 -831867.12 -170861.70
V 4648 -831861.45 -170867.37
V 4656 -831853.70 -170869.45
V 4664 -831754.20 -170869.45
V 4672 -831754.20 -170909.45
V 4680 -831853.70 -170909.45
V 4688 -831861.45 -170911.53
V 4696 -831867.12 -170917.20
V 4704 -831869.20 -170924.95
V 4712 -831869.20 -170995.95
V 4720 -831867.12 -171003.70
V 4728 -831861.45 -171009.37
V 4736 -831853.70 -171011.45
V 4744 -831754.20 -171011.45
V 4752 -831754.20 -171051.45
V 4760 -831853.70 -171051.45
V 4768 -831861.45 -171053.53
V 4776 -831867.12 -171059.20
V 4784 -831869.20 -171066.95
V 4792 -831869.20 -171137.95
V 4800 -831867.12 -171145.70
V 4808 -831861.45 -171151.37
V 4816 -831853.70 -171153.45
V 4824 -831754.20 -171153.45
V 4832 -831754.20 -171193.45
V 4840 -831853.70 -171193.45
V 4848 -831861.45 -171195.53
V 4856 -831867.12 -171201.20
V 4864 -831869.20 -171208.95
V 4872 -831869.20 -171279.95
V 4880 -831867.12 -171287.70
V 4888 -831861.45 -171293.37
V 4896 -831853.70 -171295.45
V 4904 -831754.20 -171295.45
V 4912 -831754.20 -171335.45
V 4920 -831853.70 -171335.45
V 4928 -831861.45 -171337.53
V 4936 -831867.12 -171343.20
V 4944 -831869.20 -171350.95
V 4952 -831869.20 -171421.95
V 4960 -831867.12 -171429.70
V 4968 -831861.45 -171435.37
V 4976 -831853.70 -171437.45
V 4984 -831754.20 -171437.45
V 4992 -831754.20 -171477.45
V 5000 -831853.70 -171477.45
V 5008 -831861.45 -171479.53
V 5016 -831867.12 -171485.20
V 5024 -831869.20 -171492.95
V 5032 -831869.20 -171563.95
V 5040 -831867.12 -171571.70
V 5048 -831861.45 -171577.37
V 5056 -831853.70 -171579.45
V 5064 -831754.20 -171579.45
V 5072 -831754.20 -171619.45
V 5080 -831853.70 -171619.45
V 5088 -831861.45 -171621.53
V 5096 -831867.12 -171627.20
V 5104 -831869.20 -171634.95
V 5112 -831869.20 -171705.95
V 5120 -831867.12 -171713.70
V 5128 -831861.45 -171719.37
V 5136 -831853.70 -171721.45
V 5144 -831754.20 -171721.45
V 5152 -831754.20 -171761.45
V 5160 -831853.70 -171761.45
V 5168 -831861.45 -171763.53
V 5176 -831867.12 -171769.20
V 5184 -831869.20 -171776.95
V 5192 -831869.20 -171847.95
V 5200 -831867.12 -171855.70
V 5208 -831861.45 -171861.37
V 5216 -831853.70 -171863.45
V 5224 -831754.20 -171863.45
V 5232 -831754.20 -171903.45
V 5240 -831853.70 -171903.45
V 5248 -831861.45 -171905.53
V 5256 -831867.12 -171911.20
V 5264 -831869.20 -171918.95
V 5272 -831869.20 -171989.95
V 5280 -831867.12 -171997.70
V 5288 -831861.45 -172003.37
V 5296 -831853.70 -172005.45
V 5304 -831754.20 -172005.45
V 5312 -831754.20 -172045.45
V 5320 -831853.70 -172045.45
V 5328 -831861.45 -172047.53
V 5336 -831867.12 -172053.20
V 5344 -831869.20 -172060.95
V 5352 -831869.20 -172131.95
V 5360 -831867.12 -172139.70
V 5368 -831861.45 -172145.37
V 5376 -831853.70 -172147.45
V 5384 -831754.20 -172147.45
V 5392 -831754.20 -172187.45
V 5400 -831853.70 -172187.45
V 5408 -831861.45 -172189.53
V 5416 -831867.12 -172195.20
V 5424 -831869.20 -172202.95
V 5432 -831869.20 -172273.95
V 5440 -831867.12 -172281.70
V 5448 -831861.45 -172287.37
V 5456 -831853.70 -172289.45
V 5464 -831754.20 -172289.45
V 5472 -831754.20 -172329.45
V 5480 -831853.70 -172329.45
V 5488 -831861.45 -172331.53
V 5496 -831867.12 -172337.20
V 5504 -831869.20 -172344.95
V 5512 -831869.20 -172415.95
V 5520 -831867.12 -172423.70
V 5528 -831861.45 -172429.37
V 5536 -831853.70 -172431.45
V 5544 -831754.20 -172431.45
V 5552 -831754.20 -172471.45
V 5560 -831853.70 -172471.45
V 5568 -831861.45 -172473.53
V 5576 -831867.12 -172479.20
V 5584 -831869.20 -172486.95
V 5592 -831869.20 -172557.95
V 5600 -831867.12 -172565.70
V 5608 -831861.45 -172571.37
V 5616 -831853.70 -172573.45
V 5624 -831754.20 -172573.45
V 5632 -831754.20 -172613.45
V 5640 -831853.70 -172613.45
V 5648 -831861.45 -172615.53
V 5656 -831867.12 -172621.20
V 5664 -831869.20 -172628.95
V 5672 -831869.20 -172699.95
V 5680 -831867.12 -172707.70
V 5688 -831861.45 -172713.37
V 5696 -831853.70 -172715.45
V 5704 -831754.20 -172715.45
V 5712 -831754.20 -172755.45
V 5720 -831853.70 -172755.45
V 5728 -831861.45 -172757.53
V 5736 -831867.12 -172763.20
V 5744 -831869.20 -172770.95
V 5752 -831869.20 -172841.95
V 5760 -831867.12 -172849.70
V 5768 -831861.45 -172855.37
V 5776 -831853.70 -172857.45
V 5784 -831754.20 -172857.45
V 5792 -831754.20 -172897.45
V 5800 -831853.70 -172897.45
V 5808 -831861.45 -172899.53
V 5816 -831867.12 -172905.20
V 5824 -831869.20 -172912.95
V 5832 -831869.20 -172983.95
V 5840 -831867.12 -172991.70
V 5848 -831861.45 -172997.37
V 5856 -831853.70 -172999.45
V 5864 -831754.20 -172999.45
V 5872 -831754.20 -173039.45
V 5880 -831853.70 -173039.45
V 5888 -831861.45 -173041.53
V 5896 -831867.12 -173047.20
V 5904 -831869.20 -173054.95
V 5912 -831869.20 -173125.95
V 5920 -831867.12 -173133.70
V 5928 -831861.45 -173139.37
V 5936 -831853.70 -173141.45
V 5944 -831754.20 -173141.45
V 5952 -831754.20 -173181.45
V 5960 -831853.70 -173181.45
V 5968 -831861.45 -173183.53
V 5976 -831867.12 -173189.20
V 5984 -831869.20 -173196.95
V 5992 -831869.20 -173267.95
V 6000 -831867.12 -173275.70
V 6008 -831861.45 -173281.37
V 6016 -831853.70 -173283.45
V 6024 -831754.20 -173283.45
V 6032 -831754.20 -173323.45
V 6040 -831853.70 -173323.45
V 6048 -831861.45 -173325.53
V 6056 -831867.12 -173331.20
V 6064 -831869.20 -173338.95
V 6072 -831869.20 -173409.95
V 6080 -831867.12 -173417.70
V 6088 -831861.45 -173423.37
V 6096 -831853.70 -173425.45
V 6104 -831754.20 -173425.45
V 6112 -831754.20 -173465.45
V 6120 -831853.70 -173465.45
V 6128 -831861.45 -173467.53
V 6136 -831867.12 -173473.20
V 6144 -831869.20 -173480.95
V 6152 -831869.20 -173551.95
V 6160 -831867.12 -173559.70
V 6168 -831861.45 -173565.37
V 6176 -831853.70 -173567.45
V 6184 -831754.20 -173567.45
V 6192 -831754.20 -173607.45
V 6200 -831853.70 -173607.45
V 6208 -831861.45 -173609.53
V 6216 -831867.12 -173615.20
V 6224 -831869.20 -173622.95
V 6232 -831869.20 -173693.95
V 6240 -831867.12 -173701.70
V 6248 -831861.45 -173707.37
V 6256 -831853.70 -173709.45
V 6264 -831754.20 -173709.45
V 6272 -831754.20 -173749.45
V 6280 -831853.70 -173749.45
V 6288 -831861.45 -173751.53
V 6296 -831867.12 -173757.20
V 6304 -831869.20 -173764.95
V 6312 -831869.20 -173835.95
V 6320 -831867.12 -173843.70
V 6328 -831861.45 -173849.37
V 6336 -831853.70 -173851.45
V 6344 -831754.20 -173851.45
V 6352 -831754.20 -173891.45
V 6360 -831853.70 -173891.45
V 6368 -831861.45 -173893.53
V 6376 -831867.12 -173899.20
V 6384 -831869.20 -173906.95
V 6392 -831869.20 -173977.95
V 6400 -831867.12 -173985.70
V 6408 -831861.45 -173991.37
V 6416 -831853.70 -173993.45
V 6424 -831754.20 -173993.45
V 6432 -831754.20 -174033.45
V 6440 -831853.70 -174033.45
V 6448 -831861.45 -174035.53
V 6456 -831867.12 -174041.20
V 6464 -831869.20 -174048.95
V 6472 -831869.20 -174119.95
V 6480 -831867.12 -174127.70
V 6488 -831861.45 -174133.37
V 6496 -831853.70 -174135.45
V 6504 -831754.20 -174135.45
V 6512 -831754.20 -174175.45
V 6520 -831853.70 -174175.45
V 6528 -831861.45 -174177.53
V 6536 -831867.12 -174183.20
V 6544 -831869.20 -174190.95
V 6552 -831869.20 -174261.95
V 6560 -831867.12 -174269.70
V 6568 -831861.45 -174275.37
V 6576 -831853.70 -174277.45
V 6584 -831754.20 -174277.45
V 6592 -831754.20 -174317.45
V 6600 -831853.70 -174317.45
V 6608 -831861.45 -174319.53
V 6616 -831867.12 -174325.20
V 6624 -831869.20 -174332.95
V 6632 -831869.20 -174403.95
V 6640 -831867.12 -174411.70
V 6648 -831861.45 -174417.37
V 6656 -831853.70 -174419.45
V 6664 -831754.20 -174419.45
V 6672 -831754.20 -174459.45
V 6680 -831853.70 -174459.45
V 6688 -831861.45 -174461.53
V 6696 -831867.12 -174467.20
V 6704 -831869.20 -174474.95
V 6712 -831869.20 -174545.95
V 6720 -831867.12 -174553.70
V 6728 -831861.45 -174559.37
V 6736 -831853.70 -174561.45
V 6744 -831754.20 -174561.45
V 6752 -831754.20 -174601.45
V 6760 -831853.70 -174601.45
V 6768 -831861.45 -174603.53
V 6776 -831867.12 -174609.20
V 6784 -831869.20 -174616.95
V 6792 -831869.20 -174687.95
V 6800 -831867.12 -174695.70
V 6808 -831861.45 -174701.37
V 6816 -831853.70 -174703.45
V 6824 -831754.20 -174703.45
V 6832 -831754.20 -174743.45
V 6840 -831853.70 -174743.45
V 6848 -831861.45 -174745.53
V 6856 -831867.12 -174751.20
V 6864 -831869.20 -174758.95
V 6872 -831869.20 -174829.95
V 6880 -831867.12 -174837.70
V 6888 -831861.45 -174843.37
V 6896 -831853.70 -174845.45
V 6904 -831754.20 -174845.45
V 6912 -831754.20 -174885.45
V 6920 -831853.70 -174885.45
V 6928 -831861.45 -174887.53
V 6936 -831867.12 -174893.20
V 6944 -831869.20 -174900.95
V 6952 -831869.20 -174971.95
V 6960 -831867.12 -174979.70
V 6968 -831861.45 -174985.37
V 6976 -831853.70 -174987.45
V 6984 -831754.20 -174987.45
V 6992 -831754.20 -175027.45
V 7000 -831853.70 -175027.45
V 7008 -831861.45 -175029.53
V 7016 -831867.12 -175035.20
V 7024 -831869.20 -175042.95
V 7032 -831869.20 -175113.95
V 7040 -831867.12 -175121.70
V 7048 -831861.45 -175127.37
V 7056 -831853.70 -175129.45
V 7064 -831754.20 -175129.45
V 7072 -831754.20 -175169.45
V 7080 -831853.70 -175169.45
V 7088 -831861.45 -175171.53
V 7096 -831867.12 -175177.20
V 7104 -831869.20 -175184.95
V 7112 -831869.20 -175255.95
V 7120 -831867.12 -175263.70
V 7128 -831861.45 -175269.37
V 7136 -831853.70 -175271.45
V 7144 -831754.20 -175271.45
V 7152 -831754.20 -175311.45
V 7160 -831853.70 -175311.45
V 7168 -831861.45 -175313.53
V 7176 -831867.12 -175319.20
V 7184 -831869.20 -175326.95
V 7192 -831869.20 -175397.95
V 7200 -831867.12 -175405.70
V 7208 -831861.45 -175411.37
V 7216 -831853.70 -175413.45
V 7224 -831754.20 -175413.45
V 7232 -831754.20 -175453.45
V 7240 -831853.70 -175453.45
V 7248 -831861.45 -175455.53
V 7256 -831867.12 -175461.20
V 7264 -831869.20 -175468.95
V 7272 -831869.20 -175539.95
V 7280 -831867.12 -175547.70
V 7288 -831861.45 -175553.37
V 7296 -831853.70 -175555.45
V 7304 -831754.20 -175555.45
V 7312 -831754.20 -175595.45
V 7320 -831853.70 -175595.45
V 7328 -831861.45 -175597.53
V 7336 -831867.12 -175603.20
V 7344 -831869.20 -175610.95
V 7352 -831869.20 -175681.95
V 7360 -831867.12 -175689.70
V 7368 -831861.45 -175695.37
V 7376 -831853.70 -175697.45
V 7384 -831754.20 -175697.45
V 7392 -831754.20 -175737.45
V 7400 -831853.70 -175737.45
V 7408 -831861.45 -175739.53
V 7416 -831867.12 -175745.20
V 7424 -831869.20 -175752.95
V 7432 -831869.20 -175823.95
V 7440 -831867.12 -175831.70
V 7448 -831861.45 -175837.37
V 7456 -831853.70 -175839.45
V 7464 -831754.20 -175839.45
V 7472 -831754.20 -175879.45
V 7480 -831853.70 -175879.45
V 7488 -831861.45 -175881.53
V 7496 -831867.12 -175887.20
V 7504 -831869.20 -175894.95
V 7512 -831869.20 -175965.95
V 7520 -831867.12 -175973.70
V 7528 -831861.45 -175979.37
V 7536 -831853.70 -175981.45
V 7544 -831754.20 -175981.45
V 7552 -831754.20 -176021.45
V 7560 -831853.70 -176021.45
V 7568 -831861.45 -176023.53
V 7576 -831867.12 -176029.20
V 7584 -831869.20 -176036.95
V 7592 -831869.20 -176107.95
V 7600 -831867.12 -176115.70
V 7608 -831861.45 -176121.37
V 7616 -831853.70 -176123.45
V 7624 -831754.20 -176123.45
V 7632 -831754.20 -176163.45
V 7640 -831853.70 -176163.45
V 7648 -831861.45 -176165.53
V 7656 -831867.12 -176171.20
V 7664 -831869.20 -176178.95
V 7672 -831869.20 -176249.95
V 7680 -831867.12 -176257.70
V 7688 -831861.45 -176263.37
V 7696 -831853.70 -176265.45
V 7704 -831754.20 -176265.45
V 7712 -831754.20 -176305.45
V 7720 -831853.70 -176305.45
V 7728 -831861.45 -176307.53
V 7736 -831867.12 -176313.20
V 7744 -831869.20 -176320.95
V 7752 -831869.20 -176391.95
V 7760 -831867.12 -176399.70
V 7768 -831861.45 -176405.37
V 7776 -831853.70 -176407.45
V 7784 -831754.20 -176407.45
V 7792 -831754.20 -176447.45
V 7800 -831853.70 -176447.45
V 7808 -831861.45 -176449.53
V 7816 -831867.12 -176455.20
V 7824 -831869.20 -176462.95
V 7832 -831869.20 -176533.95
V 7840 -831867.12 -176541.70
V 7848 -831861.45 -176547.37
V 7856 -831853.70 -176549.45
V 7864 -831754.20 -176549.45
V 7872 -831754.20 -176589.45
V 7880 -831853.70 -176589.45
V 7888 -831861.45 -176591.53
V 7896 -831867.12 -176597.20
V 7904 -831869.20 -176604.95
V 7912 -831869.20 -176675.95
V 7920 -831867.12 -176683.70
V 7928 -831861.45 -176689.37
V 7936 -831853.70 -176691.45
V 7944 -831754.20 -176691.45
V 7952 -831754.20 -176731.45
V 7960 -831853.70 -176731.45
V 7968 -831861.45 -176733.53
V 7976 -831867.12 -176739.20
V 7984 -831869.20 -176746.95
V 7992 -831869.20 -176817.95
V 8000 -831867.12 -176825.70
V 8008 -831861.45 -176831.37
V 8016 -831853.70 -176833.45
V 8024 -831754.20 -176833.45
V 8032 -831754.20 -176873.45
V 8040 -831853.70 -176873.45
V 8048 -831861.45 -176875.53
V 8056 -831867.12 -176881.20
V 8064 -831869.20 -176888.95
V 8072 -831869.20 -176959.95
V 8080 -831867.12 -176967.70
V 8088 -831861.45 -176973.37
V 8096 -831853.70 -176975.45
V 8104 -831754.20 -176975.45
V 8112 -831754.20 -177015.45
V 8120 -831853.70 -177015.45
V 8128 -831861.45 -177017.53
V 8136 -831867.12 -177023.20
V 8144 -831869.20 -177030.95
V 8152 -831869.20 -177101.95
V 8160 -831867.12 -177109.70
V 8168 -831861.45 -177115.37
V 8176 -831853.70 -177117.45
V 8184 -831754.20 -177117.45
V 8192 -831754.20 -177157.45
V 8200 -831853.70 -177157.45
V 8208 -831861.45 -177159.53
V 8216 -831867.12 -177165.20
V 8224 -831869.20 -177172.95
V 8232 -831869.20 -177243.95
V 8240 -831867.12 -177251.70
V 8248 -831861.45 -177257.37
V 8256 -831853.70 -177259.45
V 8264 -831754.20 -177259.45
V 8272 -831754.20 -177299.45
V 8280 -831853.70 -177299.45
V 8288 -831861.45 -177301.53
V 8296 -831867.12 -177307.20
V 8304 -831869.20 -177314.95
V 8312 -831869.20 -177385.95
V 8320 -831867.12 -177393.70
V 8328 -831861.45 -177399.37
V 8336 -831853.70 -177401.45
V 8344 -831754.20 -177401.45
V 8352 -831754.20 -177441.45
V 8360 -831853.70 -177441.45
V 8368 -831861.45 -177443.53
V 8376 -831867.12 -177449.20
V 8384 -831869.20 -177456.95
V 8392 -831869.20 -177527.95
V 8400 -831867.12 -177535.70
V 8408 -831861.45 -177541.37
V 8416 -831853.70 -177543.45
V 8424 -831754.20 -177543.45
V 8432 -831754.20 -177583.45
V 8440 -831853.70 -177583.45
V 8448 -831861.45 -177585.53
V 8456 -831867.12 -177591.20
V 8464 -831869.20 -177598.95
V 8472 -831869.20 -177669.95
V 8480 -831867.12 -177677.70
V 8488 -831861.45 -177683.37
V 8496 -831853.70 -177685.45
V 8504 -831754.20 -177685.45
V 8512 -831754.20 -177725.45
V 8520 -831853.70 -177725.45
V 8528 -831861.45 -177727.53
V 8536 -831867.12 -177733.20
V 8544 -831869.20 -177740.95
V 8552 -831869.20 -177811.95
V 8560 -831867.12 -177819.70
V 8568 -831861.45 -177825.37
V 8576 -831853.70 -177827.45
V 8584 -831754.20 -177827.45
V 8592 -831754.20 -177867.45
V 8600 -831853.70 -177867.45
V 8608 -831861.45 -177869.53
V 8616 -831867.12 -177875.20
V 8624 -831869.20 -177882.95
V 8632 -831869.20 -177953.95
V 8640 -831867.12 -177961.70
V 8648 -831861.45 -177967.37
V 8656 -831853.70 -177969.45
V 8664 -831754.20 -177969.45
V 8672 -831754.20 -178009.45
V 8680 -831853.70 -178009.45
V 8688 -831861.45 -178011.53
V 8696 -831867.12 -178017.20
V 8704 -831869.20 -178024.95
V 8712 -831869.20 -178095.95
V 8720 -831867.12 -178103.70
V 8728 -831861.45 -178109.37
V 8736 -831853.70 -178111.45
V 8744 -831754.20 -178111.45
V 8752 -831754.20 -178151.45
V 8760 -831853.70 -178151.45
V 8768 -831861.45 -178153.53
V 8776 -831867.12 -178159.20
V 8784 -831869.20 -178166.95
V 8792 -831869.20 -178237.95
V 8800 -831867.12 -178245.70
V 8808 -831861.45 -178251.37
V 8816 -831853.70 -178253.45
V 8824 -831754.20 -178253.45
V 8832 -831754.20 -178293.45
V 8840 -831853.70 -178293.45
V 8848 -831861.45 -178295.53
V 8856 -831867.12 -178301.20
V 8864 -831869.20 -178308.95
V 8872 -831869.20 -178379.95
V 8880 -831867.12 -178387.70
V 8888 -831861.45 -178393.37
V 8896 -831853.70 -178395.45
V 8904 -831811.70 -178395.45
V 8912 -831811.70 -178404.45
V 8920 -831780.70 -178404.45
V 8928 -831780.70 -178379.95
V 8936 -831780.74 -178378.84
V 8944 -831780.86 -178377.74
V 8952 -831781.05 -178376.66
V 8960 -831781.33 -178375.58
V 8968 -831781.68 -178374.53
V 8976 -831782.10 -178373.51
V 8984 -831782.60 -178372.52
V 8992 -831783.16 -178371.57
V 9000 -831783.79 -178370.66
V 9008 -831784.49 -178369.80
V 9016 -831785.24 -178368.99
V 9024 -831786.05 -178368.24
V 9032 -831786.91 -178367.54
V 9040 -831787.82 -178366.91
V 9048 -831788.77 -178366.35
V 9056 -831789.76 -178365.85
V 9064 -831790.78 -178365.43
V 9072 -831791.83 -178365.08
V 9080 -831792.91 -178364.80
V 9088 -831793.99 -178364.61
V 9096 -831795.09 -178364.49
V 9104 -831796.20 -178364.45
V 9112 -831838.20 -178364.45
V 9120 -831838.20 -178324.45
V 9128 -831738.70 -178324.45
V 9136 -831730.95 -178322.37
V 9144 -831725.28 -178316.70
V 9152 -831723.20 -178308.95
V 9160 -831723.20 -178237.95
V 9168 -831725.28 -178230.20
V 9176 -831730.95 -178224.53
V 9184 -831738.70 -178222.45
V 9192 -831838.20 -178222.45
V 9200 -831838.20 -178182.45
V 9208 -831738.70 -178182.45
V 9216 -831730.95 -178180.37
V 9224 -831725.28 -178174.70
V 9232 -831723.20 -178166.95
V 9240 -831723.20 -178095.95
V 9248 -831725.28 -178088.20
V 9256 -831730.95 -178082.53
V 9264 -831738.70 -178080.45
V 9272 -831838.20 -178080.45
V 9280 -831838.20 -178040.45
V 9288 -831738.70 -178040.45
V 9296 -831730.95 -178038.37
V 9304 -831725.28 -178032.70
V 9312 -831723.20 -178024.95
V 9320 -831723.20 -177953.95
V 9328 -831725.28 -177946.20
V 9336 -831730.95 -177940.53
V 9344 -831738.70 -177938.45
V 9352 -831838.20 -177938.45
V 9360 -831838.20 -177898.45
V 9368 -831738.70 -177898.45
V 9376 -831730.95 -177896.37
V 9384 -831725.28 -177890.70
V 9392 -831723.20 -177882.95
V 9400 -831723.20 -177811.95
V 9408 -831725.28 -177804.20
V 9416 -831730.95 -177798.53
V 9424 -831738.70 -177796.45
V 9432 -831838.20 -177796.45
V 9440 -831838.20 -177756.45
V 9448 -831738.70 -177756.45
V 9456 -831730.95 -177754.37
V 9464 -831725.28 -177748.70
V 9472 -831723.20 -177740.95
V 9480 -831723.20 -177669.95
V 9488 -831725.28 -177662.20
V 9496 -831730.95 -177656.53
V 9504 -831738.70 -177654.45
V 9512 -831838.20 -177654.45
V 9520 -831838.20 -177614.45
V 9528 -831738.70 -177614.45
V 9536 -831730.95 -177612.37
V 9544 -831725.28 -177606.70
V 9552 -831723.20 -177598.95
V 9560 -831723.20 -177527.95
V 9568 -831725.28 -177520.20
V 9576 -831730.95 -177514.53
V 9584 -831738.70 -177512.45
V 9592 -831838.20 -177512.45
V 9600 -831838.20 -177472.45
V 9608 -831738.70 -177472.45
V 9616 -831730.95 -177470.37
V 9624 -831725.28 -177464.70
V 9632 -831723.20 -177456.95
V 9640 -831723.20 -177385.95
V 9648 -831725.28 -177378.20
V 9656 -831730.95 -177372.53
V 9664 -831738.70 -177370.45
V 9672 -831838.20 -177370.45
V 9680 -831838.20 -177330.45
V 9688 -831738.70 -177330.45
V 9696 -831730.95 -177328.37
V 9704 -831725.28 -177322.70
V 9712 -831723.20 -177314.95
V 9720 -831723.20 -177243.95
V 9728 -831725.28 -177236.20
V 9736 -831730.95 -177230.53
V 9744 -831738.70 -177228.45
V 9752 -831838.20 -177228.45
V 9760 -831838.20 -177188.45
V 9768 -831738.70 -177188.45
V 9776 -831730.95 -177186.37
V 9784 -831725.28 -177180.70
V 9792 -831723.20 -177172.95
V 9800 -831723.20 -177101.95
V 9808 -831725.28 -177094.20
V 9816 -831730.95 -177088.53
V 9824 -831738.70 -177086.45
V 9832 -831838.20 -177086.45
V 9840 -831838.20 -177046.45
V 9848 -831738.70 -177046.45
V 9856 -831730.95 -177044.37
V 9864 -831725.28 -177038.70
V 9872 -831723.20 -177030.95
V 9880 -831723.20 -176959.95
V 9888 -831725.28 -176952.20
V 9896 -831730.95 -176946.53
V 9904 -831738.70 -176944.45
V 9912 -831838.20 -176944.45
V 9920 -831838.20 -176904.45
V 9928 -831738.70 -176904.45
V 9936 -831730.95 -176902.37
V 9944 -831725.28 -176896.70
V 9952 -831723.20 -176888.95
V 9960 -831723.20 -176817.95
V 9968 -831725.28 -176810.20
V 9976 -831730.95 -176804.53
V 9984 -831738.70 -176802.45
V 9992 -831838.20 -176802.45
V 10000 -831838.20 -176762.45
V 10008 -831738.70 -176762.45
V 10016 -831730.95 -176760.37
V 10024 -831725.28 -176754.70
V 10032 -831723.20 -176746.95
V 10040 -831723.20 -176675.95
V 10048 -831725.28 -176668.20
V 10056 -831730.95 -176662.53
V 10064 -831738.70 -176660.45
V 10072 -831838.20 -176660.45
V 10080 -831838.20 -176620.45
V 10088 -831738.70 -176620.45
V 10096 -831730.95 -176618.37
V 10104 -831725.28 -176612.70
V 10112 -831723.20 -176604.95
V 10120 -831723.20 -176533.95
V 10128 -831725.28 -176526.20
V 10136 -831730.95 -176520.53
V 10144 -831738.70 -176518.45
V 10152 -831838.20 -176518.45
V 10160 -831838.20 -176478.45
V 10168 -831738.70 -176478.45
V 10176 -831730.95 -176476.37
V 10184 -831725.28 -176470.70
V 10192 -831723.20 -176462.95
V 10200 -831723.20 -176391.95
V 10208 -831725.28 -176384.20
V 10216 -831730.95 -176378.53
V 10224 -831738.70 -176376.45
V 10232 -831838.20 -176376.45
V 10240 -831838.20 -176336.45
V 10248 -831738.70 -176336.45
V 10256 -831730.95 -176334.37
V 10264 -831725.28 -176328.70
V 10272 -831723.20 -176320.95
V 10280 -831723.20 -176249.95
V 10288 -831725.28 -176242.20
V 10296 -831730.95 -176236.53
V 10304 -831738.70 -176234.45
V 10312 -831838.20 -176234.45
V 10320 -831838.20 -176194.45
V 10328 -831738.70 -176194.45
V 10336 -831730.95 -176192.37
V 10344 -831725.28 -176186.70
V 10352 -831723.20 -176178.95
V 10360 -831723.20 -176107.95
V 10368 -831725.28 -176100.20
V 10376 -831730.95 -176094.53
V 10384 -831738.70 -176092.45
V 10392 -831838.20 -176092.45
V 10400 -831838.20 -176052.45
V 10408 -831738.70 -176052.45
V 10416 -831730.95 -176050.37
V 10424 -831725.28 -176044.70
V 10432 -831723.20 -176036.95
V 10440 -831723.20 -175965.95
V 10448 -831725.28 -175958.20
V 10456 -831730.95 -175952.53
V 10464 -831738.70 -175950.45
V 10472 -831838.20 -175950.45
V 10480 -831838.20 -175910.45
V 10488 -831738.70 -175910.45
V 10496 -831730.95 -175908.37
V 10504 -831725.28 -175902.70
V 10512 -831723.20 -175894.95
V 10520 -831723.20 -175823.95
V 10528 -831725.28 -175816.20
V 10536 -831730.95 -175810.53
V 10544 -831738.70 -175808.45
V 10552 -831838.20 -175808.45
V 10560 -831838.20 -175768.45
V 10568 -831738.70 -175768.45
V 10576 -831730.95 -175766.37
V 10584 -831725.28 -175760.70
V 10592 -831723.20 -175752.95
V 10600 -831723.20 -175681.95
V 10608 -831725.28 -175674.20
V 10616 -831730.95 -175668.53
V 10624 -831738.70 -175666.45
V 10632 -831838.20 -175666.45
V 10640 -831838.20 -175626.45
V 10648 -831738.70 -175626.45
V 10656 -831730.95 -175624.37
V 10664 -831725.28 -175618.70
V 10672 -831723.20 -175610.95
V 10680 -831723.20 -175539.95
V 10688 -831725.28 -175532.20
V 10696 -831730.95 -175526.53
V 10704 -831738.70 -175524.45
V 10712 -831838.20 -175524.45
V 10720 -831838.20 -175484.45
V 10728 -831738.70 -175484.45
V 10736 -831730.95 -175482.37
V 10744 -831725.28 -175476.70
V 10752 -831723.20 -175468.95
V 10760 -831723.20 -175397.95
V 10768 -831725.28 -175390.20
V 10776 -831730.95 -175384.53
V 10784 -831738.70 -175382.45
V 10792 -831838.20 -175382.45
V 10800 -831838.20 -175342.45
V 10808 -831738.70 -175342.45
V 10816 -831730.95 -175340.37
V 10824 -831725.28 -175334.70
V 10832 -831723.20 -175326.95
V 10840 -831723.20 -175255.95
V 10848 -831725.28 -175248.20
V 10856 -831730.95 -175242.53
V 10864 -831738.70 -175240.45
V 10872 -831838.20 -175240.45
V 10880 -831838.20 -175200.45
V 10888 -831738.70 -175200.45
V 10896 -831730.95 -175198.37
V 10904 -831725.28 -175192.70
V 10912 -831723.20 -175184.95
V 10920 -831723.20 -175113.95
V 10928 -831725.28 -175106.20
V 10936 -831730.95 -175100.53
V 10944 -831738.70 -175098.45
V 10952 -831838.20 -175098.45
V 10960 -831838.20 -175058.45
V 10968 -831738.70 -175058.45
V 10976 -831730.95 -175056.37
V 10984 -831725.28 -175050.70
V 10992 -831723.20 -175042.95
V 11000 -831723.20 -174971.95
V 11008 -831725.28 -174964.20
V 11016 -831730.95 -174958.53
V 11024 -831738.70 -174956.45
V 11032 -831838.20 -174956.45
V 11040 -831838.20 -174916.45
V 11048 -831738.70 -174916.45
V 11056 -831730.95 -174914.37
V 11064 -831725.28 -174908.70
V 11072 -831723.20 -174900.95
V 11080 -831723.20 -174829.95
V 11088 -831725.28 -174822.20
V 11096 -831730.95 -174816.53
V 11104 -831738.70 -174814.45
V 11112 -831838.20 -174814.45
V 11120 -831838.20 -174774.45
V 11128 -831738.70 -174774.45
V 11136 -831730.95 -174772.37
V 11144 -831725.28 -174766.70
V 11152 -831723.20 -174758.95
V 11160 -831723.20 -174687.95
V 11168 -831725.28 -174680.20
V 11176 -831730.95 -174674.53
V 11184 -831738.70 -174672.45
V 11192 -831838.20 -174672.45
V 11200 -831838.20 -174632.45
V 11208 -831738.70 -174632.45
V 11216 -831730.95 -174630.37
V 11224 -831725.28 -174624.70
V 11232 -831723.20 -174616.95
V 11240 -831723.20 -174545.95
V 11248 -831725.28 -174538.20
V 11256 -831730.95 -174532.53
V 11264 -831738.70 -174530.45
V 11272 -831838.20 -174530.45
V 11280 -831838.20 -174490.45
V 11288 -831738.70 -174490.45
V 11296 -831730.95 -174488.37
V 11304 -831725.28 -174482.70
V 11312 -831723.20 -174474.95
V 11320 -831723.20 -174403.95
V 11328 -831725.28 -174396.20
V 11336 -831730.95 -174390.53
V 11344 -831738.70 -174388.45
V 11352 -831838.20 -174388.45
V 11360 -831838.20 -174348.45
V 11368 -831738.70 -174348.45
V 11376 -831730.95 -174346.37
V 11384 -831725.28 -174340.70
V 11392 -831723.20 -174332.95
V 11400 -831723.20 -174261.95
V 11408 -831725.28 -174254.20
V 11416 -831730.95 -174248.53
V 11424 -831738.70 -174246.45
V 11432 -831838.20 -174246.45
V 11440 -831838.20 -174206.45
V 11448 -831738.70 -174206.45
V 11456 -831730.95 -174204.37
V 11464 -831725.28 -174198.70
V 11472 -831723.20 -174190.95
V 11480 -831723.20 -174119.95
V 11488 -831725.28 -174112.20
V 11496 -831730.95 -174106.53
V 11504 -831738.70 -174104.45
V 11512 -831838.20 -174104.45
V 11520 -831838.20 -174064.45
V 11528 -831738.70 -174064.45
V 11536 -831730.95 -174062.37
V 11544 -831725.28 -174056.70
V 11552 -831723.20 -174048.95
V 11560 -831723.20 -173977.95
V 11568 -831725.28 -173970.20
V 11576 -831730.95 -173964.53
V 11584 -831738.70 -173962.45
V 11592 -831838.20 -173962.45
V 11600 -831838.20 -173922.45
V 11608 -831738.70 -173922.45
V 11616 -831730.95 -173920.37
V 11624 -831725.28 -173914.70
V 11632 -831723.20 -173906.95
V 11640 -831723.20 -173835.95
V 11648 -831725.28 -173828.20
V 11656 -831730.95 -173822.53
V 11664 -831738.70 -173820.45
V 11672 -831838.20 -173820.45
V 11680 -831838.20 -173780.45
V 11688 -831738.70 -173780.45
V 11696 -831730.95 -173778.37
V 11704 -831725.28 -173772.70
V 11712 -831723.20 -173764.95
V 11720 -831723.20 -173693.95
V 11728 -831725.28 -173686.20
V 11736 -831730.95 -173680.53
V 11744 -831738.70 -173678.45
V 11752 -831838.20 -173678.45
V 11760 -831838.20 -173638.45
V 11768 -831738.70 -173638.45
V 11776 -831730.95 -173636.37
V 11784 -831725.28 -173630.70
V 11792 -831723.20 -173622.95
V 11800 -831723.20 -173551.95
V 11808 -831725.28 -173544.20
V 11816 -831730.95 -173538.53
V 11824 -831738.70 -173536.45
V 11832 -831838.20 -173536.45
V 11840 -831838.20 -173496.45
V 11848 -831738.70 -173496.45
V 11856 -831730.95 -173494.37
V 11864 -831725.28 -173488.70
V 11872 -831723.20 -173480.95
V 11880 -831723.20 -173409.95
V 11888 -831725.28 -173402.20
V 11896 -831730.95 -173396.53
V 11904 -831738.70 -173394.45
V 11912 -831838.20 -173394.45
V 11920 -831838.20 -173354.45
V 11928 -831738.70 -173354.45
V 11936 -831730.95 -173352.37
V 11944 -831725.28 -173346.70
V 11952 -831723.20 -173338.95
V 11960 -831723.20 -173267.95
V 11968 -831725.28 -173260.20
V 11976 -831730.95 -173254.53
V 11984 -831738.70 -173252.45
V 11992 -831838.20 -173252.45
V 12000 -831838.20 -173212.45
V 12008 -831738.70 -173212.45
V 12016 -831730.95 -173210.37
V 12024 -831725.28 -173204.70
V 12032 -831723.20 -173196.95
V 12040 -831723.20 -173125.95
V 12048 -831725.28 -173118.20
V 12056 -831730.95 -173112.53
V 12064 -831738.70 -173110.45
V 12072 -831838.20 -173110.45
V 12080 -831838.20 -173070.45
V 12088 -831738.70 -173070.45
V 12096 -831730.95 -173068.37
V 12104 -831725.28 -173062.70
V 12112 -831723.20 -173054.95
V 12120 -831723.20 -172983.95
V 12128 -831725.28 -172976.20
V 12136 -831730.95 -172970.53
V 12144 -831738.70 -172968.45
V 12152 -831838.20 -172968.45
V 12160 -831838.20 -172928.45
V 12168 -831738.70 -172928.45
V 12176 -831730.95 -172926.37
V 12184 -831725.28 -172920.70
V 12192 -831723.20 -172912.95
V 12200 -831723.20 -172841.95
V 12208 -831725.28 -172834.20
V 12216 -831730.95 -172828.53
V 12224 -831738.70 -172826.45
V 12232 -831838.20 -172826.45
V 12240 -831838.20 -172786.45
V 12248 -831738.70 -172786.45
V 12256 -831730.95 -172784.37
V 12264 -831725.28 -172778.70
V 12272 -831723.20 -172770.95
V 12280 -831723.20 -172699.95
V 12288 -831725.28 -172692.20
V 12296 -831730.95 -172686.53
V 12304 -831738.70 -172684.45
V 12312 -831838.20 -172684.45
V 12320 -831838.20 -172644.45
V 12328 -831738.70 -172644.45
V 12336 -831730.95 -172642.37
V 12344 -831725.28 -172636.70
V 12352 -831723.20 -172628.95
V 12360 -831723.20 -172557.95
V 12368 -831725.28 -172550.20
V 12376 -831730.95 -172544.53
V 12384 -831738.70 -172542.45
V 12392 -831838.20 -172542.45
V 12400 -831838.20 -172502.45
V 12408 -831738.70 -172502.45
V 12416 -831730.95 -172500.37
V 12424 -831725.28 -172494.70
V 12432 -831723.20 -172486.95
V 12440 -831723.20 -172415.95
V 12448 -831725.28 -172408.20
V 12456 -831730.95 -172402.53
V 12464 -831738.70 -172400.45
V 12472 -831838.20 -172400.45
V 12480 -831838.20 -172360.45
V 12488 -831738.70 -172360.45
V 12496 -831730.95 -172358.37
V 12504 -831725.28 -172352.70
V 12512 -831723.20 -172344.95
V 12520 -831723.20 -172273.95
V 12528 -831725.28 -172266.20
V 12536 -831730.95 -172260.53
V 12544 -831738.70 -172258.45
V 12552 -831838.20 -172258.45
V 12560 -831838.20 -172218.45
V 12568 -831738.70 -172218.45
V 12576 -831730.95 -172216.37
V 12584 -831725.28 -172210.70
V 12592 -831723.20 -172202.95
V 12600 -831723.20 -172131.95
V 12608 -831725.28 -172124.20
V 12616 -831730.95 -172118.53
V 12624 -831738.70 -172116.45
V 12632 -831838.20 -172116.45
V 12640 -831838.20 -172076.45
V 12648 -831738.70 -172076.45
V 12656 -831730.95 -172074.37
V 12664 -831725.28 -172068.70
V 12672 -831723.20 -172060.95
V 12680 -831723.20 -171989.95
V 12688 -831725.28 -171982.20
V 12696 -831730.95 -171976.53
V 12704 -831738.70 -171974.45
V 12712 -831838.20 -171974.45
V 12720 -831838.20 -171934.45
V 12728 -831738.70 -171934.45
V 12736 -831730.95 -171932.37
V 12744 -831725.28 -171926.70
V 12752 -831723.20 -171918.95
V 12760 -831723.20 -171847.95
V 12768 -831725.28 -171840.20
V 12776 -831730.95 -171834.53
V 12784 -831738.70 -171832.45
V 12792 -831838.20 -171832.45
V 12800 -831838.20 -171792.45
V 12808 -831738.70 -171792.45
V 12816 -831730.95 -171790.37
V 12824 -831725.28 -171784.70
V 12832 -831723.20 -171776.95
V 12840 -831723.20 -171705.95
V 12848 -831725.28 -171698.20
V 12856 -831730.95 -171692.53
V 12864 -831738.70 -171690.45
V 12872 -831838.20 -171690.45
V 12880 -831838.20 -171650.45
V 12888 -831738.70 -171650.45
V 12896 -831730.95 -171648.37
V 12904 -831725.28 -171642.70
V 12912 -831723.20 -171634.95
V 12920 -831723.20 -171563.95
V 12928 -831725.28 -171556.20
V 12936 -831730.95 -171550.53
V 12944 -831738.70 -171548.45
V 12952 -831838.20 -171548.45
V 12960 -831838.20 -171508.45
V 12968 -831738.70 -171508.45
V 12976 -831730.95 -171506.37
V 12984 -831725.28 -171500.70
V 12992 -831723.20 -171492.95
V 13000 -831723.20 -171421.95
V 13008 -831725.28 -171414.20
V 13016 -831730.95 -171408.53
V 13024 -831738.70 -171406.45
V 13032 -831838.20 -171406.45
V 13040 -831838.20 -171366.45
V 13048 -831738.70 -171366.45
V 13056 -831730.95 -171364.37
V 13064 -831725.28 -171358.70
V 13072 -831723.20 -171350.95
V 13080 -831723.20 -171279.95
V 13088 -831725.28 -171272.20
V 13096 -831730.95 -171266.53
V 13104 -831738.70 -171264.45
V 13112 -831838.20 -171264.45
V 13120 -831838.20 -171224.45
V 13128 -831738.70 -171224.45
V 13136 -831730.95 -171222.37
V 13144 -831725.28 -171216.70
V 13152 -831723.20 -171208.95
V 13160 -831723.20 -171137.95
V 13168 -831725.28 -171130.20
V 13176 -831730.95 -171124.53
V 13184 -831738.70 -171122.45
V 13192 -831838.20 -171122.45
V 13200 -831838.20 -171082.45
V 13208 -831738.70 -171082.45
V 13216 -831730.95 -171080.37
V 13224 -831725.28 -171074.70
V 13232 -831723.20 -171066.95
V 13240 -831723.20 -170995.95
V 13248 -831725.28 -170988.20
V 13256 -831730.95 -170982.53
V 13264 -831738.70 -170980.45
V 13272 -831838.20 -170980.45
V 13280 -831838.20 -170940.45
V 13288 -831738.70 -170940.45
V 13296 -831730.95 -170938.37
V 13304 -831725.28 -170932.70
V 13312 -831723.20 -170924.95
V 13320 -831723.20 -170853.95
V 13328 -831725.28 -170846.20
V 13336 -831730.95 -170840.53
V 13344 -831738.70 -170838.45
V 13352 -831838.20 -170838.45
V 13360 -831838.20 -170798.45
V 13368 -831738.70 -170798.45
V 13376 -831730.95 -170796.37
V 13384 -831725.28 -170790.70
V 13392 -831723.20 -170782.95
V 13400 -831723.20 -170711.95
V 13408 -831725.28 -170704.20
V 13416 -831730.95 -170698.53
V 13424 -831738.70 -170696.45
V 13432 -831838.20 -170696.45
V 13440 -831838.20 -170656.45
V 13448 -831738.70 -170656.45
V 13456 -831730.95 -170654.37
V 13464 -831725.28 -170648.70
V 13472 -831723.20 -170640.95
V 13480 -831723.20 -170569.95
V 13488 -831725.28 -170562.20
V 13496 -831730.95 -170556.53
V 13504 -831738.70 -170554.45
V 13512 -831838.20 -170554.45
V 13520 -831838.20 -170514.45
V 13528 -831738.70 -170514.45
V 13536 -831730.95 -170512.37
V 13544 -831725.28 -170506.70
V 13552 -831723.20 -170498.95
V 13560 -831723.20 -170427.95
V 13568 -831725.28 -170420.20
V 13576 -831730.95 -170414.53
V 13584 -831738.70 -170412.45
V 13592 -831838.20 -170412.45
V 13600 -831838.20 -170372.45
V 13608 -831738.70 -170372.45
V 13616 -831730.95 -170370.37
V 13624 -831725.28 -170364.70
V 13632 -831723.20 -170356.95
V 13640 -831723.20 -170285.95
V 13648 -831725.28 -170278.20
V 13656 -831730.95 -170272.53
V 13664 -831738.70 -170270.45
V 13672 -831838.20 -170270.45
V 13680 -831838.20 -170230.45
V 13688 -831738.70 -170230.45
V 13696 -831730.95 -170228.37
V 13704 -831725.28 -170222.70
V 13712 -831723.20 -170214.95
V 13720 -831723.20 -170143.95
V 13728 -831725.28 -170136.20
V 13736 -831730.95 -170130.53
V 13744 -831738.70 -170128.45
V 13752 -831838.20 -170128.45
V 13760 -831838.20 -170088.45
V 13768 -831738.70 -170088.45
V 13776 -831730.95 -170086.37
V 13784 -831725.28 -170080.70
V 13792 -831723.20 -170072.95
V 13800 -831723.20 -170001.95
V 13808 -831725.28 -169994.20
V 13816 -831730.95 -169988.53
V 13824 -831738.70 -169986.45
V 13832 -831838.20 -169986.45
V 13840 -831838.20 -169946.45
V 13848 -831738.70 -169946.45
V 13856 -831730.95 -169944.37
V 13864 -831725.28 -169938.70
V 13872 -831723.20 -169930.95
V 13880 -831723.20 -169859.95
V 13888 -831725.28 -169852.20
V 13896 -831730.95 -169846.53
V 13904 -831738.70 -169844.45
V 13912 -831838.20 -169844.45
V 13920 -831838.20 -169804.45
V 13928 -831738.70 -169804.45
V 13936 -831730.95 -169802.37
V 13944 -831725.28 -169796.70
V 13952 -831723.20 -169788.95
V 13960 -831723.20 -169717.95
V 13968 -831725.28 -169710.20
V 13976 -831730.95 -169704.53
V 13984 -831738.70 -169702.45
V 13992 -831838.20 -169702.45
V 14000 -831838.20 -169662.45
V 14008 -831738.70 -169662.45
V 14016 -831730.95 -169660.37
V 14024 -831725.28 -169654.70
V 14032 -831723.20 -169646.95
V 14040 -831723.20 -169575.95
V 14048 -831725.28 -169568.20
V 14056 -831730.95 -169562.53
V 14064 -831738.70 -169560.45
V 14072 -831838.20 -169560.45
V 14080 -831838.20 -169520.45
V 14088 -831738.70 -169520.45
V 14096 -831730.95 -169518.37
V 14104 -831725.28 -169512.70
V 14112 -831723.20 -169504.95
V 14120 -831723.20 -169433.95
V 14128 -831725.28 -169426.20
V 14136 -831730.95 -169420.53
V 14144 -831738.70 -169418.45
V 14152 -831838.20 -169418.45
V 14160 -831838.20 -169378.45
V 14168 -831738.70 -169378.45
V 14176 -831730.95 -169376.37
V 14184 -831725.28 -169370.70
V 14192 -831723.20 -169362.95
V 14200 -831723.20 -169291.95
V 14208 -831725.28 -169284.20
V 14216 -831730.95 -169278.53
V 14224 -831738.70 -169276.45
V 14232 -831838.20 -169276.45
V 14240 -831838.20 -169236.45
V 14248 -831738.70 -169236.45
V 14256 -831730.95 -169234.37
V 14264 -831725.28 -169228.70
V 14272 -831723.20 -169220.95
V 14280 -831723.20 -169149.95
V 14288 -831725.28 -169142.20
V 14296 -831730.95 -169136.53
V 14304 -831738.70 -169134.45
V 14312 -831838.20 -169134.45
V 14320 -831838.20 -169094.45
V 14328 -831738.70 -169094.45
V 14336 -831730.95 -169092.37
V 14344 -831725.28 -169086.70
V 14352 -831723.20 -169078.95
V 14360 -831723.20 -169007.95
V 14368 -831725.28 -169000.20
V 14376 -831730.95 -168994.53
V 14384 -831738.70 -168992.45
V 14392 -831838.20 -168992.45
V 14400 -831838.20 -168952.45
V 14408 -831738.70 -168952.45
V 14416 -831730.95 -168950.37
V 14424 -831725.28 -168944.70
V 14432 -831723.20 -168936.95
V 14440 -831723.20 -168865.95
V 14448 -831725.28 -168858.20
V 14456 -831730.95 -168852.53
V 14464 -831738.70 -168850.45
V 14472 -831838.20 -168850.45
V 14480 -831838.20 -168810.45
V 14488 -831738.70 -168810.45
V 14496 -831730.95 -168808.37
V 14504 -831725.28 -168802.70
V 14512 -831723.20 -168794.95
V 14520 -831723.20 -168723.95
V 14528 -831725.28 -168716.20
V 14536 -831730.95 -168710.53
V 14544 -831738.70 -168708.45
V 14552 -831838.20 -168708.45
V 14560 -831838.20 -168668.45
V 14568 -831738.70 -168668.45
V 14576 -831730.95 -168666.37
V 14584 -831725.28 -168660.70
V 14592 -831723.20 -168652.95
V 14600 -831723.20 -168581.95
V 14608 -831725.28 -168574.20
V 14616 -831730.95 -168568.53
V 14624 -831738.70 -168566.45
V 14632 -831838.20 -168566.45
V 14640 -831838.20 -168526.45
V 14648 -831738.70 -168526.45
V 14656 -831730.95 -168524.37
V 14664 -831725.28 -168518.70
V 14672 -831723.20 -168510.95
V 14680 -831723.20 -168439.95
V 14688 -831725.28 -168432.20
V 14696 -831730.95 -168426.53
V 14704 -831738.70 -168424.45
V 14712 -831838.20 -168424.45
V 14720 -831838.20 -168384.45
V 14728 -831738.70 -168384.45
V 14736 -831730.95 -168382.37
V 14744 -831725.28 -168376.70
V 14752 -831723.20 -168368.95
V 14760 -831723.20 -168297.95
V 14768 -831725.28 -168290.20
V 14776 -831730.95 -168284.53
V 14784 -831738.70 -168282.45
V 14792 -831838.20 -168282.45
V 14800 -831838.20 -168242.45
V 14808 -831738.70 -168242.45
V 14816 -831730.95 -168240.37
V 14824 -831725.28 -168234.70
V 14832 -831723.20 -168226.95
V 14840 -831723.20 -168155.95
V 14848 -831725.28 -168148.20
V 14856 -831730.95 -168142.53
V 14864 -831738.70 -168140.45
V 14872 -831838.20 -168140.45
V 14880 -831838.20 -168100.45
V 14888 -831738.70 -168100.45
V 14896 -831730.95 -168098.37
V 14904 -831725.28 -168092.70
V 14912 -831723.20 -168084.95
V 14920 -831723.20 -168013.95
V 14928 -831725.28 -168006.20
V 14936 -831730.95 -168000.53
V 14944 -831738.70 -167998.45
V 14952 -831838.20 -167998.45
V 14960 -831838.20 -167958.45
V 14968 -831738.70 -167958.45
V 14976 -831730.95 -167956.37
V 14984 -831725.28 -167950.70
V 14992 -831723.20 -167942.95
V 15000 -831723.20 -167871.95
V 15008 -831725.28 -167864.20
V 15016 -831730.95 -167858.53
V 15024 -831738.70 -167856.45
V 15032 -831838.20 -167856.45
V 15040 -831838.20 -167816.45
V 15048 -831738.70 -167816.45
V 15056 -831730.95 -167814.37
V 15064 -831725.28 -167808.70
V 15072 -831723.20 -167800.95
V 15080 -831723.20 -167729.95
V 15088 -831725.28 -167722.20
V 15096 -831730.95 -167716.53
V 15104 -831738.70 -167714.45
V 15112 -831838.20 -167714.45
V 15120 -831838.20 -167674.45
V 15128 -831738.70 -167674.45
V 15136 -831730.95 -167672.37
V 15144 -831725.28 -167666.70
V 15152 -831723.20 -167658.95
V 15160 -831723.20 -167587.95
V 15168 -831725.28 -167580.20
V 15176 -831730.95 -167574.53
V 15184 -831738.70 -167572.45
V 15192 -831838.20 -167572.45
V 15200 -831838.20 -167532.45
V 15208 -831738.70 -167532.45
V 15216 -831730.95 -167530.37
V 15224 -831725.28 -167524.70
V 15232 -831723.20 -167516.95
V 15240 -831723.20 -167445.95
V 15248 -831725.28 -167438.20
V 15256 -831730.95 -167432.53
V 15264 -831738.70 -167430.45
V 15272 -831838.20 -167430.45
V 15280 -831838.20 -167390.45
V 15288 -831738.70 -167390.45
V 15296 -831730.95 -167388.37
V 15304 -831725.28 -167382.70
V 15312 -831723.20 -167374.95
V 15320 -831723.20 -167303.95
V 15328 -831725.28 -167296.20
V 15336 -831730.95 -167290.53
V 15344 -831738.70 -167288.45
V 15352 -831838.20 -167288.45
V 15360 -831838.20 -167248.45
V 15368 -831738.70 -167248.45
V 15376 -831730.95 -167246.37
V 15384 -831725.28 -167240.70
V 15392 -831723.20 -167232.95
V 15400 -831723.20 -167161.95
V 15408 -831725.28 -167154.20
V 15416 -831730.95 -167148.53
V 15424 -831738.70 -167146.45
V 15432 -831838.20 -167146.45
V 15440 -831838.20 -167106.45
V 15448 -831738.70 -167106.45
V 15456 -831730.95 -167104.37
V 15464 -831725.28 -167098.70
V 15472 -831723.20 -167090.95
V 15480 -831723.20 -167019.95
V 15488 -831725.28 -167012.20
V 15496 -831730.95 -167006.53
V 15504 -831738.70 -167004.45
V 15512 -831838.20 -167004.45
V 15520 -831838.20 -166964.45
V 15528 -831738.70 -166964.45
V 15536 -831730.95 -166962.37
V 15544 -831725.28 -166956.70
V 15552 -831723.20 -166948.95
V 15560 -831723.20 -166877.95
V 15568 -831725.28 -166870.20
V 15576 -831730.95 -166864.53
V 15584 -831738.70 -166862.45
V 15592 -831838.20 -166862.45
V 15600 -831838.20 -166822.45
V 15608 -831738.70 -166822.45
V 15616 -831730.95 -166820.37
V 15624 -831725.28 -166814.70
V 15632 -831723.20 -166806.95
V 15640 -831723.20 -166735.95
V 15648 -831725.28 -166728.20
V 15656 -831730.95 -166722.53
V 15664 -831738.70 -166720.45
V 15672 -831838.20 -166720.45
V 15680 -831838.20 -166680.45
V 15688 -831738.70 -166680.45
V 15696 -831730.95 -166678.37
V 15704 -831725.28 -166672.70
V 15712 -831723.20 -166664.95
V 15720 -831723.20 -166593.95
V 15728 -831725.28 -166586.20
V 15736 -831730.95 -166580.53
V 15744 -831738.70 -166578.45
V 15752 -831838.20 -166578.45
V 15760 -831838.20 -166538.45
V 15768 -831738.70 -166538.45
V 15776 -831730.95 -166536.37
V 15784 -831725.28 -166530.70
V 15792 -831723.20 -166522.95
V 15800 -831723.20 -166451.95
V 15808 -831725.28 -166444.20
V 15816 -831730.95 -166438.53
V 15824 -831738.70 -166436.45
V 15832 -831838.20 -166436.45
V 15840 -831838.20 -166396.45
V 15848 -831738.70 -166396.45
V 15856 -831730.95 -166394.37
V 15864 -831725.28 -166388.70
V 15872 -831723.20 -166380.95
V 15880 -831723.20 -166309.95
V 15888 -831725.28 -166302.20
V 15896 -831730.95 -166296.53
V 15904 -831738.70 -166294.45
V 15912 -831838.20 -166294.45
V 15920 -831838.20 -166254.45
V 15928 -831738.70 -166254.45
V 15936 -831730.95 -166252.37
V 15944 -831725.28 -166246.70
V 15952 -831723.20 -166238.95
V 15960 -831723.20 -166167.95
V 15968 -831725.28 -166160.20
V 15976 -831730.95 -166154.53
V 15984 -831738.70 -166152.45
V 15992 -831838.20 -166152.45
V 16000 -831838.20 -166112.45
V 16008 -831738.70 -166112.45
V 16016 -831730.95 -166110.37
V 16024 -831725.28 -166104.70
V 16032 -831723.20 -166096.95
V 16040 -831723.20 -166025.95
V 16048 -831725.28 -166018.20
V 16056 -831730.95 -166012.53
V 16064 -831738.70 -166010.45
V 16072 -831838.20 -166010.45
V 16080 -831838.20 -165970.45
V 16088 -831738.70 -165970.45
V 16096 -831730.95 -165968.37
V 16104 -831725.28 -165962.70
V 16112 -831723.20 -165954.95
V 16120 -831723.20 -165883.95
V 16128 -831725.28 -165876.20
V 16136 -831730.95 -165870.53
V 16144 -831738.70 -165868.45
V 16152 -831838.20 -165868.45
V 16160 -831838.20 -165828.45
V 16168 -831738.70 -165828.45
V 16176 -831730.95 -165826.37
V 16184 -831725.28 -165820.70
V 16192 -831723.20 -165812.95
V 16200 -831723.20 -165741.95
V 16208 -831725.28 -165734.20
V 16216 -831730.95 -165728.53
V 16224 -831738.70 -165726.45
V 16232 -831838.20 -165726.45
V 16240 -831838.20 -165686.45
V 16248 -831738.70 -165686.45
V 16256 -831730.95 -165684.37
V 16264 -831725.28 -165678.70
V 16272 -831723.20 -165670.95
V 16280 -831723.20 -165599.95
