V 0 -421559.60 -146119.95
V 8 -421559.60 -146162.76
V 16 -421670.73 -146296.93
V 24 -421880.36 -146513.36
V 32 -421880.51 -146513.51
V 40 -422092.52 -146729.45
V 48 -422384.89 -146990.33
V 56 -422385.01 -146990.45
V 64 -422385.13 -146990.56
V 72 -422385.53 -146990.94
V 80 -422385.91 -146991.34
V 88 -422386.18 -146991.64
V 96 -422386.25 -146991.71
V 104 -422512.09 -147136.05
V 112 -422805.84 -147398.16
V 120 -422805.96 -147398.28
V 128 -422806.08 -147398.39
V 136 -422806.48 -147398.77
V 144 -422806.86 -147399.17
V 152 -422807.13 -147399.46
V 160 -422807.21 -147399.55
V 168 -422933.36 -147544.37
V 176 -423230.81 -147807.60
V 184 -423230.93 -147807.72
V 192 -423231.10 -147807.87
V 200 -423231.50 -147808.25
V 208 -423231.75 -147808.52
V 216 -423231.87 -147808.63
V 224 -423357.31 -147942.88
V 232 -423578.50 -148143.02
V 240 -423578.53 -148143.05
V 248 -423796.53 -148341.51
V 256 -424078.48 -148575.77
V 264 -424078.51 -148575.79
V 272 -424078.67 -148575.93
V 280 -424078.72 -148575.97
V 288 -424079.32 -148576.51
V 296 -424079.72 -148576.89
V 304 -424080.10 -148577.29
V 312 -424080.13 -148577.32
V 320 -424207.17 -148714.45
V 328 -424507.93 -148963.35
V 336 -424508.04 -148963.43
V 344 -424508.46 -148963.79
V 352 -424508.87 -148964.16
V 360 -424509.27 -148964.54
V 368 -424509.31 -148964.59
V 376 -424509.34 -148964.61
V 384 -424633.99 -149090.91
V 392 -424864.18 -149287.01
V 400 -424864.21 -149287.04
V 408 -424864.28 -149287.10
V 416 -424864.31 -149287.13
V 424 -425087.41 -149478.50
V 432 -425087.50 -149478.58
V 440 -425361.49 -149692.19
V 448 -425361.97 -149692.56
V 456 -425362.39 -149692.92
V 464 -425362.80 -149693.29
V 472 -425363.20 -149693.67
V 480 -425487.36 -149820.22
V 488 -425734.64 -150018.72
V 496 -425734.78 -150018.83
V 504 -425734.91 -150018.94
V 512 -425964.53 -150202.21
V 520 -426232.19 -150395.21
V 528 -426232.22 -150395.23
V 536 -426232.41 -150395.37
V 544 -426232.85 -150395.71
V 552 -426233.27 -150396.07
V 560 -426233.68 -150396.44
V 568 -426233.82 -150396.58
V 576 -426233.84 -150396.59
V 584 -426362.27 -150519.66
V 592 -426660.94 -150735.17
V 600 -426660.97 -150735.19
V 608 -426661.16 -150735.33
V 616 -426661.60 -150735.67
V 624 -426662.02 -150736.03
V 632 -426662.43 -150736.40
V 640 -426662.49 -150736.46
V 648 -426662.53 -150736.49
V 656 -426797.19 -150864.03
V 664 -427069.81 -151053.64
V 672 -427069.95 -151053.73
V 680 -427305.91 -151219.44
V 688 -427565.47 -151382.25
V 696 -427565.61 -151382.34
V 704 -427566.07 -151382.65
V 712 -427566.52 -151382.97
V 720 -427566.96 -151383.31
V 728 -427567.16 -151383.48
V 736 -427567.24 -151383.54
V 744 -427677.64 -151476.86
V 752 -427934.29 -151655.35
V 760 -427934.35 -151655.40
V 768 -428173.33 -151823.22
V 776 -428426.84 -151982.25
V 784 -428426.98 -151982.34
V 792 -428427.44 -151982.65
V 800 -428427.89 -151982.97
V 808 -428428.33 -151983.31
V 816 -428428.59 -151983.53
V 824 -428536.11 -152074.40
V 832 -428798.45 -152256.86
V 840 -428798.59 -152256.95
V 848 -429040.78 -152427.03
V 856 -429288.17 -152582.22
V 864 -429288.31 -152582.31
V 872 -429288.77 -152582.62
V 880 -429289.22 -152582.94
V 888 -429289.66 -152583.28
V 896 -429289.86 -152583.45
V 904 -429289.94 -152583.51
V 912 -429394.53 -152671.91
V 920 -429662.94 -152858.58
V 928 -429663.00 -152858.63
V 936 -429908.19 -153030.82
V 944 -430149.54 -153182.22
V 952 -430149.68 -153182.31
V 960 -430150.14 -153182.62
V 968 -430150.59 -153182.94
V 976 -430151.03 -153183.28
V 984 -430151.29 -153183.50
V 992 -430253.00 -153269.46
V 1000 -430527.09 -153460.08
V 1008 -430527.23 -153460.18
V 1016 -430775.64 -153634.63
V 1024 -431010.92 -153782.21
V 1032 -431011.06 -153782.30
V 1040 -431011.52 -153782.61
V 1048 -431011.97 -153782.93
V 1056 -431012.41 -153783.27
V 1064 -431012.61 -153783.44
V 1072 -431012.69 -153783.50
V 1080 -431111.50 -153867.02
V 1088 -431391.41 -154061.69
V 1096 -431391.55 -154061.79
V 1104 -431643.05 -154238.41
V 1112 -431872.25 -154382.19
V 1120 -431872.39 -154382.28
V 1128 -431872.85 -154382.59
V 1136 -431873.30 -154382.91
V 1144 -431873.74 -154383.25
V 1152 -431874.00 -154383.47
V 1160 -431969.86 -154464.48
V 1168 -432255.35 -154663.02
V 1176 -432516.60 -154846.76
V 1184 -432786.38 -155012.95
V 1192 -432786.55 -155013.06
V 1200 -432787.01 -155013.37
V 1208 -432787.46 -155013.69
V 1216 -432787.90 -155014.03
V 1224 -432920.42 -155114.44
V 1232 -433223.16 -155300.34
V 1240 -433223.18 -155300.35
V 1248 -433454.92 -155443.16
V 1256 -433687.76 -155581.40
V 1264 -433687.94 -155581.51
V 1272 -433959.09 -155742.82
V 1280 -434166.75 -155851.08
V 1288 -434167.23 -155851.34
V 1296 -434167.71 -155851.61
V 1304 -434168.18 -155851.90
V 1312 -434168.64 -155852.21
V 1320 -434168.90 -155852.40
V 1328 -434168.94 -155852.42
V 1336 -434254.70 -155915.04
V 1344 -434565.81 -156097.73
V 1352 -434565.87 -156097.77
V 1360 -434835.34 -156258.43
V 1368 -435060.41 -156375.98
V 1376 -435060.51 -156376.04
V 1384 -435060.66 -156376.12
V 1392 -435061.14 -156376.39
V 1400 -435061.61 -156376.68
V 1408 -435062.01 -156376.95
V 1416 -435062.11 -156377.01
V 1424 -435178.09 -156458.02
V 1432 -435518.22 -156643.16
V 1440 -435518.28 -156643.19
V 1448 -435518.33 -156643.22
V 1456 -435738.73 -156763.23
V 1464 -435738.76 -156763.24
V 1472 -435952.41 -156879.39
V 1480 -436231.60 -157033.37
V 1488 -436421.26 -157124.14
V 1496 -436421.76 -157124.38
V 1504 -436422.25 -157124.64
V 1512 -436422.73 -157124.91
V 1520 -436423.20 -157125.20
V 1528 -436423.49 -157125.40
V 1536 -436423.55 -157125.43
V 1544 -436523.66 -157193.68
V 1552 -436890.60 -157383.10
V 1560 -436890.82 -157383.21
V 1568 -437112.04 -157497.41
V 1576 -437112.26 -157497.52
V 1584 -437325.55 -157607.46
V 1592 -437325.64 -157607.51
V 1600 -437612.80 -157757.89
V 1608 -437788.73 -157837.17
V 1616 -437788.81 -157837.20
V 1624 -437789.31 -157837.44
V 1632 -437789.80 -157837.70
V 1640 -437790.28 -157837.97
V 1648 -437790.75 -157838.26
V 1656 -437790.98 -157838.42
V 1664 -437859.81 -157883.42
V 1672 -438214.49 -158066.49
V 1680 -438214.71 -158066.60
V 1688 -438435.93 -158180.82
V 1696 -438436.15 -158180.93
V 1704 -438648.88 -158290.58
V 1712 -438648.97 -158290.63
V 1720 -438941.72 -158443.93
V 1728 -439107.11 -158518.47
V 1736 -439107.19 -158518.50
V 1744 -439107.69 -158518.74
V 1752 -439108.18 -158519.00
V 1760 -439108.66 -158519.27
V 1768 -439109.13 -158519.56
V 1776 -439172.79 -158561.18
V 1784 -439538.32 -158749.87
V 1792 -439538.54 -158749.98
V 1800 -439759.81 -158864.22
V 1808 -439760.03 -158864.33
V 1816 -439972.82 -158974.02
V 1824 -439972.87 -158974.05
V 1832 -439973.15 -158974.20
V 1840 -440265.57 -159127.16
V 1848 -440496.70 -159232.38
V 1856 -440497.22 -159232.63
V 1864 -440497.71 -159232.89
V 1872 -440498.11 -159233.11
V 1880 -440659.63 -159327.68
V 1888 -441071.20 -159506.51
V 1896 -441294.35 -159603.46
V 1904 -441517.18 -159700.26
V 1912 -441741.57 -159797.78
V 1920 -441741.83 -159797.90
V 1928 -441741.86 -159797.91
V 1936 -441953.17 -159889.51
V 1944 -441953.68 -159889.73
V 1952 -441953.82 -159889.80
V 1960 -442268.57 -160029.11
V 1968 -442409.99 -160081.38
V 1976 -442410.01 -160081.39
V 1984 -442410.04 -160081.40
V 1992 -442410.55 -160081.60
V 2000 -442411.06 -160081.82
V 2008 -442411.56 -160082.06
V 2016 -442412.05 -160082.32
V 2024 -442465.96 -160112.59
V 2032 -442873.38 -160287.15
V 2040 -443096.65 -160382.80
V 2048 -443319.66 -160478.33
V 2056 -443544.34 -160574.62
V 2064 -443544.57 -160574.73
V 2072 -443756.06 -160665.14
V 2080 -443756.30 -160665.24
V 2088 -444071.14 -160802.48
V 2096 -444294.67 -160885.04
V 2104 -444294.70 -160885.05
V 2112 -444294.72 -160885.06
V 2120 -444295.23 -160885.26
V 2128 -444295.74 -160885.48
V 2136 -444296.07 -160885.64
V 2144 -444296.12 -160885.66
V 2152 -444478.70 -160975.08
V 2160 -444946.31 -161135.11
V 2168 -444946.47 -161135.16
V 2176 -444946.81 -161135.28
V 2184 -445172.34 -161212.49
V 2192 -445172.50 -161212.54
V 2200 -445172.63 -161212.58
V 2208 -445398.78 -161289.97
V 2216 -445398.99 -161290.05
V 2224 -445624.44 -161367.22
V 2232 -445624.60 -161367.27
V 2240 -445624.94 -161367.39
V 2248 -445850.47 -161444.59
V 2256 -445850.63 -161444.64
V 2264 -445850.97 -161444.76
V 2272 -446076.66 -161522.00
V 2280 -446076.82 -161522.05
V 2288 -446076.95 -161522.09
V 2296 -446302.60 -161599.31
V 2304 -446302.81 -161599.39
V 2312 -446530.58 -161677.40
V 2320 -446530.74 -161677.45
V 2328 -446530.88 -161677.50
V 2336 -446740.13 -161748.86
V 2344 -446740.20 -161748.88
V 2352 -446740.50 -161748.99
V 2360 -447087.11 -161870.75
V 2368 -447422.38 -161964.03
V 2376 -447422.41 -161964.04
V 2384 -447422.95 -161964.19
V 2392 -447423.47 -161964.35
V 2400 -447698.24 -162057.34
V 2408 -448186.94 -162161.60
V 2416 -448187.14 -162161.64
V 2424 -448417.89 -162210.87
V 2432 -448418.09 -162210.91
V 2440 -448879.19 -162309.29
V 2448 -448879.39 -162309.33
V 2456 -449109.85 -162358.50
V 2464 -449110.05 -162358.54
V 2472 -449340.54 -162407.72
V 2480 -449340.74 -162407.76
V 2488 -449570.94 -162456.87
V 2496 -449570.97 -162456.88
V 2504 -449570.99 -162456.88
V 2512 -449571.01 -162456.89
V 2520 -449803.51 -162506.52
V 2528 -449803.68 -162506.56
V 2536 -450022.22 -162553.01
V 2544 -450022.40 -162553.04
V 2552 -450022.65 -162553.10
V 2560 -450326.30 -162619.48
V 2568 -450670.08 -162681.69
V 2576 -450945.08 -162728.69
V 2584 -451081.50 -162750.94
V 2592 -451082.19 -162751.07
V 2600 -451082.25 -162751.08
V 2608 -451082.33 -162751.10
V 2616 -451426.32 -162823.54
V 2624 -451848.21 -162872.98
V 2632 -451848.35 -162872.99
V 2640 -451848.90 -162873.06
V 2648 -451849.16 -162873.10
V 2656 -474345.01 -166692.94
V 2664 -475879.76 -166953.54
V 2672 -477732.01 -167268.06
V 2680 -477732.06 -167268.06
V 2688 -477737.67 -167269.02
V 2696 -477737.71 -167269.03
V 2704 -480715.70 -167774.69
V 2712 -480775.28 -167784.81
V 2720 -484380.38 -168396.96
V 2728 -484573.41 -168429.74
V 2736 -492370.95 -169753.78
V 2744 -492371.11 -169753.81
V 2752 -492371.13 -169753.81
V 2760 -492371.88 -169753.94
V 2768 -492371.90 -169753.94
V 2776 -496532.02 -170460.34
V 2784 -496579.14 -170468.34
V 2792 -497945.00 -170700.27
V 2800 -497945.05 -170700.27
V 2808 -497945.46 -170700.34
V 2816 -497945.50 -170700.35
V 2824 -511887.71 -173067.77
V 2832 -511891.91 -173068.48
V 2840 -520944.08 -174605.56
V 2848 -525589.58 -175394.37
V 2856 -525590.85 -175394.59
V 2864 -530932.41 -176301.60
V 2872 -530932.45 -176301.60
V 2880 -530932.99 -176301.69
V 2888 -530933.03 -176301.70
V 2896 -536368.79 -177224.71
V 2904 -536375.40 -177227.52
V 2912 -536380.04 -177233.00
V 2920 -536381.70 -177239.99
V 2928 -536381.70 -177299.45
V 2936 -536423.70 -177299.45
V 2944 -536431.45 -177301.53
V 2952 -536437.12 -177307.20
V 2960 -536439.20 -177314.95
V 2968 -536439.20 -177385.95
V 2976 -536437.12 -177393.70
V 2984 -536431.45 -177399.37
V 2992 -536423.70 -177401.45
V 3000 -536324.20 -177401.45
V 3008 -536324.20 -177441.45
V 3016 -536423.70 -177441.45
V 3024 -536431.45 -177443.53
V 3032 -536437.12 -177449.20
V 3040 -536439.20 -177456.95
V 3048 -536439.20 -177527.95
V 3056 -536437.12 -177535.70
V 3064 -536431.45 -177541.37
V 3072 -536423.70 -177543.45
V 3080 -536324.20 -177543.45
V 3088 -536324.20 -177583.45
V 3096 -536423.70 -177583.45
V 3104 -536431.45 -177585.53
V 3112 -536437.12 -177591.20
V 3120 -536439.20 -177598.95
V 3128 -536439.20 -177669.95
V 3136 -536437.12 -177677.70
V 3144 -536431.45 -177683.37
V 3152 -536423.70 -177685.45
V 3160 -536324.20 -177685.45
V 3168 -536324.20 -177725.45
V 3176 -536423.70 -177725.45
V 3184 -536431.45 -177727.53
V 3192 -536437.12 -177733.20
V 3200 -536439.20 -177740.95
V 3208 -536439.20 -177811.95
V 3216 -536437.12 -177819.70
V 3224 -536431.45 -177825.37
V 3232 -536423.70 -177827.45
V 3240 -536324.20 -177827.45
V 3248 -536324.20 -177867.45
V 3256 -536423.70 -177867.45
V 3264 -536431.45 -177869.53
V 3272 -536437.12 -177875.20
V 3280 -536439.20 -177882.95
V 3288 -536439.20 -177953.95
V 3296 -536437.12 -177961.70
V 3304 -536431.45 -177967.37
V 3312 -536423.70 -177969.45
V 3320 -536324.20 -177969.45
V 3328 -536324.20 -178009.45
V 3336 -536423.70 -178009.45
V 3344 -536431.45 -178011.53
V 3352 -536437.12 -178017.20
V 3360 -536439.20 -178024.95
V 3368 -536439.20 -178095.95
V 3376 -536437.12 -178103.70
V 3384 -536431.45 -178109.37
V 3392 -536423.70 -178111.45
V 3400 -536324.20 -178111.45
V 3408 -536324.20 -178151.45
V 3416 -536423.70 -178151.45
V 3424 -536431.45 -178153.53
V 3432 -536437.12 -178159.20
V 3440 -536439.20 -178166.95
V 3448 -536439.20 -178237.95
V 3456 -536437.12 -178245.70
V 3464 -536431.45 -178251.37
V 3472 -536423.70 -178253.45
V 3480 -536324.20 -178253.45
V 3488 -536324.20 -178293.45
V 3496 -536423.70 -178293.45
V 3504 -536431.45 -178295.53
V 3512 -536437.12 -178301.20
V 3520 -536439.20 -178308.95
V 3528 -536439.20 -178379.95
V 3536 -536437.12 -178387.70
V 3544 -536431.45 -178393.37
V 3552 -536423.70 -178395.45
V 3560 -536381.70 -178395.45
V 3568 -536381.70 -178404.45
V 3576 -536350.70 -178404.45
V 3584 -536350.70 -178379.95
V 3592 -536350.74 -178378.84
V 3600 -536350.86 -178377.74
V 3608 -536351.05 -178376.66
V 3616 -536351.33 -178375.58
V 3624 -536351.68 -178374.53
V 3632 -536352.10 -178373.51
V 3640 -536352.60 -178372.52
V 3648 -536353.16 -178371.57
V 3656 -536353.79 -178370.66
V 3664 -536354.49 -178369.80
V 3672 -536355.24 -178368.99
V 3680 -536356.05 -178368.24
V 3688 -536356.91 -178367.54
V 3696 -536357.82 -178366.91
V 3704 -536358.77 -178366.35
V 3712 -536359.76 -178365.85
V 3720 -536360.78 -178365.43
V 3728 -536361.83 -178365.08
V 3736 -536362.91 -178364.80
V 3744 -536363.99 -178364.61
V 3752 -536365.09 -178364.49
V 3760 -536366.20 -178364.45
V 3768 -536408.20 -178364.45
V 3776 -536408.20 -178324.45
V 3784 -536308.70 -178324.45
V 3792 -536300.95 -178322.37
V 3800 -536295.28 -178316.70
V 3808 -536293.20 -178308.95
V 3816 -536293.20 -178237.95
V 3824 -536295.28 -178230.20
V 3832 -536300.95 -178224.53
V 3840 -536308.70 -178222.45
V 3848 -536408.20 -178222.45
V 3856 -536408.20 -178182.45
V 3864 -536308.70 -178182.45
V 3872 -536300.95 -178180.37
V 3880 -536295.28 -178174.70
V 3888 -536293.20 -178166.95
V 3896 -536293.20 -178095.95
V 3904 -536295.28 -178088.20
V 3912 -536300.95 -178082.53
V 3920 -536308.70 -178080.45
V 3928 -536408.20 -178080.45
V 3936 -536408.20 -178040.45
V 3944 -536308.70 -178040.45
V 3952 -536300.95 -178038.37
V 3960 -536295.28 -178032.70
V 3968 -536293.20 -178024.95
V 3976 -536293.20 -177953.95
V 3984 -536295.28 -177946.20
V 3992 -536300.95 -177940.53
V 4000 -536308.70 -177938.45
V 4008 -536408.20 -177938.45
V 4016 -536408.20 -177898.45
V 4024 -536308.70 -177898.45
V 4032 -536300.95 -177896.37
V 4040 -536295.28 -177890.70
V 4048 -536293.20 -177882.95
V 4056 -536293.20 -177811.95
V 4064 -536295.28 -177804.20
V 4072 -536300.95 -177798.53
V 4080 -536308.70 -177796.45
V 4088 -536408.20 -177796.45
V 4096 -536408.20 -177756.45
V 4104 -536308.70 -177756.45
V 4112 -536300.95 -177754.37
V 4120 -536295.28 -177748.70
V 4128 -536293.20 -177740.95
V 4136 -536293.20 -177669.95
V 4144 -536295.28 -177662.20
V 4152 -536300.95 -177656.53
V 4160 -536308.70 -177654.45
V 4168 -536408.20 -177654.45
V 4176 -536408.20 -177614.45
V 4184 -536308.70 -177614.45
V 4192 -536300.95 -177612.37
V 4200 -536295.28 -177606.70
V 4208 -536293.20 -177598.95
V 4216 -536293.20 -177527.95
V 4224 -536295.28 -177520.20
V 4232 -536300.95 -177514.53
V 4240 -536308.70 -177512.45
V 4248 -536408.20 -177512.45
V 4256 -536408.20 -177472.45
V 4264 -536308.70 -177472.45
V 4272 -536300.95 -177470.37
V 4280 -536295.28 -177464.70
V 4288 -536293.20 -177456.95
V 4296 -536293.20 -177385.95
V 4304 -536295.28 -177378.20
V 4312 -536300.95 -177372.53
V 4320 -536308.70 -177370.45
V 4328 -536408.20 -177370.45
V 4336 -536408.20 -177330.45
V 4344 -536366.20 -177330.45
V 4352 -536358.45 -177328.37
V 4360 -536352.78 -177322.70
V 4368 -536350.70 -177314.95
V 4376 -536350.70 -177253.08
V 4384 -530927.93 -176332.27
V 4392 -530927.89 -176332.27
V 4400 -530927.35 -176332.18
V 4408 -530927.31 -176332.17
V 4416 -525585.55 -175425.13
V 4424 -525584.34 -175424.92
V 4432 -520938.90 -174636.12
V 4440 -511886.73 -173099.04
V 4448 -511882.53 -173098.33
V 4456 -497940.29 -170730.90
V 4464 -497940.24 -170730.90
V 4472 -497939.83 -170730.83
V 4480 -497939.79 -170730.82
V 4488 -496526.84 -170490.90
V 4496 -492366.72 -169784.50
V 4504 -492366.56 -169784.47
V 4512 -492366.54 -169784.47
V 4520 -492365.79 -169784.34
V 4528 -492365.77 -169784.34
V 4536 -484568.21 -168460.30
V 4544 -484375.18 -168427.52
V 4552 -481619.39 -167959.58
V 4560 -480740.29 -167810.31
V 4568 -480710.50 -167805.25
V 4576 -477732.50 -167299.58
V 4584 -477732.45 -167299.58
V 4592 -477726.84 -167298.62
V 4600 -477726.80 -167298.61
V 4608 -475874.58 -166984.10
V 4616 -474339.83 -166723.50
V 4624 -451844.43 -162903.74
V 4632 -451422.22 -162854.26
V 4640 -451422.08 -162854.25
V 4648 -451421.53 -162854.18
V 4656 -451420.99 -162854.09
V 4664 -451420.49 -162854.00
V 4672 -451420.41 -162853.98
V 4680 -451076.18 -162781.49
V 4688 -450940.08 -162759.29
V 4696 -450939.97 -162759.27
V 4704 -450664.86 -162712.25
V 4712 -450664.71 -162712.22
V 4720 -450320.51 -162649.93
V 4728 -450320.38 -162649.90
V 4736 -450319.98 -162649.83
V 4744 -450319.73 -162649.77
V 4752 -450015.99 -162583.37
V 4760 -450015.82 -162583.34
V 4768 -450015.65 -162583.30
V 4776 -449797.11 -162536.85
V 4784 -449796.98 -162536.83
V 4792 -449796.95 -162536.82
V 4800 -449796.93 -162536.82
V 4808 -449796.91 -162536.81
V 4816 -449564.41 -162487.18
V 4824 -449564.31 -162487.16
V 4832 -449334.16 -162438.06
V 4840 -449333.96 -162438.02
V 4848 -449103.47 -162388.84
V 4856 -449103.27 -162388.80
V 4864 -448872.81 -162339.63
V 4872 -448872.61 -162339.59
V 4880 -448411.51 -162241.21
V 4888 -448411.31 -162241.17
V 4896 -448180.56 -162191.94
V 4904 -448180.36 -162191.90
V 4912 -447690.95 -162087.48
V 4920 -447690.85 -162087.46
V 4928 -447690.31 -162087.33
V 4936 -447689.77 -162087.18
V 4944 -447689.25 -162087.02
V 4952 -447413.97 -161993.86
V 4960 -447078.64 -161900.57
V 4968 -447078.61 -161900.56
V 4976 -447078.07 -161900.41
V 4984 -447077.55 -161900.25
V 4992 -447077.25 -161900.14
V 5000 -446730.47 -161778.32
V 5008 -446730.42 -161778.30
V 5016 -446730.28 -161778.25
V 5024 -446521.03 -161706.89
V 5032 -446520.96 -161706.87
V 5040 -446520.62 -161706.75
V 5048 -446292.85 -161628.74
V 5056 -446292.69 -161628.69
V 5064 -446292.56 -161628.65
V 5072 -446066.91 -161551.43
V 5080 -446066.70 -161551.35
V 5088 -445841.01 -161474.11
V 5096 -445840.85 -161474.06
V 5104 -445840.51 -161473.94
V 5112 -445614.98 -161396.74
V 5120 -445614.82 -161396.69
V 5128 -445614.48 -161396.57
V 5136 -445389.03 -161319.40
V 5144 -445388.87 -161319.35
V 5152 -445388.74 -161319.31
V 5160 -445162.59 -161241.92
V 5168 -445162.38 -161241.84
V 5176 -444936.85 -161164.63
V 5184 -444936.69 -161164.58
V 5192 -444936.35 -161164.46
V 5200 -444467.99 -161004.17
V 5208 -444467.83 -161004.12
V 5216 -444467.30 -161003.93
V 5224 -444466.79 -161003.73
V 5232 -444466.28 -161003.51
V 5240 -444465.93 -161003.34
V 5248 -444465.90 -161003.33
V 5256 -444283.18 -160913.84
V 5264 -444059.99 -160831.41
V 5272 -444059.43 -160831.19
V 5280 -444059.17 -160831.08
V 5288 -443743.99 -160693.69
V 5296 -443743.84 -160693.62
V 5304 -443532.35 -160603.21
V 5312 -443532.30 -160603.19
V 5320 -443532.14 -160603.12
V 5328 -443532.12 -160603.12
V 5336 -443307.44 -160506.83
V 5344 -442861.18 -160315.65
V 5352 -442453.03 -160140.78
V 5360 -442452.98 -160140.75
V 5368 -442452.69 -160140.63
V 5376 -442452.19 -160140.39
V 5384 -442451.70 -160140.13
V 5392 -442398.12 -160110.04
V 5400 -442257.44 -160058.05
V 5408 -442257.39 -160058.03
V 5416 -442256.88 -160057.83
V 5424 -442256.37 -160057.61
V 5432 -442256.23 -160057.54
V 5440 -441941.27 -159918.13
V 5448 -441940.80 -159917.93
V 5456 -441940.77 -159917.92
V 5464 -441729.46 -159826.32
V 5472 -441729.23 -159826.22
V 5480 -441729.21 -159826.22
V 5488 -441504.82 -159728.70
V 5496 -441281.99 -159631.90
V 5504 -441058.84 -159534.95
V 5512 -440646.44 -159355.76
V 5520 -440646.34 -159355.71
V 5528 -440646.18 -159355.64
V 5536 -440645.68 -159355.40
V 5544 -440645.19 -159355.14
V 5552 -440644.79 -159354.92
V 5560 -440483.13 -159260.27
V 5568 -440252.45 -159155.25
V 5576 -440251.95 -159155.01
V 5584 -440251.44 -159154.74
V 5592 -439958.88 -159001.71
V 5600 -439958.62 -159001.58
V 5608 -439745.83 -158891.89
V 5616 -439524.50 -158777.62
V 5624 -439524.34 -158777.54
V 5632 -439158.04 -158588.45
V 5640 -439157.88 -158588.37
V 5648 -439157.55 -158588.19
V 5656 -439157.07 -158587.92
V 5664 -439156.60 -158587.63
V 5672 -439093.30 -158546.24
V 5680 -438928.59 -158472.01
V 5688 -438928.51 -158471.98
V 5696 -438928.01 -158471.74
V 5704 -438927.82 -158471.64
V 5712 -438927.76 -158471.61
V 5720 -438634.68 -158318.14
V 5728 -438421.95 -158208.49
V 5736 -438200.67 -158094.24
V 5744 -438200.51 -158094.16
V 5752 -437845.06 -157910.69
V 5760 -437844.90 -157910.61
V 5768 -437844.57 -157910.43
V 5776 -437844.09 -157910.16
V 5784 -437843.62 -157909.87
V 5792 -437843.39 -157909.71
V 5800 -437774.92 -157864.94
V 5808 -437599.67 -157785.97
V 5816 -437599.59 -157785.94
V 5824 -437599.09 -157785.70
V 5832 -437598.90 -157785.60
V 5840 -437598.84 -157785.57
V 5848 -437311.35 -157635.02
V 5856 -437098.06 -157525.08
V 5864 -436876.78 -157410.85
V 5872 -436876.62 -157410.77
V 5880 -436508.74 -157220.86
V 5888 -436508.58 -157220.78
V 5896 -436508.25 -157220.60
V 5904 -436507.77 -157220.33
V 5912 -436507.30 -157220.04
V 5920 -436507.02 -157219.85
V 5928 -436506.95 -157219.81
V 5936 -436407.04 -157151.70
V 5944 -436218.04 -157061.25
V 5952 -436217.54 -157061.01
V 5960 -436217.09 -157060.77
V 5968 -436216.99 -157060.72
V 5976 -435937.61 -156906.63
V 5984 -435723.96 -156790.48
V 5992 -435723.93 -156790.46
V 6000 -435723.88 -156790.43
V 6008 -435503.48 -156670.42
V 6016 -435503.42 -156670.39
V 6024 -435503.37 -156670.36
V 6032 -435162.49 -156484.81
V 6040 -435162.43 -156484.78
V 6048 -435161.95 -156484.51
V 6056 -435161.48 -156484.22
V 6064 -435161.09 -156483.96
V 6072 -435160.98 -156483.89
V 6080 -435045.16 -156402.99
V 6088 -434820.67 -156285.75
V 6096 -434820.46 -156285.63
V 6104 -434820.42 -156285.61
V 6112 -434819.94 -156285.34
V 6120 -434550.11 -156124.47
V 6128 -434238.36 -155941.40
V 6136 -434238.29 -155941.35
V 6144 -434237.83 -155941.07
V 6152 -434237.37 -155940.76
V 6160 -434237.13 -155940.59
V 6168 -434237.07 -155940.55
V 6176 -434151.58 -155878.13
V 6184 -433944.61 -155770.23
V 6192 -433944.39 -155770.11
V 6200 -433944.32 -155770.07
V 6208 -433944.13 -155769.97
V 6216 -433943.65 -155769.70
V 6224 -433943.47 -155769.59
V 6232 -433672.07 -155608.13
V 6240 -433671.94 -155608.06
V 6248 -433438.66 -155469.56
V 6256 -433206.92 -155326.75
V 6264 -432903.54 -155140.46
V 6272 -432903.32 -155140.32
V 6280 -432902.86 -155140.01
V 6288 -432902.41 -155139.69
V 6296 -432901.97 -155139.35
V 6304 -432769.46 -155038.94
V 6312 -432499.93 -154872.91
V 6320 -432499.68 -154872.75
V 6328 -432499.39 -154872.55
V 6336 -432499.14 -154872.39
V 6344 -432237.65 -154688.48
V 6352 -431951.61 -154489.56
V 6360 -431951.50 -154489.47
V 6368 -431951.17 -154489.24
V 6376 -431950.73 -154488.90
V 6384 -431950.48 -154488.68
V 6392 -431950.46 -154488.67
V 6400 -431854.86 -154407.88
V 6408 -431626.30 -154264.50
V 6416 -431626.23 -154264.46
V 6424 -431626.16 -154264.41
V 6432 -431625.70 -154264.10
V 6440 -431373.67 -154087.11
V 6448 -431093.28 -153892.10
V 6456 -431092.69 -153891.68
V 6464 -431092.25 -153891.34
V 6472 -431092.07 -153891.19
V 6480 -431091.97 -153891.11
V 6488 -430993.49 -153807.88
V 6496 -430758.89 -153660.72
V 6504 -430758.82 -153660.68
V 6512 -430758.75 -153660.63
V 6520 -430758.29 -153660.32
V 6528 -430509.35 -153485.50
V 6536 -430234.84 -153294.58
V 6544 -430234.25 -153294.16
V 6552 -430233.81 -153293.82
V 6560 -430233.56 -153293.60
V 6568 -430233.54 -153293.59
V 6576 -430132.15 -153207.91
V 6584 -429891.44 -153056.91
V 6592 -429891.37 -153056.87
V 6600 -429891.30 -153056.82
V 6608 -429890.84 -153056.51
V 6616 -429645.24 -152884.04
V 6624 -429376.23 -152696.95
V 6632 -429376.10 -152696.85
V 6640 -429375.79 -152696.63
V 6648 -429375.35 -152696.29
V 6656 -429375.07 -152696.06
V 6664 -429270.74 -152607.89
V 6672 -429024.03 -152453.12
V 6680 -429023.96 -152453.08
V 6688 -429023.89 -152453.03
V 6696 -429023.43 -152452.72
V 6704 -428780.71 -152282.27
V 6712 -428517.95 -152099.51
V 6720 -428517.81 -152099.42
V 6728 -428517.36 -152099.10
V 6736 -428516.92 -152098.76
V 6744 -428516.67 -152098.54
V 6752 -428516.65 -152098.53
V 6760 -428409.45 -152007.94
V 6768 -428156.58 -151849.31
V 6776 -428156.51 -151849.27
V 6784 -428156.44 -151849.22
V 6792 -428155.98 -151848.91
V 6800 -427916.59 -151680.81
V 6808 -427659.34 -151501.90
V 6816 -427659.21 -151501.80
V 6824 -427658.90 -151501.58
V 6832 -427658.46 -151501.24
V 6840 -427658.18 -151501.01
V 6848 -427548.04 -151407.92
V 6856 -427289.16 -151245.53
V 6864 -427289.09 -151245.49
V 6872 -427289.02 -151245.44
V 6880 -427288.56 -151245.13
V 6888 -427052.07 -151079.05
V 6896 -426778.67 -150888.89
V 6904 -426778.53 -150888.80
V 6912 -426778.08 -150888.48
V 6920 -426777.64 -150888.14
V 6928 -426777.22 -150887.78
V 6936 -426776.81 -150887.41
V 6944 -426776.75 -150887.35
V 6952 -426776.71 -150887.32
V 6960 -426641.98 -150759.72
V 6968 -426343.28 -150544.19
V 6976 -426343.25 -150544.17
V 6984 -426343.06 -150544.03
V 6992 -426342.62 -150543.69
V 7000 -426342.20 -150543.33
V 7008 -426341.79 -150542.96
V 7016 -426341.65 -150542.82
V 7024 -426341.63 -150542.81
V 7032 -426213.20 -150419.74
V 7040 -425946.14 -150227.17
V 7048 -425946.08 -150227.12
V 7056 -425945.92 -150227.01
V 7064 -425945.48 -150226.67
V 7072 -425945.35 -150226.56
V 7080 -425715.63 -150043.21
V 7088 -425715.32 -150042.97
V 7096 -425715.24 -150042.91
V 7104 -425467.35 -149843.91
V 7112 -425467.21 -149843.80
V 7120 -425466.79 -149843.44
V 7128 -425466.38 -149843.07
V 7136 -425465.98 -149842.69
V 7144 -425465.92 -149842.62
V 7152 -425465.88 -149842.59
V 7160 -425341.88 -149716.20
V 7168 -425068.40 -149502.99
V 7176 -425067.96 -149502.65
V 7184 -425067.54 -149502.29
V 7192 -425067.51 -149502.26
V 7200 -424844.41 -149310.89
V 7208 -424844.08 -149310.61
V 7216 -424613.38 -149114.07
V 7224 -424613.32 -149114.01
V 7232 -424613.28 -149113.98
V 7240 -424612.87 -149113.61
V 7248 -424612.47 -149113.23
V 7256 -424487.81 -148986.93
V 7264 -424186.88 -148737.89
V 7272 -424186.77 -148737.81
V 7280 -424186.35 -148737.45
V 7288 -424185.94 -148737.08
V 7296 -424185.54 -148736.70
V 7304 -424185.13 -148736.27
V 7312 -424058.10 -148599.15
V 7320 -423776.73 -148365.37
V 7328 -423776.70 -148365.35
V 7336 -423776.30 -148365.00
V 7344 -423776.17 -148364.88
V 7352 -423776.02 -148364.75
V 7360 -423557.70 -148166.00
V 7368 -423335.99 -147965.39
V 7376 -423335.92 -147965.32
V 7384 -423335.83 -147965.24
V 7392 -423335.43 -147964.86
V 7400 -423335.19 -147964.61
V 7408 -423335.06 -147964.48
V 7416 -423209.71 -147830.32
V 7424 -422912.06 -147566.92
V 7432 -422911.98 -147566.84
V 7440 -422911.77 -147566.65
V 7448 -422911.37 -147566.27
V 7456 -422910.99 -147565.87
V 7464 -422910.72 -147565.57
V 7472 -422910.64 -147565.49
V 7480 -422784.49 -147420.66
V 7488 -422490.74 -147158.56
V 7496 -422490.62 -147158.44
V 7504 -422490.50 -147158.33
V 7512 -422490.10 -147157.95
V 7520 -422489.72 -147157.55
V 7528 -422489.45 -147157.25
V 7536 -422489.38 -147157.18
V 7544 -422363.54 -147012.84
V 7552 -422071.53 -146752.28
V 7560 -422070.89 -146751.67
V 7568 -422070.85 -146751.62
V 7576 -422070.79 -146751.57
V 7584 -421858.39 -146535.23
V 7592 -421858.33 -146535.16
V 7600 -421858.27 -146535.10
V 7608 -421648.19 -146318.20
V 7616 -421648.14 -146318.15
V 7624 -421647.76 -146317.75
V 7632 -421647.39 -146317.34
V 7640 -421647.28 -146317.21
V 7648 -421647.16 -146317.08
V 7656 -421532.16 -146178.24
V 7664 -421529.51 -146173.61
V 7672 -421528.60 -146168.35
V 7680 -421528.60 -146119.95
