V 0 -967660.28 -178088.20
V 8 -967665.95 -178082.53
V 16 -967673.70 -178080.45
V 24 -967773.20 -178080.45
V 32 -967773.20 -178040.45
V 40 -967731.20 -178040.45
V 48 -967723.45 -178038.37
V 56 -967717.78 -178032.70
V 64 -967715.70 -178024.95
V 72 -967715.70 -177942.73
V 80 -967717.36 -177935.74
V 88 -967722.00 -177930.26
V 96 -967728.61 -177927.45
V 104 -970651.48 -177431.14
V 112 -971356.57 -177311.41
V 120 -971508.06 -177285.69
V 128 -972266.33 -177156.93
V 136 -972678.46 -177086.95
V 144 -972996.98 -177032.87
V 152 -973211.75 -176996.40
V 160 -973461.58 -176953.98
V 168 -973676.34 -176917.51
V 176 -973926.18 -176875.09
V 184 -974140.94 -176838.62
V 192 -974390.79 -176796.20
V 200 -974605.56 -176759.73
V 208 -974855.39 -176717.31
V 216 -975070.15 -176680.84
V 224 -975319.99 -176638.41
V 232 -975534.77 -176601.95
V 240 -979020.44 -176010.07
V 248 -981924.77 -175516.91
V 256 -982015.61 -175501.48
V 264 -982131.59 -175481.79
V 272 -984391.10 -175098.12
V 280 -985560.08 -174899.63
V 288 -989715.97 -174193.95
V 296 -989716.01 -174193.94
V 304 -989716.41 -174193.87
V 312 -989716.49 -174193.86
V 320 -992032.23 -173800.64
V 328 -992768.87 -173675.56
V 336 -993069.30 -173624.55
V 344 -994525.20 -173377.33
V 352 -1002113.47 -172088.83
V 360 -1004686.04 -171652.00
V 368 -1011920.02 -170423.66
V 376 -1012816.38 -170271.45
V 384 -1021608.00 -168778.62
V 392 -1022883.42 -168562.05
V 400 -1023663.60 -168429.57
V 408 -1024566.65 -168276.23
V 416 -1025593.30 -168101.90
V 424 -1025652.35 -168091.87
V 432 -1026421.65 -167961.25
V 440 -1038349.24 -165935.92
V 448 -1038975.35 -165829.60
V 456 -1044183.43 -164945.26
V 464 -1044183.54 -164945.24
V 472 -1044183.81 -164945.20
V 480 -1044184.36 -164945.13
V 488 -1044184.40 -164945.13
V 496 -1044184.52 -164945.11
V 504 -1044719.84 -164893.10
V 512 -1045177.41 -164795.10
V 520 -1045178.17 -164794.96
V 528 -1045263.41 -164781.10
V 536 -1045519.66 -164737.28
V 544 -1045519.68 -164737.28
V 552 -1045747.97 -164698.56
V 560 -1046213.14 -164619.57
V 568 -1046606.80 -164552.73
V 576 -1046994.27 -164467.87
V 584 -1046994.43 -164467.83
V 592 -1046994.67 -164467.79
V 600 -1047222.05 -164418.18
V 608 -1047222.40 -164418.10
V 616 -1047222.64 -164418.06
V 624 -1047452.92 -164367.80
V 632 -1047453.27 -164367.72
V 640 -1047453.51 -164367.68
V 648 -1047683.32 -164317.52
V 656 -1047683.67 -164317.44
V 664 -1047683.91 -164317.40
V 672 -1047913.81 -164267.22
V 680 -1047914.16 -164267.14
V 688 -1047914.33 -164267.11
V 696 -1048144.36 -164216.90
V 704 -1048144.61 -164216.84
V 712 -1048144.85 -164216.80
V 720 -1048623.98 -164112.26
V 728 -1048971.72 -164007.82
V 736 -1048972.22 -164007.68
V 744 -1049879.57 -163773.56
V 752 -1050308.54 -163565.38
V 760 -1050309.10 -163565.11
V 768 -1050309.61 -163564.89
V 776 -1050310.12 -163564.69
V 784 -1050310.65 -163564.50
V 792 -1050433.13 -163523.04
V 800 -1050433.24 -163523.01
V 808 -1050697.23 -163434.19
V 816 -1050697.31 -163434.16
V 824 -1051005.50 -163330.39
V 832 -1051112.56 -163294.35
V 840 -1051895.08 -163030.88
V 848 -1052154.61 -162933.08
V 856 -1052154.99 -162932.94
V 864 -1053027.51 -162627.53
V 872 -1053427.93 -162394.77
V 880 -1053427.97 -162394.75
V 888 -1053428.29 -162394.57
V 896 -1053428.78 -162394.31
V 904 -1053429.28 -162394.07
V 912 -1053429.50 -162393.97
V 920 -1053602.05 -162319.45
V 928 -1053602.07 -162319.44
V 936 -1053821.82 -162224.90
V 944 -1054045.42 -162128.67
V 952 -1054074.12 -162116.31
V 960 -1054074.26 -162116.26
V 968 -1054074.32 -162116.23
V 976 -1054074.83 -162116.03
V 984 -1054075.18 -162115.90
V 992 -1054798.65 -161865.29
V 1000 -1055196.68 -161633.57
V 1008 -1055196.81 -161633.51
V 1016 -1055197.05 -161633.37
V 1024 -1055197.54 -161633.11
V 1032 -1055198.04 -161632.87
V 1040 -1055198.33 -161632.74
V 1048 -1055387.38 -161551.10
V 1056 -1055607.32 -161456.48
V 1064 -1055894.71 -161332.79
V 1072 -1056122.22 -161227.99
V 1080 -1056122.55 -161227.84
V 1088 -1056912.07 -160886.17
V 1096 -1057283.66 -160637.06
V 1104 -1057283.68 -160637.05
V 1112 -1057284.14 -160636.74
V 1120 -1057284.61 -160636.45
V 1128 -1057285.09 -160636.18
V 1136 -1057285.32 -160636.06
V 1144 -1057285.40 -160636.01
V 1152 -1057513.60 -160517.92
V 1160 -1057558.75 -160494.63
V 1168 -1057558.90 -160494.56
V 1176 -1057559.42 -160494.31
V 1184 -1057559.68 -160494.20
V 1192 -1057559.74 -160494.17
V 1200 -1058225.55 -160208.28
V 1208 -1058596.16 -159959.56
V 1216 -1058596.42 -159959.39
V 1224 -1058596.89 -159959.10
V 1232 -1058597.37 -159958.83
V 1240 -1058597.68 -159958.66
V 1248 -1058829.62 -159838.64
V 1256 -1058829.80 -159838.55
V 1264 -1058890.31 -159807.33
V 1272 -1058890.48 -159807.24
V 1280 -1058890.98 -159807.00
V 1288 -1058891.25 -159806.88
V 1296 -1058891.30 -159806.86
V 1304 -1059544.32 -159526.46
V 1312 -1059907.84 -159282.50
V 1320 -1059907.86 -159282.48
V 1328 -1059908.06 -159282.35
V 1336 -1059908.89 -159281.83
V 1344 -1059909.75 -159281.36
V 1352 -1059913.02 -159279.72
V 1360 -1060153.30 -159155.38
V 1368 -1060153.48 -159155.29
V 1376 -1060221.68 -159120.10
V 1384 -1060221.85 -159120.01
V 1392 -1060222.35 -159119.77
V 1400 -1060222.62 -159119.65
V 1408 -1060222.67 -159119.63
V 1416 -1060863.09 -158844.64
V 1424 -1061249.99 -158584.99
V 1432 -1061250.25 -158584.82
V 1440 -1061250.72 -158584.53
V 1448 -1061251.20 -158584.26
V 1456 -1061251.69 -158584.00
V 1464 -1061251.74 -158583.97
V 1472 -1061395.55 -158508.24
V 1480 -1061708.02 -158321.91
V 1488 -1061708.25 -158321.77
V 1496 -1061782.79 -158277.86
V 1504 -1061782.92 -158277.78
V 1512 -1061783.40 -158277.51
V 1520 -1061783.89 -158277.25
V 1528 -1062393.37 -157972.33
V 1536 -1062709.33 -157736.00
V 1544 -1062709.63 -157735.77
V 1552 -1062710.08 -157735.45
V 1560 -1062710.54 -157735.14
V 1568 -1062711.01 -157734.85
V 1576 -1062711.49 -157734.58
V 1584 -1062711.98 -157734.32
V 1592 -1063265.77 -157456.94
V 1600 -1063605.89 -157202.54
V 1608 -1063606.19 -157202.31
V 1616 -1063606.64 -157201.99
V 1624 -1063607.10 -157201.68
V 1632 -1063607.57 -157201.39
V 1640 -1063607.66 -157201.34
V 1648 -1063607.72 -157201.30
V 1656 -1063654.16 -157174.43
V 1664 -1063896.64 -157031.14
V 1672 -1063896.71 -157031.10
V 1680 -1063896.84 -157031.03
V 1688 -1064115.78 -156901.92
V 1696 -1064115.86 -156901.87
V 1704 -1064816.14 -156482.91
V 1712 -1065135.89 -156207.50
V 1720 -1065135.92 -156207.48
V 1728 -1065136.28 -156207.17
V 1736 -1065136.72 -156206.83
V 1744 -1065137.17 -156206.51
V 1752 -1065137.63 -156206.20
V 1760 -1065137.98 -156205.98
V 1768 -1065138.00 -156205.97
V 1776 -1065682.82 -155877.32
V 1784 -1065997.54 -155606.49
V 1792 -1065997.58 -155606.46
V 1800 -1065997.92 -155606.17
V 1808 -1065998.36 -155605.83
V 1816 -1065998.81 -155605.51
V 1824 -1065999.27 -155605.20
V 1832 -1065999.62 -155604.98
V 1840 -1065999.64 -155604.97
V 1848 -1066544.55 -155276.27
V 1856 -1066859.33 -155005.41
V 1864 -1066859.37 -155005.38
V 1872 -1066859.71 -155005.09
V 1880 -1066860.15 -155004.75
V 1888 -1066860.60 -155004.43
V 1896 -1066861.06 -155004.12
V 1904 -1066861.41 -155003.90
V 1912 -1066861.43 -155003.89
V 1920 -1067406.44 -154675.12
V 1928 -1067721.13 -154404.32
V 1936 -1067721.17 -154404.29
V 1944 -1067721.51 -154404.00
V 1952 -1067721.95 -154403.66
V 1960 -1067722.40 -154403.34
V 1968 -1067722.86 -154403.03
V 1976 -1067723.21 -154402.81
V 1984 -1067723.23 -154402.80
V 1992 -1068268.20 -154074.04
V 2000 -1068580.65 -153805.19
V 2008 -1068581.30 -153804.66
V 2016 -1068581.98 -153804.17
V 2024 -1068589.03 -153799.33
V 2032 -1068589.08 -153799.29
V 2040 -1068589.54 -153798.98
V 2048 -1068589.86 -153798.78
V 2056 -1069130.06 -153472.92
V 2064 -1069438.84 -153207.20
V 2072 -1069439.50 -153206.67
V 2080 -1069440.18 -153206.17
V 2088 -1069458.51 -153193.59
V 2096 -1069458.61 -153193.53
V 2104 -1069458.90 -153193.33
V 2112 -1069459.21 -153193.14
V 2120 -1069459.27 -153193.10
V 2128 -1069991.83 -152871.84
V 2136 -1070297.85 -152608.51
V 2144 -1070385.71 -152535.62
V 2152 -1070385.79 -152535.55
V 2160 -1070385.88 -152535.48
V 2168 -1070386.08 -152535.33
V 2176 -1070518.48 -152428.93
V 2184 -1070518.59 -152428.83
V 2192 -1070519.03 -152428.49
V 2200 -1071027.43 -152062.97
V 2208 -1071173.95 -151917.98
V 2216 -1071174.26 -151917.69
V 2224 -1071174.67 -151917.32
V 2232 -1071175.09 -151916.96
V 2240 -1071175.53 -151916.62
V 2248 -1071175.67 -151916.52
V 2256 -1071469.32 -151697.50
V 2264 -1071724.84 -151445.63
V 2272 -1071724.97 -151445.51
V 2280 -1071750.47 -151420.95
V 2288 -1071750.64 -151420.79
V 2296 -1071750.68 -151420.75
V 2304 -1071750.87 -151420.57
V 2312 -1071751.28 -151420.20
V 2320 -1071751.70 -151419.84
V 2328 -1071752.03 -151419.58
V 2336 -1071810.01 -151372.72
V 2344 -1071810.25 -151372.51
V 2352 -1071810.69 -151372.17
V 2360 -1071810.80 -151372.09
V 2368 -1071810.93 -151371.99
V 2376 -1072305.89 -151016.22
V 2384 -1072569.74 -150755.15
V 2392 -1072569.89 -150755.00
V 2400 -1072600.49 -150725.54
V 2408 -1072600.62 -150725.42
V 2416 -1072600.68 -150725.37
V 2424 -1072601.09 -150725.00
V 2432 -1072601.51 -150724.64
V 2440 -1072601.84 -150724.38
V 2448 -1072692.47 -150651.13
V 2456 -1072692.71 -150650.92
V 2464 -1072693.08 -150650.63
V 2472 -1072693.11 -150650.61
V 2480 -1073223.11 -150251.04
V 2488 -1073386.56 -150074.70
V 2496 -1073386.66 -150074.61
V 2504 -1073386.97 -150074.28
V 2512 -1073387.37 -150073.90
V 2520 -1073387.78 -150073.53
V 2528 -1073388.20 -150073.17
V 2536 -1073388.39 -150073.02
V 2544 -1073678.73 -149834.32
V 2552 -1073906.80 -149590.34
V 2560 -1073906.88 -149590.26
V 2568 -1073906.96 -149590.17
V 2576 -1073953.43 -149541.40
V 2584 -1073953.47 -149541.36
V 2592 -1073953.69 -149541.13
V 2600 -1073954.26 -149540.59
V 2608 -1074057.17 -149449.29
V 2616 -1074057.63 -149448.89
V 2624 -1074569.47 -149029.35
V 2632 -1074735.75 -148832.24
V 2640 -1074735.80 -148832.18
V 2648 -1074735.98 -148831.97
V 2656 -1074736.01 -148831.94
V 2664 -1074736.12 -148831.81
V 2672 -1074736.49 -148831.40
V 2680 -1074736.87 -148831.00
V 2688 -1074737.27 -148830.62
V 2696 -1074737.36 -148830.53
V 2704 -1075026.71 -148565.51
V 2712 -1075152.38 -148418.01
V 2720 -1075152.42 -148417.97
V 2728 -1075152.47 -148417.91
V 2736 -1075152.84 -148417.50
V 2744 -1075153.22 -148417.10
V 2752 -1075153.62 -148416.72
V 2760 -1075153.65 -148416.70
V 2768 -1075153.71 -148416.63
V 2776 -1075447.19 -148147.71
V 2784 -1075652.39 -147906.84
V 2792 -1075652.47 -147906.75
V 2800 -1075715.42 -147834.01
V 2808 -1075715.45 -147833.98
V 2816 -1075715.80 -147833.59
V 2824 -1075716.18 -147833.19
V 2832 -1075829.18 -147721.95
V 2840 -1075829.45 -147721.70
V 2848 -1075829.51 -147721.64
V 2856 -1075829.78 -147721.39
V 2864 -1076277.61 -147325.18
V 2872 -1076429.43 -147146.45
V 2880 -1076429.48 -147146.38
V 2888 -1076429.84 -147145.96
V 2896 -1076430.21 -147145.55
V 2904 -1076430.59 -147145.15
V 2912 -1076430.80 -147144.95
V 2920 -1076744.26 -146843.47
V 2928 -1076875.03 -146680.03
V 2936 -1076875.31 -146679.66
V 2944 -1076875.67 -146679.24
V 2952 -1076876.04 -146678.83
V 2960 -1076876.42 -146678.43
V 2968 -1077168.60 -146391.38
V 2976 -1077292.97 -146236.21
V 2984 -1077293.29 -146235.79
V 2992 -1077293.65 -146235.37
V 3000 -1077294.02 -146234.96
V 3008 -1077294.40 -146234.56
V 3016 -1077587.12 -145946.95
V 3024 -1077771.84 -145716.51
V 3032 -1077772.16 -145716.09
V 3040 -1077772.30 -145715.92
V 3048 -1077849.34 -145621.08
V 3056 -1077849.49 -145620.89
V 3064 -1077849.85 -145620.47
V 3072 -1077850.22 -145620.06
V 3080 -1077850.27 -145620.01
V 3088 -1077850.32 -145619.95
V 3096 -1078014.17 -145447.41
V 3104 -1078468.94 -144970.90
V 3112 -1078604.80 -144781.84
V 3120 -1078604.82 -144781.82
V 3128 -1078604.98 -144781.59
V 3136 -1078605.32 -144781.15
V 3144 -1078605.68 -144780.73
V 3152 -1078605.77 -144780.63
V 3160 -1078605.89 -144780.48
V 3168 -1078896.21 -144459.41
V 3176 -1079019.40 -144288.66
V 3184 -1079019.56 -144288.44
V 3192 -1079019.90 -144288.00
V 3200 -1079020.26 -144287.58
V 3208 -1079020.34 -144287.49
V 3216 -1079020.47 -144287.33
V 3224 -1079311.89 -143965.01
V 3232 -1079449.03 -143774.90
V 3240 -1079449.07 -143774.85
V 3248 -1079449.19 -143774.68
V 3256 -1079449.53 -143774.24
V 3264 -1079449.66 -143774.08
V 3272 -1079449.76 -143773.96
V 3280 -1079761.78 -143404.96
V 3288 -1079892.01 -143204.62
V 3296 -1079892.28 -143204.23
V 3304 -1079892.60 -143203.78
V 3312 -1079892.94 -143203.34
V 3320 -1079893.01 -143203.26
V 3328 -1080182.63 -142845.10
V 3336 -1080322.81 -142630.05
V 3344 -1080322.95 -142629.82
V 3352 -1080323.26 -142629.36
V 3360 -1080323.31 -142629.29
V 3368 -1080323.43 -142629.11
V 3376 -1080633.29 -142200.83
V 3384 -1080758.06 -141982.77
V 3392 -1080758.08 -141982.74
V 3400 -1080758.18 -141982.56
V 3408 -1080758.47 -141982.09
V 3416 -1080758.83 -141981.55
V 3424 -1081047.41 -141571.22
V 3432 -1081168.26 -141360.33
V 3440 -1081168.38 -141360.13
V 3448 -1081168.67 -141359.66
V 3456 -1081168.96 -141359.22
V 3464 -1081457.84 -140948.43
V 3472 -1081578.69 -140737.54
V 3480 -1081578.81 -140737.34
V 3488 -1081579.10 -140736.87
V 3496 -1081579.39 -140736.43
V 3504 -1081868.25 -140325.67
V 3512 -1081989.05 -140114.87
V 3520 -1081989.17 -140114.67
V 3528 -1081989.46 -140114.20
V 3536 -1081989.75 -140113.76
V 3544 -1082280.75 -139700.09
V 3552 -1082419.55 -139453.12
V 3560 -1082419.64 -139452.97
V 3568 -1082728.93 -138920.25
V 3576 -1082854.90 -138625.77
V 3584 -1082854.94 -138625.69
V 3592 -1082855.05 -138625.43
V 3600 -1082855.29 -138624.93
V 3608 -1082855.38 -138624.75
V 3616 -1083141.69 -138072.46
V 3624 -1083260.29 -137796.26
V 3632 -1083260.31 -137796.22
V 3640 -1083260.43 -137795.94
V 3648 -1083260.67 -137795.44
V 3656 -1083260.76 -137795.26
V 3664 -1083547.32 -137242.45
V 3672 -1083665.91 -136966.29
V 3680 -1083665.93 -136966.25
V 3688 -1083666.05 -136965.97
V 3696 -1083666.29 -136965.47
V 3704 -1083666.38 -136965.29
V 3712 -1083952.93 -136412.50
V 3720 -1084076.68 -136124.34
V 3728 -1084076.82 -136124.02
V 3736 -1084368.19 -135485.71
V 3744 -1084486.81 -135164.24
V 3752 -1084486.83 -135164.19
V 3760 -1084487.03 -135163.68
V 3768 -1084487.16 -135163.37
V 3776 -1084487.22 -135163.25
V 3784 -1084487.25 -135163.17
V 3792 -1084487.26 -135163.15
V 3800 -1084772.87 -134518.75
V 3808 -1084890.61 -134199.86
V 3816 -1084890.63 -134199.81
V 3824 -1084890.83 -134199.30
V 3832 -1084890.96 -134198.99
V 3840 -1084891.02 -134198.87
V 3848 -1084891.05 -134198.79
V 3856 -1084891.06 -134198.77
V 3864 -1085176.68 -133554.35
V 3872 -1085294.41 -133235.50
V 3880 -1085294.43 -133235.45
V 3888 -1085294.63 -133234.94
V 3896 -1085294.76 -133234.63
V 3904 -1085294.82 -133234.51
V 3912 -1085294.85 -133234.43
V 3920 -1085294.86 -133234.41
V 3928 -1085580.49 -132589.97
V 3936 -1085698.24 -132271.07
V 3944 -1085698.26 -132271.02
V 3952 -1085698.46 -132270.51
V 3960 -1085698.59 -132270.20
V 3968 -1085698.65 -132270.08
V 3976 -1085698.68 -132270.00
V 3984 -1085698.69 -132269.98
V 3992 -1085984.31 -131625.55
V 4000 -1086102.04 -131306.70
V 4008 -1086102.06 -131306.65
V 4016 -1086102.26 -131306.14
V 4024 -1086102.39 -131305.83
V 4032 -1086102.45 -131305.71
V 4040 -1086102.48 -131305.63
V 4048 -1086102.49 -131305.61
V 4056 -1086388.12 -130661.18
V 4064 -1086505.86 -130342.27
V 4072 -1086505.88 -130342.22
V 4080 -1086506.08 -130341.71
V 4088 -1086506.21 -130341.40
V 4096 -1086506.27 -130341.28
V 4104 -1086506.30 -130341.20
V 4112 -1086506.31 -130341.18
V 4120 -1086791.93 -129696.78
V 4128 -1086905.80 -129388.37
V 4136 -1086905.80 -128911.95
V 4144 -1086936.80 -128911.95
V 4152 -1086936.80 -129391.14
V 4160 -1086936.79 -129391.69
V 4168 -1086936.76 -129392.25
V 4176 -1086936.71 -129392.80
V 4184 -1086936.64 -129393.35
V 4192 -1086936.55 -129393.89
V 4200 -1086936.45 -129394.43
V 4208 -1086936.32 -129394.97
V 4216 -1086936.17 -129395.51
V 4224 -1086936.01 -129396.03
V 4232 -1086935.84 -129396.51
V 4240 -1086820.84 -129707.97
V 4248 -1086820.82 -129708.02
V 4256 -1086820.62 -129708.53
V 4264 -1086820.49 -129708.84
V 4272 -1086820.43 -129708.96
V 4280 -1086820.40 -129709.04
V 4288 -1086820.39 -129709.06
V 4296 -1086534.77 -130353.46
V 4304 -1086417.03 -130672.37
V 4312 -1086417.01 -130672.42
V 4320 -1086416.81 -130672.93
V 4328 -1086416.68 -130673.24
V 4336 -1086416.62 -130673.36
V 4344 -1086416.59 -130673.44
V 4352 -1086416.58 -130673.46
V 4360 -1086130.95 -131317.89
V 4368 -1086013.22 -131636.74
V 4376 -1086013.20 -131636.79
V 4384 -1086013.00 -131637.30
V 4392 -1086012.87 -131637.61
V 4400 -1086012.81 -131637.73
V 4408 -1086012.78 -131637.81
V 4416 -1086012.77 -131637.83
V 4424 -1085727.15 -132282.26
V 4432 -1085609.40 -132601.16
V 4440 -1085609.38 -132601.21
V 4448 -1085609.18 -132601.72
V 4456 -1085609.05 -132602.03
V 4464 -1085608.99 -132602.15
V 4472 -1085608.96 -132602.23
V 4480 -1085608.95 -132602.25
V 4488 -1085323.32 -133246.69
V 4496 -1085205.59 -133565.54
V 4504 -1085205.57 -133565.59
V 4512 -1085205.37 -133566.10
V 4520 -1085205.24 -133566.41
V 4528 -1085205.18 -133566.53
V 4536 -1085205.15 -133566.61
V 4544 -1085205.14 -133566.63
V 4552 -1084919.52 -134211.05
V 4560 -1084801.78 -134529.94
V 4568 -1084801.76 -134529.99
V 4576 -1084801.56 -134530.50
V 4584 -1084801.43 -134530.81
V 4592 -1084801.37 -134530.93
V 4600 -1084801.34 -134531.01
V 4608 -1084801.33 -134531.03
V 4616 -1084515.72 -135175.43
V 4624 -1084397.07 -135497.00
V 4632 -1084397.05 -135497.05
V 4640 -1084396.85 -135497.56
V 4648 -1084396.63 -135498.07
V 4656 -1084105.06 -136136.80
V 4664 -1083981.20 -136425.23
V 4672 -1083981.18 -136425.27
V 4680 -1083981.06 -136425.55
V 4688 -1083980.82 -136426.05
V 4696 -1083980.73 -136426.23
V 4704 -1083694.18 -136979.02
V 4712 -1083575.59 -137255.18
V 4720 -1083575.57 -137255.22
V 4728 -1083575.45 -137255.50
V 4736 -1083575.21 -137256.00
V 4744 -1083575.12 -137256.18
V 4752 -1083288.56 -137808.99
V 4760 -1083169.96 -138085.19
V 4768 -1083169.94 -138085.23
V 4776 -1083169.82 -138085.51
V 4784 -1083169.58 -138086.01
V 4792 -1083169.49 -138086.19
V 4800 -1082883.19 -138638.45
V 4808 -1082757.08 -138933.27
V 4816 -1082757.06 -138933.31
V 4824 -1082756.93 -138933.61
V 4832 -1082756.69 -138934.11
V 4840 -1082756.43 -138934.60
V 4848 -1082756.16 -138935.08
V 4856 -1082756.07 -138935.23
V 4864 -1082446.38 -139468.64
V 4872 -1082307.17 -139716.34
V 4880 -1082306.88 -139716.81
V 4888 -1082306.57 -139717.27
V 4896 -1082306.52 -139717.35
V 4904 -1082015.59 -140130.91
V 4912 -1081894.79 -140341.71
V 4920 -1081894.67 -140341.91
V 4928 -1081894.38 -140342.38
V 4936 -1081894.09 -140342.82
V 4944 -1081605.23 -140753.58
V 4952 -1081484.38 -140964.47
V 4960 -1081484.26 -140964.67
V 4968 -1081483.97 -140965.14
V 4976 -1081483.68 -140965.58
V 4984 -1081194.80 -141376.37
V 4992 -1081073.95 -141587.26
V 5000 -1081073.83 -141587.46
V 5008 -1081073.54 -141587.93
V 5016 -1081073.25 -141588.37
V 5024 -1080784.58 -141998.84
V 5032 -1080659.75 -142216.99
V 5040 -1080659.73 -142217.01
V 5048 -1080659.63 -142217.20
V 5056 -1080659.34 -142217.67
V 5064 -1080659.03 -142218.13
V 5072 -1080658.93 -142218.27
V 5080 -1080658.86 -142218.38
V 5088 -1080348.64 -142647.16
V 5096 -1080208.32 -142862.43
V 5104 -1080208.18 -142862.66
V 5112 -1080207.87 -142863.12
V 5120 -1080207.55 -142863.57
V 5128 -1080207.21 -142864.01
V 5136 -1080207.14 -142864.09
V 5144 -1079917.60 -143222.16
V 5152 -1079787.25 -143422.67
V 5160 -1079787.17 -143422.77
V 5168 -1079786.98 -143423.06
V 5176 -1079786.66 -143423.51
V 5184 -1079786.32 -143423.95
V 5192 -1079786.16 -143424.14
V 5200 -1079786.09 -143424.23
V 5208 -1079473.79 -143793.56
V 5216 -1079336.35 -143984.09
V 5224 -1079336.01 -143984.53
V 5232 -1079335.65 -143984.95
V 5240 -1079335.57 -143985.04
V 5248 -1079335.44 -143985.20
V 5256 -1079044.02 -144307.53
V 5264 -1078920.67 -144478.50
V 5272 -1078920.33 -144478.94
V 5280 -1078919.97 -144479.36
V 5288 -1078919.89 -144479.45
V 5296 -1078919.76 -144479.61
V 5304 -1078629.44 -144800.67
V 5312 -1078493.50 -144989.85
V 5320 -1078493.48 -144989.87
V 5328 -1078493.32 -144990.10
V 5336 -1078492.98 -144990.54
V 5344 -1078492.62 -144990.96
V 5352 -1078492.25 -144991.37
V 5360 -1078492.14 -144991.48
V 5368 -1078492.12 -144991.51
V 5376 -1078036.65 -145468.75
V 5384 -1077873.21 -145640.86
V 5392 -1077796.45 -145735.36
V 5400 -1077796.30 -145735.55
V 5408 -1077796.11 -145735.77
V 5416 -1077610.99 -145966.71
V 5424 -1077610.67 -145967.13
V 5432 -1077610.31 -145967.55
V 5440 -1077609.94 -145967.96
V 5448 -1077609.56 -145968.36
V 5456 -1077609.46 -145968.46
V 5464 -1077316.84 -146255.97
V 5472 -1077192.47 -146411.14
V 5480 -1077192.15 -146411.56
V 5488 -1077191.79 -146411.98
V 5496 -1077191.42 -146412.39
V 5504 -1077191.04 -146412.79
V 5512 -1077190.94 -146412.89
V 5520 -1076898.88 -146699.83
V 5528 -1076768.08 -146863.30
V 5536 -1076767.80 -146863.67
V 5544 -1076767.44 -146864.09
V 5552 -1076767.07 -146864.50
V 5560 -1076766.69 -146864.90
V 5568 -1076766.47 -146865.11
V 5576 -1076452.85 -147166.75
V 5584 -1076300.80 -147345.75
V 5592 -1076300.75 -147345.82
V 5600 -1076300.39 -147346.24
V 5608 -1076300.02 -147346.65
V 5616 -1076299.64 -147347.05
V 5624 -1076299.24 -147347.43
V 5632 -1076299.02 -147347.63
V 5640 -1076298.95 -147347.70
V 5648 -1075850.63 -147744.34
V 5656 -1075738.43 -147854.78
V 5664 -1075675.99 -147926.94
V 5672 -1075470.16 -148168.55
V 5680 -1075470.12 -148168.59
V 5688 -1075470.07 -148168.65
V 5696 -1075469.70 -148169.06
V 5704 -1075469.32 -148169.46
V 5712 -1075468.92 -148169.84
V 5720 -1075468.89 -148169.86
V 5728 -1075468.83 -148169.93
V 5736 -1075175.35 -148438.85
V 5744 -1075049.68 -148586.35
V 5752 -1075049.64 -148586.39
V 5760 -1075049.59 -148586.45
V 5768 -1075049.22 -148586.86
V 5776 -1075048.84 -148587.26
V 5784 -1075048.44 -148587.64
V 5792 -1075048.41 -148587.66
V 5800 -1075048.35 -148587.73
V 5808 -1074759.03 -148852.72
V 5816 -1074592.46 -149050.18
V 5824 -1074592.41 -149050.24
V 5832 -1074592.23 -149050.45
V 5840 -1074592.21 -149050.47
V 5848 -1074592.09 -149050.61
V 5856 -1074591.72 -149051.02
V 5864 -1074591.34 -149051.42
V 5872 -1074590.94 -149051.80
V 5880 -1074590.53 -149052.17
V 5888 -1074590.25 -149052.41
V 5896 -1074590.21 -149052.45
V 5904 -1074077.41 -149472.77
V 5912 -1073975.41 -149563.26
V 5920 -1073929.40 -149611.55
V 5928 -1073700.73 -149856.17
V 5936 -1073700.69 -149856.21
V 5944 -1073700.31 -149856.61
V 5952 -1073699.91 -149856.99
V 5960 -1073699.50 -149857.36
V 5968 -1073699.08 -149857.72
V 5976 -1073698.89 -149857.87
V 5984 -1073408.63 -150096.50
V 5992 -1073244.92 -150273.12
V 6000 -1073244.84 -150273.19
V 6008 -1073244.51 -150273.54
V 6016 -1073244.11 -150273.92
V 6024 -1073243.70 -150274.29
V 6032 -1073243.28 -150274.65
V 6040 -1073242.88 -150274.96
V 6048 -1072711.80 -150675.35
V 6056 -1072621.58 -150748.28
V 6064 -1072591.39 -150777.34
V 6072 -1072326.77 -151039.17
V 6080 -1072326.46 -151039.46
V 6088 -1072326.05 -151039.83
V 6096 -1072325.63 -151040.19
V 6104 -1072325.19 -151040.53
V 6112 -1072325.02 -151040.65
V 6120 -1072324.95 -151040.71
V 6128 -1071829.23 -151397.03
V 6136 -1071771.70 -151443.53
V 6144 -1071746.68 -151467.63
V 6152 -1071490.29 -151720.36
V 6160 -1071490.01 -151720.62
V 6168 -1071489.60 -151720.99
V 6176 -1071489.18 -151721.35
V 6184 -1071488.74 -151721.69
V 6192 -1071488.60 -151721.79
V 6200 -1071194.96 -151940.80
V 6208 -1071048.38 -152085.85
V 6216 -1071048.35 -152085.87
V 6224 -1071048.04 -152086.17
V 6232 -1071047.63 -152086.54
V 6240 -1071047.21 -152086.90
V 6248 -1071046.77 -152087.24
V 6256 -1070537.73 -152453.22
V 6264 -1070405.51 -152559.48
V 6272 -1070317.67 -152632.35
V 6280 -1070011.07 -152896.19
V 6288 -1070011.03 -152896.22
V 6296 -1070010.69 -152896.51
V 6304 -1070010.25 -152896.85
V 6312 -1070009.80 -152897.17
V 6320 -1070009.34 -152897.48
V 6328 -1070008.99 -152897.70
V 6336 -1070008.97 -152897.71
V 6344 -1069475.67 -153219.41
V 6352 -1069458.43 -153231.24
V 6360 -1069149.30 -153497.27
V 6368 -1069149.26 -153497.30
V 6376 -1069148.92 -153497.59
V 6384 -1069148.48 -153497.93
V 6392 -1069148.03 -153498.25
V 6400 -1069147.57 -153498.56
V 6408 -1069147.22 -153498.78
V 6416 -1069147.20 -153498.79
V 6424 -1068606.28 -153825.08
V 6432 -1068600.26 -153829.22
V 6440 -1068287.44 -154098.39
V 6448 -1068287.40 -154098.42
V 6456 -1068287.06 -154098.71
V 6464 -1068286.62 -154099.05
V 6472 -1068286.17 -154099.37
V 6480 -1068285.71 -154099.68
V 6488 -1068285.36 -154099.90
V 6496 -1068285.34 -154099.91
V 6504 -1067740.37 -154428.67
V 6512 -1067425.68 -154699.47
V 6520 -1067425.64 -154699.50
V 6528 -1067425.30 -154699.79
V 6536 -1067424.86 -154700.13
V 6544 -1067424.41 -154700.45
V 6552 -1067423.95 -154700.76
V 6560 -1067423.60 -154700.98
V 6568 -1067423.58 -154700.99
V 6576 -1066878.57 -155029.76
V 6584 -1066563.79 -155300.62
V 6592 -1066563.75 -155300.65
V 6600 -1066563.41 -155300.94
V 6608 -1066562.97 -155301.28
V 6616 -1066562.52 -155301.60
V 6624 -1066562.06 -155301.91
V 6632 -1066561.71 -155302.13
V 6640 -1066561.69 -155302.14
V 6648 -1066016.78 -155630.84
V 6656 -1065702.06 -155901.67
V 6664 -1065702.02 -155901.70
V 6672 -1065701.68 -155901.99
V 6680 -1065701.24 -155902.33
V 6688 -1065700.79 -155902.65
V 6696 -1065700.33 -155902.96
V 6704 -1065699.98 -155903.18
V 6712 -1065699.96 -155903.19
V 6720 -1065155.13 -156231.84
V 6728 -1064835.36 -156507.27
V 6736 -1064835.33 -156507.29
V 6744 -1064834.97 -156507.60
V 6752 -1064834.53 -156507.94
V 6760 -1064834.08 -156508.26
V 6768 -1064833.62 -156508.57
V 6776 -1064833.20 -156508.83
V 6784 -1064131.77 -156928.48
V 6792 -1064131.73 -156928.50
V 6800 -1064131.60 -156928.57
V 6808 -1063912.66 -157057.68
V 6816 -1063912.53 -157057.76
V 6824 -1063912.47 -157057.80
V 6832 -1063669.90 -157201.14
V 6840 -1063669.83 -157201.18
V 6848 -1063669.79 -157201.20
V 6856 -1063669.68 -157201.27
V 6864 -1063623.99 -157227.71
V 6872 -1063283.52 -157482.37
V 6880 -1063283.22 -157482.60
V 6888 -1063282.77 -157482.92
V 6896 -1063282.31 -157483.23
V 6904 -1063281.84 -157483.52
V 6912 -1063281.36 -157483.79
V 6920 -1063280.87 -157484.05
V 6928 -1062727.08 -157761.43
V 6936 -1062411.11 -157997.76
V 6944 -1062410.81 -157997.99
V 6952 -1062410.36 -157998.31
V 6960 -1062409.90 -157998.62
V 6968 -1062409.43 -157998.91
V 6976 -1062408.95 -157999.18
V 6984 -1062408.46 -157999.44
V 6992 -1061798.20 -158304.76
V 7000 -1061724.07 -158348.43
V 7008 -1061723.94 -158348.51
V 7016 -1061723.88 -158348.55
V 7024 -1061411.10 -158535.06
V 7032 -1061410.62 -158535.33
V 7040 -1061410.13 -158535.59
V 7048 -1061410.08 -158535.62
V 7056 -1061266.63 -158611.16
V 7064 -1060879.18 -158871.18
V 7072 -1060879.14 -158871.20
V 7080 -1060878.92 -158871.35
V 7088 -1060878.45 -158871.64
V 7096 -1060877.97 -158871.91
V 7104 -1060877.48 -158872.17
V 7112 -1060876.98 -158872.41
V 7120 -1060876.68 -158872.54
V 7128 -1060876.66 -158872.55
V 7136 -1060235.38 -159147.91
V 7144 -1060167.54 -159182.92
V 7152 -1059927.09 -159307.35
V 7160 -1059926.92 -159307.44
V 7168 -1059924.50 -159308.65
V 7176 -1059560.41 -159553.00
V 7184 -1059560.37 -159553.02
V 7192 -1059560.15 -159553.17
V 7200 -1059559.68 -159553.46
V 7208 -1059559.20 -159553.73
V 7216 -1059558.71 -159553.99
V 7224 -1059558.21 -159554.23
V 7232 -1059557.91 -159554.36
V 7240 -1059557.89 -159554.37
V 7248 -1058904.01 -159835.14
V 7256 -1058843.86 -159866.18
V 7264 -1058612.70 -159985.80
V 7272 -1058241.64 -160234.82
V 7280 -1058241.60 -160234.84
V 7288 -1058241.38 -160234.99
V 7296 -1058240.91 -160235.28
V 7304 -1058240.43 -160235.55
V 7312 -1058239.94 -160235.81
V 7320 -1058239.44 -160236.05
V 7328 -1058239.14 -160236.18
V 7336 -1058239.12 -160236.19
V 7344 -1057572.57 -160522.40
V 7352 -1057527.82 -160545.48
V 7360 -1057300.37 -160663.17
V 7368 -1056928.34 -160912.58
V 7376 -1056928.32 -160912.59
V 7384 -1056927.86 -160912.90
V 7392 -1056927.39 -160913.19
V 7400 -1056926.91 -160913.46
V 7408 -1056926.42 -160913.72
V 7416 -1056925.92 -160913.96
V 7424 -1056925.72 -160914.05
V 7432 -1056925.64 -160914.09
V 7440 -1056134.94 -161256.27
V 7448 -1055907.52 -161361.03
V 7456 -1055907.16 -161361.19
V 7464 -1055619.58 -161484.96
V 7472 -1055399.64 -161579.58
V 7480 -1055211.53 -161660.81
V 7488 -1054812.96 -161892.84
V 7496 -1054812.88 -161892.88
V 7504 -1054812.59 -161893.04
V 7512 -1054812.10 -161893.30
V 7520 -1054811.60 -161893.54
V 7528 -1054811.09 -161893.76
V 7536 -1054810.58 -161893.96
V 7544 -1054810.28 -161894.07
V 7552 -1054810.23 -161894.09
V 7560 -1054085.87 -162145.01
V 7568 -1054057.68 -162157.15
V 7576 -1053834.08 -162253.38
V 7584 -1053614.33 -162347.92
V 7592 -1053442.70 -162422.04
V 7600 -1053041.81 -162655.07
V 7608 -1053041.45 -162655.27
V 7616 -1053040.96 -162655.53
V 7624 -1053040.46 -162655.77
V 7632 -1053039.95 -162655.99
V 7640 -1053039.44 -162656.19
V 7648 -1053039.16 -162656.29
V 7656 -1053039.14 -162656.30
V 7664 -1052165.30 -162962.18
V 7672 -1051905.60 -163060.04
V 7680 -1051905.13 -163060.21
V 7688 -1051122.46 -163323.73
V 7696 -1051015.40 -163359.77
V 7704 -1050707.15 -163463.56
V 7712 -1050707.04 -163463.59
V 7720 -1050443.05 -163552.41
V 7728 -1050442.91 -163552.46
V 7736 -1050321.42 -163593.58
V 7744 -1049891.86 -163802.05
V 7752 -1049891.36 -163802.29
V 7760 -1049890.85 -163802.51
V 7768 -1049890.34 -163802.71
V 7776 -1049889.81 -163802.90
V 7784 -1049889.29 -163803.06
V 7792 -1049888.80 -163803.20
V 7800 -1048980.13 -164037.66
V 7808 -1048632.24 -164142.14
V 7816 -1048631.70 -164142.29
V 7824 -1048631.16 -164142.42
V 7832 -1048630.92 -164142.46
V 7840 -1048151.54 -164247.06
V 7848 -1048151.19 -164247.14
V 7856 -1048151.02 -164247.17
V 7864 -1047920.99 -164297.38
V 7872 -1047920.74 -164297.44
V 7880 -1047920.50 -164297.48
V 7888 -1047690.60 -164347.66
V 7896 -1047690.25 -164347.74
V 7904 -1047690.01 -164347.78
V 7912 -1047460.20 -164397.94
V 7920 -1047459.85 -164398.02
V 7928 -1047459.61 -164398.06
V 7936 -1047229.33 -164448.32
V 7944 -1047228.98 -164448.40
V 7952 -1047228.74 -164448.44
V 7960 -1047001.36 -164498.05
V 7968 -1047001.01 -164498.13
V 7976 -1047000.91 -164498.15
V 7984 -1046613.24 -164583.05
V 7992 -1046613.08 -164583.09
V 8000 -1046612.54 -164583.19
V 8008 -1046612.51 -164583.19
V 8016 -1046612.38 -164583.22
V 8024 -1046218.32 -164650.13
V 8032 -1045753.15 -164729.12
V 8040 -1045524.88 -164767.84
V 8048 -1045268.45 -164811.69
V 8056 -1045183.59 -164825.49
V 8064 -1044725.49 -164923.60
V 8072 -1044725.41 -164923.61
V 8080 -1044724.99 -164923.69
V 8088 -1044724.45 -164923.78
V 8096 -1044723.83 -164923.86
V 8104 -1044723.74 -164923.87
V 8112 -1044188.00 -164975.92
V 8120 -1038980.53 -165860.16
V 8128 -1038354.42 -165966.48
V 8136 -1026426.83 -167991.81
V 8144 -1025657.55 -168122.43
V 8152 -1025598.50 -168132.46
V 8160 -1023668.78 -168460.13
V 8168 -1022888.60 -168592.61
V 8176 -1021613.18 -168809.18
V 8184 -1012821.56 -170302.01
V 8192 -1011925.20 -170454.22
V 8200 -1004691.22 -171682.56
V 8208 -1002118.65 -172119.39
V 8216 -994530.38 -173407.89
V 8224 -993074.48 -173655.11
V 8232 -992774.05 -173706.12
V 8240 -992037.41 -173831.20
V 8248 -989721.79 -174224.40
V 8256 -989721.75 -174224.41
V 8264 -989721.35 -174224.48
V 8272 -989721.27 -174224.49
V 8280 -985565.26 -174930.19
V 8288 -984396.28 -175128.68
V 8296 -982020.81 -175532.04
V 8304 -981929.97 -175547.47
V 8312 -979025.62 -176040.63
V 8320 -975539.95 -176632.51
V 8328 -975325.19 -176668.97
V 8336 -975075.35 -176711.40
V 8344 -974860.59 -176747.87
V 8352 -974610.74 -176790.29
V 8360 -974395.97 -176826.76
V 8368 -974146.14 -176869.18
V 8376 -973931.38 -176905.65
V 8384 -973681.54 -176948.07
V 8392 -973466.78 -176984.54
V 8400 -973216.93 -177026.96
V 8408 -973002.16 -177063.43
V 8416 -972683.64 -177117.51
V 8424 -972271.51 -177187.49
V 8432 -971513.24 -177316.25
V 8440 -971361.75 -177341.97
V 8448 -970656.66 -177461.70
V 8456 -968407.87 -177843.55
V 8464 -967746.70 -177955.82
V 8472 -967746.70 -178009.45
V 8480 -967788.70 -178009.45
V 8488 -967796.45 -178011.53
V 8496 -967802.12 -178017.20
V 8504 -967804.20 -178024.95
V 8512 -967804.20 -178095.95
V 8520 -967802.12 -178103.70
V 8528 -967796.45 -178109.37
V 8536 -967788.70 -178111.45
V 8544 -967689.20 -178111.45
V 8552 -967689.20 -178151.45
V 8560 -967788.70 -178151.45
V 8568 -967796.45 -178153.53
V 8576 -967802.12 -178159.20
V 8584 -967804.20 -178166.95
V 8592 -967804.20 -178237.95
V 8600 -967802.12 -178245.70
V 8608 -967796.45 -178251.37
V 8616 -967788.70 -178253.45
V 8624 -967689.20 -178253.45
V 8632 -967689.20 -178293.45
V 8640 -967788.70 -178293.45
V 8648 -967796.45 -178295.53
V 8656 -967802.12 -178301.20
V 8664 -967804.20 -178308.95
V 8672 -967804.20 -178379.95
V 8680 -967802.12 -178387.70
V 8688 -967796.45 -178393.37
V 8696 -967788.70 -178395.45
V 8704 -967746.70 -178395.45
V 8712 -967746.70 -178404.45
V 8720 -967715.70 -178404.45
V 8728 -967715.70 -178379.95
V 8736 -967715.74 -178378.84
V 8744 -967715.86 -178377.74
V 8752 -967716.05 -178376.66
V 8760 -967716.33 -178375.58
V 8768 -967716.68 -178374.53
V 8776 -967717.10 -178373.51
V 8784 -967717.60 -178372.52
V 8792 -967718.16 -178371.57
V 8800 -967718.79 -178370.66
V 8808 -967719.49 -178369.80
V 8816 -967720.24 -178368.99
V 8824 -967721.05 -178368.24
V 8832 -967721.91 -178367.54
V 8840 -967722.82 -178366.91
V 8848 -967723.77 -178366.35
V 8856 -967724.76 -178365.85
V 8864 -967725.78 -178365.43
V 8872 -967726.83 -178365.08
V 8880 -967727.91 -178364.80
V 8888 -967728.99 -178364.61
V 8896 -967730.09 -178364.49
V 8904 -967731.20 -178364.45
V 8912 -967773.20 -178364.45
V 8920 -967773.20 -178324.45
V 8928 -967673.70 -178324.45
V 8936 -967665.95 -178322.37
V 8944 -967660.28 -178316.70
V 8952 -967658.20 -178308.95
V 8960 -967658.20 -178237.95
V 8968 -967660.28 -178230.20
V 8976 -967665.95 -178224.53
V 8984 -967673.70 -178222.45
V 8992 -967773.20 -178222.45
V 9000 -967773.20 -178182.45
V 9008 -967673.70 -178182.45
V 9016 -967665.95 -178180.37
V 9024 -967660.28 -178174.70
V 9032 -967658.20 -178166.95
V 9040 -967658.20 -178095.95
