V 0 1098703.45 -83617.91
V 8 1098647.78 -83598.00
V 16 1098608.03 -83576.69
V 24 1098607.94 -83576.64
V 32 1098607.87 -83576.60
V 40 1098607.78 -83576.57
V 48 1098607.69 -83576.53
V 56 1098607.42 -83576.47
V 64 1098607.32 -83576.46
V 72 1098359.83 -83576.46
V 80 1098359.09 -83576.65
V 88 1098358.54 -83577.19
V 96 1098355.58 -83582.11
V 104 1098358.16 -83583.65
V 112 1098360.68 -83579.46
V 120 1098606.86 -83579.46
V 128 1098646.46 -83600.70
V 136 1098646.53 -83600.74
V 144 1098646.60 -83600.76
V 152 1098646.66 -83600.79
V 160 1098646.71 -83600.81
V 168 1098702.68 -83620.82
V 176 1098702.73 -83620.84
V 184 1098703.00 -83620.90
V 192 1098703.10 -83620.91
V 200 1099149.86 -83620.91
V 208 1099149.86 -83617.91
