V 0 1085836.67 -52128.45
V 8 1085831.49 -52089.66
V 16 1085831.48 -52089.63
V 24 1085826.35 -52045.47
V 32 1085826.34 -52045.37
V 40 1085826.30 -52045.16
V 48 1085825.42 -52041.98
V 56 1085825.12 -52041.41
V 64 1085824.60 -52041.02
V 72 1085823.97 -52040.88
V 80 1085735.66 -52040.88
V 88 1085735.66 -52043.88
V 96 1085822.82 -52043.88
V 104 1085823.37 -52045.85
V 112 1085828.50 -52089.95
V 120 1085828.51 -52090.06
V 128 1085833.86 -52130.15
V 136 1085834.12 -52130.81
V 144 1085834.66 -52131.28
V 152 1085835.35 -52131.45
V 160 1085839.86 -52131.45
V 168 1085839.86 -52128.45
