V 0 -877450.28 -169852.20
V 8 -877455.95 -169846.53
V 16 -877463.70 -169844.45
V 24 -877563.20 -169844.45
V 32 -877563.20 -169804.45
V 40 -877521.20 -169804.45
V 48 -877513.45 -169802.37
V 56 -877507.78 -169796.70
V 64 -877505.70 -169788.95
V 72 -877505.70 -169641.44
V 80 -877507.36 -169634.45
V 88 -877512.00 -169628.97
V 96 -877518.61 -169626.16
V 104 -877833.77 -169572.65
V 112 -878266.54 -169499.16
V 120 -880520.50 -169116.44
V 128 -881076.32 -169022.06
V 136 -893929.73 -166839.52
V 144 -894854.41 -166682.51
V 152 -895969.15 -166493.22
V 160 -896138.39 -166464.48
V 168 -896392.66 -166421.31
V 176 -896590.59 -166387.70
V 184 -896826.31 -166347.67
V 192 -897067.61 -166306.70
V 200 -902397.71 -165401.64
V 208 -903493.30 -165215.61
V 216 -903607.60 -165196.20
V 224 -904203.57 -165095.00
V 232 -907288.56 -164571.16
V 240 -907523.00 -164531.36
V 248 -907954.24 -164458.13
V 256 -908243.95 -164408.93
V 264 -908436.04 -164376.32
V 272 -908927.62 -164292.85
V 280 -909370.62 -164217.62
V 288 -909861.76 -164134.23
V 296 -910041.76 -164103.67
V 304 -911262.78 -163896.33
V 312 -911470.34 -163861.09
V 320 -911885.86 -163790.53
V 328 -912135.09 -163748.21
V 336 -913424.98 -163529.19
V 344 -913894.71 -163449.42
V 352 -914831.48 -163290.36
V 360 -914945.94 -163270.92
V 368 -916802.09 -162955.75
V 376 -916868.16 -162944.53
V 384 -918043.73 -162744.91
V 392 -918880.98 -162602.75
V 400 -921092.68 -162227.20
V 408 -922941.55 -161913.25
V 416 -923775.01 -161771.73
V 424 -924171.57 -161704.39
V 432 -925025.84 -161559.34
V 440 -928738.06 -160928.99
V 448 -929528.56 -160794.77
V 456 -930730.77 -160590.63
V 464 -931711.17 -160424.15
V 472 -932313.33 -160321.91
V 480 -934103.32 -160017.96
V 488 -934345.61 -159976.82
V 496 -934430.33 -159962.43
V 504 -934939.07 -159876.05
V 512 -935091.64 -159850.14
V 520 -936253.95 -159652.78
V 528 -936567.46 -159599.55
V 536 -937290.02 -159476.85
V 544 -938148.87 -159331.02
V 552 -940376.84 -158952.70
V 560 -940713.77 -158895.49
V 568 -940866.47 -158869.56
V 576 -941617.78 -158741.99
V 584 -942043.01 -158669.78
V 592 -942875.49 -158528.43
V 600 -943051.00 -158498.62
V 608 -943293.19 -158457.50
V 616 -943515.62 -158419.73
V 624 -943751.34 -158379.71
V 632 -943992.63 -158338.74
V 640 -944246.88 -158295.56
V 648 -944444.83 -158261.95
V 656 -944680.54 -158221.93
V 664 -944921.83 -158180.95
V 672 -945171.67 -158138.53
V 680 -945259.81 -158123.56
V 688 -945463.21 -158089.03
V 696 -945621.24 -158062.19
V 704 -945959.96 -158004.68
V 712 -946074.42 -157985.24
V 720 -946452.84 -157920.99
V 728 -946675.96 -157883.10
V 736 -947154.60 -157801.83
V 744 -947386.90 -157762.38
V 752 -947573.00 -157730.78
V 760 -947573.00 -157719.35
V 768 -947604.00 -157719.35
V 776 -947604.00 -157743.87
V 784 -947603.96 -157744.96
V 792 -947603.85 -157746.04
V 800 -947603.66 -157747.11
V 808 -947603.39 -157748.16
V 816 -947603.06 -157749.20
V 824 -947602.65 -157750.20
V 832 -947602.17 -157751.18
V 840 -947601.62 -157752.12
V 848 -947601.01 -157753.02
V 856 -947600.34 -157753.87
V 864 -947599.61 -157754.68
V 872 -947598.83 -157755.43
V 880 -947597.99 -157756.13
V 888 -947597.11 -157756.76
V 896 -947596.18 -157757.33
V 904 -947595.22 -157757.84
V 912 -947594.23 -157758.27
V 920 -947593.20 -157758.64
V 928 -947592.16 -157758.93
V 936 -947591.09 -157759.15
V 944 -947392.10 -157792.94
V 952 -947159.80 -157832.39
V 960 -946681.16 -157913.66
V 968 -946458.04 -157951.55
V 976 -946079.62 -158015.80
V 984 -945965.16 -158035.24
V 992 -945626.44 -158092.75
V 1000 -945468.41 -158119.59
V 1008 -945265.01 -158154.12
V 1016 -945176.87 -158169.09
V 1024 -944927.03 -158211.51
V 1032 -944685.74 -158252.49
V 1040 -944450.01 -158292.51
V 1048 -944252.08 -158326.12
V 1056 -943997.83 -158369.30
V 1064 -943756.52 -158410.27
V 1072 -943520.80 -158450.29
V 1080 -943056.20 -158529.18
V 1088 -942880.69 -158558.99
V 1096 -942048.21 -158700.34
V 1104 -941962.53 -158714.89
V 1112 -941622.96 -158772.55
V 1120 -940871.65 -158900.12
V 1128 -940718.95 -158926.05
V 1136 -940382.02 -158983.26
V 1144 -938154.05 -159361.58
V 1152 -937295.20 -159507.41
V 1160 -936572.64 -159630.11
V 1168 -936259.13 -159683.34
V 1176 -935060.86 -159886.81
V 1184 -934944.27 -159906.61
V 1192 -934435.53 -159992.99
V 1200 -934350.81 -160007.38
V 1208 -934108.50 -160048.52
V 1216 -932318.51 -160352.47
V 1224 -931716.35 -160454.71
V 1232 -930735.95 -160621.19
V 1240 -929533.74 -160825.33
V 1248 -928743.24 -160959.55
V 1256 -925031.02 -161589.90
V 1264 -924176.75 -161734.95
V 1272 -923780.19 -161802.29
V 1280 -922946.73 -161943.81
V 1288 -921097.86 -162257.76
V 1296 -918886.16 -162633.31
V 1304 -918048.91 -162775.47
V 1312 -916807.29 -162986.31
V 1320 -916181.35 -163092.59
V 1328 -914951.14 -163301.48
V 1336 -914836.68 -163320.92
V 1344 -913899.91 -163479.98
V 1352 -913430.18 -163559.75
V 1360 -912140.27 -163778.77
V 1368 -911891.04 -163821.09
V 1376 -911475.52 -163891.65
V 1384 -911267.96 -163926.89
V 1392 -910046.94 -164134.23
V 1400 -909866.94 -164164.79
V 1408 -909375.82 -164248.18
V 1416 -909140.10 -164288.21
V 1424 -908932.80 -164323.41
V 1432 -908441.22 -164406.88
V 1440 -908249.15 -164439.49
V 1448 -907959.44 -164488.69
V 1456 -907528.18 -164561.92
V 1464 -907293.74 -164601.72
V 1472 -904208.75 -165125.56
V 1480 -903498.50 -165246.17
V 1488 -902402.89 -165432.20
V 1496 -896831.51 -166378.23
V 1504 -896595.79 -166418.26
V 1512 -896143.59 -166495.04
V 1520 -895974.35 -166523.78
V 1528 -894859.59 -166713.07
V 1536 -893934.91 -166870.08
V 1544 -881081.50 -169052.62
V 1552 -880525.68 -169147.00
V 1560 -878271.72 -169529.72
V 1568 -877838.95 -169603.21
V 1576 -877608.42 -169642.35
V 1584 -877536.70 -169654.53
V 1592 -877536.70 -169773.45
V 1600 -877578.70 -169773.45
V 1608 -877586.45 -169775.53
V 1616 -877592.12 -169781.20
V 1624 -877594.20 -169788.95
V 1632 -877594.20 -169859.95
V 1640 -877592.12 -169867.70
V 1648 -877586.45 -169873.37
V 1656 -877578.70 -169875.45
V 1664 -877479.20 -169875.45
V 1672 -877479.20 -169915.45
V 1680 -877578.70 -169915.45
V 1688 -877586.45 -169917.53
V 1696 -877592.12 -169923.20
V 1704 -877594.20 -169930.95
V 1712 -877594.20 -170001.95
V 1720 -877592.12 -170009.70
V 1728 -877586.45 -170015.37
V 1736 -877578.70 -170017.45
V 1744 -877479.20 -170017.45
V 1752 -877479.20 -170057.45
V 1760 -877578.70 -170057.45
V 1768 -877586.45 -170059.53
V 1776 -877592.12 -170065.20
V 1784 -877594.20 -170072.95
V 1792 -877594.20 -170143.95
V 1800 -877592.12 -170151.70
V 1808 -877586.45 -170157.37
V 1816 -877578.70 -170159.45
V 1824 -877479.20 -170159.45
V 1832 -877479.20 -170199.45
V 1840 -877578.70 -170199.45
V 1848 -877586.45 -170201.53
V 1856 -877592.12 -170207.20
V 1864 -877594.20 -170214.95
V 1872 -877594.20 -170285.95
V 1880 -877592.12 -170293.70
V 1888 -877586.45 -170299.37
V 1896 -877578.70 -170301.45
V 1904 -877479.20 -170301.45
V 1912 -877479.20 -170341.45
V 1920 -877578.70 -170341.45
V 1928 -877586.45 -170343.53
V 1936 -877592.12 -170349.20
V 1944 -877594.20 -170356.95
V 1952 -877594.20 -170427.95
V 1960 -877592.12 -170435.70
V 1968 -877586.45 -170441.37
V 1976 -877578.70 -170443.45
V 1984 -877479.20 -170443.45
V 1992 -877479.20 -170483.45
V 2000 -877578.70 -170483.45
V 2008 -877586.45 -170485.53
V 2016 -877592.12 -170491.20
V 2024 -877594.20 -170498.95
V 2032 -877594.20 -170569.95
V 2040 -877592.12 -170577.70
V 2048 -877586.45 -170583.37
V 2056 -877578.70 -170585.45
V 2064 -877479.20 -170585.45
V 2072 -877479.20 -170625.45
V 2080 -877578.70 -170625.45
V 2088 -877586.45 -170627.53
V 2096 -877592.12 -170633.20
V 2104 -877594.20 -170640.95
V 2112 -877594.20 -170711.95
V 2120 -877592.12 -170719.70
V 2128 -877586.45 -170725.37
V 2136 -877578.70 -170727.45
V 2144 -877479.20 -170727.45
V 2152 -877479.20 -170767.45
V 2160 -877578.70 -170767.45
V 2168 -877586.45 -170769.53
V 2176 -877592.12 -170775.20
V 2184 -877594.20 -170782.95
V 2192 -877594.20 -170853.95
V 2200 -877592.12 -170861.70
V 2208 -877586.45 -170867.37
V 2216 -877578.70 -170869.45
V 2224 -877479.20 -170869.45
V 2232 -877479.20 -170909.45
V 2240 -877578.70 -170909.45
V 2248 -877586.45 -170911.53
V 2256 -877592.12 -170917.20
V 2264 -877594.20 -170924.95
V 2272 -877594.20 -170995.95
V 2280 -877592.12 -171003.70
V 2288 -877586.45 -171009.37
V 2296 -877578.70 -171011.45
V 2304 -877479.20 -171011.45
V 2312 -877479.20 -171051.45
V 2320 -877578.70 -171051.45
V 2328 -877586.45 -171053.53
V 2336 -877592.12 -171059.20
V 2344 -877594.20 -171066.95
V 2352 -877594.20 -171137.95
V 2360 -877592.12 -171145.70
V 2368 -877586.45 -171151.37
V 2376 -877578.70 -171153.45
V 2384 -877479.20 -171153.45
V 2392 -877479.20 -171193.45
V 2400 -877578.70 -171193.45
V 2408 -877586.45 -171195.53
V 2416 -877592.12 -171201.20
V 2424 -877594.20 -171208.95
V 2432 -877594.20 -171279.95
V 2440 -877592.12 -171287.70
V 2448 -877586.45 -171293.37
V 2456 -877578.70 -171295.45
V 2464 -877479.20 -171295.45
V 2472 -877479.20 -171335.45
V 2480 -877578.70 -171335.45
V 2488 -877586.45 -171337.53
V 2496 -877592.12 -171343.20
V 2504 -877594.20 -171350.95
V 2512 -877594.20 -171421.95
V 2520 -877592.12 -171429.70
V 2528 -877586.45 -171435.37
V 2536 -877578.70 -171437.45
V 2544 -877479.20 -171437.45
V 2552 -877479.20 -171477.45
V 2560 -877578.70 -171477.45
V 2568 -877586.45 -171479.53
V 2576 -877592.12 -171485.20
V 2584 -877594.20 -171492.95
V 2592 -877594.20 -171563.95
V 2600 -877592.12 -171571.70
V 2608 -877586.45 -171577.37
V 2616 -877578.70 -171579.45
V 2624 -877479.20 -171579.45
V 2632 -877479.20 -171619.45
V 2640 -877578.70 -171619.45
V 2648 -877586.45 -171621.53
V 2656 -877592.12 -171627.20
V 2664 -877594.20 -171634.95
V 2672 -877594.20 -171705.95
V 2680 -877592.12 -171713.70
V 2688 -877586.45 -171719.37
V 2696 -877578.70 -171721.45
V 2704 -877479.20 -171721.45
V 2712 -877479.20 -171761.45
V 2720 -877578.70 -171761.45
V 2728 -877586.45 -171763.53
V 2736 -877592.12 -171769.20
V 2744 -877594.20 -171776.95
V 2752 -877594.20 -171847.95
V 2760 -877592.12 -171855.70
V 2768 -877586.45 -171861.37
V 2776 -877578.70 -171863.45
V 2784 -877479.20 -171863.45
V 2792 -877479.20 -171903.45
V 2800 -877578.70 -171903.45
V 2808 -877586.45 -171905.53
V 2816 -877592.12 -171911.20
V 2824 -877594.20 -171918.95
V 2832 -877594.20 -171989.95
V 2840 -877592.12 -171997.70
V 2848 -877586.45 -172003.37
V 2856 -877578.70 -172005.45
V 2864 -877479.20 -172005.45
V 2872 -877479.20 -172045.45
V 2880 -877578.70 -172045.45
V 2888 -877586.45 -172047.53
V 2896 -877592.12 -172053.20
V 2904 -877594.20 -172060.95
V 2912 -877594.20 -172131.95
V 2920 -877592.12 -172139.70
V 2928 -877586.45 -172145.37
V 2936 -877578.70 -172147.45
V 2944 -877479.20 -172147.45
V 2952 -877479.20 -172187.45
V 2960 -877578.70 -172187.45
V 2968 -877586.45 -172189.53
V 2976 -877592.12 -172195.20
V 2984 -877594.20 -172202.95
V 2992 -877594.20 -172273.95
V 3000 -877592.12 -172281.70
V 3008 -877586.45 -172287.37
V 3016 -877578.70 -172289.45
V 3024 -877479.20 -172289.45
V 3032 -877479.20 -172329.45
V 3040 -877578.70 -172329.45
V 3048 -877586.45 -172331.53
V 3056 -877592.12 -172337.20
V 3064 -877594.20 -172344.95
V 3072 -877594.20 -172415.95
V 3080 -877592.12 -172423.70
V 3088 -877586.45 -172429.37
V 3096 -877578.70 -172431.45
V 3104 -877479.20 -172431.45
V 3112 -877479.20 -172471.45
V 3120 -877578.70 -172471.45
V 3128 -877586.45 -172473.53
V 3136 -877592.12 -172479.20
V 3144 -877594.20 -172486.95
V 3152 -877594.20 -172557.95
V 3160 -877592.12 -172565.70
V 3168 -877586.45 -172571.37
V 3176 -877578.70 -172573.45
V 3184 -877479.20 -172573.45
V 3192 -877479.20 -172613.45
V 3200 -877578.70 -172613.45
V 3208 -877586.45 -172615.53
V 3216 -877592.12 -172621.20
V 3224 -877594.20 -172628.95
V 3232 -877594.20 -172699.95
V 3240 -877592.12 -172707.70
V 3248 -877586.45 -172713.37
V 3256 -877578.70 -172715.45
V 3264 -877479.20 -172715.45
V 3272 -877479.20 -172755.45
V 3280 -877578.70 -172755.45
V 3288 -877586.45 -172757.53
V 3296 -877592.12 -172763.20
V 3304 -877594.20 -172770.95
V 3312 -877594.20 -172841.95
V 3320 -877592.12 -172849.70
V 3328 -877586.45 -172855.37
V 3336 -877578.70 -172857.45
V 3344 -877479.20 -172857.45
V 3352 -877479.20 -172897.45
V 3360 -877578.70 -172897.45
V 3368 -877586.45 -172899.53
V 3376 -877592.12 -172905.20
V 3384 -877594.20 -172912.95
V 3392 -877594.20 -172983.95
V 3400 -877592.12 -172991.70
V 3408 -877586.45 -172997.37
V 3416 -877578.70 -172999.45
V 3424 -877479.20 -172999.45
V 3432 -877479.20 -173039.45
V 3440 -877578.70 -173039.45
V 3448 -877586.45 -173041.53
V 3456 -877592.12 -173047.20
V 3464 -877594.20 -173054.95
V 3472 -877594.20 -173125.95
V 3480 -877592.12 -173133.70
V 3488 -877586.45 -173139.37
V 3496 -877578.70 -173141.45
V 3504 -877479.20 -173141.45
V 3512 -877479.20 -173181.45
V 3520 -877578.70 -173181.45
V 3528 -877586.45 -173183.53
V 3536 -877592.12 -173189.20
V 3544 -877594.20 -173196.95
V 3552 -877594.20 -173267.95
V 3560 -877592.12 -173275.70
V 3568 -877586.45 -173281.37
V 3576 -877578.70 -173283.45
V 3584 -877479.20 -173283.45
V 3592 -877479.20 -173323.45
V 3600 -877578.70 -173323.45
V 3608 -877586.45 -173325.53
V 3616 -877592.12 -173331.20
V 3624 -877594.20 -173338.95
V 3632 -877594.20 -173409.95
V 3640 -877592.12 -173417.70
V 3648 -877586.45 -173423.37
V 3656 -877578.70 -173425.45
V 3664 -877479.20 -173425.45
V 3672 -877479.20 -173465.45
V 3680 -877578.70 -173465.45
V 3688 -877586.45 -173467.53
V 3696 -877592.12 -173473.20
V 3704 -877594.20 -173480.95
V 3712 -877594.20 -173551.95
V 3720 -877592.12 -173559.70
V 3728 -877586.45 -173565.37
V 3736 -877578.70 -173567.45
V 3744 -877479.20 -173567.45
V 3752 -877479.20 -173607.45
V 3760 -877578.70 -173607.45
V 3768 -877586.45 -173609.53
V 3776 -877592.12 -173615.20
V 3784 -877594.20 -173622.95
V 3792 -877594.20 -173693.95
V 3800 -877592.12 -173701.70
V 3808 -877586.45 -173707.37
V 3816 -877578.70 -173709.45
V 3824 -877479.20 -173709.45
V 3832 -877479.20 -173749.45
V 3840 -877578.70 -173749.45
V 3848 -877586.45 -173751.53
V 3856 -877592.12 -173757.20
V 3864 -877594.20 -173764.95
V 3872 -877594.20 -173835.95
V 3880 -877592.12 -173843.70
V 3888 -877586.45 -173849.37
V 3896 -877578.70 -173851.45
V 3904 -877479.20 -173851.45
V 3912 -877479.20 -173891.45
V 3920 -877578.70 -173891.45
V 3928 -877586.45 -173893.53
V 3936 -877592.12 -173899.20
V 3944 -877594.20 -173906.95
V 3952 -877594.20 -173977.95
V 3960 -877592.12 -173985.70
V 3968 -877586.45 -173991.37
V 3976 -877578.70 -173993.45
V 3984 -877479.20 -173993.45
V 3992 -877479.20 -174033.45
V 4000 -877578.70 -174033.45
V 4008 -877586.45 -174035.53
V 4016 -877592.12 -174041.20
V 4024 -877594.20 -174048.95
V 4032 -877594.20 -174119.95
V 4040 -877592.12 -174127.70
V 4048 -877586.45 -174133.37
V 4056 -877578.70 -174135.45
V 4064 -877479.20 -174135.45
V 4072 -877479.20 -174175.45
V 4080 -877578.70 -174175.45
V 4088 -877586.45 -174177.53
V 4096 -877592.12 -174183.20
V 4104 -877594.20 -174190.95
V 4112 -877594.20 -174261.95
V 4120 -877592.12 -174269.70
V 4128 -877586.45 -174275.37
V 4136 -877578.70 -174277.45
V 4144 -877479.20 -174277.45
V 4152 -877479.20 -174317.45
V 4160 -877578.70 -174317.45
V 4168 -877586.45 -174319.53
V 4176 -877592.12 -174325.20
V 4184 -877594.20 -174332.95
V 4192 -877594.20 -174403.95
V 4200 -877592.12 -174411.70
V 4208 -877586.45 -174417.37
V 4216 -877578.70 -174419.45
V 4224 -877479.20 -174419.45
V 4232 -877479.20 -174459.45
V 4240 -877578.70 -174459.45
V 4248 -877586.45 -174461.53
V 4256 -877592.12 -174467.20
V 4264 -877594.20 -174474.95
V 4272 -877594.20 -174545.95
V 4280 -877592.12 -174553.70
V 4288 -877586.45 -174559.37
V 4296 -877578.70 -174561.45
V 4304 -877479.20 -174561.45
V 4312 -877479.20 -174601.45
V 4320 -877578.70 -174601.45
V 4328 -877586.45 -174603.53
V 4336 -877592.12 -174609.20
V 4344 -877594.20 -174616.95
V 4352 -877594.20 -174687.95
V 4360 -877592.12 -174695.70
V 4368 -877586.45 -174701.37
V 4376 -877578.70 -174703.45
V 4384 -877479.20 -174703.45
V 4392 -877479.20 -174743.45
V 4400 -877578.70 -174743.45
V 4408 -877586.45 -174745.53
V 4416 -877592.12 -174751.20
V 4424 -877594.20 -174758.95
V 4432 -877594.20 -174829.95
V 4440 -877592.12 -174837.70
V 4448 -877586.45 -174843.37
V 4456 -877578.70 -174845.45
V 4464 -877479.20 -174845.45
V 4472 -877479.20 -174885.45
V 4480 -877578.70 -174885.45
V 4488 -877586.45 -174887.53
V 4496 -877592.12 -174893.20
V 4504 -877594.20 -174900.95
V 4512 -877594.20 -174971.95
V 4520 -877592.12 -174979.70
V 4528 -877586.45 -174985.37
V 4536 -877578.70 -174987.45
V 4544 -877479.20 -174987.45
V 4552 -877479.20 -175027.45
V 4560 -877578.70 -175027.45
V 4568 -877586.45 -175029.53
V 4576 -877592.12 -175035.20
V 4584 -877594.20 -175042.95
V 4592 -877594.20 -175113.95
V 4600 -877592.12 -175121.70
V 4608 -877586.45 -175127.37
V 4616 -877578.70 -175129.45
V 4624 -877479.20 -175129.45
V 4632 -877479.20 -175169.45
V 4640 -877578.70 -175169.45
V 4648 -877586.45 -175171.53
V 4656 -877592.12 -175177.20
V 4664 -877594.20 -175184.95
V 4672 -877594.20 -175255.95
V 4680 -877592.12 -175263.70
V 4688 -877586.45 -175269.37
V 4696 -877578.70 -175271.45
V 4704 -877479.20 -175271.45
V 4712 -877479.20 -175311.45
V 4720 -877578.70 -175311.45
V 4728 -877586.45 -175313.53
V 4736 -877592.12 -175319.20
V 4744 -877594.20 -175326.95
V 4752 -877594.20 -175397.95
V 4760 -877592.12 -175405.70
V 4768 -877586.45 -175411.37
V 4776 -877578.70 -175413.45
V 4784 -877479.20 -175413.45
V 4792 -877479.20 -175453.45
V 4800 -877578.70 -175453.45
V 4808 -877586.45 -175455.53
V 4816 -877592.12 -175461.20
V 4824 -877594.20 -175468.95
V 4832 -877594.20 -175539.95
V 4840 -877592.12 -175547.70
V 4848 -877586.45 -175553.37
V 4856 -877578.70 -175555.45
V 4864 -877479.20 -175555.45
V 4872 -877479.20 -175595.45
V 4880 -877578.70 -175595.45
V 4888 -877586.45 -175597.53
V 4896 -877592.12 -175603.20
V 4904 -877594.20 -175610.95
V 4912 -877594.20 -175681.95
V 4920 -877592.12 -175689.70
V 4928 -877586.45 -175695.37
V 4936 -877578.70 -175697.45
V 4944 -877479.20 -175697.45
V 4952 -877479.20 -175737.45
V 4960 -877578.70 -175737.45
V 4968 -877586.45 -175739.53
V 4976 -877592.12 -175745.20
V 4984 -877594.20 -175752.95
V 4992 -877594.20 -175823.95
V 5000 -877592.12 -175831.70
V 5008 -877586.45 -175837.37
V 5016 -877578.70 -175839.45
V 5024 -877479.20 -175839.45
V 5032 -877479.20 -175879.45
V 5040 -877578.70 -175879.45
V 5048 -877586.45 -175881.53
V 5056 -877592.12 -175887.20
V 5064 -877594.20 -175894.95
V 5072 -877594.20 -175965.95
V 5080 -877592.12 -175973.70
V 5088 -877586.45 -175979.37
V 5096 -877578.70 -175981.45
V 5104 -877479.20 -175981.45
V 5112 -877479.20 -176021.45
V 5120 -877578.70 -176021.45
V 5128 -877586.45 -176023.53
V 5136 -877592.12 -176029.20
V 5144 -877594.20 -176036.95
V 5152 -877594.20 -176107.95
V 5160 -877592.12 -176115.70
V 5168 -877586.45 -176121.37
V 5176 -877578.70 -176123.45
V 5184 -877479.20 -176123.45
V 5192 -877479.20 -176163.45
V 5200 -877578.70 -176163.45
V 5208 -877586.45 -176165.53
V 5216 -877592.12 -176171.20
V 5224 -877594.20 -176178.95
V 5232 -877594.20 -176249.95
V 5240 -877592.12 -176257.70
V 5248 -877586.45 -176263.37
V 5256 -877578.70 -176265.45
V 5264 -877479.20 -176265.45
V 5272 -877479.20 -176305.45
V 5280 -877578.70 -176305.45
V 5288 -877586.45 -176307.53
V 5296 -877592.12 -176313.20
V 5304 -877594.20 -176320.95
V 5312 -877594.20 -176391.95
V 5320 -877592.12 -176399.70
V 5328 -877586.45 -176405.37
V 5336 -877578.70 -176407.45
V 5344 -877479.20 -176407.45
V 5352 -877479.20 -176447.45
V 5360 -877578.70 -176447.45
V 5368 -877586.45 -176449.53
V 5376 -877592.12 -176455.20
V 5384 -877594.20 -176462.95
V 5392 -877594.20 -176533.95
V 5400 -877592.12 -176541.70
V 5408 -877586.45 -176547.37
V 5416 -877578.70 -176549.45
V 5424 -877479.20 -176549.45
V 5432 -877479.20 -176589.45
V 5440 -877578.70 -176589.45
V 5448 -877586.45 -176591.53
V 5456 -877592.12 -176597.20
V 5464 -877594.20 -176604.95
V 5472 -877594.20 -176675.95
V 5480 -877592.12 -176683.70
V 5488 -877586.45 -176689.37
V 5496 -877578.70 -176691.45
V 5504 -877479.20 -176691.45
V 5512 -877479.20 -176731.45
V 5520 -877578.70 -176731.45
V 5528 -877586.45 -176733.53
V 5536 -877592.12 -176739.20
V 5544 -877594.20 -176746.95
V 5552 -877594.20 -176817.95
V 5560 -877592.12 -176825.70
V 5568 -877586.45 -176831.37
V 5576 -877578.70 -176833.45
V 5584 -877479.20 -176833.45
V 5592 -877479.20 -176873.45
V 5600 -877578.70 -176873.45
V 5608 -877586.45 -176875.53
V 5616 -877592.12 -176881.20
V 5624 -877594.20 -176888.95
V 5632 -877594.20 -176959.95
V 5640 -877592.12 -176967.70
V 5648 -877586.45 -176973.37
V 5656 -877578.70 -176975.45
V 5664 -877479.20 -176975.45
V 5672 -877479.20 -177015.45
V 5680 -877578.70 -177015.45
V 5688 -877586.45 -177017.53
V 5696 -877592.12 -177023.20
V 5704 -877594.20 -177030.95
V 5712 -877594.20 -177101.95
V 5720 -877592.12 -177109.70
V 5728 -877586.45 -177115.37
V 5736 -877578.70 -177117.45
V 5744 -877479.20 -177117.45
V 5752 -877479.20 -177157.45
V 5760 -877578.70 -177157.45
V 5768 -877586.45 -177159.53
V 5776 -877592.12 -177165.20
V 5784 -877594.20 -177172.95
V 5792 -877594.20 -177243.95
V 5800 -877592.12 -177251.70
V 5808 -877586.45 -177257.37
V 5816 -877578.70 -177259.45
V 5824 -877479.20 -177259.45
V 5832 -877479.20 -177299.45
V 5840 -877578.70 -177299.45
V 5848 -877586.45 -177301.53
V 5856 -877592.12 -177307.20
V 5864 -877594.20 -177314.95
V 5872 -877594.20 -177385.95
V 5880 -877592.12 -177393.70
V 5888 -877586.45 -177399.37
V 5896 -877578.70 -177401.45
V 5904 -877479.20 -177401.45
V 5912 -877479.20 -177441.45
V 5920 -877578.70 -177441.45
V 5928 -877586.45 -177443.53
V 5936 -877592.12 -177449.20
V 5944 -877594.20 -177456.95
V 5952 -877594.20 -177527.95
V 5960 -877592.12 -177535.70
V 5968 -877586.45 -177541.37
V 5976 -877578.70 -177543.45
V 5984 -877479.20 -177543.45
V 5992 -877479.20 -177583.45
V 6000 -877578.70 -177583.45
V 6008 -877586.45 -177585.53
V 6016 -877592.12 -177591.20
V 6024 -877594.20 -177598.95
V 6032 -877594.20 -177669.95
V 6040 -877592.12 -177677.70
V 6048 -877586.45 -177683.37
V 6056 -877578.70 -177685.45
V 6064 -877479.20 -177685.45
V 6072 -877479.20 -177725.45
V 6080 -877578.70 -177725.45
V 6088 -877586.45 -177727.53
V 6096 -877592.12 -177733.20
V 6104 -877594.20 -177740.95
V 6112 -877594.20 -177811.95
V 6120 -877592.12 -177819.70
V 6128 -877586.45 -177825.37
V 6136 -877578.70 -177827.45
V 6144 -877479.20 -177827.45
V 6152 -877479.20 -177867.45
V 6160 -877578.70 -177867.45
V 6168 -877586.45 -177869.53
V 6176 -877592.12 -177875.20
V 6184 -877594.20 -177882.95
V 6192 -877594.20 -177953.95
V 6200 -877592.12 -177961.70
V 6208 -877586.45 -177967.37
V 6216 -877578.70 -177969.45
V 6224 -877479.20 -177969.45
V 6232 -877479.20 -178009.45
V 6240 -877578.70 -178009.45
V 6248 -877586.45 -178011.53
V 6256 -877592.12 -178017.20
V 6264 -877594.20 -178024.95
V 6272 -877594.20 -178095.95
V 6280 -877592.12 -178103.70
V 6288 -877586.45 -178109.37
V 6296 -877578.70 -178111.45
V 6304 -877479.20 -178111.45
V 6312 -877479.20 -178151.45
V 6320 -877578.70 -178151.45
V 6328 -877586.45 -178153.53
V 6336 -877592.12 -178159.20
V 6344 -877594.20 -178166.95
V 6352 -877594.20 -178237.95
V 6360 -877592.12 -178245.70
V 6368 -877586.45 -178251.37
V 6376 -877578.70 -178253.45
V 6384 -877479.20 -178253.45
V 6392 -877479.20 -178293.45
V 6400 -877578.70 -178293.45
V 6408 -877586.45 -178295.53
V 6416 -877592.12 -178301.20
V 6424 -877594.20 -178308.95
V 6432 -877594.20 -178379.95
V 6440 -877592.12 -178387.70
V 6448 -877586.45 -178393.37
V 6456 -877578.70 -178395.45
V 6464 -877536.70 -178395.45
V 6472 -877536.70 -178404.45
V 6480 -877505.70 -178404.45
V 6488 -877505.70 -178379.95
V 6496 -877505.74 -178378.84
V 6504 -877505.86 -178377.74
V 6512 -877506.05 -178376.66
V 6520 -877506.33 -178375.58
V 6528 -877506.68 -178374.53
V 6536 -877507.10 -178373.51
V 6544 -877507.60 -178372.52
V 6552 -877508.16 -178371.57
V 6560 -877508.79 -178370.66
V 6568 -877509.49 -178369.80
V 6576 -877510.24 -178368.99
V 6584 -877511.05 -178368.24
V 6592 -877511.91 -178367.54
V 6600 -877512.82 -178366.91
V 6608 -877513.77 -178366.35
V 6616 -877514.76 -178365.85
V 6624 -877515.78 -178365.43
V 6632 -877516.83 -178365.08
V 6640 -877517.91 -178364.80
V 6648 -877518.99 -178364.61
V 6656 -877520.09 -178364.49
V 6664 -877521.20 -178364.45
V 6672 -877563.20 -178364.45
V 6680 -877563.20 -178324.45
V 6688 -877463.70 -178324.45
V 6696 -877455.95 -178322.37
V 6704 -877450.28 -178316.70
V 6712 -877448.20 -178308.95
V 6720 -877448.20 -178237.95
V 6728 -877450.28 -178230.20
V 6736 -877455.95 -178224.53
V 6744 -877463.70 -178222.45
V 6752 -877563.20 -178222.45
V 6760 -877563.20 -178182.45
V 6768 -877463.70 -178182.45
V 6776 -877455.95 -178180.37
V 6784 -877450.28 -178174.70
V 6792 -877448.20 -178166.95
V 6800 -877448.20 -178095.95
V 6808 -877450.28 -178088.20
V 6816 -877455.95 -178082.53
V 6824 -877463.70 -178080.45
V 6832 -877563.20 -178080.45
V 6840 -877563.20 -178040.45
V 6848 -877463.70 -178040.45
V 6856 -877455.95 -178038.37
V 6864 -877450.28 -178032.70
V 6872 -877448.20 -178024.95
V 6880 -877448.20 -177953.95
V 6888 -877450.28 -177946.20
V 6896 -877455.95 -177940.53
V 6904 -877463.70 -177938.45
V 6912 -877563.20 -177938.45
V 6920 -877563.20 -177898.45
V 6928 -877463.70 -177898.45
V 6936 -877455.95 -177896.37
V 6944 -877450.28 -177890.70
V 6952 -877448.20 -177882.95
V 6960 -877448.20 -177811.95
V 6968 -877450.28 -177804.20
V 6976 -877455.95 -177798.53
V 6984 -877463.70 -177796.45
V 6992 -877563.20 -177796.45
V 7000 -877563.20 -177756.45
V 7008 -877463.70 -177756.45
V 7016 -877455.95 -177754.37
V 7024 -877450.28 -177748.70
V 7032 -877448.20 -177740.95
V 7040 -877448.20 -177669.95
V 7048 -877450.28 -177662.20
V 7056 -877455.95 -177656.53
V 7064 -877463.70 -177654.45
V 7072 -877563.20 -177654.45
V 7080 -877563.20 -177614.45
V 7088 -877463.70 -177614.45
V 7096 -877455.95 -177612.37
V 7104 -877450.28 -177606.70
V 7112 -877448.20 -177598.95
V 7120 -877448.20 -177527.95
V 7128 -877450.28 -177520.20
V 7136 -877455.95 -177514.53
V 7144 -877463.70 -177512.45
V 7152 -877563.20 -177512.45
V 7160 -877563.20 -177472.45
V 7168 -877463.70 -177472.45
V 7176 -877455.95 -177470.37
V 7184 -877450.28 -177464.70
V 7192 -877448.20 -177456.95
V 7200 -877448.20 -177385.95
V 7208 -877450.28 -177378.20
V 7216 -877455.95 -177372.53
V 7224 -877463.70 -177370.45
V 7232 -877563.20 -177370.45
V 7240 -877563.20 -177330.45
V 7248 -877463.70 -177330.45
V 7256 -877455.95 -177328.37
V 7264 -877450.28 -177322.70
V 7272 -877448.20 -177314.95
V 7280 -877448.20 -177243.95
V 7288 -877450.28 -177236.20
V 7296 -877455.95 -177230.53
V 7304 -877463.70 -177228.45
V 7312 -877563.20 -177228.45
V 7320 -877563.20 -177188.45
V 7328 -877463.70 -177188.45
V 7336 -877455.95 -177186.37
V 7344 -877450.28 -177180.70
V 7352 -877448.20 -177172.95
V 7360 -877448.20 -177101.95
V 7368 -877450.28 -177094.20
V 7376 -877455.95 -177088.53
V 7384 -877463.70 -177086.45
V 7392 -877563.20 -177086.45
V 7400 -877563.20 -177046.45
V 7408 -877463.70 -177046.45
V 7416 -877455.95 -177044.37
V 7424 -877450.28 -177038.70
V 7432 -877448.20 -177030.95
V 7440 -877448.20 -176959.95
V 7448 -877450.28 -176952.20
V 7456 -877455.95 -176946.53
V 7464 -877463.70 -176944.45
V 7472 -877563.20 -176944.45
V 7480 -877563.20 -176904.45
V 7488 -877463.70 -176904.45
V 7496 -877455.95 -176902.37
V 7504 -877450.28 -176896.70
V 7512 -877448.20 -176888.95
V 7520 -877448.20 -176817.95
V 7528 -877450.28 -176810.20
V 7536 -877455.95 -176804.53
V 7544 -877463.70 -176802.45
V 7552 -877563.20 -176802.45
V 7560 -877563.20 -176762.45
V 7568 -877463.70 -176762.45
V 7576 -877455.95 -176760.37
V 7584 -877450.28 -176754.70
V 7592 -877448.20 -176746.95
V 7600 -877448.20 -176675.95
V 7608 -877450.28 -176668.20
V 7616 -877455.95 -176662.53
V 7624 -877463.70 -176660.45
V 7632 -877563.20 -176660.45
V 7640 -877563.20 -176620.45
V 7648 -877463.70 -176620.45
V 7656 -877455.95 -176618.37
V 7664 -877450.28 -176612.70
V 7672 -877448.20 -176604.95
V 7680 -877448.20 -176533.95
V 7688 -877450.28 -176526.20
V 7696 -877455.95 -176520.53
V 7704 -877463.70 -176518.45
V 7712 -877563.20 -176518.45
V 7720 -877563.20 -176478.45
V 7728 -877463.70 -176478.45
V 7736 -877455.95 -176476.37
V 7744 -877450.28 -176470.70
V 7752 -877448.20 -176462.95
V 7760 -877448.20 -176391.95
V 7768 -877450.28 -176384.20
V 7776 -877455.95 -176378.53
V 7784 -877463.70 -176376.45
V 7792 -877563.20 -176376.45
V 7800 -877563.20 -176336.45
V 7808 -877463.70 -176336.45
V 7816 -877455.95 -176334.37
V 7824 -877450.28 -176328.70
V 7832 -877448.20 -176320.95
V 7840 -877448.20 -176249.95
V 7848 -877450.28 -176242.20
V 7856 -877455.95 -176236.53
V 7864 -877463.70 -176234.45
V 7872 -877563.20 -176234.45
V 7880 -877563.20 -176194.45
V 7888 -877463.70 -176194.45
V 7896 -877455.95 -176192.37
V 7904 -877450.28 -176186.70
V 7912 -877448.20 -176178.95
V 7920 -877448.20 -176107.95
V 7928 -877450.28 -176100.20
V 7936 -877455.95 -176094.53
V 7944 -877463.70 -176092.45
V 7952 -877563.20 -176092.45
V 7960 -877563.20 -176052.45
V 7968 -877463.70 -176052.45
V 7976 -877455.95 -176050.37
V 7984 -877450.28 -176044.70
V 7992 -877448.20 -176036.95
V 8000 -877448.20 -175965.95
V 8008 -877450.28 -175958.20
V 8016 -877455.95 -175952.53
V 8024 -877463.70 -175950.45
V 8032 -877563.20 -175950.45
V 8040 -877563.20 -175910.45
V 8048 -877463.70 -175910.45
V 8056 -877455.95 -175908.37
V 8064 -877450.28 -175902.70
V 8072 -877448.20 -175894.95
V 8080 -877448.20 -175823.95
V 8088 -877450.28 -175816.20
V 8096 -877455.95 -175810.53
V 8104 -877463.70 -175808.45
V 8112 -877563.20 -175808.45
V 8120 -877563.20 -175768.45
V 8128 -877463.70 -175768.45
V 8136 -877455.95 -175766.37
V 8144 -877450.28 -175760.70
V 8152 -877448.20 -175752.95
V 8160 -877448.20 -175681.95
V 8168 -877450.28 -175674.20
V 8176 -877455.95 -175668.53
V 8184 -877463.70 -175666.45
V 8192 -877563.20 -175666.45
V 8200 -877563.20 -175626.45
V 8208 -877463.70 -175626.45
V 8216 -877455.95 -175624.37
V 8224 -877450.28 -175618.70
V 8232 -877448.20 -175610.95
V 8240 -877448.20 -175539.95
V 8248 -877450.28 -175532.20
V 8256 -877455.95 -175526.53
V 8264 -877463.70 -175524.45
V 8272 -877563.20 -175524.45
V 8280 -877563.20 -175484.45
V 8288 -877463.70 -175484.45
V 8296 -877455.95 -175482.37
V 8304 -877450.28 -175476.70
V 8312 -877448.20 -175468.95
V 8320 -877448.20 -175397.95
V 8328 -877450.28 -175390.20
V 8336 -877455.95 -175384.53
V 8344 -877463.70 -175382.45
V 8352 -877563.20 -175382.45
V 8360 -877563.20 -175342.45
V 8368 -877463.70 -175342.45
V 8376 -877455.95 -175340.37
V 8384 -877450.28 -175334.70
V 8392 -877448.20 -175326.95
V 8400 -877448.20 -175255.95
V 8408 -877450.28 -175248.20
V 8416 -877455.95 -175242.53
V 8424 -877463.70 -175240.45
V 8432 -877563.20 -175240.45
V 8440 -877563.20 -175200.45
V 8448 -877463.70 -175200.45
V 8456 -877455.95 -175198.37
V 8464 -877450.28 -175192.70
V 8472 -877448.20 -175184.95
V 8480 -877448.20 -175113.95
V 8488 -877450.28 -175106.20
V 8496 -877455.95 -175100.53
V 8504 -877463.70 -175098.45
V 8512 -877563.20 -175098.45
V 8520 -877563.20 -175058.45
V 8528 -877463.70 -175058.45
V 8536 -877455.95 -175056.37
V 8544 -877450.28 -175050.70
V 8552 -877448.20 -175042.95
V 8560 -877448.20 -174971.95
V 8568 -877450.28 -174964.20
V 8576 -877455.95 -174958.53
V 8584 -877463.70 -174956.45
V 8592 -877563.20 -174956.45
V 8600 -877563.20 -174916.45
V 8608 -877463.70 -174916.45
V 8616 -877455.95 -174914.37
V 8624 -877450.28 -174908.70
V 8632 -877448.20 -174900.95
V 8640 -877448.20 -174829.95
V 8648 -877450.28 -174822.20
V 8656 -877455.95 -174816.53
V 8664 -877463.70 -174814.45
V 8672 -877563.20 -174814.45
V 8680 -877563.20 -174774.45
V 8688 -877463.70 -174774.45
V 8696 -877455.95 -174772.37
V 8704 -877450.28 -174766.70
V 8712 -877448.20 -174758.95
V 8720 -877448.20 -174687.95
V 8728 -877450.28 -174680.20
V 8736 -877455.95 -174674.53
V 8744 -877463.70 -174672.45
V 8752 -877563.20 -174672.45
V 8760 -877563.20 -174632.45
V 8768 -877463.70 -174632.45
V 8776 -877455.95 -174630.37
V 8784 -877450.28 -174624.70
V 8792 -877448.20 -174616.95
V 8800 -877448.20 -174545.95
V 8808 -877450.28 -174538.20
V 8816 -877455.95 -174532.53
V 8824 -877463.70 -174530.45
V 8832 -877563.20 -174530.45
V 8840 -877563.20 -174490.45
V 8848 -877463.70 -174490.45
V 8856 -877455.95 -174488.37
V 8864 -877450.28 -174482.70
V 8872 -877448.20 -174474.95
V 8880 -877448.20 -174403.95
V 8888 -877450.28 -174396.20
V 8896 -877455.95 -174390.53
V 8904 -877463.70 -174388.45
V 8912 -877563.20 -174388.45
V 8920 -877563.20 -174348.45
V 8928 -877463.70 -174348.45
V 8936 -877455.95 -174346.37
V 8944 -877450.28 -174340.70
V 8952 -877448.20 -174332.95
V 8960 -877448.20 -174261.95
V 8968 -877450.28 -174254.20
V 8976 -877455.95 -174248.53
V 8984 -877463.70 -174246.45
V 8992 -877563.20 -174246.45
V 9000 -877563.20 -174206.45
V 9008 -877463.70 -174206.45
V 9016 -877455.95 -174204.37
V 9024 -877450.28 -174198.70
V 9032 -877448.20 -174190.95
V 9040 -877448.20 -174119.95
V 9048 -877450.28 -174112.20
V 9056 -877455.95 -174106.53
V 9064 -877463.70 -174104.45
V 9072 -877563.20 -174104.45
V 9080 -877563.20 -174064.45
V 9088 -877463.70 -174064.45
V 9096 -877455.95 -174062.37
V 9104 -877450.28 -174056.70
V 9112 -877448.20 -174048.95
V 9120 -877448.20 -173977.95
V 9128 -877450.28 -173970.20
V 9136 -877455.95 -173964.53
V 9144 -877463.70 -173962.45
V 9152 -877563.20 -173962.45
V 9160 -877563.20 -173922.45
V 9168 -877463.70 -173922.45
V 9176 -877455.95 -173920.37
V 9184 -877450.28 -173914.70
V 9192 -877448.20 -173906.95
V 9200 -877448.20 -173835.95
V 9208 -877450.28 -173828.20
V 9216 -877455.95 -173822.53
V 9224 -877463.70 -173820.45
V 9232 -877563.20 -173820.45
V 9240 -877563.20 -173780.45
V 9248 -877463.70 -173780.45
V 9256 -877455.95 -173778.37
V 9264 -877450.28 -173772.70
V 9272 -877448.20 -173764.95
V 9280 -877448.20 -173693.95
V 9288 -877450.28 -173686.20
V 9296 -877455.95 -173680.53
V 9304 -877463.70 -173678.45
V 9312 -877563.20 -173678.45
V 9320 -877563.20 -173638.45
V 9328 -877463.70 -173638.45
V 9336 -877455.95 -173636.37
V 9344 -877450.28 -173630.70
V 9352 -877448.20 -173622.95
V 9360 -877448.20 -173551.95
V 9368 -877450.28 -173544.20
V 9376 -877455.95 -173538.53
V 9384 -877463.70 -173536.45
V 9392 -877563.20 -173536.45
V 9400 -877563.20 -173496.45
V 9408 -877463.70 -173496.45
V 9416 -877455.95 -173494.37
V 9424 -877450.28 -173488.70
V 9432 -877448.20 -173480.95
V 9440 -877448.20 -173409.95
V 9448 -877450.28 -173402.20
V 9456 -877455.95 -173396.53
V 9464 -877463.70 -173394.45
V 9472 -877563.20 -173394.45
V 9480 -877563.20 -173354.45
V 9488 -877463.70 -173354.45
V 9496 -877455.95 -173352.37
V 9504 -877450.28 -173346.70
V 9512 -877448.20 -173338.95
V 9520 -877448.20 -173267.95
V 9528 -877450.28 -173260.20
V 9536 -877455.95 -173254.53
V 9544 -877463.70 -173252.45
V 9552 -877563.20 -173252.45
V 9560 -877563.20 -173212.45
V 9568 -877463.70 -173212.45
V 9576 -877455.95 -173210.37
V 9584 -877450.28 -173204.70
V 9592 -877448.20 -173196.95
V 9600 -877448.20 -173125.95
V 9608 -877450.28 -173118.20
V 9616 -877455.95 -173112.53
V 9624 -877463.70 -173110.45
V 9632 -877563.20 -173110.45
V 9640 -877563.20 -173070.45
V 9648 -877463.70 -173070.45
V 9656 -877455.95 -173068.37
V 9664 -877450.28 -173062.70
V 9672 -877448.20 -173054.95
V 9680 -877448.20 -172983.95
V 9688 -877450.28 -172976.20
V 9696 -877455.95 -172970.53
V 9704 -877463.70 -172968.45
V 9712 -877563.20 -172968.45
V 9720 -877563.20 -172928.45
V 9728 -877463.70 -172928.45
V 9736 -877455.95 -172926.37
V 9744 -877450.28 -172920.70
V 9752 -877448.20 -172912.95
V 9760 -877448.20 -172841.95
V 9768 -877450.28 -172834.20
V 9776 -877455.95 -172828.53
V 9784 -877463.70 -172826.45
V 9792 -877563.20 -172826.45
V 9800 -877563.20 -172786.45
V 9808 -877463.70 -172786.45
V 9816 -877455.95 -172784.37
V 9824 -877450.28 -172778.70
V 9832 -877448.20 -172770.95
V 9840 -877448.20 -172699.95
V 9848 -877450.28 -172692.20
V 9856 -877455.95 -172686.53
V 9864 -877463.70 -172684.45
V 9872 -877563.20 -172684.45
V 9880 -877563.20 -172644.45
V 9888 -877463.70 -172644.45
V 9896 -877455.95 -172642.37
V 9904 -877450.28 -172636.70
V 9912 -877448.20 -172628.95
V 9920 -877448.20 -172557.95
V 9928 -877450.28 -172550.20
V 9936 -877455.95 -172544.53
V 9944 -877463.70 -172542.45
V 9952 -877563.20 -172542.45
V 9960 -877563.20 -172502.45
V 9968 -877463.70 -172502.45
V 9976 -877455.95 -172500.37
V 9984 -877450.28 -172494.70
V 9992 -877448.20 -172486.95
V 10000 -877448.20 -172415.95
V 10008 -877450.28 -172408.20
V 10016 -877455.95 -172402.53
V 10024 -877463.70 -172400.45
V 10032 -877563.20 -172400.45
V 10040 -877563.20 -172360.45
V 10048 -877463.70 -172360.45
V 10056 -877455.95 -172358.37
V 10064 -877450.28 -172352.70
V 10072 -877448.20 -172344.95
V 10080 -877448.20 -172273.95
V 10088 -877450.28 -172266.20
V 10096 -877455.95 -172260.53
V 10104 -877463.70 -172258.45
V 10112 -877563.20 -172258.45
V 10120 -877563.20 -172218.45
V 10128 -877463.70 -172218.45
V 10136 -877455.95 -172216.37
V 10144 -877450.28 -172210.70
V 10152 -877448.20 -172202.95
V 10160 -877448.20 -172131.95
V 10168 -877450.28 -172124.20
V 10176 -877455.95 -172118.53
V 10184 -877463.70 -172116.45
V 10192 -877563.20 -172116.45
V 10200 -877563.20 -172076.45
V 10208 -877463.70 -172076.45
V 10216 -877455.95 -172074.37
V 10224 -877450.28 -172068.70
V 10232 -877448.20 -172060.95
V 10240 -877448.20 -171989.95
V 10248 -877450.28 -171982.20
V 10256 -877455.95 -171976.53
V 10264 -877463.70 -171974.45
V 10272 -877563.20 -171974.45
V 10280 -877563.20 -171934.45
V 10288 -877463.70 -171934.45
V 10296 -877455.95 -171932.37
V 10304 -877450.28 -171926.70
V 10312 -877448.20 -171918.95
V 10320 -877448.20 -171847.95
V 10328 -877450.28 -171840.20
V 10336 -877455.95 -171834.53
V 10344 -877463.70 -171832.45
V 10352 -877563.20 -171832.45
V 10360 -877563.20 -171792.45
V 10368 -877463.70 -171792.45
V 10376 -877455.95 -171790.37
V 10384 -877450.28 -171784.70
V 10392 -877448.20 -171776.95
V 10400 -877448.20 -171705.95
V 10408 -877450.28 -171698.20
V 10416 -877455.95 -171692.53
V 10424 -877463.70 -171690.45
V 10432 -877563.20 -171690.45
V 10440 -877563.20 -171650.45
V 10448 -877463.70 -171650.45
V 10456 -877455.95 -171648.37
V 10464 -877450.28 -171642.70
V 10472 -877448.20 -171634.95
V 10480 -877448.20 -171563.95
V 10488 -877450.28 -171556.20
V 10496 -877455.95 -171550.53
V 10504 -877463.70 -171548.45
V 10512 -877563.20 -171548.45
V 10520 -877563.20 -171508.45
V 10528 -877463.70 -171508.45
V 10536 -877455.95 -171506.37
V 10544 -877450.28 -171500.70
V 10552 -877448.20 -171492.95
V 10560 -877448.20 -171421.95
V 10568 -877450.28 -171414.20
V 10576 -877455.95 -171408.53
V 10584 -877463.70 -171406.45
V 10592 -877563.20 -171406.45
V 10600 -877563.20 -171366.45
V 10608 -877463.70 -171366.45
V 10616 -877455.95 -171364.37
V 10624 -877450.28 -171358.70
V 10632 -877448.20 -171350.95
V 10640 -877448.20 -171279.95
V 10648 -877450.28 -171272.20
V 10656 -877455.95 -171266.53
V 10664 -877463.70 -171264.45
V 10672 -877563.20 -171264.45
V 10680 -877563.20 -171224.45
V 10688 -877463.70 -171224.45
V 10696 -877455.95 -171222.37
V 10704 -877450.28 -171216.70
V 10712 -877448.20 -171208.95
V 10720 -877448.20 -171137.95
V 10728 -877450.28 -171130.20
V 10736 -877455.95 -171124.53
V 10744 -877463.70 -171122.45
V 10752 -877563.20 -171122.45
V 10760 -877563.20 -171082.45
V 10768 -877463.70 -171082.45
V 10776 -877455.95 -171080.37
V 10784 -877450.28 -171074.70
V 10792 -877448.20 -171066.95
V 10800 -877448.20 -170995.95
V 10808 -877450.28 -170988.20
V 10816 -877455.95 -170982.53
V 10824 -877463.70 -170980.45
V 10832 -877563.20 -170980.45
V 10840 -877563.20 -170940.45
V 10848 -877463.70 -170940.45
V 10856 -877455.95 -170938.37
V 10864 -877450.28 -170932.70
V 10872 -877448.20 -170924.95
V 10880 -877448.20 -170853.95
V 10888 -877450.28 -170846.20
V 10896 -877455.95 -170840.53
V 10904 -877463.70 -170838.45
V 10912 -877563.20 -170838.45
V 10920 -877563.20 -170798.45
V 10928 -877463.70 -170798.45
V 10936 -877455.95 -170796.37
V 10944 -877450.28 -170790.70
V 10952 -877448.20 -170782.95
V 10960 -877448.20 -170711.95
V 10968 -877450.28 -170704.20
V 10976 -877455.95 -170698.53
V 10984 -877463.70 -170696.45
V 10992 -877563.20 -170696.45
V 11000 -877563.20 -170656.45
V 11008 -877463.70 -170656.45
V 11016 -877455.95 -170654.37
V 11024 -877450.28 -170648.70
V 11032 -877448.20 -170640.95
V 11040 -877448.20 -170569.95
V 11048 -877450.28 -170562.20
V 11056 -877455.95 -170556.53
V 11064 -877463.70 -170554.45
V 11072 -877563.20 -170554.45
V 11080 -877563.20 -170514.45
V 11088 -877463.70 -170514.45
V 11096 -877455.95 -170512.37
V 11104 -877450.28 -170506.70
V 11112 -877448.20 -170498.95
V 11120 -877448.20 -170427.95
V 11128 -877450.28 -170420.20
V 11136 -877455.95 -170414.53
V 11144 -877463.70 -170412.45
V 11152 -877563.20 -170412.45
V 11160 -877563.20 -170372.45
V 11168 -877463.70 -170372.45
V 11176 -877455.95 -170370.37
V 11184 -877450.28 -170364.70
V 11192 -877448.20 -170356.95
V 11200 -877448.20 -170285.95
V 11208 -877450.28 -170278.20
V 11216 -877455.95 -170272.53
V 11224 -877463.70 -170270.45
V 11232 -877563.20 -170270.45
V 11240 -877563.20 -170230.45
V 11248 -877463.70 -170230.45
V 11256 -877455.95 -170228.37
V 11264 -877450.28 -170222.70
V 11272 -877448.20 -170214.95
V 11280 -877448.20 -170143.95
V 11288 -877450.28 -170136.20
V 11296 -877455.95 -170130.53
V 11304 -877463.70 -170128.45
V 11312 -877563.20 -170128.45
V 11320 -877563.20 -170088.45
V 11328 -877463.70 -170088.45
V 11336 -877455.95 -170086.37
V 11344 -877450.28 -170080.70
V 11352 -877448.20 -170072.95
V 11360 -877448.20 -170001.95
V 11368 -877450.28 -169994.20
V 11376 -877455.95 -169988.53
V 11384 -877463.70 -169986.45
V 11392 -877563.20 -169986.45
V 11400 -877563.20 -169946.45
V 11408 -877463.70 -169946.45
V 11416 -877455.95 -169944.37
V 11424 -877450.28 -169938.70
V 11432 -877448.20 -169930.95
V 11440 -877448.20 -169859.95
