V 0 -579066.00 -157719.35
V 8 -579066.00 -157730.78
V 16 -579252.09 -157762.38
V 24 -584043.33 -158575.94
V 32 -584362.73 -158630.18
V 40 -584362.77 -158630.18
V 48 -584362.89 -158630.20
V 56 -584362.93 -158630.21
V 64 -585291.93 -158787.96
V 72 -586686.06 -159024.68
V 80 -586686.10 -159024.69
V 88 -587614.97 -159182.41
V 96 -587847.28 -159221.86
V 104 -588311.86 -159300.75
V 112 -588775.48 -159379.47
V 120 -588775.57 -159379.49
V 128 -588775.64 -159379.50
V 136 -588775.66 -159379.50
V 144 -591749.85 -159884.52
V 152 -591931.97 -159915.45
V 160 -609107.78 -162831.94
V 168 -617057.71 -164181.85
V 176 -617753.02 -164299.92
V 184 -618512.09 -164428.81
V 192 -618512.18 -164428.83
V 200 -618512.25 -164428.84
V 208 -618975.75 -164507.54
V 216 -620063.11 -164692.18
V 224 -623621.78 -165296.45
V 232 -624751.14 -165488.21
V 240 -625262.25 -165575.00
V 248 -627212.89 -165906.22
V 256 -630126.50 -166400.96
V 264 -630126.88 -166401.03
V 272 -638513.79 -167825.14
V 280 -638520.40 -167827.95
V 288 -638525.04 -167833.43
V 296 -638526.70 -167840.42
V 304 -638526.70 -167927.45
V 312 -638540.63 -167927.45
V 320 -638541.74 -167927.49
V 328 -638542.84 -167927.61
V 336 -638543.92 -167927.80
V 344 -638545.00 -167928.08
V 352 -638546.05 -167928.43
V 360 -638547.07 -167928.85
V 368 -638548.06 -167929.35
V 376 -638549.01 -167929.91
V 384 -638549.92 -167930.54
V 392 -638550.78 -167931.24
V 400 -638551.59 -167931.99
V 408 -638552.34 -167932.80
V 416 -638553.04 -167933.66
V 424 -638553.67 -167934.57
V 432 -638554.23 -167935.52
V 440 -638554.73 -167936.51
V 448 -638555.15 -167937.53
V 456 -638555.50 -167938.58
V 464 -638555.78 -167939.66
V 472 -638555.97 -167940.74
V 480 -638556.09 -167941.84
V 488 -638556.13 -167942.95
V 496 -638556.13 -168013.95
V 504 -638554.05 -168021.70
V 512 -638548.38 -168027.37
V 520 -638540.63 -168029.45
V 528 -638469.20 -168029.45
V 536 -638469.20 -168069.45
V 544 -638568.70 -168069.45
V 552 -638576.45 -168071.53
V 560 -638582.12 -168077.20
V 568 -638584.20 -168084.95
V 576 -638584.20 -168155.95
V 584 -638582.12 -168163.70
V 592 -638576.45 -168169.37
V 600 -638568.70 -168171.45
V 608 -638469.20 -168171.45
V 616 -638469.20 -168211.45
V 624 -638568.70 -168211.45
V 632 -638576.45 -168213.53
V 640 -638582.12 -168219.20
V 648 -638584.20 -168226.95
V 656 -638584.20 -168297.95
V 664 -638582.12 -168305.70
V 672 -638576.45 -168311.37
V 680 -638568.70 -168313.45
V 688 -638469.20 -168313.45
V 696 -638469.20 -168353.45
V 704 -638568.70 -168353.45
V 712 -638576.45 -168355.53
V 720 -638582.12 -168361.20
V 728 -638584.20 -168368.95
V 736 -638584.20 -168439.95
V 744 -638582.12 -168447.70
V 752 -638576.45 -168453.37
V 760 -638568.70 -168455.45
V 768 -638469.20 -168455.45
V 776 -638469.20 -168495.45
V 784 -638568.70 -168495.45
V 792 -638576.45 -168497.53
V 800 -638582.12 -168503.20
V 808 -638584.20 -168510.95
V 816 -638584.20 -168581.95
V 824 -638582.12 -168589.70
V 832 -638576.45 -168595.37
V 840 -638568.70 -168597.45
V 848 -638469.20 -168597.45
V 856 -638469.20 -168637.45
V 864 -638568.70 -168637.45
V 872 -638576.45 -168639.53
V 880 -638582.12 -168645.20
V 888 -638584.20 -168652.95
V 896 -638584.20 -168723.95
V 904 -638582.12 -168731.70
V 912 -638576.45 -168737.37
V 920 -638568.70 -168739.45
V 928 -638469.20 -168739.45
V 936 -638469.20 -168779.45
V 944 -638568.70 -168779.45
V 952 -638576.45 -168781.53
V 960 -638582.12 -168787.20
V 968 -638584.20 -168794.95
V 976 -638584.20 -168865.95
V 984 -638582.12 -168873.70
V 992 -638576.45 -168879.37
V 1000 -638568.70 -168881.45
V 1008 -638469.20 -168881.45
V 1016 -638469.20 -168921.45
V 1024 -638568.70 -168921.45
V 1032 -638576.45 -168923.53
V 1040 -638582.12 -168929.20
V 1048 -638584.20 -168936.95
V 1056 -638584.20 -169007.95
V 1064 -638582.12 -169015.70
V 1072 -638576.45 -169021.37
V 1080 -638568.70 -169023.45
V 1088 -638469.20 -169023.45
V 1096 -638469.20 -169063.45
V 1104 -638568.70 -169063.45
V 1112 -638576.45 -169065.53
V 1120 -638582.12 -169071.20
V 1128 -638584.20 -169078.95
V 1136 -638584.20 -169149.95
V 1144 -638582.12 -169157.70
V 1152 -638576.45 -169163.37
V 1160 -638568.70 -169165.45
V 1168 -638469.20 -169165.45
V 1176 -638469.20 -169205.45
V 1184 -638568.70 -169205.45
V 1192 -638576.45 -169207.53
V 1200 -638582.12 -169213.20
V 1208 -638584.20 -169220.95
V 1216 -638584.20 -169291.95
V 1224 -638582.12 -169299.70
V 1232 -638576.45 -169305.37
V 1240 -638568.70 -169307.45
V 1248 -638469.20 -169307.45
V 1256 -638469.20 -169347.45
V 1264 -638568.70 -169347.45
V 1272 -638576.45 -169349.53
V 1280 -638582.12 -169355.20
V 1288 -638584.20 -169362.95
V 1296 -638584.20 -169433.95
V 1304 -638582.12 -169441.70
V 1312 -638576.45 -169447.37
V 1320 -638568.70 -169449.45
V 1328 -638469.20 -169449.45
V 1336 -638469.20 -169489.45
V 1344 -638568.70 -169489.45
V 1352 -638576.45 -169491.53
V 1360 -638582.12 -169497.20
V 1368 -638584.20 -169504.95
V 1376 -638584.20 -169575.95
V 1384 -638582.12 -169583.70
V 1392 -638576.45 -169589.37
V 1400 -638568.70 -169591.45
V 1408 -638469.20 -169591.45
V 1416 -638469.20 -169631.45
V 1424 -638568.70 -169631.45
V 1432 -638576.45 -169633.53
V 1440 -638582.12 -169639.20
V 1448 -638584.20 -169646.95
V 1456 -638584.20 -169717.95
V 1464 -638582.12 -169725.70
V 1472 -638576.45 -169731.37
V 1480 -638568.70 -169733.45
V 1488 -638469.20 -169733.45
V 1496 -638469.20 -169773.45
V 1504 -638568.70 -169773.45
V 1512 -638576.45 -169775.53
V 1520 -638582.12 -169781.20
V 1528 -638584.20 -169788.95
V 1536 -638584.20 -169859.95
V 1544 -638582.12 -169867.70
V 1552 -638576.45 -169873.37
V 1560 -638568.70 -169875.45
V 1568 -638469.20 -169875.45
V 1576 -638469.20 -169915.45
V 1584 -638568.70 -169915.45
V 1592 -638576.45 -169917.53
V 1600 -638582.12 -169923.20
V 1608 -638584.20 -169930.95
V 1616 -638584.20 -170001.95
V 1624 -638582.12 -170009.70
V 1632 -638576.45 -170015.37
V 1640 -638568.70 -170017.45
V 1648 -638469.20 -170017.45
V 1656 -638469.20 -170057.45
V 1664 -638568.70 -170057.45
V 1672 -638576.45 -170059.53
V 1680 -638582.12 -170065.20
V 1688 -638584.20 -170072.95
V 1696 -638584.20 -170143.95
V 1704 -638582.12 -170151.70
V 1712 -638576.45 -170157.37
V 1720 -638568.70 -170159.45
V 1728 -638469.20 -170159.45
V 1736 -638469.20 -170199.45
V 1744 -638568.70 -170199.45
V 1752 -638576.45 -170201.53
V 1760 -638582.12 -170207.20
V 1768 -638584.20 -170214.95
V 1776 -638584.20 -170285.95
V 1784 -638582.12 -170293.70
V 1792 -638576.45 -170299.37
V 1800 -638568.70 -170301.45
V 1808 -638469.20 -170301.45
V 1816 -638469.20 -170341.45
V 1824 -638568.70 -170341.45
V 1832 -638576.45 -170343.53
V 1840 -638582.12 -170349.20
V 1848 -638584.20 -170356.95
V 1856 -638584.20 -170427.95
V 1864 -638582.12 -170435.70
V 1872 -638576.45 -170441.37
V 1880 -638568.70 -170443.45
V 1888 -638469.20 -170443.45
V 1896 -638469.20 -170483.45
V 1904 -638568.70 -170483.45
V 1912 -638576.45 -170485.53
V 1920 -638582.12 -170491.20
V 1928 -638584.20 -170498.95
V 1936 -638584.20 -170569.95
V 1944 -638582.12 -170577.70
V 1952 -638576.45 -170583.37
V 1960 -638568.70 -170585.45
V 1968 -638469.20 -170585.45
V 1976 -638469.20 -170625.45
V 1984 -638568.70 -170625.45
V 1992 -638576.45 -170627.53
V 2000 -638582.12 -170633.20
V 2008 -638584.20 -170640.95
V 2016 -638584.20 -170711.95
V 2024 -638582.12 -170719.70
V 2032 -638576.45 -170725.37
V 2040 -638568.70 -170727.45
V 2048 -638469.20 -170727.45
V 2056 -638469.20 -170767.45
V 2064 -638568.70 -170767.45
V 2072 -638576.45 -170769.53
V 2080 -638582.12 -170775.20
V 2088 -638584.20 -170782.95
V 2096 -638584.20 -170853.95
V 2104 -638582.12 -170861.70
V 2112 -638576.45 -170867.37
V 2120 -638568.70 -170869.45
V 2128 -638469.20 -170869.45
V 2136 -638469.20 -170909.45
V 2144 -638568.70 -170909.45
V 2152 -638576.45 -170911.53
V 2160 -638582.12 -170917.20
V 2168 -638584.20 -170924.95
V 2176 -638584.20 -170995.95
V 2184 -638582.12 -171003.70
V 2192 -638576.45 -171009.37
V 2200 -638568.70 -171011.45
V 2208 -638469.20 -171011.45
V 2216 -638469.20 -171051.45
V 2224 -638568.70 -171051.45
V 2232 -638576.45 -171053.53
V 2240 -638582.12 -171059.20
V 2248 -638584.20 -171066.95
V 2256 -638584.20 -171137.95
V 2264 -638582.12 -171145.70
V 2272 -638576.45 -171151.37
V 2280 -638568.70 -171153.45
V 2288 -638469.20 -171153.45
V 2296 -638469.20 -171193.45
V 2304 -638568.70 -171193.45
V 2312 -638576.45 -171195.53
V 2320 -638582.12 -171201.20
V 2328 -638584.20 -171208.95
V 2336 -638584.20 -171279.95
V 2344 -638582.12 -171287.70
V 2352 -638576.45 -171293.37
V 2360 -638568.70 -171295.45
V 2368 -638469.20 -171295.45
V 2376 -638469.20 -171335.45
V 2384 -638568.70 -171335.45
V 2392 -638576.45 -171337.53
V 2400 -638582.12 -171343.20
V 2408 -638584.20 -171350.95
V 2416 -638584.20 -171421.95
V 2424 -638582.12 -171429.70
V 2432 -638576.45 -171435.37
V 2440 -638568.70 -171437.45
V 2448 -638469.20 -171437.45
V 2456 -638469.20 -171477.45
V 2464 -638568.70 -171477.45
V 2472 -638576.45 -171479.53
V 2480 -638582.12 -171485.20
V 2488 -638584.20 -171492.95
V 2496 -638584.20 -171563.95
V 2504 -638582.12 -171571.70
V 2512 -638576.45 -171577.37
V 2520 -638568.70 -171579.45
V 2528 -638469.20 -171579.45
V 2536 -638469.20 -171619.45
V 2544 -638568.70 -171619.45
V 2552 -638576.45 -171621.53
V 2560 -638582.12 -171627.20
V 2568 -638584.20 -171634.95
V 2576 -638584.20 -171705.95
V 2584 -638582.12 -171713.70
V 2592 -638576.45 -171719.37
V 2600 -638568.70 -171721.45
V 2608 -638469.20 -171721.45
V 2616 -638469.20 -171761.45
V 2624 -638568.70 -171761.45
V 2632 -638576.45 -171763.53
V 2640 -638582.12 -171769.20
V 2648 -638584.20 -171776.95
V 2656 -638584.20 -171847.95
V 2664 -638582.12 -171855.70
V 2672 -638576.45 -171861.37
V 2680 -638568.70 -171863.45
V 2688 -638469.20 -171863.45
V 2696 -638469.20 -171903.45
V 2704 -638568.70 -171903.45
V 2712 -638576.45 -171905.53
V 2720 -638582.12 -171911.20
V 2728 -638584.20 -171918.95
V 2736 -638584.20 -171989.95
V 2744 -638582.12 -171997.70
V 2752 -638576.45 -172003.37
V 2760 -638568.70 -172005.45
V 2768 -638469.20 -172005.45
V 2776 -638469.20 -172045.45
V 2784 -638568.70 -172045.45
V 2792 -638576.45 -172047.53
V 2800 -638582.12 -172053.20
V 2808 -638584.20 -172060.95
V 2816 -638584.20 -172131.95
V 2824 -638582.12 -172139.70
V 2832 -638576.45 -172145.37
V 2840 -638568.70 -172147.45
V 2848 -638469.20 -172147.45
V 2856 -638469.20 -172187.45
V 2864 -638568.70 -172187.45
V 2872 -638576.45 -172189.53
V 2880 -638582.12 -172195.20
V 2888 -638584.20 -172202.95
V 2896 -638584.20 -172273.95
V 2904 -638582.12 -172281.70
V 2912 -638576.45 -172287.37
V 2920 -638568.70 -172289.45
V 2928 -638469.20 -172289.45
V 2936 -638469.20 -172329.45
V 2944 -638568.70 -172329.45
V 2952 -638576.45 -172331.53
V 2960 -638582.12 -172337.20
V 2968 -638584.20 -172344.95
V 2976 -638584.20 -172415.95
V 2984 -638582.12 -172423.70
V 2992 -638576.45 -172429.37
V 3000 -638568.70 -172431.45
V 3008 -638469.20 -172431.45
V 3016 -638469.20 -172471.45
V 3024 -638568.70 -172471.45
V 3032 -638576.45 -172473.53
V 3040 -638582.12 -172479.20
V 3048 -638584.20 -172486.95
V 3056 -638584.20 -172557.95
V 3064 -638582.12 -172565.70
V 3072 -638576.45 -172571.37
V 3080 -638568.70 -172573.45
V 3088 -638469.20 -172573.45
V 3096 -638469.20 -172613.45
V 3104 -638568.70 -172613.45
V 3112 -638576.45 -172615.53
V 3120 -638582.12 -172621.20
V 3128 -638584.20 -172628.95
V 3136 -638584.20 -172699.95
V 3144 -638582.12 -172707.70
V 3152 -638576.45 -172713.37
V 3160 -638568.70 -172715.45
V 3168 -638469.20 -172715.45
V 3176 -638469.20 -172755.45
V 3184 -638568.70 -172755.45
V 3192 -638576.45 -172757.53
V 3200 -638582.12 -172763.20
V 3208 -638584.20 -172770.95
V 3216 -638584.20 -172841.95
V 3224 -638582.12 -172849.70
V 3232 -638576.45 -172855.37
V 3240 -638568.70 -172857.45
V 3248 -638469.20 -172857.45
V 3256 -638469.20 -172897.45
V 3264 -638568.70 -172897.45
V 3272 -638576.45 -172899.53
V 3280 -638582.12 -172905.20
V 3288 -638584.20 -172912.95
V 3296 -638584.20 -172983.95
V 3304 -638582.12 -172991.70
V 3312 -638576.45 -172997.37
V 3320 -638568.70 -172999.45
V 3328 -638469.20 -172999.45
V 3336 -638469.20 -173039.45
V 3344 -638568.70 -173039.45
V 3352 -638576.45 -173041.53
V 3360 -638582.12 -173047.20
V 3368 -638584.20 -173054.95
V 3376 -638584.20 -173125.95
V 3384 -638582.12 -173133.70
V 3392 -638576.45 -173139.37
V 3400 -638568.70 -173141.45
V 3408 -638469.20 -173141.45
V 3416 -638469.20 -173181.45
V 3424 -638568.70 -173181.45
V 3432 -638576.45 -173183.53
V 3440 -638582.12 -173189.20
V 3448 -638584.20 -173196.95
V 3456 -638584.20 -173267.95
V 3464 -638582.12 -173275.70
V 3472 -638576.45 -173281.37
V 3480 -638568.70 -173283.45
V 3488 -638469.20 -173283.45
V 3496 -638469.20 -173323.45
V 3504 -638568.70 -173323.45
V 3512 -638576.45 -173325.53
V 3520 -638582.12 -173331.20
V 3528 -638584.20 -173338.95
V 3536 -638584.20 -173409.95
V 3544 -638582.12 -173417.70
V 3552 -638576.45 -173423.37
V 3560 -638568.70 -173425.45
V 3568 -638469.20 -173425.45
V 3576 -638469.20 -173465.45
V 3584 -638568.70 -173465.45
V 3592 -638576.45 -173467.53
V 3600 -638582.12 -173473.20
V 3608 -638584.20 -173480.95
V 3616 -638584.20 -173551.95
V 3624 -638582.12 -173559.70
V 3632 -638576.45 -173565.37
V 3640 -638568.70 -173567.45
V 3648 -638469.20 -173567.45
V 3656 -638469.20 -173607.45
V 3664 -638568.70 -173607.45
V 3672 -638576.45 -173609.53
V 3680 -638582.12 -173615.20
V 3688 -638584.20 -173622.95
V 3696 -638584.20 -173693.95
V 3704 -638582.12 -173701.70
V 3712 -638576.45 -173707.37
V 3720 -638568.70 -173709.45
V 3728 -638469.20 -173709.45
V 3736 -638469.20 -173749.45
V 3744 -638568.70 -173749.45
V 3752 -638576.45 -173751.53
V 3760 -638582.12 -173757.20
V 3768 -638584.20 -173764.95
V 3776 -638584.20 -173835.95
V 3784 -638582.12 -173843.70
V 3792 -638576.45 -173849.37
V 3800 -638568.70 -173851.45
V 3808 -638469.20 -173851.45
V 3816 -638469.20 -173891.45
V 3824 -638568.70 -173891.45
V 3832 -638576.45 -173893.53
V 3840 -638582.12 -173899.20
V 3848 -638584.20 -173906.95
V 3856 -638584.20 -173977.95
V 3864 -638582.12 -173985.70
V 3872 -638576.45 -173991.37
V 3880 -638568.70 -173993.45
V 3888 -638469.20 -173993.45
V 3896 -638469.20 -174033.45
V 3904 -638568.70 -174033.45
V 3912 -638576.45 -174035.53
V 3920 -638582.12 -174041.20
V 3928 -638584.20 -174048.95
V 3936 -638584.20 -174119.95
V 3944 -638582.12 -174127.70
V 3952 -638576.45 -174133.37
V 3960 -638568.70 -174135.45
V 3968 -638469.20 -174135.45
V 3976 -638469.20 -174175.45
V 3984 -638568.70 -174175.45
V 3992 -638576.45 -174177.53
V 4000 -638582.12 -174183.20
V 4008 -638584.20 -174190.95
V 4016 -638584.20 -174261.95
V 4024 -638582.12 -174269.70
V 4032 -638576.45 -174275.37
V 4040 -638568.70 -174277.45
V 4048 -638469.20 -174277.45
V 4056 -638469.20 -174317.45
V 4064 -638568.70 -174317.45
V 4072 -638576.45 -174319.53
V 4080 -638582.12 -174325.20
V 4088 -638584.20 -174332.95
V 4096 -638584.20 -174403.95
V 4104 -638582.12 -174411.70
V 4112 -638576.45 -174417.37
V 4120 -638568.70 -174419.45
V 4128 -638469.20 -174419.45
V 4136 -638469.20 -174459.45
V 4144 -638568.70 -174459.45
V 4152 -638576.45 -174461.53
V 4160 -638582.12 -174467.20
V 4168 -638584.20 -174474.95
V 4176 -638584.20 -174545.95
V 4184 -638582.12 -174553.70
V 4192 -638576.45 -174559.37
V 4200 -638568.70 -174561.45
V 4208 -638469.20 -174561.45
V 4216 -638469.20 -174601.45
V 4224 -638568.70 -174601.45
V 4232 -638576.45 -174603.53
V 4240 -638582.12 -174609.20
V 4248 -638584.20 -174616.95
V 4256 -638584.20 -174687.95
V 4264 -638582.12 -174695.70
V 4272 -638576.45 -174701.37
V 4280 -638568.70 -174703.45
V 4288 -638469.20 -174703.45
V 4296 -638469.20 -174743.45
V 4304 -638568.70 -174743.45
V 4312 -638576.45 -174745.53
V 4320 -638582.12 -174751.20
V 4328 -638584.20 -174758.95
V 4336 -638584.20 -174829.95
V 4344 -638582.12 -174837.70
V 4352 -638576.45 -174843.37
V 4360 -638568.70 -174845.45
V 4368 -638469.20 -174845.45
V 4376 -638469.20 -174885.45
V 4384 -638568.70 -174885.45
V 4392 -638576.45 -174887.53
V 4400 -638582.12 -174893.20
V 4408 -638584.20 -174900.95
V 4416 -638584.20 -174971.95
V 4424 -638582.12 -174979.70
V 4432 -638576.45 -174985.37
V 4440 -638568.70 -174987.45
V 4448 -638469.20 -174987.45
V 4456 -638469.20 -175027.45
V 4464 -638568.70 -175027.45
V 4472 -638576.45 -175029.53
V 4480 -638582.12 -175035.20
V 4488 -638584.20 -175042.95
V 4496 -638584.20 -175113.95
V 4504 -638582.12 -175121.70
V 4512 -638576.45 -175127.37
V 4520 -638568.70 -175129.45
V 4528 -638469.20 -175129.45
V 4536 -638469.20 -175169.45
V 4544 -638568.70 -175169.45
V 4552 -638576.45 -175171.53
V 4560 -638582.12 -175177.20
V 4568 -638584.20 -175184.95
V 4576 -638584.20 -175255.95
V 4584 -638582.12 -175263.70
V 4592 -638576.45 -175269.37
V 4600 -638568.70 -175271.45
V 4608 -638469.20 -175271.45
V 4616 -638469.20 -175311.45
V 4624 -638568.70 -175311.45
V 4632 -638576.45 -175313.53
V 4640 -638582.12 -175319.20
V 4648 -638584.20 -175326.95
V 4656 -638584.20 -175397.95
V 4664 -638582.12 -175405.70
V 4672 -638576.45 -175411.37
V 4680 -638568.70 -175413.45
V 4688 -638469.20 -175413.45
V 4696 -638469.20 -175453.45
V 4704 -638568.70 -175453.45
V 4712 -638576.45 -175455.53
V 4720 -638582.12 -175461.20
V 4728 -638584.20 -175468.95
V 4736 -638584.20 -175539.95
V 4744 -638582.12 -175547.70
V 4752 -638576.45 -175553.37
V 4760 -638568.70 -175555.45
V 4768 -638469.20 -175555.45
V 4776 -638469.20 -175595.45
V 4784 -638568.70 -175595.45
V 4792 -638576.45 -175597.53
V 4800 -638582.12 -175603.20
V 4808 -638584.20 -175610.95
V 4816 -638584.20 -175681.95
V 4824 -638582.12 -175689.70
V 4832 -638576.45 -175695.37
V 4840 -638568.70 -175697.45
V 4848 -638469.20 -175697.45
V 4856 -638469.20 -175737.45
V 4864 -638568.70 -175737.45
V 4872 -638576.45 -175739.53
V 4880 -638582.12 -175745.20
V 4888 -638584.20 -175752.95
V 4896 -638584.20 -175823.95
V 4904 -638582.12 -175831.70
V 4912 -638576.45 -175837.37
V 4920 -638568.70 -175839.45
V 4928 -638469.20 -175839.45
V 4936 -638469.20 -175879.45
V 4944 -638568.70 -175879.45
V 4952 -638576.45 -175881.53
V 4960 -638582.12 -175887.20
V 4968 -638584.20 -175894.95
V 4976 -638584.20 -175965.95
V 4984 -638582.12 -175973.70
V 4992 -638576.45 -175979.37
V 5000 -638568.70 -175981.45
V 5008 -638469.20 -175981.45
V 5016 -638469.20 -176021.45
V 5024 -638568.70 -176021.45
V 5032 -638576.45 -176023.53
V 5040 -638582.12 -176029.20
V 5048 -638584.20 -176036.95
V 5056 -638584.20 -176107.95
V 5064 -638582.12 -176115.70
V 5072 -638576.45 -176121.37
V 5080 -638568.70 -176123.45
V 5088 -638469.20 -176123.45
V 5096 -638469.20 -176163.45
V 5104 -638568.70 -176163.45
V 5112 -638576.45 -176165.53
V 5120 -638582.12 -176171.20
V 5128 -638584.20 -176178.95
V 5136 -638584.20 -176249.95
V 5144 -638582.12 -176257.70
V 5152 -638576.45 -176263.37
V 5160 -638568.70 -176265.45
V 5168 -638469.20 -176265.45
V 5176 -638469.20 -176305.45
V 5184 -638568.70 -176305.45
V 5192 -638576.45 -176307.53
V 5200 -638582.12 -176313.20
V 5208 -638584.20 -176320.95
V 5216 -638584.20 -176391.95
V 5224 -638582.12 -176399.70
V 5232 -638576.45 -176405.37
V 5240 -638568.70 -176407.45
V 5248 -638469.20 -176407.45
V 5256 -638469.20 -176447.45
V 5264 -638568.70 -176447.45
V 5272 -638576.45 -176449.53
V 5280 -638582.12 -176455.20
V 5288 -638584.20 -176462.95
V 5296 -638584.20 -176533.95
V 5304 -638582.12 -176541.70
V 5312 -638576.45 -176547.37
V 5320 -638568.70 -176549.45
V 5328 -638469.20 -176549.45
V 5336 -638469.20 -176589.45
V 5344 -638568.70 -176589.45
V 5352 -638576.45 -176591.53
V 5360 -638582.12 -176597.20
V 5368 -638584.20 -176604.95
V 5376 -638584.20 -176675.95
V 5384 -638582.12 -176683.70
V 5392 -638576.45 -176689.37
V 5400 -638568.70 -176691.45
V 5408 -638469.20 -176691.45
V 5416 -638469.20 -176731.45
V 5424 -638568.70 -176731.45
V 5432 -638576.45 -176733.53
V 5440 -638582.12 -176739.20
V 5448 -638584.20 -176746.95
V 5456 -638584.20 -176817.95
V 5464 -638582.12 -176825.70
V 5472 -638576.45 -176831.37
V 5480 -638568.70 -176833.45
V 5488 -638469.20 -176833.45
V 5496 -638469.20 -176873.45
V 5504 -638568.70 -176873.45
V 5512 -638576.45 -176875.53
V 5520 -638582.12 -176881.20
V 5528 -638584.20 -176888.95
V 5536 -638584.20 -176959.95
V 5544 -638582.12 -176967.70
V 5552 -638576.45 -176973.37
V 5560 -638568.70 -176975.45
V 5568 -638469.20 -176975.45
V 5576 -638469.20 -177015.45
V 5584 -638568.70 -177015.45
V 5592 -638576.45 -177017.53
V 5600 -638582.12 -177023.20
V 5608 -638584.20 -177030.95
V 5616 -638584.20 -177101.95
V 5624 -638582.12 -177109.70
V 5632 -638576.45 -177115.37
V 5640 -638568.70 -177117.45
V 5648 -638469.20 -177117.45
V 5656 -638469.20 -177157.45
V 5664 -638568.70 -177157.45
V 5672 -638576.45 -177159.53
V 5680 -638582.12 -177165.20
V 5688 -638584.20 -177172.95
V 5696 -638584.20 -177243.95
V 5704 -638582.12 -177251.70
V 5712 -638576.45 -177257.37
V 5720 -638568.70 -177259.45
V 5728 -638469.20 -177259.45
V 5736 -638469.20 -177299.45
V 5744 -638568.70 -177299.45
V 5752 -638576.45 -177301.53
V 5760 -638582.12 -177307.20
V 5768 -638584.20 -177314.95
V 5776 -638584.20 -177385.95
V 5784 -638582.12 -177393.70
V 5792 -638576.45 -177399.37
V 5800 -638568.70 -177401.45
V 5808 -638469.20 -177401.45
V 5816 -638469.20 -177441.45
V 5824 -638568.70 -177441.45
V 5832 -638576.45 -177443.53
V 5840 -638582.12 -177449.20
V 5848 -638584.20 -177456.95
V 5856 -638584.20 -177527.95
V 5864 -638582.12 -177535.70
V 5872 -638576.45 -177541.37
V 5880 -638568.70 -177543.45
V 5888 -638469.20 -177543.45
V 5896 -638469.20 -177583.45
V 5904 -638568.70 -177583.45
V 5912 -638576.45 -177585.53
V 5920 -638582.12 -177591.20
V 5928 -638584.20 -177598.95
V 5936 -638584.20 -177669.95
V 5944 -638582.12 -177677.70
V 5952 -638576.45 -177683.37
V 5960 -638568.70 -177685.45
V 5968 -638469.20 -177685.45
V 5976 -638469.20 -177725.45
V 5984 -638568.70 -177725.45
V 5992 -638576.45 -177727.53
V 6000 -638582.12 -177733.20
V 6008 -638584.20 -177740.95
V 6016 -638584.20 -177811.95
V 6024 -638582.12 -177819.70
V 6032 -638576.45 -177825.37
V 6040 -638568.70 -177827.45
V 6048 -638469.20 -177827.45
V 6056 -638469.20 -177867.45
V 6064 -638568.70 -177867.45
V 6072 -638576.45 -177869.53
V 6080 -638582.12 -177875.20
V 6088 -638584.20 -177882.95
V 6096 -638584.20 -177953.95
V 6104 -638582.12 -177961.70
V 6112 -638576.45 -177967.37
V 6120 -638568.70 -177969.45
V 6128 -638469.20 -177969.45
V 6136 -638469.20 -178009.45
V 6144 -638568.70 -178009.45
V 6152 -638576.45 -178011.53
V 6160 -638582.12 -178017.20
V 6168 -638584.20 -178024.95
V 6176 -638584.20 -178095.95
V 6184 -638582.12 -178103.70
V 6192 -638576.45 -178109.37
V 6200 -638568.70 -178111.45
V 6208 -638469.20 -178111.45
V 6216 -638469.20 -178151.45
V 6224 -638568.70 -178151.45
V 6232 -638576.45 -178153.53
V 6240 -638582.12 -178159.20
V 6248 -638584.20 -178166.95
V 6256 -638584.20 -178237.95
V 6264 -638582.12 -178245.70
V 6272 -638576.45 -178251.37
V 6280 -638568.70 -178253.45
V 6288 -638469.20 -178253.45
V 6296 -638469.20 -178293.45
V 6304 -638568.70 -178293.45
V 6312 -638576.45 -178295.53
V 6320 -638582.12 -178301.20
V 6328 -638584.20 -178308.95
V 6336 -638584.20 -178379.95
V 6344 -638582.12 -178387.70
V 6352 -638576.45 -178393.37
V 6360 -638568.70 -178395.45
V 6368 -638526.70 -178395.45
V 6376 -638526.70 -178404.45
V 6384 -638495.70 -178404.45
V 6392 -638495.70 -178379.95
V 6400 -638495.74 -178378.84
V 6408 -638495.86 -178377.74
V 6416 -638496.05 -178376.66
V 6424 -638496.33 -178375.58
V 6432 -638496.68 -178374.53
V 6440 -638497.10 -178373.51
V 6448 -638497.60 -178372.52
V 6456 -638498.16 -178371.57
V 6464 -638498.79 -178370.66
V 6472 -638499.49 -178369.80
V 6480 -638500.24 -178368.99
V 6488 -638501.05 -178368.24
V 6496 -638501.91 -178367.54
V 6504 -638502.82 -178366.91
V 6512 -638503.77 -178366.35
V 6520 -638504.76 -178365.85
V 6528 -638505.78 -178365.43
V 6536 -638506.83 -178365.08
V 6544 -638507.91 -178364.80
V 6552 -638508.99 -178364.61
V 6560 -638510.09 -178364.49
V 6568 -638511.20 -178364.45
V 6576 -638553.20 -178364.45
V 6584 -638553.20 -178324.45
V 6592 -638453.70 -178324.45
V 6600 -638445.95 -178322.37
V 6608 -638440.28 -178316.70
V 6616 -638438.20 -178308.95
V 6624 -638438.20 -178237.95
V 6632 -638440.28 -178230.20
V 6640 -638445.95 -178224.53
V 6648 -638453.70 -178222.45
V 6656 -638553.20 -178222.45
V 6664 -638553.20 -178182.45
V 6672 -638453.70 -178182.45
V 6680 -638445.95 -178180.37
V 6688 -638440.28 -178174.70
V 6696 -638438.20 -178166.95
V 6704 -638438.20 -178095.95
V 6712 -638440.28 -178088.20
V 6720 -638445.95 -178082.53
V 6728 -638453.70 -178080.45
V 6736 -638553.20 -178080.45
V 6744 -638553.20 -178040.45
V 6752 -638453.70 -178040.45
V 6760 -638445.95 -178038.37
V 6768 -638440.28 -178032.70
V 6776 -638438.20 -178024.95
V 6784 -638438.20 -177953.95
V 6792 -638440.28 -177946.20
V 6800 -638445.95 -177940.53
V 6808 -638453.70 -177938.45
V 6816 -638553.20 -177938.45
V 6824 -638553.20 -177898.45
V 6832 -638453.70 -177898.45
V 6840 -638445.95 -177896.37
V 6848 -638440.28 -177890.70
V 6856 -638438.20 -177882.95
V 6864 -638438.20 -177811.95
V 6872 -638440.28 -177804.20
V 6880 -638445.95 -177798.53
V 6888 -638453.70 -177796.45
V 6896 -638553.20 -177796.45
V 6904 -638553.20 -177756.45
V 6912 -638453.70 -177756.45
V 6920 -638445.95 -177754.37
V 6928 -638440.28 -177748.70
V 6936 -638438.20 -177740.95
V 6944 -638438.20 -177669.95
V 6952 -638440.28 -177662.20
V 6960 -638445.95 -177656.53
V 6968 -638453.70 -177654.45
V 6976 -638553.20 -177654.45
V 6984 -638553.20 -177614.45
V 6992 -638453.70 -177614.45
V 7000 -638445.95 -177612.37
V 7008 -638440.28 -177606.70
V 7016 -638438.20 -177598.95
V 7024 -638438.20 -177527.95
V 7032 -638440.28 -177520.20
V 7040 -638445.95 -177514.53
V 7048 -638453.70 -177512.45
V 7056 -638553.20 -177512.45
V 7064 -638553.20 -177472.45
V 7072 -638453.70 -177472.45
V 7080 -638445.95 -177470.37
V 7088 -638440.28 -177464.70
V 7096 -638438.20 -177456.95
V 7104 -638438.20 -177385.95
V 7112 -638440.28 -177378.20
V 7120 -638445.95 -177372.53
V 7128 -638453.70 -177370.45
V 7136 -638553.20 -177370.45
V 7144 -638553.20 -177330.45
V 7152 -638453.70 -177330.45
V 7160 -638445.95 -177328.37
V 7168 -638440.28 -177322.70
V 7176 -638438.20 -177314.95
V 7184 -638438.20 -177243.95
V 7192 -638440.28 -177236.20
V 7200 -638445.95 -177230.53
V 7208 -638453.70 -177228.45
V 7216 -638553.20 -177228.45
V 7224 -638553.20 -177188.45
V 7232 -638453.70 -177188.45
V 7240 -638445.95 -177186.37
V 7248 -638440.28 -177180.70
V 7256 -638438.20 -177172.95
V 7264 -638438.20 -177101.95
V 7272 -638440.28 -177094.20
V 7280 -638445.95 -177088.53
V 7288 -638453.70 -177086.45
V 7296 -638553.20 -177086.45
V 7304 -638553.20 -177046.45
V 7312 -638453.70 -177046.45
V 7320 -638445.95 -177044.37
V 7328 -638440.28 -177038.70
V 7336 -638438.20 -177030.95
V 7344 -638438.20 -176959.95
V 7352 -638440.28 -176952.20
V 7360 -638445.95 -176946.53
V 7368 -638453.70 -176944.45
V 7376 -638553.20 -176944.45
V 7384 -638553.20 -176904.45
V 7392 -638453.70 -176904.45
V 7400 -638445.95 -176902.37
V 7408 -638440.28 -176896.70
V 7416 -638438.20 -176888.95
V 7424 -638438.20 -176817.95
V 7432 -638440.28 -176810.20
V 7440 -638445.95 -176804.53
V 7448 -638453.70 -176802.45
V 7456 -638553.20 -176802.45
V 7464 -638553.20 -176762.45
V 7472 -638453.70 -176762.45
V 7480 -638445.95 -176760.37
V 7488 -638440.28 -176754.70
V 7496 -638438.20 -176746.95
V 7504 -638438.20 -176675.95
V 7512 -638440.28 -176668.20
V 7520 -638445.95 -176662.53
V 7528 -638453.70 -176660.45
V 7536 -638553.20 -176660.45
V 7544 -638553.20 -176620.45
V 7552 -638453.70 -176620.45
V 7560 -638445.95 -176618.37
V 7568 -638440.28 -176612.70
V 7576 -638438.20 -176604.95
V 7584 -638438.20 -176533.95
V 7592 -638440.28 -176526.20
V 7600 -638445.95 -176520.53
V 7608 -638453.70 -176518.45
V 7616 -638553.20 -176518.45
V 7624 -638553.20 -176478.45
V 7632 -638453.70 -176478.45
V 7640 -638445.95 -176476.37
V 7648 -638440.28 -176470.70
V 7656 -638438.20 -176462.95
V 7664 -638438.20 -176391.95
V 7672 -638440.28 -176384.20
V 7680 -638445.95 -176378.53
V 7688 -638453.70 -176376.45
V 7696 -638553.20 -176376.45
V 7704 -638553.20 -176336.45
V 7712 -638453.70 -176336.45
V 7720 -638445.95 -176334.37
V 7728 -638440.28 -176328.70
V 7736 -638438.20 -176320.95
V 7744 -638438.20 -176249.95
V 7752 -638440.28 -176242.20
V 7760 -638445.95 -176236.53
V 7768 -638453.70 -176234.45
V 7776 -638553.20 -176234.45
V 7784 -638553.20 -176194.45
V 7792 -638453.70 -176194.45
V 7800 -638445.95 -176192.37
V 7808 -638440.28 -176186.70
V 7816 -638438.20 -176178.95
V 7824 -638438.20 -176107.95
V 7832 -638440.28 -176100.20
V 7840 -638445.95 -176094.53
V 7848 -638453.70 -176092.45
V 7856 -638553.20 -176092.45
V 7864 -638553.20 -176052.45
V 7872 -638453.70 -176052.45
V 7880 -638445.95 -176050.37
V 7888 -638440.28 -176044.70
V 7896 -638438.20 -176036.95
V 7904 -638438.20 -175965.95
V 7912 -638440.28 -175958.20
V 7920 -638445.95 -175952.53
V 7928 -638453.70 -175950.45
V 7936 -638553.20 -175950.45
V 7944 -638553.20 -175910.45
V 7952 -638453.70 -175910.45
V 7960 -638445.95 -175908.37
V 7968 -638440.28 -175902.70
V 7976 -638438.20 -175894.95
V 7984 -638438.20 -175823.95
V 7992 -638440.28 -175816.20
V 8000 -638445.95 -175810.53
V 8008 -638453.70 -175808.45
V 8016 -638553.20 -175808.45
V 8024 -638553.20 -175768.45
V 8032 -638453.70 -175768.45
V 8040 -638445.95 -175766.37
V 8048 -638440.28 -175760.70
V 8056 -638438.20 -175752.95
V 8064 -638438.20 -175681.95
V 8072 -638440.28 -175674.20
V 8080 -638445.95 -175668.53
V 8088 -638453.70 -175666.45
V 8096 -638553.20 -175666.45
V 8104 -638553.20 -175626.45
V 8112 -638453.70 -175626.45
V 8120 -638445.95 -175624.37
V 8128 -638440.28 -175618.70
V 8136 -638438.20 -175610.95
V 8144 -638438.20 -175539.95
V 8152 -638440.28 -175532.20
V 8160 -638445.95 -175526.53
V 8168 -638453.70 -175524.45
V 8176 -638553.20 -175524.45
V 8184 -638553.20 -175484.45
V 8192 -638453.70 -175484.45
V 8200 -638445.95 -175482.37
V 8208 -638440.28 -175476.70
V 8216 -638438.20 -175468.95
V 8224 -638438.20 -175397.95
V 8232 -638440.28 -175390.20
V 8240 -638445.95 -175384.53
V 8248 -638453.70 -175382.45
V 8256 -638553.20 -175382.45
V 8264 -638553.20 -175342.45
V 8272 -638453.70 -175342.45
V 8280 -638445.95 -175340.37
V 8288 -638440.28 -175334.70
V 8296 -638438.20 -175326.95
V 8304 -638438.20 -175255.95
V 8312 -638440.28 -175248.20
V 8320 -638445.95 -175242.53
V 8328 -638453.70 -175240.45
V 8336 -638553.20 -175240.45
V 8344 -638553.20 -175200.45
V 8352 -638453.70 -175200.45
V 8360 -638445.95 -175198.37
V 8368 -638440.28 -175192.70
V 8376 -638438.20 -175184.95
V 8384 -638438.20 -175113.95
V 8392 -638440.28 -175106.20
V 8400 -638445.95 -175100.53
V 8408 -638453.70 -175098.45
V 8416 -638553.20 -175098.45
V 8424 -638553.20 -175058.45
V 8432 -638453.70 -175058.45
V 8440 -638445.95 -175056.37
V 8448 -638440.28 -175050.70
V 8456 -638438.20 -175042.95
V 8464 -638438.20 -174971.95
V 8472 -638440.28 -174964.20
V 8480 -638445.95 -174958.53
V 8488 -638453.70 -174956.45
V 8496 -638553.20 -174956.45
V 8504 -638553.20 -174916.45
V 8512 -638453.70 -174916.45
V 8520 -638445.95 -174914.37
V 8528 -638440.28 -174908.70
V 8536 -638438.20 -174900.95
V 8544 -638438.20 -174829.95
V 8552 -638440.28 -174822.20
V 8560 -638445.95 -174816.53
V 8568 -638453.70 -174814.45
V 8576 -638553.20 -174814.45
V 8584 -638553.20 -174774.45
V 8592 -638453.70 -174774.45
V 8600 -638445.95 -174772.37
V 8608 -638440.28 -174766.70
V 8616 -638438.20 -174758.95
V 8624 -638438.20 -174687.95
V 8632 -638440.28 -174680.20
V 8640 -638445.95 -174674.53
V 8648 -638453.70 -174672.45
V 8656 -638553.20 -174672.45
V 8664 -638553.20 -174632.45
V 8672 -638453.70 -174632.45
V 8680 -638445.95 -174630.37
V 8688 -638440.28 -174624.70
V 8696 -638438.20 -174616.95
V 8704 -638438.20 -174545.95
V 8712 -638440.28 -174538.20
V 8720 -638445.95 -174532.53
V 8728 -638453.70 -174530.45
V 8736 -638553.20 -174530.45
V 8744 -638553.20 -174490.45
V 8752 -638453.70 -174490.45
V 8760 -638445.95 -174488.37
V 8768 -638440.28 -174482.70
V 8776 -638438.20 -174474.95
V 8784 -638438.20 -174403.95
V 8792 -638440.28 -174396.20
V 8800 -638445.95 -174390.53
V 8808 -638453.70 -174388.45
V 8816 -638553.20 -174388.45
V 8824 -638553.20 -174348.45
V 8832 -638453.70 -174348.45
V 8840 -638445.95 -174346.37
V 8848 -638440.28 -174340.70
V 8856 -638438.20 -174332.95
V 8864 -638438.20 -174261.95
V 8872 -638440.28 -174254.20
V 8880 -638445.95 -174248.53
V 8888 -638453.70 -174246.45
V 8896 -638553.20 -174246.45
V 8904 -638553.20 -174206.45
V 8912 -638453.70 -174206.45
V 8920 -638445.95 -174204.37
V 8928 -638440.28 -174198.70
V 8936 -638438.20 -174190.95
V 8944 -638438.20 -174119.95
V 8952 -638440.28 -174112.20
V 8960 -638445.95 -174106.53
V 8968 -638453.70 -174104.45
V 8976 -638553.20 -174104.45
V 8984 -638553.20 -174064.45
V 8992 -638453.70 -174064.45
V 9000 -638445.95 -174062.37
V 9008 -638440.28 -174056.70
V 9016 -638438.20 -174048.95
V 9024 -638438.20 -173977.95
V 9032 -638440.28 -173970.20
V 9040 -638445.95 -173964.53
V 9048 -638453.70 -173962.45
V 9056 -638553.20 -173962.45
V 9064 -638553.20 -173922.45
V 9072 -638453.70 -173922.45
V 9080 -638445.95 -173920.37
V 9088 -638440.28 -173914.70
V 9096 -638438.20 -173906.95
V 9104 -638438.20 -173835.95
V 9112 -638440.28 -173828.20
V 9120 -638445.95 -173822.53
V 9128 -638453.70 -173820.45
V 9136 -638553.20 -173820.45
V 9144 -638553.20 -173780.45
V 9152 -638453.70 -173780.45
V 9160 -638445.95 -173778.37
V 9168 -638440.28 -173772.70
V 9176 -638438.20 -173764.95
V 9184 -638438.20 -173693.95
V 9192 -638440.28 -173686.20
V 9200 -638445.95 -173680.53
V 9208 -638453.70 -173678.45
V 9216 -638553.20 -173678.45
V 9224 -638553.20 -173638.45
V 9232 -638453.70 -173638.45
V 9240 -638445.95 -173636.37
V 9248 -638440.28 -173630.70
V 9256 -638438.20 -173622.95
V 9264 -638438.20 -173551.95
V 9272 -638440.28 -173544.20
V 9280 -638445.95 -173538.53
V 9288 -638453.70 -173536.45
V 9296 -638553.20 -173536.45
V 9304 -638553.20 -173496.45
V 9312 -638453.70 -173496.45
V 9320 -638445.95 -173494.37
V 9328 -638440.28 -173488.70
V 9336 -638438.20 -173480.95
V 9344 -638438.20 -173409.95
V 9352 -638440.28 -173402.20
V 9360 -638445.95 -173396.53
V 9368 -638453.70 -173394.45
V 9376 -638553.20 -173394.45
V 9384 -638553.20 -173354.45
V 9392 -638453.70 -173354.45
V 9400 -638445.95 -173352.37
V 9408 -638440.28 -173346.70
V 9416 -638438.20 -173338.95
V 9424 -638438.20 -173267.95
V 9432 -638440.28 -173260.20
V 9440 -638445.95 -173254.53
V 9448 -638453.70 -173252.45
V 9456 -638553.20 -173252.45
V 9464 -638553.20 -173212.45
V 9472 -638453.70 -173212.45
V 9480 -638445.95 -173210.37
V 9488 -638440.28 -173204.70
V 9496 -638438.20 -173196.95
V 9504 -638438.20 -173125.95
V 9512 -638440.28 -173118.20
V 9520 -638445.95 -173112.53
V 9528 -638453.70 -173110.45
V 9536 -638553.20 -173110.45
V 9544 -638553.20 -173070.45
V 9552 -638453.70 -173070.45
V 9560 -638445.95 -173068.37
V 9568 -638440.28 -173062.70
V 9576 -638438.20 -173054.95
V 9584 -638438.20 -172983.95
V 9592 -638440.28 -172976.20
V 9600 -638445.95 -172970.53
V 9608 -638453.70 -172968.45
V 9616 -638553.20 -172968.45
V 9624 -638553.20 -172928.45
V 9632 -638453.70 -172928.45
V 9640 -638445.95 -172926.37
V 9648 -638440.28 -172920.70
V 9656 -638438.20 -172912.95
V 9664 -638438.20 -172841.95
V 9672 -638440.28 -172834.20
V 9680 -638445.95 -172828.53
V 9688 -638453.70 -172826.45
V 9696 -638553.20 -172826.45
V 9704 -638553.20 -172786.45
V 9712 -638453.70 -172786.45
V 9720 -638445.95 -172784.37
V 9728 -638440.28 -172778.70
V 9736 -638438.20 -172770.95
V 9744 -638438.20 -172699.95
V 9752 -638440.28 -172692.20
V 9760 -638445.95 -172686.53
V 9768 -638453.70 -172684.45
V 9776 -638553.20 -172684.45
V 9784 -638553.20 -172644.45
V 9792 -638453.70 -172644.45
V 9800 -638445.95 -172642.37
V 9808 -638440.28 -172636.70
V 9816 -638438.20 -172628.95
V 9824 -638438.20 -172557.95
V 9832 -638440.28 -172550.20
V 9840 -638445.95 -172544.53
V 9848 -638453.70 -172542.45
V 9856 -638553.20 -172542.45
V 9864 -638553.20 -172502.45
V 9872 -638453.70 -172502.45
V 9880 -638445.95 -172500.37
V 9888 -638440.28 -172494.70
V 9896 -638438.20 -172486.95
V 9904 -638438.20 -172415.95
V 9912 -638440.28 -172408.20
V 9920 -638445.95 -172402.53
V 9928 -638453.70 -172400.45
V 9936 -638553.20 -172400.45
V 9944 -638553.20 -172360.45
V 9952 -638453.70 -172360.45
V 9960 -638445.95 -172358.37
V 9968 -638440.28 -172352.70
V 9976 -638438.20 -172344.95
V 9984 -638438.20 -172273.95
V 9992 -638440.28 -172266.20
V 10000 -638445.95 -172260.53
V 10008 -638453.70 -172258.45
V 10016 -638553.20 -172258.45
V 10024 -638553.20 -172218.45
V 10032 -638453.70 -172218.45
V 10040 -638445.95 -172216.37
V 10048 -638440.28 -172210.70
V 10056 -638438.20 -172202.95
V 10064 -638438.20 -172131.95
V 10072 -638440.28 -172124.20
V 10080 -638445.95 -172118.53
V 10088 -638453.70 -172116.45
V 10096 -638553.20 -172116.45
V 10104 -638553.20 -172076.45
V 10112 -638453.70 -172076.45
V 10120 -638445.95 -172074.37
V 10128 -638440.28 -172068.70
V 10136 -638438.20 -172060.95
V 10144 -638438.20 -171989.95
V 10152 -638440.28 -171982.20
V 10160 -638445.95 -171976.53
V 10168 -638453.70 -171974.45
V 10176 -638553.20 -171974.45
V 10184 -638553.20 -171934.45
V 10192 -638453.70 -171934.45
V 10200 -638445.95 -171932.37
V 10208 -638440.28 -171926.70
V 10216 -638438.20 -171918.95
V 10224 -638438.20 -171847.95
V 10232 -638440.28 -171840.20
V 10240 -638445.95 -171834.53
V 10248 -638453.70 -171832.45
V 10256 -638553.20 -171832.45
V 10264 -638553.20 -171792.45
V 10272 -638453.70 -171792.45
V 10280 -638445.95 -171790.37
V 10288 -638440.28 -171784.70
V 10296 -638438.20 -171776.95
V 10304 -638438.20 -171705.95
V 10312 -638440.28 -171698.20
V 10320 -638445.95 -171692.53
V 10328 -638453.70 -171690.45
V 10336 -638553.20 -171690.45
V 10344 -638553.20 -171650.45
V 10352 -638453.70 -171650.45
V 10360 -638445.95 -171648.37
V 10368 -638440.28 -171642.70
V 10376 -638438.20 -171634.95
V 10384 -638438.20 -171563.95
V 10392 -638440.28 -171556.20
V 10400 -638445.95 -171550.53
V 10408 -638453.70 -171548.45
V 10416 -638553.20 -171548.45
V 10424 -638553.20 -171508.45
V 10432 -638453.70 -171508.45
V 10440 -638445.95 -171506.37
V 10448 -638440.28 -171500.70
V 10456 -638438.20 -171492.95
V 10464 -638438.20 -171421.95
V 10472 -638440.28 -171414.20
V 10480 -638445.95 -171408.53
V 10488 -638453.70 -171406.45
V 10496 -638553.20 -171406.45
V 10504 -638553.20 -171366.45
V 10512 -638453.70 -171366.45
V 10520 -638445.95 -171364.37
V 10528 -638440.28 -171358.70
V 10536 -638438.20 -171350.95
V 10544 -638438.20 -171279.95
V 10552 -638440.28 -171272.20
V 10560 -638445.95 -171266.53
V 10568 -638453.70 -171264.45
V 10576 -638553.20 -171264.45
V 10584 -638553.20 -171224.45
V 10592 -638453.70 -171224.45
V 10600 -638445.95 -171222.37
V 10608 -638440.28 -171216.70
V 10616 -638438.20 -171208.95
V 10624 -638438.20 -171137.95
V 10632 -638440.28 -171130.20
V 10640 -638445.95 -171124.53
V 10648 -638453.70 -171122.45
V 10656 -638553.20 -171122.45
V 10664 -638553.20 -171082.45
V 10672 -638453.70 -171082.45
V 10680 -638445.95 -171080.37
V 10688 -638440.28 -171074.70
V 10696 -638438.20 -171066.95
V 10704 -638438.20 -170995.95
V 10712 -638440.28 -170988.20
V 10720 -638445.95 -170982.53
V 10728 -638453.70 -170980.45
V 10736 -638553.20 -170980.45
V 10744 -638553.20 -170940.45
V 10752 -638453.70 -170940.45
V 10760 -638445.95 -170938.37
V 10768 -638440.28 -170932.70
V 10776 -638438.20 -170924.95
V 10784 -638438.20 -170853.95
V 10792 -638440.28 -170846.20
V 10800 -638445.95 -170840.53
V 10808 -638453.70 -170838.45
V 10816 -638553.20 -170838.45
V 10824 -638553.20 -170798.45
V 10832 -638453.70 -170798.45
V 10840 -638445.95 -170796.37
V 10848 -638440.28 -170790.70
V 10856 -638438.20 -170782.95
V 10864 -638438.20 -170711.95
V 10872 -638440.28 -170704.20
V 10880 -638445.95 -170698.53
V 10888 -638453.70 -170696.45
V 10896 -638553.20 -170696.45
V 10904 -638553.20 -170656.45
V 10912 -638453.70 -170656.45
V 10920 -638445.95 -170654.37
V 10928 -638440.28 -170648.70
V 10936 -638438.20 -170640.95
V 10944 -638438.20 -170569.95
V 10952 -638440.28 -170562.20
V 10960 -638445.95 -170556.53
V 10968 -638453.70 -170554.45
V 10976 -638553.20 -170554.45
V 10984 -638553.20 -170514.45
V 10992 -638453.70 -170514.45
V 11000 -638445.95 -170512.37
V 11008 -638440.28 -170506.70
V 11016 -638438.20 -170498.95
V 11024 -638438.20 -170427.95
V 11032 -638440.28 -170420.20
V 11040 -638445.95 -170414.53
V 11048 -638453.70 -170412.45
V 11056 -638553.20 -170412.45
V 11064 -638553.20 -170372.45
V 11072 -638453.70 -170372.45
V 11080 -638445.95 -170370.37
V 11088 -638440.28 -170364.70
V 11096 -638438.20 -170356.95
V 11104 -638438.20 -170285.95
V 11112 -638440.28 -170278.20
V 11120 -638445.95 -170272.53
V 11128 -638453.70 -170270.45
V 11136 -638553.20 -170270.45
V 11144 -638553.20 -170230.45
V 11152 -638453.70 -170230.45
V 11160 -638445.95 -170228.37
V 11168 -638440.28 -170222.70
V 11176 -638438.20 -170214.95
V 11184 -638438.20 -170143.95
V 11192 -638440.28 -170136.20
V 11200 -638445.95 -170130.53
V 11208 -638453.70 -170128.45
V 11216 -638553.20 -170128.45
V 11224 -638553.20 -170088.45
V 11232 -638453.70 -170088.45
V 11240 -638445.95 -170086.37
V 11248 -638440.28 -170080.70
V 11256 -638438.20 -170072.95
V 11264 -638438.20 -170001.95
V 11272 -638440.28 -169994.20
V 11280 -638445.95 -169988.53
V 11288 -638453.70 -169986.45
V 11296 -638553.20 -169986.45
V 11304 -638553.20 -169946.45
V 11312 -638453.70 -169946.45
V 11320 -638445.95 -169944.37
V 11328 -638440.28 -169938.70
V 11336 -638438.20 -169930.95
V 11344 -638438.20 -169859.95
V 11352 -638440.28 -169852.20
V 11360 -638445.95 -169846.53
V 11368 -638453.70 -169844.45
V 11376 -638553.20 -169844.45
V 11384 -638553.20 -169804.45
V 11392 -638453.70 -169804.45
V 11400 -638445.95 -169802.37
V 11408 -638440.28 -169796.70
V 11416 -638438.20 -169788.95
V 11424 -638438.20 -169717.95
V 11432 -638440.28 -169710.20
V 11440 -638445.95 -169704.53
V 11448 -638453.70 -169702.45
V 11456 -638553.20 -169702.45
V 11464 -638553.20 -169662.45
V 11472 -638453.70 -169662.45
V 11480 -638445.95 -169660.37
V 11488 -638440.28 -169654.70
V 11496 -638438.20 -169646.95
V 11504 -638438.20 -169575.95
V 11512 -638440.28 -169568.20
V 11520 -638445.95 -169562.53
V 11528 -638453.70 -169560.45
V 11536 -638553.20 -169560.45
V 11544 -638553.20 -169520.45
V 11552 -638453.70 -169520.45
V 11560 -638445.95 -169518.37
V 11568 -638440.28 -169512.70
V 11576 -638438.20 -169504.95
V 11584 -638438.20 -169433.95
V 11592 -638440.28 -169426.20
V 11600 -638445.95 -169420.53
V 11608 -638453.70 -169418.45
V 11616 -638553.20 -169418.45
V 11624 -638553.20 -169378.45
V 11632 -638453.70 -169378.45
V 11640 -638445.95 -169376.37
V 11648 -638440.28 -169370.70
V 11656 -638438.20 -169362.95
V 11664 -638438.20 -169291.95
V 11672 -638440.28 -169284.20
V 11680 -638445.95 -169278.53
V 11688 -638453.70 -169276.45
V 11696 -638553.20 -169276.45
V 11704 -638553.20 -169236.45
V 11712 -638453.70 -169236.45
V 11720 -638445.95 -169234.37
V 11728 -638440.28 -169228.70
V 11736 -638438.20 -169220.95
V 11744 -638438.20 -169149.95
V 11752 -638440.28 -169142.20
V 11760 -638445.95 -169136.53
V 11768 -638453.70 -169134.45
V 11776 -638553.20 -169134.45
V 11784 -638553.20 -169094.45
V 11792 -638453.70 -169094.45
V 11800 -638445.95 -169092.37
V 11808 -638440.28 -169086.70
V 11816 -638438.20 -169078.95
V 11824 -638438.20 -169007.95
V 11832 -638440.28 -169000.20
V 11840 -638445.95 -168994.53
V 11848 -638453.70 -168992.45
V 11856 -638553.20 -168992.45
V 11864 -638553.20 -168952.45
V 11872 -638453.70 -168952.45
V 11880 -638445.95 -168950.37
V 11888 -638440.28 -168944.70
V 11896 -638438.20 -168936.95
V 11904 -638438.20 -168865.95
V 11912 -638440.28 -168858.20
V 11920 -638445.95 -168852.53
V 11928 -638453.70 -168850.45
V 11936 -638553.20 -168850.45
V 11944 -638553.20 -168810.45
V 11952 -638453.70 -168810.45
V 11960 -638445.95 -168808.37
V 11968 -638440.28 -168802.70
V 11976 -638438.20 -168794.95
V 11984 -638438.20 -168723.95
V 11992 -638440.28 -168716.20
V 12000 -638445.95 -168710.53
V 12008 -638453.70 -168708.45
V 12016 -638553.20 -168708.45
V 12024 -638553.20 -168668.45
V 12032 -638453.70 -168668.45
V 12040 -638445.95 -168666.37
V 12048 -638440.28 -168660.70
V 12056 -638438.20 -168652.95
V 12064 -638438.20 -168581.95
V 12072 -638440.28 -168574.20
V 12080 -638445.95 -168568.53
V 12088 -638453.70 -168566.45
V 12096 -638553.20 -168566.45
V 12104 -638553.20 -168526.45
V 12112 -638453.70 -168526.45
V 12120 -638445.95 -168524.37
V 12128 -638440.28 -168518.70
V 12136 -638438.20 -168510.95
V 12144 -638438.20 -168439.95
V 12152 -638440.28 -168432.20
V 12160 -638445.95 -168426.53
V 12168 -638453.70 -168424.45
V 12176 -638553.20 -168424.45
V 12184 -638553.20 -168384.45
V 12192 -638453.70 -168384.45
V 12200 -638445.95 -168382.37
V 12208 -638440.28 -168376.70
V 12216 -638438.20 -168368.95
V 12224 -638438.20 -168297.95
V 12232 -638440.28 -168290.20
V 12240 -638445.95 -168284.53
V 12248 -638453.70 -168282.45
V 12256 -638553.20 -168282.45
V 12264 -638553.20 -168242.45
V 12272 -638453.70 -168242.45
V 12280 -638445.95 -168240.37
V 12288 -638440.28 -168234.70
V 12296 -638438.20 -168226.95
V 12304 -638438.20 -168155.95
V 12312 -638440.28 -168148.20
V 12320 -638445.95 -168142.53
V 12328 -638453.70 -168140.45
V 12336 -638553.20 -168140.45
V 12344 -638553.20 -168100.45
V 12352 -638453.70 -168100.45
V 12360 -638445.95 -168098.37
V 12368 -638440.28 -168092.70
V 12376 -638438.20 -168084.95
V 12384 -638438.20 -168013.95
V 12392 -638440.28 -168006.20
V 12400 -638445.95 -168000.53
V 12408 -638453.70 -167998.45
V 12416 -638525.13 -167998.45
V 12424 -638525.13 -167958.45
V 12432 -638511.20 -167958.45
V 12440 -638510.09 -167958.41
V 12448 -638508.99 -167958.29
V 12456 -638507.91 -167958.10
V 12464 -638506.83 -167957.82
V 12472 -638505.78 -167957.47
V 12480 -638504.76 -167957.05
V 12488 -638503.77 -167956.55
V 12496 -638502.82 -167955.99
V 12504 -638501.91 -167955.36
V 12512 -638501.05 -167954.66
V 12520 -638500.24 -167953.91
V 12528 -638499.49 -167953.10
V 12536 -638498.79 -167952.24
V 12544 -638498.16 -167951.33
V 12552 -638497.60 -167950.38
V 12560 -638497.10 -167949.39
V 12568 -638496.68 -167948.37
V 12576 -638496.33 -167947.32
V 12584 -638496.05 -167946.24
V 12592 -638495.86 -167945.16
V 12600 -638495.74 -167944.06
V 12608 -638495.70 -167942.95
V 12616 -638495.70 -167853.51
V 12624 -630121.42 -166431.54
V 12632 -630121.04 -166431.47
V 12640 -627207.71 -165936.78
V 12648 -625257.07 -165605.56
V 12656 -624745.96 -165518.77
V 12664 -623616.60 -165327.01
V 12672 -620057.93 -164722.74
V 12680 -618970.57 -164538.10
V 12688 -618506.99 -164459.39
V 12696 -618506.90 -164459.37
V 12704 -618506.83 -164459.36
V 12712 -617747.84 -164330.48
V 12720 -617052.53 -164212.41
V 12728 -609102.60 -162862.50
V 12736 -591926.77 -159946.01
V 12744 -591744.65 -159915.08
V 12752 -588770.34 -159410.04
V 12760 -588770.25 -159410.02
V 12768 -588770.18 -159410.01
V 12776 -588770.16 -159410.01
V 12784 -587842.08 -159252.42
V 12792 -587609.77 -159212.97
V 12800 -587145.18 -159134.08
V 12808 -586680.73 -159055.22
V 12816 -586680.69 -159055.21
V 12824 -585286.75 -158818.52
V 12832 -584822.16 -158739.63
V 12840 -584357.83 -158660.78
V 12848 -584357.79 -158660.78
V 12856 -584357.67 -158660.76
V 12864 -584357.63 -158660.75
V 12872 -584038.15 -158606.50
V 12880 -579047.91 -157759.15
V 12888 -579046.84 -157758.93
V 12896 -579045.80 -157758.64
V 12904 -579044.77 -157758.27
V 12912 -579043.78 -157757.84
V 12920 -579042.82 -157757.33
V 12928 -579041.89 -157756.76
V 12936 -579041.01 -157756.13
V 12944 -579040.17 -157755.43
V 12952 -579039.39 -157754.68
V 12960 -579038.66 -157753.87
V 12968 -579037.99 -157753.02
V 12976 -579037.38 -157752.12
V 12984 -579036.83 -157751.18
V 12992 -579036.35 -157750.20
V 13000 -579035.94 -157749.20
V 13008 -579035.61 -157748.16
V 13016 -579035.34 -157747.11
V 13024 -579035.15 -157746.04
V 13032 -579035.04 -157744.96
V 13040 -579035.00 -157743.87
V 13048 -579035.00 -157719.35
