V 0 1085836.50 47062.09
V 8 1085831.33 47080.93
V 16 1085828.08 47116.76
V 24 1085827.84 47117.45
V 32 1085827.30 47117.94
V 40 1085826.59 47118.12
V 48 1085735.66 47118.12
V 56 1085735.66 47115.12
V 64 1085825.22 47115.12
V 72 1085828.36 47080.59
V 80 1085828.36 47080.53
V 88 1085828.37 47080.43
V 96 1085828.40 47080.32
V 104 1085828.41 47080.22
V 112 1085833.90 47060.19
V 120 1085834.20 47059.62
V 128 1085834.72 47059.23
V 136 1085835.35 47059.09
V 144 1085839.86 47059.09
V 152 1085839.86 47062.09
