V 0 1085836.72 73405.62
V 8 1085831.59 73462.07
V 16 1085831.59 73462.13
V 24 1085831.58 73462.24
V 32 1085825.52 73507.60
V 40 1085825.51 73507.63
V 48 1085823.40 73525.79
V 56 1085823.15 73526.47
V 64 1085822.61 73526.95
V 72 1085821.91 73527.12
V 80 1085735.66 73527.12
V 88 1085735.66 73524.12
V 96 1085820.57 73524.12
V 104 1085822.53 73507.31
V 112 1085822.54 73507.20
V 120 1085828.60 73461.84
V 128 1085833.86 73403.98
V 136 1085834.10 73403.29
V 144 1085834.64 73402.80
V 152 1085835.35 73402.62
V 160 1085839.86 73402.62
V 168 1085839.86 73405.62
