V 0 -836220.28 -166018.20
V 8 -836225.95 -166012.53
V 16 -836233.70 -166010.45
V 24 -836305.16 -166010.45
V 32 -836305.16 -165970.45
V 40 -836291.20 -165970.45
V 48 -836290.09 -165970.41
V 56 -836288.99 -165970.29
V 64 -836287.91 -165970.10
V 72 -836286.83 -165969.82
V 80 -836285.78 -165969.47
V 88 -836284.76 -165969.05
V 96 -836283.77 -165968.55
V 104 -836282.82 -165967.99
V 112 -836281.91 -165967.36
V 120 -836281.05 -165966.66
V 128 -836280.24 -165965.91
V 136 -836279.49 -165965.10
V 144 -836278.79 -165964.24
V 152 -836278.16 -165963.33
V 160 -836277.60 -165962.38
V 168 -836277.10 -165961.39
V 176 -836276.68 -165960.37
V 184 -836276.33 -165959.32
V 192 -836276.05 -165958.24
V 200 -836275.86 -165957.16
V 208 -836275.74 -165956.06
V 216 -836275.70 -165954.95
V 224 -836275.70 -165847.39
V 232 -836277.36 -165840.40
V 240 -836282.00 -165834.92
V 248 -836288.61 -165832.11
V 256 -837806.97 -165574.29
V 264 -838591.85 -165441.01
V 272 -838827.56 -165400.99
V 280 -839068.85 -165360.01
V 288 -839318.70 -165317.59
V 296 -839533.47 -165281.12
V 304 -839783.30 -165238.70
V 312 -839998.06 -165202.23
V 320 -840239.94 -165161.16
V 328 -840437.85 -165127.55
V 336 -841662.50 -164919.61
V 344 -841721.01 -164909.67
V 352 -845903.95 -164199.40
V 360 -846048.87 -164174.79
V 368 -846225.26 -164144.84
V 376 -847086.78 -163998.56
V 384 -849082.59 -163659.66
V 392 -849290.16 -163624.42
V 400 -850001.30 -163503.66
V 408 -850868.64 -163356.39
V 416 -851086.68 -163319.36
V 424 -852444.81 -163088.75
V 432 -852584.82 -163064.97
V 440 -853248.07 -162952.35
V 448 -853399.35 -162926.67
V 456 -857997.79 -162145.84
V 464 -858585.38 -162046.07
V 472 -858920.43 -161989.17
V 480 -859806.80 -161838.67
V 488 -859976.04 -161809.93
V 496 -860489.98 -161722.66
V 504 -861956.09 -161473.71
V 512 -863676.70 -161181.55
V 520 -863921.30 -161140.02
V 528 -867038.13 -160610.77
V 536 -867244.94 -160575.65
V 544 -868079.34 -160433.97
V 552 -868100.28 -160430.42
V 560 -868916.14 -160291.88
V 568 -869045.30 -160269.95
V 576 -869285.75 -160229.12
V 584 -871712.06 -159817.13
V 592 -871782.54 -159805.16
V 600 -871887.80 -159787.29
V 608 -872817.05 -159629.50
V 616 -872984.97 -159600.99
V 624 -873507.38 -159512.28
V 632 -873845.96 -159454.79
V 640 -873870.07 -159450.70
V 648 -874718.49 -159306.63
V 656 -874952.12 -159266.96
V 664 -875042.12 -159251.68
V 672 -875821.59 -159119.32
V 680 -876052.13 -159080.18
V 688 -876206.13 -159054.03
V 696 -876772.22 -158957.90
V 704 -876931.40 -158930.88
V 712 -877773.67 -158787.86
V 720 -877819.27 -158780.11
V 728 -878260.87 -158705.13
V 736 -878682.10 -158633.60
V 744 -879709.88 -158459.08
V 752 -879954.02 -158417.63
V 760 -880422.22 -158338.12
V 768 -880655.89 -158298.45
V 776 -881197.88 -158206.42
V 784 -882023.93 -158066.15
V 792 -882252.23 -158027.39
V 800 -882293.49 -158020.38
V 808 -882469.88 -157990.43
V 816 -882890.40 -157919.02
V 824 -883104.73 -157882.63
V 832 -883580.60 -157801.83
V 840 -883812.90 -157762.38
V 848 -883999.00 -157730.78
V 856 -883999.00 -157719.35
V 864 -884030.00 -157719.35
V 872 -884030.00 -157743.87
V 880 -884029.96 -157744.96
V 888 -884029.85 -157746.04
V 896 -884029.66 -157747.11
V 904 -884029.39 -157748.16
V 912 -884029.06 -157749.20
V 920 -884028.65 -157750.20
V 928 -884028.17 -157751.18
V 936 -884027.62 -157752.12
V 944 -884027.01 -157753.02
V 952 -884026.34 -157753.87
V 960 -884025.61 -157754.68
V 968 -884024.83 -157755.43
V 976 -884023.99 -157756.13
V 984 -884023.11 -157756.76
V 992 -884022.18 -157757.33
V 1000 -884021.22 -157757.84
V 1008 -884020.23 -157758.27
V 1016 -884019.20 -157758.64
V 1024 -884018.16 -157758.93
V 1032 -884017.09 -157759.15
V 1040 -883818.10 -157792.94
V 1048 -883585.80 -157832.39
V 1056 -882895.58 -157949.58
V 1064 -882298.69 -158050.94
V 1072 -882257.43 -158057.95
V 1080 -882029.11 -158096.71
V 1088 -881203.06 -158236.98
V 1096 -880661.07 -158329.01
V 1104 -880427.42 -158368.68
V 1112 -879959.22 -158448.19
V 1120 -879715.06 -158489.64
V 1128 -878687.28 -158664.16
V 1136 -878266.05 -158735.69
V 1144 -877824.47 -158810.67
V 1152 -877778.87 -158818.42
V 1160 -876936.58 -158961.44
V 1168 -876777.40 -158988.46
V 1176 -876211.31 -159084.59
V 1184 -876057.31 -159110.74
V 1192 -875826.77 -159149.88
V 1200 -875047.30 -159282.24
V 1208 -874957.30 -159297.52
V 1216 -874723.67 -159337.19
V 1224 -873875.25 -159481.26
V 1232 -873851.14 -159485.35
V 1240 -873512.56 -159542.84
V 1248 -872990.15 -159631.55
V 1256 -872822.23 -159660.06
V 1264 -871787.74 -159835.72
V 1272 -871717.26 -159847.69
V 1280 -869290.93 -160259.68
V 1288 -869050.48 -160300.51
V 1296 -868921.32 -160322.44
V 1304 -868105.46 -160460.98
V 1312 -868084.52 -160464.53
V 1320 -867250.14 -160606.21
V 1328 -867043.33 -160641.33
V 1336 -863926.48 -161170.58
V 1344 -863681.88 -161212.11
V 1352 -861961.27 -161504.27
V 1360 -860495.16 -161753.22
V 1368 -859812.00 -161869.23
V 1376 -858925.63 -162019.73
V 1384 -858590.58 -162076.63
V 1392 -858002.97 -162176.40
V 1400 -853404.53 -162957.23
V 1408 -853253.25 -162982.91
V 1416 -852590.02 -163095.53
V 1424 -852450.01 -163119.31
V 1432 -851091.88 -163349.92
V 1440 -850873.84 -163386.95
V 1448 -850006.48 -163534.22
V 1456 -849295.34 -163654.98
V 1464 -849087.77 -163690.22
V 1472 -847091.96 -164029.12
V 1480 -846230.44 -164175.40
V 1488 -845909.15 -164229.96
V 1496 -841726.21 -164940.23
V 1504 -841667.70 -164950.17
V 1512 -840443.05 -165158.11
V 1520 -840245.14 -165191.72
V 1528 -840003.26 -165232.79
V 1536 -839788.50 -165269.26
V 1544 -839538.65 -165311.68
V 1552 -839323.88 -165348.15
V 1560 -839074.05 -165390.57
V 1568 -838832.76 -165431.55
V 1576 -838597.03 -165471.57
V 1584 -837812.15 -165604.85
V 1592 -836753.91 -165784.54
V 1600 -836306.70 -165860.48
V 1608 -836306.70 -165939.45
V 1616 -836320.66 -165939.45
V 1624 -836321.77 -165939.49
V 1632 -836322.87 -165939.61
V 1640 -836323.95 -165939.80
V 1648 -836325.03 -165940.08
V 1656 -836326.08 -165940.43
V 1664 -836327.10 -165940.85
V 1672 -836328.09 -165941.35
V 1680 -836329.04 -165941.91
V 1688 -836329.95 -165942.54
V 1696 -836330.81 -165943.24
V 1704 -836331.62 -165943.99
V 1712 -836332.37 -165944.80
V 1720 -836333.07 -165945.66
V 1728 -836333.70 -165946.57
V 1736 -836334.26 -165947.52
V 1744 -836334.76 -165948.51
V 1752 -836335.18 -165949.53
V 1760 -836335.53 -165950.58
V 1768 -836335.81 -165951.66
V 1776 -836336.00 -165952.74
V 1784 -836336.12 -165953.84
V 1792 -836336.16 -165954.95
V 1800 -836336.16 -166025.95
V 1808 -836334.08 -166033.70
V 1816 -836328.41 -166039.37
V 1824 -836320.66 -166041.45
V 1832 -836249.20 -166041.45
V 1840 -836249.20 -166081.45
V 1848 -836348.70 -166081.45
V 1856 -836356.45 -166083.53
V 1864 -836362.12 -166089.20
V 1872 -836364.20 -166096.95
V 1880 -836364.20 -166167.95
V 1888 -836362.12 -166175.70
V 1896 -836356.45 -166181.37
V 1904 -836348.70 -166183.45
V 1912 -836249.20 -166183.45
V 1920 -836249.20 -166223.45
V 1928 -836348.70 -166223.45
V 1936 -836356.45 -166225.53
V 1944 -836362.12 -166231.20
V 1952 -836364.20 -166238.95
V 1960 -836364.20 -166309.95
V 1968 -836362.12 -166317.70
V 1976 -836356.45 -166323.37
V 1984 -836348.70 -166325.45
V 1992 -836249.20 -166325.45
V 2000 -836249.20 -166365.45
V 2008 -836348.70 -166365.45
V 2016 -836356.45 -166367.53
V 2024 -836362.12 -166373.20
V 2032 -836364.20 -166380.95
V 2040 -836364.20 -166451.95
V 2048 -836362.12 -166459.70
V 2056 -836356.45 -166465.37
V 2064 -836348.70 -166467.45
V 2072 -836249.20 -166467.45
V 2080 -836249.20 -166507.45
V 2088 -836348.70 -166507.45
V 2096 -836356.45 -166509.53
V 2104 -836362.12 -166515.20
V 2112 -836364.20 -166522.95
V 2120 -836364.20 -166593.95
V 2128 -836362.12 -166601.70
V 2136 -836356.45 -166607.37
V 2144 -836348.70 -166609.45
V 2152 -836249.20 -166609.45
V 2160 -836249.20 -166649.45
V 2168 -836348.70 -166649.45
V 2176 -836356.45 -166651.53
V 2184 -836362.12 -166657.20
V 2192 -836364.20 -166664.95
V 2200 -836364.20 -166735.95
V 2208 -836362.12 -166743.70
V 2216 -836356.45 -166749.37
V 2224 -836348.70 -166751.45
V 2232 -836249.20 -166751.45
V 2240 -836249.20 -166791.45
V 2248 -836348.70 -166791.45
V 2256 -836356.45 -166793.53
V 2264 -836362.12 -166799.20
V 2272 -836364.20 -166806.95
V 2280 -836364.20 -166877.95
V 2288 -836362.12 -166885.70
V 2296 -836356.45 -166891.37
V 2304 -836348.70 -166893.45
V 2312 -836249.20 -166893.45
V 2320 -836249.20 -166933.45
V 2328 -836348.70 -166933.45
V 2336 -836356.45 -166935.53
V 2344 -836362.12 -166941.20
V 2352 -836364.20 -166948.95
V 2360 -836364.20 -167019.95
V 2368 -836362.12 -167027.70
V 2376 -836356.45 -167033.37
V 2384 -836348.70 -167035.45
V 2392 -836249.20 -167035.45
V 2400 -836249.20 -167075.45
V 2408 -836348.70 -167075.45
V 2416 -836356.45 -167077.53
V 2424 -836362.12 -167083.20
V 2432 -836364.20 -167090.95
V 2440 -836364.20 -167161.95
V 2448 -836362.12 -167169.70
V 2456 -836356.45 -167175.37
V 2464 -836348.70 -167177.45
V 2472 -836249.20 -167177.45
V 2480 -836249.20 -167217.45
V 2488 -836348.70 -167217.45
V 2496 -836356.45 -167219.53
V 2504 -836362.12 -167225.20
V 2512 -836364.20 -167232.95
V 2520 -836364.20 -167303.95
V 2528 -836362.12 -167311.70
V 2536 -836356.45 -167317.37
V 2544 -836348.70 -167319.45
V 2552 -836249.20 -167319.45
V 2560 -836249.20 -167359.45
V 2568 -836348.70 -167359.45
V 2576 -836356.45 -167361.53
V 2584 -836362.12 -167367.20
V 2592 -836364.20 -167374.95
V 2600 -836364.20 -167445.95
V 2608 -836362.12 -167453.70
V 2616 -836356.45 -167459.37
V 2624 -836348.70 -167461.45
V 2632 -836249.20 -167461.45
V 2640 -836249.20 -167501.45
V 2648 -836348.70 -167501.45
V 2656 -836356.45 -167503.53
V 2664 -836362.12 -167509.20
V 2672 -836364.20 -167516.95
V 2680 -836364.20 -167587.95
V 2688 -836362.12 -167595.70
V 2696 -836356.45 -167601.37
V 2704 -836348.70 -167603.45
V 2712 -836249.20 -167603.45
V 2720 -836249.20 -167643.45
V 2728 -836348.70 -167643.45
V 2736 -836356.45 -167645.53
V 2744 -836362.12 -167651.20
V 2752 -836364.20 -167658.95
V 2760 -836364.20 -167729.95
V 2768 -836362.12 -167737.70
V 2776 -836356.45 -167743.37
V 2784 -836348.70 -167745.45
V 2792 -836249.20 -167745.45
V 2800 -836249.20 -167785.45
V 2808 -836348.70 -167785.45
V 2816 -836356.45 -167787.53
V 2824 -836362.12 -167793.20
V 2832 -836364.20 -167800.95
V 2840 -836364.20 -167871.95
V 2848 -836362.12 -167879.70
V 2856 -836356.45 -167885.37
V 2864 -836348.70 -167887.45
V 2872 -836249.20 -167887.45
V 2880 -836249.20 -167927.45
V 2888 -836348.70 -167927.45
V 2896 -836356.45 -167929.53
V 2904 -836362.12 -167935.20
V 2912 -836364.20 -167942.95
V 2920 -836364.20 -168013.95
V 2928 -836362.12 -168021.70
V 2936 -836356.45 -168027.37
V 2944 -836348.70 -168029.45
V 2952 -836249.20 -168029.45
V 2960 -836249.20 -168069.45
V 2968 -836348.70 -168069.45
V 2976 -836356.45 -168071.53
V 2984 -836362.12 -168077.20
V 2992 -836364.20 -168084.95
V 3000 -836364.20 -168155.95
V 3008 -836362.12 -168163.70
V 3016 -836356.45 -168169.37
V 3024 -836348.70 -168171.45
V 3032 -836249.20 -168171.45
V 3040 -836249.20 -168211.45
V 3048 -836348.70 -168211.45
V 3056 -836356.45 -168213.53
V 3064 -836362.12 -168219.20
V 3072 -836364.20 -168226.95
V 3080 -836364.20 -168297.95
V 3088 -836362.12 -168305.70
V 3096 -836356.45 -168311.37
V 3104 -836348.70 -168313.45
V 3112 -836249.20 -168313.45
V 3120 -836249.20 -168353.45
V 3128 -836348.70 -168353.45
V 3136 -836356.45 -168355.53
V 3144 -836362.12 -168361.20
V 3152 -836364.20 -168368.95
V 3160 -836364.20 -168439.95
V 3168 -836362.12 -168447.70
V 3176 -836356.45 -168453.37
V 3184 -836348.70 -168455.45
V 3192 -836249.20 -168455.45
V 3200 -836249.20 -168495.45
V 3208 -836348.70 -168495.45
V 3216 -836356.45 -168497.53
V 3224 -836362.12 -168503.20
V 3232 -836364.20 -168510.95
V 3240 -836364.20 -168581.95
V 3248 -836362.12 -168589.70
V 3256 -836356.45 -168595.37
V 3264 -836348.70 -168597.45
V 3272 -836249.20 -168597.45
V 3280 -836249.20 -168637.45
V 3288 -836348.70 -168637.45
V 3296 -836356.45 -168639.53
V 3304 -836362.12 -168645.20
V 3312 -836364.20 -168652.95
V 3320 -836364.20 -168723.95
V 3328 -836362.12 -168731.70
V 3336 -836356.45 -168737.37
V 3344 -836348.70 -168739.45
V 3352 -836249.20 -168739.45
V 3360 -836249.20 -168779.45
V 3368 -836348.70 -168779.45
V 3376 -836356.45 -168781.53
V 3384 -836362.12 -168787.20
V 3392 -836364.20 -168794.95
V 3400 -836364.20 -168865.95
V 3408 -836362.12 -168873.70
V 3416 -836356.45 -168879.37
V 3424 -836348.70 -168881.45
V 3432 -836249.20 -168881.45
V 3440 -836249.20 -168921.45
V 3448 -836348.70 -168921.45
V 3456 -836356.45 -168923.53
V 3464 -836362.12 -168929.20
V 3472 -836364.20 -168936.95
V 3480 -836364.20 -169007.95
V 3488 -836362.12 -169015.70
V 3496 -836356.45 -169021.37
V 3504 -836348.70 -169023.45
V 3512 -836249.20 -169023.45
V 3520 -836249.20 -169063.45
V 3528 -836348.70 -169063.45
V 3536 -836356.45 -169065.53
V 3544 -836362.12 -169071.20
V 3552 -836364.20 -169078.95
V 3560 -836364.20 -169149.95
V 3568 -836362.12 -169157.70
V 3576 -836356.45 -169163.37
V 3584 -836348.70 -169165.45
V 3592 -836249.20 -169165.45
V 3600 -836249.20 -169205.45
V 3608 -836348.70 -169205.45
V 3616 -836356.45 -169207.53
V 3624 -836362.12 -169213.20
V 3632 -836364.20 -169220.95
V 3640 -836364.20 -169291.95
V 3648 -836362.12 -169299.70
V 3656 -836356.45 -169305.37
V 3664 -836348.70 -169307.45
V 3672 -836249.20 -169307.45
V 3680 -836249.20 -169347.45
V 3688 -836348.70 -169347.45
V 3696 -836356.45 -169349.53
V 3704 -836362.12 -169355.20
V 3712 -836364.20 -169362.95
V 3720 -836364.20 -169433.95
V 3728 -836362.12 -169441.70
V 3736 -836356.45 -169447.37
V 3744 -836348.70 -169449.45
V 3752 -836249.20 -169449.45
V 3760 -836249.20 -169489.45
V 3768 -836348.70 -169489.45
V 3776 -836356.45 -169491.53
V 3784 -836362.12 -169497.20
V 3792 -836364.20 -169504.95
V 3800 -836364.20 -169575.95
V 3808 -836362.12 -169583.70
V 3816 -836356.45 -169589.37
V 3824 -836348.70 -169591.45
V 3832 -836249.20 -169591.45
V 3840 -836249.20 -169631.45
V 3848 -836348.70 -169631.45
V 3856 -836356.45 -169633.53
V 3864 -836362.12 -169639.20
V 3872 -836364.20 -169646.95
V 3880 -836364.20 -169717.95
V 3888 -836362.12 -169725.70
V 3896 -836356.45 -169731.37
V 3904 -836348.70 -169733.45
V 3912 -836249.20 -169733.45
V 3920 -836249.20 -169773.45
V 3928 -836348.70 -169773.45
V 3936 -836356.45 -169775.53
V 3944 -836362.12 -169781.20
V 3952 -836364.20 -169788.95
V 3960 -836364.20 -169859.95
V 3968 -836362.12 -169867.70
V 3976 -836356.45 -169873.37
V 3984 -836348.70 -169875.45
V 3992 -836249.20 -169875.45
V 4000 -836249.20 -169915.45
V 4008 -836348.70 -169915.45
V 4016 -836356.45 -169917.53
V 4024 -836362.12 -169923.20
V 4032 -836364.20 -169930.95
V 4040 -836364.20 -170001.95
V 4048 -836362.12 -170009.70
V 4056 -836356.45 -170015.37
V 4064 -836348.70 -170017.45
V 4072 -836249.20 -170017.45
V 4080 -836249.20 -170057.45
V 4088 -836348.70 -170057.45
V 4096 -836356.45 -170059.53
V 4104 -836362.12 -170065.20
V 4112 -836364.20 -170072.95
V 4120 -836364.20 -170143.95
V 4128 -836362.12 -170151.70
V 4136 -836356.45 -170157.37
V 4144 -836348.70 -170159.45
V 4152 -836249.20 -170159.45
V 4160 -836249.20 -170199.45
V 4168 -836348.70 -170199.45
V 4176 -836356.45 -170201.53
V 4184 -836362.12 -170207.20
V 4192 -836364.20 -170214.95
V 4200 -836364.20 -170285.95
V 4208 -836362.12 -170293.70
V 4216 -836356.45 -170299.37
V 4224 -836348.70 -170301.45
V 4232 -836249.20 -170301.45
V 4240 -836249.20 -170341.45
V 4248 -836348.70 -170341.45
V 4256 -836356.45 -170343.53
V 4264 -836362.12 -170349.20
V 4272 -836364.20 -170356.95
V 4280 -836364.20 -170427.95
V 4288 -836362.12 -170435.70
V 4296 -836356.45 -170441.37
V 4304 -836348.70 -170443.45
V 4312 -836249.20 -170443.45
V 4320 -836249.20 -170483.45
V 4328 -836348.70 -170483.45
V 4336 -836356.45 -170485.53
V 4344 -836362.12 -170491.20
V 4352 -836364.20 -170498.95
V 4360 -836364.20 -170569.95
V 4368 -836362.12 -170577.70
V 4376 -836356.45 -170583.37
V 4384 -836348.70 -170585.45
V 4392 -836249.20 -170585.45
V 4400 -836249.20 -170625.45
V 4408 -836348.70 -170625.45
V 4416 -836356.45 -170627.53
V 4424 -836362.12 -170633.20
V 4432 -836364.20 -170640.95
V 4440 -836364.20 -170711.95
V 4448 -836362.12 -170719.70
V 4456 -836356.45 -170725.37
V 4464 -836348.70 -170727.45
V 4472 -836249.20 -170727.45
V 4480 -836249.20 -170767.45
V 4488 -836348.70 -170767.45
V 4496 -836356.45 -170769.53
V 4504 -836362.12 -170775.20
V 4512 -836364.20 -170782.95
V 4520 -836364.20 -170853.95
V 4528 -836362.12 -170861.70
V 4536 -836356.45 -170867.37
V 4544 -836348.70 -170869.45
V 4552 -836249.20 -170869.45
V 4560 -836249.20 -170909.45
V 4568 -836348.70 -170909.45
V 4576 -836356.45 -170911.53
V 4584 -836362.12 -170917.20
V 4592 -836364.20 -170924.95
V 4600 -836364.20 -170995.95
V 4608 -836362.12 -171003.70
V 4616 -836356.45 -171009.37
V 4624 -836348.70 -171011.45
V 4632 -836249.20 -171011.45
V 4640 -836249.20 -171051.45
V 4648 -836348.70 -171051.45
V 4656 -836356.45 -171053.53
V 4664 -836362.12 -171059.20
V 4672 -836364.20 -171066.95
V 4680 -836364.20 -171137.95
V 4688 -836362.12 -171145.70
V 4696 -836356.45 -171151.37
V 4704 -836348.70 -171153.45
V 4712 -836249.20 -171153.45
V 4720 -836249.20 -171193.45
V 4728 -836348.70 -171193.45
V 4736 -836356.45 -171195.53
V 4744 -836362.12 -171201.20
V 4752 -836364.20 -171208.95
V 4760 -836364.20 -171279.95
V 4768 -836362.12 -171287.70
V 4776 -836356.45 -171293.37
V 4784 -836348.70 -171295.45
V 4792 -836249.20 -171295.45
V 4800 -836249.20 -171335.45
V 4808 -836348.70 -171335.45
V 4816 -836356.45 -171337.53
V 4824 -836362.12 -171343.20
V 4832 -836364.20 -171350.95
V 4840 -836364.20 -171421.95
V 4848 -836362.12 -171429.70
V 4856 -836356.45 -171435.37
V 4864 -836348.70 -171437.45
V 4872 -836249.20 -171437.45
V 4880 -836249.20 -171477.45
V 4888 -836348.70 -171477.45
V 4896 -836356.45 -171479.53
V 4904 -836362.12 -171485.20
V 4912 -836364.20 -171492.95
V 4920 -836364.20 -171563.95
V 4928 -836362.12 -171571.70
V 4936 -836356.45 -171577.37
V 4944 -836348.70 -171579.45
V 4952 -836249.20 -171579.45
V 4960 -836249.20 -171619.45
V 4968 -836348.70 -171619.45
V 4976 -836356.45 -171621.53
V 4984 -836362.12 -171627.20
V 4992 -836364.20 -171634.95
V 5000 -836364.20 -171705.95
V 5008 -836362.12 -171713.70
V 5016 -836356.45 -171719.37
V 5024 -836348.70 -171721.45
V 5032 -836249.20 -171721.45
V 5040 -836249.20 -171761.45
V 5048 -836348.70 -171761.45
V 5056 -836356.45 -171763.53
V 5064 -836362.12 -171769.20
V 5072 -836364.20 -171776.95
V 5080 -836364.20 -171847.95
V 5088 -836362.12 -171855.70
V 5096 -836356.45 -171861.37
V 5104 -836348.70 -171863.45
V 5112 -836249.20 -171863.45
V 5120 -836249.20 -171903.45
V 5128 -836348.70 -171903.45
V 5136 -836356.45 -171905.53
V 5144 -836362.12 -171911.20
V 5152 -836364.20 -171918.95
V 5160 -836364.20 -171989.95
V 5168 -836362.12 -171997.70
V 5176 -836356.45 -172003.37
V 5184 -836348.70 -172005.45
V 5192 -836249.20 -172005.45
V 5200 -836249.20 -172045.45
V 5208 -836348.70 -172045.45
V 5216 -836356.45 -172047.53
V 5224 -836362.12 -172053.20
V 5232 -836364.20 -172060.95
V 5240 -836364.20 -172131.95
V 5248 -836362.12 -172139.70
V 5256 -836356.45 -172145.37
V 5264 -836348.70 -172147.45
V 5272 -836249.20 -172147.45
V 5280 -836249.20 -172187.45
V 5288 -836348.70 -172187.45
V 5296 -836356.45 -172189.53
V 5304 -836362.12 -172195.20
V 5312 -836364.20 -172202.95
V 5320 -836364.20 -172273.95
V 5328 -836362.12 -172281.70
V 5336 -836356.45 -172287.37
V 5344 -836348.70 -172289.45
V 5352 -836249.20 -172289.45
V 5360 -836249.20 -172329.45
V 5368 -836348.70 -172329.45
V 5376 -836356.45 -172331.53
V 5384 -836362.12 -172337.20
V 5392 -836364.20 -172344.95
V 5400 -836364.20 -172415.95
V 5408 -836362.12 -172423.70
V 5416 -836356.45 -172429.37
V 5424 -836348.70 -172431.45
V 5432 -836249.20 -172431.45
V 5440 -836249.20 -172471.45
V 5448 -836348.70 -172471.45
V 5456 -836356.45 -172473.53
V 5464 -836362.12 -172479.20
V 5472 -836364.20 -172486.95
V 5480 -836364.20 -172557.95
V 5488 -836362.12 -172565.70
V 5496 -836356.45 -172571.37
V 5504 -836348.70 -172573.45
V 5512 -836249.20 -172573.45
V 5520 -836249.20 -172613.45
V 5528 -836348.70 -172613.45
V 5536 -836356.45 -172615.53
V 5544 -836362.12 -172621.20
V 5552 -836364.20 -172628.95
V 5560 -836364.20 -172699.95
V 5568 -836362.12 -172707.70
V 5576 -836356.45 -172713.37
V 5584 -836348.70 -172715.45
V 5592 -836249.20 -172715.45
V 5600 -836249.20 -172755.45
V 5608 -836348.70 -172755.45
V 5616 -836356.45 -172757.53
V 5624 -836362.12 -172763.20
V 5632 -836364.20 -172770.95
V 5640 -836364.20 -172841.95
V 5648 -836362.12 -172849.70
V 5656 -836356.45 -172855.37
V 5664 -836348.70 -172857.45
V 5672 -836249.20 -172857.45
V 5680 -836249.20 -172897.45
V 5688 -836348.70 -172897.45
V 5696 -836356.45 -172899.53
V 5704 -836362.12 -172905.20
V 5712 -836364.20 -172912.95
V 5720 -836364.20 -172983.95
V 5728 -836362.12 -172991.70
V 5736 -836356.45 -172997.37
V 5744 -836348.70 -172999.45
V 5752 -836249.20 -172999.45
V 5760 -836249.20 -173039.45
V 5768 -836348.70 -173039.45
V 5776 -836356.45 -173041.53
V 5784 -836362.12 -173047.20
V 5792 -836364.20 -173054.95
V 5800 -836364.20 -173125.95
V 5808 -836362.12 -173133.70
V 5816 -836356.45 -173139.37
V 5824 -836348.70 -173141.45
V 5832 -836249.20 -173141.45
V 5840 -836249.20 -173181.45
V 5848 -836348.70 -173181.45
V 5856 -836356.45 -173183.53
V 5864 -836362.12 -173189.20
V 5872 -836364.20 -173196.95
V 5880 -836364.20 -173267.95
V 5888 -836362.12 -173275.70
V 5896 -836356.45 -173281.37
V 5904 -836348.70 -173283.45
V 5912 -836249.20 -173283.45
V 5920 -836249.20 -173323.45
V 5928 -836348.70 -173323.45
V 5936 -836356.45 -173325.53
V 5944 -836362.12 -173331.20
V 5952 -836364.20 -173338.95
V 5960 -836364.20 -173409.95
V 5968 -836362.12 -173417.70
V 5976 -836356.45 -173423.37
V 5984 -836348.70 -173425.45
V 5992 -836249.20 -173425.45
V 6000 -836249.20 -173465.45
V 6008 -836348.70 -173465.45
V 6016 -836356.45 -173467.53
V 6024 -836362.12 -173473.20
V 6032 -836364.20 -173480.95
V 6040 -836364.20 -173551.95
V 6048 -836362.12 -173559.70
V 6056 -836356.45 -173565.37
V 6064 -836348.70 -173567.45
V 6072 -836249.20 -173567.45
V 6080 -836249.20 -173607.45
V 6088 -836348.70 -173607.45
V 6096 -836356.45 -173609.53
V 6104 -836362.12 -173615.20
V 6112 -836364.20 -173622.95
V 6120 -836364.20 -173693.95
V 6128 -836362.12 -173701.70
V 6136 -836356.45 -173707.37
V 6144 -836348.70 -173709.45
V 6152 -836249.20 -173709.45
V 6160 -836249.20 -173749.45
V 6168 -836348.70 -173749.45
V 6176 -836356.45 -173751.53
V 6184 -836362.12 -173757.20
V 6192 -836364.20 -173764.95
V 6200 -836364.20 -173835.95
V 6208 -836362.12 -173843.70
V 6216 -836356.45 -173849.37
V 6224 -836348.70 -173851.45
V 6232 -836249.20 -173851.45
V 6240 -836249.20 -173891.45
V 6248 -836348.70 -173891.45
V 6256 -836356.45 -173893.53
V 6264 -836362.12 -173899.20
V 6272 -836364.20 -173906.95
V 6280 -836364.20 -173977.95
V 6288 -836362.12 -173985.70
V 6296 -836356.45 -173991.37
V 6304 -836348.70 -173993.45
V 6312 -836249.20 -173993.45
V 6320 -836249.20 -174033.45
V 6328 -836348.70 -174033.45
V 6336 -836356.45 -174035.53
V 6344 -836362.12 -174041.20
V 6352 -836364.20 -174048.95
V 6360 -836364.20 -174119.95
V 6368 -836362.12 -174127.70
V 6376 -836356.45 -174133.37
V 6384 -836348.70 -174135.45
V 6392 -836249.20 -174135.45
V 6400 -836249.20 -174175.45
V 6408 -836348.70 -174175.45
V 6416 -836356.45 -174177.53
V 6424 -836362.12 -174183.20
V 6432 -836364.20 -174190.95
V 6440 -836364.20 -174261.95
V 6448 -836362.12 -174269.70
V 6456 -836356.45 -174275.37
V 6464 -836348.70 -174277.45
V 6472 -836249.20 -174277.45
V 6480 -836249.20 -174317.45
V 6488 -836348.70 -174317.45
V 6496 -836356.45 -174319.53
V 6504 -836362.12 -174325.20
V 6512 -836364.20 -174332.95
V 6520 -836364.20 -174403.95
V 6528 -836362.12 -174411.70
V 6536 -836356.45 -174417.37
V 6544 -836348.70 -174419.45
V 6552 -836249.20 -174419.45
V 6560 -836249.20 -174459.45
V 6568 -836348.70 -174459.45
V 6576 -836356.45 -174461.53
V 6584 -836362.12 -174467.20
V 6592 -836364.20 -174474.95
V 6600 -836364.20 -174545.95
V 6608 -836362.12 -174553.70
V 6616 -836356.45 -174559.37
V 6624 -836348.70 -174561.45
V 6632 -836249.20 -174561.45
V 6640 -836249.20 -174601.45
V 6648 -836348.70 -174601.45
V 6656 -836356.45 -174603.53
V 6664 -836362.12 -174609.20
V 6672 -836364.20 -174616.95
V 6680 -836364.20 -174687.95
V 6688 -836362.12 -174695.70
V 6696 -836356.45 -174701.37
V 6704 -836348.70 -174703.45
V 6712 -836249.20 -174703.45
V 6720 -836249.20 -174743.45
V 6728 -836348.70 -174743.45
V 6736 -836356.45 -174745.53
V 6744 -836362.12 -174751.20
V 6752 -836364.20 -174758.95
V 6760 -836364.20 -174829.95
V 6768 -836362.12 -174837.70
V 6776 -836356.45 -174843.37
V 6784 -836348.70 -174845.45
V 6792 -836249.20 -174845.45
V 6800 -836249.20 -174885.45
V 6808 -836348.70 -174885.45
V 6816 -836356.45 -174887.53
V 6824 -836362.12 -174893.20
V 6832 -836364.20 -174900.95
V 6840 -836364.20 -174971.95
V 6848 -836362.12 -174979.70
V 6856 -836356.45 -174985.37
V 6864 -836348.70 -174987.45
V 6872 -836249.20 -174987.45
V 6880 -836249.20 -175027.45
V 6888 -836348.70 -175027.45
V 6896 -836356.45 -175029.53
V 6904 -836362.12 -175035.20
V 6912 -836364.20 -175042.95
V 6920 -836364.20 -175113.95
V 6928 -836362.12 -175121.70
V 6936 -836356.45 -175127.37
V 6944 -836348.70 -175129.45
V 6952 -836249.20 -175129.45
V 6960 -836249.20 -175169.45
V 6968 -836348.70 -175169.45
V 6976 -836356.45 -175171.53
V 6984 -836362.12 -175177.20
V 6992 -836364.20 -175184.95
V 7000 -836364.20 -175255.95
V 7008 -836362.12 -175263.70
V 7016 -836356.45 -175269.37
V 7024 -836348.70 -175271.45
V 7032 -836249.20 -175271.45
V 7040 -836249.20 -175311.45
V 7048 -836348.70 -175311.45
V 7056 -836356.45 -175313.53
V 7064 -836362.12 -175319.20
V 7072 -836364.20 -175326.95
V 7080 -836364.20 -175397.95
V 7088 -836362.12 -175405.70
V 7096 -836356.45 -175411.37
V 7104 -836348.70 -175413.45
V 7112 -836249.20 -175413.45
V 7120 -836249.20 -175453.45
V 7128 -836348.70 -175453.45
V 7136 -836356.45 -175455.53
V 7144 -836362.12 -175461.20
V 7152 -836364.20 -175468.95
V 7160 -836364.20 -175539.95
V 7168 -836362.12 -175547.70
V 7176 -836356.45 -175553.37
V 7184 -836348.70 -175555.45
V 7192 -836249.20 -175555.45
V 7200 -836249.20 -175595.45
V 7208 -836348.70 -175595.45
V 7216 -836356.45 -175597.53
V 7224 -836362.12 -175603.20
V 7232 -836364.20 -175610.95
V 7240 -836364.20 -175681.95
V 7248 -836362.12 -175689.70
V 7256 -836356.45 -175695.37
V 7264 -836348.70 -175697.45
V 7272 -836249.20 -175697.45
V 7280 -836249.20 -175737.45
V 7288 -836348.70 -175737.45
V 7296 -836356.45 -175739.53
V 7304 -836362.12 -175745.20
V 7312 -836364.20 -175752.95
V 7320 -836364.20 -175823.95
V 7328 -836362.12 -175831.70
V 7336 -836356.45 -175837.37
V 7344 -836348.70 -175839.45
V 7352 -836249.20 -175839.45
V 7360 -836249.20 -175879.45
V 7368 -836348.70 -175879.45
V 7376 -836356.45 -175881.53
V 7384 -836362.12 -175887.20
V 7392 -836364.20 -175894.95
V 7400 -836364.20 -175965.95
V 7408 -836362.12 -175973.70
V 7416 -836356.45 -175979.37
V 7424 -836348.70 -175981.45
V 7432 -836249.20 -175981.45
V 7440 -836249.20 -176021.45
V 7448 -836348.70 -176021.45
V 7456 -836356.45 -176023.53
V 7464 -836362.12 -176029.20
V 7472 -836364.20 -176036.95
V 7480 -836364.20 -176107.95
V 7488 -836362.12 -176115.70
V 7496 -836356.45 -176121.37
V 7504 -836348.70 -176123.45
V 7512 -836249.20 -176123.45
V 7520 -836249.20 -176163.45
V 7528 -836348.70 -176163.45
V 7536 -836356.45 -176165.53
V 7544 -836362.12 -176171.20
V 7552 -836364.20 -176178.95
V 7560 -836364.20 -176249.95
V 7568 -836362.12 -176257.70
V 7576 -836356.45 -176263.37
V 7584 -836348.70 -176265.45
V 7592 -836249.20 -176265.45
V 7600 -836249.20 -176305.45
V 7608 -836348.70 -176305.45
V 7616 -836356.45 -176307.53
V 7624 -836362.12 -176313.20
V 7632 -836364.20 -176320.95
V 7640 -836364.20 -176391.95
V 7648 -836362.12 -176399.70
V 7656 -836356.45 -176405.37
V 7664 -836348.70 -176407.45
V 7672 -836249.20 -176407.45
V 7680 -836249.20 -176447.45
V 7688 -836348.70 -176447.45
V 7696 -836356.45 -176449.53
V 7704 -836362.12 -176455.20
V 7712 -836364.20 -176462.95
V 7720 -836364.20 -176533.95
V 7728 -836362.12 -176541.70
V 7736 -836356.45 -176547.37
V 7744 -836348.70 -176549.45
V 7752 -836249.20 -176549.45
V 7760 -836249.20 -176589.45
V 7768 -836348.70 -176589.45
V 7776 -836356.45 -176591.53
V 7784 -836362.12 -176597.20
V 7792 -836364.20 -176604.95
V 7800 -836364.20 -176675.95
V 7808 -836362.12 -176683.70
V 7816 -836356.45 -176689.37
V 7824 -836348.70 -176691.45
V 7832 -836249.20 -176691.45
V 7840 -836249.20 -176731.45
V 7848 -836348.70 -176731.45
V 7856 -836356.45 -176733.53
V 7864 -836362.12 -176739.20
V 7872 -836364.20 -176746.95
V 7880 -836364.20 -176817.95
V 7888 -836362.12 -176825.70
V 7896 -836356.45 -176831.37
V 7904 -836348.70 -176833.45
V 7912 -836249.20 -176833.45
V 7920 -836249.20 -176873.45
V 7928 -836348.70 -176873.45
V 7936 -836356.45 -176875.53
V 7944 -836362.12 -176881.20
V 7952 -836364.20 -176888.95
V 7960 -836364.20 -176959.95
V 7968 -836362.12 -176967.70
V 7976 -836356.45 -176973.37
V 7984 -836348.70 -176975.45
V 7992 -836249.20 -176975.45
V 8000 -836249.20 -177015.45
V 8008 -836348.70 -177015.45
V 8016 -836356.45 -177017.53
V 8024 -836362.12 -177023.20
V 8032 -836364.20 -177030.95
V 8040 -836364.20 -177101.95
V 8048 -836362.12 -177109.70
V 8056 -836356.45 -177115.37
V 8064 -836348.70 -177117.45
V 8072 -836249.20 -177117.45
V 8080 -836249.20 -177157.45
V 8088 -836348.70 -177157.45
V 8096 -836356.45 -177159.53
V 8104 -836362.12 -177165.20
V 8112 -836364.20 -177172.95
V 8120 -836364.20 -177243.95
V 8128 -836362.12 -177251.70
V 8136 -836356.45 -177257.37
V 8144 -836348.70 -177259.45
V 8152 -836249.20 -177259.45
V 8160 -836249.20 -177299.45
V 8168 -836348.70 -177299.45
V 8176 -836356.45 -177301.53
V 8184 -836362.12 -177307.20
V 8192 -836364.20 -177314.95
V 8200 -836364.20 -177385.95
V 8208 -836362.12 -177393.70
V 8216 -836356.45 -177399.37
V 8224 -836348.70 -177401.45
V 8232 -836249.20 -177401.45
V 8240 -836249.20 -177441.45
V 8248 -836348.70 -177441.45
V 8256 -836356.45 -177443.53
V 8264 -836362.12 -177449.20
V 8272 -836364.20 -177456.95
V 8280 -836364.20 -177527.95
V 8288 -836362.12 -177535.70
V 8296 -836356.45 -177541.37
V 8304 -836348.70 -177543.45
V 8312 -836249.20 -177543.45
V 8320 -836249.20 -177583.45
V 8328 -836348.70 -177583.45
V 8336 -836356.45 -177585.53
V 8344 -836362.12 -177591.20
V 8352 -836364.20 -177598.95
V 8360 -836364.20 -177669.95
V 8368 -836362.12 -177677.70
V 8376 -836356.45 -177683.37
V 8384 -836348.70 -177685.45
V 8392 -836249.20 -177685.45
V 8400 -836249.20 -177725.45
V 8408 -836348.70 -177725.45
V 8416 -836356.45 -177727.53
V 8424 -836362.12 -177733.20
V 8432 -836364.20 -177740.95
V 8440 -836364.20 -177811.95
V 8448 -836362.12 -177819.70
V 8456 -836356.45 -177825.37
V 8464 -836348.70 -177827.45
V 8472 -836249.20 -177827.45
V 8480 -836249.20 -177867.45
V 8488 -836348.70 -177867.45
V 8496 -836356.45 -177869.53
V 8504 -836362.12 -177875.20
V 8512 -836364.20 -177882.95
V 8520 -836364.20 -177953.95
V 8528 -836362.12 -177961.70
V 8536 -836356.45 -177967.37
V 8544 -836348.70 -177969.45
V 8552 -836249.20 -177969.45
V 8560 -836249.20 -178009.45
V 8568 -836348.70 -178009.45
V 8576 -836356.45 -178011.53
V 8584 -836362.12 -178017.20
V 8592 -836364.20 -178024.95
V 8600 -836364.20 -178095.95
V 8608 -836362.12 -178103.70
V 8616 -836356.45 -178109.37
V 8624 -836348.70 -178111.45
V 8632 -836249.20 -178111.45
V 8640 -836249.20 -178151.45
V 8648 -836348.70 -178151.45
V 8656 -836356.45 -178153.53
V 8664 -836362.12 -178159.20
V 8672 -836364.20 -178166.95
V 8680 -836364.20 -178237.95
V 8688 -836362.12 -178245.70
V 8696 -836356.45 -178251.37
V 8704 -836348.70 -178253.45
V 8712 -836249.20 -178253.45
V 8720 -836249.20 -178293.45
V 8728 -836348.70 -178293.45
V 8736 -836356.45 -178295.53
V 8744 -836362.12 -178301.20
V 8752 -836364.20 -178308.95
V 8760 -836364.20 -178379.95
V 8768 -836362.12 -178387.70
V 8776 -836356.45 -178393.37
V 8784 -836348.70 -178395.45
V 8792 -836306.70 -178395.45
V 8800 -836306.70 -178404.45
V 8808 -836275.70 -178404.45
V 8816 -836275.70 -178379.95
V 8824 -836275.74 -178378.84
V 8832 -836275.86 -178377.74
V 8840 -836276.05 -178376.66
V 8848 -836276.33 -178375.58
V 8856 -836276.68 -178374.53
V 8864 -836277.10 -178373.51
V 8872 -836277.60 -178372.52
V 8880 -836278.16 -178371.57
V 8888 -836278.79 -178370.66
V 8896 -836279.49 -178369.80
V 8904 -836280.24 -178368.99
V 8912 -836281.05 -178368.24
V 8920 -836281.91 -178367.54
V 8928 -836282.82 -178366.91
V 8936 -836283.77 -178366.35
V 8944 -836284.76 -178365.85
V 8952 -836285.78 -178365.43
V 8960 -836286.83 -178365.08
V 8968 -836287.91 -178364.80
V 8976 -836288.99 -178364.61
V 8984 -836290.09 -178364.49
V 8992 -836291.20 -178364.45
V 9000 -836333.20 -178364.45
V 9008 -836333.20 -178324.45
V 9016 -836233.70 -178324.45
V 9024 -836225.95 -178322.37
V 9032 -836220.28 -178316.70
V 9040 -836218.20 -178308.95
V 9048 -836218.20 -178237.95
V 9056 -836220.28 -178230.20
V 9064 -836225.95 -178224.53
V 9072 -836233.70 -178222.45
V 9080 -836333.20 -178222.45
V 9088 -836333.20 -178182.45
V 9096 -836233.70 -178182.45
V 9104 -836225.95 -178180.37
V 9112 -836220.28 -178174.70
V 9120 -836218.20 -178166.95
V 9128 -836218.20 -178095.95
V 9136 -836220.28 -178088.20
V 9144 -836225.95 -178082.53
V 9152 -836233.70 -178080.45
V 9160 -836333.20 -178080.45
V 9168 -836333.20 -178040.45
V 9176 -836233.70 -178040.45
V 9184 -836225.95 -178038.37
V 9192 -836220.28 -178032.70
V 9200 -836218.20 -178024.95
V 9208 -836218.20 -177953.95
V 9216 -836220.28 -177946.20
V 9224 -836225.95 -177940.53
V 9232 -836233.70 -177938.45
V 9240 -836333.20 -177938.45
V 9248 -836333.20 -177898.45
V 9256 -836233.70 -177898.45
V 9264 -836225.95 -177896.37
V 9272 -836220.28 -177890.70
V 9280 -836218.20 -177882.95
V 9288 -836218.20 -177811.95
V 9296 -836220.28 -177804.20
V 9304 -836225.95 -177798.53
V 9312 -836233.70 -177796.45
V 9320 -836333.20 -177796.45
V 9328 -836333.20 -177756.45
V 9336 -836233.70 -177756.45
V 9344 -836225.95 -177754.37
V 9352 -836220.28 -177748.70
V 9360 -836218.20 -177740.95
V 9368 -836218.20 -177669.95
V 9376 -836220.28 -177662.20
V 9384 -836225.95 -177656.53
V 9392 -836233.70 -177654.45
V 9400 -836333.20 -177654.45
V 9408 -836333.20 -177614.45
V 9416 -836233.70 -177614.45
V 9424 -836225.95 -177612.37
V 9432 -836220.28 -177606.70
V 9440 -836218.20 -177598.95
V 9448 -836218.20 -177527.95
V 9456 -836220.28 -177520.20
V 9464 -836225.95 -177514.53
V 9472 -836233.70 -177512.45
V 9480 -836333.20 -177512.45
V 9488 -836333.20 -177472.45
V 9496 -836233.70 -177472.45
V 9504 -836225.95 -177470.37
V 9512 -836220.28 -177464.70
V 9520 -836218.20 -177456.95
V 9528 -836218.20 -177385.95
V 9536 -836220.28 -177378.20
V 9544 -836225.95 -177372.53
V 9552 -836233.70 -177370.45
V 9560 -836333.20 -177370.45
V 9568 -836333.20 -177330.45
V 9576 -836233.70 -177330.45
V 9584 -836225.95 -177328.37
V 9592 -836220.28 -177322.70
V 9600 -836218.20 -177314.95
V 9608 -836218.20 -177243.95
V 9616 -836220.28 -177236.20
V 9624 -836225.95 -177230.53
V 9632 -836233.70 -177228.45
V 9640 -836333.20 -177228.45
V 9648 -836333.20 -177188.45
V 9656 -836233.70 -177188.45
V 9664 -836225.95 -177186.37
V 9672 -836220.28 -177180.70
V 9680 -836218.20 -177172.95
V 9688 -836218.20 -177101.95
V 9696 -836220.28 -177094.20
V 9704 -836225.95 -177088.53
V 9712 -836233.70 -177086.45
V 9720 -836333.20 -177086.45
V 9728 -836333.20 -177046.45
V 9736 -836233.70 -177046.45
V 9744 -836225.95 -177044.37
V 9752 -836220.28 -177038.70
V 9760 -836218.20 -177030.95
V 9768 -836218.20 -176959.95
V 9776 -836220.28 -176952.20
V 9784 -836225.95 -176946.53
V 9792 -836233.70 -176944.45
V 9800 -836333.20 -176944.45
V 9808 -836333.20 -176904.45
V 9816 -836233.70 -176904.45
V 9824 -836225.95 -176902.37
V 9832 -836220.28 -176896.70
V 9840 -836218.20 -176888.95
V 9848 -836218.20 -176817.95
V 9856 -836220.28 -176810.20
V 9864 -836225.95 -176804.53
V 9872 -836233.70 -176802.45
V 9880 -836333.20 -176802.45
V 9888 -836333.20 -176762.45
V 9896 -836233.70 -176762.45
V 9904 -836225.95 -176760.37
V 9912 -836220.28 -176754.70
V 9920 -836218.20 -176746.95
V 9928 -836218.20 -176675.95
V 9936 -836220.28 -176668.20
V 9944 -836225.95 -176662.53
V 9952 -836233.70 -176660.45
V 9960 -836333.20 -176660.45
V 9968 -836333.20 -176620.45
V 9976 -836233.70 -176620.45
V 9984 -836225.95 -176618.37
V 9992 -836220.28 -176612.70
V 10000 -836218.20 -176604.95
V 10008 -836218.20 -176533.95
V 10016 -836220.28 -176526.20
V 10024 -836225.95 -176520.53
V 10032 -836233.70 -176518.45
V 10040 -836333.20 -176518.45
V 10048 -836333.20 -176478.45
V 10056 -836233.70 -176478.45
V 10064 -836225.95 -176476.37
V 10072 -836220.28 -176470.70
V 10080 -836218.20 -176462.95
V 10088 -836218.20 -176391.95
V 10096 -836220.28 -176384.20
V 10104 -836225.95 -176378.53
V 10112 -836233.70 -176376.45
V 10120 -836333.20 -176376.45
V 10128 -836333.20 -176336.45
V 10136 -836233.70 -176336.45
V 10144 -836225.95 -176334.37
V 10152 -836220.28 -176328.70
V 10160 -836218.20 -176320.95
V 10168 -836218.20 -176249.95
V 10176 -836220.28 -176242.20
V 10184 -836225.95 -176236.53
V 10192 -836233.70 -176234.45
V 10200 -836333.20 -176234.45
V 10208 -836333.20 -176194.45
V 10216 -836233.70 -176194.45
V 10224 -836225.95 -176192.37
V 10232 -836220.28 -176186.70
V 10240 -836218.20 -176178.95
V 10248 -836218.20 -176107.95
V 10256 -836220.28 -176100.20
V 10264 -836225.95 -176094.53
V 10272 -836233.70 -176092.45
V 10280 -836333.20 -176092.45
V 10288 -836333.20 -176052.45
V 10296 -836233.70 -176052.45
V 10304 -836225.95 -176050.37
V 10312 -836220.28 -176044.70
V 10320 -836218.20 -176036.95
V 10328 -836218.20 -175965.95
V 10336 -836220.28 -175958.20
V 10344 -836225.95 -175952.53
V 10352 -836233.70 -175950.45
V 10360 -836333.20 -175950.45
V 10368 -836333.20 -175910.45
V 10376 -836233.70 -175910.45
V 10384 -836225.95 -175908.37
V 10392 -836220.28 -175902.70
V 10400 -836218.20 -175894.95
V 10408 -836218.20 -175823.95
V 10416 -836220.28 -175816.20
V 10424 -836225.95 -175810.53
V 10432 -836233.70 -175808.45
V 10440 -836333.20 -175808.45
V 10448 -836333.20 -175768.45
V 10456 -836233.70 -175768.45
V 10464 -836225.95 -175766.37
V 10472 -836220.28 -175760.70
V 10480 -836218.20 -175752.95
V 10488 -836218.20 -175681.95
V 10496 -836220.28 -175674.20
V 10504 -836225.95 -175668.53
V 10512 -836233.70 -175666.45
V 10520 -836333.20 -175666.45
V 10528 -836333.20 -175626.45
V 10536 -836233.70 -175626.45
V 10544 -836225.95 -175624.37
V 10552 -836220.28 -175618.70
V 10560 -836218.20 -175610.95
V 10568 -836218.20 -175539.95
V 10576 -836220.28 -175532.20
V 10584 -836225.95 -175526.53
V 10592 -836233.70 -175524.45
V 10600 -836333.20 -175524.45
V 10608 -836333.20 -175484.45
V 10616 -836233.70 -175484.45
V 10624 -836225.95 -175482.37
V 10632 -836220.28 -175476.70
V 10640 -836218.20 -175468.95
V 10648 -836218.20 -175397.95
V 10656 -836220.28 -175390.20
V 10664 -836225.95 -175384.53
V 10672 -836233.70 -175382.45
V 10680 -836333.20 -175382.45
V 10688 -836333.20 -175342.45
V 10696 -836233.70 -175342.45
V 10704 -836225.95 -175340.37
V 10712 -836220.28 -175334.70
V 10720 -836218.20 -175326.95
V 10728 -836218.20 -175255.95
V 10736 -836220.28 -175248.20
V 10744 -836225.95 -175242.53
V 10752 -836233.70 -175240.45
V 10760 -836333.20 -175240.45
V 10768 -836333.20 -175200.45
V 10776 -836233.70 -175200.45
V 10784 -836225.95 -175198.37
V 10792 -836220.28 -175192.70
V 10800 -836218.20 -175184.95
V 10808 -836218.20 -175113.95
V 10816 -836220.28 -175106.20
V 10824 -836225.95 -175100.53
V 10832 -836233.70 -175098.45
V 10840 -836333.20 -175098.45
V 10848 -836333.20 -175058.45
V 10856 -836233.70 -175058.45
V 10864 -836225.95 -175056.37
V 10872 -836220.28 -175050.70
V 10880 -836218.20 -175042.95
V 10888 -836218.20 -174971.95
V 10896 -836220.28 -174964.20
V 10904 -836225.95 -174958.53
V 10912 -836233.70 -174956.45
V 10920 -836333.20 -174956.45
V 10928 -836333.20 -174916.45
V 10936 -836233.70 -174916.45
V 10944 -836225.95 -174914.37
V 10952 -836220.28 -174908.70
V 10960 -836218.20 -174900.95
V 10968 -836218.20 -174829.95
V 10976 -836220.28 -174822.20
V 10984 -836225.95 -174816.53
V 10992 -836233.70 -174814.45
V 11000 -836333.20 -174814.45
V 11008 -836333.20 -174774.45
V 11016 -836233.70 -174774.45
V 11024 -836225.95 -174772.37
V 11032 -836220.28 -174766.70
V 11040 -836218.20 -174758.95
V 11048 -836218.20 -174687.95
V 11056 -836220.28 -174680.20
V 11064 -836225.95 -174674.53
V 11072 -836233.70 -174672.45
V 11080 -836333.20 -174672.45
V 11088 -836333.20 -174632.45
V 11096 -836233.70 -174632.45
V 11104 -836225.95 -174630.37
V 11112 -836220.28 -174624.70
V 11120 -836218.20 -174616.95
V 11128 -836218.20 -174545.95
V 11136 -836220.28 -174538.20
V 11144 -836225.95 -174532.53
V 11152 -836233.70 -174530.45
V 11160 -836333.20 -174530.45
V 11168 -836333.20 -174490.45
V 11176 -836233.70 -174490.45
V 11184 -836225.95 -174488.37
V 11192 -836220.28 -174482.70
V 11200 -836218.20 -174474.95
V 11208 -836218.20 -174403.95
V 11216 -836220.28 -174396.20
V 11224 -836225.95 -174390.53
V 11232 -836233.70 -174388.45
V 11240 -836333.20 -174388.45
V 11248 -836333.20 -174348.45
V 11256 -836233.70 -174348.45
V 11264 -836225.95 -174346.37
V 11272 -836220.28 -174340.70
V 11280 -836218.20 -174332.95
V 11288 -836218.20 -174261.95
V 11296 -836220.28 -174254.20
V 11304 -836225.95 -174248.53
V 11312 -836233.70 -174246.45
V 11320 -836333.20 -174246.45
V 11328 -836333.20 -174206.45
V 11336 -836233.70 -174206.45
V 11344 -836225.95 -174204.37
V 11352 -836220.28 -174198.70
V 11360 -836218.20 -174190.95
V 11368 -836218.20 -174119.95
V 11376 -836220.28 -174112.20
V 11384 -836225.95 -174106.53
V 11392 -836233.70 -174104.45
V 11400 -836333.20 -174104.45
V 11408 -836333.20 -174064.45
V 11416 -836233.70 -174064.45
V 11424 -836225.95 -174062.37
V 11432 -836220.28 -174056.70
V 11440 -836218.20 -174048.95
V 11448 -836218.20 -173977.95
V 11456 -836220.28 -173970.20
V 11464 -836225.95 -173964.53
V 11472 -836233.70 -173962.45
V 11480 -836333.20 -173962.45
V 11488 -836333.20 -173922.45
V 11496 -836233.70 -173922.45
V 11504 -836225.95 -173920.37
V 11512 -836220.28 -173914.70
V 11520 -836218.20 -173906.95
V 11528 -836218.20 -173835.95
V 11536 -836220.28 -173828.20
V 11544 -836225.95 -173822.53
V 11552 -836233.70 -173820.45
V 11560 -836333.20 -173820.45
V 11568 -836333.20 -173780.45
V 11576 -836233.70 -173780.45
V 11584 -836225.95 -173778.37
V 11592 -836220.28 -173772.70
V 11600 -836218.20 -173764.95
V 11608 -836218.20 -173693.95
V 11616 -836220.28 -173686.20
V 11624 -836225.95 -173680.53
V 11632 -836233.70 -173678.45
V 11640 -836333.20 -173678.45
V 11648 -836333.20 -173638.45
V 11656 -836233.70 -173638.45
V 11664 -836225.95 -173636.37
V 11672 -836220.28 -173630.70
V 11680 -836218.20 -173622.95
V 11688 -836218.20 -173551.95
V 11696 -836220.28 -173544.20
V 11704 -836225.95 -173538.53
V 11712 -836233.70 -173536.45
V 11720 -836333.20 -173536.45
V 11728 -836333.20 -173496.45
V 11736 -836233.70 -173496.45
V 11744 -836225.95 -173494.37
V 11752 -836220.28 -173488.70
V 11760 -836218.20 -173480.95
V 11768 -836218.20 -173409.95
V 11776 -836220.28 -173402.20
V 11784 -836225.95 -173396.53
V 11792 -836233.70 -173394.45
V 11800 -836333.20 -173394.45
V 11808 -836333.20 -173354.45
V 11816 -836233.70 -173354.45
V 11824 -836225.95 -173352.37
V 11832 -836220.28 -173346.70
V 11840 -836218.20 -173338.95
V 11848 -836218.20 -173267.95
V 11856 -836220.28 -173260.20
V 11864 -836225.95 -173254.53
V 11872 -836233.70 -173252.45
V 11880 -836333.20 -173252.45
V 11888 -836333.20 -173212.45
V 11896 -836233.70 -173212.45
V 11904 -836225.95 -173210.37
V 11912 -836220.28 -173204.70
V 11920 -836218.20 -173196.95
V 11928 -836218.20 -173125.95
V 11936 -836220.28 -173118.20
V 11944 -836225.95 -173112.53
V 11952 -836233.70 -173110.45
V 11960 -836333.20 -173110.45
V 11968 -836333.20 -173070.45
V 11976 -836233.70 -173070.45
V 11984 -836225.95 -173068.37
V 11992 -836220.28 -173062.70
V 12000 -836218.20 -173054.95
V 12008 -836218.20 -172983.95
V 12016 -836220.28 -172976.20
V 12024 -836225.95 -172970.53
V 12032 -836233.70 -172968.45
V 12040 -836333.20 -172968.45
V 12048 -836333.20 -172928.45
V 12056 -836233.70 -172928.45
V 12064 -836225.95 -172926.37
V 12072 -836220.28 -172920.70
V 12080 -836218.20 -172912.95
V 12088 -836218.20 -172841.95
V 12096 -836220.28 -172834.20
V 12104 -836225.95 -172828.53
V 12112 -836233.70 -172826.45
V 12120 -836333.20 -172826.45
V 12128 -836333.20 -172786.45
V 12136 -836233.70 -172786.45
V 12144 -836225.95 -172784.37
V 12152 -836220.28 -172778.70
V 12160 -836218.20 -172770.95
V 12168 -836218.20 -172699.95
V 12176 -836220.28 -172692.20
V 12184 -836225.95 -172686.53
V 12192 -836233.70 -172684.45
V 12200 -836333.20 -172684.45
V 12208 -836333.20 -172644.45
V 12216 -836233.70 -172644.45
V 12224 -836225.95 -172642.37
V 12232 -836220.28 -172636.70
V 12240 -836218.20 -172628.95
V 12248 -836218.20 -172557.95
V 12256 -836220.28 -172550.20
V 12264 -836225.95 -172544.53
V 12272 -836233.70 -172542.45
V 12280 -836333.20 -172542.45
V 12288 -836333.20 -172502.45
V 12296 -836233.70 -172502.45
V 12304 -836225.95 -172500.37
V 12312 -836220.28 -172494.70
V 12320 -836218.20 -172486.95
V 12328 -836218.20 -172415.95
V 12336 -836220.28 -172408.20
V 12344 -836225.95 -172402.53
V 12352 -836233.70 -172400.45
V 12360 -836333.20 -172400.45
V 12368 -836333.20 -172360.45
V 12376 -836233.70 -172360.45
V 12384 -836225.95 -172358.37
V 12392 -836220.28 -172352.70
V 12400 -836218.20 -172344.95
V 12408 -836218.20 -172273.95
V 12416 -836220.28 -172266.20
V 12424 -836225.95 -172260.53
V 12432 -836233.70 -172258.45
V 12440 -836333.20 -172258.45
V 12448 -836333.20 -172218.45
V 12456 -836233.70 -172218.45
V 12464 -836225.95 -172216.37
V 12472 -836220.28 -172210.70
V 12480 -836218.20 -172202.95
V 12488 -836218.20 -172131.95
V 12496 -836220.28 -172124.20
V 12504 -836225.95 -172118.53
V 12512 -836233.70 -172116.45
V 12520 -836333.20 -172116.45
V 12528 -836333.20 -172076.45
V 12536 -836233.70 -172076.45
V 12544 -836225.95 -172074.37
V 12552 -836220.28 -172068.70
V 12560 -836218.20 -172060.95
V 12568 -836218.20 -171989.95
V 12576 -836220.28 -171982.20
V 12584 -836225.95 -171976.53
V 12592 -836233.70 -171974.45
V 12600 -836333.20 -171974.45
V 12608 -836333.20 -171934.45
V 12616 -836233.70 -171934.45
V 12624 -836225.95 -171932.37
V 12632 -836220.28 -171926.70
V 12640 -836218.20 -171918.95
V 12648 -836218.20 -171847.95
V 12656 -836220.28 -171840.20
V 12664 -836225.95 -171834.53
V 12672 -836233.70 -171832.45
V 12680 -836333.20 -171832.45
V 12688 -836333.20 -171792.45
V 12696 -836233.70 -171792.45
V 12704 -836225.95 -171790.37
V 12712 -836220.28 -171784.70
V 12720 -836218.20 -171776.95
V 12728 -836218.20 -171705.95
V 12736 -836220.28 -171698.20
V 12744 -836225.95 -171692.53
V 12752 -836233.70 -171690.45
V 12760 -836333.20 -171690.45
V 12768 -836333.20 -171650.45
V 12776 -836233.70 -171650.45
V 12784 -836225.95 -171648.37
V 12792 -836220.28 -171642.70
V 12800 -836218.20 -171634.95
V 12808 -836218.20 -171563.95
V 12816 -836220.28 -171556.20
V 12824 -836225.95 -171550.53
V 12832 -836233.70 -171548.45
V 12840 -836333.20 -171548.45
V 12848 -836333.20 -171508.45
V 12856 -836233.70 -171508.45
V 12864 -836225.95 -171506.37
V 12872 -836220.28 -171500.70
V 12880 -836218.20 -171492.95
V 12888 -836218.20 -171421.95
V 12896 -836220.28 -171414.20
V 12904 -836225.95 -171408.53
V 12912 -836233.70 -171406.45
V 12920 -836333.20 -171406.45
V 12928 -836333.20 -171366.45
V 12936 -836233.70 -171366.45
V 12944 -836225.95 -171364.37
V 12952 -836220.28 -171358.70
V 12960 -836218.20 -171350.95
V 12968 -836218.20 -171279.95
V 12976 -836220.28 -171272.20
V 12984 -836225.95 -171266.53
V 12992 -836233.70 -171264.45
V 13000 -836333.20 -171264.45
V 13008 -836333.20 -171224.45
V 13016 -836233.70 -171224.45
V 13024 -836225.95 -171222.37
V 13032 -836220.28 -171216.70
V 13040 -836218.20 -171208.95
V 13048 -836218.20 -171137.95
V 13056 -836220.28 -171130.20
V 13064 -836225.95 -171124.53
V 13072 -836233.70 -171122.45
V 13080 -836333.20 -171122.45
V 13088 -836333.20 -171082.45
V 13096 -836233.70 -171082.45
V 13104 -836225.95 -171080.37
V 13112 -836220.28 -171074.70
V 13120 -836218.20 -171066.95
V 13128 -836218.20 -170995.95
V 13136 -836220.28 -170988.20
V 13144 -836225.95 -170982.53
V 13152 -836233.70 -170980.45
V 13160 -836333.20 -170980.45
V 13168 -836333.20 -170940.45
V 13176 -836233.70 -170940.45
V 13184 -836225.95 -170938.37
V 13192 -836220.28 -170932.70
V 13200 -836218.20 -170924.95
V 13208 -836218.20 -170853.95
V 13216 -836220.28 -170846.20
V 13224 -836225.95 -170840.53
V 13232 -836233.70 -170838.45
V 13240 -836333.20 -170838.45
V 13248 -836333.20 -170798.45
V 13256 -836233.70 -170798.45
V 13264 -836225.95 -170796.37
V 13272 -836220.28 -170790.70
V 13280 -836218.20 -170782.95
V 13288 -836218.20 -170711.95
V 13296 -836220.28 -170704.20
V 13304 -836225.95 -170698.53
V 13312 -836233.70 -170696.45
V 13320 -836333.20 -170696.45
V 13328 -836333.20 -170656.45
V 13336 -836233.70 -170656.45
V 13344 -836225.95 -170654.37
V 13352 -836220.28 -170648.70
V 13360 -836218.20 -170640.95
V 13368 -836218.20 -170569.95
V 13376 -836220.28 -170562.20
V 13384 -836225.95 -170556.53
V 13392 -836233.70 -170554.45
V 13400 -836333.20 -170554.45
V 13408 -836333.20 -170514.45
V 13416 -836233.70 -170514.45
V 13424 -836225.95 -170512.37
V 13432 -836220.28 -170506.70
V 13440 -836218.20 -170498.95
V 13448 -836218.20 -170427.95
V 13456 -836220.28 -170420.20
V 13464 -836225.95 -170414.53
V 13472 -836233.70 -170412.45
V 13480 -836333.20 -170412.45
V 13488 -836333.20 -170372.45
V 13496 -836233.70 -170372.45
V 13504 -836225.95 -170370.37
V 13512 -836220.28 -170364.70
V 13520 -836218.20 -170356.95
V 13528 -836218.20 -170285.95
V 13536 -836220.28 -170278.20
V 13544 -836225.95 -170272.53
V 13552 -836233.70 -170270.45
V 13560 -836333.20 -170270.45
V 13568 -836333.20 -170230.45
V 13576 -836233.70 -170230.45
V 13584 -836225.95 -170228.37
V 13592 -836220.28 -170222.70
V 13600 -836218.20 -170214.95
V 13608 -836218.20 -170143.95
V 13616 -836220.28 -170136.20
V 13624 -836225.95 -170130.53
V 13632 -836233.70 -170128.45
V 13640 -836333.20 -170128.45
V 13648 -836333.20 -170088.45
V 13656 -836233.70 -170088.45
V 13664 -836225.95 -170086.37
V 13672 -836220.28 -170080.70
V 13680 -836218.20 -170072.95
V 13688 -836218.20 -170001.95
V 13696 -836220.28 -169994.20
V 13704 -836225.95 -169988.53
V 13712 -836233.70 -169986.45
V 13720 -836333.20 -169986.45
V 13728 -836333.20 -169946.45
V 13736 -836233.70 -169946.45
V 13744 -836225.95 -169944.37
V 13752 -836220.28 -169938.70
V 13760 -836218.20 -169930.95
V 13768 -836218.20 -169859.95
V 13776 -836220.28 -169852.20
V 13784 -836225.95 -169846.53
V 13792 -836233.70 -169844.45
V 13800 -836333.20 -169844.45
V 13808 -836333.20 -169804.45
V 13816 -836233.70 -169804.45
V 13824 -836225.95 -169802.37
V 13832 -836220.28 -169796.70
V 13840 -836218.20 -169788.95
V 13848 -836218.20 -169717.95
V 13856 -836220.28 -169710.20
V 13864 -836225.95 -169704.53
V 13872 -836233.70 -169702.45
V 13880 -836333.20 -169702.45
V 13888 -836333.20 -169662.45
V 13896 -836233.70 -169662.45
V 13904 -836225.95 -169660.37
V 13912 -836220.28 -169654.70
V 13920 -836218.20 -169646.95
V 13928 -836218.20 -169575.95
V 13936 -836220.28 -169568.20
V 13944 -836225.95 -169562.53
V 13952 -836233.70 -169560.45
V 13960 -836333.20 -169560.45
V 13968 -836333.20 -169520.45
V 13976 -836233.70 -169520.45
V 13984 -836225.95 -169518.37
V 13992 -836220.28 -169512.70
V 14000 -836218.20 -169504.95
V 14008 -836218.20 -169433.95
V 14016 -836220.28 -169426.20
V 14024 -836225.95 -169420.53
V 14032 -836233.70 -169418.45
V 14040 -836333.20 -169418.45
V 14048 -836333.20 -169378.45
V 14056 -836233.70 -169378.45
V 14064 -836225.95 -169376.37
V 14072 -836220.28 -169370.70
V 14080 -836218.20 -169362.95
V 14088 -836218.20 -169291.95
V 14096 -836220.28 -169284.20
V 14104 -836225.95 -169278.53
V 14112 -836233.70 -169276.45
V 14120 -836333.20 -169276.45
V 14128 -836333.20 -169236.45
V 14136 -836233.70 -169236.45
V 14144 -836225.95 -169234.37
V 14152 -836220.28 -169228.70
V 14160 -836218.20 -169220.95
V 14168 -836218.20 -169149.95
V 14176 -836220.28 -169142.20
V 14184 -836225.95 -169136.53
V 14192 -836233.70 -169134.45
V 14200 -836333.20 -169134.45
V 14208 -836333.20 -169094.45
V 14216 -836233.70 -169094.45
V 14224 -836225.95 -169092.37
V 14232 -836220.28 -169086.70
V 14240 -836218.20 -169078.95
V 14248 -836218.20 -169007.95
V 14256 -836220.28 -169000.20
V 14264 -836225.95 -168994.53
V 14272 -836233.70 -168992.45
V 14280 -836333.20 -168992.45
V 14288 -836333.20 -168952.45
V 14296 -836233.70 -168952.45
V 14304 -836225.95 -168950.37
V 14312 -836220.28 -168944.70
V 14320 -836218.20 -168936.95
V 14328 -836218.20 -168865.95
V 14336 -836220.28 -168858.20
V 14344 -836225.95 -168852.53
V 14352 -836233.70 -168850.45
V 14360 -836333.20 -168850.45
V 14368 -836333.20 -168810.45
V 14376 -836233.70 -168810.45
V 14384 -836225.95 -168808.37
V 14392 -836220.28 -168802.70
V 14400 -836218.20 -168794.95
V 14408 -836218.20 -168723.95
V 14416 -836220.28 -168716.20
V 14424 -836225.95 -168710.53
V 14432 -836233.70 -168708.45
V 14440 -836333.20 -168708.45
V 14448 -836333.20 -168668.45
V 14456 -836233.70 -168668.45
V 14464 -836225.95 -168666.37
V 14472 -836220.28 -168660.70
V 14480 -836218.20 -168652.95
V 14488 -836218.20 -168581.95
V 14496 -836220.28 -168574.20
V 14504 -836225.95 -168568.53
V 14512 -836233.70 -168566.45
V 14520 -836333.20 -168566.45
V 14528 -836333.20 -168526.45
V 14536 -836233.70 -168526.45
V 14544 -836225.95 -168524.37
V 14552 -836220.28 -168518.70
V 14560 -836218.20 -168510.95
V 14568 -836218.20 -168439.95
V 14576 -836220.28 -168432.20
V 14584 -836225.95 -168426.53
V 14592 -836233.70 -168424.45
V 14600 -836333.20 -168424.45
V 14608 -836333.20 -168384.45
V 14616 -836233.70 -168384.45
V 14624 -836225.95 -168382.37
V 14632 -836220.28 -168376.70
V 14640 -836218.20 -168368.95
V 14648 -836218.20 -168297.95
V 14656 -836220.28 -168290.20
V 14664 -836225.95 -168284.53
V 14672 -836233.70 -168282.45
V 14680 -836333.20 -168282.45
V 14688 -836333.20 -168242.45
V 14696 -836233.70 -168242.45
V 14704 -836225.95 -168240.37
V 14712 -836220.28 -168234.70
V 14720 -836218.20 -168226.95
V 14728 -836218.20 -168155.95
V 14736 -836220.28 -168148.20
V 14744 -836225.95 -168142.53
V 14752 -836233.70 -168140.45
V 14760 -836333.20 -168140.45
V 14768 -836333.20 -168100.45
V 14776 -836233.70 -168100.45
V 14784 -836225.95 -168098.37
V 14792 -836220.28 -168092.70
V 14800 -836218.20 -168084.95
V 14808 -836218.20 -168013.95
V 14816 -836220.28 -168006.20
V 14824 -836225.95 -168000.53
V 14832 -836233.70 -167998.45
V 14840 -836333.20 -167998.45
V 14848 -836333.20 -167958.45
V 14856 -836233.70 -167958.45
V 14864 -836225.95 -167956.37
V 14872 -836220.28 -167950.70
V 14880 -836218.20 -167942.95
V 14888 -836218.20 -167871.95
V 14896 -836220.28 -167864.20
V 14904 -836225.95 -167858.53
V 14912 -836233.70 -167856.45
V 14920 -836333.20 -167856.45
V 14928 -836333.20 -167816.45
V 14936 -836233.70 -167816.45
V 14944 -836225.95 -167814.37
V 14952 -836220.28 -167808.70
V 14960 -836218.20 -167800.95
V 14968 -836218.20 -167729.95
V 14976 -836220.28 -167722.20
V 14984 -836225.95 -167716.53
V 14992 -836233.70 -167714.45
V 15000 -836333.20 -167714.45
V 15008 -836333.20 -167674.45
V 15016 -836233.70 -167674.45
V 15024 -836225.95 -167672.37
V 15032 -836220.28 -167666.70
V 15040 -836218.20 -167658.95
V 15048 -836218.20 -167587.95
V 15056 -836220.28 -167580.20
V 15064 -836225.95 -167574.53
V 15072 -836233.70 -167572.45
V 15080 -836333.20 -167572.45
V 15088 -836333.20 -167532.45
V 15096 -836233.70 -167532.45
V 15104 -836225.95 -167530.37
V 15112 -836220.28 -167524.70
V 15120 -836218.20 -167516.95
V 15128 -836218.20 -167445.95
V 15136 -836220.28 -167438.20
V 15144 -836225.95 -167432.53
V 15152 -836233.70 -167430.45
V 15160 -836333.20 -167430.45
V 15168 -836333.20 -167390.45
V 15176 -836233.70 -167390.45
V 15184 -836225.95 -167388.37
V 15192 -836220.28 -167382.70
V 15200 -836218.20 -167374.95
V 15208 -836218.20 -167303.95
V 15216 -836220.28 -167296.20
V 15224 -836225.95 -167290.53
V 15232 -836233.70 -167288.45
V 15240 -836333.20 -167288.45
V 15248 -836333.20 -167248.45
V 15256 -836233.70 -167248.45
V 15264 -836225.95 -167246.37
V 15272 -836220.28 -167240.70
V 15280 -836218.20 -167232.95
V 15288 -836218.20 -167161.95
V 15296 -836220.28 -167154.20
V 15304 -836225.95 -167148.53
V 15312 -836233.70 -167146.45
V 15320 -836333.20 -167146.45
V 15328 -836333.20 -167106.45
V 15336 -836233.70 -167106.45
V 15344 -836225.95 -167104.37
V 15352 -836220.28 -167098.70
V 15360 -836218.20 -167090.95
V 15368 -836218.20 -167019.95
V 15376 -836220.28 -167012.20
V 15384 -836225.95 -167006.53
V 15392 -836233.70 -167004.45
V 15400 -836333.20 -167004.45
V 15408 -836333.20 -166964.45
V 15416 -836233.70 -166964.45
V 15424 -836225.95 -166962.37
V 15432 -836220.28 -166956.70
V 15440 -836218.20 -166948.95
V 15448 -836218.20 -166877.95
V 15456 -836220.28 -166870.20
V 15464 -836225.95 -166864.53
V 15472 -836233.70 -166862.45
V 15480 -836333.20 -166862.45
V 15488 -836333.20 -166822.45
V 15496 -836233.70 -166822.45
V 15504 -836225.95 -166820.37
V 15512 -836220.28 -166814.70
V 15520 -836218.20 -166806.95
V 15528 -836218.20 -166735.95
V 15536 -836220.28 -166728.20
V 15544 -836225.95 -166722.53
V 15552 -836233.70 -166720.45
V 15560 -836333.20 -166720.45
V 15568 -836333.20 -166680.45
V 15576 -836233.70 -166680.45
V 15584 -836225.95 -166678.37
V 15592 -836220.28 -166672.70
V 15600 -836218.20 -166664.95
V 15608 -836218.20 -166593.95
V 15616 -836220.28 -166586.20
V 15624 -836225.95 -166580.53
V 15632 -836233.70 -166578.45
V 15640 -836333.20 -166578.45
V 15648 -836333.20 -166538.45
V 15656 -836233.70 -166538.45
V 15664 -836225.95 -166536.37
V 15672 -836220.28 -166530.70
V 15680 -836218.20 -166522.95
V 15688 -836218.20 -166451.95
V 15696 -836220.28 -166444.20
V 15704 -836225.95 -166438.53
V 15712 -836233.70 -166436.45
V 15720 -836333.20 -166436.45
V 15728 -836333.20 -166396.45
V 15736 -836233.70 -166396.45
V 15744 -836225.95 -166394.37
V 15752 -836220.28 -166388.70
V 15760 -836218.20 -166380.95
V 15768 -836218.20 -166309.95
V 15776 -836220.28 -166302.20
V 15784 -836225.95 -166296.53
V 15792 -836233.70 -166294.45
V 15800 -836333.20 -166294.45
V 15808 -836333.20 -166254.45
V 15816 -836233.70 -166254.45
V 15824 -836225.95 -166252.37
V 15832 -836220.28 -166246.70
V 15840 -836218.20 -166238.95
V 15848 -836218.20 -166167.95
V 15856 -836220.28 -166160.20
V 15864 -836225.95 -166154.53
V 15872 -836233.70 -166152.45
V 15880 -836333.20 -166152.45
V 15888 -836333.20 -166112.45
V 15896 -836233.70 -166112.45
V 15904 -836225.95 -166110.37
V 15912 -836220.28 -166104.70
V 15920 -836218.20 -166096.95
V 15928 -836218.20 -166025.95
