V 0 -685153.31 -204523.08
V 8 -685156.95 -204518.04
V 16 -685162.33 -204514.91
V 24 -685569.65 -204380.90
V 32 -688320.75 -203207.50
V 40 -689815.30 -202408.64
V 48 -690239.92 -202069.72
V 56 -690240.04 -202069.62
V 64 -690240.47 -202069.30
V 72 -690240.91 -202068.98
V 80 -690241.77 -202068.44
V 88 -690241.80 -202068.43
V 96 -690241.86 -202068.39
V 104 -691529.94 -201318.44
V 112 -691813.23 -201093.93
V 120 -691813.27 -201093.91
V 128 -691813.69 -201093.59
V 136 -691814.13 -201093.27
V 144 -691814.99 -201092.73
V 152 -691815.02 -201092.72
V 160 -691815.08 -201092.68
V 168 -693117.98 -200333.97
V 176 -693401.41 -200109.35
V 184 -693401.45 -200109.33
V 192 -693401.87 -200109.01
V 200 -693402.31 -200108.69
V 208 -693403.17 -200108.15
V 216 -693403.20 -200108.14
V 224 -693403.26 -200108.10
V 232 -694705.60 -199349.71
V 240 -694989.15 -199125.00
V 248 -694989.19 -199124.98
V 256 -694989.61 -199124.66
V 264 -694990.05 -199124.34
V 272 -694990.91 -199123.80
V 280 -694990.94 -199123.79
V 288 -694991.00 -199123.75
V 296 -697058.49 -197919.80
V 304 -697910.30 -196939.17
V 312 -697910.52 -196938.90
V 320 -697910.89 -196938.50
V 328 -697911.27 -196938.12
V 336 -697911.66 -196937.75
V 344 -697911.69 -196937.72
V 352 -698990.18 -195957.33
V 360 -699147.25 -195747.53
V 368 -699147.27 -195747.51
V 376 -699147.32 -195747.44
V 384 -699147.65 -195747.02
V 392 -699148.00 -195746.60
V 400 -699148.37 -195746.20
V 408 -699148.75 -195745.82
V 416 -699149.14 -195745.45
V 424 -699149.19 -195745.40
V 432 -699975.43 -194996.82
V 440 -700137.04 -194780.86
V 448 -700137.06 -194780.84
V 456 -700137.11 -194780.77
V 464 -700137.44 -194780.35
V 472 -700137.79 -194779.93
V 480 -700138.16 -194779.53
V 488 -700138.54 -194779.15
V 496 -700138.93 -194778.78
V 504 -700138.98 -194778.73
V 512 -700964.53 -194030.77
V 520 -701126.17 -193814.79
V 528 -701126.19 -193814.77
V 536 -701126.24 -193814.70
V 544 -701126.57 -193814.28
V 552 -701126.92 -193813.86
V 560 -701127.29 -193813.46
V 568 -701127.67 -193813.08
V 576 -701128.06 -193812.71
V 584 -701128.11 -193812.66
V 592 -701953.80 -193064.58
V 600 -702115.56 -192848.43
V 608 -702115.58 -192848.41
V 616 -702115.63 -192848.34
V 624 -702115.96 -192847.92
V 632 -702116.31 -192847.50
V 640 -702116.68 -192847.10
V 648 -702117.06 -192846.72
V 656 -702117.45 -192846.35
V 664 -702117.50 -192846.30
V 672 -702942.97 -192098.42
V 680 -703104.67 -191882.35
V 688 -703104.69 -191882.33
V 696 -703104.74 -191882.26
V 704 -703105.07 -191881.84
V 712 -703105.42 -191881.42
V 720 -703105.79 -191881.02
V 728 -703106.17 -191880.64
V 736 -703106.56 -191880.27
V 744 -703106.61 -191880.22
V 752 -704114.76 -190966.83
V 760 -704767.50 -189984.36
V 768 -704767.81 -189983.91
V 776 -705779.40 -188576.05
V 784 -705859.04 -188386.44
V 792 -705859.06 -188386.40
V 800 -705859.26 -188385.95
V 808 -705859.49 -188385.46
V 816 -705859.75 -188384.99
V 824 -705860.02 -188384.52
V 832 -705860.30 -188384.06
V 840 -705860.61 -188383.61
V 848 -705860.70 -188383.49
V 856 -705860.72 -188383.45
V 864 -706394.46 -187646.72
V 872 -706480.62 -187441.43
V 880 -706480.84 -187440.93
V 888 -706481.07 -187440.44
V 896 -706481.33 -187439.97
V 904 -706481.60 -187439.50
V 912 -706481.88 -187439.04
V 920 -706482.19 -187438.59
V 928 -706482.28 -187438.47
V 936 -706482.30 -187438.43
V 944 -707015.55 -186702.41
V 952 -707101.72 -186497.07
V 960 -707101.94 -186496.57
V 968 -707102.17 -186496.08
V 976 -707102.43 -186495.61
V 984 -707102.70 -186495.14
V 992 -707102.98 -186494.68
V 1000 -707103.29 -186494.23
V 1008 -707103.38 -186494.11
V 1016 -707103.40 -186494.07
V 1024 -707636.53 -185758.21
V 1032 -707722.71 -185552.87
V 1040 -707722.93 -185552.37
V 1048 -707723.16 -185551.88
V 1056 -707723.42 -185551.41
V 1064 -707723.69 -185550.94
V 1072 -707723.97 -185550.48
V 1080 -707724.28 -185550.03
V 1088 -707724.37 -185549.91
V 1096 -707724.39 -185549.87
V 1104 -708257.52 -184814.01
V 1112 -708343.69 -184608.66
V 1120 -708343.91 -184608.16
V 1128 -708344.14 -184607.67
V 1136 -708344.40 -184607.20
V 1144 -708344.67 -184606.73
V 1152 -708344.95 -184606.27
V 1160 -708345.26 -184605.82
V 1168 -708345.35 -184605.70
V 1176 -708345.37 -184605.66
V 1184 -708878.50 -183869.80
V 1192 -708964.68 -183664.45
V 1200 -708964.90 -183663.95
V 1208 -708965.13 -183663.46
V 1216 -708965.39 -183662.99
V 1224 -708965.66 -183662.52
V 1232 -708965.94 -183662.06
V 1240 -708966.25 -183661.61
V 1248 -708966.34 -183661.49
V 1256 -708966.36 -183661.45
V 1264 -709303.62 -183195.95
V 1272 -710643.83 -180688.58
V 1280 -710722.02 -180219.91
V 1288 -710722.03 -180219.87
V 1296 -710722.06 -180219.69
V 1304 -710722.17 -180219.16
V 1312 -710722.30 -180218.63
V 1320 -710722.44 -180218.11
V 1328 -710722.61 -180217.59
V 1336 -710722.79 -180217.08
V 1344 -710722.99 -180216.58
V 1352 -710723.12 -180216.29
V 1360 -710723.13 -180216.25
V 1368 -711043.49 -179500.28
V 1376 -711076.16 -179306.76
V 1384 -711076.19 -179306.58
V 1392 -711076.30 -179306.05
V 1400 -711076.43 -179305.52
V 1408 -711076.57 -179305.00
V 1416 -711076.74 -179304.48
V 1424 -711076.92 -179303.97
V 1432 -711077.12 -179303.47
V 1440 -711077.25 -179303.18
V 1448 -711077.26 -179303.14
V 1456 -711400.74 -178580.11
V 1464 -711433.39 -178386.74
V 1472 -711433.42 -178386.56
V 1480 -711433.53 -178386.03
V 1488 -711433.66 -178385.50
V 1496 -711433.80 -178384.98
V 1504 -711433.97 -178384.46
V 1512 -711434.15 -178383.95
V 1520 -711434.35 -178383.45
V 1528 -711434.48 -178383.16
V 1536 -711434.49 -178383.12
V 1544 -711758.07 -177659.91
V 1552 -711790.71 -177466.51
V 1560 -711790.74 -177466.33
V 1568 -711790.85 -177465.80
V 1576 -711790.98 -177465.27
V 1584 -711791.12 -177464.75
V 1592 -711791.29 -177464.23
V 1600 -711791.47 -177463.72
V 1608 -711791.67 -177463.22
V 1616 -711791.80 -177462.93
V 1624 -711791.81 -177462.89
V 1632 -712115.23 -176740.03
V 1640 -712147.89 -176546.58
V 1648 -712147.92 -176546.40
V 1656 -712148.03 -176545.87
V 1664 -712148.16 -176545.34
V 1672 -712148.30 -176544.82
V 1680 -712148.47 -176544.30
V 1688 -712148.65 -176543.79
V 1696 -712148.85 -176543.29
V 1704 -712148.98 -176543.00
V 1712 -712148.99 -176542.96
V 1720 -712472.48 -175819.93
V 1728 -712505.12 -175626.57
V 1736 -712505.15 -175626.39
V 1744 -712505.26 -175625.86
V 1752 -712505.39 -175625.33
V 1760 -712505.53 -175624.81
V 1768 -712505.70 -175624.29
V 1776 -712505.88 -175623.78
V 1784 -712506.08 -175623.28
V 1792 -712506.21 -175622.99
V 1800 -712506.22 -175622.95
V 1808 -712829.80 -174899.74
V 1816 -712862.44 -174706.34
V 1824 -712862.47 -174706.16
V 1832 -712862.58 -174705.63
V 1840 -712862.71 -174705.10
V 1848 -712862.85 -174704.58
V 1856 -712863.02 -174704.06
V 1864 -712863.20 -174703.55
V 1872 -712863.40 -174703.05
V 1880 -712863.53 -174702.76
V 1888 -712863.54 -174702.72
V 1896 -713186.96 -173979.86
V 1904 -713219.62 -173786.41
V 1912 -713219.65 -173786.23
V 1920 -713219.76 -173785.70
V 1928 -713219.89 -173785.17
V 1936 -713220.03 -173784.65
V 1944 -713220.20 -173784.13
V 1952 -713220.38 -173783.62
V 1960 -713220.58 -173783.12
V 1968 -713220.71 -173782.83
V 1976 -713220.72 -173782.79
V 1984 -713782.15 -172527.92
V 1992 -713782.15 -171649.33
V 2000 -713782.16 -171648.79
V 2008 -713782.19 -171648.25
V 2016 -713782.24 -171647.71
V 2024 -713782.31 -171647.17
V 2032 -713782.39 -171646.64
V 2040 -713782.50 -171646.11
V 2048 -713782.70 -171645.30
V 2056 -713938.41 -171054.76
V 2064 -713938.41 -170719.17
V 2072 -713938.42 -170718.63
V 2080 -713938.45 -170718.09
V 2088 -713938.50 -170717.55
V 2096 -713938.57 -170717.01
V 2104 -713938.65 -170716.48
V 2112 -713938.76 -170715.95
V 2120 -713938.96 -170715.14
V 2128 -714086.86 -170154.26
V 2136 -714086.86 -169818.56
V 2144 -714086.87 -169818.02
V 2152 -714086.90 -169817.48
V 2160 -714086.95 -169816.94
V 2168 -714087.02 -169816.40
V 2176 -714087.10 -169815.87
V 2184 -714087.21 -169815.34
V 2192 -714087.41 -169814.53
V 2200 -714235.30 -169253.65
V 2208 -714235.30 -168918.00
V 2216 -714235.31 -168917.46
V 2224 -714235.34 -168916.92
V 2232 -714235.39 -168916.38
V 2240 -714235.46 -168915.84
V 2248 -714235.54 -168915.31
V 2256 -714235.65 -168914.78
V 2264 -714235.85 -168913.97
V 2272 -714383.74 -168353.09
V 2280 -714383.74 -168017.44
V 2288 -714383.75 -168016.90
V 2296 -714383.78 -168016.36
V 2304 -714383.83 -168015.82
V 2312 -714383.90 -168015.28
V 2320 -714383.98 -168014.75
V 2328 -714384.09 -168014.22
V 2336 -714384.29 -168013.41
V 2344 -714532.18 -167452.54
V 2352 -714532.18 -167116.89
V 2360 -714532.19 -167116.35
V 2368 -714532.22 -167115.81
V 2376 -714532.27 -167115.27
V 2384 -714532.34 -167114.73
V 2392 -714532.42 -167114.20
V 2400 -714532.53 -167113.67
V 2408 -714532.73 -167112.86
V 2416 -714680.62 -166551.98
V 2424 -714680.62 -166216.33
V 2432 -714680.63 -166215.79
V 2440 -714680.66 -166215.25
V 2448 -714680.71 -166214.71
V 2456 -714680.78 -166214.17
V 2464 -714680.86 -166213.64
V 2472 -714680.97 -166213.11
V 2480 -714681.17 -166212.30
V 2488 -714829.06 -165651.42
V 2496 -714829.06 -165315.77
V 2504 -714829.07 -165315.23
V 2512 -714829.10 -165314.69
V 2520 -714829.15 -165314.15
V 2528 -714829.22 -165313.61
V 2536 -714829.30 -165313.08
V 2544 -714829.41 -165312.55
V 2552 -714829.61 -165311.74
V 2560 -714977.50 -164750.87
V 2568 -714977.50 -164415.27
V 2576 -714977.51 -164414.73
V 2584 -714977.54 -164414.19
V 2592 -714977.59 -164413.65
V 2600 -714977.66 -164413.11
V 2608 -714977.74 -164412.58
V 2616 -714977.85 -164412.05
V 2624 -714978.05 -164411.24
V 2632 -715125.95 -163850.35
V 2640 -715125.95 -162599.22
V 2648 -715125.96 -162598.68
V 2656 -715125.97 -162598.56
V 2664 -715134.45 -162300.76
V 2672 -715134.45 -160026.20
V 2680 -715105.26 -159992.48
V 2688 -715102.54 -159987.90
V 2696 -715101.60 -159982.66
V 2704 -715101.60 -159185.93
V 2712 -715072.40 -159152.20
V 2720 -715069.68 -159147.62
V 2728 -715068.74 -159142.38
V 2736 -715068.74 -158345.66
V 2744 -715039.54 -158311.93
V 2752 -715036.82 -158307.35
V 2760 -715035.88 -158302.11
V 2768 -715035.88 -157505.73
V 2776 -715006.69 -157472.00
V 2784 -715003.97 -157467.42
V 2792 -715003.03 -157462.18
V 2800 -715003.03 -156665.12
V 2808 -714973.83 -156631.38
V 2816 -714971.11 -156626.80
V 2824 -714970.17 -156621.56
V 2832 -714970.17 -155825.17
V 2840 -714940.98 -155791.44
V 2848 -714938.26 -155786.86
V 2856 -714937.32 -155781.62
V 2864 -714937.32 -154984.58
V 2872 -714908.12 -154950.84
V 2880 -714905.40 -154946.26
V 2888 -714904.46 -154941.02
V 2896 -714904.46 -154144.61
V 2904 -714875.27 -154110.88
V 2912 -714872.55 -154106.30
V 2920 -714871.61 -154101.06
V 2928 -714871.61 -153304.03
V 2936 -714721.17 -153130.23
V 2944 -714718.73 -153126.33
V 2952 -714717.58 -153121.88
V 2960 -714667.46 -152612.98
V 2968 -714499.20 -152352.84
V 2976 -714499.19 -152352.82
V 2984 -714498.95 -152352.42
V 2992 -714498.68 -152351.95
V 3000 -714498.42 -152351.48
V 3008 -714498.19 -152350.99
V 3016 -714497.97 -152350.49
V 3024 -714497.77 -152349.99
V 3032 -714497.59 -152349.48
V 3040 -714497.42 -152348.96
V 3048 -714497.28 -152348.44
V 3056 -714497.15 -152347.91
V 3064 -714497.04 -152347.38
V 3072 -714496.99 -152347.04
V 3080 -714496.98 -152347.02
V 3088 -714395.52 -151702.26
V 3096 -714303.72 -151553.87
V 3104 -714303.71 -151553.84
V 3112 -714303.63 -151553.71
V 3120 -714303.36 -151553.24
V 3128 -714303.10 -151552.77
V 3136 -714302.87 -151552.28
V 3144 -714302.65 -151551.78
V 3152 -714302.45 -151551.28
V 3160 -714302.27 -151550.77
V 3168 -714302.10 -151550.25
V 3176 -714301.96 -151549.73
V 3184 -714301.83 -151549.20
V 3192 -714301.72 -151548.67
V 3200 -714192.26 -150858.43
V 3208 -714101.90 -150712.24
V 3216 -714101.89 -150712.21
V 3224 -714101.81 -150712.08
V 3232 -714101.54 -150711.61
V 3240 -714101.28 -150711.14
V 3248 -714101.05 -150710.65
V 3256 -714100.83 -150710.15
V 3264 -714100.63 -150709.65
V 3272 -714100.45 -150709.14
V 3280 -714100.28 -150708.62
V 3288 -714100.14 -150708.10
V 3296 -714100.01 -150707.57
V 3304 -714099.90 -150707.04
V 3312 -713990.33 -150016.15
V 3320 -713900.00 -149869.99
V 3328 -713899.99 -149869.96
V 3336 -713899.91 -149869.83
V 3344 -713899.64 -149869.36
V 3352 -713899.38 -149868.89
V 3360 -713899.15 -149868.40
V 3368 -713898.93 -149867.90
V 3376 -713898.73 -149867.40
V 3384 -713898.55 -149866.89
V 3392 -713898.38 -149866.37
V 3400 -713898.24 -149865.85
V 3408 -713898.11 -149865.32
V 3416 -713898.00 -149864.79
V 3424 -713788.37 -149173.54
V 3432 -713698.04 -149027.41
V 3440 -713698.03 -149027.38
V 3448 -713697.95 -149027.25
V 3456 -713697.68 -149026.78
V 3464 -713697.42 -149026.31
V 3472 -713697.19 -149025.82
V 3480 -713696.97 -149025.32
V 3488 -713696.77 -149024.82
V 3496 -713696.59 -149024.31
V 3504 -713696.42 -149023.79
V 3512 -713696.28 -149023.27
V 3520 -713696.15 -149022.74
V 3528 -713696.04 -149022.21
V 3536 -713586.47 -148331.35
V 3544 -713496.14 -148185.19
V 3552 -713496.13 -148185.16
V 3560 -713496.05 -148185.03
V 3568 -713495.78 -148184.56
V 3576 -713495.52 -148184.09
V 3584 -713495.29 -148183.60
V 3592 -713495.07 -148183.10
V 3600 -713494.87 -148182.60
V 3608 -713494.69 -148182.09
V 3616 -713494.52 -148181.57
V 3624 -713494.38 -148181.05
V 3632 -713494.25 -148180.52
V 3640 -713494.14 -148179.99
V 3648 -713384.52 -147488.82
V 3656 -713294.19 -147342.68
V 3664 -713294.18 -147342.65
V 3672 -713294.10 -147342.52
V 3680 -713293.83 -147342.05
V 3688 -713293.57 -147341.58
V 3696 -713293.34 -147341.09
V 3704 -713293.12 -147340.59
V 3712 -713292.92 -147340.09
V 3720 -713292.74 -147339.58
V 3728 -713292.57 -147339.06
V 3736 -713292.43 -147338.54
V 3744 -713292.30 -147338.01
V 3752 -713292.19 -147337.48
V 3760 -713182.60 -146646.48
V 3768 -713092.28 -146500.34
V 3776 -713092.27 -146500.31
V 3784 -713092.19 -146500.18
V 3792 -713091.92 -146499.71
V 3800 -713091.66 -146499.24
V 3808 -713091.43 -146498.75
V 3816 -713091.21 -146498.25
V 3824 -713091.01 -146497.75
V 3832 -713090.83 -146497.24
V 3840 -713090.66 -146496.72
V 3848 -713090.52 -146496.20
V 3856 -713090.39 -146495.67
V 3864 -713090.28 -146495.14
V 3872 -712980.67 -145804.08
V 3880 -712890.34 -145657.92
V 3888 -712890.33 -145657.89
V 3896 -712890.25 -145657.76
V 3904 -712889.98 -145657.29
V 3912 -712889.72 -145656.82
V 3920 -712889.49 -145656.33
V 3928 -712889.27 -145655.83
V 3936 -712889.07 -145655.33
V 3944 -712888.89 -145654.82
V 3952 -712888.72 -145654.30
V 3960 -712888.58 -145653.78
V 3968 -712888.45 -145653.25
V 3976 -712888.34 -145652.72
V 3984 -712778.73 -144961.67
V 3992 -712533.53 -144564.95
V 4000 -712533.47 -144564.84
V 4008 -712533.20 -144564.37
V 4016 -712532.94 -144563.90
V 4024 -712532.71 -144563.41
V 4032 -712532.49 -144562.91
V 4040 -712532.29 -144562.41
V 4048 -712532.15 -144562.01
V 4056 -712532.12 -144561.95
V 4064 -712213.17 -143625.50
V 4072 -712063.52 -143451.36
V 4080 -712063.40 -143451.22
V 4088 -712063.18 -143450.95
V 4096 -712062.85 -143450.53
V 4104 -712062.53 -143450.09
V 4112 -712062.22 -143449.64
V 4120 -712061.94 -143449.18
V 4128 -712061.67 -143448.71
V 4136 -712061.41 -143448.24
V 4144 -712061.18 -143447.75
V 4152 -712060.96 -143447.25
V 4160 -712060.76 -143446.75
V 4168 -712060.72 -143446.63
V 4176 -711810.26 -142775.57
V 4184 -711693.91 -142638.29
V 4192 -711693.83 -142638.21
V 4200 -711693.48 -142637.79
V 4208 -711693.15 -142637.37
V 4216 -711692.83 -142636.93
V 4224 -711692.52 -142636.48
V 4232 -711692.24 -142636.02
V 4240 -711691.97 -142635.55
V 4248 -711691.71 -142635.08
V 4256 -711691.48 -142634.59
V 4264 -711691.26 -142634.09
V 4272 -711691.04 -142633.54
V 4280 -711436.39 -141951.90
V 4288 -711320.39 -141815.01
V 4296 -711320.31 -141814.93
V 4304 -711319.96 -141814.51
V 4312 -711319.63 -141814.09
V 4320 -711319.31 -141813.65
V 4328 -711319.00 -141813.20
V 4336 -711318.72 -141812.74
V 4344 -711318.45 -141812.27
V 4352 -711318.19 -141811.80
V 4360 -711317.96 -141811.31
V 4368 -711317.74 -141810.81
V 4376 -711317.52 -141810.26
V 4384 -711062.83 -141128.52
V 4392 -710946.83 -140991.64
V 4400 -710946.75 -140991.56
V 4408 -710946.40 -140991.14
V 4416 -710946.07 -140990.72
V 4424 -710945.75 -140990.28
V 4432 -710945.44 -140989.83
V 4440 -710945.16 -140989.37
V 4448 -710944.89 -140988.90
V 4456 -710944.63 -140988.43
V 4464 -710944.40 -140987.94
V 4472 -710944.18 -140987.44
V 4480 -710943.96 -140986.89
V 4488 -710689.27 -140305.14
V 4496 -710573.27 -140168.26
V 4504 -710573.19 -140168.18
V 4512 -710572.84 -140167.76
V 4520 -710572.51 -140167.34
V 4528 -710572.19 -140166.90
V 4536 -710571.88 -140166.45
V 4544 -710571.60 -140165.99
V 4552 -710571.33 -140165.52
V 4560 -710571.07 -140165.05
V 4568 -710570.84 -140164.56
V 4576 -710570.62 -140164.06
V 4584 -710570.40 -140163.51
V 4592 -710315.72 -139481.80
V 4600 -710199.72 -139344.91
V 4608 -710199.64 -139344.83
V 4616 -710199.29 -139344.41
V 4624 -710198.96 -139343.99
V 4632 -710198.64 -139343.55
V 4640 -710198.33 -139343.10
V 4648 -710198.05 -139342.64
V 4656 -710197.78 -139342.17
V 4664 -710197.52 -139341.70
V 4672 -710197.29 -139341.21
V 4680 -710197.07 -139340.71
V 4688 -710196.85 -139340.16
V 4696 -709942.16 -138658.42
V 4704 -709826.15 -138521.51
V 4712 -709826.07 -138521.43
V 4720 -709825.72 -138521.01
V 4728 -709825.39 -138520.59
V 4736 -709825.07 -138520.15
V 4744 -709824.76 -138519.70
V 4752 -709824.48 -138519.24
V 4760 -709824.21 -138518.77
V 4768 -709823.95 -138518.30
V 4776 -709823.72 -138517.81
V 4784 -709823.50 -138517.31
V 4792 -709823.28 -138516.76
V 4800 -709568.60 -137835.09
V 4808 -709452.61 -137698.19
V 4816 -709452.53 -137698.11
V 4824 -709452.18 -137697.69
V 4832 -709451.85 -137697.27
V 4840 -709451.53 -137696.83
V 4848 -709451.22 -137696.38
V 4856 -709450.94 -137695.92
V 4864 -709450.67 -137695.45
V 4872 -709450.41 -137694.98
V 4880 -709450.18 -137694.49
V 4888 -709449.96 -137693.99
V 4896 -709449.74 -137693.44
V 4904 -709267.43 -137205.48
V 4912 -708515.36 -135902.26
V 4920 -708342.19 -135750.52
V 4928 -708342.16 -135750.49
V 4936 -708341.96 -135750.31
V 4944 -708341.57 -135749.94
V 4952 -708341.19 -135749.56
V 4960 -708340.82 -135749.16
V 4968 -708340.47 -135748.74
V 4976 -708340.14 -135748.32
V 4984 -708339.82 -135747.88
V 4992 -708339.51 -135747.43
V 5000 -708339.35 -135747.16
V 5008 -708339.32 -135747.13
V 5016 -707925.54 -135077.52
V 5024 -707778.89 -134947.78
V 5032 -707778.50 -134947.41
V 5040 -707778.12 -134947.03
V 5048 -707777.75 -134946.63
V 5056 -707777.40 -134946.21
V 5064 -707777.07 -134945.79
V 5072 -707776.75 -134945.35
V 5080 -707776.44 -134944.90
V 5088 -707776.28 -134944.63
V 5096 -707776.25 -134944.60
V 5104 -707359.58 -134270.61
V 5112 -707213.11 -134141.01
V 5120 -707212.72 -134140.64
V 5128 -707212.34 -134140.26
V 5136 -707211.97 -134139.86
V 5144 -707211.62 -134139.44
V 5152 -707211.29 -134139.02
V 5160 -707210.97 -134138.58
V 5168 -707210.66 -134138.13
V 5176 -707210.50 -134137.86
V 5184 -707210.47 -134137.83
V 5192 -706793.74 -133463.74
V 5200 -706647.27 -133334.14
V 5208 -706646.88 -133333.77
V 5216 -706646.50 -133333.39
V 5224 -706646.13 -133332.99
V 5232 -706645.78 -133332.57
V 5240 -706645.45 -133332.15
V 5248 -706645.13 -133331.71
V 5256 -706644.82 -133331.26
V 5264 -706644.66 -133330.99
V 5272 -706644.63 -133330.96
V 5280 -706227.92 -132656.91
V 5288 -706081.43 -132527.30
V 5296 -706081.04 -132526.93
V 5304 -706080.66 -132526.55
V 5312 -706080.29 -132526.15
V 5320 -706079.94 -132525.73
V 5328 -706079.61 -132525.31
V 5336 -706079.29 -132524.87
V 5344 -706078.98 -132524.42
V 5352 -706078.82 -132524.15
V 5360 -706078.79 -132524.12
V 5368 -705662.10 -131850.09
V 5376 -705515.63 -131720.49
V 5384 -705515.24 -131720.12
V 5392 -705514.86 -131719.74
V 5400 -705514.49 -131719.34
V 5408 -705514.14 -131718.92
V 5416 -705513.81 -131718.50
V 5424 -705513.49 -131718.06
V 5432 -705513.18 -131717.61
V 5440 -705513.02 -131717.34
V 5448 -705512.99 -131717.31
V 5456 -705096.26 -131043.23
V 5464 -704949.79 -130913.63
V 5472 -704949.40 -130913.26
V 5480 -704949.02 -130912.88
V 5488 -704948.65 -130912.48
V 5496 -704948.30 -130912.06
V 5504 -704947.97 -130911.64
V 5512 -704947.65 -130911.20
V 5520 -704947.34 -130910.75
V 5528 -704947.18 -130910.48
V 5536 -704947.15 -130910.45
V 5544 -704303.17 -129868.75
V 5552 -703839.13 -129303.30
V 5560 -703620.71 -129160.21
V 5568 -703620.69 -129160.19
V 5576 -703620.51 -129160.08
V 5584 -703620.07 -129159.76
V 5592 -703619.64 -129159.44
V 5600 -703619.22 -129159.09
V 5608 -703618.81 -129158.73
V 5616 -703618.42 -129158.36
V 5624 -703618.04 -129157.98
V 5632 -703003.89 -128492.76
V 5640 -702818.53 -128369.78
V 5648 -702818.34 -128369.66
V 5656 -702817.90 -128369.34
V 5664 -702817.47 -128369.02
V 5672 -702817.05 -128368.67
V 5680 -702816.64 -128368.31
V 5688 -702816.25 -128367.94
V 5696 -702815.87 -128367.56
V 5704 -702199.13 -127699.75
V 5712 -702013.85 -127576.81
V 5720 -702013.66 -127576.69
V 5728 -702013.22 -127576.37
V 5736 -702012.79 -127576.05
V 5744 -702012.37 -127575.70
V 5752 -702011.96 -127575.34
V 5760 -702011.57 -127574.97
V 5768 -702011.19 -127574.59
V 5776 -701394.43 -126906.75
V 5784 -701209.15 -126783.83
V 5792 -701208.96 -126783.71
V 5800 -701208.52 -126783.39
V 5808 -701208.09 -126783.07
V 5816 -701207.67 -126782.72
V 5824 -701207.26 -126782.36
V 5832 -701206.87 -126781.99
V 5840 -701206.49 -126781.61
V 5848 -700589.77 -126113.80
V 5856 -700404.47 -125990.87
V 5864 -700404.28 -125990.75
V 5872 -700403.84 -125990.43
V 5880 -700403.41 -125990.11
V 5888 -700402.99 -125989.76
V 5896 -700402.58 -125989.40
V 5904 -700402.19 -125989.03
V 5912 -700401.81 -125988.65
V 5920 -699785.09 -125320.83
V 5928 -699599.79 -125197.90
V 5936 -699599.60 -125197.78
V 5944 -699599.16 -125197.46
V 5952 -699598.73 -125197.14
V 5960 -699598.31 -125196.79
V 5968 -699597.90 -125196.43
V 5976 -699597.51 -125196.06
V 5984 -699597.13 -125195.68
V 5992 -698980.41 -124527.86
V 6000 -698795.11 -124404.93
V 6008 -698794.92 -124404.81
V 6016 -698794.48 -124404.49
V 6024 -698794.05 -124404.17
V 6032 -698793.63 -124403.82
V 6040 -698793.22 -124403.46
V 6048 -698792.83 -124403.09
V 6056 -698792.45 -124402.71
V 6064 -698175.73 -123734.89
V 6072 -697968.75 -123597.57
V 6080 -697968.56 -123597.45
V 6088 -697968.12 -123597.13
V 6096 -697967.69 -123596.81
V 6104 -697967.56 -123596.70
V 6112 -697967.53 -123596.68
V 6120 -697131.33 -122918.14
V 6128 -696881.31 -122797.75
V 6136 -696880.94 -122797.58
V 6144 -696880.45 -122797.33
V 6152 -696879.98 -122797.07
V 6160 -696879.52 -122796.79
V 6168 -696879.06 -122796.50
V 6176 -696878.62 -122796.18
V 6184 -696878.56 -122796.14
V 6192 -695983.58 -122133.71
V 6200 -695740.48 -122015.88
V 6208 -695739.99 -122015.63
V 6216 -695739.52 -122015.37
V 6224 -695739.06 -122015.09
V 6232 -695738.60 -122014.80
V 6240 -695738.16 -122014.48
V 6248 -695738.10 -122014.44
V 6256 -694842.79 -121351.84
V 6264 -694599.70 -121234.01
V 6272 -694599.21 -121233.76
V 6280 -694598.74 -121233.50
V 6288 -694598.28 -121233.22
V 6296 -694597.82 -121232.93
V 6304 -694597.38 -121232.61
V 6312 -694597.32 -121232.57
V 6320 -693716.26 -120580.51
V 6328 -690814.42 -120580.51
V 6336 -690814.42 -120550.51
V 6344 -693721.21 -120550.51
V 6352 -693725.91 -120551.26
V 6360 -693730.13 -120553.45
V 6368 -694614.04 -121207.62
V 6376 -694857.13 -121325.45
V 6384 -694857.62 -121325.70
V 6392 -694858.09 -121325.96
V 6400 -694858.55 -121326.24
V 6408 -694859.01 -121326.53
V 6416 -694859.45 -121326.85
V 6424 -694859.51 -121326.89
V 6432 -695754.82 -121989.49
V 6440 -695997.92 -122107.32
V 6448 -695998.41 -122107.57
V 6456 -695998.88 -122107.83
V 6464 -695999.34 -122108.11
V 6472 -695999.80 -122108.40
V 6480 -696000.24 -122108.72
V 6488 -696000.30 -122108.76
V 6496 -696895.28 -122771.19
V 6504 -697145.60 -122891.73
V 6512 -697145.97 -122891.90
V 6520 -697146.46 -122892.15
V 6528 -697146.93 -122892.41
V 6536 -697147.39 -122892.69
V 6544 -697147.85 -122892.98
V 6552 -697148.29 -122893.30
V 6560 -697148.72 -122893.62
V 6568 -697148.86 -122893.74
V 6576 -697148.88 -122893.75
V 6584 -697985.89 -123572.94
V 6592 -698193.77 -123710.86
V 6600 -698193.96 -123710.98
V 6608 -698194.40 -123711.30
V 6616 -698194.83 -123711.62
V 6624 -698195.25 -123711.97
V 6632 -698195.66 -123712.33
V 6640 -698196.05 -123712.70
V 6648 -698196.43 -123713.08
V 6656 -698813.15 -124380.90
V 6664 -698998.45 -124503.83
V 6672 -698998.64 -124503.95
V 6680 -698999.08 -124504.27
V 6688 -698999.51 -124504.59
V 6696 -698999.93 -124504.94
V 6704 -699000.34 -124505.30
V 6712 -699000.73 -124505.67
V 6720 -699001.11 -124506.05
V 6728 -699617.83 -125173.87
V 6736 -699803.13 -125296.80
V 6744 -699803.32 -125296.92
V 6752 -699803.76 -125297.24
V 6760 -699804.19 -125297.56
V 6768 -699804.61 -125297.91
V 6776 -699805.02 -125298.27
V 6784 -699805.41 -125298.64
V 6792 -699805.79 -125299.02
V 6800 -700422.51 -125966.84
V 6808 -700607.81 -126089.77
V 6816 -700608.00 -126089.89
V 6824 -700608.44 -126090.21
V 6832 -700608.87 -126090.53
V 6840 -700609.29 -126090.88
V 6848 -700609.70 -126091.24
V 6856 -700610.09 -126091.61
V 6864 -700610.47 -126091.99
V 6872 -701227.19 -126759.80
V 6880 -701412.47 -126882.72
V 6888 -701412.66 -126882.84
V 6896 -701413.10 -126883.16
V 6904 -701413.53 -126883.48
V 6912 -701413.95 -126883.83
V 6920 -701414.36 -126884.19
V 6928 -701414.75 -126884.56
V 6936 -701415.13 -126884.94
V 6944 -702031.89 -127552.78
V 6952 -702217.17 -127675.72
V 6960 -702217.36 -127675.84
V 6968 -702217.80 -127676.16
V 6976 -702218.23 -127676.48
V 6984 -702218.65 -127676.83
V 6992 -702219.06 -127677.19
V 7000 -702219.45 -127677.56
V 7008 -702219.83 -127677.94
V 7016 -702836.57 -128345.75
V 7024 -703021.93 -128468.73
V 7032 -703022.12 -128468.85
V 7040 -703022.56 -128469.17
V 7048 -703022.99 -128469.49
V 7056 -703023.41 -128469.84
V 7064 -703023.82 -128470.20
V 7072 -703024.21 -128470.57
V 7080 -703024.59 -128470.95
V 7088 -703638.70 -129136.12
V 7096 -703857.50 -129279.47
V 7104 -703857.70 -129279.60
V 7112 -703858.14 -129279.92
V 7120 -703858.57 -129280.24
V 7128 -703858.99 -129280.59
V 7136 -703859.40 -129280.95
V 7144 -703859.79 -129281.32
V 7152 -703860.17 -129281.70
V 7160 -703860.54 -129282.10
V 7168 -703860.85 -129282.48
V 7176 -703860.88 -129282.50
V 7184 -704326.99 -129850.46
V 7192 -704327.04 -129850.54
V 7200 -704327.33 -129850.90
V 7208 -704327.65 -129851.34
V 7216 -704327.96 -129851.79
V 7224 -704328.10 -129852.02
V 7232 -704328.15 -129852.09
V 7240 -704971.52 -130892.80
V 7248 -705117.99 -131022.40
V 7256 -705118.38 -131022.77
V 7264 -705118.76 -131023.15
V 7272 -705119.13 -131023.55
V 7280 -705119.48 -131023.97
V 7288 -705119.81 -131024.39
V 7296 -705120.13 -131024.83
V 7304 -705120.44 -131025.28
V 7312 -705120.60 -131025.55
V 7320 -705120.63 -131025.58
V 7328 -705537.36 -131699.67
V 7336 -705683.83 -131829.27
V 7344 -705684.22 -131829.64
V 7352 -705684.60 -131830.02
V 7360 -705684.97 -131830.42
V 7368 -705685.32 -131830.84
V 7376 -705685.65 -131831.26
V 7384 -705685.97 -131831.70
V 7392 -705686.28 -131832.15
V 7400 -705686.44 -131832.42
V 7408 -705686.47 -131832.45
V 7416 -706103.16 -132506.47
V 7424 -706249.65 -132636.08
V 7432 -706250.04 -132636.45
V 7440 -706250.42 -132636.83
V 7448 -706250.79 -132637.23
V 7456 -706251.14 -132637.65
V 7464 -706251.47 -132638.07
V 7472 -706251.79 -132638.51
V 7480 -706252.10 -132638.96
V 7488 -706252.26 -132639.23
V 7496 -706252.29 -132639.26
V 7504 -706669.00 -133313.31
V 7512 -706815.47 -133442.91
V 7520 -706815.86 -133443.28
V 7528 -706816.24 -133443.66
V 7536 -706816.61 -133444.06
V 7544 -706816.96 -133444.48
V 7552 -706817.29 -133444.90
V 7560 -706817.61 -133445.34
V 7568 -706817.92 -133445.79
V 7576 -706818.08 -133446.06
V 7584 -706818.11 -133446.09
V 7592 -707234.84 -134120.19
V 7600 -707381.31 -134249.79
V 7608 -707381.70 -134250.16
V 7616 -707382.08 -134250.54
V 7624 -707382.45 -134250.94
V 7632 -707382.80 -134251.36
V 7640 -707383.13 -134251.78
V 7648 -707383.45 -134252.22
V 7656 -707383.76 -134252.67
V 7664 -707383.92 -134252.94
V 7672 -707383.95 -134252.97
V 7680 -707800.62 -134926.95
V 7688 -707947.27 -135056.70
V 7696 -707947.66 -135057.07
V 7704 -707948.04 -135057.45
V 7712 -707948.41 -135057.85
V 7720 -707948.76 -135058.27
V 7728 -707949.09 -135058.69
V 7736 -707949.41 -135059.13
V 7744 -707949.72 -135059.58
V 7752 -707949.88 -135059.85
V 7760 -707949.91 -135059.88
V 7768 -708363.66 -135729.44
V 7776 -708537.00 -135881.33
V 7784 -708537.02 -135881.36
V 7792 -708537.23 -135881.54
V 7800 -708537.62 -135881.91
V 7808 -708538.00 -135882.29
V 7816 -708538.37 -135882.69
V 7824 -708538.72 -135883.11
V 7832 -708539.05 -135883.53
V 7840 -708539.37 -135883.97
V 7848 -708539.68 -135884.42
V 7856 -708539.96 -135884.88
V 7864 -708540.07 -135885.08
V 7872 -708540.10 -135885.11
V 7880 -709294.03 -137191.56
V 7888 -709294.07 -137191.64
V 7896 -709294.42 -137192.27
V 7904 -709294.65 -137192.76
V 7912 -709294.87 -137193.26
V 7920 -709295.07 -137193.76
V 7928 -709295.08 -137193.79
V 7936 -709295.09 -137193.81
V 7944 -709476.92 -137680.49
V 7952 -709592.91 -137817.39
V 7960 -709592.99 -137817.47
V 7968 -709593.34 -137817.89
V 7976 -709593.67 -137818.31
V 7984 -709593.99 -137818.75
V 7992 -709594.30 -137819.20
V 8000 -709594.58 -137819.66
V 8008 -709594.85 -137820.13
V 8016 -709595.11 -137820.60
V 8024 -709595.34 -137821.09
V 8032 -709595.56 -137821.59
V 8040 -709595.78 -137822.14
V 8048 -709850.46 -138503.81
V 8056 -709966.47 -138640.72
V 8064 -709966.55 -138640.80
V 8072 -709966.90 -138641.22
V 8080 -709967.23 -138641.64
V 8088 -709967.55 -138642.08
V 8096 -709967.86 -138642.53
V 8104 -709968.14 -138642.99
V 8112 -709968.41 -138643.46
V 8120 -709968.67 -138643.93
V 8128 -709968.90 -138644.42
V 8136 -709969.12 -138644.92
V 8144 -709969.34 -138645.47
V 8152 -710224.03 -139327.21
V 8160 -710340.03 -139464.10
V 8168 -710340.11 -139464.18
V 8176 -710340.46 -139464.60
V 8184 -710340.79 -139465.02
V 8192 -710341.11 -139465.46
V 8200 -710341.42 -139465.91
V 8208 -710341.70 -139466.37
V 8216 -710341.97 -139466.84
V 8224 -710342.23 -139467.31
V 8232 -710342.46 -139467.80
V 8240 -710342.68 -139468.30
V 8248 -710342.90 -139468.85
V 8256 -710597.58 -140150.56
V 8264 -710713.58 -140287.44
V 8272 -710713.66 -140287.52
V 8280 -710714.01 -140287.94
V 8288 -710714.34 -140288.36
V 8296 -710714.66 -140288.80
V 8304 -710714.97 -140289.25
V 8312 -710715.25 -140289.71
V 8320 -710715.52 -140290.18
V 8328 -710715.78 -140290.65
V 8336 -710716.01 -140291.14
V 8344 -710716.23 -140291.64
V 8352 -710716.45 -140292.19
V 8360 -710971.14 -140973.94
V 8368 -711087.14 -141110.82
V 8376 -711087.22 -141110.90
V 8384 -711087.57 -141111.32
V 8392 -711087.90 -141111.74
V 8400 -711088.22 -141112.18
V 8408 -711088.53 -141112.63
V 8416 -711088.81 -141113.09
V 8424 -711089.08 -141113.56
V 8432 -711089.34 -141114.03
V 8440 -711089.57 -141114.52
V 8448 -711089.79 -141115.02
V 8456 -711090.01 -141115.57
V 8464 -711344.70 -141797.31
V 8472 -711460.70 -141934.20
V 8480 -711460.78 -141934.28
V 8488 -711461.13 -141934.70
V 8496 -711461.46 -141935.12
V 8504 -711461.78 -141935.56
V 8512 -711462.09 -141936.01
V 8520 -711462.37 -141936.47
V 8528 -711462.64 -141936.94
V 8536 -711462.90 -141937.41
V 8544 -711463.13 -141937.90
V 8552 -711463.35 -141938.40
V 8560 -711463.57 -141938.95
V 8568 -711718.22 -142620.59
V 8576 -711834.57 -142757.86
V 8584 -711834.65 -142757.94
V 8592 -711835.00 -142758.36
V 8600 -711835.33 -142758.78
V 8608 -711835.65 -142759.22
V 8616 -711835.96 -142759.67
V 8624 -711836.24 -142760.13
V 8632 -711836.51 -142760.60
V 8640 -711836.77 -142761.07
V 8648 -711837.00 -142761.56
V 8656 -711837.22 -142762.06
V 8664 -711837.42 -142762.56
V 8672 -711837.46 -142762.68
V 8680 -712087.89 -143433.68
V 8688 -712237.70 -143608.00
V 8696 -712237.82 -143608.14
V 8704 -712238.04 -143608.41
V 8712 -712238.37 -143608.83
V 8720 -712238.69 -143609.27
V 8728 -712239.00 -143609.72
V 8736 -712239.28 -143610.18
V 8744 -712239.55 -143610.65
V 8752 -712239.81 -143611.12
V 8760 -712240.04 -143611.61
V 8768 -712240.26 -143612.11
V 8776 -712240.46 -143612.61
V 8784 -712240.61 -143613.03
V 8792 -712240.63 -143613.07
V 8800 -712559.97 -144550.67
V 8808 -712805.83 -144948.44
V 8816 -712805.84 -144948.47
V 8824 -712805.92 -144948.60
V 8832 -712806.19 -144949.07
V 8840 -712806.45 -144949.54
V 8848 -712806.68 -144950.03
V 8856 -712806.90 -144950.53
V 8864 -712807.10 -144951.03
V 8872 -712807.28 -144951.54
V 8880 -712807.45 -144952.06
V 8888 -712807.59 -144952.58
V 8896 -712807.72 -144953.11
V 8904 -712807.83 -144953.64
V 8912 -712917.44 -145644.69
V 8920 -713007.77 -145790.85
V 8928 -713007.78 -145790.88
V 8936 -713007.86 -145791.01
V 8944 -713008.13 -145791.48
V 8952 -713008.39 -145791.95
V 8960 -713008.62 -145792.44
V 8968 -713008.84 -145792.94
V 8976 -713009.04 -145793.44
V 8984 -713009.22 -145793.95
V 8992 -713009.39 -145794.47
V 9000 -713009.53 -145794.99
V 9008 -713009.66 -145795.52
V 9016 -713009.77 -145796.05
V 9024 -713119.38 -146487.11
V 9032 -713209.70 -146633.25
V 9040 -713209.71 -146633.28
V 9048 -713209.79 -146633.41
V 9056 -713210.06 -146633.88
V 9064 -713210.32 -146634.35
V 9072 -713210.55 -146634.84
V 9080 -713210.77 -146635.34
V 9088 -713210.97 -146635.84
V 9096 -713211.15 -146636.35
V 9104 -713211.32 -146636.87
V 9112 -713211.46 -146637.39
V 9120 -713211.59 -146637.92
V 9128 -713211.70 -146638.45
V 9136 -713321.29 -147329.45
V 9144 -713411.62 -147475.59
V 9152 -713411.63 -147475.62
V 9160 -713411.71 -147475.75
V 9168 -713411.98 -147476.22
V 9176 -713412.24 -147476.69
V 9184 -713412.47 -147477.18
V 9192 -713412.69 -147477.68
V 9200 -713412.89 -147478.18
V 9208 -713413.07 -147478.69
V 9216 -713413.24 -147479.21
V 9224 -713413.38 -147479.73
V 9232 -713413.51 -147480.26
V 9240 -713413.62 -147480.79
V 9248 -713523.24 -148171.96
V 9256 -713613.57 -148318.12
V 9264 -713613.58 -148318.15
V 9272 -713613.66 -148318.28
V 9280 -713613.93 -148318.75
V 9288 -713614.19 -148319.22
V 9296 -713614.42 -148319.71
V 9304 -713614.64 -148320.21
V 9312 -713614.84 -148320.71
V 9320 -713615.02 -148321.22
V 9328 -713615.19 -148321.74
V 9336 -713615.33 -148322.26
V 9344 -713615.46 -148322.79
V 9352 -713615.57 -148323.32
V 9360 -713725.14 -149014.18
V 9368 -713815.47 -149160.31
V 9376 -713815.48 -149160.34
V 9384 -713815.56 -149160.47
V 9392 -713815.83 -149160.94
V 9400 -713816.09 -149161.41
V 9408 -713816.32 -149161.90
V 9416 -713816.54 -149162.40
V 9424 -713816.74 -149162.90
V 9432 -713816.92 -149163.41
V 9440 -713817.09 -149163.93
V 9448 -713817.23 -149164.45
V 9456 -713817.36 -149164.98
V 9464 -713817.47 -149165.51
V 9472 -713927.10 -149856.76
V 9480 -714017.43 -150002.92
V 9488 -714017.44 -150002.95
V 9496 -714017.52 -150003.08
V 9504 -714017.79 -150003.55
V 9512 -714018.05 -150004.02
V 9520 -714018.28 -150004.51
V 9528 -714018.50 -150005.01
V 9536 -714018.70 -150005.51
V 9544 -714018.88 -150006.02
V 9552 -714019.05 -150006.54
V 9560 -714019.19 -150007.06
V 9568 -714019.32 -150007.59
V 9576 -714019.43 -150008.12
V 9584 -714129.00 -150699.01
V 9592 -714219.36 -150845.20
V 9600 -714219.37 -150845.23
V 9608 -714219.45 -150845.36
V 9616 -714219.72 -150845.83
V 9624 -714219.98 -150846.30
V 9632 -714220.21 -150846.79
V 9640 -714220.43 -150847.29
V 9648 -714220.63 -150847.79
V 9656 -714220.81 -150848.30
V 9664 -714220.98 -150848.82
V 9672 -714221.12 -150849.34
V 9680 -714221.25 -150849.87
V 9688 -714221.36 -150850.40
V 9696 -714330.82 -151540.64
V 9704 -714422.63 -151689.05
V 9712 -714422.64 -151689.08
V 9720 -714422.72 -151689.21
V 9728 -714422.99 -151689.68
V 9736 -714423.25 -151690.15
V 9744 -714423.48 -151690.64
V 9752 -714423.70 -151691.14
V 9760 -714423.90 -151691.64
V 9768 -714424.08 -151692.15
V 9776 -714424.25 -151692.67
V 9784 -714424.39 -151693.19
V 9792 -714424.52 -151693.72
V 9800 -714424.63 -151694.25
V 9808 -714424.68 -151694.58
V 9816 -714424.69 -151694.61
V 9824 -714526.12 -152339.20
V 9832 -714694.63 -152599.73
V 9840 -714694.64 -152599.75
V 9848 -714694.88 -152600.15
V 9856 -714695.15 -152600.62
V 9864 -714695.41 -152601.09
V 9872 -714695.64 -152601.58
V 9880 -714695.86 -152602.08
V 9888 -714696.06 -152602.58
V 9896 -714696.24 -152603.09
V 9904 -714696.41 -152603.61
V 9912 -714696.55 -152604.13
V 9920 -714696.68 -152604.66
V 9928 -714696.79 -152605.19
V 9936 -714696.87 -152605.72
V 9944 -714696.94 -152606.26
V 9952 -714696.95 -152606.39
V 9960 -714696.96 -152606.41
V 9968 -714746.97 -153114.20
V 9976 -714897.95 -153288.62
V 9984 -714900.67 -153293.20
V 9992 -714901.61 -153298.44
V 10000 -714901.61 -154095.47
V 10008 -714930.80 -154129.20
V 10016 -714933.52 -154133.78
V 10024 -714934.46 -154139.02
V 10032 -714934.46 -154935.43
V 10040 -714963.66 -154969.17
V 10048 -714966.38 -154973.75
V 10056 -714967.32 -154978.99
V 10064 -714967.32 -155776.03
V 10072 -714996.51 -155809.76
V 10080 -714999.23 -155814.34
V 10088 -715000.17 -155819.58
V 10096 -715000.17 -156615.97
V 10104 -715029.37 -156649.71
V 10112 -715032.09 -156654.29
V 10120 -715033.03 -156659.53
V 10128 -715033.03 -157456.59
V 10136 -715062.22 -157490.32
V 10144 -715064.94 -157494.90
V 10152 -715065.88 -157500.14
V 10160 -715065.88 -158296.52
V 10168 -715095.08 -158330.25
V 10176 -715097.80 -158334.83
V 10184 -715098.74 -158340.07
V 10192 -715098.74 -159136.79
V 10200 -715127.94 -159170.52
V 10208 -715130.66 -159175.10
V 10216 -715131.60 -159180.34
V 10224 -715131.60 -159977.07
V 10232 -715160.79 -160010.79
V 10240 -715163.51 -160015.37
V 10248 -715164.45 -160020.61
V 10256 -715164.45 -162300.84
V 10264 -715164.44 -162301.38
V 10272 -715164.43 -162301.50
V 10280 -715155.95 -162599.30
V 10288 -715155.95 -163852.27
V 10296 -715155.94 -163852.81
V 10304 -715155.91 -163853.35
V 10312 -715155.86 -163853.89
V 10320 -715155.79 -163854.43
V 10328 -715155.71 -163854.96
V 10336 -715155.60 -163855.49
V 10344 -715155.40 -163856.30
V 10352 -715007.50 -164417.19
V 10360 -715007.50 -164752.79
V 10368 -715007.49 -164753.33
V 10376 -715007.46 -164753.87
V 10384 -715007.41 -164754.41
V 10392 -715007.34 -164754.95
V 10400 -715007.26 -164755.48
V 10408 -715007.15 -164756.01
V 10416 -715006.95 -164756.82
V 10424 -714859.06 -165317.69
V 10432 -714859.06 -165653.34
V 10440 -714859.05 -165653.88
V 10448 -714859.02 -165654.42
V 10456 -714858.97 -165654.96
V 10464 -714858.90 -165655.50
V 10472 -714858.82 -165656.03
V 10480 -714858.71 -165656.56
V 10488 -714858.51 -165657.37
V 10496 -714710.62 -166218.25
V 10504 -714710.62 -166553.90
V 10512 -714710.61 -166554.44
V 10520 -714710.58 -166554.98
V 10528 -714710.53 -166555.52
V 10536 -714710.46 -166556.06
V 10544 -714710.38 -166556.59
V 10552 -714710.27 -166557.12
V 10560 -714710.07 -166557.93
V 10568 -714562.18 -167118.81
V 10576 -714562.18 -167454.46
V 10584 -714562.17 -167455.00
V 10592 -714562.14 -167455.54
V 10600 -714562.09 -167456.08
V 10608 -714562.02 -167456.62
V 10616 -714561.94 -167457.15
V 10624 -714561.83 -167457.68
V 10632 -714561.63 -167458.49
V 10640 -714413.74 -168019.36
V 10648 -714413.74 -168355.01
V 10656 -714413.73 -168355.55
V 10664 -714413.70 -168356.09
V 10672 -714413.65 -168356.63
V 10680 -714413.58 -168357.17
V 10688 -714413.50 -168357.70
V 10696 -714413.39 -168358.23
V 10704 -714413.19 -168359.04
V 10712 -714265.30 -168919.92
V 10720 -714265.30 -169255.57
V 10728 -714265.29 -169256.11
V 10736 -714265.26 -169256.65
V 10744 -714265.21 -169257.19
V 10752 -714265.14 -169257.73
V 10760 -714265.06 -169258.26
V 10768 -714264.95 -169258.79
V 10776 -714264.75 -169259.60
V 10784 -714116.86 -169820.48
V 10792 -714116.86 -170156.18
V 10800 -714116.85 -170156.72
V 10808 -714116.82 -170157.26
V 10816 -714116.77 -170157.80
V 10824 -714116.70 -170158.34
V 10832 -714116.62 -170158.87
V 10840 -714116.51 -170159.40
V 10848 -714116.31 -170160.21
V 10856 -713968.41 -170721.09
V 10864 -713968.41 -171056.68
V 10872 -713968.40 -171057.22
V 10880 -713968.37 -171057.76
V 10888 -713968.32 -171058.30
V 10896 -713968.25 -171058.84
V 10904 -713968.17 -171059.37
V 10912 -713968.06 -171059.90
V 10920 -713967.86 -171060.71
V 10928 -713812.15 -171651.25
V 10936 -713812.15 -172531.12
V 10944 -713812.14 -172531.66
V 10952 -713812.11 -172532.20
V 10960 -713812.06 -172532.74
V 10968 -713811.99 -172533.28
V 10976 -713811.91 -172533.81
V 10984 -713811.80 -172534.34
V 10992 -713811.67 -172534.87
V 11000 -713811.53 -172535.39
V 11008 -713811.36 -172535.91
V 11016 -713811.18 -172536.42
V 11024 -713810.98 -172536.92
V 11032 -713810.84 -172537.23
V 11040 -713810.84 -172537.25
V 11048 -713248.88 -173793.30
V 11056 -713216.22 -173986.75
V 11064 -713216.19 -173986.93
V 11072 -713216.08 -173987.46
V 11080 -713215.95 -173987.99
V 11088 -713215.81 -173988.51
V 11096 -713215.64 -173989.03
V 11104 -713215.46 -173989.54
V 11112 -713215.26 -173990.04
V 11120 -713215.13 -173990.33
V 11128 -713215.12 -173990.37
V 11136 -712891.70 -174713.23
V 11144 -712859.06 -174906.63
V 11152 -712859.03 -174906.81
V 11160 -712858.92 -174907.34
V 11168 -712858.79 -174907.87
V 11176 -712858.65 -174908.39
V 11184 -712858.48 -174908.91
V 11192 -712858.30 -174909.42
V 11200 -712858.10 -174909.92
V 11208 -712857.97 -174910.21
V 11216 -712857.96 -174910.25
V 11224 -712534.38 -175633.46
V 11232 -712501.74 -175826.82
V 11240 -712501.71 -175827.00
V 11248 -712501.60 -175827.53
V 11256 -712501.47 -175828.06
V 11264 -712501.33 -175828.58
V 11272 -712501.16 -175829.10
V 11280 -712500.98 -175829.61
V 11288 -712500.78 -175830.11
V 11296 -712500.65 -175830.40
V 11304 -712500.64 -175830.44
V 11312 -712177.15 -176553.47
V 11320 -712144.49 -176746.92
V 11328 -712144.46 -176747.10
V 11336 -712144.35 -176747.63
V 11344 -712144.22 -176748.16
V 11352 -712144.08 -176748.68
V 11360 -712143.91 -176749.20
V 11368 -712143.73 -176749.71
V 11376 -712143.53 -176750.21
V 11384 -712143.40 -176750.50
V 11392 -712143.39 -176750.54
V 11400 -711819.97 -177473.40
V 11408 -711787.33 -177666.80
V 11416 -711787.30 -177666.98
V 11424 -711787.19 -177667.51
V 11432 -711787.06 -177668.04
V 11440 -711786.92 -177668.56
V 11448 -711786.75 -177669.08
V 11456 -711786.57 -177669.59
V 11464 -711786.37 -177670.09
V 11472 -711786.24 -177670.38
V 11480 -711786.23 -177670.42
V 11488 -711462.65 -178393.63
V 11496 -711430.00 -178587.00
V 11504 -711429.97 -178587.18
V 11512 -711429.86 -178587.71
V 11520 -711429.73 -178588.24
V 11528 -711429.59 -178588.76
V 11536 -711429.42 -178589.28
V 11544 -711429.24 -178589.79
V 11552 -711429.04 -178590.29
V 11560 -711428.91 -178590.58
V 11568 -711428.90 -178590.62
V 11576 -711105.42 -179313.65
V 11584 -711072.75 -179507.17
V 11592 -711072.72 -179507.35
V 11600 -711072.61 -179507.88
V 11608 -711072.48 -179508.41
V 11616 -711072.34 -179508.93
V 11624 -711072.17 -179509.45
V 11632 -711071.99 -179509.96
V 11640 -711071.79 -179510.46
V 11648 -711071.66 -179510.75
V 11656 -711071.65 -179510.79
V 11664 -710751.31 -180226.73
V 11672 -710673.03 -180695.94
V 11680 -710673.02 -180695.98
V 11688 -710672.99 -180696.16
V 11696 -710672.88 -180696.69
V 11704 -710672.75 -180697.22
V 11712 -710672.61 -180697.74
V 11720 -710672.44 -180698.26
V 11728 -710672.26 -180698.77
V 11736 -710672.06 -180699.27
V 11744 -710671.84 -180699.77
V 11752 -710671.61 -180700.26
V 11760 -709329.74 -183210.72
V 11768 -709329.59 -183211.00
V 11776 -709329.21 -183211.66
V 11784 -709328.93 -183212.12
V 11792 -709328.55 -183212.67
V 11800 -709328.51 -183212.73
V 11808 -708991.66 -183677.67
V 11816 -708905.48 -183883.02
V 11824 -708905.26 -183883.52
V 11832 -708905.03 -183884.01
V 11840 -708904.77 -183884.48
V 11848 -708904.50 -183884.95
V 11856 -708904.22 -183885.41
V 11864 -708903.91 -183885.86
V 11872 -708903.82 -183885.98
V 11880 -708903.80 -183886.02
V 11888 -708370.67 -184621.88
V 11896 -708284.50 -184827.23
V 11904 -708284.28 -184827.73
V 11912 -708284.05 -184828.22
V 11920 -708283.79 -184828.69
V 11928 -708283.52 -184829.16
V 11936 -708283.24 -184829.62
V 11944 -708282.93 -184830.07
V 11952 -708282.84 -184830.19
V 11960 -708282.82 -184830.23
V 11968 -707749.69 -185566.09
V 11976 -707663.51 -185771.43
V 11984 -707663.29 -185771.93
V 11992 -707663.06 -185772.42
V 12000 -707662.80 -185772.89
V 12008 -707662.53 -185773.36
V 12016 -707662.25 -185773.82
V 12024 -707661.94 -185774.27
V 12032 -707661.85 -185774.39
V 12040 -707661.83 -185774.43
V 12048 -707128.70 -186510.29
V 12056 -707042.53 -186715.63
V 12064 -707042.31 -186716.13
V 12072 -707042.08 -186716.62
V 12080 -707041.82 -186717.09
V 12088 -707041.55 -186717.56
V 12096 -707041.27 -186718.02
V 12104 -707040.96 -186718.47
V 12112 -707040.87 -186718.59
V 12120 -707040.85 -186718.63
V 12128 -706507.60 -187454.65
V 12136 -706421.44 -187659.94
V 12144 -706421.22 -187660.44
V 12152 -706420.99 -187660.93
V 12160 -706420.73 -187661.40
V 12168 -706420.46 -187661.87
V 12176 -706420.18 -187662.33
V 12184 -706419.87 -187662.78
V 12192 -706419.78 -187662.90
V 12200 -706419.76 -187662.94
V 12208 -705886.03 -188399.66
V 12216 -705806.41 -188589.22
V 12224 -705806.39 -188589.26
V 12232 -705806.19 -188589.71
V 12240 -705805.96 -188590.20
V 12248 -705805.70 -188590.67
V 12256 -705805.43 -188591.14
V 12264 -705805.15 -188591.60
V 12272 -705804.84 -188592.05
V 12280 -704792.40 -190001.10
V 12288 -704138.77 -190984.90
V 12296 -704138.46 -190985.35
V 12304 -704138.14 -190985.79
V 12312 -704137.81 -190986.21
V 12320 -704137.46 -190986.63
V 12328 -704137.09 -190987.03
V 12336 -704136.71 -190987.41
V 12344 -704136.32 -190987.78
V 12352 -704136.27 -190987.83
V 12360 -703127.82 -191901.49
V 12368 -702966.12 -192117.56
V 12376 -702966.10 -192117.58
V 12384 -702966.05 -192117.65
V 12392 -702965.72 -192118.07
V 12400 -702965.37 -192118.49
V 12408 -702965.00 -192118.89
V 12416 -702964.62 -192119.27
V 12424 -702964.18 -192119.69
V 12432 -702138.71 -192867.57
V 12440 -701976.95 -193083.72
V 12448 -701976.93 -193083.74
V 12456 -701976.88 -193083.81
V 12464 -701976.55 -193084.23
V 12472 -701976.20 -193084.65
V 12480 -701975.83 -193085.05
V 12488 -701975.45 -193085.43
V 12496 -701975.01 -193085.85
V 12504 -701149.32 -193833.93
V 12512 -700987.68 -194049.91
V 12520 -700987.66 -194049.93
V 12528 -700987.61 -194050.00
V 12536 -700987.28 -194050.42
V 12544 -700986.93 -194050.84
V 12552 -700986.56 -194051.24
V 12560 -700986.18 -194051.62
V 12568 -700985.74 -194052.04
V 12576 -700160.19 -194800.00
V 12584 -699998.58 -195015.96
V 12592 -699998.56 -195015.98
V 12600 -699998.51 -195016.05
V 12608 -699998.18 -195016.47
V 12616 -699997.83 -195016.89
V 12624 -699997.46 -195017.29
V 12632 -699997.08 -195017.67
V 12640 -699996.64 -195018.09
V 12648 -699170.40 -195766.67
V 12656 -699013.35 -195976.45
V 12664 -699013.33 -195976.47
V 12672 -699013.28 -195976.54
V 12680 -699012.95 -195976.96
V 12688 -699012.60 -195977.38
V 12696 -699012.23 -195977.78
V 12704 -699011.85 -195978.16
V 12712 -699011.43 -195978.56
V 12720 -697932.51 -196959.33
V 12728 -697079.66 -197941.16
V 12736 -697079.44 -197941.43
V 12744 -697079.07 -197941.83
V 12752 -697078.69 -197942.21
V 12760 -697078.30 -197942.58
V 12768 -697077.89 -197942.94
V 12776 -697077.47 -197943.29
V 12784 -697077.04 -197943.61
V 12792 -697076.60 -197943.93
V 12800 -697076.14 -197944.22
V 12808 -697075.73 -197944.47
V 12816 -697075.71 -197944.48
V 12824 -697075.65 -197944.52
V 12832 -695006.98 -199149.16
V 12840 -694723.43 -199373.87
V 12848 -694723.39 -199373.89
V 12856 -694722.97 -199374.21
V 12864 -694722.53 -199374.53
V 12872 -694721.67 -199375.07
V 12880 -694721.64 -199375.08
V 12888 -694721.58 -199375.12
V 12896 -693419.24 -200133.51
V 12904 -693135.81 -200358.13
V 12912 -693135.77 -200358.15
V 12920 -693135.35 -200358.47
V 12928 -693134.91 -200358.79
V 12936 -693134.05 -200359.33
V 12944 -693134.02 -200359.34
V 12952 -693133.96 -200359.38
V 12960 -691831.06 -201118.09
V 12968 -691547.77 -201342.60
V 12976 -691547.73 -201342.62
V 12984 -691547.31 -201342.94
V 12992 -691546.87 -201343.26
V 13000 -691546.01 -201343.80
V 13008 -691545.98 -201343.81
V 13016 -691545.92 -201343.85
V 13024 -690257.83 -202093.81
V 13032 -689832.99 -202432.91
V 13040 -689832.87 -202433.01
V 13048 -689832.44 -202433.33
V 13056 -689832.00 -202433.65
V 13064 -689831.54 -202433.94
V 13072 -689831.08 -202434.22
V 13080 -689830.67 -202434.45
V 13088 -688334.31 -203234.27
V 13096 -688334.27 -203234.29
V 13104 -688333.78 -203234.54
V 13112 -688333.29 -203234.77
V 13120 -688333.15 -203234.83
V 13128 -688333.12 -203234.84
V 13136 -685581.04 -204408.66
V 13144 -685580.98 -204408.69
V 13152 -685580.89 -204408.73
V 13160 -685580.81 -204408.76
V 13168 -685580.72 -204408.79
V 13176 -685579.98 -204409.09
V 13184 -685579.67 -204409.19
V 13192 -685579.62 -204409.21
V 13200 -685182.02 -204540.02
V 13208 -685182.02 -209773.70
V 13216 -685152.02 -209773.70
V 13224 -685152.02 -204529.16
