V 0 -634992.00 -157719.35
V 8 -634992.00 -157730.78
V 16 -635178.08 -157762.38
V 24 -635642.58 -157841.25
V 32 -635642.72 -157841.28
V 40 -635642.75 -157841.28
V 48 -635642.80 -157841.29
V 56 -636571.90 -157999.05
V 64 -637701.25 -158190.82
V 72 -637883.20 -158221.71
V 80 -638830.02 -158382.49
V 88 -639382.13 -158476.23
V 96 -640326.59 -158636.61
V 104 -644008.20 -159261.75
V 112 -651162.13 -160476.50
V 120 -658756.88 -161766.11
V 128 -662681.28 -162432.48
V 136 -667847.97 -163309.80
V 144 -671722.36 -163967.67
V 152 -673772.05 -164315.72
V 160 -674612.16 -164458.37
V 168 -674783.79 -164487.51
V 176 -674790.40 -164490.32
V 184 -674795.04 -164495.80
V 192 -674796.70 -164502.79
V 200 -674796.70 -164605.95
V 208 -674796.66 -164607.06
V 216 -674796.54 -164608.16
V 224 -674796.35 -164609.24
V 232 -674796.07 -164610.32
V 240 -674795.72 -164611.37
V 248 -674795.30 -164612.39
V 256 -674794.80 -164613.38
V 264 -674794.24 -164614.33
V 272 -674793.61 -164615.24
V 280 -674792.91 -164616.10
V 288 -674792.16 -164616.91
V 296 -674791.35 -164617.66
V 304 -674790.49 -164618.36
V 312 -674789.58 -164618.99
V 320 -674788.63 -164619.55
V 328 -674787.64 -164620.05
V 336 -674786.62 -164620.47
V 344 -674785.57 -164620.82
V 352 -674784.49 -164621.10
V 360 -674783.41 -164621.29
V 368 -674782.31 -164621.41
V 376 -674781.20 -164621.45
V 384 -674767.08 -164621.45
V 392 -674767.08 -164661.45
V 400 -674838.70 -164661.45
V 408 -674846.45 -164663.53
V 416 -674852.12 -164669.20
V 424 -674854.20 -164676.95
V 432 -674854.20 -164747.95
V 440 -674852.12 -164755.70
V 448 -674846.45 -164761.37
V 456 -674838.70 -164763.45
V 464 -674739.20 -164763.45
V 472 -674739.20 -164803.45
V 480 -674838.70 -164803.45
V 488 -674846.45 -164805.53
V 496 -674852.12 -164811.20
V 504 -674854.20 -164818.95
V 512 -674854.20 -164889.95
V 520 -674852.12 -164897.70
V 528 -674846.45 -164903.37
V 536 -674838.70 -164905.45
V 544 -674739.20 -164905.45
V 552 -674739.20 -164945.45
V 560 -674838.70 -164945.45
V 568 -674846.45 -164947.53
V 576 -674852.12 -164953.20
V 584 -674854.20 -164960.95
V 592 -674854.20 -165031.95
V 600 -674852.12 -165039.70
V 608 -674846.45 -165045.37
V 616 -674838.70 -165047.45
V 624 -674739.20 -165047.45
V 632 -674739.20 -165087.45
V 640 -674838.70 -165087.45
V 648 -674846.45 -165089.53
V 656 -674852.12 -165095.20
V 664 -674854.20 -165102.95
V 672 -674854.20 -165173.95
V 680 -674852.12 -165181.70
V 688 -674846.45 -165187.37
V 696 -674838.70 -165189.45
V 704 -674739.20 -165189.45
V 712 -674739.20 -165229.45
V 720 -674838.70 -165229.45
V 728 -674846.45 -165231.53
V 736 -674852.12 -165237.20
V 744 -674854.20 -165244.95
V 752 -674854.20 -165315.95
V 760 -674852.12 -165323.70
V 768 -674846.45 -165329.37
V 776 -674838.70 -165331.45
V 784 -674739.20 -165331.45
V 792 -674739.20 -165371.45
V 800 -674838.70 -165371.45
V 808 -674846.45 -165373.53
V 816 -674852.12 -165379.20
V 824 -674854.20 -165386.95
V 832 -674854.20 -165457.95
V 840 -674852.12 -165465.70
V 848 -674846.45 -165471.37
V 856 -674838.70 -165473.45
V 864 -674739.20 -165473.45
V 872 -674739.20 -165513.45
V 880 -674838.70 -165513.45
V 888 -674846.45 -165515.53
V 896 -674852.12 -165521.20
V 904 -674854.20 -165528.95
V 912 -674854.20 -165599.95
V 920 -674852.12 -165607.70
V 928 -674846.45 -165613.37
V 936 -674838.70 -165615.45
V 944 -674739.20 -165615.45
V 952 -674739.20 -165655.45
V 960 -674838.70 -165655.45
V 968 -674846.45 -165657.53
V 976 -674852.12 -165663.20
V 984 -674854.20 -165670.95
V 992 -674854.20 -165741.95
V 1000 -674852.12 -165749.70
V 1008 -674846.45 -165755.37
V 1016 -674838.70 -165757.45
V 1024 -674739.20 -165757.45
V 1032 -674739.20 -165797.45
V 1040 -674838.70 -165797.45
V 1048 -674846.45 -165799.53
V 1056 -674852.12 -165805.20
V 1064 -674854.20 -165812.95
V 1072 -674854.20 -165883.95
V 1080 -674852.12 -165891.70
V 1088 -674846.45 -165897.37
V 1096 -674838.70 -165899.45
V 1104 -674739.20 -165899.45
V 1112 -674739.20 -165939.45
V 1120 -674838.70 -165939.45
V 1128 -674846.45 -165941.53
V 1136 -674852.12 -165947.20
V 1144 -674854.20 -165954.95
V 1152 -674854.20 -166025.95
V 1160 -674852.12 -166033.70
V 1168 -674846.45 -166039.37
V 1176 -674838.70 -166041.45
V 1184 -674739.20 -166041.45
V 1192 -674739.20 -166081.45
V 1200 -674838.70 -166081.45
V 1208 -674846.45 -166083.53
V 1216 -674852.12 -166089.20
V 1224 -674854.20 -166096.95
V 1232 -674854.20 -166167.95
V 1240 -674852.12 -166175.70
V 1248 -674846.45 -166181.37
V 1256 -674838.70 -166183.45
V 1264 -674739.20 -166183.45
V 1272 -674739.20 -166223.45
V 1280 -674838.70 -166223.45
V 1288 -674846.45 -166225.53
V 1296 -674852.12 -166231.20
V 1304 -674854.20 -166238.95
V 1312 -674854.20 -166309.95
V 1320 -674852.12 -166317.70
V 1328 -674846.45 -166323.37
V 1336 -674838.70 -166325.45
V 1344 -674739.20 -166325.45
V 1352 -674739.20 -166365.45
V 1360 -674838.70 -166365.45
V 1368 -674846.45 -166367.53
V 1376 -674852.12 -166373.20
V 1384 -674854.20 -166380.95
V 1392 -674854.20 -166451.95
V 1400 -674852.12 -166459.70
V 1408 -674846.45 -166465.37
V 1416 -674838.70 -166467.45
V 1424 -674739.20 -166467.45
V 1432 -674739.20 -166507.45
V 1440 -674838.70 -166507.45
V 1448 -674846.45 -166509.53
V 1456 -674852.12 -166515.20
V 1464 -674854.20 -166522.95
V 1472 -674854.20 -166593.95
V 1480 -674852.12 -166601.70
V 1488 -674846.45 -166607.37
V 1496 -674838.70 -166609.45
V 1504 -674739.20 -166609.45
V 1512 -674739.20 -166649.45
V 1520 -674838.70 -166649.45
V 1528 -674846.45 -166651.53
V 1536 -674852.12 -166657.20
V 1544 -674854.20 -166664.95
V 1552 -674854.20 -166735.95
V 1560 -674852.12 -166743.70
V 1568 -674846.45 -166749.37
V 1576 -674838.70 -166751.45
V 1584 -674739.20 -166751.45
V 1592 -674739.20 -166791.45
V 1600 -674838.70 -166791.45
V 1608 -674846.45 -166793.53
V 1616 -674852.12 -166799.20
V 1624 -674854.20 -166806.95
V 1632 -674854.20 -166877.95
V 1640 -674852.12 -166885.70
V 1648 -674846.45 -166891.37
V 1656 -674838.70 -166893.45
V 1664 -674739.20 -166893.45
V 1672 -674739.20 -166933.45
V 1680 -674838.70 -166933.45
V 1688 -674846.45 -166935.53
V 1696 -674852.12 -166941.20
V 1704 -674854.20 -166948.95
V 1712 -674854.20 -167019.95
V 1720 -674852.12 -167027.70
V 1728 -674846.45 -167033.37
V 1736 -674838.70 -167035.45
V 1744 -674739.20 -167035.45
V 1752 -674739.20 -167075.45
V 1760 -674838.70 -167075.45
V 1768 -674846.45 -167077.53
V 1776 -674852.12 -167083.20
V 1784 -674854.20 -167090.95
V 1792 -674854.20 -167161.95
V 1800 -674852.12 -167169.70
V 1808 -674846.45 -167175.37
V 1816 -674838.70 -167177.45
V 1824 -674739.20 -167177.45
V 1832 -674739.20 -167217.45
V 1840 -674838.70 -167217.45
V 1848 -674846.45 -167219.53
V 1856 -674852.12 -167225.20
V 1864 -674854.20 -167232.95
V 1872 -674854.20 -167303.95
V 1880 -674852.12 -167311.70
V 1888 -674846.45 -167317.37
V 1896 -674838.70 -167319.45
V 1904 -674739.20 -167319.45
V 1912 -674739.20 -167359.45
V 1920 -674838.70 -167359.45
V 1928 -674846.45 -167361.53
V 1936 -674852.12 -167367.20
V 1944 -674854.20 -167374.95
V 1952 -674854.20 -167445.95
V 1960 -674852.12 -167453.70
V 1968 -674846.45 -167459.37
V 1976 -674838.70 -167461.45
V 1984 -674739.20 -167461.45
V 1992 -674739.20 -167501.45
V 2000 -674838.70 -167501.45
V 2008 -674846.45 -167503.53
V 2016 -674852.12 -167509.20
V 2024 -674854.20 -167516.95
V 2032 -674854.20 -167587.95
V 2040 -674852.12 -167595.70
V 2048 -674846.45 -167601.37
V 2056 -674838.70 -167603.45
V 2064 -674739.20 -167603.45
V 2072 -674739.20 -167643.45
V 2080 -674838.70 -167643.45
V 2088 -674846.45 -167645.53
V 2096 -674852.12 -167651.20
V 2104 -674854.20 -167658.95
V 2112 -674854.20 -167729.95
V 2120 -674852.12 -167737.70
V 2128 -674846.45 -167743.37
V 2136 -674838.70 -167745.45
V 2144 -674739.20 -167745.45
V 2152 -674739.20 -167785.45
V 2160 -674838.70 -167785.45
V 2168 -674846.45 -167787.53
V 2176 -674852.12 -167793.20
V 2184 -674854.20 -167800.95
V 2192 -674854.20 -167871.95
V 2200 -674852.12 -167879.70
V 2208 -674846.45 -167885.37
V 2216 -674838.70 -167887.45
V 2224 -674739.20 -167887.45
V 2232 -674739.20 -167927.45
V 2240 -674838.70 -167927.45
V 2248 -674846.45 -167929.53
V 2256 -674852.12 -167935.20
V 2264 -674854.20 -167942.95
V 2272 -674854.20 -168013.95
V 2280 -674852.12 -168021.70
V 2288 -674846.45 -168027.37
V 2296 -674838.70 -168029.45
V 2304 -674739.20 -168029.45
V 2312 -674739.20 -168069.45
V 2320 -674838.70 -168069.45
V 2328 -674846.45 -168071.53
V 2336 -674852.12 -168077.20
V 2344 -674854.20 -168084.95
V 2352 -674854.20 -168155.95
V 2360 -674852.12 -168163.70
V 2368 -674846.45 -168169.37
V 2376 -674838.70 -168171.45
V 2384 -674739.20 -168171.45
V 2392 -674739.20 -168211.45
V 2400 -674838.70 -168211.45
V 2408 -674846.45 -168213.53
V 2416 -674852.12 -168219.20
V 2424 -674854.20 -168226.95
V 2432 -674854.20 -168297.95
V 2440 -674852.12 -168305.70
V 2448 -674846.45 -168311.37
V 2456 -674838.70 -168313.45
V 2464 -674739.20 -168313.45
V 2472 -674739.20 -168353.45
V 2480 -674838.70 -168353.45
V 2488 -674846.45 -168355.53
V 2496 -674852.12 -168361.20
V 2504 -674854.20 -168368.95
V 2512 -674854.20 -168439.95
V 2520 -674852.12 -168447.70
V 2528 -674846.45 -168453.37
V 2536 -674838.70 -168455.45
V 2544 -674739.20 -168455.45
V 2552 -674739.20 -168495.45
V 2560 -674838.70 -168495.45
V 2568 -674846.45 -168497.53
V 2576 -674852.12 -168503.20
V 2584 -674854.20 -168510.95
V 2592 -674854.20 -168581.95
V 2600 -674852.12 -168589.70
V 2608 -674846.45 -168595.37
V 2616 -674838.70 -168597.45
V 2624 -674739.20 -168597.45
V 2632 -674739.20 -168637.45
V 2640 -674838.70 -168637.45
V 2648 -674846.45 -168639.53
V 2656 -674852.12 -168645.20
V 2664 -674854.20 -168652.95
V 2672 -674854.20 -168723.95
V 2680 -674852.12 -168731.70
V 2688 -674846.45 -168737.37
V 2696 -674838.70 -168739.45
V 2704 -674739.20 -168739.45
V 2712 -674739.20 -168779.45
V 2720 -674838.70 -168779.45
V 2728 -674846.45 -168781.53
V 2736 -674852.12 -168787.20
V 2744 -674854.20 -168794.95
V 2752 -674854.20 -168865.95
V 2760 -674852.12 -168873.70
V 2768 -674846.45 -168879.37
V 2776 -674838.70 -168881.45
V 2784 -674739.20 -168881.45
V 2792 -674739.20 -168921.45
V 2800 -674838.70 -168921.45
V 2808 -674846.45 -168923.53
V 2816 -674852.12 -168929.20
V 2824 -674854.20 -168936.95
V 2832 -674854.20 -169007.95
V 2840 -674852.12 -169015.70
V 2848 -674846.45 -169021.37
V 2856 -674838.70 -169023.45
V 2864 -674739.20 -169023.45
V 2872 -674739.20 -169063.45
V 2880 -674838.70 -169063.45
V 2888 -674846.45 -169065.53
V 2896 -674852.12 -169071.20
V 2904 -674854.20 -169078.95
V 2912 -674854.20 -169149.95
V 2920 -674852.12 -169157.70
V 2928 -674846.45 -169163.37
V 2936 -674838.70 -169165.45
V 2944 -674739.20 -169165.45
V 2952 -674739.20 -169205.45
V 2960 -674838.70 -169205.45
V 2968 -674846.45 -169207.53
V 2976 -674852.12 -169213.20
V 2984 -674854.20 -169220.95
V 2992 -674854.20 -169291.95
V 3000 -674852.12 -169299.70
V 3008 -674846.45 -169305.37
V 3016 -674838.70 -169307.45
V 3024 -674739.20 -169307.45
V 3032 -674739.20 -169347.45
V 3040 -674838.70 -169347.45
V 3048 -674846.45 -169349.53
V 3056 -674852.12 -169355.20
V 3064 -674854.20 -169362.95
V 3072 -674854.20 -169433.95
V 3080 -674852.12 -169441.70
V 3088 -674846.45 -169447.37
V 3096 -674838.70 -169449.45
V 3104 -674739.20 -169449.45
V 3112 -674739.20 -169489.45
V 3120 -674838.70 -169489.45
V 3128 -674846.45 -169491.53
V 3136 -674852.12 -169497.20
V 3144 -674854.20 -169504.95
V 3152 -674854.20 -169575.95
V 3160 -674852.12 -169583.70
V 3168 -674846.45 -169589.37
V 3176 -674838.70 -169591.45
V 3184 -674739.20 -169591.45
V 3192 -674739.20 -169631.45
V 3200 -674838.70 -169631.45
V 3208 -674846.45 -169633.53
V 3216 -674852.12 -169639.20
V 3224 -674854.20 -169646.95
V 3232 -674854.20 -169717.95
V 3240 -674852.12 -169725.70
V 3248 -674846.45 -169731.37
V 3256 -674838.70 -169733.45
V 3264 -674739.20 -169733.45
V 3272 -674739.20 -169773.45
V 3280 -674838.70 -169773.45
V 3288 -674846.45 -169775.53
V 3296 -674852.12 -169781.20
V 3304 -674854.20 -169788.95
V 3312 -674854.20 -169859.95
V 3320 -674852.12 -169867.70
V 3328 -674846.45 -169873.37
V 3336 -674838.70 -169875.45
V 3344 -674739.20 -169875.45
V 3352 -674739.20 -169915.45
V 3360 -674838.70 -169915.45
V 3368 -674846.45 -169917.53
V 3376 -674852.12 -169923.20
V 3384 -674854.20 -169930.95
V 3392 -674854.20 -170001.95
V 3400 -674852.12 -170009.70
V 3408 -674846.45 -170015.37
V 3416 -674838.70 -170017.45
V 3424 -674739.20 -170017.45
V 3432 -674739.20 -170057.45
V 3440 -674838.70 -170057.45
V 3448 -674846.45 -170059.53
V 3456 -674852.12 -170065.20
V 3464 -674854.20 -170072.95
V 3472 -674854.20 -170143.95
V 3480 -674852.12 -170151.70
V 3488 -674846.45 -170157.37
V 3496 -674838.70 -170159.45
V 3504 -674739.20 -170159.45
V 3512 -674739.20 -170199.45
V 3520 -674838.70 -170199.45
V 3528 -674846.45 -170201.53
V 3536 -674852.12 -170207.20
V 3544 -674854.20 -170214.95
V 3552 -674854.20 -170285.95
V 3560 -674852.12 -170293.70
V 3568 -674846.45 -170299.37
V 3576 -674838.70 -170301.45
V 3584 -674739.20 -170301.45
V 3592 -674739.20 -170341.45
V 3600 -674838.70 -170341.45
V 3608 -674846.45 -170343.53
V 3616 -674852.12 -170349.20
V 3624 -674854.20 -170356.95
V 3632 -674854.20 -170427.95
V 3640 -674852.12 -170435.70
V 3648 -674846.45 -170441.37
V 3656 -674838.70 -170443.45
V 3664 -674739.20 -170443.45
V 3672 -674739.20 -170483.45
V 3680 -674838.70 -170483.45
V 3688 -674846.45 -170485.53
V 3696 -674852.12 -170491.20
V 3704 -674854.20 -170498.95
V 3712 -674854.20 -170569.95
V 3720 -674852.12 -170577.70
V 3728 -674846.45 -170583.37
V 3736 -674838.70 -170585.45
V 3744 -674739.20 -170585.45
V 3752 -674739.20 -170625.45
V 3760 -674838.70 -170625.45
V 3768 -674846.45 -170627.53
V 3776 -674852.12 -170633.20
V 3784 -674854.20 -170640.95
V 3792 -674854.20 -170711.95
V 3800 -674852.12 -170719.70
V 3808 -674846.45 -170725.37
V 3816 -674838.70 -170727.45
V 3824 -674739.20 -170727.45
V 3832 -674739.20 -170767.45
V 3840 -674838.70 -170767.45
V 3848 -674846.45 -170769.53
V 3856 -674852.12 -170775.20
V 3864 -674854.20 -170782.95
V 3872 -674854.20 -170853.95
V 3880 -674852.12 -170861.70
V 3888 -674846.45 -170867.37
V 3896 -674838.70 -170869.45
V 3904 -674739.20 -170869.45
V 3912 -674739.20 -170909.45
V 3920 -674838.70 -170909.45
V 3928 -674846.45 -170911.53
V 3936 -674852.12 -170917.20
V 3944 -674854.20 -170924.95
V 3952 -674854.20 -170995.95
V 3960 -674852.12 -171003.70
V 3968 -674846.45 -171009.37
V 3976 -674838.70 -171011.45
V 3984 -674739.20 -171011.45
V 3992 -674739.20 -171051.45
V 4000 -674838.70 -171051.45
V 4008 -674846.45 -171053.53
V 4016 -674852.12 -171059.20
V 4024 -674854.20 -171066.95
V 4032 -674854.20 -171137.95
V 4040 -674852.12 -171145.70
V 4048 -674846.45 -171151.37
V 4056 -674838.70 -171153.45
V 4064 -674739.20 -171153.45
V 4072 -674739.20 -171193.45
V 4080 -674838.70 -171193.45
V 4088 -674846.45 -171195.53
V 4096 -674852.12 -171201.20
V 4104 -674854.20 -171208.95
V 4112 -674854.20 -171279.95
V 4120 -674852.12 -171287.70
V 4128 -674846.45 -171293.37
V 4136 -674838.70 -171295.45
V 4144 -674739.20 -171295.45
V 4152 -674739.20 -171335.45
V 4160 -674838.70 -171335.45
V 4168 -674846.45 -171337.53
V 4176 -674852.12 -171343.20
V 4184 -674854.20 -171350.95
V 4192 -674854.20 -171421.95
V 4200 -674852.12 -171429.70
V 4208 -674846.45 -171435.37
V 4216 -674838.70 -171437.45
V 4224 -674739.20 -171437.45
V 4232 -674739.20 -171477.45
V 4240 -674838.70 -171477.45
V 4248 -674846.45 -171479.53
V 4256 -674852.12 -171485.20
V 4264 -674854.20 -171492.95
V 4272 -674854.20 -171563.95
V 4280 -674852.12 -171571.70
V 4288 -674846.45 -171577.37
V 4296 -674838.70 -171579.45
V 4304 -674739.20 -171579.45
V 4312 -674739.20 -171619.45
V 4320 -674838.70 -171619.45
V 4328 -674846.45 -171621.53
V 4336 -674852.12 -171627.20
V 4344 -674854.20 -171634.95
V 4352 -674854.20 -171705.95
V 4360 -674852.12 -171713.70
V 4368 -674846.45 -171719.37
V 4376 -674838.70 -171721.45
V 4384 -674739.20 -171721.45
V 4392 -674739.20 -171761.45
V 4400 -674838.70 -171761.45
V 4408 -674846.45 -171763.53
V 4416 -674852.12 -171769.20
V 4424 -674854.20 -171776.95
V 4432 -674854.20 -171847.95
V 4440 -674852.12 -171855.70
V 4448 -674846.45 -171861.37
V 4456 -674838.70 -171863.45
V 4464 -674739.20 -171863.45
V 4472 -674739.20 -171903.45
V 4480 -674838.70 -171903.45
V 4488 -674846.45 -171905.53
V 4496 -674852.12 -171911.20
V 4504 -674854.20 -171918.95
V 4512 -674854.20 -171989.95
V 4520 -674852.12 -171997.70
V 4528 -674846.45 -172003.37
V 4536 -674838.70 -172005.45
V 4544 -674739.20 -172005.45
V 4552 -674739.20 -172045.45
V 4560 -674838.70 -172045.45
V 4568 -674846.45 -172047.53
V 4576 -674852.12 -172053.20
V 4584 -674854.20 -172060.95
V 4592 -674854.20 -172131.95
V 4600 -674852.12 -172139.70
V 4608 -674846.45 -172145.37
V 4616 -674838.70 -172147.45
V 4624 -674739.20 -172147.45
V 4632 -674739.20 -172187.45
V 4640 -674838.70 -172187.45
V 4648 -674846.45 -172189.53
V 4656 -674852.12 -172195.20
V 4664 -674854.20 -172202.95
V 4672 -674854.20 -172273.95
V 4680 -674852.12 -172281.70
V 4688 -674846.45 -172287.37
V 4696 -674838.70 -172289.45
V 4704 -674739.20 -172289.45
V 4712 -674739.20 -172329.45
V 4720 -674838.70 -172329.45
V 4728 -674846.45 -172331.53
V 4736 -674852.12 -172337.20
V 4744 -674854.20 -172344.95
V 4752 -674854.20 -172415.95
V 4760 -674852.12 -172423.70
V 4768 -674846.45 -172429.37
V 4776 -674838.70 -172431.45
V 4784 -674739.20 -172431.45
V 4792 -674739.20 -172471.45
V 4800 -674838.70 -172471.45
V 4808 -674846.45 -172473.53
V 4816 -674852.12 -172479.20
V 4824 -674854.20 -172486.95
V 4832 -674854.20 -172557.95
V 4840 -674852.12 -172565.70
V 4848 -674846.45 -172571.37
V 4856 -674838.70 -172573.45
V 4864 -674739.20 -172573.45
V 4872 -674739.20 -172613.45
V 4880 -674838.70 -172613.45
V 4888 -674846.45 -172615.53
V 4896 -674852.12 -172621.20
V 4904 -674854.20 -172628.95
V 4912 -674854.20 -172699.95
V 4920 -674852.12 -172707.70
V 4928 -674846.45 -172713.37
V 4936 -674838.70 -172715.45
V 4944 -674739.20 -172715.45
V 4952 -674739.20 -172755.45
V 4960 -674838.70 -172755.45
V 4968 -674846.45 -172757.53
V 4976 -674852.12 -172763.20
V 4984 -674854.20 -172770.95
V 4992 -674854.20 -172841.95
V 5000 -674852.12 -172849.70
V 5008 -674846.45 -172855.37
V 5016 -674838.70 -172857.45
V 5024 -674739.20 -172857.45
V 5032 -674739.20 -172897.45
V 5040 -674838.70 -172897.45
V 5048 -674846.45 -172899.53
V 5056 -674852.12 -172905.20
V 5064 -674854.20 -172912.95
V 5072 -674854.20 -172983.95
V 5080 -674852.12 -172991.70
V 5088 -674846.45 -172997.37
V 5096 -674838.70 -172999.45
V 5104 -674739.20 -172999.45
V 5112 -674739.20 -173039.45
V 5120 -674838.70 -173039.45
V 5128 -674846.45 -173041.53
V 5136 -674852.12 -173047.20
V 5144 -674854.20 -173054.95
V 5152 -674854.20 -173125.95
V 5160 -674852.12 -173133.70
V 5168 -674846.45 -173139.37
V 5176 -674838.70 -173141.45
V 5184 -674739.20 -173141.45
V 5192 -674739.20 -173181.45
V 5200 -674838.70 -173181.45
V 5208 -674846.45 -173183.53
V 5216 -674852.12 -173189.20
V 5224 -674854.20 -173196.95
V 5232 -674854.20 -173267.95
V 5240 -674852.12 -173275.70
V 5248 -674846.45 -173281.37
V 5256 -674838.70 -173283.45
V 5264 -674739.20 -173283.45
V 5272 -674739.20 -173323.45
V 5280 -674838.70 -173323.45
V 5288 -674846.45 -173325.53
V 5296 -674852.12 -173331.20
V 5304 -674854.20 -173338.95
V 5312 -674854.20 -173409.95
V 5320 -674852.12 -173417.70
V 5328 -674846.45 -173423.37
V 5336 -674838.70 -173425.45
V 5344 -674739.20 -173425.45
V 5352 -674739.20 -173465.45
V 5360 -674838.70 -173465.45
V 5368 -674846.45 -173467.53
V 5376 -674852.12 -173473.20
V 5384 -674854.20 -173480.95
V 5392 -674854.20 -173551.95
V 5400 -674852.12 -173559.70
V 5408 -674846.45 -173565.37
V 5416 -674838.70 -173567.45
V 5424 -674739.20 -173567.45
V 5432 -674739.20 -173607.45
V 5440 -674838.70 -173607.45
V 5448 -674846.45 -173609.53
V 5456 -674852.12 -173615.20
V 5464 -674854.20 -173622.95
V 5472 -674854.20 -173693.95
V 5480 -674852.12 -173701.70
V 5488 -674846.45 -173707.37
V 5496 -674838.70 -173709.45
V 5504 -674739.20 -173709.45
V 5512 -674739.20 -173749.45
V 5520 -674838.70 -173749.45
V 5528 -674846.45 -173751.53
V 5536 -674852.12 -173757.20
V 5544 -674854.20 -173764.95
V 5552 -674854.20 -173835.95
V 5560 -674852.12 -173843.70
V 5568 -674846.45 -173849.37
V 5576 -674838.70 -173851.45
V 5584 -674739.20 -173851.45
V 5592 -674739.20 -173891.45
V 5600 -674838.70 -173891.45
V 5608 -674846.45 -173893.53
V 5616 -674852.12 -173899.20
V 5624 -674854.20 -173906.95
V 5632 -674854.20 -173977.95
V 5640 -674852.12 -173985.70
V 5648 -674846.45 -173991.37
V 5656 -674838.70 -173993.45
V 5664 -674739.20 -173993.45
V 5672 -674739.20 -174033.45
V 5680 -674838.70 -174033.45
V 5688 -674846.45 -174035.53
V 5696 -674852.12 -174041.20
V 5704 -674854.20 -174048.95
V 5712 -674854.20 -174119.95
V 5720 -674852.12 -174127.70
V 5728 -674846.45 -174133.37
V 5736 -674838.70 -174135.45
V 5744 -674739.20 -174135.45
V 5752 -674739.20 -174175.45
V 5760 -674838.70 -174175.45
V 5768 -674846.45 -174177.53
V 5776 -674852.12 -174183.20
V 5784 -674854.20 -174190.95
V 5792 -674854.20 -174261.95
V 5800 -674852.12 -174269.70
V 5808 -674846.45 -174275.37
V 5816 -674838.70 -174277.45
V 5824 -674739.20 -174277.45
V 5832 -674739.20 -174317.45
V 5840 -674838.70 -174317.45
V 5848 -674846.45 -174319.53
V 5856 -674852.12 -174325.20
V 5864 -674854.20 -174332.95
V 5872 -674854.20 -174403.95
V 5880 -674852.12 -174411.70
V 5888 -674846.45 -174417.37
V 5896 -674838.70 -174419.45
V 5904 -674739.20 -174419.45
V 5912 -674739.20 -174459.45
V 5920 -674838.70 -174459.45
V 5928 -674846.45 -174461.53
V 5936 -674852.12 -174467.20
V 5944 -674854.20 -174474.95
V 5952 -674854.20 -174545.95
V 5960 -674852.12 -174553.70
V 5968 -674846.45 -174559.37
V 5976 -674838.70 -174561.45
V 5984 -674739.20 -174561.45
V 5992 -674739.20 -174601.45
V 6000 -674838.70 -174601.45
V 6008 -674846.45 -174603.53
V 6016 -674852.12 -174609.20
V 6024 -674854.20 -174616.95
V 6032 -674854.20 -174687.95
V 6040 -674852.12 -174695.70
V 6048 -674846.45 -174701.37
V 6056 -674838.70 -174703.45
V 6064 -674739.20 -174703.45
V 6072 -674739.20 -174743.45
V 6080 -674838.70 -174743.45
V 6088 -674846.45 -174745.53
V 6096 -674852.12 -174751.20
V 6104 -674854.20 -174758.95
V 6112 -674854.20 -174829.95
V 6120 -674852.12 -174837.70
V 6128 -674846.45 -174843.37
V 6136 -674838.70 -174845.45
V 6144 -674739.20 -174845.45
V 6152 -674739.20 -174885.45
V 6160 -674838.70 -174885.45
V 6168 -674846.45 -174887.53
V 6176 -674852.12 -174893.20
V 6184 -674854.20 -174900.95
V 6192 -674854.20 -174971.95
V 6200 -674852.12 -174979.70
V 6208 -674846.45 -174985.37
V 6216 -674838.70 -174987.45
V 6224 -674739.20 -174987.45
V 6232 -674739.20 -175027.45
V 6240 -674838.70 -175027.45
V 6248 -674846.45 -175029.53
V 6256 -674852.12 -175035.20
V 6264 -674854.20 -175042.95
V 6272 -674854.20 -175113.95
V 6280 -674852.12 -175121.70
V 6288 -674846.45 -175127.37
V 6296 -674838.70 -175129.45
V 6304 -674739.20 -175129.45
V 6312 -674739.20 -175169.45
V 6320 -674838.70 -175169.45
V 6328 -674846.45 -175171.53
V 6336 -674852.12 -175177.20
V 6344 -674854.20 -175184.95
V 6352 -674854.20 -175255.95
V 6360 -674852.12 -175263.70
V 6368 -674846.45 -175269.37
V 6376 -674838.70 -175271.45
V 6384 -674739.20 -175271.45
V 6392 -674739.20 -175311.45
V 6400 -674838.70 -175311.45
V 6408 -674846.45 -175313.53
V 6416 -674852.12 -175319.20
V 6424 -674854.20 -175326.95
V 6432 -674854.20 -175397.95
V 6440 -674852.12 -175405.70
V 6448 -674846.45 -175411.37
V 6456 -674838.70 -175413.45
V 6464 -674739.20 -175413.45
V 6472 -674739.20 -175453.45
V 6480 -674838.70 -175453.45
V 6488 -674846.45 -175455.53
V 6496 -674852.12 -175461.20
V 6504 -674854.20 -175468.95
V 6512 -674854.20 -175539.95
V 6520 -674852.12 -175547.70
V 6528 -674846.45 -175553.37
V 6536 -674838.70 -175555.45
V 6544 -674739.20 -175555.45
V 6552 -674739.20 -175595.45
V 6560 -674838.70 -175595.45
V 6568 -674846.45 -175597.53
V 6576 -674852.12 -175603.20
V 6584 -674854.20 -175610.95
V 6592 -674854.20 -175681.95
V 6600 -674852.12 -175689.70
V 6608 -674846.45 -175695.37
V 6616 -674838.70 -175697.45
V 6624 -674739.20 -175697.45
V 6632 -674739.20 -175737.45
V 6640 -674838.70 -175737.45
V 6648 -674846.45 -175739.53
V 6656 -674852.12 -175745.20
V 6664 -674854.20 -175752.95
V 6672 -674854.20 -175823.95
V 6680 -674852.12 -175831.70
V 6688 -674846.45 -175837.37
V 6696 -674838.70 -175839.45
V 6704 -674739.20 -175839.45
V 6712 -674739.20 -175879.45
V 6720 -674838.70 -175879.45
V 6728 -674846.45 -175881.53
V 6736 -674852.12 -175887.20
V 6744 -674854.20 -175894.95
V 6752 -674854.20 -175965.95
V 6760 -674852.12 -175973.70
V 6768 -674846.45 -175979.37
V 6776 -674838.70 -175981.45
V 6784 -674739.20 -175981.45
V 6792 -674739.20 -176021.45
V 6800 -674838.70 -176021.45
V 6808 -674846.45 -176023.53
V 6816 -674852.12 -176029.20
V 6824 -674854.20 -176036.95
V 6832 -674854.20 -176107.95
V 6840 -674852.12 -176115.70
V 6848 -674846.45 -176121.37
V 6856 -674838.70 -176123.45
V 6864 -674739.20 -176123.45
V 6872 -674739.20 -176163.45
V 6880 -674838.70 -176163.45
V 6888 -674846.45 -176165.53
V 6896 -674852.12 -176171.20
V 6904 -674854.20 -176178.95
V 6912 -674854.20 -176249.95
V 6920 -674852.12 -176257.70
V 6928 -674846.45 -176263.37
V 6936 -674838.70 -176265.45
V 6944 -674739.20 -176265.45
V 6952 -674739.20 -176305.45
V 6960 -674838.70 -176305.45
V 6968 -674846.45 -176307.53
V 6976 -674852.12 -176313.20
V 6984 -674854.20 -176320.95
V 6992 -674854.20 -176391.95
V 7000 -674852.12 -176399.70
V 7008 -674846.45 -176405.37
V 7016 -674838.70 -176407.45
V 7024 -674739.20 -176407.45
V 7032 -674739.20 -176447.45
V 7040 -674838.70 -176447.45
V 7048 -674846.45 -176449.53
V 7056 -674852.12 -176455.20
V 7064 -674854.20 -176462.95
V 7072 -674854.20 -176533.95
V 7080 -674852.12 -176541.70
V 7088 -674846.45 -176547.37
V 7096 -674838.70 -176549.45
V 7104 -674739.20 -176549.45
V 7112 -674739.20 -176589.45
V 7120 -674838.70 -176589.45
V 7128 -674846.45 -176591.53
V 7136 -674852.12 -176597.20
V 7144 -674854.20 -176604.95
V 7152 -674854.20 -176675.95
V 7160 -674852.12 -176683.70
V 7168 -674846.45 -176689.37
V 7176 -674838.70 -176691.45
V 7184 -674739.20 -176691.45
V 7192 -674739.20 -176731.45
V 7200 -674838.70 -176731.45
V 7208 -674846.45 -176733.53
V 7216 -674852.12 -176739.20
V 7224 -674854.20 -176746.95
V 7232 -674854.20 -176817.95
V 7240 -674852.12 -176825.70
V 7248 -674846.45 -176831.37
V 7256 -674838.70 -176833.45
V 7264 -674739.20 -176833.45
V 7272 -674739.20 -176873.45
V 7280 -674838.70 -176873.45
V 7288 -674846.45 -176875.53
V 7296 -674852.12 -176881.20
V 7304 -674854.20 -176888.95
V 7312 -674854.20 -176959.95
V 7320 -674852.12 -176967.70
V 7328 -674846.45 -176973.37
V 7336 -674838.70 -176975.45
V 7344 -674739.20 -176975.45
V 7352 -674739.20 -177015.45
V 7360 -674838.70 -177015.45
V 7368 -674846.45 -177017.53
V 7376 -674852.12 -177023.20
V 7384 -674854.20 -177030.95
V 7392 -674854.20 -177101.95
V 7400 -674852.12 -177109.70
V 7408 -674846.45 -177115.37
V 7416 -674838.70 -177117.45
V 7424 -674739.20 -177117.45
V 7432 -674739.20 -177157.45
V 7440 -674838.70 -177157.45
V 7448 -674846.45 -177159.53
V 7456 -674852.12 -177165.20
V 7464 -674854.20 -177172.95
V 7472 -674854.20 -177243.95
V 7480 -674852.12 -177251.70
V 7488 -674846.45 -177257.37
V 7496 -674838.70 -177259.45
V 7504 -674739.20 -177259.45
V 7512 -674739.20 -177299.45
V 7520 -674838.70 -177299.45
V 7528 -674846.45 -177301.53
V 7536 -674852.12 -177307.20
V 7544 -674854.20 -177314.95
V 7552 -674854.20 -177385.95
V 7560 -674852.12 -177393.70
V 7568 -674846.45 -177399.37
V 7576 -674838.70 -177401.45
V 7584 -674739.20 -177401.45
V 7592 -674739.20 -177441.45
V 7600 -674838.70 -177441.45
V 7608 -674846.45 -177443.53
V 7616 -674852.12 -177449.20
V 7624 -674854.20 -177456.95
V 7632 -674854.20 -177527.95
V 7640 -674852.12 -177535.70
V 7648 -674846.45 -177541.37
V 7656 -674838.70 -177543.45
V 7664 -674739.20 -177543.45
V 7672 -674739.20 -177583.45
V 7680 -674838.70 -177583.45
V 7688 -674846.45 -177585.53
V 7696 -674852.12 -177591.20
V 7704 -674854.20 -177598.95
V 7712 -674854.20 -177669.95
V 7720 -674852.12 -177677.70
V 7728 -674846.45 -177683.37
V 7736 -674838.70 -177685.45
V 7744 -674739.20 -177685.45
V 7752 -674739.20 -177725.45
V 7760 -674838.70 -177725.45
V 7768 -674846.45 -177727.53
V 7776 -674852.12 -177733.20
V 7784 -674854.20 -177740.95
V 7792 -674854.20 -177811.95
V 7800 -674852.12 -177819.70
V 7808 -674846.45 -177825.37
V 7816 -674838.70 -177827.45
V 7824 -674739.20 -177827.45
V 7832 -674739.20 -177867.45
V 7840 -674838.70 -177867.45
V 7848 -674846.45 -177869.53
V 7856 -674852.12 -177875.20
V 7864 -674854.20 -177882.95
V 7872 -674854.20 -177953.95
V 7880 -674852.12 -177961.70
V 7888 -674846.45 -177967.37
V 7896 -674838.70 -177969.45
V 7904 -674739.20 -177969.45
V 7912 -674739.20 -178009.45
V 7920 -674838.70 -178009.45
V 7928 -674846.45 -178011.53
V 7936 -674852.12 -178017.20
V 7944 -674854.20 -178024.95
V 7952 -674854.20 -178095.95
V 7960 -674852.12 -178103.70
V 7968 -674846.45 -178109.37
V 7976 -674838.70 -178111.45
V 7984 -674739.20 -178111.45
V 7992 -674739.20 -178151.45
V 8000 -674838.70 -178151.45
V 8008 -674846.45 -178153.53
V 8016 -674852.12 -178159.20
V 8024 -674854.20 -178166.95
V 8032 -674854.20 -178237.95
V 8040 -674852.12 -178245.70
V 8048 -674846.45 -178251.37
V 8056 -674838.70 -178253.45
V 8064 -674739.20 -178253.45
V 8072 -674739.20 -178293.45
V 8080 -674838.70 -178293.45
V 8088 -674846.45 -178295.53
V 8096 -674852.12 -178301.20
V 8104 -674854.20 -178308.95
V 8112 -674854.20 -178379.95
V 8120 -674852.12 -178387.70
V 8128 -674846.45 -178393.37
V 8136 -674838.70 -178395.45
V 8144 -674796.70 -178395.45
V 8152 -674796.70 -178404.45
V 8160 -674765.70 -178404.45
V 8168 -674765.70 -178379.95
V 8176 -674765.74 -178378.84
V 8184 -674765.86 -178377.74
V 8192 -674766.05 -178376.66
V 8200 -674766.33 -178375.58
V 8208 -674766.68 -178374.53
V 8216 -674767.10 -178373.51
V 8224 -674767.60 -178372.52
V 8232 -674768.16 -178371.57
V 8240 -674768.79 -178370.66
V 8248 -674769.49 -178369.80
V 8256 -674770.24 -178368.99
V 8264 -674771.05 -178368.24
V 8272 -674771.91 -178367.54
V 8280 -674772.82 -178366.91
V 8288 -674773.77 -178366.35
V 8296 -674774.76 -178365.85
V 8304 -674775.78 -178365.43
V 8312 -674776.83 -178365.08
V 8320 -674777.91 -178364.80
V 8328 -674778.99 -178364.61
V 8336 -674780.09 -178364.49
V 8344 -674781.20 -178364.45
V 8352 -674823.20 -178364.45
V 8360 -674823.20 -178324.45
V 8368 -674723.70 -178324.45
V 8376 -674715.95 -178322.37
V 8384 -674710.28 -178316.70
V 8392 -674708.20 -178308.95
V 8400 -674708.20 -178237.95
V 8408 -674710.28 -178230.20
V 8416 -674715.95 -178224.53
V 8424 -674723.70 -178222.45
V 8432 -674823.20 -178222.45
V 8440 -674823.20 -178182.45
V 8448 -674723.70 -178182.45
V 8456 -674715.95 -178180.37
V 8464 -674710.28 -178174.70
V 8472 -674708.20 -178166.95
V 8480 -674708.20 -178095.95
V 8488 -674710.28 -178088.20
V 8496 -674715.95 -178082.53
V 8504 -674723.70 -178080.45
V 8512 -674823.20 -178080.45
V 8520 -674823.20 -178040.45
V 8528 -674723.70 -178040.45
V 8536 -674715.95 -178038.37
V 8544 -674710.28 -178032.70
V 8552 -674708.20 -178024.95
V 8560 -674708.20 -177953.95
V 8568 -674710.28 -177946.20
V 8576 -674715.95 -177940.53
V 8584 -674723.70 -177938.45
V 8592 -674823.20 -177938.45
V 8600 -674823.20 -177898.45
V 8608 -674723.70 -177898.45
V 8616 -674715.95 -177896.37
V 8624 -674710.28 -177890.70
V 8632 -674708.20 -177882.95
V 8640 -674708.20 -177811.95
V 8648 -674710.28 -177804.20
V 8656 -674715.95 -177798.53
V 8664 -674723.70 -177796.45
V 8672 -674823.20 -177796.45
V 8680 -674823.20 -177756.45
V 8688 -674723.70 -177756.45
V 8696 -674715.95 -177754.37
V 8704 -674710.28 -177748.70
V 8712 -674708.20 -177740.95
V 8720 -674708.20 -177669.95
V 8728 -674710.28 -177662.20
V 8736 -674715.95 -177656.53
V 8744 -674723.70 -177654.45
V 8752 -674823.20 -177654.45
V 8760 -674823.20 -177614.45
V 8768 -674723.70 -177614.45
V 8776 -674715.95 -177612.37
V 8784 -674710.28 -177606.70
V 8792 -674708.20 -177598.95
V 8800 -674708.20 -177527.95
V 8808 -674710.28 -177520.20
V 8816 -674715.95 -177514.53
V 8824 -674723.70 -177512.45
V 8832 -674823.20 -177512.45
V 8840 -674823.20 -177472.45
V 8848 -674723.70 -177472.45
V 8856 -674715.95 -177470.37
V 8864 -674710.28 -177464.70
V 8872 -674708.20 -177456.95
V 8880 -674708.20 -177385.95
V 8888 -674710.28 -177378.20
V 8896 -674715.95 -177372.53
V 8904 -674723.70 -177370.45
V 8912 -674823.20 -177370.45
V 8920 -674823.20 -177330.45
V 8928 -674723.70 -177330.45
V 8936 -674715.95 -177328.37
V 8944 -674710.28 -177322.70
V 8952 -674708.20 -177314.95
V 8960 -674708.20 -177243.95
V 8968 -674710.28 -177236.20
V 8976 -674715.95 -177230.53
V 8984 -674723.70 -177228.45
V 8992 -674823.20 -177228.45
V 9000 -674823.20 -177188.45
V 9008 -674723.70 -177188.45
V 9016 -674715.95 -177186.37
V 9024 -674710.28 -177180.70
V 9032 -674708.20 -177172.95
V 9040 -674708.20 -177101.95
V 9048 -674710.28 -177094.20
V 9056 -674715.95 -177088.53
V 9064 -674723.70 -177086.45
V 9072 -674823.20 -177086.45
V 9080 -674823.20 -177046.45
V 9088 -674723.70 -177046.45
V 9096 -674715.95 -177044.37
V 9104 -674710.28 -177038.70
V 9112 -674708.20 -177030.95
V 9120 -674708.20 -176959.95
V 9128 -674710.28 -176952.20
V 9136 -674715.95 -176946.53
V 9144 -674723.70 -176944.45
V 9152 -674823.20 -176944.45
V 9160 -674823.20 -176904.45
V 9168 -674723.70 -176904.45
V 9176 -674715.95 -176902.37
V 9184 -674710.28 -176896.70
V 9192 -674708.20 -176888.95
V 9200 -674708.20 -176817.95
V 9208 -674710.28 -176810.20
V 9216 -674715.95 -176804.53
V 9224 -674723.70 -176802.45
V 9232 -674823.20 -176802.45
V 9240 -674823.20 -176762.45
V 9248 -674723.70 -176762.45
V 9256 -674715.95 -176760.37
V 9264 -674710.28 -176754.70
V 9272 -674708.20 -176746.95
V 9280 -674708.20 -176675.95
V 9288 -674710.28 -176668.20
V 9296 -674715.95 -176662.53
V 9304 -674723.70 -176660.45
V 9312 -674823.20 -176660.45
V 9320 -674823.20 -176620.45
V 9328 -674723.70 -176620.45
V 9336 -674715.95 -176618.37
V 9344 -674710.28 -176612.70
V 9352 -674708.20 -176604.95
V 9360 -674708.20 -176533.95
V 9368 -674710.28 -176526.20
V 9376 -674715.95 -176520.53
V 9384 -674723.70 -176518.45
V 9392 -674823.20 -176518.45
V 9400 -674823.20 -176478.45
V 9408 -674723.70 -176478.45
V 9416 -674715.95 -176476.37
V 9424 -674710.28 -176470.70
V 9432 -674708.20 -176462.95
V 9440 -674708.20 -176391.95
V 9448 -674710.28 -176384.20
V 9456 -674715.95 -176378.53
V 9464 -674723.70 -176376.45
V 9472 -674823.20 -176376.45
V 9480 -674823.20 -176336.45
V 9488 -674723.70 -176336.45
V 9496 -674715.95 -176334.37
V 9504 -674710.28 -176328.70
V 9512 -674708.20 -176320.95
V 9520 -674708.20 -176249.95
V 9528 -674710.28 -176242.20
V 9536 -674715.95 -176236.53
V 9544 -674723.70 -176234.45
V 9552 -674823.20 -176234.45
V 9560 -674823.20 -176194.45
V 9568 -674723.70 -176194.45
V 9576 -674715.95 -176192.37
V 9584 -674710.28 -176186.70
V 9592 -674708.20 -176178.95
V 9600 -674708.20 -176107.95
V 9608 -674710.28 -176100.20
V 9616 -674715.95 -176094.53
V 9624 -674723.70 -176092.45
V 9632 -674823.20 -176092.45
V 9640 -674823.20 -176052.45
V 9648 -674723.70 -176052.45
V 9656 -674715.95 -176050.37
V 9664 -674710.28 -176044.70
V 9672 -674708.20 -176036.95
V 9680 -674708.20 -175965.95
V 9688 -674710.28 -175958.20
V 9696 -674715.95 -175952.53
V 9704 -674723.70 -175950.45
V 9712 -674823.20 -175950.45
V 9720 -674823.20 -175910.45
V 9728 -674723.70 -175910.45
V 9736 -674715.95 -175908.37
V 9744 -674710.28 -175902.70
V 9752 -674708.20 -175894.95
V 9760 -674708.20 -175823.95
V 9768 -674710.28 -175816.20
V 9776 -674715.95 -175810.53
V 9784 -674723.70 -175808.45
V 9792 -674823.20 -175808.45
V 9800 -674823.20 -175768.45
V 9808 -674723.70 -175768.45
V 9816 -674715.95 -175766.37
V 9824 -674710.28 -175760.70
V 9832 -674708.20 -175752.95
V 9840 -674708.20 -175681.95
V 9848 -674710.28 -175674.20
V 9856 -674715.95 -175668.53
V 9864 -674723.70 -175666.45
V 9872 -674823.20 -175666.45
V 9880 -674823.20 -175626.45
V 9888 -674723.70 -175626.45
V 9896 -674715.95 -175624.37
V 9904 -674710.28 -175618.70
V 9912 -674708.20 -175610.95
V 9920 -674708.20 -175539.95
V 9928 -674710.28 -175532.20
V 9936 -674715.95 -175526.53
V 9944 -674723.70 -175524.45
V 9952 -674823.20 -175524.45
V 9960 -674823.20 -175484.45
V 9968 -674723.70 -175484.45
V 9976 -674715.95 -175482.37
V 9984 -674710.28 -175476.70
V 9992 -674708.20 -175468.95
V 10000 -674708.20 -175397.95
V 10008 -674710.28 -175390.20
V 10016 -674715.95 -175384.53
V 10024 -674723.70 -175382.45
V 10032 -674823.20 -175382.45
V 10040 -674823.20 -175342.45
V 10048 -674723.70 -175342.45
V 10056 -674715.95 -175340.37
V 10064 -674710.28 -175334.70
V 10072 -674708.20 -175326.95
V 10080 -674708.20 -175255.95
V 10088 -674710.28 -175248.20
V 10096 -674715.95 -175242.53
V 10104 -674723.70 -175240.45
V 10112 -674823.20 -175240.45
V 10120 -674823.20 -175200.45
V 10128 -674723.70 -175200.45
V 10136 -674715.95 -175198.37
V 10144 -674710.28 -175192.70
V 10152 -674708.20 -175184.95
V 10160 -674708.20 -175113.95
V 10168 -674710.28 -175106.20
V 10176 -674715.95 -175100.53
V 10184 -674723.70 -175098.45
V 10192 -674823.20 -175098.45
V 10200 -674823.20 -175058.45
V 10208 -674723.70 -175058.45
V 10216 -674715.95 -175056.37
V 10224 -674710.28 -175050.70
V 10232 -674708.20 -175042.95
V 10240 -674708.20 -174971.95
V 10248 -674710.28 -174964.20
V 10256 -674715.95 -174958.53
V 10264 -674723.70 -174956.45
V 10272 -674823.20 -174956.45
V 10280 -674823.20 -174916.45
V 10288 -674723.70 -174916.45
V 10296 -674715.95 -174914.37
V 10304 -674710.28 -174908.70
V 10312 -674708.20 -174900.95
V 10320 -674708.20 -174829.95
V 10328 -674710.28 -174822.20
V 10336 -674715.95 -174816.53
V 10344 -674723.70 -174814.45
V 10352 -674823.20 -174814.45
V 10360 -674823.20 -174774.45
V 10368 -674723.70 -174774.45
V 10376 -674715.95 -174772.37
V 10384 -674710.28 -174766.70
V 10392 -674708.20 -174758.95
V 10400 -674708.20 -174687.95
V 10408 -674710.28 -174680.20
V 10416 -674715.95 -174674.53
V 10424 -674723.70 -174672.45
V 10432 -674823.20 -174672.45
V 10440 -674823.20 -174632.45
V 10448 -674723.70 -174632.45
V 10456 -674715.95 -174630.37
V 10464 -674710.28 -174624.70
V 10472 -674708.20 -174616.95
V 10480 -674708.20 -174545.95
V 10488 -674710.28 -174538.20
V 10496 -674715.95 -174532.53
V 10504 -674723.70 -174530.45
V 10512 -674823.20 -174530.45
V 10520 -674823.20 -174490.45
V 10528 -674723.70 -174490.45
V 10536 -674715.95 -174488.37
V 10544 -674710.28 -174482.70
V 10552 -674708.20 -174474.95
V 10560 -674708.20 -174403.95
V 10568 -674710.28 -174396.20
V 10576 -674715.95 -174390.53
V 10584 -674723.70 -174388.45
V 10592 -674823.20 -174388.45
V 10600 -674823.20 -174348.45
V 10608 -674723.70 -174348.45
V 10616 -674715.95 -174346.37
V 10624 -674710.28 -174340.70
V 10632 -674708.20 -174332.95
V 10640 -674708.20 -174261.95
V 10648 -674710.28 -174254.20
V 10656 -674715.95 -174248.53
V 10664 -674723.70 -174246.45
V 10672 -674823.20 -174246.45
V 10680 -674823.20 -174206.45
V 10688 -674723.70 -174206.45
V 10696 -674715.95 -174204.37
V 10704 -674710.28 -174198.70
V 10712 -674708.20 -174190.95
V 10720 -674708.20 -174119.95
V 10728 -674710.28 -174112.20
V 10736 -674715.95 -174106.53
V 10744 -674723.70 -174104.45
V 10752 -674823.20 -174104.45
V 10760 -674823.20 -174064.45
V 10768 -674723.70 -174064.45
V 10776 -674715.95 -174062.37
V 10784 -674710.28 -174056.70
V 10792 -674708.20 -174048.95
V 10800 -674708.20 -173977.95
V 10808 -674710.28 -173970.20
V 10816 -674715.95 -173964.53
V 10824 -674723.70 -173962.45
V 10832 -674823.20 -173962.45
V 10840 -674823.20 -173922.45
V 10848 -674723.70 -173922.45
V 10856 -674715.95 -173920.37
V 10864 -674710.28 -173914.70
V 10872 -674708.20 -173906.95
V 10880 -674708.20 -173835.95
V 10888 -674710.28 -173828.20
V 10896 -674715.95 -173822.53
V 10904 -674723.70 -173820.45
V 10912 -674823.20 -173820.45
V 10920 -674823.20 -173780.45
V 10928 -674723.70 -173780.45
V 10936 -674715.95 -173778.37
V 10944 -674710.28 -173772.70
V 10952 -674708.20 -173764.95
V 10960 -674708.20 -173693.95
V 10968 -674710.28 -173686.20
V 10976 -674715.95 -173680.53
V 10984 -674723.70 -173678.45
V 10992 -674823.20 -173678.45
V 11000 -674823.20 -173638.45
V 11008 -674723.70 -173638.45
V 11016 -674715.95 -173636.37
V 11024 -674710.28 -173630.70
V 11032 -674708.20 -173622.95
V 11040 -674708.20 -173551.95
V 11048 -674710.28 -173544.20
V 11056 -674715.95 -173538.53
V 11064 -674723.70 -173536.45
V 11072 -674823.20 -173536.45
V 11080 -674823.20 -173496.45
V 11088 -674723.70 -173496.45
V 11096 -674715.95 -173494.37
V 11104 -674710.28 -173488.70
V 11112 -674708.20 -173480.95
V 11120 -674708.20 -173409.95
V 11128 -674710.28 -173402.20
V 11136 -674715.95 -173396.53
V 11144 -674723.70 -173394.45
V 11152 -674823.20 -173394.45
V 11160 -674823.20 -173354.45
V 11168 -674723.70 -173354.45
V 11176 -674715.95 -173352.37
V 11184 -674710.28 -173346.70
V 11192 -674708.20 -173338.95
V 11200 -674708.20 -173267.95
V 11208 -674710.28 -173260.20
V 11216 -674715.95 -173254.53
V 11224 -674723.70 -173252.45
V 11232 -674823.20 -173252.45
V 11240 -674823.20 -173212.45
V 11248 -674723.70 -173212.45
V 11256 -674715.95 -173210.37
V 11264 -674710.28 -173204.70
V 11272 -674708.20 -173196.95
V 11280 -674708.20 -173125.95
V 11288 -674710.28 -173118.20
V 11296 -674715.95 -173112.53
V 11304 -674723.70 -173110.45
V 11312 -674823.20 -173110.45
V 11320 -674823.20 -173070.45
V 11328 -674723.70 -173070.45
V 11336 -674715.95 -173068.37
V 11344 -674710.28 -173062.70
V 11352 -674708.20 -173054.95
V 11360 -674708.20 -172983.95
V 11368 -674710.28 -172976.20
V 11376 -674715.95 -172970.53
V 11384 -674723.70 -172968.45
V 11392 -674823.20 -172968.45
V 11400 -674823.20 -172928.45
V 11408 -674723.70 -172928.45
V 11416 -674715.95 -172926.37
V 11424 -674710.28 -172920.70
V 11432 -674708.20 -172912.95
V 11440 -674708.20 -172841.95
V 11448 -674710.28 -172834.20
V 11456 -674715.95 -172828.53
V 11464 -674723.70 -172826.45
V 11472 -674823.20 -172826.45
V 11480 -674823.20 -172786.45
V 11488 -674723.70 -172786.45
V 11496 -674715.95 -172784.37
V 11504 -674710.28 -172778.70
V 11512 -674708.20 -172770.95
V 11520 -674708.20 -172699.95
V 11528 -674710.28 -172692.20
V 11536 -674715.95 -172686.53
V 11544 -674723.70 -172684.45
V 11552 -674823.20 -172684.45
V 11560 -674823.20 -172644.45
V 11568 -674723.70 -172644.45
V 11576 -674715.95 -172642.37
V 11584 -674710.28 -172636.70
V 11592 -674708.20 -172628.95
V 11600 -674708.20 -172557.95
V 11608 -674710.28 -172550.20
V 11616 -674715.95 -172544.53
V 11624 -674723.70 -172542.45
V 11632 -674823.20 -172542.45
V 11640 -674823.20 -172502.45
V 11648 -674723.70 -172502.45
V 11656 -674715.95 -172500.37
V 11664 -674710.28 -172494.70
V 11672 -674708.20 -172486.95
V 11680 -674708.20 -172415.95
V 11688 -674710.28 -172408.20
V 11696 -674715.95 -172402.53
V 11704 -674723.70 -172400.45
V 11712 -674823.20 -172400.45
V 11720 -674823.20 -172360.45
V 11728 -674723.70 -172360.45
V 11736 -674715.95 -172358.37
V 11744 -674710.28 -172352.70
V 11752 -674708.20 -172344.95
V 11760 -674708.20 -172273.95
V 11768 -674710.28 -172266.20
V 11776 -674715.95 -172260.53
V 11784 -674723.70 -172258.45
V 11792 -674823.20 -172258.45
V 11800 -674823.20 -172218.45
V 11808 -674723.70 -172218.45
V 11816 -674715.95 -172216.37
V 11824 -674710.28 -172210.70
V 11832 -674708.20 -172202.95
V 11840 -674708.20 -172131.95
V 11848 -674710.28 -172124.20
V 11856 -674715.95 -172118.53
V 11864 -674723.70 -172116.45
V 11872 -674823.20 -172116.45
V 11880 -674823.20 -172076.45
V 11888 -674723.70 -172076.45
V 11896 -674715.95 -172074.37
V 11904 -674710.28 -172068.70
V 11912 -674708.20 -172060.95
V 11920 -674708.20 -171989.95
V 11928 -674710.28 -171982.20
V 11936 -674715.95 -171976.53
V 11944 -674723.70 -171974.45
V 11952 -674823.20 -171974.45
V 11960 -674823.20 -171934.45
V 11968 -674723.70 -171934.45
V 11976 -674715.95 -171932.37
V 11984 -674710.28 -171926.70
V 11992 -674708.20 -171918.95
V 12000 -674708.20 -171847.95
V 12008 -674710.28 -171840.20
V 12016 -674715.95 -171834.53
V 12024 -674723.70 -171832.45
V 12032 -674823.20 -171832.45
V 12040 -674823.20 -171792.45
V 12048 -674723.70 -171792.45
V 12056 -674715.95 -171790.37
V 12064 -674710.28 -171784.70
V 12072 -674708.20 -171776.95
V 12080 -674708.20 -171705.95
V 12088 -674710.28 -171698.20
V 12096 -674715.95 -171692.53
V 12104 -674723.70 -171690.45
V 12112 -674823.20 -171690.45
V 12120 -674823.20 -171650.45
V 12128 -674723.70 -171650.45
V 12136 -674715.95 -171648.37
V 12144 -674710.28 -171642.70
V 12152 -674708.20 -171634.95
V 12160 -674708.20 -171563.95
V 12168 -674710.28 -171556.20
V 12176 -674715.95 -171550.53
V 12184 -674723.70 -171548.45
V 12192 -674823.20 -171548.45
V 12200 -674823.20 -171508.45
V 12208 -674723.70 -171508.45
V 12216 -674715.95 -171506.37
V 12224 -674710.28 -171500.70
V 12232 -674708.20 -171492.95
V 12240 -674708.20 -171421.95
V 12248 -674710.28 -171414.20
V 12256 -674715.95 -171408.53
V 12264 -674723.70 -171406.45
V 12272 -674823.20 -171406.45
V 12280 -674823.20 -171366.45
V 12288 -674723.70 -171366.45
V 12296 -674715.95 -171364.37
V 12304 -674710.28 -171358.70
V 12312 -674708.20 -171350.95
V 12320 -674708.20 -171279.95
V 12328 -674710.28 -171272.20
V 12336 -674715.95 -171266.53
V 12344 -674723.70 -171264.45
V 12352 -674823.20 -171264.45
V 12360 -674823.20 -171224.45
V 12368 -674723.70 -171224.45
V 12376 -674715.95 -171222.37
V 12384 -674710.28 -171216.70
V 12392 -674708.20 -171208.95
V 12400 -674708.20 -171137.95
V 12408 -674710.28 -171130.20
V 12416 -674715.95 -171124.53
V 12424 -674723.70 -171122.45
V 12432 -674823.20 -171122.45
V 12440 -674823.20 -171082.45
V 12448 -674723.70 -171082.45
V 12456 -674715.95 -171080.37
V 12464 -674710.28 -171074.70
V 12472 -674708.20 -171066.95
V 12480 -674708.20 -170995.95
V 12488 -674710.28 -170988.20
V 12496 -674715.95 -170982.53
V 12504 -674723.70 -170980.45
V 12512 -674823.20 -170980.45
V 12520 -674823.20 -170940.45
V 12528 -674723.70 -170940.45
V 12536 -674715.95 -170938.37
V 12544 -674710.28 -170932.70
V 12552 -674708.20 -170924.95
V 12560 -674708.20 -170853.95
V 12568 -674710.28 -170846.20
V 12576 -674715.95 -170840.53
V 12584 -674723.70 -170838.45
V 12592 -674823.20 -170838.45
V 12600 -674823.20 -170798.45
V 12608 -674723.70 -170798.45
V 12616 -674715.95 -170796.37
V 12624 -674710.28 -170790.70
V 12632 -674708.20 -170782.95
V 12640 -674708.20 -170711.95
V 12648 -674710.28 -170704.20
V 12656 -674715.95 -170698.53
V 12664 -674723.70 -170696.45
V 12672 -674823.20 -170696.45
V 12680 -674823.20 -170656.45
V 12688 -674723.70 -170656.45
V 12696 -674715.95 -170654.37
V 12704 -674710.28 -170648.70
V 12712 -674708.20 -170640.95
V 12720 -674708.20 -170569.95
V 12728 -674710.28 -170562.20
V 12736 -674715.95 -170556.53
V 12744 -674723.70 -170554.45
V 12752 -674823.20 -170554.45
V 12760 -674823.20 -170514.45
V 12768 -674723.70 -170514.45
V 12776 -674715.95 -170512.37
V 12784 -674710.28 -170506.70
V 12792 -674708.20 -170498.95
V 12800 -674708.20 -170427.95
V 12808 -674710.28 -170420.20
V 12816 -674715.95 -170414.53
V 12824 -674723.70 -170412.45
V 12832 -674823.20 -170412.45
V 12840 -674823.20 -170372.45
V 12848 -674723.70 -170372.45
V 12856 -674715.95 -170370.37
V 12864 -674710.28 -170364.70
V 12872 -674708.20 -170356.95
V 12880 -674708.20 -170285.95
V 12888 -674710.28 -170278.20
V 12896 -674715.95 -170272.53
V 12904 -674723.70 -170270.45
V 12912 -674823.20 -170270.45
V 12920 -674823.20 -170230.45
V 12928 -674723.70 -170230.45
V 12936 -674715.95 -170228.37
V 12944 -674710.28 -170222.70
V 12952 -674708.20 -170214.95
V 12960 -674708.20 -170143.95
V 12968 -674710.28 -170136.20
V 12976 -674715.95 -170130.53
V 12984 -674723.70 -170128.45
V 12992 -674823.20 -170128.45
V 13000 -674823.20 -170088.45
V 13008 -674723.70 -170088.45
V 13016 -674715.95 -170086.37
V 13024 -674710.28 -170080.70
V 13032 -674708.20 -170072.95
V 13040 -674708.20 -170001.95
V 13048 -674710.28 -169994.20
V 13056 -674715.95 -169988.53
V 13064 -674723.70 -169986.45
V 13072 -674823.20 -169986.45
V 13080 -674823.20 -169946.45
V 13088 -674723.70 -169946.45
V 13096 -674715.95 -169944.37
V 13104 -674710.28 -169938.70
V 13112 -674708.20 -169930.95
V 13120 -674708.20 -169859.95
V 13128 -674710.28 -169852.20
V 13136 -674715.95 -169846.53
V 13144 -674723.70 -169844.45
V 13152 -674823.20 -169844.45
V 13160 -674823.20 -169804.45
V 13168 -674723.70 -169804.45
V 13176 -674715.95 -169802.37
V 13184 -674710.28 -169796.70
V 13192 -674708.20 -169788.95
V 13200 -674708.20 -169717.95
V 13208 -674710.28 -169710.20
V 13216 -674715.95 -169704.53
V 13224 -674723.70 -169702.45
V 13232 -674823.20 -169702.45
V 13240 -674823.20 -169662.45
V 13248 -674723.70 -169662.45
V 13256 -674715.95 -169660.37
V 13264 -674710.28 -169654.70
V 13272 -674708.20 -169646.95
V 13280 -674708.20 -169575.95
V 13288 -674710.28 -169568.20
V 13296 -674715.95 -169562.53
V 13304 -674723.70 -169560.45
V 13312 -674823.20 -169560.45
V 13320 -674823.20 -169520.45
V 13328 -674723.70 -169520.45
V 13336 -674715.95 -169518.37
V 13344 -674710.28 -169512.70
V 13352 -674708.20 -169504.95
V 13360 -674708.20 -169433.95
V 13368 -674710.28 -169426.20
V 13376 -674715.95 -169420.53
V 13384 -674723.70 -169418.45
V 13392 -674823.20 -169418.45
V 13400 -674823.20 -169378.45
V 13408 -674723.70 -169378.45
V 13416 -674715.95 -169376.37
V 13424 -674710.28 -169370.70
V 13432 -674708.20 -169362.95
V 13440 -674708.20 -169291.95
V 13448 -674710.28 -169284.20
V 13456 -674715.95 -169278.53
V 13464 -674723.70 -169276.45
V 13472 -674823.20 -169276.45
V 13480 -674823.20 -169236.45
V 13488 -674723.70 -169236.45
V 13496 -674715.95 -169234.37
V 13504 -674710.28 -169228.70
V 13512 -674708.20 -169220.95
V 13520 -674708.20 -169149.95
V 13528 -674710.28 -169142.20
V 13536 -674715.95 -169136.53
V 13544 -674723.70 -169134.45
V 13552 -674823.20 -169134.45
V 13560 -674823.20 -169094.45
V 13568 -674723.70 -169094.45
V 13576 -674715.95 -169092.37
V 13584 -674710.28 -169086.70
V 13592 -674708.20 -169078.95
V 13600 -674708.20 -169007.95
V 13608 -674710.28 -169000.20
V 13616 -674715.95 -168994.53
V 13624 -674723.70 -168992.45
V 13632 -674823.20 -168992.45
V 13640 -674823.20 -168952.45
V 13648 -674723.70 -168952.45
V 13656 -674715.95 -168950.37
V 13664 -674710.28 -168944.70
V 13672 -674708.20 -168936.95
V 13680 -674708.20 -168865.95
V 13688 -674710.28 -168858.20
V 13696 -674715.95 -168852.53
V 13704 -674723.70 -168850.45
V 13712 -674823.20 -168850.45
V 13720 -674823.20 -168810.45
V 13728 -674723.70 -168810.45
V 13736 -674715.95 -168808.37
V 13744 -674710.28 -168802.70
V 13752 -674708.20 -168794.95
V 13760 -674708.20 -168723.95
V 13768 -674710.28 -168716.20
V 13776 -674715.95 -168710.53
V 13784 -674723.70 -168708.45
V 13792 -674823.20 -168708.45
V 13800 -674823.20 -168668.45
V 13808 -674723.70 -168668.45
V 13816 -674715.95 -168666.37
V 13824 -674710.28 -168660.70
V 13832 -674708.20 -168652.95
V 13840 -674708.20 -168581.95
V 13848 -674710.28 -168574.20
V 13856 -674715.95 -168568.53
V 13864 -674723.70 -168566.45
V 13872 -674823.20 -168566.45
V 13880 -674823.20 -168526.45
V 13888 -674723.70 -168526.45
V 13896 -674715.95 -168524.37
V 13904 -674710.28 -168518.70
V 13912 -674708.20 -168510.95
V 13920 -674708.20 -168439.95
V 13928 -674710.28 -168432.20
V 13936 -674715.95 -168426.53
V 13944 -674723.70 -168424.45
V 13952 -674823.20 -168424.45
V 13960 -674823.20 -168384.45
V 13968 -674723.70 -168384.45
V 13976 -674715.95 -168382.37
V 13984 -674710.28 -168376.70
V 13992 -674708.20 -168368.95
V 14000 -674708.20 -168297.95
V 14008 -674710.28 -168290.20
V 14016 -674715.95 -168284.53
V 14024 -674723.70 -168282.45
V 14032 -674823.20 -168282.45
V 14040 -674823.20 -168242.45
V 14048 -674723.70 -168242.45
V 14056 -674715.95 -168240.37
V 14064 -674710.28 -168234.70
V 14072 -674708.20 -168226.95
V 14080 -674708.20 -168155.95
V 14088 -674710.28 -168148.20
V 14096 -674715.95 -168142.53
V 14104 -674723.70 -168140.45
V 14112 -674823.20 -168140.45
V 14120 -674823.20 -168100.45
V 14128 -674723.70 -168100.45
V 14136 -674715.95 -168098.37
V 14144 -674710.28 -168092.70
V 14152 -674708.20 -168084.95
V 14160 -674708.20 -168013.95
V 14168 -674710.28 -168006.20
V 14176 -674715.95 -168000.53
V 14184 -674723.70 -167998.45
V 14192 -674823.20 -167998.45
V 14200 -674823.20 -167958.45
V 14208 -674723.70 -167958.45
V 14216 -674715.95 -167956.37
V 14224 -674710.28 -167950.70
V 14232 -674708.20 -167942.95
V 14240 -674708.20 -167871.95
V 14248 -674710.28 -167864.20
V 14256 -674715.95 -167858.53
V 14264 -674723.70 -167856.45
V 14272 -674823.20 -167856.45
V 14280 -674823.20 -167816.45
V 14288 -674723.70 -167816.45
V 14296 -674715.95 -167814.37
V 14304 -674710.28 -167808.70
V 14312 -674708.20 -167800.95
V 14320 -674708.20 -167729.95
V 14328 -674710.28 -167722.20
V 14336 -674715.95 -167716.53
V 14344 -674723.70 -167714.45
V 14352 -674823.20 -167714.45
V 14360 -674823.20 -167674.45
V 14368 -674723.70 -167674.45
V 14376 -674715.95 -167672.37
V 14384 -674710.28 -167666.70
V 14392 -674708.20 -167658.95
V 14400 -674708.20 -167587.95
V 14408 -674710.28 -167580.20
V 14416 -674715.95 -167574.53
V 14424 -674723.70 -167572.45
V 14432 -674823.20 -167572.45
V 14440 -674823.20 -167532.45
V 14448 -674723.70 -167532.45
V 14456 -674715.95 -167530.37
V 14464 -674710.28 -167524.70
V 14472 -674708.20 -167516.95
V 14480 -674708.20 -167445.95
V 14488 -674710.28 -167438.20
V 14496 -674715.95 -167432.53
V 14504 -674723.70 -167430.45
V 14512 -674823.20 -167430.45
V 14520 -674823.20 -167390.45
V 14528 -674723.70 -167390.45
V 14536 -674715.95 -167388.37
V 14544 -674710.28 -167382.70
V 14552 -674708.20 -167374.95
V 14560 -674708.20 -167303.95
V 14568 -674710.28 -167296.20
V 14576 -674715.95 -167290.53
V 14584 -674723.70 -167288.45
V 14592 -674823.20 -167288.45
V 14600 -674823.20 -167248.45
V 14608 -674723.70 -167248.45
V 14616 -674715.95 -167246.37
V 14624 -674710.28 -167240.70
V 14632 -674708.20 -167232.95
V 14640 -674708.20 -167161.95
V 14648 -674710.28 -167154.20
V 14656 -674715.95 -167148.53
V 14664 -674723.70 -167146.45
V 14672 -674823.20 -167146.45
V 14680 -674823.20 -167106.45
V 14688 -674723.70 -167106.45
V 14696 -674715.95 -167104.37
V 14704 -674710.28 -167098.70
V 14712 -674708.20 -167090.95
V 14720 -674708.20 -167019.95
V 14728 -674710.28 -167012.20
V 14736 -674715.95 -167006.53
V 14744 -674723.70 -167004.45
V 14752 -674823.20 -167004.45
V 14760 -674823.20 -166964.45
V 14768 -674723.70 -166964.45
V 14776 -674715.95 -166962.37
V 14784 -674710.28 -166956.70
V 14792 -674708.20 -166948.95
V 14800 -674708.20 -166877.95
V 14808 -674710.28 -166870.20
V 14816 -674715.95 -166864.53
V 14824 -674723.70 -166862.45
V 14832 -674823.20 -166862.45
V 14840 -674823.20 -166822.45
V 14848 -674723.70 -166822.45
V 14856 -674715.95 -166820.37
V 14864 -674710.28 -166814.70
V 14872 -674708.20 -166806.95
V 14880 -674708.20 -166735.95
V 14888 -674710.28 -166728.20
V 14896 -674715.95 -166722.53
V 14904 -674723.70 -166720.45
V 14912 -674823.20 -166720.45
V 14920 -674823.20 -166680.45
V 14928 -674723.70 -166680.45
V 14936 -674715.95 -166678.37
V 14944 -674710.28 -166672.70
V 14952 -674708.20 -166664.95
V 14960 -674708.20 -166593.95
V 14968 -674710.28 -166586.20
V 14976 -674715.95 -166580.53
V 14984 -674723.70 -166578.45
V 14992 -674823.20 -166578.45
V 15000 -674823.20 -166538.45
V 15008 -674723.70 -166538.45
V 15016 -674715.95 -166536.37
V 15024 -674710.28 -166530.70
V 15032 -674708.20 -166522.95
V 15040 -674708.20 -166451.95
V 15048 -674710.28 -166444.20
V 15056 -674715.95 -166438.53
V 15064 -674723.70 -166436.45
V 15072 -674823.20 -166436.45
V 15080 -674823.20 -166396.45
V 15088 -674723.70 -166396.45
V 15096 -674715.95 -166394.37
V 15104 -674710.28 -166388.70
V 15112 -674708.20 -166380.95
V 15120 -674708.20 -166309.95
V 15128 -674710.28 -166302.20
V 15136 -674715.95 -166296.53
V 15144 -674723.70 -166294.45
V 15152 -674823.20 -166294.45
V 15160 -674823.20 -166254.45
V 15168 -674723.70 -166254.45
V 15176 -674715.95 -166252.37
V 15184 -674710.28 -166246.70
V 15192 -674708.20 -166238.95
V 15200 -674708.20 -166167.95
V 15208 -674710.28 -166160.20
V 15216 -674715.95 -166154.53
V 15224 -674723.70 -166152.45
V 15232 -674823.20 -166152.45
V 15240 -674823.20 -166112.45
V 15248 -674723.70 -166112.45
V 15256 -674715.95 -166110.37
V 15264 -674710.28 -166104.70
V 15272 -674708.20 -166096.95
V 15280 -674708.20 -166025.95
V 15288 -674710.28 -166018.20
V 15296 -674715.95 -166012.53
V 15304 -674723.70 -166010.45
V 15312 -674823.20 -166010.45
V 15320 -674823.20 -165970.45
V 15328 -674723.70 -165970.45
V 15336 -674715.95 -165968.37
V 15344 -674710.28 -165962.70
V 15352 -674708.20 -165954.95
V 15360 -674708.20 -165883.95
V 15368 -674710.28 -165876.20
V 15376 -674715.95 -165870.53
V 15384 -674723.70 -165868.45
V 15392 -674823.20 -165868.45
V 15400 -674823.20 -165828.45
V 15408 -674723.70 -165828.45
V 15416 -674715.95 -165826.37
V 15424 -674710.28 -165820.70
V 15432 -674708.20 -165812.95
V 15440 -674708.20 -165741.95
V 15448 -674710.28 -165734.20
V 15456 -674715.95 -165728.53
V 15464 -674723.70 -165726.45
V 15472 -674823.20 -165726.45
V 15480 -674823.20 -165686.45
V 15488 -674723.70 -165686.45
V 15496 -674715.95 -165684.37
V 15504 -674710.28 -165678.70
V 15512 -674708.20 -165670.95
V 15520 -674708.20 -165599.95
V 15528 -674710.28 -165592.20
V 15536 -674715.95 -165586.53
V 15544 -674723.70 -165584.45
V 15552 -674823.20 -165584.45
V 15560 -674823.20 -165544.45
V 15568 -674723.70 -165544.45
V 15576 -674715.95 -165542.37
V 15584 -674710.28 -165536.70
V 15592 -674708.20 -165528.95
V 15600 -674708.20 -165457.95
V 15608 -674710.28 -165450.20
V 15616 -674715.95 -165444.53
V 15624 -674723.70 -165442.45
V 15632 -674823.20 -165442.45
V 15640 -674823.20 -165402.45
V 15648 -674723.70 -165402.45
V 15656 -674715.95 -165400.37
V 15664 -674710.28 -165394.70
V 15672 -674708.20 -165386.95
V 15680 -674708.20 -165315.95
V 15688 -674710.28 -165308.20
V 15696 -674715.95 -165302.53
V 15704 -674723.70 -165300.45
V 15712 -674823.20 -165300.45
V 15720 -674823.20 -165260.45
V 15728 -674723.70 -165260.45
V 15736 -674715.95 -165258.37
V 15744 -674710.28 -165252.70
V 15752 -674708.20 -165244.95
V 15760 -674708.20 -165173.95
V 15768 -674710.28 -165166.20
V 15776 -674715.95 -165160.53
V 15784 -674723.70 -165158.45
V 15792 -674823.20 -165158.45
V 15800 -674823.20 -165118.45
V 15808 -674723.70 -165118.45
V 15816 -674715.95 -165116.37
V 15824 -674710.28 -165110.70
V 15832 -674708.20 -165102.95
V 15840 -674708.20 -165031.95
V 15848 -674710.28 -165024.20
V 15856 -674715.95 -165018.53
V 15864 -674723.70 -165016.45
V 15872 -674823.20 -165016.45
V 15880 -674823.20 -164976.45
V 15888 -674723.70 -164976.45
V 15896 -674715.95 -164974.37
V 15904 -674710.28 -164968.70
V 15912 -674708.20 -164960.95
V 15920 -674708.20 -164889.95
V 15928 -674710.28 -164882.20
V 15936 -674715.95 -164876.53
V 15944 -674723.70 -164874.45
V 15952 -674823.20 -164874.45
V 15960 -674823.20 -164834.45
V 15968 -674723.70 -164834.45
V 15976 -674715.95 -164832.37
V 15984 -674710.28 -164826.70
V 15992 -674708.20 -164818.95
V 16000 -674708.20 -164747.95
V 16008 -674710.28 -164740.20
V 16016 -674715.95 -164734.53
V 16024 -674723.70 -164732.45
V 16032 -674823.20 -164732.45
V 16040 -674823.20 -164692.45
V 16048 -674751.58 -164692.45
V 16056 -674743.83 -164690.37
V 16064 -674738.16 -164684.70
V 16072 -674736.08 -164676.95
V 16080 -674736.08 -164605.95
V 16088 -674736.12 -164604.84
V 16096 -674736.24 -164603.74
V 16104 -674736.43 -164602.66
V 16112 -674736.71 -164601.58
V 16120 -674737.06 -164600.53
V 16128 -674737.48 -164599.51
V 16136 -674737.98 -164598.52
V 16144 -674738.54 -164597.57
V 16152 -674739.17 -164596.66
V 16160 -674739.87 -164595.80
V 16168 -674740.62 -164594.99
V 16176 -674741.43 -164594.24
V 16184 -674742.29 -164593.54
V 16192 -674743.20 -164592.91
V 16200 -674744.15 -164592.35
V 16208 -674745.14 -164591.85
V 16216 -674746.16 -164591.43
V 16224 -674747.21 -164591.08
V 16232 -674748.29 -164590.80
V 16240 -674749.37 -164590.61
V 16248 -674750.47 -164590.49
V 16256 -674751.58 -164590.45
V 16264 -674765.70 -164590.45
V 16272 -674765.70 -164515.88
V 16280 -673766.87 -164346.28
V 16288 -671717.18 -163998.23
V 16296 -667842.79 -163340.36
V 16304 -662676.10 -162463.04
V 16312 -658751.70 -161796.67
V 16320 -651156.95 -160507.06
V 16328 -644003.02 -159292.31
V 16336 -640321.41 -158667.17
V 16344 -639376.95 -158506.79
V 16352 -638824.84 -158413.05
V 16360 -637878.02 -158252.27
V 16368 -637696.07 -158221.38
V 16376 -636566.72 -158029.61
V 16384 -635637.43 -157871.82
V 16392 -635637.29 -157871.79
V 16400 -635637.26 -157871.79
V 16408 -635637.21 -157871.78
V 16416 -634973.91 -157759.15
V 16424 -634972.84 -157758.93
V 16432 -634971.80 -157758.64
V 16440 -634970.77 -157758.27
V 16448 -634969.78 -157757.84
V 16456 -634968.82 -157757.33
V 16464 -634967.89 -157756.76
V 16472 -634967.01 -157756.13
V 16480 -634966.17 -157755.43
V 16488 -634965.39 -157754.68
V 16496 -634964.66 -157753.87
V 16504 -634963.99 -157753.02
V 16512 -634963.38 -157752.12
V 16520 -634962.83 -157751.18
V 16528 -634962.35 -157750.20
V 16536 -634961.94 -157749.20
V 16544 -634961.61 -157748.16
V 16552 -634961.34 -157747.11
V 16560 -634961.15 -157746.04
V 16568 -634961.04 -157744.96
V 16576 -634961.00 -157743.87
V 16584 -634961.00 -157719.35
