V 0 7675.00 -43365.00
V 8 7675.00 -44471.90
V 16 7450.55 -44541.84
V 24 7450.47 -44541.86
V 32 7450.35 -44541.90
V 40 7173.40 -44628.18
V 48 7173.32 -44628.20
V 56 7173.20 -44628.24
V 64 6896.26 -44714.54
V 72 6896.18 -44714.56
V 80 6896.06 -44714.60
V 88 6619.10 -44800.88
V 96 6619.02 -44800.90
V 104 6618.90 -44800.94
V 112 6341.95 -44887.24
V 120 6341.87 -44887.26
V 128 6341.75 -44887.30
V 136 6064.80 -44973.58
V 144 6064.72 -44973.60
V 152 6064.60 -44973.64
V 160 5510.50 -45146.28
V 168 5510.42 -45146.30
V 176 5510.30 -45146.34
V 184 5233.36 -45232.63
V 192 5233.28 -45232.65
V 200 5233.16 -45232.69
V 208 4956.20 -45318.97
V 216 4956.12 -45318.99
V 224 4956.00 -45319.03
V 232 4679.05 -45405.33
V 240 4678.97 -45405.35
V 248 4678.85 -45405.39
V 256 4401.90 -45491.67
V 264 4401.82 -45491.69
V 272 4401.70 -45491.73
V 280 4124.75 -45578.03
V 288 4124.67 -45578.05
V 296 4124.55 -45578.09
V 304 3847.61 -45664.37
V 312 3847.53 -45664.39
V 320 3847.41 -45664.43
V 328 3570.46 -45750.72
V 336 3570.38 -45750.74
V 344 3570.26 -45750.78
V 352 3293.32 -45837.06
V 360 3293.24 -45837.08
V 368 3293.12 -45837.12
V 376 3016.16 -45923.42
V 384 3016.08 -45923.44
V 392 3015.96 -45923.48
V 400 2739.01 -46009.76
V 408 2738.93 -46009.78
V 416 2738.81 -46009.82
V 424 2461.85 -46096.12
V 432 2461.77 -46096.14
V 440 2461.65 -46096.18
V 448 2184.73 -46182.45
V 456 2184.65 -46182.47
V 464 2184.53 -46182.51
V 472 1907.45 -46268.86
V 480 1907.37 -46268.88
V 488 1907.26 -46268.92
V 496 1724.48 -46325.81
V 504 1718.99 -46328.90
V 512 1715.26 -46333.97
V 520 1713.94 -46340.13
V 528 1713.94 -55615.95
V 536 1743.94 -55615.95
V 544 1743.94 -46351.17
V 552 1916.35 -46297.50
V 560 1916.43 -46297.48
V 568 1916.55 -46297.44
V 576 2193.63 -46211.09
V 584 2193.71 -46211.07
V 592 2193.83 -46211.03
V 600 2470.75 -46124.76
V 608 2470.83 -46124.74
V 616 2470.95 -46124.70
V 624 2747.91 -46038.40
V 632 2747.99 -46038.38
V 640 2748.11 -46038.34
V 648 3025.06 -45952.06
V 656 3025.14 -45952.04
V 664 3025.26 -45952.00
V 672 3302.22 -45865.70
V 680 3302.30 -45865.68
V 688 3302.42 -45865.64
V 696 3579.36 -45779.36
V 704 3579.44 -45779.34
V 712 3579.56 -45779.30
V 720 3856.51 -45693.01
V 728 3856.59 -45692.99
V 736 3856.71 -45692.95
V 744 4133.65 -45606.67
V 752 4133.73 -45606.65
V 760 4133.85 -45606.61
V 768 4410.80 -45520.31
V 776 4410.88 -45520.29
V 784 4411.00 -45520.25
V 792 4687.95 -45433.97
V 800 4688.03 -45433.95
V 808 4688.15 -45433.91
V 816 4965.10 -45347.61
V 824 4965.18 -45347.59
V 832 4965.30 -45347.55
V 840 5242.26 -45261.27
V 848 5242.34 -45261.25
V 856 5242.46 -45261.21
V 864 5519.40 -45174.92
V 872 5519.48 -45174.90
V 880 5519.60 -45174.86
V 888 6073.70 -45002.22
V 896 6073.78 -45002.20
V 904 6073.90 -45002.16
V 912 6350.85 -44915.88
V 920 6350.93 -44915.86
V 928 6351.05 -44915.82
V 936 6628.00 -44829.52
V 944 6628.08 -44829.50
V 952 6628.20 -44829.46
V 960 6905.16 -44743.18
V 968 6905.24 -44743.16
V 976 6905.36 -44743.12
V 984 7182.30 -44656.82
V 992 7182.38 -44656.80
V 1000 7182.50 -44656.76
V 1008 7459.45 -44570.48
V 1016 7459.53 -44570.46
V 1024 7459.65 -44570.42
V 1032 7694.46 -44497.26
V 1040 7699.95 -44494.17
V 1048 7703.68 -44489.10
V 1056 7705.00 -44482.94
V 1064 7705.00 -43365.00
