V 0 -678251.00 -157719.35
V 8 -678251.00 -157730.78
V 16 -678437.08 -157762.38
V 24 -679467.57 -157937.36
V 32 -679667.76 -157971.35
V 40 -679765.47 -157987.94
V 48 -679963.38 -158021.55
V 56 -680373.21 -158091.14
V 64 -680899.23 -158180.45
V 72 -681374.10 -158261.09
V 80 -681623.88 -158303.50
V 88 -683184.85 -158568.56
V 96 -683230.17 -158576.25
V 104 -683482.30 -158619.07
V 112 -683647.89 -158647.19
V 120 -684365.03 -158768.96
V 128 -684455.99 -158784.40
V 136 -684697.64 -158825.43
V 144 -685320.50 -158931.20
V 152 -685847.52 -159020.69
V 160 -686586.07 -159146.09
V 168 -686684.16 -159162.75
V 176 -687219.53 -159253.66
V 184 -687751.18 -159343.93
V 192 -688803.91 -159522.69
V 200 -689545.46 -159648.60
V 208 -689736.99 -159681.13
V 216 -691518.03 -159983.55
V 224 -691527.64 -159985.18
V 232 -693403.62 -160303.73
V 240 -695338.35 -160632.25
V 248 -695656.38 -160686.25
V 256 -697846.94 -161058.21
V 264 -699370.14 -161316.86
V 272 -700380.13 -161488.36
V 280 -700389.24 -161489.90
V 288 -702838.79 -161905.84
V 296 -702845.40 -161908.65
V 304 -702850.04 -161914.13
V 312 -702851.70 -161921.12
V 320 -702851.70 -162049.95
V 328 -702849.62 -162057.70
V 336 -702843.95 -162063.37
V 344 -702836.20 -162065.45
V 352 -702813.60 -162065.45
V 360 -702813.60 -162105.45
V 368 -702893.70 -162105.45
V 376 -702901.45 -162107.53
V 384 -702907.12 -162113.20
V 392 -702909.20 -162120.95
V 400 -702909.20 -162191.95
V 408 -702907.12 -162199.70
V 416 -702901.45 -162205.37
V 424 -702893.70 -162207.45
V 432 -702794.20 -162207.45
V 440 -702794.20 -162247.45
V 448 -702893.70 -162247.45
V 456 -702901.45 -162249.53
V 464 -702907.12 -162255.20
V 472 -702909.20 -162262.95
V 480 -702909.20 -162333.95
V 488 -702907.12 -162341.70
V 496 -702901.45 -162347.37
V 504 -702893.70 -162349.45
V 512 -702794.20 -162349.45
V 520 -702794.20 -162389.45
V 528 -702893.70 -162389.45
V 536 -702901.45 -162391.53
V 544 -702907.12 -162397.20
V 552 -702909.20 -162404.95
V 560 -702909.20 -162475.95
V 568 -702907.12 -162483.70
V 576 -702901.45 -162489.37
V 584 -702893.70 -162491.45
V 592 -702794.20 -162491.45
V 600 -702794.20 -162531.45
V 608 -702893.70 -162531.45
V 616 -702901.45 -162533.53
V 624 -702907.12 -162539.20
V 632 -702909.20 -162546.95
V 640 -702909.20 -162617.95
V 648 -702907.12 -162625.70
V 656 -702901.45 -162631.37
V 664 -702893.70 -162633.45
V 672 -702794.20 -162633.45
V 680 -702794.20 -162673.45
V 688 -702893.70 -162673.45
V 696 -702901.45 -162675.53
V 704 -702907.12 -162681.20
V 712 -702909.20 -162688.95
V 720 -702909.20 -162759.95
V 728 -702907.12 -162767.70
V 736 -702901.45 -162773.37
V 744 -702893.70 -162775.45
V 752 -702794.20 -162775.45
V 760 -702794.20 -162815.45
V 768 -702893.70 -162815.45
V 776 -702901.45 -162817.53
V 784 -702907.12 -162823.20
V 792 -702909.20 -162830.95
V 800 -702909.20 -162901.95
V 808 -702907.12 -162909.70
V 816 -702901.45 -162915.37
V 824 -702893.70 -162917.45
V 832 -702794.20 -162917.45
V 840 -702794.20 -162957.45
V 848 -702893.70 -162957.45
V 856 -702901.45 -162959.53
V 864 -702907.12 -162965.20
V 872 -702909.20 -162972.95
V 880 -702909.20 -163043.95
V 888 -702907.12 -163051.70
V 896 -702901.45 -163057.37
V 904 -702893.70 -163059.45
V 912 -702794.20 -163059.45
V 920 -702794.20 -163099.45
V 928 -702893.70 -163099.45
V 936 -702901.45 -163101.53
V 944 -702907.12 -163107.20
V 952 -702909.20 -163114.95
V 960 -702909.20 -163185.95
V 968 -702907.12 -163193.70
V 976 -702901.45 -163199.37
V 984 -702893.70 -163201.45
V 992 -702794.20 -163201.45
V 1000 -702794.20 -163241.45
V 1008 -702893.70 -163241.45
V 1016 -702901.45 -163243.53
V 1024 -702907.12 -163249.20
V 1032 -702909.20 -163256.95
V 1040 -702909.20 -163327.95
V 1048 -702907.12 -163335.70
V 1056 -702901.45 -163341.37
V 1064 -702893.70 -163343.45
V 1072 -702794.20 -163343.45
V 1080 -702794.20 -163383.45
V 1088 -702893.70 -163383.45
V 1096 -702901.45 -163385.53
V 1104 -702907.12 -163391.20
V 1112 -702909.20 -163398.95
V 1120 -702909.20 -163469.95
V 1128 -702907.12 -163477.70
V 1136 -702901.45 -163483.37
V 1144 -702893.70 -163485.45
V 1152 -702794.20 -163485.45
V 1160 -702794.20 -163525.45
V 1168 -702893.70 -163525.45
V 1176 -702901.45 -163527.53
V 1184 -702907.12 -163533.20
V 1192 -702909.20 -163540.95
V 1200 -702909.20 -163611.95
V 1208 -702907.12 -163619.70
V 1216 -702901.45 -163625.37
V 1224 -702893.70 -163627.45
V 1232 -702794.20 -163627.45
V 1240 -702794.20 -163667.45
V 1248 -702893.70 -163667.45
V 1256 -702901.45 -163669.53
V 1264 -702907.12 -163675.20
V 1272 -702909.20 -163682.95
V 1280 -702909.20 -163753.95
V 1288 -702907.12 -163761.70
V 1296 -702901.45 -163767.37
V 1304 -702893.70 -163769.45
V 1312 -702794.20 -163769.45
V 1320 -702794.20 -163809.45
V 1328 -702893.70 -163809.45
V 1336 -702901.45 -163811.53
V 1344 -702907.12 -163817.20
V 1352 -702909.20 -163824.95
V 1360 -702909.20 -163895.95
V 1368 -702907.12 -163903.70
V 1376 -702901.45 -163909.37
V 1384 -702893.70 -163911.45
V 1392 -702794.20 -163911.45
V 1400 -702794.20 -163951.45
V 1408 -702893.70 -163951.45
V 1416 -702901.45 -163953.53
V 1424 -702907.12 -163959.20
V 1432 -702909.20 -163966.95
V 1440 -702909.20 -164037.95
V 1448 -702907.12 -164045.70
V 1456 -702901.45 -164051.37
V 1464 -702893.70 -164053.45
V 1472 -702794.20 -164053.45
V 1480 -702794.20 -164093.45
V 1488 -702893.70 -164093.45
V 1496 -702901.45 -164095.53
V 1504 -702907.12 -164101.20
V 1512 -702909.20 -164108.95
V 1520 -702909.20 -164179.95
V 1528 -702907.12 -164187.70
V 1536 -702901.45 -164193.37
V 1544 -702893.70 -164195.45
V 1552 -702794.20 -164195.45
V 1560 -702794.20 -164235.45
V 1568 -702893.70 -164235.45
V 1576 -702901.45 -164237.53
V 1584 -702907.12 -164243.20
V 1592 -702909.20 -164250.95
V 1600 -702909.20 -164321.95
V 1608 -702907.12 -164329.70
V 1616 -702901.45 -164335.37
V 1624 -702893.70 -164337.45
V 1632 -702794.20 -164337.45
V 1640 -702794.20 -164377.45
V 1648 -702893.70 -164377.45
V 1656 -702901.45 -164379.53
V 1664 -702907.12 -164385.20
V 1672 -702909.20 -164392.95
V 1680 -702909.20 -164463.95
V 1688 -702907.12 -164471.70
V 1696 -702901.45 -164477.37
V 1704 -702893.70 -164479.45
V 1712 -702794.20 -164479.45
V 1720 -702794.20 -164519.45
V 1728 -702893.70 -164519.45
V 1736 -702901.45 -164521.53
V 1744 -702907.12 -164527.20
V 1752 -702909.20 -164534.95
V 1760 -702909.20 -164605.95
V 1768 -702907.12 -164613.70
V 1776 -702901.45 -164619.37
V 1784 -702893.70 -164621.45
V 1792 -702794.20 -164621.45
V 1800 -702794.20 -164661.45
V 1808 -702893.70 -164661.45
V 1816 -702901.45 -164663.53
V 1824 -702907.12 -164669.20
V 1832 -702909.20 -164676.95
V 1840 -702909.20 -164747.95
V 1848 -702907.12 -164755.70
V 1856 -702901.45 -164761.37
V 1864 -702893.70 -164763.45
V 1872 -702794.20 -164763.45
V 1880 -702794.20 -164803.45
V 1888 -702893.70 -164803.45
V 1896 -702901.45 -164805.53
V 1904 -702907.12 -164811.20
V 1912 -702909.20 -164818.95
V 1920 -702909.20 -164889.95
V 1928 -702907.12 -164897.70
V 1936 -702901.45 -164903.37
V 1944 -702893.70 -164905.45
V 1952 -702794.20 -164905.45
V 1960 -702794.20 -164945.45
V 1968 -702893.70 -164945.45
V 1976 -702901.45 -164947.53
V 1984 -702907.12 -164953.20
V 1992 -702909.20 -164960.95
V 2000 -702909.20 -165031.95
V 2008 -702907.12 -165039.70
V 2016 -702901.45 -165045.37
V 2024 -702893.70 -165047.45
V 2032 -702794.20 -165047.45
V 2040 -702794.20 -165087.45
V 2048 -702893.70 -165087.45
V 2056 -702901.45 -165089.53
V 2064 -702907.12 -165095.20
V 2072 -702909.20 -165102.95
V 2080 -702909.20 -165173.95
V 2088 -702907.12 -165181.70
V 2096 -702901.45 -165187.37
V 2104 -702893.70 -165189.45
V 2112 -702794.20 -165189.45
V 2120 -702794.20 -165229.45
V 2128 -702893.70 -165229.45
V 2136 -702901.45 -165231.53
V 2144 -702907.12 -165237.20
V 2152 -702909.20 -165244.95
V 2160 -702909.20 -165315.95
V 2168 -702907.12 -165323.70
V 2176 -702901.45 -165329.37
V 2184 -702893.70 -165331.45
V 2192 -702794.20 -165331.45
V 2200 -702794.20 -165371.45
V 2208 -702893.70 -165371.45
V 2216 -702901.45 -165373.53
V 2224 -702907.12 -165379.20
V 2232 -702909.20 -165386.95
V 2240 -702909.20 -165457.95
V 2248 -702907.12 -165465.70
V 2256 -702901.45 -165471.37
V 2264 -702893.70 -165473.45
V 2272 -702794.20 -165473.45
V 2280 -702794.20 -165513.45
V 2288 -702893.70 -165513.45
V 2296 -702901.45 -165515.53
V 2304 -702907.12 -165521.20
V 2312 -702909.20 -165528.95
V 2320 -702909.20 -165599.95
V 2328 -702907.12 -165607.70
V 2336 -702901.45 -165613.37
V 2344 -702893.70 -165615.45
V 2352 -702794.20 -165615.45
V 2360 -702794.20 -165655.45
V 2368 -702893.70 -165655.45
V 2376 -702901.45 -165657.53
V 2384 -702907.12 -165663.20
V 2392 -702909.20 -165670.95
V 2400 -702909.20 -165741.95
V 2408 -702907.12 -165749.70
V 2416 -702901.45 -165755.37
V 2424 -702893.70 -165757.45
V 2432 -702794.20 -165757.45
V 2440 -702794.20 -165797.45
V 2448 -702893.70 -165797.45
V 2456 -702901.45 -165799.53
V 2464 -702907.12 -165805.20
V 2472 -702909.20 -165812.95
V 2480 -702909.20 -165883.95
V 2488 -702907.12 -165891.70
V 2496 -702901.45 -165897.37
V 2504 -702893.70 -165899.45
V 2512 -702794.20 -165899.45
V 2520 -702794.20 -165939.45
V 2528 -702893.70 -165939.45
V 2536 -702901.45 -165941.53
V 2544 -702907.12 -165947.20
V 2552 -702909.20 -165954.95
V 2560 -702909.20 -166025.95
V 2568 -702907.12 -166033.70
V 2576 -702901.45 -166039.37
V 2584 -702893.70 -166041.45
V 2592 -702794.20 -166041.45
V 2600 -702794.20 -166081.45
V 2608 -702893.70 -166081.45
V 2616 -702901.45 -166083.53
V 2624 -702907.12 -166089.20
V 2632 -702909.20 -166096.95
V 2640 -702909.20 -166167.95
V 2648 -702907.12 -166175.70
V 2656 -702901.45 -166181.37
V 2664 -702893.70 -166183.45
V 2672 -702794.20 -166183.45
V 2680 -702794.20 -166223.45
V 2688 -702893.70 -166223.45
V 2696 -702901.45 -166225.53
V 2704 -702907.12 -166231.20
V 2712 -702909.20 -166238.95
V 2720 -702909.20 -166309.95
V 2728 -702907.12 -166317.70
V 2736 -702901.45 -166323.37
V 2744 -702893.70 -166325.45
V 2752 -702794.20 -166325.45
V 2760 -702794.20 -166365.45
V 2768 -702893.70 -166365.45
V 2776 -702901.45 -166367.53
V 2784 -702907.12 -166373.20
V 2792 -702909.20 -166380.95
V 2800 -702909.20 -166451.95
V 2808 -702907.12 -166459.70
V 2816 -702901.45 -166465.37
V 2824 -702893.70 -166467.45
V 2832 -702794.20 -166467.45
V 2840 -702794.20 -166507.45
V 2848 -702893.70 -166507.45
V 2856 -702901.45 -166509.53
V 2864 -702907.12 -166515.20
V 2872 -702909.20 -166522.95
V 2880 -702909.20 -166593.95
V 2888 -702907.12 -166601.70
V 2896 -702901.45 -166607.37
V 2904 -702893.70 -166609.45
V 2912 -702794.20 -166609.45
V 2920 -702794.20 -166649.45
V 2928 -702893.70 -166649.45
V 2936 -702901.45 -166651.53
V 2944 -702907.12 -166657.20
V 2952 -702909.20 -166664.95
V 2960 -702909.20 -166735.95
V 2968 -702907.12 -166743.70
V 2976 -702901.45 -166749.37
V 2984 -702893.70 -166751.45
V 2992 -702794.20 -166751.45
V 3000 -702794.20 -166791.45
V 3008 -702893.70 -166791.45
V 3016 -702901.45 -166793.53
V 3024 -702907.12 -166799.20
V 3032 -702909.20 -166806.95
V 3040 -702909.20 -166877.95
V 3048 -702907.12 -166885.70
V 3056 -702901.45 -166891.37
V 3064 -702893.70 -166893.45
V 3072 -702794.20 -166893.45
V 3080 -702794.20 -166933.45
V 3088 -702893.70 -166933.45
V 3096 -702901.45 -166935.53
V 3104 -702907.12 -166941.20
V 3112 -702909.20 -166948.95
V 3120 -702909.20 -167019.95
V 3128 -702907.12 -167027.70
V 3136 -702901.45 -167033.37
V 3144 -702893.70 -167035.45
V 3152 -702794.20 -167035.45
V 3160 -702794.20 -167075.45
V 3168 -702893.70 -167075.45
V 3176 -702901.45 -167077.53
V 3184 -702907.12 -167083.20
V 3192 -702909.20 -167090.95
V 3200 -702909.20 -167161.95
V 3208 -702907.12 -167169.70
V 3216 -702901.45 -167175.37
V 3224 -702893.70 -167177.45
V 3232 -702794.20 -167177.45
V 3240 -702794.20 -167217.45
V 3248 -702893.70 -167217.45
V 3256 -702901.45 -167219.53
V 3264 -702907.12 -167225.20
V 3272 -702909.20 -167232.95
V 3280 -702909.20 -167303.95
V 3288 -702907.12 -167311.70
V 3296 -702901.45 -167317.37
V 3304 -702893.70 -167319.45
V 3312 -702794.20 -167319.45
V 3320 -702794.20 -167359.45
V 3328 -702893.70 -167359.45
V 3336 -702901.45 -167361.53
V 3344 -702907.12 -167367.20
V 3352 -702909.20 -167374.95
V 3360 -702909.20 -167445.95
V 3368 -702907.12 -167453.70
V 3376 -702901.45 -167459.37
V 3384 -702893.70 -167461.45
V 3392 -702794.20 -167461.45
V 3400 -702794.20 -167501.45
V 3408 -702893.70 -167501.45
V 3416 -702901.45 -167503.53
V 3424 -702907.12 -167509.20
V 3432 -702909.20 -167516.95
V 3440 -702909.20 -167587.95
V 3448 -702907.12 -167595.70
V 3456 -702901.45 -167601.37
V 3464 -702893.70 -167603.45
V 3472 -702794.20 -167603.45
V 3480 -702794.20 -167643.45
V 3488 -702893.70 -167643.45
V 3496 -702901.45 -167645.53
V 3504 -702907.12 -167651.20
V 3512 -702909.20 -167658.95
V 3520 -702909.20 -167729.95
V 3528 -702907.12 -167737.70
V 3536 -702901.45 -167743.37
V 3544 -702893.70 -167745.45
V 3552 -702794.20 -167745.45
V 3560 -702794.20 -167785.45
V 3568 -702893.70 -167785.45
V 3576 -702901.45 -167787.53
V 3584 -702907.12 -167793.20
V 3592 -702909.20 -167800.95
V 3600 -702909.20 -167871.95
V 3608 -702907.12 -167879.70
V 3616 -702901.45 -167885.37
V 3624 -702893.70 -167887.45
V 3632 -702794.20 -167887.45
V 3640 -702794.20 -167927.45
V 3648 -702893.70 -167927.45
V 3656 -702901.45 -167929.53
V 3664 -702907.12 -167935.20
V 3672 -702909.20 -167942.95
V 3680 -702909.20 -168013.95
V 3688 -702907.12 -168021.70
V 3696 -702901.45 -168027.37
V 3704 -702893.70 -168029.45
V 3712 -702794.20 -168029.45
V 3720 -702794.20 -168069.45
V 3728 -702893.70 -168069.45
V 3736 -702901.45 -168071.53
V 3744 -702907.12 -168077.20
V 3752 -702909.20 -168084.95
V 3760 -702909.20 -168155.95
V 3768 -702907.12 -168163.70
V 3776 -702901.45 -168169.37
V 3784 -702893.70 -168171.45
V 3792 -702794.20 -168171.45
V 3800 -702794.20 -168211.45
V 3808 -702893.70 -168211.45
V 3816 -702901.45 -168213.53
V 3824 -702907.12 -168219.20
V 3832 -702909.20 -168226.95
V 3840 -702909.20 -168297.95
V 3848 -702907.12 -168305.70
V 3856 -702901.45 -168311.37
V 3864 -702893.70 -168313.45
V 3872 -702794.20 -168313.45
V 3880 -702794.20 -168353.45
V 3888 -702893.70 -168353.45
V 3896 -702901.45 -168355.53
V 3904 -702907.12 -168361.20
V 3912 -702909.20 -168368.95
V 3920 -702909.20 -168439.95
V 3928 -702907.12 -168447.70
V 3936 -702901.45 -168453.37
V 3944 -702893.70 -168455.45
V 3952 -702794.20 -168455.45
V 3960 -702794.20 -168495.45
V 3968 -702893.70 -168495.45
V 3976 -702901.45 -168497.53
V 3984 -702907.12 -168503.20
V 3992 -702909.20 -168510.95
V 4000 -702909.20 -168581.95
V 4008 -702907.12 -168589.70
V 4016 -702901.45 -168595.37
V 4024 -702893.70 -168597.45
V 4032 -702794.20 -168597.45
V 4040 -702794.20 -168637.45
V 4048 -702893.70 -168637.45
V 4056 -702901.45 -168639.53
V 4064 -702907.12 -168645.20
V 4072 -702909.20 -168652.95
V 4080 -702909.20 -168723.95
V 4088 -702907.12 -168731.70
V 4096 -702901.45 -168737.37
V 4104 -702893.70 -168739.45
V 4112 -702794.20 -168739.45
V 4120 -702794.20 -168779.45
V 4128 -702893.70 -168779.45
V 4136 -702901.45 -168781.53
V 4144 -702907.12 -168787.20
V 4152 -702909.20 -168794.95
V 4160 -702909.20 -168865.95
V 4168 -702907.12 -168873.70
V 4176 -702901.45 -168879.37
V 4184 -702893.70 -168881.45
V 4192 -702794.20 -168881.45
V 4200 -702794.20 -168921.45
V 4208 -702893.70 -168921.45
V 4216 -702901.45 -168923.53
V 4224 -702907.12 -168929.20
V 4232 -702909.20 -168936.95
V 4240 -702909.20 -169007.95
V 4248 -702907.12 -169015.70
V 4256 -702901.45 -169021.37
V 4264 -702893.70 -169023.45
V 4272 -702794.20 -169023.45
V 4280 -702794.20 -169063.45
V 4288 -702893.70 -169063.45
V 4296 -702901.45 -169065.53
V 4304 -702907.12 -169071.20
V 4312 -702909.20 -169078.95
V 4320 -702909.20 -169149.95
V 4328 -702907.12 -169157.70
V 4336 -702901.45 -169163.37
V 4344 -702893.70 -169165.45
V 4352 -702794.20 -169165.45
V 4360 -702794.20 -169205.45
V 4368 -702893.70 -169205.45
V 4376 -702901.45 -169207.53
V 4384 -702907.12 -169213.20
V 4392 -702909.20 -169220.95
V 4400 -702909.20 -169291.95
V 4408 -702907.12 -169299.70
V 4416 -702901.45 -169305.37
V 4424 -702893.70 -169307.45
V 4432 -702794.20 -169307.45
V 4440 -702794.20 -169347.45
V 4448 -702893.70 -169347.45
V 4456 -702901.45 -169349.53
V 4464 -702907.12 -169355.20
V 4472 -702909.20 -169362.95
V 4480 -702909.20 -169433.95
V 4488 -702907.12 -169441.70
V 4496 -702901.45 -169447.37
V 4504 -702893.70 -169449.45
V 4512 -702794.20 -169449.45
V 4520 -702794.20 -169489.45
V 4528 -702893.70 -169489.45
V 4536 -702901.45 -169491.53
V 4544 -702907.12 -169497.20
V 4552 -702909.20 -169504.95
V 4560 -702909.20 -169575.95
V 4568 -702907.12 -169583.70
V 4576 -702901.45 -169589.37
V 4584 -702893.70 -169591.45
V 4592 -702794.20 -169591.45
V 4600 -702794.20 -169631.45
V 4608 -702893.70 -169631.45
V 4616 -702901.45 -169633.53
V 4624 -702907.12 -169639.20
V 4632 -702909.20 -169646.95
V 4640 -702909.20 -169717.95
V 4648 -702907.12 -169725.70
V 4656 -702901.45 -169731.37
V 4664 -702893.70 -169733.45
V 4672 -702794.20 -169733.45
V 4680 -702794.20 -169773.45
V 4688 -702893.70 -169773.45
V 4696 -702901.45 -169775.53
V 4704 -702907.12 -169781.20
V 4712 -702909.20 -169788.95
V 4720 -702909.20 -169859.95
V 4728 -702907.12 -169867.70
V 4736 -702901.45 -169873.37
V 4744 -702893.70 -169875.45
V 4752 -702794.20 -169875.45
V 4760 -702794.20 -169915.45
V 4768 -702893.70 -169915.45
V 4776 -702901.45 -169917.53
V 4784 -702907.12 -169923.20
V 4792 -702909.20 -169930.95
V 4800 -702909.20 -170001.95
V 4808 -702907.12 -170009.70
V 4816 -702901.45 -170015.37
V 4824 -702893.70 -170017.45
V 4832 -702794.20 -170017.45
V 4840 -702794.20 -170057.45
V 4848 -702893.70 -170057.45
V 4856 -702901.45 -170059.53
V 4864 -702907.12 -170065.20
V 4872 -702909.20 -170072.95
V 4880 -702909.20 -170143.95
V 4888 -702907.12 -170151.70
V 4896 -702901.45 -170157.37
V 4904 -702893.70 -170159.45
V 4912 -702794.20 -170159.45
V 4920 -702794.20 -170199.45
V 4928 -702893.70 -170199.45
V 4936 -702901.45 -170201.53
V 4944 -702907.12 -170207.20
V 4952 -702909.20 -170214.95
V 4960 -702909.20 -170285.95
V 4968 -702907.12 -170293.70
V 4976 -702901.45 -170299.37
V 4984 -702893.70 -170301.45
V 4992 -702794.20 -170301.45
V 5000 -702794.20 -170341.45
V 5008 -702893.70 -170341.45
V 5016 -702901.45 -170343.53
V 5024 -702907.12 -170349.20
V 5032 -702909.20 -170356.95
V 5040 -702909.20 -170427.95
V 5048 -702907.12 -170435.70
V 5056 -702901.45 -170441.37
V 5064 -702893.70 -170443.45
V 5072 -702794.20 -170443.45
V 5080 -702794.20 -170483.45
V 5088 -702893.70 -170483.45
V 5096 -702901.45 -170485.53
V 5104 -702907.12 -170491.20
V 5112 -702909.20 -170498.95
V 5120 -702909.20 -170569.95
V 5128 -702907.12 -170577.70
V 5136 -702901.45 -170583.37
V 5144 -702893.70 -170585.45
V 5152 -702794.20 -170585.45
V 5160 -702794.20 -170625.45
V 5168 -702893.70 -170625.45
V 5176 -702901.45 -170627.53
V 5184 -702907.12 -170633.20
V 5192 -702909.20 -170640.95
V 5200 -702909.20 -170711.95
V 5208 -702907.12 -170719.70
V 5216 -702901.45 -170725.37
V 5224 -702893.70 -170727.45
V 5232 -702794.20 -170727.45
V 5240 -702794.20 -170767.45
V 5248 -702893.70 -170767.45
V 5256 -702901.45 -170769.53
V 5264 -702907.12 -170775.20
V 5272 -702909.20 -170782.95
V 5280 -702909.20 -170853.95
V 5288 -702907.12 -170861.70
V 5296 -702901.45 -170867.37
V 5304 -702893.70 -170869.45
V 5312 -702794.20 -170869.45
V 5320 -702794.20 -170909.45
V 5328 -702893.70 -170909.45
V 5336 -702901.45 -170911.53
V 5344 -702907.12 -170917.20
V 5352 -702909.20 -170924.95
V 5360 -702909.20 -170995.95
V 5368 -702907.12 -171003.70
V 5376 -702901.45 -171009.37
V 5384 -702893.70 -171011.45
V 5392 -702794.20 -171011.45
V 5400 -702794.20 -171051.45
V 5408 -702893.70 -171051.45
V 5416 -702901.45 -171053.53
V 5424 -702907.12 -171059.20
V 5432 -702909.20 -171066.95
V 5440 -702909.20 -171137.95
V 5448 -702907.12 -171145.70
V 5456 -702901.45 -171151.37
V 5464 -702893.70 -171153.45
V 5472 -702794.20 -171153.45
V 5480 -702794.20 -171193.45
V 5488 -702893.70 -171193.45
V 5496 -702901.45 -171195.53
V 5504 -702907.12 -171201.20
V 5512 -702909.20 -171208.95
V 5520 -702909.20 -171279.95
V 5528 -702907.12 -171287.70
V 5536 -702901.45 -171293.37
V 5544 -702893.70 -171295.45
V 5552 -702794.20 -171295.45
V 5560 -702794.20 -171335.45
V 5568 -702893.70 -171335.45
V 5576 -702901.45 -171337.53
V 5584 -702907.12 -171343.20
V 5592 -702909.20 -171350.95
V 5600 -702909.20 -171421.95
V 5608 -702907.12 -171429.70
V 5616 -702901.45 -171435.37
V 5624 -702893.70 -171437.45
V 5632 -702794.20 -171437.45
V 5640 -702794.20 -171477.45
V 5648 -702893.70 -171477.45
V 5656 -702901.45 -171479.53
V 5664 -702907.12 -171485.20
V 5672 -702909.20 -171492.95
V 5680 -702909.20 -171563.95
V 5688 -702907.12 -171571.70
V 5696 -702901.45 -171577.37
V 5704 -702893.70 -171579.45
V 5712 -702794.20 -171579.45
V 5720 -702794.20 -171619.45
V 5728 -702893.70 -171619.45
V 5736 -702901.45 -171621.53
V 5744 -702907.12 -171627.20
V 5752 -702909.20 -171634.95
V 5760 -702909.20 -171705.95
V 5768 -702907.12 -171713.70
V 5776 -702901.45 -171719.37
V 5784 -702893.70 -171721.45
V 5792 -702794.20 -171721.45
V 5800 -702794.20 -171761.45
V 5808 -702893.70 -171761.45
V 5816 -702901.45 -171763.53
V 5824 -702907.12 -171769.20
V 5832 -702909.20 -171776.95
V 5840 -702909.20 -171847.95
V 5848 -702907.12 -171855.70
V 5856 -702901.45 -171861.37
V 5864 -702893.70 -171863.45
V 5872 -702794.20 -171863.45
V 5880 -702794.20 -171903.45
V 5888 -702893.70 -171903.45
V 5896 -702901.45 -171905.53
V 5904 -702907.12 -171911.20
V 5912 -702909.20 -171918.95
V 5920 -702909.20 -171989.95
V 5928 -702907.12 -171997.70
V 5936 -702901.45 -172003.37
V 5944 -702893.70 -172005.45
V 5952 -702794.20 -172005.45
V 5960 -702794.20 -172045.45
V 5968 -702893.70 -172045.45
V 5976 -702901.45 -172047.53
V 5984 -702907.12 -172053.20
V 5992 -702909.20 -172060.95
V 6000 -702909.20 -172131.95
V 6008 -702907.12 -172139.70
V 6016 -702901.45 -172145.37
V 6024 -702893.70 -172147.45
V 6032 -702794.20 -172147.45
V 6040 -702794.20 -172187.45
V 6048 -702893.70 -172187.45
V 6056 -702901.45 -172189.53
V 6064 -702907.12 -172195.20
V 6072 -702909.20 -172202.95
V 6080 -702909.20 -172273.95
V 6088 -702907.12 -172281.70
V 6096 -702901.45 -172287.37
V 6104 -702893.70 -172289.45
V 6112 -702794.20 -172289.45
V 6120 -702794.20 -172329.45
V 6128 -702893.70 -172329.45
V 6136 -702901.45 -172331.53
V 6144 -702907.12 -172337.20
V 6152 -702909.20 -172344.95
V 6160 -702909.20 -172415.95
V 6168 -702907.12 -172423.70
V 6176 -702901.45 -172429.37
V 6184 -702893.70 -172431.45
V 6192 -702794.20 -172431.45
V 6200 -702794.20 -172471.45
V 6208 -702893.70 -172471.45
V 6216 -702901.45 -172473.53
V 6224 -702907.12 -172479.20
V 6232 -702909.20 -172486.95
V 6240 -702909.20 -172557.95
V 6248 -702907.12 -172565.70
V 6256 -702901.45 -172571.37
V 6264 -702893.70 -172573.45
V 6272 -702794.20 -172573.45
V 6280 -702794.20 -172613.45
V 6288 -702893.70 -172613.45
V 6296 -702901.45 -172615.53
V 6304 -702907.12 -172621.20
V 6312 -702909.20 -172628.95
V 6320 -702909.20 -172699.95
V 6328 -702907.12 -172707.70
V 6336 -702901.45 -172713.37
V 6344 -702893.70 -172715.45
V 6352 -702794.20 -172715.45
V 6360 -702794.20 -172755.45
V 6368 -702893.70 -172755.45
V 6376 -702901.45 -172757.53
V 6384 -702907.12 -172763.20
V 6392 -702909.20 -172770.95
V 6400 -702909.20 -172841.95
V 6408 -702907.12 -172849.70
V 6416 -702901.45 -172855.37
V 6424 -702893.70 -172857.45
V 6432 -702794.20 -172857.45
V 6440 -702794.20 -172897.45
V 6448 -702893.70 -172897.45
V 6456 -702901.45 -172899.53
V 6464 -702907.12 -172905.20
V 6472 -702909.20 -172912.95
V 6480 -702909.20 -172983.95
V 6488 -702907.12 -172991.70
V 6496 -702901.45 -172997.37
V 6504 -702893.70 -172999.45
V 6512 -702794.20 -172999.45
V 6520 -702794.20 -173039.45
V 6528 -702893.70 -173039.45
V 6536 -702901.45 -173041.53
V 6544 -702907.12 -173047.20
V 6552 -702909.20 -173054.95
V 6560 -702909.20 -173125.95
V 6568 -702907.12 -173133.70
V 6576 -702901.45 -173139.37
V 6584 -702893.70 -173141.45
V 6592 -702794.20 -173141.45
V 6600 -702794.20 -173181.45
V 6608 -702893.70 -173181.45
V 6616 -702901.45 -173183.53
V 6624 -702907.12 -173189.20
V 6632 -702909.20 -173196.95
V 6640 -702909.20 -173267.95
V 6648 -702907.12 -173275.70
V 6656 -702901.45 -173281.37
V 6664 -702893.70 -173283.45
V 6672 -702794.20 -173283.45
V 6680 -702794.20 -173323.45
V 6688 -702893.70 -173323.45
V 6696 -702901.45 -173325.53
V 6704 -702907.12 -173331.20
V 6712 -702909.20 -173338.95
V 6720 -702909.20 -173409.95
V 6728 -702907.12 -173417.70
V 6736 -702901.45 -173423.37
V 6744 -702893.70 -173425.45
V 6752 -702794.20 -173425.45
V 6760 -702794.20 -173465.45
V 6768 -702893.70 -173465.45
V 6776 -702901.45 -173467.53
V 6784 -702907.12 -173473.20
V 6792 -702909.20 -173480.95
V 6800 -702909.20 -173551.95
V 6808 -702907.12 -173559.70
V 6816 -702901.45 -173565.37
V 6824 -702893.70 -173567.45
V 6832 -702794.20 -173567.45
V 6840 -702794.20 -173607.45
V 6848 -702893.70 -173607.45
V 6856 -702901.45 -173609.53
V 6864 -702907.12 -173615.20
V 6872 -702909.20 -173622.95
V 6880 -702909.20 -173693.95
V 6888 -702907.12 -173701.70
V 6896 -702901.45 -173707.37
V 6904 -702893.70 -173709.45
V 6912 -702794.20 -173709.45
V 6920 -702794.20 -173749.45
V 6928 -702893.70 -173749.45
V 6936 -702901.45 -173751.53
V 6944 -702907.12 -173757.20
V 6952 -702909.20 -173764.95
V 6960 -702909.20 -173835.95
V 6968 -702907.12 -173843.70
V 6976 -702901.45 -173849.37
V 6984 -702893.70 -173851.45
V 6992 -702794.20 -173851.45
V 7000 -702794.20 -173891.45
V 7008 -702893.70 -173891.45
V 7016 -702901.45 -173893.53
V 7024 -702907.12 -173899.20
V 7032 -702909.20 -173906.95
V 7040 -702909.20 -173977.95
V 7048 -702907.12 -173985.70
V 7056 -702901.45 -173991.37
V 7064 -702893.70 -173993.45
V 7072 -702794.20 -173993.45
V 7080 -702794.20 -174033.45
V 7088 -702893.70 -174033.45
V 7096 -702901.45 -174035.53
V 7104 -702907.12 -174041.20
V 7112 -702909.20 -174048.95
V 7120 -702909.20 -174119.95
V 7128 -702907.12 -174127.70
V 7136 -702901.45 -174133.37
V 7144 -702893.70 -174135.45
V 7152 -702794.20 -174135.45
V 7160 -702794.20 -174175.45
V 7168 -702893.70 -174175.45
V 7176 -702901.45 -174177.53
V 7184 -702907.12 -174183.20
V 7192 -702909.20 -174190.95
V 7200 -702909.20 -174261.95
V 7208 -702907.12 -174269.70
V 7216 -702901.45 -174275.37
V 7224 -702893.70 -174277.45
V 7232 -702794.20 -174277.45
V 7240 -702794.20 -174317.45
V 7248 -702893.70 -174317.45
V 7256 -702901.45 -174319.53
V 7264 -702907.12 -174325.20
V 7272 -702909.20 -174332.95
V 7280 -702909.20 -174403.95
V 7288 -702907.12 -174411.70
V 7296 -702901.45 -174417.37
V 7304 -702893.70 -174419.45
V 7312 -702794.20 -174419.45
V 7320 -702794.20 -174459.45
V 7328 -702893.70 -174459.45
V 7336 -702901.45 -174461.53
V 7344 -702907.12 -174467.20
V 7352 -702909.20 -174474.95
V 7360 -702909.20 -174545.95
V 7368 -702907.12 -174553.70
V 7376 -702901.45 -174559.37
V 7384 -702893.70 -174561.45
V 7392 -702794.20 -174561.45
V 7400 -702794.20 -174601.45
V 7408 -702893.70 -174601.45
V 7416 -702901.45 -174603.53
V 7424 -702907.12 -174609.20
V 7432 -702909.20 -174616.95
V 7440 -702909.20 -174687.95
V 7448 -702907.12 -174695.70
V 7456 -702901.45 -174701.37
V 7464 -702893.70 -174703.45
V 7472 -702794.20 -174703.45
V 7480 -702794.20 -174743.45
V 7488 -702893.70 -174743.45
V 7496 -702901.45 -174745.53
V 7504 -702907.12 -174751.20
V 7512 -702909.20 -174758.95
V 7520 -702909.20 -174829.95
V 7528 -702907.12 -174837.70
V 7536 -702901.45 -174843.37
V 7544 -702893.70 -174845.45
V 7552 -702794.20 -174845.45
V 7560 -702794.20 -174885.45
V 7568 -702893.70 -174885.45
V 7576 -702901.45 -174887.53
V 7584 -702907.12 -174893.20
V 7592 -702909.20 -174900.95
V 7600 -702909.20 -174971.95
V 7608 -702907.12 -174979.70
V 7616 -702901.45 -174985.37
V 7624 -702893.70 -174987.45
V 7632 -702794.20 -174987.45
V 7640 -702794.20 -175027.45
V 7648 -702893.70 -175027.45
V 7656 -702901.45 -175029.53
V 7664 -702907.12 -175035.20
V 7672 -702909.20 -175042.95
V 7680 -702909.20 -175113.95
V 7688 -702907.12 -175121.70
V 7696 -702901.45 -175127.37
V 7704 -702893.70 -175129.45
V 7712 -702794.20 -175129.45
V 7720 -702794.20 -175169.45
V 7728 -702893.70 -175169.45
V 7736 -702901.45 -175171.53
V 7744 -702907.12 -175177.20
V 7752 -702909.20 -175184.95
V 7760 -702909.20 -175255.95
V 7768 -702907.12 -175263.70
V 7776 -702901.45 -175269.37
V 7784 -702893.70 -175271.45
V 7792 -702794.20 -175271.45
V 7800 -702794.20 -175311.45
V 7808 -702893.70 -175311.45
V 7816 -702901.45 -175313.53
V 7824 -702907.12 -175319.20
V 7832 -702909.20 -175326.95
V 7840 -702909.20 -175397.95
V 7848 -702907.12 -175405.70
V 7856 -702901.45 -175411.37
V 7864 -702893.70 -175413.45
V 7872 -702794.20 -175413.45
V 7880 -702794.20 -175453.45
V 7888 -702893.70 -175453.45
V 7896 -702901.45 -175455.53
V 7904 -702907.12 -175461.20
V 7912 -702909.20 -175468.95
V 7920 -702909.20 -175539.95
V 7928 -702907.12 -175547.70
V 7936 -702901.45 -175553.37
V 7944 -702893.70 -175555.45
V 7952 -702794.20 -175555.45
V 7960 -702794.20 -175595.45
V 7968 -702893.70 -175595.45
V 7976 -702901.45 -175597.53
V 7984 -702907.12 -175603.20
V 7992 -702909.20 -175610.95
V 8000 -702909.20 -175681.95
V 8008 -702907.12 -175689.70
V 8016 -702901.45 -175695.37
V 8024 -702893.70 -175697.45
V 8032 -702794.20 -175697.45
V 8040 -702794.20 -175737.45
V 8048 -702893.70 -175737.45
V 8056 -702901.45 -175739.53
V 8064 -702907.12 -175745.20
V 8072 -702909.20 -175752.95
V 8080 -702909.20 -175823.95
V 8088 -702907.12 -175831.70
V 8096 -702901.45 -175837.37
V 8104 -702893.70 -175839.45
V 8112 -702794.20 -175839.45
V 8120 -702794.20 -175879.45
V 8128 -702893.70 -175879.45
V 8136 -702901.45 -175881.53
V 8144 -702907.12 -175887.20
V 8152 -702909.20 -175894.95
V 8160 -702909.20 -175965.95
V 8168 -702907.12 -175973.70
V 8176 -702901.45 -175979.37
V 8184 -702893.70 -175981.45
V 8192 -702794.20 -175981.45
V 8200 -702794.20 -176021.45
V 8208 -702893.70 -176021.45
V 8216 -702901.45 -176023.53
V 8224 -702907.12 -176029.20
V 8232 -702909.20 -176036.95
V 8240 -702909.20 -176107.95
V 8248 -702907.12 -176115.70
V 8256 -702901.45 -176121.37
V 8264 -702893.70 -176123.45
V 8272 -702794.20 -176123.45
V 8280 -702794.20 -176163.45
V 8288 -702893.70 -176163.45
V 8296 -702901.45 -176165.53
V 8304 -702907.12 -176171.20
V 8312 -702909.20 -176178.95
V 8320 -702909.20 -176249.95
V 8328 -702907.12 -176257.70
V 8336 -702901.45 -176263.37
V 8344 -702893.70 -176265.45
V 8352 -702794.20 -176265.45
V 8360 -702794.20 -176305.45
V 8368 -702893.70 -176305.45
V 8376 -702901.45 -176307.53
V 8384 -702907.12 -176313.20
V 8392 -702909.20 -176320.95
V 8400 -702909.20 -176391.95
V 8408 -702907.12 -176399.70
V 8416 -702901.45 -176405.37
V 8424 -702893.70 -176407.45
V 8432 -702794.20 -176407.45
V 8440 -702794.20 -176447.45
V 8448 -702893.70 -176447.45
V 8456 -702901.45 -176449.53
V 8464 -702907.12 -176455.20
V 8472 -702909.20 -176462.95
V 8480 -702909.20 -176533.95
V 8488 -702907.12 -176541.70
V 8496 -702901.45 -176547.37
V 8504 -702893.70 -176549.45
V 8512 -702794.20 -176549.45
V 8520 -702794.20 -176589.45
V 8528 -702893.70 -176589.45
V 8536 -702901.45 -176591.53
V 8544 -702907.12 -176597.20
V 8552 -702909.20 -176604.95
V 8560 -702909.20 -176675.95
V 8568 -702907.12 -176683.70
V 8576 -702901.45 -176689.37
V 8584 -702893.70 -176691.45
V 8592 -702794.20 -176691.45
V 8600 -702794.20 -176731.45
V 8608 -702893.70 -176731.45
V 8616 -702901.45 -176733.53
V 8624 -702907.12 -176739.20
V 8632 -702909.20 -176746.95
V 8640 -702909.20 -176817.95
V 8648 -702907.12 -176825.70
V 8656 -702901.45 -176831.37
V 8664 -702893.70 -176833.45
V 8672 -702794.20 -176833.45
V 8680 -702794.20 -176873.45
V 8688 -702893.70 -176873.45
V 8696 -702901.45 -176875.53
V 8704 -702907.12 -176881.20
V 8712 -702909.20 -176888.95
V 8720 -702909.20 -176959.95
V 8728 -702907.12 -176967.70
V 8736 -702901.45 -176973.37
V 8744 -702893.70 -176975.45
V 8752 -702794.20 -176975.45
V 8760 -702794.20 -177015.45
V 8768 -702893.70 -177015.45
V 8776 -702901.45 -177017.53
V 8784 -702907.12 -177023.20
V 8792 -702909.20 -177030.95
V 8800 -702909.20 -177101.95
V 8808 -702907.12 -177109.70
V 8816 -702901.45 -177115.37
V 8824 -702893.70 -177117.45
V 8832 -702794.20 -177117.45
V 8840 -702794.20 -177157.45
V 8848 -702893.70 -177157.45
V 8856 -702901.45 -177159.53
V 8864 -702907.12 -177165.20
V 8872 -702909.20 -177172.95
V 8880 -702909.20 -177243.95
V 8888 -702907.12 -177251.70
V 8896 -702901.45 -177257.37
V 8904 -702893.70 -177259.45
V 8912 -702794.20 -177259.45
V 8920 -702794.20 -177299.45
V 8928 -702893.70 -177299.45
V 8936 -702901.45 -177301.53
V 8944 -702907.12 -177307.20
V 8952 -702909.20 -177314.95
V 8960 -702909.20 -177385.95
V 8968 -702907.12 -177393.70
V 8976 -702901.45 -177399.37
V 8984 -702893.70 -177401.45
V 8992 -702794.20 -177401.45
V 9000 -702794.20 -177441.45
V 9008 -702893.70 -177441.45
V 9016 -702901.45 -177443.53
V 9024 -702907.12 -177449.20
V 9032 -702909.20 -177456.95
V 9040 -702909.20 -177527.95
V 9048 -702907.12 -177535.70
V 9056 -702901.45 -177541.37
V 9064 -702893.70 -177543.45
V 9072 -702794.20 -177543.45
V 9080 -702794.20 -177583.45
V 9088 -702893.70 -177583.45
V 9096 -702901.45 -177585.53
V 9104 -702907.12 -177591.20
V 9112 -702909.20 -177598.95
V 9120 -702909.20 -177669.95
V 9128 -702907.12 -177677.70
V 9136 -702901.45 -177683.37
V 9144 -702893.70 -177685.45
V 9152 -702794.20 -177685.45
V 9160 -702794.20 -177725.45
V 9168 -702893.70 -177725.45
V 9176 -702901.45 -177727.53
V 9184 -702907.12 -177733.20
V 9192 -702909.20 -177740.95
V 9200 -702909.20 -177811.95
V 9208 -702907.12 -177819.70
V 9216 -702901.45 -177825.37
V 9224 -702893.70 -177827.45
V 9232 -702794.20 -177827.45
V 9240 -702794.20 -177867.45
V 9248 -702893.70 -177867.45
V 9256 -702901.45 -177869.53
V 9264 -702907.12 -177875.20
V 9272 -702909.20 -177882.95
V 9280 -702909.20 -177953.95
V 9288 -702907.12 -177961.70
V 9296 -702901.45 -177967.37
V 9304 -702893.70 -177969.45
V 9312 -702794.20 -177969.45
V 9320 -702794.20 -178009.45
V 9328 -702893.70 -178009.45
V 9336 -702901.45 -178011.53
V 9344 -702907.12 -178017.20
V 9352 -702909.20 -178024.95
V 9360 -702909.20 -178095.95
V 9368 -702907.12 -178103.70
V 9376 -702901.45 -178109.37
V 9384 -702893.70 -178111.45
V 9392 -702794.20 -178111.45
V 9400 -702794.20 -178151.45
V 9408 -702893.70 -178151.45
V 9416 -702901.45 -178153.53
V 9424 -702907.12 -178159.20
V 9432 -702909.20 -178166.95
V 9440 -702909.20 -178237.95
V 9448 -702907.12 -178245.70
V 9456 -702901.45 -178251.37
V 9464 -702893.70 -178253.45
V 9472 -702794.20 -178253.45
V 9480 -702794.20 -178293.45
V 9488 -702893.70 -178293.45
V 9496 -702901.45 -178295.53
V 9504 -702907.12 -178301.20
V 9512 -702909.20 -178308.95
V 9520 -702909.20 -178379.95
V 9528 -702907.12 -178387.70
V 9536 -702901.45 -178393.37
V 9544 -702893.70 -178395.45
V 9552 -702851.70 -178395.45
V 9560 -702851.70 -178404.45
V 9568 -702820.70 -178404.45
V 9576 -702820.70 -178379.95
V 9584 -702820.74 -178378.84
V 9592 -702820.86 -178377.74
V 9600 -702821.05 -178376.66
V 9608 -702821.33 -178375.58
V 9616 -702821.68 -178374.53
V 9624 -702822.10 -178373.51
V 9632 -702822.60 -178372.52
V 9640 -702823.16 -178371.57
V 9648 -702823.79 -178370.66
V 9656 -702824.49 -178369.80
V 9664 -702825.24 -178368.99
V 9672 -702826.05 -178368.24
V 9680 -702826.91 -178367.54
V 9688 -702827.82 -178366.91
V 9696 -702828.77 -178366.35
V 9704 -702829.76 -178365.85
V 9712 -702830.78 -178365.43
V 9720 -702831.83 -178365.08
V 9728 -702832.91 -178364.80
V 9736 -702833.99 -178364.61
V 9744 -702835.09 -178364.49
V 9752 -702836.20 -178364.45
V 9760 -702878.20 -178364.45
V 9768 -702878.20 -178324.45
V 9776 -702778.70 -178324.45
V 9784 -702770.95 -178322.37
V 9792 -702765.28 -178316.70
V 9800 -702763.20 -178308.95
V 9808 -702763.20 -178237.95
V 9816 -702765.28 -178230.20
V 9824 -702770.95 -178224.53
V 9832 -702778.70 -178222.45
V 9840 -702878.20 -178222.45
V 9848 -702878.20 -178182.45
V 9856 -702778.70 -178182.45
V 9864 -702770.95 -178180.37
V 9872 -702765.28 -178174.70
V 9880 -702763.20 -178166.95
V 9888 -702763.20 -178095.95
V 9896 -702765.28 -178088.20
V 9904 -702770.95 -178082.53
V 9912 -702778.70 -178080.45
V 9920 -702878.20 -178080.45
V 9928 -702878.20 -178040.45
V 9936 -702778.70 -178040.45
V 9944 -702770.95 -178038.37
V 9952 -702765.28 -178032.70
V 9960 -702763.20 -178024.95
V 9968 -702763.20 -177953.95
V 9976 -702765.28 -177946.20
V 9984 -702770.95 -177940.53
V 9992 -702778.70 -177938.45
V 10000 -702878.20 -177938.45
V 10008 -702878.20 -177898.45
V 10016 -702778.70 -177898.45
V 10024 -702770.95 -177896.37
V 10032 -702765.28 -177890.70
V 10040 -702763.20 -177882.95
V 10048 -702763.20 -177811.95
V 10056 -702765.28 -177804.20
V 10064 -702770.95 -177798.53
V 10072 -702778.70 -177796.45
V 10080 -702878.20 -177796.45
V 10088 -702878.20 -177756.45
V 10096 -702778.70 -177756.45
V 10104 -702770.95 -177754.37
V 10112 -702765.28 -177748.70
V 10120 -702763.20 -177740.95
V 10128 -702763.20 -177669.95
V 10136 -702765.28 -177662.20
V 10144 -702770.95 -177656.53
V 10152 -702778.70 -177654.45
V 10160 -702878.20 -177654.45
V 10168 -702878.20 -177614.45
V 10176 -702778.70 -177614.45
V 10184 -702770.95 -177612.37
V 10192 -702765.28 -177606.70
V 10200 -702763.20 -177598.95
V 10208 -702763.20 -177527.95
V 10216 -702765.28 -177520.20
V 10224 -702770.95 -177514.53
V 10232 -702778.70 -177512.45
V 10240 -702878.20 -177512.45
V 10248 -702878.20 -177472.45
V 10256 -702778.70 -177472.45
V 10264 -702770.95 -177470.37
V 10272 -702765.28 -177464.70
V 10280 -702763.20 -177456.95
V 10288 -702763.20 -177385.95
V 10296 -702765.28 -177378.20
V 10304 -702770.95 -177372.53
V 10312 -702778.70 -177370.45
V 10320 -702878.20 -177370.45
V 10328 -702878.20 -177330.45
V 10336 -702778.70 -177330.45
V 10344 -702770.95 -177328.37
V 10352 -702765.28 -177322.70
V 10360 -702763.20 -177314.95
V 10368 -702763.20 -177243.95
V 10376 -702765.28 -177236.20
V 10384 -702770.95 -177230.53
V 10392 -702778.70 -177228.45
V 10400 -702878.20 -177228.45
V 10408 -702878.20 -177188.45
V 10416 -702778.70 -177188.45
V 10424 -702770.95 -177186.37
V 10432 -702765.28 -177180.70
V 10440 -702763.20 -177172.95
V 10448 -702763.20 -177101.95
V 10456 -702765.28 -177094.20
V 10464 -702770.95 -177088.53
V 10472 -702778.70 -177086.45
V 10480 -702878.20 -177086.45
V 10488 -702878.20 -177046.45
V 10496 -702778.70 -177046.45
V 10504 -702770.95 -177044.37
V 10512 -702765.28 -177038.70
V 10520 -702763.20 -177030.95
V 10528 -702763.20 -176959.95
V 10536 -702765.28 -176952.20
V 10544 -702770.95 -176946.53
V 10552 -702778.70 -176944.45
V 10560 -702878.20 -176944.45
V 10568 -702878.20 -176904.45
V 10576 -702778.70 -176904.45
V 10584 -702770.95 -176902.37
V 10592 -702765.28 -176896.70
V 10600 -702763.20 -176888.95
V 10608 -702763.20 -176817.95
V 10616 -702765.28 -176810.20
V 10624 -702770.95 -176804.53
V 10632 -702778.70 -176802.45
V 10640 -702878.20 -176802.45
V 10648 -702878.20 -176762.45
V 10656 -702778.70 -176762.45
V 10664 -702770.95 -176760.37
V 10672 -702765.28 -176754.70
V 10680 -702763.20 -176746.95
V 10688 -702763.20 -176675.95
V 10696 -702765.28 -176668.20
V 10704 -702770.95 -176662.53
V 10712 -702778.70 -176660.45
V 10720 -702878.20 -176660.45
V 10728 -702878.20 -176620.45
V 10736 -702778.70 -176620.45
V 10744 -702770.95 -176618.37
V 10752 -702765.28 -176612.70
V 10760 -702763.20 -176604.95
V 10768 -702763.20 -176533.95
V 10776 -702765.28 -176526.20
V 10784 -702770.95 -176520.53
V 10792 -702778.70 -176518.45
V 10800 -702878.20 -176518.45
V 10808 -702878.20 -176478.45
V 10816 -702778.70 -176478.45
V 10824 -702770.95 -176476.37
V 10832 -702765.28 -176470.70
V 10840 -702763.20 -176462.95
V 10848 -702763.20 -176391.95
V 10856 -702765.28 -176384.20
V 10864 -702770.95 -176378.53
V 10872 -702778.70 -176376.45
V 10880 -702878.20 -176376.45
V 10888 -702878.20 -176336.45
V 10896 -702778.70 -176336.45
V 10904 -702770.95 -176334.37
V 10912 -702765.28 -176328.70
V 10920 -702763.20 -176320.95
V 10928 -702763.20 -176249.95
V 10936 -702765.28 -176242.20
V 10944 -702770.95 -176236.53
V 10952 -702778.70 -176234.45
V 10960 -702878.20 -176234.45
V 10968 -702878.20 -176194.45
V 10976 -702778.70 -176194.45
V 10984 -702770.95 -176192.37
V 10992 -702765.28 -176186.70
V 11000 -702763.20 -176178.95
V 11008 -702763.20 -176107.95
V 11016 -702765.28 -176100.20
V 11024 -702770.95 -176094.53
V 11032 -702778.70 -176092.45
V 11040 -702878.20 -176092.45
V 11048 -702878.20 -176052.45
V 11056 -702778.70 -176052.45
V 11064 -702770.95 -176050.37
V 11072 -702765.28 -176044.70
V 11080 -702763.20 -176036.95
V 11088 -702763.20 -175965.95
V 11096 -702765.28 -175958.20
V 11104 -702770.95 -175952.53
V 11112 -702778.70 -175950.45
V 11120 -702878.20 -175950.45
V 11128 -702878.20 -175910.45
V 11136 -702778.70 -175910.45
V 11144 -702770.95 -175908.37
V 11152 -702765.28 -175902.70
V 11160 -702763.20 -175894.95
V 11168 -702763.20 -175823.95
V 11176 -702765.28 -175816.20
V 11184 -702770.95 -175810.53
V 11192 -702778.70 -175808.45
V 11200 -702878.20 -175808.45
V 11208 -702878.20 -175768.45
V 11216 -702778.70 -175768.45
V 11224 -702770.95 -175766.37
V 11232 -702765.28 -175760.70
V 11240 -702763.20 -175752.95
V 11248 -702763.20 -175681.95
V 11256 -702765.28 -175674.20
V 11264 -702770.95 -175668.53
V 11272 -702778.70 -175666.45
V 11280 -702878.20 -175666.45
V 11288 -702878.20 -175626.45
V 11296 -702778.70 -175626.45
V 11304 -702770.95 -175624.37
V 11312 -702765.28 -175618.70
V 11320 -702763.20 -175610.95
V 11328 -702763.20 -175539.95
V 11336 -702765.28 -175532.20
V 11344 -702770.95 -175526.53
V 11352 -702778.70 -175524.45
V 11360 -702878.20 -175524.45
V 11368 -702878.20 -175484.45
V 11376 -702778.70 -175484.45
V 11384 -702770.95 -175482.37
V 11392 -702765.28 -175476.70
V 11400 -702763.20 -175468.95
V 11408 -702763.20 -175397.95
V 11416 -702765.28 -175390.20
V 11424 -702770.95 -175384.53
V 11432 -702778.70 -175382.45
V 11440 -702878.20 -175382.45
V 11448 -702878.20 -175342.45
V 11456 -702778.70 -175342.45
V 11464 -702770.95 -175340.37
V 11472 -702765.28 -175334.70
V 11480 -702763.20 -175326.95
V 11488 -702763.20 -175255.95
V 11496 -702765.28 -175248.20
V 11504 -702770.95 -175242.53
V 11512 -702778.70 -175240.45
V 11520 -702878.20 -175240.45
V 11528 -702878.20 -175200.45
V 11536 -702778.70 -175200.45
V 11544 -702770.95 -175198.37
V 11552 -702765.28 -175192.70
V 11560 -702763.20 -175184.95
V 11568 -702763.20 -175113.95
V 11576 -702765.28 -175106.20
V 11584 -702770.95 -175100.53
V 11592 -702778.70 -175098.45
V 11600 -702878.20 -175098.45
V 11608 -702878.20 -175058.45
V 11616 -702778.70 -175058.45
V 11624 -702770.95 -175056.37
V 11632 -702765.28 -175050.70
V 11640 -702763.20 -175042.95
V 11648 -702763.20 -174971.95
V 11656 -702765.28 -174964.20
V 11664 -702770.95 -174958.53
V 11672 -702778.70 -174956.45
V 11680 -702878.20 -174956.45
V 11688 -702878.20 -174916.45
V 11696 -702778.70 -174916.45
V 11704 -702770.95 -174914.37
V 11712 -702765.28 -174908.70
V 11720 -702763.20 -174900.95
V 11728 -702763.20 -174829.95
V 11736 -702765.28 -174822.20
V 11744 -702770.95 -174816.53
V 11752 -702778.70 -174814.45
V 11760 -702878.20 -174814.45
V 11768 -702878.20 -174774.45
V 11776 -702778.70 -174774.45
V 11784 -702770.95 -174772.37
V 11792 -702765.28 -174766.70
V 11800 -702763.20 -174758.95
V 11808 -702763.20 -174687.95
V 11816 -702765.28 -174680.20
V 11824 -702770.95 -174674.53
V 11832 -702778.70 -174672.45
V 11840 -702878.20 -174672.45
V 11848 -702878.20 -174632.45
V 11856 -702778.70 -174632.45
V 11864 -702770.95 -174630.37
V 11872 -702765.28 -174624.70
V 11880 -702763.20 -174616.95
V 11888 -702763.20 -174545.95
V 11896 -702765.28 -174538.20
V 11904 -702770.95 -174532.53
V 11912 -702778.70 -174530.45
V 11920 -702878.20 -174530.45
V 11928 -702878.20 -174490.45
V 11936 -702778.70 -174490.45
V 11944 -702770.95 -174488.37
V 11952 -702765.28 -174482.70
V 11960 -702763.20 -174474.95
V 11968 -702763.20 -174403.95
V 11976 -702765.28 -174396.20
V 11984 -702770.95 -174390.53
V 11992 -702778.70 -174388.45
V 12000 -702878.20 -174388.45
V 12008 -702878.20 -174348.45
V 12016 -702778.70 -174348.45
V 12024 -702770.95 -174346.37
V 12032 -702765.28 -174340.70
V 12040 -702763.20 -174332.95
V 12048 -702763.20 -174261.95
V 12056 -702765.28 -174254.20
V 12064 -702770.95 -174248.53
V 12072 -702778.70 -174246.45
V 12080 -702878.20 -174246.45
V 12088 -702878.20 -174206.45
V 12096 -702778.70 -174206.45
V 12104 -702770.95 -174204.37
V 12112 -702765.28 -174198.70
V 12120 -702763.20 -174190.95
V 12128 -702763.20 -174119.95
V 12136 -702765.28 -174112.20
V 12144 -702770.95 -174106.53
V 12152 -702778.70 -174104.45
V 12160 -702878.20 -174104.45
V 12168 -702878.20 -174064.45
V 12176 -702778.70 -174064.45
V 12184 -702770.95 -174062.37
V 12192 -702765.28 -174056.70
V 12200 -702763.20 -174048.95
V 12208 -702763.20 -173977.95
V 12216 -702765.28 -173970.20
V 12224 -702770.95 -173964.53
V 12232 -702778.70 -173962.45
V 12240 -702878.20 -173962.45
V 12248 -702878.20 -173922.45
V 12256 -702778.70 -173922.45
V 12264 -702770.95 -173920.37
V 12272 -702765.28 -173914.70
V 12280 -702763.20 -173906.95
V 12288 -702763.20 -173835.95
V 12296 -702765.28 -173828.20
V 12304 -702770.95 -173822.53
V 12312 -702778.70 -173820.45
V 12320 -702878.20 -173820.45
V 12328 -702878.20 -173780.45
V 12336 -702778.70 -173780.45
V 12344 -702770.95 -173778.37
V 12352 -702765.28 -173772.70
V 12360 -702763.20 -173764.95
V 12368 -702763.20 -173693.95
V 12376 -702765.28 -173686.20
V 12384 -702770.95 -173680.53
V 12392 -702778.70 -173678.45
V 12400 -702878.20 -173678.45
V 12408 -702878.20 -173638.45
V 12416 -702778.70 -173638.45
V 12424 -702770.95 -173636.37
V 12432 -702765.28 -173630.70
V 12440 -702763.20 -173622.95
V 12448 -702763.20 -173551.95
V 12456 -702765.28 -173544.20
V 12464 -702770.95 -173538.53
V 12472 -702778.70 -173536.45
V 12480 -702878.20 -173536.45
V 12488 -702878.20 -173496.45
V 12496 -702778.70 -173496.45
V 12504 -702770.95 -173494.37
V 12512 -702765.28 -173488.70
V 12520 -702763.20 -173480.95
V 12528 -702763.20 -173409.95
V 12536 -702765.28 -173402.20
V 12544 -702770.95 -173396.53
V 12552 -702778.70 -173394.45
V 12560 -702878.20 -173394.45
V 12568 -702878.20 -173354.45
V 12576 -702778.70 -173354.45
V 12584 -702770.95 -173352.37
V 12592 -702765.28 -173346.70
V 12600 -702763.20 -173338.95
V 12608 -702763.20 -173267.95
V 12616 -702765.28 -173260.20
V 12624 -702770.95 -173254.53
V 12632 -702778.70 -173252.45
V 12640 -702878.20 -173252.45
V 12648 -702878.20 -173212.45
V 12656 -702778.70 -173212.45
V 12664 -702770.95 -173210.37
V 12672 -702765.28 -173204.70
V 12680 -702763.20 -173196.95
V 12688 -702763.20 -173125.95
V 12696 -702765.28 -173118.20
V 12704 -702770.95 -173112.53
V 12712 -702778.70 -173110.45
V 12720 -702878.20 -173110.45
V 12728 -702878.20 -173070.45
V 12736 -702778.70 -173070.45
V 12744 -702770.95 -173068.37
V 12752 -702765.28 -173062.70
V 12760 -702763.20 -173054.95
V 12768 -702763.20 -172983.95
V 12776 -702765.28 -172976.20
V 12784 -702770.95 -172970.53
V 12792 -702778.70 -172968.45
V 12800 -702878.20 -172968.45
V 12808 -702878.20 -172928.45
V 12816 -702778.70 -172928.45
V 12824 -702770.95 -172926.37
V 12832 -702765.28 -172920.70
V 12840 -702763.20 -172912.95
V 12848 -702763.20 -172841.95
V 12856 -702765.28 -172834.20
V 12864 -702770.95 -172828.53
V 12872 -702778.70 -172826.45
V 12880 -702878.20 -172826.45
V 12888 -702878.20 -172786.45
V 12896 -702778.70 -172786.45
V 12904 -702770.95 -172784.37
V 12912 -702765.28 -172778.70
V 12920 -702763.20 -172770.95
V 12928 -702763.20 -172699.95
V 12936 -702765.28 -172692.20
V 12944 -702770.95 -172686.53
V 12952 -702778.70 -172684.45
V 12960 -702878.20 -172684.45
V 12968 -702878.20 -172644.45
V 12976 -702778.70 -172644.45
V 12984 -702770.95 -172642.37
V 12992 -702765.28 -172636.70
V 13000 -702763.20 -172628.95
V 13008 -702763.20 -172557.95
V 13016 -702765.28 -172550.20
V 13024 -702770.95 -172544.53
V 13032 -702778.70 -172542.45
V 13040 -702878.20 -172542.45
V 13048 -702878.20 -172502.45
V 13056 -702778.70 -172502.45
V 13064 -702770.95 -172500.37
V 13072 -702765.28 -172494.70
V 13080 -702763.20 -172486.95
V 13088 -702763.20 -172415.95
V 13096 -702765.28 -172408.20
V 13104 -702770.95 -172402.53
V 13112 -702778.70 -172400.45
V 13120 -702878.20 -172400.45
V 13128 -702878.20 -172360.45
V 13136 -702778.70 -172360.45
V 13144 -702770.95 -172358.37
V 13152 -702765.28 -172352.70
V 13160 -702763.20 -172344.95
V 13168 -702763.20 -172273.95
V 13176 -702765.28 -172266.20
V 13184 -702770.95 -172260.53
V 13192 -702778.70 -172258.45
V 13200 -702878.20 -172258.45
V 13208 -702878.20 -172218.45
V 13216 -702778.70 -172218.45
V 13224 -702770.95 -172216.37
V 13232 -702765.28 -172210.70
V 13240 -702763.20 -172202.95
V 13248 -702763.20 -172131.95
V 13256 -702765.28 -172124.20
V 13264 -702770.95 -172118.53
V 13272 -702778.70 -172116.45
V 13280 -702878.20 -172116.45
V 13288 -702878.20 -172076.45
V 13296 -702778.70 -172076.45
V 13304 -702770.95 -172074.37
V 13312 -702765.28 -172068.70
V 13320 -702763.20 -172060.95
V 13328 -702763.20 -171989.95
V 13336 -702765.28 -171982.20
V 13344 -702770.95 -171976.53
V 13352 -702778.70 -171974.45
V 13360 -702878.20 -171974.45
V 13368 -702878.20 -171934.45
V 13376 -702778.70 -171934.45
V 13384 -702770.95 -171932.37
V 13392 -702765.28 -171926.70
V 13400 -702763.20 -171918.95
V 13408 -702763.20 -171847.95
V 13416 -702765.28 -171840.20
V 13424 -702770.95 -171834.53
V 13432 -702778.70 -171832.45
V 13440 -702878.20 -171832.45
V 13448 -702878.20 -171792.45
V 13456 -702778.70 -171792.45
V 13464 -702770.95 -171790.37
V 13472 -702765.28 -171784.70
V 13480 -702763.20 -171776.95
V 13488 -702763.20 -171705.95
V 13496 -702765.28 -171698.20
V 13504 -702770.95 -171692.53
V 13512 -702778.70 -171690.45
V 13520 -702878.20 -171690.45
V 13528 -702878.20 -171650.45
V 13536 -702778.70 -171650.45
V 13544 -702770.95 -171648.37
V 13552 -702765.28 -171642.70
V 13560 -702763.20 -171634.95
V 13568 -702763.20 -171563.95
V 13576 -702765.28 -171556.20
V 13584 -702770.95 -171550.53
V 13592 -702778.70 -171548.45
V 13600 -702878.20 -171548.45
V 13608 -702878.20 -171508.45
V 13616 -702778.70 -171508.45
V 13624 -702770.95 -171506.37
V 13632 -702765.28 -171500.70
V 13640 -702763.20 -171492.95
V 13648 -702763.20 -171421.95
V 13656 -702765.28 -171414.20
V 13664 -702770.95 -171408.53
V 13672 -702778.70 -171406.45
V 13680 -702878.20 -171406.45
V 13688 -702878.20 -171366.45
V 13696 -702778.70 -171366.45
V 13704 -702770.95 -171364.37
V 13712 -702765.28 -171358.70
V 13720 -702763.20 -171350.95
V 13728 -702763.20 -171279.95
V 13736 -702765.28 -171272.20
V 13744 -702770.95 -171266.53
V 13752 -702778.70 -171264.45
V 13760 -702878.20 -171264.45
V 13768 -702878.20 -171224.45
V 13776 -702778.70 -171224.45
V 13784 -702770.95 -171222.37
V 13792 -702765.28 -171216.70
V 13800 -702763.20 -171208.95
V 13808 -702763.20 -171137.95
V 13816 -702765.28 -171130.20
V 13824 -702770.95 -171124.53
V 13832 -702778.70 -171122.45
V 13840 -702878.20 -171122.45
V 13848 -702878.20 -171082.45
V 13856 -702778.70 -171082.45
V 13864 -702770.95 -171080.37
V 13872 -702765.28 -171074.70
V 13880 -702763.20 -171066.95
V 13888 -702763.20 -170995.95
V 13896 -702765.28 -170988.20
V 13904 -702770.95 -170982.53
V 13912 -702778.70 -170980.45
V 13920 -702878.20 -170980.45
V 13928 -702878.20 -170940.45
V 13936 -702778.70 -170940.45
V 13944 -702770.95 -170938.37
V 13952 -702765.28 -170932.70
V 13960 -702763.20 -170924.95
V 13968 -702763.20 -170853.95
V 13976 -702765.28 -170846.20
V 13984 -702770.95 -170840.53
V 13992 -702778.70 -170838.45
V 14000 -702878.20 -170838.45
V 14008 -702878.20 -170798.45
V 14016 -702778.70 -170798.45
V 14024 -702770.95 -170796.37
V 14032 -702765.28 -170790.70
V 14040 -702763.20 -170782.95
V 14048 -702763.20 -170711.95
V 14056 -702765.28 -170704.20
V 14064 -702770.95 -170698.53
V 14072 -702778.70 -170696.45
V 14080 -702878.20 -170696.45
V 14088 -702878.20 -170656.45
V 14096 -702778.70 -170656.45
V 14104 -702770.95 -170654.37
V 14112 -702765.28 -170648.70
V 14120 -702763.20 -170640.95
V 14128 -702763.20 -170569.95
V 14136 -702765.28 -170562.20
V 14144 -702770.95 -170556.53
V 14152 -702778.70 -170554.45
V 14160 -702878.20 -170554.45
V 14168 -702878.20 -170514.45
V 14176 -702778.70 -170514.45
V 14184 -702770.95 -170512.37
V 14192 -702765.28 -170506.70
V 14200 -702763.20 -170498.95
V 14208 -702763.20 -170427.95
V 14216 -702765.28 -170420.20
V 14224 -702770.95 -170414.53
V 14232 -702778.70 -170412.45
V 14240 -702878.20 -170412.45
V 14248 -702878.20 -170372.45
V 14256 -702778.70 -170372.45
V 14264 -702770.95 -170370.37
V 14272 -702765.28 -170364.70
V 14280 -702763.20 -170356.95
V 14288 -702763.20 -170285.95
V 14296 -702765.28 -170278.20
V 14304 -702770.95 -170272.53
V 14312 -702778.70 -170270.45
V 14320 -702878.20 -170270.45
V 14328 -702878.20 -170230.45
V 14336 -702778.70 -170230.45
V 14344 -702770.95 -170228.37
V 14352 -702765.28 -170222.70
V 14360 -702763.20 -170214.95
V 14368 -702763.20 -170143.95
V 14376 -702765.28 -170136.20
V 14384 -702770.95 -170130.53
V 14392 -702778.70 -170128.45
V 14400 -702878.20 -170128.45
V 14408 -702878.20 -170088.45
V 14416 -702778.70 -170088.45
V 14424 -702770.95 -170086.37
V 14432 -702765.28 -170080.70
V 14440 -702763.20 -170072.95
V 14448 -702763.20 -170001.95
V 14456 -702765.28 -169994.20
V 14464 -702770.95 -169988.53
V 14472 -702778.70 -169986.45
V 14480 -702878.20 -169986.45
V 14488 -702878.20 -169946.45
V 14496 -702778.70 -169946.45
V 14504 -702770.95 -169944.37
V 14512 -702765.28 -169938.70
V 14520 -702763.20 -169930.95
V 14528 -702763.20 -169859.95
V 14536 -702765.28 -169852.20
V 14544 -702770.95 -169846.53
V 14552 -702778.70 -169844.45
V 14560 -702878.20 -169844.45
V 14568 -702878.20 -169804.45
V 14576 -702778.70 -169804.45
V 14584 -702770.95 -169802.37
V 14592 -702765.28 -169796.70
V 14600 -702763.20 -169788.95
V 14608 -702763.20 -169717.95
V 14616 -702765.28 -169710.20
V 14624 -702770.95 -169704.53
V 14632 -702778.70 -169702.45
V 14640 -702878.20 -169702.45
V 14648 -702878.20 -169662.45
V 14656 -702778.70 -169662.45
V 14664 -702770.95 -169660.37
V 14672 -702765.28 -169654.70
V 14680 -702763.20 -169646.95
V 14688 -702763.20 -169575.95
V 14696 -702765.28 -169568.20
V 14704 -702770.95 -169562.53
V 14712 -702778.70 -169560.45
V 14720 -702878.20 -169560.45
V 14728 -702878.20 -169520.45
V 14736 -702778.70 -169520.45
V 14744 -702770.95 -169518.37
V 14752 -702765.28 -169512.70
V 14760 -702763.20 -169504.95
V 14768 -702763.20 -169433.95
V 14776 -702765.28 -169426.20
V 14784 -702770.95 -169420.53
V 14792 -702778.70 -169418.45
V 14800 -702878.20 -169418.45
V 14808 -702878.20 -169378.45
V 14816 -702778.70 -169378.45
V 14824 -702770.95 -169376.37
V 14832 -702765.28 -169370.70
V 14840 -702763.20 -169362.95
V 14848 -702763.20 -169291.95
V 14856 -702765.28 -169284.20
V 14864 -702770.95 -169278.53
V 14872 -702778.70 -169276.45
V 14880 -702878.20 -169276.45
V 14888 -702878.20 -169236.45
V 14896 -702778.70 -169236.45
V 14904 -702770.95 -169234.37
V 14912 -702765.28 -169228.70
V 14920 -702763.20 -169220.95
V 14928 -702763.20 -169149.95
V 14936 -702765.28 -169142.20
V 14944 -702770.95 -169136.53
V 14952 -702778.70 -169134.45
V 14960 -702878.20 -169134.45
V 14968 -702878.20 -169094.45
V 14976 -702778.70 -169094.45
V 14984 -702770.95 -169092.37
V 14992 -702765.28 -169086.70
V 15000 -702763.20 -169078.95
V 15008 -702763.20 -169007.95
V 15016 -702765.28 -169000.20
V 15024 -702770.95 -168994.53
V 15032 -702778.70 -168992.45
V 15040 -702878.20 -168992.45
V 15048 -702878.20 -168952.45
V 15056 -702778.70 -168952.45
V 15064 -702770.95 -168950.37
V 15072 -702765.28 -168944.70
V 15080 -702763.20 -168936.95
V 15088 -702763.20 -168865.95
V 15096 -702765.28 -168858.20
V 15104 -702770.95 -168852.53
V 15112 -702778.70 -168850.45
V 15120 -702878.20 -168850.45
V 15128 -702878.20 -168810.45
V 15136 -702778.70 -168810.45
V 15144 -702770.95 -168808.37
V 15152 -702765.28 -168802.70
V 15160 -702763.20 -168794.95
V 15168 -702763.20 -168723.95
V 15176 -702765.28 -168716.20
V 15184 -702770.95 -168710.53
V 15192 -702778.70 -168708.45
V 15200 -702878.20 -168708.45
V 15208 -702878.20 -168668.45
V 15216 -702778.70 -168668.45
V 15224 -702770.95 -168666.37
V 15232 -702765.28 -168660.70
V 15240 -702763.20 -168652.95
V 15248 -702763.20 -168581.95
V 15256 -702765.28 -168574.20
V 15264 -702770.95 -168568.53
V 15272 -702778.70 -168566.45
V 15280 -702878.20 -168566.45
V 15288 -702878.20 -168526.45
V 15296 -702778.70 -168526.45
V 15304 -702770.95 -168524.37
V 15312 -702765.28 -168518.70
V 15320 -702763.20 -168510.95
V 15328 -702763.20 -168439.95
V 15336 -702765.28 -168432.20
V 15344 -702770.95 -168426.53
V 15352 -702778.70 -168424.45
V 15360 -702878.20 -168424.45
V 15368 -702878.20 -168384.45
V 15376 -702778.70 -168384.45
V 15384 -702770.95 -168382.37
V 15392 -702765.28 -168376.70
V 15400 -702763.20 -168368.95
V 15408 -702763.20 -168297.95
V 15416 -702765.28 -168290.20
V 15424 -702770.95 -168284.53
V 15432 -702778.70 -168282.45
V 15440 -702878.20 -168282.45
V 15448 -702878.20 -168242.45
V 15456 -702778.70 -168242.45
V 15464 -702770.95 -168240.37
V 15472 -702765.28 -168234.70
V 15480 -702763.20 -168226.95
V 15488 -702763.20 -168155.95
V 15496 -702765.28 -168148.20
V 15504 -702770.95 -168142.53
V 15512 -702778.70 -168140.45
V 15520 -702878.20 -168140.45
V 15528 -702878.20 -168100.45
V 15536 -702778.70 -168100.45
V 15544 -702770.95 -168098.37
V 15552 -702765.28 -168092.70
V 15560 -702763.20 -168084.95
V 15568 -702763.20 -168013.95
V 15576 -702765.28 -168006.20
V 15584 -702770.95 -168000.53
V 15592 -702778.70 -167998.45
V 15600 -702878.20 -167998.45
V 15608 -702878.20 -167958.45
V 15616 -702778.70 -167958.45
V 15624 -702770.95 -167956.37
V 15632 -702765.28 -167950.70
V 15640 -702763.20 -167942.95
V 15648 -702763.20 -167871.95
V 15656 -702765.28 -167864.20
V 15664 -702770.95 -167858.53
V 15672 -702778.70 -167856.45
V 15680 -702878.20 -167856.45
V 15688 -702878.20 -167816.45
V 15696 -702778.70 -167816.45
V 15704 -702770.95 -167814.37
V 15712 -702765.28 -167808.70
V 15720 -702763.20 -167800.95
V 15728 -702763.20 -167729.95
V 15736 -702765.28 -167722.20
V 15744 -702770.95 -167716.53
V 15752 -702778.70 -167714.45
V 15760 -702878.20 -167714.45
V 15768 -702878.20 -167674.45
V 15776 -702778.70 -167674.45
V 15784 -702770.95 -167672.37
V 15792 -702765.28 -167666.70
V 15800 -702763.20 -167658.95
V 15808 -702763.20 -167587.95
V 15816 -702765.28 -167580.20
V 15824 -702770.95 -167574.53
V 15832 -702778.70 -167572.45
V 15840 -702878.20 -167572.45
V 15848 -702878.20 -167532.45
V 15856 -702778.70 -167532.45
V 15864 -702770.95 -167530.37
V 15872 -702765.28 -167524.70
V 15880 -702763.20 -167516.95
V 15888 -702763.20 -167445.95
V 15896 -702765.28 -167438.20
V 15904 -702770.95 -167432.53
V 15912 -702778.70 -167430.45
V 15920 -702878.20 -167430.45
V 15928 -702878.20 -167390.45
V 15936 -702778.70 -167390.45
V 15944 -702770.95 -167388.37
V 15952 -702765.28 -167382.70
V 15960 -702763.20 -167374.95
V 15968 -702763.20 -167303.95
V 15976 -702765.28 -167296.20
V 15984 -702770.95 -167290.53
V 15992 -702778.70 -167288.45
V 16000 -702878.20 -167288.45
V 16008 -702878.20 -167248.45
V 16016 -702778.70 -167248.45
V 16024 -702770.95 -167246.37
V 16032 -702765.28 -167240.70
V 16040 -702763.20 -167232.95
V 16048 -702763.20 -167161.95
V 16056 -702765.28 -167154.20
V 16064 -702770.95 -167148.53
V 16072 -702778.70 -167146.45
V 16080 -702878.20 -167146.45
V 16088 -702878.20 -167106.45
V 16096 -702778.70 -167106.45
V 16104 -702770.95 -167104.37
V 16112 -702765.28 -167098.70
V 16120 -702763.20 -167090.95
V 16128 -702763.20 -167019.95
V 16136 -702765.28 -167012.20
V 16144 -702770.95 -167006.53
V 16152 -702778.70 -167004.45
V 16160 -702878.20 -167004.45
V 16168 -702878.20 -166964.45
V 16176 -702778.70 -166964.45
V 16184 -702770.95 -166962.37
V 16192 -702765.28 -166956.70
V 16200 -702763.20 -166948.95
V 16208 -702763.20 -166877.95
V 16216 -702765.28 -166870.20
V 16224 -702770.95 -166864.53
V 16232 -702778.70 -166862.45
V 16240 -702878.20 -166862.45
V 16248 -702878.20 -166822.45
V 16256 -702778.70 -166822.45
V 16264 -702770.95 -166820.37
V 16272 -702765.28 -166814.70
V 16280 -702763.20 -166806.95
V 16288 -702763.20 -166735.95
V 16296 -702765.28 -166728.20
V 16304 -702770.95 -166722.53
V 16312 -702778.70 -166720.45
V 16320 -702878.20 -166720.45
V 16328 -702878.20 -166680.45
V 16336 -702778.70 -166680.45
V 16344 -702770.95 -166678.37
V 16352 -702765.28 -166672.70
V 16360 -702763.20 -166664.95
V 16368 -702763.20 -166593.95
V 16376 -702765.28 -166586.20
V 16384 -702770.95 -166580.53
V 16392 -702778.70 -166578.45
V 16400 -702878.20 -166578.45
V 16408 -702878.20 -166538.45
V 16416 -702778.70 -166538.45
V 16424 -702770.95 -166536.37
V 16432 -702765.28 -166530.70
V 16440 -702763.20 -166522.95
V 16448 -702763.20 -166451.95
V 16456 -702765.28 -166444.20
V 16464 -702770.95 -166438.53
V 16472 -702778.70 -166436.45
V 16480 -702878.20 -166436.45
V 16488 -702878.20 -166396.45
V 16496 -702778.70 -166396.45
V 16504 -702770.95 -166394.37
V 16512 -702765.28 -166388.70
V 16520 -702763.20 -166380.95
V 16528 -702763.20 -166309.95
V 16536 -702765.28 -166302.20
V 16544 -702770.95 -166296.53
V 16552 -702778.70 -166294.45
V 16560 -702878.20 -166294.45
V 16568 -702878.20 -166254.45
V 16576 -702778.70 -166254.45
V 16584 -702770.95 -166252.37
V 16592 -702765.28 -166246.70
V 16600 -702763.20 -166238.95
V 16608 -702763.20 -166167.95
V 16616 -702765.28 -166160.20
V 16624 -702770.95 -166154.53
V 16632 -702778.70 -166152.45
V 16640 -702878.20 -166152.45
V 16648 -702878.20 -166112.45
V 16656 -702778.70 -166112.45
V 16664 -702770.95 -166110.37
V 16672 -702765.28 -166104.70
V 16680 -702763.20 -166096.95
V 16688 -702763.20 -166025.95
V 16696 -702765.28 -166018.20
V 16704 -702770.95 -166012.53
V 16712 -702778.70 -166010.45
V 16720 -702878.20 -166010.45
V 16728 -702878.20 -165970.45
V 16736 -702778.70 -165970.45
V 16744 -702770.95 -165968.37
V 16752 -702765.28 -165962.70
V 16760 -702763.20 -165954.95
V 16768 -702763.20 -165883.95
V 16776 -702765.28 -165876.20
V 16784 -702770.95 -165870.53
V 16792 -702778.70 -165868.45
V 16800 -702878.20 -165868.45
V 16808 -702878.20 -165828.45
V 16816 -702778.70 -165828.45
V 16824 -702770.95 -165826.37
V 16832 -702765.28 -165820.70
V 16840 -702763.20 -165812.95
V 16848 -702763.20 -165741.95
V 16856 -702765.28 -165734.20
V 16864 -702770.95 -165728.53
V 16872 -702778.70 -165726.45
V 16880 -702878.20 -165726.45
V 16888 -702878.20 -165686.45
V 16896 -702778.70 -165686.45
V 16904 -702770.95 -165684.37
V 16912 -702765.28 -165678.70
V 16920 -702763.20 -165670.95
V 16928 -702763.20 -165599.95
V 16936 -702765.28 -165592.20
V 16944 -702770.95 -165586.53
V 16952 -702778.70 -165584.45
V 16960 -702878.20 -165584.45
V 16968 -702878.20 -165544.45
V 16976 -702778.70 -165544.45
V 16984 -702770.95 -165542.37
V 16992 -702765.28 -165536.70
V 17000 -702763.20 -165528.95
V 17008 -702763.20 -165457.95
V 17016 -702765.28 -165450.20
V 17024 -702770.95 -165444.53
V 17032 -702778.70 -165442.45
V 17040 -702878.20 -165442.45
V 17048 -702878.20 -165402.45
V 17056 -702778.70 -165402.45
V 17064 -702770.95 -165400.37
V 17072 -702765.28 -165394.70
V 17080 -702763.20 -165386.95
V 17088 -702763.20 -165315.95
V 17096 -702765.28 -165308.20
V 17104 -702770.95 -165302.53
V 17112 -702778.70 -165300.45
V 17120 -702878.20 -165300.45
V 17128 -702878.20 -165260.45
V 17136 -702778.70 -165260.45
V 17144 -702770.95 -165258.37
V 17152 -702765.28 -165252.70
V 17160 -702763.20 -165244.95
V 17168 -702763.20 -165173.95
V 17176 -702765.28 -165166.20
V 17184 -702770.95 -165160.53
V 17192 -702778.70 -165158.45
V 17200 -702878.20 -165158.45
V 17208 -702878.20 -165118.45
V 17216 -702778.70 -165118.45
V 17224 -702770.95 -165116.37
V 17232 -702765.28 -165110.70
V 17240 -702763.20 -165102.95
V 17248 -702763.20 -165031.95
V 17256 -702765.28 -165024.20
V 17264 -702770.95 -165018.53
V 17272 -702778.70 -165016.45
V 17280 -702878.20 -165016.45
V 17288 -702878.20 -164976.45
V 17296 -702778.70 -164976.45
V 17304 -702770.95 -164974.37
V 17312 -702765.28 -164968.70
V 17320 -702763.20 -164960.95
V 17328 -702763.20 -164889.95
V 17336 -702765.28 -164882.20
V 17344 -702770.95 -164876.53
V 17352 -702778.70 -164874.45
V 17360 -702878.20 -164874.45
V 17368 -702878.20 -164834.45
V 17376 -702778.70 -164834.45
V 17384 -702770.95 -164832.37
V 17392 -702765.28 -164826.70
V 17400 -702763.20 -164818.95
V 17408 -702763.20 -164747.95
V 17416 -702765.28 -164740.20
V 17424 -702770.95 -164734.53
V 17432 -702778.70 -164732.45
V 17440 -702878.20 -164732.45
V 17448 -702878.20 -164692.45
V 17456 -702778.70 -164692.45
V 17464 -702770.95 -164690.37
V 17472 -702765.28 -164684.70
V 17480 -702763.20 -164676.95
V 17488 -702763.20 -164605.95
V 17496 -702765.28 -164598.20
V 17504 -702770.95 -164592.53
V 17512 -702778.70 -164590.45
V 17520 -702878.20 -164590.45
V 17528 -702878.20 -164550.45
V 17536 -702778.70 -164550.45
V 17544 -702770.95 -164548.37
V 17552 -702765.28 -164542.70
V 17560 -702763.20 -164534.95
V 17568 -702763.20 -164463.95
V 17576 -702765.28 -164456.20
V 17584 -702770.95 -164450.53
V 17592 -702778.70 -164448.45
V 17600 -702878.20 -164448.45
V 17608 -702878.20 -164408.45
V 17616 -702778.70 -164408.45
V 17624 -702770.95 -164406.37
V 17632 -702765.28 -164400.70
V 17640 -702763.20 -164392.95
V 17648 -702763.20 -164321.95
V 17656 -702765.28 -164314.20
V 17664 -702770.95 -164308.53
V 17672 -702778.70 -164306.45
V 17680 -702878.20 -164306.45
V 17688 -702878.20 -164266.45
V 17696 -702778.70 -164266.45
V 17704 -702770.95 -164264.37
V 17712 -702765.28 -164258.70
V 17720 -702763.20 -164250.95
V 17728 -702763.20 -164179.95
V 17736 -702765.28 -164172.20
V 17744 -702770.95 -164166.53
V 17752 -702778.70 -164164.45
V 17760 -702878.20 -164164.45
V 17768 -702878.20 -164124.45
V 17776 -702778.70 -164124.45
V 17784 -702770.95 -164122.37
V 17792 -702765.28 -164116.70
V 17800 -702763.20 -164108.95
V 17808 -702763.20 -164037.95
V 17816 -702765.28 -164030.20
V 17824 -702770.95 -164024.53
V 17832 -702778.70 -164022.45
V 17840 -702878.20 -164022.45
V 17848 -702878.20 -163982.45
V 17856 -702778.70 -163982.45
V 17864 -702770.95 -163980.37
V 17872 -702765.28 -163974.70
V 17880 -702763.20 -163966.95
V 17888 -702763.20 -163895.95
V 17896 -702765.28 -163888.20
V 17904 -702770.95 -163882.53
V 17912 -702778.70 -163880.45
V 17920 -702878.20 -163880.45
V 17928 -702878.20 -163840.45
V 17936 -702778.70 -163840.45
V 17944 -702770.95 -163838.37
V 17952 -702765.28 -163832.70
V 17960 -702763.20 -163824.95
V 17968 -702763.20 -163753.95
V 17976 -702765.28 -163746.20
V 17984 -702770.95 -163740.53
V 17992 -702778.70 -163738.45
V 18000 -702878.20 -163738.45
V 18008 -702878.20 -163698.45
V 18016 -702778.70 -163698.45
V 18024 -702770.95 -163696.37
V 18032 -702765.28 -163690.70
V 18040 -702763.20 -163682.95
V 18048 -702763.20 -163611.95
V 18056 -702765.28 -163604.20
V 18064 -702770.95 -163598.53
V 18072 -702778.70 -163596.45
V 18080 -702878.20 -163596.45
V 18088 -702878.20 -163556.45
V 18096 -702778.70 -163556.45
V 18104 -702770.95 -163554.37
V 18112 -702765.28 -163548.70
V 18120 -702763.20 -163540.95
V 18128 -702763.20 -163469.95
V 18136 -702765.28 -163462.20
V 18144 -702770.95 -163456.53
V 18152 -702778.70 -163454.45
V 18160 -702878.20 -163454.45
V 18168 -702878.20 -163414.45
V 18176 -702778.70 -163414.45
V 18184 -702770.95 -163412.37
V 18192 -702765.28 -163406.70
V 18200 -702763.20 -163398.95
V 18208 -702763.20 -163327.95
V 18216 -702765.28 -163320.20
V 18224 -702770.95 -163314.53
V 18232 -702778.70 -163312.45
V 18240 -702878.20 -163312.45
V 18248 -702878.20 -163272.45
V 18256 -702778.70 -163272.45
V 18264 -702770.95 -163270.37
V 18272 -702765.28 -163264.70
V 18280 -702763.20 -163256.95
V 18288 -702763.20 -163185.95
V 18296 -702765.28 -163178.20
V 18304 -702770.95 -163172.53
V 18312 -702778.70 -163170.45
V 18320 -702878.20 -163170.45
V 18328 -702878.20 -163130.45
V 18336 -702778.70 -163130.45
V 18344 -702770.95 -163128.37
V 18352 -702765.28 -163122.70
V 18360 -702763.20 -163114.95
V 18368 -702763.20 -163043.95
V 18376 -702765.28 -163036.20
V 18384 -702770.95 -163030.53
V 18392 -702778.70 -163028.45
V 18400 -702878.20 -163028.45
V 18408 -702878.20 -162988.45
V 18416 -702778.70 -162988.45
V 18424 -702770.95 -162986.37
V 18432 -702765.28 -162980.70
V 18440 -702763.20 -162972.95
V 18448 -702763.20 -162901.95
V 18456 -702765.28 -162894.20
V 18464 -702770.95 -162888.53
V 18472 -702778.70 -162886.45
V 18480 -702878.20 -162886.45
V 18488 -702878.20 -162846.45
V 18496 -702778.70 -162846.45
V 18504 -702770.95 -162844.37
V 18512 -702765.28 -162838.70
V 18520 -702763.20 -162830.95
V 18528 -702763.20 -162759.95
V 18536 -702765.28 -162752.20
V 18544 -702770.95 -162746.53
V 18552 -702778.70 -162744.45
V 18560 -702878.20 -162744.45
V 18568 -702878.20 -162704.45
V 18576 -702778.70 -162704.45
V 18584 -702770.95 -162702.37
V 18592 -702765.28 -162696.70
V 18600 -702763.20 -162688.95
V 18608 -702763.20 -162617.95
V 18616 -702765.28 -162610.20
V 18624 -702770.95 -162604.53
V 18632 -702778.70 -162602.45
V 18640 -702878.20 -162602.45
V 18648 -702878.20 -162562.45
V 18656 -702778.70 -162562.45
V 18664 -702770.95 -162560.37
V 18672 -702765.28 -162554.70
V 18680 -702763.20 -162546.95
V 18688 -702763.20 -162475.95
V 18696 -702765.28 -162468.20
V 18704 -702770.95 -162462.53
V 18712 -702778.70 -162460.45
V 18720 -702878.20 -162460.45
V 18728 -702878.20 -162420.45
V 18736 -702778.70 -162420.45
V 18744 -702770.95 -162418.37
V 18752 -702765.28 -162412.70
V 18760 -702763.20 -162404.95
V 18768 -702763.20 -162333.95
V 18776 -702765.28 -162326.20
V 18784 -702770.95 -162320.53
V 18792 -702778.70 -162318.45
V 18800 -702878.20 -162318.45
V 18808 -702878.20 -162278.45
V 18816 -702778.70 -162278.45
V 18824 -702770.95 -162276.37
V 18832 -702765.28 -162270.70
V 18840 -702763.20 -162262.95
V 18848 -702763.20 -162191.95
V 18856 -702765.28 -162184.20
V 18864 -702770.95 -162178.53
V 18872 -702778.70 -162176.45
V 18880 -702878.20 -162176.45
V 18888 -702878.20 -162136.45
V 18896 -702798.10 -162136.45
V 18904 -702790.35 -162134.37
V 18912 -702784.68 -162128.70
V 18920 -702782.60 -162120.95
V 18928 -702782.60 -162049.95
V 18936 -702784.68 -162042.20
V 18944 -702790.35 -162036.53
V 18952 -702798.10 -162034.45
V 18960 -702820.70 -162034.45
V 18968 -702820.70 -161934.21
V 18976 -700384.06 -161520.46
V 18984 -700374.95 -161518.92
V 18992 -699364.96 -161347.42
V 19000 -697841.76 -161088.77
V 19008 -695651.20 -160716.81
V 19016 -695333.17 -160662.81
V 19024 -693398.44 -160334.29
V 19032 -691522.46 -160015.74
V 19040 -691512.85 -160014.11
V 19048 -689731.79 -159711.69
V 19056 -689540.26 -159679.16
V 19064 -688798.73 -159553.25
V 19072 -687746.00 -159374.49
V 19080 -687214.35 -159284.22
V 19088 -686678.96 -159193.31
V 19096 -686580.87 -159176.65
V 19104 -685842.34 -159051.25
V 19112 -685315.32 -158961.76
V 19120 -684692.46 -158855.99
V 19128 -684450.81 -158814.96
V 19136 -684359.85 -158799.52
V 19144 -683477.10 -158649.63
V 19152 -683224.97 -158606.81
V 19160 -683179.67 -158599.12
V 19168 -681618.70 -158334.06
V 19176 -681368.92 -158291.65
V 19184 -681177.10 -158259.08
V 19192 -680894.03 -158211.01
V 19200 -680368.03 -158121.70
V 19208 -679958.18 -158052.11
V 19216 -679662.58 -158001.91
V 19224 -679462.39 -157967.92
V 19232 -678232.91 -157759.15
V 19240 -678231.84 -157758.93
V 19248 -678230.80 -157758.64
V 19256 -678229.77 -157758.27
V 19264 -678228.78 -157757.84
V 19272 -678227.82 -157757.33
V 19280 -678226.89 -157756.76
V 19288 -678226.01 -157756.13
V 19296 -678225.17 -157755.43
V 19304 -678224.39 -157754.68
V 19312 -678223.66 -157753.87
V 19320 -678222.99 -157753.02
V 19328 -678222.38 -157752.12
V 19336 -678221.83 -157751.18
V 19344 -678221.35 -157750.20
V 19352 -678220.94 -157749.20
V 19360 -678220.61 -157748.16
V 19368 -678220.34 -157747.11
V 19376 -678220.15 -157746.04
V 19384 -678220.04 -157744.96
V 19392 -678220.00 -157743.87
V 19400 -678220.00 -157719.35
