V 0 -717447.00 -157719.35
V 8 -717447.00 -157730.78
V 16 -717633.08 -157762.38
V 24 -718032.26 -157830.16
V 32 -718218.34 -157861.76
V 40 -718634.53 -157932.43
V 48 -718837.96 -157966.97
V 56 -719261.34 -158038.86
V 64 -719412.02 -158064.45
V 72 -719654.37 -158105.60
V 80 -720076.20 -158177.23
V 88 -720330.46 -158220.40
V 96 -721314.60 -158387.51
V 104 -721902.38 -158487.32
V 112 -721965.50 -158498.03
V 120 -722079.96 -158517.47
V 128 -722595.54 -158605.01
V 136 -722892.97 -158655.52
V 144 -723227.74 -158712.36
V 152 -723450.39 -158750.17
V 160 -724270.03 -158889.34
V 168 -724511.91 -158930.42
V 176 -724679.85 -158958.94
V 184 -726250.45 -159225.62
V 192 -726274.69 -159229.74
V 200 -727105.58 -159370.83
V 208 -727908.46 -159507.16
V 216 -728258.79 -159566.65
V 224 -728265.40 -159569.46
V 232 -728270.04 -159574.94
V 240 -728271.70 -159581.93
V 248 -728271.70 -159691.45
V 256 -728293.25 -159691.45
V 264 -728301.00 -159693.53
V 272 -728306.67 -159699.20
V 280 -728308.75 -159706.95
V 288 -728308.75 -159777.95
V 296 -728306.67 -159785.70
V 304 -728301.00 -159791.37
V 312 -728293.25 -159793.45
V 320 -728214.20 -159793.45
V 328 -728214.20 -159833.45
V 336 -728313.70 -159833.45
V 344 -728321.45 -159835.53
V 352 -728327.12 -159841.20
V 360 -728329.20 -159848.95
V 368 -728329.20 -159919.95
V 376 -728327.12 -159927.70
V 384 -728321.45 -159933.37
V 392 -728313.70 -159935.45
V 400 -728214.20 -159935.45
V 408 -728214.20 -159975.45
V 416 -728313.70 -159975.45
V 424 -728321.45 -159977.53
V 432 -728327.12 -159983.20
V 440 -728329.20 -159990.95
V 448 -728329.20 -160061.95
V 456 -728327.12 -160069.70
V 464 -728321.45 -160075.37
V 472 -728313.70 -160077.45
V 480 -728214.20 -160077.45
V 488 -728214.20 -160117.45
V 496 -728313.70 -160117.45
V 504 -728321.45 -160119.53
V 512 -728327.12 -160125.20
V 520 -728329.20 -160132.95
V 528 -728329.20 -160203.95
V 536 -728327.12 -160211.70
V 544 -728321.45 -160217.37
V 552 -728313.70 -160219.45
V 560 -728214.20 -160219.45
V 568 -728214.20 -160259.45
V 576 -728313.70 -160259.45
V 584 -728321.45 -160261.53
V 592 -728327.12 -160267.20
V 600 -728329.20 -160274.95
V 608 -728329.20 -160345.95
V 616 -728327.12 -160353.70
V 624 -728321.45 -160359.37
V 632 -728313.70 -160361.45
V 640 -728214.20 -160361.45
V 648 -728214.20 -160401.45
V 656 -728313.70 -160401.45
V 664 -728321.45 -160403.53
V 672 -728327.12 -160409.20
V 680 -728329.20 -160416.95
V 688 -728329.20 -160487.95
V 696 -728327.12 -160495.70
V 704 -728321.45 -160501.37
V 712 -728313.70 -160503.45
V 720 -728214.20 -160503.45
V 728 -728214.20 -160543.45
V 736 -728313.70 -160543.45
V 744 -728321.45 -160545.53
V 752 -728327.12 -160551.20
V 760 -728329.20 -160558.95
V 768 -728329.20 -160629.95
V 776 -728327.12 -160637.70
V 784 -728321.45 -160643.37
V 792 -728313.70 -160645.45
V 800 -728214.20 -160645.45
V 808 -728214.20 -160685.45
V 816 -728313.70 -160685.45
V 824 -728321.45 -160687.53
V 832 -728327.12 -160693.20
V 840 -728329.20 -160700.95
V 848 -728329.20 -160771.95
V 856 -728327.12 -160779.70
V 864 -728321.45 -160785.37
V 872 -728313.70 -160787.45
V 880 -728214.20 -160787.45
V 888 -728214.20 -160827.45
V 896 -728313.70 -160827.45
V 904 -728321.45 -160829.53
V 912 -728327.12 -160835.20
V 920 -728329.20 -160842.95
V 928 -728329.20 -160913.95
V 936 -728327.12 -160921.70
V 944 -728321.45 -160927.37
V 952 -728313.70 -160929.45
V 960 -728214.20 -160929.45
V 968 -728214.20 -160969.45
V 976 -728313.70 -160969.45
V 984 -728321.45 -160971.53
V 992 -728327.12 -160977.20
V 1000 -728329.20 -160984.95
V 1008 -728329.20 -161055.95
V 1016 -728327.12 -161063.70
V 1024 -728321.45 -161069.37
V 1032 -728313.70 -161071.45
V 1040 -728214.20 -161071.45
V 1048 -728214.20 -161111.45
V 1056 -728313.70 -161111.45
V 1064 -728321.45 -161113.53
V 1072 -728327.12 -161119.20
V 1080 -728329.20 -161126.95
V 1088 -728329.20 -161197.95
V 1096 -728327.12 -161205.70
V 1104 -728321.45 -161211.37
V 1112 -728313.70 -161213.45
V 1120 -728214.20 -161213.45
V 1128 -728214.20 -161253.45
V 1136 -728313.70 -161253.45
V 1144 -728321.45 -161255.53
V 1152 -728327.12 -161261.20
V 1160 -728329.20 -161268.95
V 1168 -728329.20 -161339.95
V 1176 -728327.12 -161347.70
V 1184 -728321.45 -161353.37
V 1192 -728313.70 -161355.45
V 1200 -728214.20 -161355.45
V 1208 -728214.20 -161395.45
V 1216 -728313.70 -161395.45
V 1224 -728321.45 -161397.53
V 1232 -728327.12 -161403.20
V 1240 -728329.20 -161410.95
V 1248 -728329.20 -161481.95
V 1256 -728327.12 -161489.70
V 1264 -728321.45 -161495.37
V 1272 -728313.70 -161497.45
V 1280 -728214.20 -161497.45
V 1288 -728214.20 -161537.45
V 1296 -728313.70 -161537.45
V 1304 -728321.45 -161539.53
V 1312 -728327.12 -161545.20
V 1320 -728329.20 -161552.95
V 1328 -728329.20 -161623.95
V 1336 -728327.12 -161631.70
V 1344 -728321.45 -161637.37
V 1352 -728313.70 -161639.45
V 1360 -728214.20 -161639.45
V 1368 -728214.20 -161679.45
V 1376 -728313.70 -161679.45
V 1384 -728321.45 -161681.53
V 1392 -728327.12 -161687.20
V 1400 -728329.20 -161694.95
V 1408 -728329.20 -161765.95
V 1416 -728327.12 -161773.70
V 1424 -728321.45 -161779.37
V 1432 -728313.70 -161781.45
V 1440 -728214.20 -161781.45
V 1448 -728214.20 -161821.45
V 1456 -728313.70 -161821.45
V 1464 -728321.45 -161823.53
V 1472 -728327.12 -161829.20
V 1480 -728329.20 -161836.95
V 1488 -728329.20 -161907.95
V 1496 -728327.12 -161915.70
V 1504 -728321.45 -161921.37
V 1512 -728313.70 -161923.45
V 1520 -728214.20 -161923.45
V 1528 -728214.20 -161963.45
V 1536 -728313.70 -161963.45
V 1544 -728321.45 -161965.53
V 1552 -728327.12 -161971.20
V 1560 -728329.20 -161978.95
V 1568 -728329.20 -162049.95
V 1576 -728327.12 -162057.70
V 1584 -728321.45 -162063.37
V 1592 -728313.70 -162065.45
V 1600 -728214.20 -162065.45
V 1608 -728214.20 -162105.45
V 1616 -728313.70 -162105.45
V 1624 -728321.45 -162107.53
V 1632 -728327.12 -162113.20
V 1640 -728329.20 -162120.95
V 1648 -728329.20 -162191.95
V 1656 -728327.12 -162199.70
V 1664 -728321.45 -162205.37
V 1672 -728313.70 -162207.45
V 1680 -728214.20 -162207.45
V 1688 -728214.20 -162247.45
V 1696 -728313.70 -162247.45
V 1704 -728321.45 -162249.53
V 1712 -728327.12 -162255.20
V 1720 -728329.20 -162262.95
V 1728 -728329.20 -162333.95
V 1736 -728327.12 -162341.70
V 1744 -728321.45 -162347.37
V 1752 -728313.70 -162349.45
V 1760 -728214.20 -162349.45
V 1768 -728214.20 -162389.45
V 1776 -728313.70 -162389.45
V 1784 -728321.45 -162391.53
V 1792 -728327.12 -162397.20
V 1800 -728329.20 -162404.95
V 1808 -728329.20 -162475.95
V 1816 -728327.12 -162483.70
V 1824 -728321.45 -162489.37
V 1832 -728313.70 -162491.45
V 1840 -728214.20 -162491.45
V 1848 -728214.20 -162531.45
V 1856 -728313.70 -162531.45
V 1864 -728321.45 -162533.53
V 1872 -728327.12 -162539.20
V 1880 -728329.20 -162546.95
V 1888 -728329.20 -162617.95
V 1896 -728327.12 -162625.70
V 1904 -728321.45 -162631.37
V 1912 -728313.70 -162633.45
V 1920 -728214.20 -162633.45
V 1928 -728214.20 -162673.45
V 1936 -728313.70 -162673.45
V 1944 -728321.45 -162675.53
V 1952 -728327.12 -162681.20
V 1960 -728329.20 -162688.95
V 1968 -728329.20 -162759.95
V 1976 -728327.12 -162767.70
V 1984 -728321.45 -162773.37
V 1992 -728313.70 -162775.45
V 2000 -728214.20 -162775.45
V 2008 -728214.20 -162815.45
V 2016 -728313.70 -162815.45
V 2024 -728321.45 -162817.53
V 2032 -728327.12 -162823.20
V 2040 -728329.20 -162830.95
V 2048 -728329.20 -162901.95
V 2056 -728327.12 -162909.70
V 2064 -728321.45 -162915.37
V 2072 -728313.70 -162917.45
V 2080 -728214.20 -162917.45
V 2088 -728214.20 -162957.45
V 2096 -728313.70 -162957.45
V 2104 -728321.45 -162959.53
V 2112 -728327.12 -162965.20
V 2120 -728329.20 -162972.95
V 2128 -728329.20 -163043.95
V 2136 -728327.12 -163051.70
V 2144 -728321.45 -163057.37
V 2152 -728313.70 -163059.45
V 2160 -728214.20 -163059.45
V 2168 -728214.20 -163099.45
V 2176 -728313.70 -163099.45
V 2184 -728321.45 -163101.53
V 2192 -728327.12 -163107.20
V 2200 -728329.20 -163114.95
V 2208 -728329.20 -163185.95
V 2216 -728327.12 -163193.70
V 2224 -728321.45 -163199.37
V 2232 -728313.70 -163201.45
V 2240 -728214.20 -163201.45
V 2248 -728214.20 -163241.45
V 2256 -728313.70 -163241.45
V 2264 -728321.45 -163243.53
V 2272 -728327.12 -163249.20
V 2280 -728329.20 -163256.95
V 2288 -728329.20 -163327.95
V 2296 -728327.12 -163335.70
V 2304 -728321.45 -163341.37
V 2312 -728313.70 -163343.45
V 2320 -728214.20 -163343.45
V 2328 -728214.20 -163383.45
V 2336 -728313.70 -163383.45
V 2344 -728321.45 -163385.53
V 2352 -728327.12 -163391.20
V 2360 -728329.20 -163398.95
V 2368 -728329.20 -163469.95
V 2376 -728327.12 -163477.70
V 2384 -728321.45 -163483.37
V 2392 -728313.70 -163485.45
V 2400 -728214.20 -163485.45
V 2408 -728214.20 -163525.45
V 2416 -728313.70 -163525.45
V 2424 -728321.45 -163527.53
V 2432 -728327.12 -163533.20
V 2440 -728329.20 -163540.95
V 2448 -728329.20 -163611.95
V 2456 -728327.12 -163619.70
V 2464 -728321.45 -163625.37
V 2472 -728313.70 -163627.45
V 2480 -728214.20 -163627.45
V 2488 -728214.20 -163667.45
V 2496 -728313.70 -163667.45
V 2504 -728321.45 -163669.53
V 2512 -728327.12 -163675.20
V 2520 -728329.20 -163682.95
V 2528 -728329.20 -163753.95
V 2536 -728327.12 -163761.70
V 2544 -728321.45 -163767.37
V 2552 -728313.70 -163769.45
V 2560 -728214.20 -163769.45
V 2568 -728214.20 -163809.45
V 2576 -728313.70 -163809.45
V 2584 -728321.45 -163811.53
V 2592 -728327.12 -163817.20
V 2600 -728329.20 -163824.95
V 2608 -728329.20 -163895.95
V 2616 -728327.12 -163903.70
V 2624 -728321.45 -163909.37
V 2632 -728313.70 -163911.45
V 2640 -728214.20 -163911.45
V 2648 -728214.20 -163951.45
V 2656 -728313.70 -163951.45
V 2664 -728321.45 -163953.53
V 2672 -728327.12 -163959.20
V 2680 -728329.20 -163966.95
V 2688 -728329.20 -164037.95
V 2696 -728327.12 -164045.70
V 2704 -728321.45 -164051.37
V 2712 -728313.70 -164053.45
V 2720 -728214.20 -164053.45
V 2728 -728214.20 -164093.45
V 2736 -728313.70 -164093.45
V 2744 -728321.45 -164095.53
V 2752 -728327.12 -164101.20
V 2760 -728329.20 -164108.95
V 2768 -728329.20 -164179.95
V 2776 -728327.12 -164187.70
V 2784 -728321.45 -164193.37
V 2792 -728313.70 -164195.45
V 2800 -728214.20 -164195.45
V 2808 -728214.20 -164235.45
V 2816 -728313.70 -164235.45
V 2824 -728321.45 -164237.53
V 2832 -728327.12 -164243.20
V 2840 -728329.20 -164250.95
V 2848 -728329.20 -164321.95
V 2856 -728327.12 -164329.70
V 2864 -728321.45 -164335.37
V 2872 -728313.70 -164337.45
V 2880 -728214.20 -164337.45
V 2888 -728214.20 -164377.45
V 2896 -728313.70 -164377.45
V 2904 -728321.45 -164379.53
V 2912 -728327.12 -164385.20
V 2920 -728329.20 -164392.95
V 2928 -728329.20 -164463.95
V 2936 -728327.12 -164471.70
V 2944 -728321.45 -164477.37
V 2952 -728313.70 -164479.45
V 2960 -728214.20 -164479.45
V 2968 -728214.20 -164519.45
V 2976 -728313.70 -164519.45
V 2984 -728321.45 -164521.53
V 2992 -728327.12 -164527.20
V 3000 -728329.20 -164534.95
V 3008 -728329.20 -164605.95
V 3016 -728327.12 -164613.70
V 3024 -728321.45 -164619.37
V 3032 -728313.70 -164621.45
V 3040 -728214.20 -164621.45
V 3048 -728214.20 -164661.45
V 3056 -728313.70 -164661.45
V 3064 -728321.45 -164663.53
V 3072 -728327.12 -164669.20
V 3080 -728329.20 -164676.95
V 3088 -728329.20 -164747.95
V 3096 -728327.12 -164755.70
V 3104 -728321.45 -164761.37
V 3112 -728313.70 -164763.45
V 3120 -728214.20 -164763.45
V 3128 -728214.20 -164803.45
V 3136 -728313.70 -164803.45
V 3144 -728321.45 -164805.53
V 3152 -728327.12 -164811.20
V 3160 -728329.20 -164818.95
V 3168 -728329.20 -164889.95
V 3176 -728327.12 -164897.70
V 3184 -728321.45 -164903.37
V 3192 -728313.70 -164905.45
V 3200 -728214.20 -164905.45
V 3208 -728214.20 -164945.45
V 3216 -728313.70 -164945.45
V 3224 -728321.45 -164947.53
V 3232 -728327.12 -164953.20
V 3240 -728329.20 -164960.95
V 3248 -728329.20 -165031.95
V 3256 -728327.12 -165039.70
V 3264 -728321.45 -165045.37
V 3272 -728313.70 -165047.45
V 3280 -728214.20 -165047.45
V 3288 -728214.20 -165087.45
V 3296 -728313.70 -165087.45
V 3304 -728321.45 -165089.53
V 3312 -728327.12 -165095.20
V 3320 -728329.20 -165102.95
V 3328 -728329.20 -165173.95
V 3336 -728327.12 -165181.70
V 3344 -728321.45 -165187.37
V 3352 -728313.70 -165189.45
V 3360 -728214.20 -165189.45
V 3368 -728214.20 -165229.45
V 3376 -728313.70 -165229.45
V 3384 -728321.45 -165231.53
V 3392 -728327.12 -165237.20
V 3400 -728329.20 -165244.95
V 3408 -728329.20 -165315.95
V 3416 -728327.12 -165323.70
V 3424 -728321.45 -165329.37
V 3432 -728313.70 -165331.45
V 3440 -728214.20 -165331.45
V 3448 -728214.20 -165371.45
V 3456 -728313.70 -165371.45
V 3464 -728321.45 -165373.53
V 3472 -728327.12 -165379.20
V 3480 -728329.20 -165386.95
V 3488 -728329.20 -165457.95
V 3496 -728327.12 -165465.70
V 3504 -728321.45 -165471.37
V 3512 -728313.70 -165473.45
V 3520 -728214.20 -165473.45
V 3528 -728214.20 -165513.45
V 3536 -728313.70 -165513.45
V 3544 -728321.45 -165515.53
V 3552 -728327.12 -165521.20
V 3560 -728329.20 -165528.95
V 3568 -728329.20 -165599.95
V 3576 -728327.12 -165607.70
V 3584 -728321.45 -165613.37
V 3592 -728313.70 -165615.45
V 3600 -728214.20 -165615.45
V 3608 -728214.20 -165655.45
V 3616 -728313.70 -165655.45
V 3624 -728321.45 -165657.53
V 3632 -728327.12 -165663.20
V 3640 -728329.20 -165670.95
V 3648 -728329.20 -165741.95
V 3656 -728327.12 -165749.70
V 3664 -728321.45 -165755.37
V 3672 -728313.70 -165757.45
V 3680 -728214.20 -165757.45
V 3688 -728214.20 -165797.45
V 3696 -728313.70 -165797.45
V 3704 -728321.45 -165799.53
V 3712 -728327.12 -165805.20
V 3720 -728329.20 -165812.95
V 3728 -728329.20 -165883.95
V 3736 -728327.12 -165891.70
V 3744 -728321.45 -165897.37
V 3752 -728313.70 -165899.45
V 3760 -728214.20 -165899.45
V 3768 -728214.20 -165939.45
V 3776 -728313.70 -165939.45
V 3784 -728321.45 -165941.53
V 3792 -728327.12 -165947.20
V 3800 -728329.20 -165954.95
V 3808 -728329.20 -166025.95
V 3816 -728327.12 -166033.70
V 3824 -728321.45 -166039.37
V 3832 -728313.70 -166041.45
V 3840 -728214.20 -166041.45
V 3848 -728214.20 -166081.45
V 3856 -728313.70 -166081.45
V 3864 -728321.45 -166083.53
V 3872 -728327.12 -166089.20
V 3880 -728329.20 -166096.95
V 3888 -728329.20 -166167.95
V 3896 -728327.12 -166175.70
V 3904 -728321.45 -166181.37
V 3912 -728313.70 -166183.45
V 3920 -728214.20 -166183.45
V 3928 -728214.20 -166223.45
V 3936 -728313.70 -166223.45
V 3944 -728321.45 -166225.53
V 3952 -728327.12 -166231.20
V 3960 -728329.20 -166238.95
V 3968 -728329.20 -166309.95
V 3976 -728327.12 -166317.70
V 3984 -728321.45 -166323.37
V 3992 -728313.70 -166325.45
V 4000 -728214.20 -166325.45
V 4008 -728214.20 -166365.45
V 4016 -728313.70 -166365.45
V 4024 -728321.45 -166367.53
V 4032 -728327.12 -166373.20
V 4040 -728329.20 -166380.95
V 4048 -728329.20 -166451.95
V 4056 -728327.12 -166459.70
V 4064 -728321.45 -166465.37
V 4072 -728313.70 -166467.45
V 4080 -728214.20 -166467.45
V 4088 -728214.20 -166507.45
V 4096 -728313.70 -166507.45
V 4104 -728321.45 -166509.53
V 4112 -728327.12 -166515.20
V 4120 -728329.20 -166522.95
V 4128 -728329.20 -166593.95
V 4136 -728327.12 -166601.70
V 4144 -728321.45 -166607.37
V 4152 -728313.70 -166609.45
V 4160 -728214.20 -166609.45
V 4168 -728214.20 -166649.45
V 4176 -728313.70 -166649.45
V 4184 -728321.45 -166651.53
V 4192 -728327.12 -166657.20
V 4200 -728329.20 -166664.95
V 4208 -728329.20 -166735.95
V 4216 -728327.12 -166743.70
V 4224 -728321.45 -166749.37
V 4232 -728313.70 -166751.45
V 4240 -728214.20 -166751.45
V 4248 -728214.20 -166791.45
V 4256 -728313.70 -166791.45
V 4264 -728321.45 -166793.53
V 4272 -728327.12 -166799.20
V 4280 -728329.20 -166806.95
V 4288 -728329.20 -166877.95
V 4296 -728327.12 -166885.70
V 4304 -728321.45 -166891.37
V 4312 -728313.70 -166893.45
V 4320 -728214.20 -166893.45
V 4328 -728214.20 -166933.45
V 4336 -728313.70 -166933.45
V 4344 -728321.45 -166935.53
V 4352 -728327.12 -166941.20
V 4360 -728329.20 -166948.95
V 4368 -728329.20 -167019.95
V 4376 -728327.12 -167027.70
V 4384 -728321.45 -167033.37
V 4392 -728313.70 -167035.45
V 4400 -728214.20 -167035.45
V 4408 -728214.20 -167075.45
V 4416 -728313.70 -167075.45
V 4424 -728321.45 -167077.53
V 4432 -728327.12 -167083.20
V 4440 -728329.20 -167090.95
V 4448 -728329.20 -167161.95
V 4456 -728327.12 -167169.70
V 4464 -728321.45 -167175.37
V 4472 -728313.70 -167177.45
V 4480 -728214.20 -167177.45
V 4488 -728214.20 -167217.45
V 4496 -728313.70 -167217.45
V 4504 -728321.45 -167219.53
V 4512 -728327.12 -167225.20
V 4520 -728329.20 -167232.95
V 4528 -728329.20 -167303.95
V 4536 -728327.12 -167311.70
V 4544 -728321.45 -167317.37
V 4552 -728313.70 -167319.45
V 4560 -728214.20 -167319.45
V 4568 -728214.20 -167359.45
V 4576 -728313.70 -167359.45
V 4584 -728321.45 -167361.53
V 4592 -728327.12 -167367.20
V 4600 -728329.20 -167374.95
V 4608 -728329.20 -167445.95
V 4616 -728327.12 -167453.70
V 4624 -728321.45 -167459.37
V 4632 -728313.70 -167461.45
V 4640 -728214.20 -167461.45
V 4648 -728214.20 -167501.45
V 4656 -728313.70 -167501.45
V 4664 -728321.45 -167503.53
V 4672 -728327.12 -167509.20
V 4680 -728329.20 -167516.95
V 4688 -728329.20 -167587.95
V 4696 -728327.12 -167595.70
V 4704 -728321.45 -167601.37
V 4712 -728313.70 -167603.45
V 4720 -728214.20 -167603.45
V 4728 -728214.20 -167643.45
V 4736 -728313.70 -167643.45
V 4744 -728321.45 -167645.53
V 4752 -728327.12 -167651.20
V 4760 -728329.20 -167658.95
V 4768 -728329.20 -167729.95
V 4776 -728327.12 -167737.70
V 4784 -728321.45 -167743.37
V 4792 -728313.70 -167745.45
V 4800 -728214.20 -167745.45
V 4808 -728214.20 -167785.45
V 4816 -728313.70 -167785.45
V 4824 -728321.45 -167787.53
V 4832 -728327.12 -167793.20
V 4840 -728329.20 -167800.95
V 4848 -728329.20 -167871.95
V 4856 -728327.12 -167879.70
V 4864 -728321.45 -167885.37
V 4872 -728313.70 -167887.45
V 4880 -728214.20 -167887.45
V 4888 -728214.20 -167927.45
V 4896 -728313.70 -167927.45
V 4904 -728321.45 -167929.53
V 4912 -728327.12 -167935.20
V 4920 -728329.20 -167942.95
V 4928 -728329.20 -168013.95
V 4936 -728327.12 -168021.70
V 4944 -728321.45 -168027.37
V 4952 -728313.70 -168029.45
V 4960 -728214.20 -168029.45
V 4968 -728214.20 -168069.45
V 4976 -728313.70 -168069.45
V 4984 -728321.45 -168071.53
V 4992 -728327.12 -168077.20
V 5000 -728329.20 -168084.95
V 5008 -728329.20 -168155.95
V 5016 -728327.12 -168163.70
V 5024 -728321.45 -168169.37
V 5032 -728313.70 -168171.45
V 5040 -728214.20 -168171.45
V 5048 -728214.20 -168211.45
V 5056 -728313.70 -168211.45
V 5064 -728321.45 -168213.53
V 5072 -728327.12 -168219.20
V 5080 -728329.20 -168226.95
V 5088 -728329.20 -168297.95
V 5096 -728327.12 -168305.70
V 5104 -728321.45 -168311.37
V 5112 -728313.70 -168313.45
V 5120 -728214.20 -168313.45
V 5128 -728214.20 -168353.45
V 5136 -728313.70 -168353.45
V 5144 -728321.45 -168355.53
V 5152 -728327.12 -168361.20
V 5160 -728329.20 -168368.95
V 5168 -728329.20 -168439.95
V 5176 -728327.12 -168447.70
V 5184 -728321.45 -168453.37
V 5192 -728313.70 -168455.45
V 5200 -728214.20 -168455.45
V 5208 -728214.20 -168495.45
V 5216 -728313.70 -168495.45
V 5224 -728321.45 -168497.53
V 5232 -728327.12 -168503.20
V 5240 -728329.20 -168510.95
V 5248 -728329.20 -168581.95
V 5256 -728327.12 -168589.70
V 5264 -728321.45 -168595.37
V 5272 -728313.70 -168597.45
V 5280 -728214.20 -168597.45
V 5288 -728214.20 -168637.45
V 5296 -728313.70 -168637.45
V 5304 -728321.45 -168639.53
V 5312 -728327.12 -168645.20
V 5320 -728329.20 -168652.95
V 5328 -728329.20 -168723.95
V 5336 -728327.12 -168731.70
V 5344 -728321.45 -168737.37
V 5352 -728313.70 -168739.45
V 5360 -728214.20 -168739.45
V 5368 -728214.20 -168779.45
V 5376 -728313.70 -168779.45
V 5384 -728321.45 -168781.53
V 5392 -728327.12 -168787.20
V 5400 -728329.20 -168794.95
V 5408 -728329.20 -168865.95
V 5416 -728327.12 -168873.70
V 5424 -728321.45 -168879.37
V 5432 -728313.70 -168881.45
V 5440 -728214.20 -168881.45
V 5448 -728214.20 -168921.45
V 5456 -728313.70 -168921.45
V 5464 -728321.45 -168923.53
V 5472 -728327.12 -168929.20
V 5480 -728329.20 -168936.95
V 5488 -728329.20 -169007.95
V 5496 -728327.12 -169015.70
V 5504 -728321.45 -169021.37
V 5512 -728313.70 -169023.45
V 5520 -728214.20 -169023.45
V 5528 -728214.20 -169063.45
V 5536 -728313.70 -169063.45
V 5544 -728321.45 -169065.53
V 5552 -728327.12 -169071.20
V 5560 -728329.20 -169078.95
V 5568 -728329.20 -169149.95
V 5576 -728327.12 -169157.70
V 5584 -728321.45 -169163.37
V 5592 -728313.70 -169165.45
V 5600 -728214.20 -169165.45
V 5608 -728214.20 -169205.45
V 5616 -728313.70 -169205.45
V 5624 -728321.45 -169207.53
V 5632 -728327.12 -169213.20
V 5640 -728329.20 -169220.95
V 5648 -728329.20 -169291.95
V 5656 -728327.12 -169299.70
V 5664 -728321.45 -169305.37
V 5672 -728313.70 -169307.45
V 5680 -728214.20 -169307.45
V 5688 -728214.20 -169347.45
V 5696 -728313.70 -169347.45
V 5704 -728321.45 -169349.53
V 5712 -728327.12 -169355.20
V 5720 -728329.20 -169362.95
V 5728 -728329.20 -169433.95
V 5736 -728327.12 -169441.70
V 5744 -728321.45 -169447.37
V 5752 -728313.70 -169449.45
V 5760 -728214.20 -169449.45
V 5768 -728214.20 -169489.45
V 5776 -728313.70 -169489.45
V 5784 -728321.45 -169491.53
V 5792 -728327.12 -169497.20
V 5800 -728329.20 -169504.95
V 5808 -728329.20 -169575.95
V 5816 -728327.12 -169583.70
V 5824 -728321.45 -169589.37
V 5832 -728313.70 -169591.45
V 5840 -728214.20 -169591.45
V 5848 -728214.20 -169631.45
V 5856 -728313.70 -169631.45
V 5864 -728321.45 -169633.53
V 5872 -728327.12 -169639.20
V 5880 -728329.20 -169646.95
V 5888 -728329.20 -169717.95
V 5896 -728327.12 -169725.70
V 5904 -728321.45 -169731.37
V 5912 -728313.70 -169733.45
V 5920 -728214.20 -169733.45
V 5928 -728214.20 -169773.45
V 5936 -728313.70 -169773.45
V 5944 -728321.45 -169775.53
V 5952 -728327.12 -169781.20
V 5960 -728329.20 -169788.95
V 5968 -728329.20 -169859.95
V 5976 -728327.12 -169867.70
V 5984 -728321.45 -169873.37
V 5992 -728313.70 -169875.45
V 6000 -728214.20 -169875.45
V 6008 -728214.20 -169915.45
V 6016 -728313.70 -169915.45
V 6024 -728321.45 -169917.53
V 6032 -728327.12 -169923.20
V 6040 -728329.20 -169930.95
V 6048 -728329.20 -170001.95
V 6056 -728327.12 -170009.70
V 6064 -728321.45 -170015.37
V 6072 -728313.70 -170017.45
V 6080 -728214.20 -170017.45
V 6088 -728214.20 -170057.45
V 6096 -728313.70 -170057.45
V 6104 -728321.45 -170059.53
V 6112 -728327.12 -170065.20
V 6120 -728329.20 -170072.95
V 6128 -728329.20 -170143.95
V 6136 -728327.12 -170151.70
V 6144 -728321.45 -170157.37
V 6152 -728313.70 -170159.45
V 6160 -728214.20 -170159.45
V 6168 -728214.20 -170199.45
V 6176 -728313.70 -170199.45
V 6184 -728321.45 -170201.53
V 6192 -728327.12 -170207.20
V 6200 -728329.20 -170214.95
V 6208 -728329.20 -170285.95
V 6216 -728327.12 -170293.70
V 6224 -728321.45 -170299.37
V 6232 -728313.70 -170301.45
V 6240 -728214.20 -170301.45
V 6248 -728214.20 -170341.45
V 6256 -728313.70 -170341.45
V 6264 -728321.45 -170343.53
V 6272 -728327.12 -170349.20
V 6280 -728329.20 -170356.95
V 6288 -728329.20 -170427.95
V 6296 -728327.12 -170435.70
V 6304 -728321.45 -170441.37
V 6312 -728313.70 -170443.45
V 6320 -728214.20 -170443.45
V 6328 -728214.20 -170483.45
V 6336 -728313.70 -170483.45
V 6344 -728321.45 -170485.53
V 6352 -728327.12 -170491.20
V 6360 -728329.20 -170498.95
V 6368 -728329.20 -170569.95
V 6376 -728327.12 -170577.70
V 6384 -728321.45 -170583.37
V 6392 -728313.70 -170585.45
V 6400 -728214.20 -170585.45
V 6408 -728214.20 -170625.45
V 6416 -728313.70 -170625.45
V 6424 -728321.45 -170627.53
V 6432 -728327.12 -170633.20
V 6440 -728329.20 -170640.95
V 6448 -728329.20 -170711.95
V 6456 -728327.12 -170719.70
V 6464 -728321.45 -170725.37
V 6472 -728313.70 -170727.45
V 6480 -728214.20 -170727.45
V 6488 -728214.20 -170767.45
V 6496 -728313.70 -170767.45
V 6504 -728321.45 -170769.53
V 6512 -728327.12 -170775.20
V 6520 -728329.20 -170782.95
V 6528 -728329.20 -170853.95
V 6536 -728327.12 -170861.70
V 6544 -728321.45 -170867.37
V 6552 -728313.70 -170869.45
V 6560 -728214.20 -170869.45
V 6568 -728214.20 -170909.45
V 6576 -728313.70 -170909.45
V 6584 -728321.45 -170911.53
V 6592 -728327.12 -170917.20
V 6600 -728329.20 -170924.95
V 6608 -728329.20 -170995.95
V 6616 -728327.12 -171003.70
V 6624 -728321.45 -171009.37
V 6632 -728313.70 -171011.45
V 6640 -728214.20 -171011.45
V 6648 -728214.20 -171051.45
V 6656 -728313.70 -171051.45
V 6664 -728321.45 -171053.53
V 6672 -728327.12 -171059.20
V 6680 -728329.20 -171066.95
V 6688 -728329.20 -171137.95
V 6696 -728327.12 -171145.70
V 6704 -728321.45 -171151.37
V 6712 -728313.70 -171153.45
V 6720 -728214.20 -171153.45
V 6728 -728214.20 -171193.45
V 6736 -728313.70 -171193.45
V 6744 -728321.45 -171195.53
V 6752 -728327.12 -171201.20
V 6760 -728329.20 -171208.95
V 6768 -728329.20 -171279.95
V 6776 -728327.12 -171287.70
V 6784 -728321.45 -171293.37
V 6792 -728313.70 -171295.45
V 6800 -728214.20 -171295.45
V 6808 -728214.20 -171335.45
V 6816 -728313.70 -171335.45
V 6824 -728321.45 -171337.53
V 6832 -728327.12 -171343.20
V 6840 -728329.20 -171350.95
V 6848 -728329.20 -171421.95
V 6856 -728327.12 -171429.70
V 6864 -728321.45 -171435.37
V 6872 -728313.70 -171437.45
V 6880 -728214.20 -171437.45
V 6888 -728214.20 -171477.45
V 6896 -728313.70 -171477.45
V 6904 -728321.45 -171479.53
V 6912 -728327.12 -171485.20
V 6920 -728329.20 -171492.95
V 6928 -728329.20 -171563.95
V 6936 -728327.12 -171571.70
V 6944 -728321.45 -171577.37
V 6952 -728313.70 -171579.45
V 6960 -728214.20 -171579.45
V 6968 -728214.20 -171619.45
V 6976 -728313.70 -171619.45
V 6984 -728321.45 -171621.53
V 6992 -728327.12 -171627.20
V 7000 -728329.20 -171634.95
V 7008 -728329.20 -171705.95
V 7016 -728327.12 -171713.70
V 7024 -728321.45 -171719.37
V 7032 -728313.70 -171721.45
V 7040 -728214.20 -171721.45
V 7048 -728214.20 -171761.45
V 7056 -728313.70 -171761.45
V 7064 -728321.45 -171763.53
V 7072 -728327.12 -171769.20
V 7080 -728329.20 -171776.95
V 7088 -728329.20 -171847.95
V 7096 -728327.12 -171855.70
V 7104 -728321.45 -171861.37
V 7112 -728313.70 -171863.45
V 7120 -728214.20 -171863.45
V 7128 -728214.20 -171903.45
V 7136 -728313.70 -171903.45
V 7144 -728321.45 -171905.53
V 7152 -728327.12 -171911.20
V 7160 -728329.20 -171918.95
V 7168 -728329.20 -171989.95
V 7176 -728327.12 -171997.70
V 7184 -728321.45 -172003.37
V 7192 -728313.70 -172005.45
V 7200 -728214.20 -172005.45
V 7208 -728214.20 -172045.45
V 7216 -728313.70 -172045.45
V 7224 -728321.45 -172047.53
V 7232 -728327.12 -172053.20
V 7240 -728329.20 -172060.95
V 7248 -728329.20 -172131.95
V 7256 -728327.12 -172139.70
V 7264 -728321.45 -172145.37
V 7272 -728313.70 -172147.45
V 7280 -728214.20 -172147.45
V 7288 -728214.20 -172187.45
V 7296 -728313.70 -172187.45
V 7304 -728321.45 -172189.53
V 7312 -728327.12 -172195.20
V 7320 -728329.20 -172202.95
V 7328 -728329.20 -172273.95
V 7336 -728327.12 -172281.70
V 7344 -728321.45 -172287.37
V 7352 -728313.70 -172289.45
V 7360 -728214.20 -172289.45
V 7368 -728214.20 -172329.45
V 7376 -728313.70 -172329.45
V 7384 -728321.45 -172331.53
V 7392 -728327.12 -172337.20
V 7400 -728329.20 -172344.95
V 7408 -728329.20 -172415.95
V 7416 -728327.12 -172423.70
V 7424 -728321.45 -172429.37
V 7432 -728313.70 -172431.45
V 7440 -728214.20 -172431.45
V 7448 -728214.20 -172471.45
V 7456 -728313.70 -172471.45
V 7464 -728321.45 -172473.53
V 7472 -728327.12 -172479.20
V 7480 -728329.20 -172486.95
V 7488 -728329.20 -172557.95
V 7496 -728327.12 -172565.70
V 7504 -728321.45 -172571.37
V 7512 -728313.70 -172573.45
V 7520 -728214.20 -172573.45
V 7528 -728214.20 -172613.45
V 7536 -728313.70 -172613.45
V 7544 -728321.45 -172615.53
V 7552 -728327.12 -172621.20
V 7560 -728329.20 -172628.95
V 7568 -728329.20 -172699.95
V 7576 -728327.12 -172707.70
V 7584 -728321.45 -172713.37
V 7592 -728313.70 -172715.45
V 7600 -728214.20 -172715.45
V 7608 -728214.20 -172755.45
V 7616 -728313.70 -172755.45
V 7624 -728321.45 -172757.53
V 7632 -728327.12 -172763.20
V 7640 -728329.20 -172770.95
V 7648 -728329.20 -172841.95
V 7656 -728327.12 -172849.70
V 7664 -728321.45 -172855.37
V 7672 -728313.70 -172857.45
V 7680 -728214.20 -172857.45
V 7688 -728214.20 -172897.45
V 7696 -728313.70 -172897.45
V 7704 -728321.45 -172899.53
V 7712 -728327.12 -172905.20
V 7720 -728329.20 -172912.95
V 7728 -728329.20 -172983.95
V 7736 -728327.12 -172991.70
V 7744 -728321.45 -172997.37
V 7752 -728313.70 -172999.45
V 7760 -728214.20 -172999.45
V 7768 -728214.20 -173039.45
V 7776 -728313.70 -173039.45
V 7784 -728321.45 -173041.53
V 7792 -728327.12 -173047.20
V 7800 -728329.20 -173054.95
V 7808 -728329.20 -173125.95
V 7816 -728327.12 -173133.70
V 7824 -728321.45 -173139.37
V 7832 -728313.70 -173141.45
V 7840 -728214.20 -173141.45
V 7848 -728214.20 -173181.45
V 7856 -728313.70 -173181.45
V 7864 -728321.45 -173183.53
V 7872 -728327.12 -173189.20
V 7880 -728329.20 -173196.95
V 7888 -728329.20 -173267.95
V 7896 -728327.12 -173275.70
V 7904 -728321.45 -173281.37
V 7912 -728313.70 -173283.45
V 7920 -728214.20 -173283.45
V 7928 -728214.20 -173323.45
V 7936 -728313.70 -173323.45
V 7944 -728321.45 -173325.53
V 7952 -728327.12 -173331.20
V 7960 -728329.20 -173338.95
V 7968 -728329.20 -173409.95
V 7976 -728327.12 -173417.70
V 7984 -728321.45 -173423.37
V 7992 -728313.70 -173425.45
V 8000 -728214.20 -173425.45
V 8008 -728214.20 -173465.45
V 8016 -728313.70 -173465.45
V 8024 -728321.45 -173467.53
V 8032 -728327.12 -173473.20
V 8040 -728329.20 -173480.95
V 8048 -728329.20 -173551.95
V 8056 -728327.12 -173559.70
V 8064 -728321.45 -173565.37
V 8072 -728313.70 -173567.45
V 8080 -728214.20 -173567.45
V 8088 -728214.20 -173607.45
V 8096 -728313.70 -173607.45
V 8104 -728321.45 -173609.53
V 8112 -728327.12 -173615.20
V 8120 -728329.20 -173622.95
V 8128 -728329.20 -173693.95
V 8136 -728327.12 -173701.70
V 8144 -728321.45 -173707.37
V 8152 -728313.70 -173709.45
V 8160 -728214.20 -173709.45
V 8168 -728214.20 -173749.45
V 8176 -728313.70 -173749.45
V 8184 -728321.45 -173751.53
V 8192 -728327.12 -173757.20
V 8200 -728329.20 -173764.95
V 8208 -728329.20 -173835.95
V 8216 -728327.12 -173843.70
V 8224 -728321.45 -173849.37
V 8232 -728313.70 -173851.45
V 8240 -728214.20 -173851.45
V 8248 -728214.20 -173891.45
V 8256 -728313.70 -173891.45
V 8264 -728321.45 -173893.53
V 8272 -728327.12 -173899.20
V 8280 -728329.20 -173906.95
V 8288 -728329.20 -173977.95
V 8296 -728327.12 -173985.70
V 8304 -728321.45 -173991.37
V 8312 -728313.70 -173993.45
V 8320 -728214.20 -173993.45
V 8328 -728214.20 -174033.45
V 8336 -728313.70 -174033.45
V 8344 -728321.45 -174035.53
V 8352 -728327.12 -174041.20
V 8360 -728329.20 -174048.95
V 8368 -728329.20 -174119.95
V 8376 -728327.12 -174127.70
V 8384 -728321.45 -174133.37
V 8392 -728313.70 -174135.45
V 8400 -728214.20 -174135.45
V 8408 -728214.20 -174175.45
V 8416 -728313.70 -174175.45
V 8424 -728321.45 -174177.53
V 8432 -728327.12 -174183.20
V 8440 -728329.20 -174190.95
V 8448 -728329.20 -174261.95
V 8456 -728327.12 -174269.70
V 8464 -728321.45 -174275.37
V 8472 -728313.70 -174277.45
V 8480 -728214.20 -174277.45
V 8488 -728214.20 -174317.45
V 8496 -728313.70 -174317.45
V 8504 -728321.45 -174319.53
V 8512 -728327.12 -174325.20
V 8520 -728329.20 -174332.95
V 8528 -728329.20 -174403.95
V 8536 -728327.12 -174411.70
V 8544 -728321.45 -174417.37
V 8552 -728313.70 -174419.45
V 8560 -728214.20 -174419.45
V 8568 -728214.20 -174459.45
V 8576 -728313.70 -174459.45
V 8584 -728321.45 -174461.53
V 8592 -728327.12 -174467.20
V 8600 -728329.20 -174474.95
V 8608 -728329.20 -174545.95
V 8616 -728327.12 -174553.70
V 8624 -728321.45 -174559.37
V 8632 -728313.70 -174561.45
V 8640 -728214.20 -174561.45
V 8648 -728214.20 -174601.45
V 8656 -728313.70 -174601.45
V 8664 -728321.45 -174603.53
V 8672 -728327.12 -174609.20
V 8680 -728329.20 -174616.95
V 8688 -728329.20 -174687.95
V 8696 -728327.12 -174695.70
V 8704 -728321.45 -174701.37
V 8712 -728313.70 -174703.45
V 8720 -728214.20 -174703.45
V 8728 -728214.20 -174743.45
V 8736 -728313.70 -174743.45
V 8744 -728321.45 -174745.53
V 8752 -728327.12 -174751.20
V 8760 -728329.20 -174758.95
V 8768 -728329.20 -174829.95
V 8776 -728327.12 -174837.70
V 8784 -728321.45 -174843.37
V 8792 -728313.70 -174845.45
V 8800 -728214.20 -174845.45
V 8808 -728214.20 -174885.45
V 8816 -728313.70 -174885.45
V 8824 -728321.45 -174887.53
V 8832 -728327.12 -174893.20
V 8840 -728329.20 -174900.95
V 8848 -728329.20 -174971.95
V 8856 -728327.12 -174979.70
V 8864 -728321.45 -174985.37
V 8872 -728313.70 -174987.45
V 8880 -728214.20 -174987.45
V 8888 -728214.20 -175027.45
V 8896 -728313.70 -175027.45
V 8904 -728321.45 -175029.53
V 8912 -728327.12 -175035.20
V 8920 -728329.20 -175042.95
V 8928 -728329.20 -175113.95
V 8936 -728327.12 -175121.70
V 8944 -728321.45 -175127.37
V 8952 -728313.70 -175129.45
V 8960 -728214.20 -175129.45
V 8968 -728214.20 -175169.45
V 8976 -728313.70 -175169.45
V 8984 -728321.45 -175171.53
V 8992 -728327.12 -175177.20
V 9000 -728329.20 -175184.95
V 9008 -728329.20 -175255.95
V 9016 -728327.12 -175263.70
V 9024 -728321.45 -175269.37
V 9032 -728313.70 -175271.45
V 9040 -728214.20 -175271.45
V 9048 -728214.20 -175311.45
V 9056 -728313.70 -175311.45
V 9064 -728321.45 -175313.53
V 9072 -728327.12 -175319.20
V 9080 -728329.20 -175326.95
V 9088 -728329.20 -175397.95
V 9096 -728327.12 -175405.70
V 9104 -728321.45 -175411.37
V 9112 -728313.70 -175413.45
V 9120 -728214.20 -175413.45
V 9128 -728214.20 -175453.45
V 9136 -728313.70 -175453.45
V 9144 -728321.45 -175455.53
V 9152 -728327.12 -175461.20
V 9160 -728329.20 -175468.95
V 9168 -728329.20 -175539.95
V 9176 -728327.12 -175547.70
V 9184 -728321.45 -175553.37
V 9192 -728313.70 -175555.45
V 9200 -728214.20 -175555.45
V 9208 -728214.20 -175595.45
V 9216 -728313.70 -175595.45
V 9224 -728321.45 -175597.53
V 9232 -728327.12 -175603.20
V 9240 -728329.20 -175610.95
V 9248 -728329.20 -175681.95
V 9256 -728327.12 -175689.70
V 9264 -728321.45 -175695.37
V 9272 -728313.70 -175697.45
V 9280 -728214.20 -175697.45
V 9288 -728214.20 -175737.45
V 9296 -728313.70 -175737.45
V 9304 -728321.45 -175739.53
V 9312 -728327.12 -175745.20
V 9320 -728329.20 -175752.95
V 9328 -728329.20 -175823.95
V 9336 -728327.12 -175831.70
V 9344 -728321.45 -175837.37
V 9352 -728313.70 -175839.45
V 9360 -728214.20 -175839.45
V 9368 -728214.20 -175879.45
V 9376 -728313.70 -175879.45
V 9384 -728321.45 -175881.53
V 9392 -728327.12 -175887.20
V 9400 -728329.20 -175894.95
V 9408 -728329.20 -175965.95
V 9416 -728327.12 -175973.70
V 9424 -728321.45 -175979.37
V 9432 -728313.70 -175981.45
V 9440 -728214.20 -175981.45
V 9448 -728214.20 -176021.45
V 9456 -728313.70 -176021.45
V 9464 -728321.45 -176023.53
V 9472 -728327.12 -176029.20
V 9480 -728329.20 -176036.95
V 9488 -728329.20 -176107.95
V 9496 -728327.12 -176115.70
V 9504 -728321.45 -176121.37
V 9512 -728313.70 -176123.45
V 9520 -728214.20 -176123.45
V 9528 -728214.20 -176163.45
V 9536 -728313.70 -176163.45
V 9544 -728321.45 -176165.53
V 9552 -728327.12 -176171.20
V 9560 -728329.20 -176178.95
V 9568 -728329.20 -176249.95
V 9576 -728327.12 -176257.70
V 9584 -728321.45 -176263.37
V 9592 -728313.70 -176265.45
V 9600 -728214.20 -176265.45
V 9608 -728214.20 -176305.45
V 9616 -728313.70 -176305.45
V 9624 -728321.45 -176307.53
V 9632 -728327.12 -176313.20
V 9640 -728329.20 -176320.95
V 9648 -728329.20 -176391.95
V 9656 -728327.12 -176399.70
V 9664 -728321.45 -176405.37
V 9672 -728313.70 -176407.45
V 9680 -728214.20 -176407.45
V 9688 -728214.20 -176447.45
V 9696 -728313.70 -176447.45
V 9704 -728321.45 -176449.53
V 9712 -728327.12 -176455.20
V 9720 -728329.20 -176462.95
V 9728 -728329.20 -176533.95
V 9736 -728327.12 -176541.70
V 9744 -728321.45 -176547.37
V 9752 -728313.70 -176549.45
V 9760 -728214.20 -176549.45
V 9768 -728214.20 -176589.45
V 9776 -728313.70 -176589.45
V 9784 -728321.45 -176591.53
V 9792 -728327.12 -176597.20
V 9800 -728329.20 -176604.95
V 9808 -728329.20 -176675.95
V 9816 -728327.12 -176683.70
V 9824 -728321.45 -176689.37
V 9832 -728313.70 -176691.45
V 9840 -728214.20 -176691.45
V 9848 -728214.20 -176731.45
V 9856 -728313.70 -176731.45
V 9864 -728321.45 -176733.53
V 9872 -728327.12 -176739.20
V 9880 -728329.20 -176746.95
V 9888 -728329.20 -176817.95
V 9896 -728327.12 -176825.70
V 9904 -728321.45 -176831.37
V 9912 -728313.70 -176833.45
V 9920 -728214.20 -176833.45
V 9928 -728214.20 -176873.45
V 9936 -728313.70 -176873.45
V 9944 -728321.45 -176875.53
V 9952 -728327.12 -176881.20
V 9960 -728329.20 -176888.95
V 9968 -728329.20 -176959.95
V 9976 -728327.12 -176967.70
V 9984 -728321.45 -176973.37
V 9992 -728313.70 -176975.45
V 10000 -728214.20 -176975.45
V 10008 -728214.20 -177015.45
V 10016 -728313.70 -177015.45
V 10024 -728321.45 -177017.53
V 10032 -728327.12 -177023.20
V 10040 -728329.20 -177030.95
V 10048 -728329.20 -177101.95
V 10056 -728327.12 -177109.70
V 10064 -728321.45 -177115.37
V 10072 -728313.70 -177117.45
V 10080 -728214.20 -177117.45
V 10088 -728214.20 -177157.45
V 10096 -728313.70 -177157.45
V 10104 -728321.45 -177159.53
V 10112 -728327.12 -177165.20
V 10120 -728329.20 -177172.95
V 10128 -728329.20 -177243.95
V 10136 -728327.12 -177251.70
V 10144 -728321.45 -177257.37
V 10152 -728313.70 -177259.45
V 10160 -728214.20 -177259.45
V 10168 -728214.20 -177299.45
V 10176 -728313.70 -177299.45
V 10184 -728321.45 -177301.53
V 10192 -728327.12 -177307.20
V 10200 -728329.20 -177314.95
V 10208 -728329.20 -177385.95
V 10216 -728327.12 -177393.70
V 10224 -728321.45 -177399.37
V 10232 -728313.70 -177401.45
V 10240 -728214.20 -177401.45
V 10248 -728214.20 -177441.45
V 10256 -728313.70 -177441.45
V 10264 -728321.45 -177443.53
V 10272 -728327.12 -177449.20
V 10280 -728329.20 -177456.95
V 10288 -728329.20 -177527.95
V 10296 -728327.12 -177535.70
V 10304 -728321.45 -177541.37
V 10312 -728313.70 -177543.45
V 10320 -728214.20 -177543.45
V 10328 -728214.20 -177583.45
V 10336 -728313.70 -177583.45
V 10344 -728321.45 -177585.53
V 10352 -728327.12 -177591.20
V 10360 -728329.20 -177598.95
V 10368 -728329.20 -177669.95
V 10376 -728327.12 -177677.70
V 10384 -728321.45 -177683.37
V 10392 -728313.70 -177685.45
V 10400 -728214.20 -177685.45
V 10408 -728214.20 -177725.45
V 10416 -728313.70 -177725.45
V 10424 -728321.45 -177727.53
V 10432 -728327.12 -177733.20
V 10440 -728329.20 -177740.95
V 10448 -728329.20 -177811.95
V 10456 -728327.12 -177819.70
V 10464 -728321.45 -177825.37
V 10472 -728313.70 -177827.45
V 10480 -728214.20 -177827.45
V 10488 -728214.20 -177867.45
V 10496 -728313.70 -177867.45
V 10504 -728321.45 -177869.53
V 10512 -728327.12 -177875.20
V 10520 -728329.20 -177882.95
V 10528 -728329.20 -177953.95
V 10536 -728327.12 -177961.70
V 10544 -728321.45 -177967.37
V 10552 -728313.70 -177969.45
V 10560 -728214.20 -177969.45
V 10568 -728214.20 -178009.45
V 10576 -728313.70 -178009.45
V 10584 -728321.45 -178011.53
V 10592 -728327.12 -178017.20
V 10600 -728329.20 -178024.95
V 10608 -728329.20 -178095.95
V 10616 -728327.12 -178103.70
V 10624 -728321.45 -178109.37
V 10632 -728313.70 -178111.45
V 10640 -728214.20 -178111.45
V 10648 -728214.20 -178151.45
V 10656 -728313.70 -178151.45
V 10664 -728321.45 -178153.53
V 10672 -728327.12 -178159.20
V 10680 -728329.20 -178166.95
V 10688 -728329.20 -178237.95
V 10696 -728327.12 -178245.70
V 10704 -728321.45 -178251.37
V 10712 -728313.70 -178253.45
V 10720 -728214.20 -178253.45
V 10728 -728214.20 -178293.45
V 10736 -728313.70 -178293.45
V 10744 -728321.45 -178295.53
V 10752 -728327.12 -178301.20
V 10760 -728329.20 -178308.95
V 10768 -728329.20 -178379.95
V 10776 -728327.12 -178387.70
V 10784 -728321.45 -178393.37
V 10792 -728313.70 -178395.45
V 10800 -728271.70 -178395.45
V 10808 -728271.70 -178404.45
V 10816 -728240.70 -178404.45
V 10824 -728240.70 -178379.95
V 10832 -728240.74 -178378.84
V 10840 -728240.86 -178377.74
V 10848 -728241.05 -178376.66
V 10856 -728241.33 -178375.58
V 10864 -728241.68 -178374.53
V 10872 -728242.10 -178373.51
V 10880 -728242.60 -178372.52
V 10888 -728243.16 -178371.57
V 10896 -728243.79 -178370.66
V 10904 -728244.49 -178369.80
V 10912 -728245.24 -178368.99
V 10920 -728246.05 -178368.24
V 10928 -728246.91 -178367.54
V 10936 -728247.82 -178366.91
V 10944 -728248.77 -178366.35
V 10952 -728249.76 -178365.85
V 10960 -728250.78 -178365.43
V 10968 -728251.83 -178365.08
V 10976 -728252.91 -178364.80
V 10984 -728253.99 -178364.61
V 10992 -728255.09 -178364.49
V 11000 -728256.20 -178364.45
V 11008 -728298.20 -178364.45
V 11016 -728298.20 -178324.45
V 11024 -728198.70 -178324.45
V 11032 -728190.95 -178322.37
V 11040 -728185.28 -178316.70
V 11048 -728183.20 -178308.95
V 11056 -728183.20 -178237.95
V 11064 -728185.28 -178230.20
V 11072 -728190.95 -178224.53
V 11080 -728198.70 -178222.45
V 11088 -728298.20 -178222.45
V 11096 -728298.20 -178182.45
V 11104 -728198.70 -178182.45
V 11112 -728190.95 -178180.37
V 11120 -728185.28 -178174.70
V 11128 -728183.20 -178166.95
V 11136 -728183.20 -178095.95
V 11144 -728185.28 -178088.20
V 11152 -728190.95 -178082.53
V 11160 -728198.70 -178080.45
V 11168 -728298.20 -178080.45
V 11176 -728298.20 -178040.45
V 11184 -728198.70 -178040.45
V 11192 -728190.95 -178038.37
V 11200 -728185.28 -178032.70
V 11208 -728183.20 -178024.95
V 11216 -728183.20 -177953.95
V 11224 -728185.28 -177946.20
V 11232 -728190.95 -177940.53
V 11240 -728198.70 -177938.45
V 11248 -728298.20 -177938.45
V 11256 -728298.20 -177898.45
V 11264 -728198.70 -177898.45
V 11272 -728190.95 -177896.37
V 11280 -728185.28 -177890.70
V 11288 -728183.20 -177882.95
V 11296 -728183.20 -177811.95
V 11304 -728185.28 -177804.20
V 11312 -728190.95 -177798.53
V 11320 -728198.70 -177796.45
V 11328 -728298.20 -177796.45
V 11336 -728298.20 -177756.45
V 11344 -728198.70 -177756.45
V 11352 -728190.95 -177754.37
V 11360 -728185.28 -177748.70
V 11368 -728183.20 -177740.95
V 11376 -728183.20 -177669.95
V 11384 -728185.28 -177662.20
V 11392 -728190.95 -177656.53
V 11400 -728198.70 -177654.45
V 11408 -728298.20 -177654.45
V 11416 -728298.20 -177614.45
V 11424 -728198.70 -177614.45
V 11432 -728190.95 -177612.37
V 11440 -728185.28 -177606.70
V 11448 -728183.20 -177598.95
V 11456 -728183.20 -177527.95
V 11464 -728185.28 -177520.20
V 11472 -728190.95 -177514.53
V 11480 -728198.70 -177512.45
V 11488 -728298.20 -177512.45
V 11496 -728298.20 -177472.45
V 11504 -728198.70 -177472.45
V 11512 -728190.95 -177470.37
V 11520 -728185.28 -177464.70
V 11528 -728183.20 -177456.95
V 11536 -728183.20 -177385.95
V 11544 -728185.28 -177378.20
V 11552 -728190.95 -177372.53
V 11560 -728198.70 -177370.45
V 11568 -728298.20 -177370.45
V 11576 -728298.20 -177330.45
V 11584 -728198.70 -177330.45
V 11592 -728190.95 -177328.37
V 11600 -728185.28 -177322.70
V 11608 -728183.20 -177314.95
V 11616 -728183.20 -177243.95
V 11624 -728185.28 -177236.20
V 11632 -728190.95 -177230.53
V 11640 -728198.70 -177228.45
V 11648 -728298.20 -177228.45
V 11656 -728298.20 -177188.45
V 11664 -728198.70 -177188.45
V 11672 -728190.95 -177186.37
V 11680 -728185.28 -177180.70
V 11688 -728183.20 -177172.95
V 11696 -728183.20 -177101.95
V 11704 -728185.28 -177094.20
V 11712 -728190.95 -177088.53
V 11720 -728198.70 -177086.45
V 11728 -728298.20 -177086.45
V 11736 -728298.20 -177046.45
V 11744 -728198.70 -177046.45
V 11752 -728190.95 -177044.37
V 11760 -728185.28 -177038.70
V 11768 -728183.20 -177030.95
V 11776 -728183.20 -176959.95
V 11784 -728185.28 -176952.20
V 11792 -728190.95 -176946.53
V 11800 -728198.70 -176944.45
V 11808 -728298.20 -176944.45
V 11816 -728298.20 -176904.45
V 11824 -728198.70 -176904.45
V 11832 -728190.95 -176902.37
V 11840 -728185.28 -176896.70
V 11848 -728183.20 -176888.95
V 11856 -728183.20 -176817.95
V 11864 -728185.28 -176810.20
V 11872 -728190.95 -176804.53
V 11880 -728198.70 -176802.45
V 11888 -728298.20 -176802.45
V 11896 -728298.20 -176762.45
V 11904 -728198.70 -176762.45
V 11912 -728190.95 -176760.37
V 11920 -728185.28 -176754.70
V 11928 -728183.20 -176746.95
V 11936 -728183.20 -176675.95
V 11944 -728185.28 -176668.20
V 11952 -728190.95 -176662.53
V 11960 -728198.70 -176660.45
V 11968 -728298.20 -176660.45
V 11976 -728298.20 -176620.45
V 11984 -728198.70 -176620.45
V 11992 -728190.95 -176618.37
V 12000 -728185.28 -176612.70
V 12008 -728183.20 -176604.95
V 12016 -728183.20 -176533.95
V 12024 -728185.28 -176526.20
V 12032 -728190.95 -176520.53
V 12040 -728198.70 -176518.45
V 12048 -728298.20 -176518.45
V 12056 -728298.20 -176478.45
V 12064 -728198.70 -176478.45
V 12072 -728190.95 -176476.37
V 12080 -728185.28 -176470.70
V 12088 -728183.20 -176462.95
V 12096 -728183.20 -176391.95
V 12104 -728185.28 -176384.20
V 12112 -728190.95 -176378.53
V 12120 -728198.70 -176376.45
V 12128 -728298.20 -176376.45
V 12136 -728298.20 -176336.45
V 12144 -728198.70 -176336.45
V 12152 -728190.95 -176334.37
V 12160 -728185.28 -176328.70
V 12168 -728183.20 -176320.95
V 12176 -728183.20 -176249.95
V 12184 -728185.28 -176242.20
V 12192 -728190.95 -176236.53
V 12200 -728198.70 -176234.45
V 12208 -728298.20 -176234.45
V 12216 -728298.20 -176194.45
V 12224 -728198.70 -176194.45
V 12232 -728190.95 -176192.37
V 12240 -728185.28 -176186.70
V 12248 -728183.20 -176178.95
V 12256 -728183.20 -176107.95
V 12264 -728185.28 -176100.20
V 12272 -728190.95 -176094.53
V 12280 -728198.70 -176092.45
V 12288 -728298.20 -176092.45
V 12296 -728298.20 -176052.45
V 12304 -728198.70 -176052.45
V 12312 -728190.95 -176050.37
V 12320 -728185.28 -176044.70
V 12328 -728183.20 -176036.95
V 12336 -728183.20 -175965.95
V 12344 -728185.28 -175958.20
V 12352 -728190.95 -175952.53
V 12360 -728198.70 -175950.45
V 12368 -728298.20 -175950.45
V 12376 -728298.20 -175910.45
V 12384 -728198.70 -175910.45
V 12392 -728190.95 -175908.37
V 12400 -728185.28 -175902.70
V 12408 -728183.20 -175894.95
V 12416 -728183.20 -175823.95
V 12424 -728185.28 -175816.20
V 12432 -728190.95 -175810.53
V 12440 -728198.70 -175808.45
V 12448 -728298.20 -175808.45
V 12456 -728298.20 -175768.45
V 12464 -728198.70 -175768.45
V 12472 -728190.95 -175766.37
V 12480 -728185.28 -175760.70
V 12488 -728183.20 -175752.95
V 12496 -728183.20 -175681.95
V 12504 -728185.28 -175674.20
V 12512 -728190.95 -175668.53
V 12520 -728198.70 -175666.45
V 12528 -728298.20 -175666.45
V 12536 -728298.20 -175626.45
V 12544 -728198.70 -175626.45
V 12552 -728190.95 -175624.37
V 12560 -728185.28 -175618.70
V 12568 -728183.20 -175610.95
V 12576 -728183.20 -175539.95
V 12584 -728185.28 -175532.20
V 12592 -728190.95 -175526.53
V 12600 -728198.70 -175524.45
V 12608 -728298.20 -175524.45
V 12616 -728298.20 -175484.45
V 12624 -728198.70 -175484.45
V 12632 -728190.95 -175482.37
V 12640 -728185.28 -175476.70
V 12648 -728183.20 -175468.95
V 12656 -728183.20 -175397.95
V 12664 -728185.28 -175390.20
V 12672 -728190.95 -175384.53
V 12680 -728198.70 -175382.45
V 12688 -728298.20 -175382.45
V 12696 -728298.20 -175342.45
V 12704 -728198.70 -175342.45
V 12712 -728190.95 -175340.37
V 12720 -728185.28 -175334.70
V 12728 -728183.20 -175326.95
V 12736 -728183.20 -175255.95
V 12744 -728185.28 -175248.20
V 12752 -728190.95 -175242.53
V 12760 -728198.70 -175240.45
V 12768 -728298.20 -175240.45
V 12776 -728298.20 -175200.45
V 12784 -728198.70 -175200.45
V 12792 -728190.95 -175198.37
V 12800 -728185.28 -175192.70
V 12808 -728183.20 -175184.95
V 12816 -728183.20 -175113.95
V 12824 -728185.28 -175106.20
V 12832 -728190.95 -175100.53
V 12840 -728198.70 -175098.45
V 12848 -728298.20 -175098.45
V 12856 -728298.20 -175058.45
V 12864 -728198.70 -175058.45
V 12872 -728190.95 -175056.37
V 12880 -728185.28 -175050.70
V 12888 -728183.20 -175042.95
V 12896 -728183.20 -174971.95
V 12904 -728185.28 -174964.20
V 12912 -728190.95 -174958.53
V 12920 -728198.70 -174956.45
V 12928 -728298.20 -174956.45
V 12936 -728298.20 -174916.45
V 12944 -728198.70 -174916.45
V 12952 -728190.95 -174914.37
V 12960 -728185.28 -174908.70
V 12968 -728183.20 -174900.95
V 12976 -728183.20 -174829.95
V 12984 -728185.28 -174822.20
V 12992 -728190.95 -174816.53
V 13000 -728198.70 -174814.45
V 13008 -728298.20 -174814.45
V 13016 -728298.20 -174774.45
V 13024 -728198.70 -174774.45
V 13032 -728190.95 -174772.37
V 13040 -728185.28 -174766.70
V 13048 -728183.20 -174758.95
V 13056 -728183.20 -174687.95
V 13064 -728185.28 -174680.20
V 13072 -728190.95 -174674.53
V 13080 -728198.70 -174672.45
V 13088 -728298.20 -174672.45
V 13096 -728298.20 -174632.45
V 13104 -728198.70 -174632.45
V 13112 -728190.95 -174630.37
V 13120 -728185.28 -174624.70
V 13128 -728183.20 -174616.95
V 13136 -728183.20 -174545.95
V 13144 -728185.28 -174538.20
V 13152 -728190.95 -174532.53
V 13160 -728198.70 -174530.45
V 13168 -728298.20 -174530.45
V 13176 -728298.20 -174490.45
V 13184 -728198.70 -174490.45
V 13192 -728190.95 -174488.37
V 13200 -728185.28 -174482.70
V 13208 -728183.20 -174474.95
V 13216 -728183.20 -174403.95
V 13224 -728185.28 -174396.20
V 13232 -728190.95 -174390.53
V 13240 -728198.70 -174388.45
V 13248 -728298.20 -174388.45
V 13256 -728298.20 -174348.45
V 13264 -728198.70 -174348.45
V 13272 -728190.95 -174346.37
V 13280 -728185.28 -174340.70
V 13288 -728183.20 -174332.95
V 13296 -728183.20 -174261.95
V 13304 -728185.28 -174254.20
V 13312 -728190.95 -174248.53
V 13320 -728198.70 -174246.45
V 13328 -728298.20 -174246.45
V 13336 -728298.20 -174206.45
V 13344 -728198.70 -174206.45
V 13352 -728190.95 -174204.37
V 13360 -728185.28 -174198.70
V 13368 -728183.20 -174190.95
V 13376 -728183.20 -174119.95
V 13384 -728185.28 -174112.20
V 13392 -728190.95 -174106.53
V 13400 -728198.70 -174104.45
V 13408 -728298.20 -174104.45
V 13416 -728298.20 -174064.45
V 13424 -728198.70 -174064.45
V 13432 -728190.95 -174062.37
V 13440 -728185.28 -174056.70
V 13448 -728183.20 -174048.95
V 13456 -728183.20 -173977.95
V 13464 -728185.28 -173970.20
V 13472 -728190.95 -173964.53
V 13480 -728198.70 -173962.45
V 13488 -728298.20 -173962.45
V 13496 -728298.20 -173922.45
V 13504 -728198.70 -173922.45
V 13512 -728190.95 -173920.37
V 13520 -728185.28 -173914.70
V 13528 -728183.20 -173906.95
V 13536 -728183.20 -173835.95
V 13544 -728185.28 -173828.20
V 13552 -728190.95 -173822.53
V 13560 -728198.70 -173820.45
V 13568 -728298.20 -173820.45
V 13576 -728298.20 -173780.45
V 13584 -728198.70 -173780.45
V 13592 -728190.95 -173778.37
V 13600 -728185.28 -173772.70
V 13608 -728183.20 -173764.95
V 13616 -728183.20 -173693.95
V 13624 -728185.28 -173686.20
V 13632 -728190.95 -173680.53
V 13640 -728198.70 -173678.45
V 13648 -728298.20 -173678.45
V 13656 -728298.20 -173638.45
V 13664 -728198.70 -173638.45
V 13672 -728190.95 -173636.37
V 13680 -728185.28 -173630.70
V 13688 -728183.20 -173622.95
V 13696 -728183.20 -173551.95
V 13704 -728185.28 -173544.20
V 13712 -728190.95 -173538.53
V 13720 -728198.70 -173536.45
V 13728 -728298.20 -173536.45
V 13736 -728298.20 -173496.45
V 13744 -728198.70 -173496.45
V 13752 -728190.95 -173494.37
V 13760 -728185.28 -173488.70
V 13768 -728183.20 -173480.95
V 13776 -728183.20 -173409.95
V 13784 -728185.28 -173402.20
V 13792 -728190.95 -173396.53
V 13800 -728198.70 -173394.45
V 13808 -728298.20 -173394.45
V 13816 -728298.20 -173354.45
V 13824 -728198.70 -173354.45
V 13832 -728190.95 -173352.37
V 13840 -728185.28 -173346.70
V 13848 -728183.20 -173338.95
V 13856 -728183.20 -173267.95
V 13864 -728185.28 -173260.20
V 13872 -728190.95 -173254.53
V 13880 -728198.70 -173252.45
V 13888 -728298.20 -173252.45
V 13896 -728298.20 -173212.45
V 13904 -728198.70 -173212.45
V 13912 -728190.95 -173210.37
V 13920 -728185.28 -173204.70
V 13928 -728183.20 -173196.95
V 13936 -728183.20 -173125.95
V 13944 -728185.28 -173118.20
V 13952 -728190.95 -173112.53
V 13960 -728198.70 -173110.45
V 13968 -728298.20 -173110.45
V 13976 -728298.20 -173070.45
V 13984 -728198.70 -173070.45
V 13992 -728190.95 -173068.37
V 14000 -728185.28 -173062.70
V 14008 -728183.20 -173054.95
V 14016 -728183.20 -172983.95
V 14024 -728185.28 -172976.20
V 14032 -728190.95 -172970.53
V 14040 -728198.70 -172968.45
V 14048 -728298.20 -172968.45
V 14056 -728298.20 -172928.45
V 14064 -728198.70 -172928.45
V 14072 -728190.95 -172926.37
V 14080 -728185.28 -172920.70
V 14088 -728183.20 -172912.95
V 14096 -728183.20 -172841.95
V 14104 -728185.28 -172834.20
V 14112 -728190.95 -172828.53
V 14120 -728198.70 -172826.45
V 14128 -728298.20 -172826.45
V 14136 -728298.20 -172786.45
V 14144 -728198.70 -172786.45
V 14152 -728190.95 -172784.37
V 14160 -728185.28 -172778.70
V 14168 -728183.20 -172770.95
V 14176 -728183.20 -172699.95
V 14184 -728185.28 -172692.20
V 14192 -728190.95 -172686.53
V 14200 -728198.70 -172684.45
V 14208 -728298.20 -172684.45
V 14216 -728298.20 -172644.45
V 14224 -728198.70 -172644.45
V 14232 -728190.95 -172642.37
V 14240 -728185.28 -172636.70
V 14248 -728183.20 -172628.95
V 14256 -728183.20 -172557.95
V 14264 -728185.28 -172550.20
V 14272 -728190.95 -172544.53
V 14280 -728198.70 -172542.45
V 14288 -728298.20 -172542.45
V 14296 -728298.20 -172502.45
V 14304 -728198.70 -172502.45
V 14312 -728190.95 -172500.37
V 14320 -728185.28 -172494.70
V 14328 -728183.20 -172486.95
V 14336 -728183.20 -172415.95
V 14344 -728185.28 -172408.20
V 14352 -728190.95 -172402.53
V 14360 -728198.70 -172400.45
V 14368 -728298.20 -172400.45
V 14376 -728298.20 -172360.45
V 14384 -728198.70 -172360.45
V 14392 -728190.95 -172358.37
V 14400 -728185.28 -172352.70
V 14408 -728183.20 -172344.95
V 14416 -728183.20 -172273.95
V 14424 -728185.28 -172266.20
V 14432 -728190.95 -172260.53
V 14440 -728198.70 -172258.45
V 14448 -728298.20 -172258.45
V 14456 -728298.20 -172218.45
V 14464 -728198.70 -172218.45
V 14472 -728190.95 -172216.37
V 14480 -728185.28 -172210.70
V 14488 -728183.20 -172202.95
V 14496 -728183.20 -172131.95
V 14504 -728185.28 -172124.20
V 14512 -728190.95 -172118.53
V 14520 -728198.70 -172116.45
V 14528 -728298.20 -172116.45
V 14536 -728298.20 -172076.45
V 14544 -728198.70 -172076.45
V 14552 -728190.95 -172074.37
V 14560 -728185.28 -172068.70
V 14568 -728183.20 -172060.95
V 14576 -728183.20 -171989.95
V 14584 -728185.28 -171982.20
V 14592 -728190.95 -171976.53
V 14600 -728198.70 -171974.45
V 14608 -728298.20 -171974.45
V 14616 -728298.20 -171934.45
V 14624 -728198.70 -171934.45
V 14632 -728190.95 -171932.37
V 14640 -728185.28 -171926.70
V 14648 -728183.20 -171918.95
V 14656 -728183.20 -171847.95
V 14664 -728185.28 -171840.20
V 14672 -728190.95 -171834.53
V 14680 -728198.70 -171832.45
V 14688 -728298.20 -171832.45
V 14696 -728298.20 -171792.45
V 14704 -728198.70 -171792.45
V 14712 -728190.95 -171790.37
V 14720 -728185.28 -171784.70
V 14728 -728183.20 -171776.95
V 14736 -728183.20 -171705.95
V 14744 -728185.28 -171698.20
V 14752 -728190.95 -171692.53
V 14760 -728198.70 -171690.45
V 14768 -728298.20 -171690.45
V 14776 -728298.20 -171650.45
V 14784 -728198.70 -171650.45
V 14792 -728190.95 -171648.37
V 14800 -728185.28 -171642.70
V 14808 -728183.20 -171634.95
V 14816 -728183.20 -171563.95
V 14824 -728185.28 -171556.20
V 14832 -728190.95 -171550.53
V 14840 -728198.70 -171548.45
V 14848 -728298.20 -171548.45
V 14856 -728298.20 -171508.45
V 14864 -728198.70 -171508.45
V 14872 -728190.95 -171506.37
V 14880 -728185.28 -171500.70
V 14888 -728183.20 -171492.95
V 14896 -728183.20 -171421.95
V 14904 -728185.28 -171414.20
V 14912 -728190.95 -171408.53
V 14920 -728198.70 -171406.45
V 14928 -728298.20 -171406.45
V 14936 -728298.20 -171366.45
V 14944 -728198.70 -171366.45
V 14952 -728190.95 -171364.37
V 14960 -728185.28 -171358.70
V 14968 -728183.20 -171350.95
V 14976 -728183.20 -171279.95
V 14984 -728185.28 -171272.20
V 14992 -728190.95 -171266.53
V 15000 -728198.70 -171264.45
V 15008 -728298.20 -171264.45
V 15016 -728298.20 -171224.45
V 15024 -728198.70 -171224.45
V 15032 -728190.95 -171222.37
V 15040 -728185.28 -171216.70
V 15048 -728183.20 -171208.95
V 15056 -728183.20 -171137.95
V 15064 -728185.28 -171130.20
V 15072 -728190.95 -171124.53
V 15080 -728198.70 -171122.45
V 15088 -728298.20 -171122.45
V 15096 -728298.20 -171082.45
V 15104 -728198.70 -171082.45
V 15112 -728190.95 -171080.37
V 15120 -728185.28 -171074.70
V 15128 -728183.20 -171066.95
V 15136 -728183.20 -170995.95
V 15144 -728185.28 -170988.20
V 15152 -728190.95 -170982.53
V 15160 -728198.70 -170980.45
V 15168 -728298.20 -170980.45
V 15176 -728298.20 -170940.45
V 15184 -728198.70 -170940.45
V 15192 -728190.95 -170938.37
V 15200 -728185.28 -170932.70
V 15208 -728183.20 -170924.95
V 15216 -728183.20 -170853.95
V 15224 -728185.28 -170846.20
V 15232 -728190.95 -170840.53
V 15240 -728198.70 -170838.45
V 15248 -728298.20 -170838.45
V 15256 -728298.20 -170798.45
V 15264 -728198.70 -170798.45
V 15272 -728190.95 -170796.37
V 15280 -728185.28 -170790.70
V 15288 -728183.20 -170782.95
V 15296 -728183.20 -170711.95
V 15304 -728185.28 -170704.20
V 15312 -728190.95 -170698.53
V 15320 -728198.70 -170696.45
V 15328 -728298.20 -170696.45
V 15336 -728298.20 -170656.45
V 15344 -728198.70 -170656.45
V 15352 -728190.95 -170654.37
V 15360 -728185.28 -170648.70
V 15368 -728183.20 -170640.95
V 15376 -728183.20 -170569.95
V 15384 -728185.28 -170562.20
V 15392 -728190.95 -170556.53
V 15400 -728198.70 -170554.45
V 15408 -728298.20 -170554.45
V 15416 -728298.20 -170514.45
V 15424 -728198.70 -170514.45
V 15432 -728190.95 -170512.37
V 15440 -728185.28 -170506.70
V 15448 -728183.20 -170498.95
V 15456 -728183.20 -170427.95
V 15464 -728185.28 -170420.20
V 15472 -728190.95 -170414.53
V 15480 -728198.70 -170412.45
V 15488 -728298.20 -170412.45
V 15496 -728298.20 -170372.45
V 15504 -728198.70 -170372.45
V 15512 -728190.95 -170370.37
V 15520 -728185.28 -170364.70
V 15528 -728183.20 -170356.95
V 15536 -728183.20 -170285.95
V 15544 -728185.28 -170278.20
V 15552 -728190.95 -170272.53
V 15560 -728198.70 -170270.45
V 15568 -728298.20 -170270.45
V 15576 -728298.20 -170230.45
V 15584 -728198.70 -170230.45
V 15592 -728190.95 -170228.37
V 15600 -728185.28 -170222.70
V 15608 -728183.20 -170214.95
V 15616 -728183.20 -170143.95
V 15624 -728185.28 -170136.20
V 15632 -728190.95 -170130.53
V 15640 -728198.70 -170128.45
V 15648 -728298.20 -170128.45
V 15656 -728298.20 -170088.45
V 15664 -728198.70 -170088.45
V 15672 -728190.95 -170086.37
V 15680 -728185.28 -170080.70
V 15688 -728183.20 -170072.95
V 15696 -728183.20 -170001.95
V 15704 -728185.28 -169994.20
V 15712 -728190.95 -169988.53
V 15720 -728198.70 -169986.45
V 15728 -728298.20 -169986.45
V 15736 -728298.20 -169946.45
V 15744 -728198.70 -169946.45
V 15752 -728190.95 -169944.37
V 15760 -728185.28 -169938.70
V 15768 -728183.20 -169930.95
V 15776 -728183.20 -169859.95
V 15784 -728185.28 -169852.20
V 15792 -728190.95 -169846.53
V 15800 -728198.70 -169844.45
V 15808 -728298.20 -169844.45
V 15816 -728298.20 -169804.45
V 15824 -728198.70 -169804.45
V 15832 -728190.95 -169802.37
V 15840 -728185.28 -169796.70
V 15848 -728183.20 -169788.95
V 15856 -728183.20 -169717.95
V 15864 -728185.28 -169710.20
V 15872 -728190.95 -169704.53
V 15880 -728198.70 -169702.45
V 15888 -728298.20 -169702.45
V 15896 -728298.20 -169662.45
V 15904 -728198.70 -169662.45
V 15912 -728190.95 -169660.37
V 15920 -728185.28 -169654.70
V 15928 -728183.20 -169646.95
V 15936 -728183.20 -169575.95
V 15944 -728185.28 -169568.20
V 15952 -728190.95 -169562.53
V 15960 -728198.70 -169560.45
V 15968 -728298.20 -169560.45
V 15976 -728298.20 -169520.45
V 15984 -728198.70 -169520.45
V 15992 -728190.95 -169518.37
V 16000 -728185.28 -169512.70
V 16008 -728183.20 -169504.95
V 16016 -728183.20 -169433.95
V 16024 -728185.28 -169426.20
V 16032 -728190.95 -169420.53
V 16040 -728198.70 -169418.45
V 16048 -728298.20 -169418.45
V 16056 -728298.20 -169378.45
V 16064 -728198.70 -169378.45
V 16072 -728190.95 -169376.37
V 16080 -728185.28 -169370.70
V 16088 -728183.20 -169362.95
V 16096 -728183.20 -169291.95
V 16104 -728185.28 -169284.20
V 16112 -728190.95 -169278.53
V 16120 -728198.70 -169276.45
V 16128 -728298.20 -169276.45
V 16136 -728298.20 -169236.45
V 16144 -728198.70 -169236.45
V 16152 -728190.95 -169234.37
V 16160 -728185.28 -169228.70
V 16168 -728183.20 -169220.95
V 16176 -728183.20 -169149.95
V 16184 -728185.28 -169142.20
V 16192 -728190.95 -169136.53
V 16200 -728198.70 -169134.45
V 16208 -728298.20 -169134.45
V 16216 -728298.20 -169094.45
V 16224 -728198.70 -169094.45
V 16232 -728190.95 -169092.37
V 16240 -728185.28 -169086.70
V 16248 -728183.20 -169078.95
V 16256 -728183.20 -169007.95
V 16264 -728185.28 -169000.20
V 16272 -728190.95 -168994.53
V 16280 -728198.70 -168992.45
V 16288 -728298.20 -168992.45
V 16296 -728298.20 -168952.45
V 16304 -728198.70 -168952.45
V 16312 -728190.95 -168950.37
V 16320 -728185.28 -168944.70
V 16328 -728183.20 -168936.95
V 16336 -728183.20 -168865.95
V 16344 -728185.28 -168858.20
V 16352 -728190.95 -168852.53
V 16360 -728198.70 -168850.45
V 16368 -728298.20 -168850.45
V 16376 -728298.20 -168810.45
V 16384 -728198.70 -168810.45
V 16392 -728190.95 -168808.37
V 16400 -728185.28 -168802.70
V 16408 -728183.20 -168794.95
V 16416 -728183.20 -168723.95
V 16424 -728185.28 -168716.20
V 16432 -728190.95 -168710.53
V 16440 -728198.70 -168708.45
V 16448 -728298.20 -168708.45
V 16456 -728298.20 -168668.45
V 16464 -728198.70 -168668.45
V 16472 -728190.95 -168666.37
V 16480 -728185.28 -168660.70
V 16488 -728183.20 -168652.95
V 16496 -728183.20 -168581.95
V 16504 -728185.28 -168574.20
V 16512 -728190.95 -168568.53
V 16520 -728198.70 -168566.45
V 16528 -728298.20 -168566.45
V 16536 -728298.20 -168526.45
V 16544 -728198.70 -168526.45
V 16552 -728190.95 -168524.37
V 16560 -728185.28 -168518.70
V 16568 -728183.20 -168510.95
V 16576 -728183.20 -168439.95
V 16584 -728185.28 -168432.20
V 16592 -728190.95 -168426.53
V 16600 -728198.70 -168424.45
V 16608 -728298.20 -168424.45
V 16616 -728298.20 -168384.45
V 16624 -728198.70 -168384.45
V 16632 -728190.95 -168382.37
V 16640 -728185.28 -168376.70
V 16648 -728183.20 -168368.95
V 16656 -728183.20 -168297.95
V 16664 -728185.28 -168290.20
V 16672 -728190.95 -168284.53
V 16680 -728198.70 -168282.45
V 16688 -728298.20 -168282.45
V 16696 -728298.20 -168242.45
V 16704 -728198.70 -168242.45
V 16712 -728190.95 -168240.37
V 16720 -728185.28 -168234.70
V 16728 -728183.20 -168226.95
V 16736 -728183.20 -168155.95
V 16744 -728185.28 -168148.20
V 16752 -728190.95 -168142.53
V 16760 -728198.70 -168140.45
V 16768 -728298.20 -168140.45
V 16776 -728298.20 -168100.45
V 16784 -728198.70 -168100.45
V 16792 -728190.95 -168098.37
V 16800 -728185.28 -168092.70
V 16808 -728183.20 -168084.95
V 16816 -728183.20 -168013.95
V 16824 -728185.28 -168006.20
V 16832 -728190.95 -168000.53
V 16840 -728198.70 -167998.45
V 16848 -728298.20 -167998.45
V 16856 -728298.20 -167958.45
V 16864 -728198.70 -167958.45
V 16872 -728190.95 -167956.37
V 16880 -728185.28 -167950.70
V 16888 -728183.20 -167942.95
V 16896 -728183.20 -167871.95
V 16904 -728185.28 -167864.20
V 16912 -728190.95 -167858.53
V 16920 -728198.70 -167856.45
V 16928 -728298.20 -167856.45
V 16936 -728298.20 -167816.45
V 16944 -728198.70 -167816.45
V 16952 -728190.95 -167814.37
V 16960 -728185.28 -167808.70
V 16968 -728183.20 -167800.95
V 16976 -728183.20 -167729.95
V 16984 -728185.28 -167722.20
V 16992 -728190.95 -167716.53
V 17000 -728198.70 -167714.45
V 17008 -728298.20 -167714.45
V 17016 -728298.20 -167674.45
V 17024 -728198.70 -167674.45
V 17032 -728190.95 -167672.37
V 17040 -728185.28 -167666.70
V 17048 -728183.20 -167658.95
V 17056 -728183.20 -167587.95
V 17064 -728185.28 -167580.20
V 17072 -728190.95 -167574.53
V 17080 -728198.70 -167572.45
V 17088 -728298.20 -167572.45
V 17096 -728298.20 -167532.45
V 17104 -728198.70 -167532.45
V 17112 -728190.95 -167530.37
V 17120 -728185.28 -167524.70
V 17128 -728183.20 -167516.95
V 17136 -728183.20 -167445.95
V 17144 -728185.28 -167438.20
V 17152 -728190.95 -167432.53
V 17160 -728198.70 -167430.45
V 17168 -728298.20 -167430.45
V 17176 -728298.20 -167390.45
V 17184 -728198.70 -167390.45
V 17192 -728190.95 -167388.37
V 17200 -728185.28 -167382.70
V 17208 -728183.20 -167374.95
V 17216 -728183.20 -167303.95
V 17224 -728185.28 -167296.20
V 17232 -728190.95 -167290.53
V 17240 -728198.70 -167288.45
V 17248 -728298.20 -167288.45
V 17256 -728298.20 -167248.45
V 17264 -728198.70 -167248.45
V 17272 -728190.95 -167246.37
V 17280 -728185.28 -167240.70
V 17288 -728183.20 -167232.95
V 17296 -728183.20 -167161.95
V 17304 -728185.28 -167154.20
V 17312 -728190.95 -167148.53
V 17320 -728198.70 -167146.45
V 17328 -728298.20 -167146.45
V 17336 -728298.20 -167106.45
V 17344 -728198.70 -167106.45
V 17352 -728190.95 -167104.37
V 17360 -728185.28 -167098.70
V 17368 -728183.20 -167090.95
V 17376 -728183.20 -167019.95
V 17384 -728185.28 -167012.20
V 17392 -728190.95 -167006.53
V 17400 -728198.70 -167004.45
V 17408 -728298.20 -167004.45
V 17416 -728298.20 -166964.45
V 17424 -728198.70 -166964.45
V 17432 -728190.95 -166962.37
V 17440 -728185.28 -166956.70
V 17448 -728183.20 -166948.95
V 17456 -728183.20 -166877.95
V 17464 -728185.28 -166870.20
V 17472 -728190.95 -166864.53
V 17480 -728198.70 -166862.45
V 17488 -728298.20 -166862.45
V 17496 -728298.20 -166822.45
V 17504 -728198.70 -166822.45
V 17512 -728190.95 -166820.37
V 17520 -728185.28 -166814.70
V 17528 -728183.20 -166806.95
V 17536 -728183.20 -166735.95
V 17544 -728185.28 -166728.20
V 17552 -728190.95 -166722.53
V 17560 -728198.70 -166720.45
V 17568 -728298.20 -166720.45
V 17576 -728298.20 -166680.45
V 17584 -728198.70 -166680.45
V 17592 -728190.95 -166678.37
V 17600 -728185.28 -166672.70
V 17608 -728183.20 -166664.95
V 17616 -728183.20 -166593.95
V 17624 -728185.28 -166586.20
V 17632 -728190.95 -166580.53
V 17640 -728198.70 -166578.45
V 17648 -728298.20 -166578.45
V 17656 -728298.20 -166538.45
V 17664 -728198.70 -166538.45
V 17672 -728190.95 -166536.37
V 17680 -728185.28 -166530.70
V 17688 -728183.20 -166522.95
V 17696 -728183.20 -166451.95
V 17704 -728185.28 -166444.20
V 17712 -728190.95 -166438.53
V 17720 -728198.70 -166436.45
V 17728 -728298.20 -166436.45
V 17736 -728298.20 -166396.45
V 17744 -728198.70 -166396.45
V 17752 -728190.95 -166394.37
V 17760 -728185.28 -166388.70
V 17768 -728183.20 -166380.95
V 17776 -728183.20 -166309.95
V 17784 -728185.28 -166302.20
V 17792 -728190.95 -166296.53
V 17800 -728198.70 -166294.45
V 17808 -728298.20 -166294.45
V 17816 -728298.20 -166254.45
V 17824 -728198.70 -166254.45
V 17832 -728190.95 -166252.37
V 17840 -728185.28 -166246.70
V 17848 -728183.20 -166238.95
V 17856 -728183.20 -166167.95
V 17864 -728185.28 -166160.20
V 17872 -728190.95 -166154.53
V 17880 -728198.70 -166152.45
V 17888 -728298.20 -166152.45
V 17896 -728298.20 -166112.45
V 17904 -728198.70 -166112.45
V 17912 -728190.95 -166110.37
V 17920 -728185.28 -166104.70
V 17928 -728183.20 -166096.95
V 17936 -728183.20 -166025.95
V 17944 -728185.28 -166018.20
V 17952 -728190.95 -166012.53
V 17960 -728198.70 -166010.45
V 17968 -728298.20 -166010.45
V 17976 -728298.20 -165970.45
V 17984 -728198.70 -165970.45
V 17992 -728190.95 -165968.37
V 18000 -728185.28 -165962.70
V 18008 -728183.20 -165954.95
V 18016 -728183.20 -165883.95
V 18024 -728185.28 -165876.20
V 18032 -728190.95 -165870.53
V 18040 -728198.70 -165868.45
V 18048 -728298.20 -165868.45
V 18056 -728298.20 -165828.45
V 18064 -728198.70 -165828.45
V 18072 -728190.95 -165826.37
V 18080 -728185.28 -165820.70
V 18088 -728183.20 -165812.95
V 18096 -728183.20 -165741.95
V 18104 -728185.28 -165734.20
V 18112 -728190.95 -165728.53
V 18120 -728198.70 -165726.45
V 18128 -728298.20 -165726.45
V 18136 -728298.20 -165686.45
V 18144 -728198.70 -165686.45
V 18152 -728190.95 -165684.37
V 18160 -728185.28 -165678.70
V 18168 -728183.20 -165670.95
V 18176 -728183.20 -165599.95
V 18184 -728185.28 -165592.20
V 18192 -728190.95 -165586.53
V 18200 -728198.70 -165584.45
V 18208 -728298.20 -165584.45
V 18216 -728298.20 -165544.45
V 18224 -728198.70 -165544.45
V 18232 -728190.95 -165542.37
V 18240 -728185.28 -165536.70
V 18248 -728183.20 -165528.95
V 18256 -728183.20 -165457.95
V 18264 -728185.28 -165450.20
V 18272 -728190.95 -165444.53
V 18280 -728198.70 -165442.45
V 18288 -728298.20 -165442.45
V 18296 -728298.20 -165402.45
V 18304 -728198.70 -165402.45
V 18312 -728190.95 -165400.37
V 18320 -728185.28 -165394.70
V 18328 -728183.20 -165386.95
V 18336 -728183.20 -165315.95
V 18344 -728185.28 -165308.20
V 18352 -728190.95 -165302.53
V 18360 -728198.70 -165300.45
V 18368 -728298.20 -165300.45
V 18376 -728298.20 -165260.45
V 18384 -728198.70 -165260.45
V 18392 -728190.95 -165258.37
V 18400 -728185.28 -165252.70
V 18408 -728183.20 -165244.95
V 18416 -728183.20 -165173.95
V 18424 -728185.28 -165166.20
V 18432 -728190.95 -165160.53
V 18440 -728198.70 -165158.45
V 18448 -728298.20 -165158.45
V 18456 -728298.20 -165118.45
V 18464 -728198.70 -165118.45
V 18472 -728190.95 -165116.37
V 18480 -728185.28 -165110.70
V 18488 -728183.20 -165102.95
V 18496 -728183.20 -165031.95
V 18504 -728185.28 -165024.20
V 18512 -728190.95 -165018.53
V 18520 -728198.70 -165016.45
V 18528 -728298.20 -165016.45
V 18536 -728298.20 -164976.45
V 18544 -728198.70 -164976.45
V 18552 -728190.95 -164974.37
V 18560 -728185.28 -164968.70
V 18568 -728183.20 -164960.95
V 18576 -728183.20 -164889.95
V 18584 -728185.28 -164882.20
V 18592 -728190.95 -164876.53
V 18600 -728198.70 -164874.45
V 18608 -728298.20 -164874.45
V 18616 -728298.20 -164834.45
V 18624 -728198.70 -164834.45
V 18632 -728190.95 -164832.37
V 18640 -728185.28 -164826.70
V 18648 -728183.20 -164818.95
V 18656 -728183.20 -164747.95
V 18664 -728185.28 -164740.20
V 18672 -728190.95 -164734.53
V 18680 -728198.70 -164732.45
V 18688 -728298.20 -164732.45
V 18696 -728298.20 -164692.45
V 18704 -728198.70 -164692.45
V 18712 -728190.95 -164690.37
V 18720 -728185.28 -164684.70
V 18728 -728183.20 -164676.95
V 18736 -728183.20 -164605.95
V 18744 -728185.28 -164598.20
V 18752 -728190.95 -164592.53
V 18760 -728198.70 -164590.45
V 18768 -728298.20 -164590.45
V 18776 -728298.20 -164550.45
V 18784 -728198.70 -164550.45
V 18792 -728190.95 -164548.37
V 18800 -728185.28 -164542.70
V 18808 -728183.20 -164534.95
V 18816 -728183.20 -164463.95
V 18824 -728185.28 -164456.20
V 18832 -728190.95 -164450.53
V 18840 -728198.70 -164448.45
V 18848 -728298.20 -164448.45
V 18856 -728298.20 -164408.45
V 18864 -728198.70 -164408.45
V 18872 -728190.95 -164406.37
V 18880 -728185.28 -164400.70
V 18888 -728183.20 -164392.95
V 18896 -728183.20 -164321.95
V 18904 -728185.28 -164314.20
V 18912 -728190.95 -164308.53
V 18920 -728198.70 -164306.45
V 18928 -728298.20 -164306.45
V 18936 -728298.20 -164266.45
V 18944 -728198.70 -164266.45
V 18952 -728190.95 -164264.37
V 18960 -728185.28 -164258.70
V 18968 -728183.20 -164250.95
V 18976 -728183.20 -164179.95
V 18984 -728185.28 -164172.20
V 18992 -728190.95 -164166.53
V 19000 -728198.70 -164164.45
V 19008 -728298.20 -164164.45
V 19016 -728298.20 -164124.45
V 19024 -728198.70 -164124.45
V 19032 -728190.95 -164122.37
V 19040 -728185.28 -164116.70
V 19048 -728183.20 -164108.95
V 19056 -728183.20 -164037.95
V 19064 -728185.28 -164030.20
V 19072 -728190.95 -164024.53
V 19080 -728198.70 -164022.45
V 19088 -728298.20 -164022.45
V 19096 -728298.20 -163982.45
V 19104 -728198.70 -163982.45
V 19112 -728190.95 -163980.37
V 19120 -728185.28 -163974.70
V 19128 -728183.20 -163966.95
V 19136 -728183.20 -163895.95
V 19144 -728185.28 -163888.20
V 19152 -728190.95 -163882.53
V 19160 -728198.70 -163880.45
V 19168 -728298.20 -163880.45
V 19176 -728298.20 -163840.45
V 19184 -728198.70 -163840.45
V 19192 -728190.95 -163838.37
V 19200 -728185.28 -163832.70
V 19208 -728183.20 -163824.95
V 19216 -728183.20 -163753.95
V 19224 -728185.28 -163746.20
V 19232 -728190.95 -163740.53
V 19240 -728198.70 -163738.45
V 19248 -728298.20 -163738.45
V 19256 -728298.20 -163698.45
V 19264 -728198.70 -163698.45
V 19272 -728190.95 -163696.37
V 19280 -728185.28 -163690.70
V 19288 -728183.20 -163682.95
V 19296 -728183.20 -163611.95
V 19304 -728185.28 -163604.20
V 19312 -728190.95 -163598.53
V 19320 -728198.70 -163596.45
V 19328 -728298.20 -163596.45
V 19336 -728298.20 -163556.45
V 19344 -728198.70 -163556.45
V 19352 -728190.95 -163554.37
V 19360 -728185.28 -163548.70
V 19368 -728183.20 -163540.95
V 19376 -728183.20 -163469.95
V 19384 -728185.28 -163462.20
V 19392 -728190.95 -163456.53
V 19400 -728198.70 -163454.45
V 19408 -728298.20 -163454.45
V 19416 -728298.20 -163414.45
V 19424 -728198.70 -163414.45
V 19432 -728190.95 -163412.37
V 19440 -728185.28 -163406.70
V 19448 -728183.20 -163398.95
V 19456 -728183.20 -163327.95
V 19464 -728185.28 -163320.20
V 19472 -728190.95 -163314.53
V 19480 -728198.70 -163312.45
V 19488 -728298.20 -163312.45
V 19496 -728298.20 -163272.45
V 19504 -728198.70 -163272.45
V 19512 -728190.95 -163270.37
V 19520 -728185.28 -163264.70
V 19528 -728183.20 -163256.95
V 19536 -728183.20 -163185.95
V 19544 -728185.28 -163178.20
V 19552 -728190.95 -163172.53
V 19560 -728198.70 -163170.45
V 19568 -728298.20 -163170.45
V 19576 -728298.20 -163130.45
V 19584 -728198.70 -163130.45
V 19592 -728190.95 -163128.37
V 19600 -728185.28 -163122.70
V 19608 -728183.20 -163114.95
V 19616 -728183.20 -163043.95
V 19624 -728185.28 -163036.20
V 19632 -728190.95 -163030.53
V 19640 -728198.70 -163028.45
V 19648 -728298.20 -163028.45
V 19656 -728298.20 -162988.45
V 19664 -728198.70 -162988.45
V 19672 -728190.95 -162986.37
V 19680 -728185.28 -162980.70
V 19688 -728183.20 -162972.95
V 19696 -728183.20 -162901.95
V 19704 -728185.28 -162894.20
V 19712 -728190.95 -162888.53
V 19720 -728198.70 -162886.45
V 19728 -728298.20 -162886.45
V 19736 -728298.20 -162846.45
V 19744 -728198.70 -162846.45
V 19752 -728190.95 -162844.37
V 19760 -728185.28 -162838.70
V 19768 -728183.20 -162830.95
V 19776 -728183.20 -162759.95
V 19784 -728185.28 -162752.20
V 19792 -728190.95 -162746.53
V 19800 -728198.70 -162744.45
V 19808 -728298.20 -162744.45
V 19816 -728298.20 -162704.45
V 19824 -728198.70 -162704.45
V 19832 -728190.95 -162702.37
V 19840 -728185.28 -162696.70
V 19848 -728183.20 -162688.95
V 19856 -728183.20 -162617.95
V 19864 -728185.28 -162610.20
V 19872 -728190.95 -162604.53
V 19880 -728198.70 -162602.45
V 19888 -728298.20 -162602.45
V 19896 -728298.20 -162562.45
V 19904 -728198.70 -162562.45
V 19912 -728190.95 -162560.37
V 19920 -728185.28 -162554.70
V 19928 -728183.20 -162546.95
V 19936 -728183.20 -162475.95
V 19944 -728185.28 -162468.20
V 19952 -728190.95 -162462.53
V 19960 -728198.70 -162460.45
V 19968 -728298.20 -162460.45
V 19976 -728298.20 -162420.45
V 19984 -728198.70 -162420.45
V 19992 -728190.95 -162418.37
V 20000 -728185.28 -162412.70
V 20008 -728183.20 -162404.95
V 20016 -728183.20 -162333.95
V 20024 -728185.28 -162326.20
V 20032 -728190.95 -162320.53
V 20040 -728198.70 -162318.45
V 20048 -728298.20 -162318.45
V 20056 -728298.20 -162278.45
V 20064 -728198.70 -162278.45
V 20072 -728190.95 -162276.37
V 20080 -728185.28 -162270.70
V 20088 -728183.20 -162262.95
V 20096 -728183.20 -162191.95
V 20104 -728185.28 -162184.20
V 20112 -728190.95 -162178.53
V 20120 -728198.70 -162176.45
V 20128 -728298.20 -162176.45
V 20136 -728298.20 -162136.45
V 20144 -728198.70 -162136.45
V 20152 -728190.95 -162134.37
V 20160 -728185.28 -162128.70
V 20168 -728183.20 -162120.95
V 20176 -728183.20 -162049.95
V 20184 -728185.28 -162042.20
V 20192 -728190.95 -162036.53
V 20200 -728198.70 -162034.45
V 20208 -728298.20 -162034.45
V 20216 -728298.20 -161994.45
V 20224 -728198.70 -161994.45
V 20232 -728190.95 -161992.37
V 20240 -728185.28 -161986.70
V 20248 -728183.20 -161978.95
V 20256 -728183.20 -161907.95
V 20264 -728185.28 -161900.20
V 20272 -728190.95 -161894.53
V 20280 -728198.70 -161892.45
V 20288 -728298.20 -161892.45
V 20296 -728298.20 -161852.45
V 20304 -728198.70 -161852.45
V 20312 -728190.95 -161850.37
V 20320 -728185.28 -161844.70
V 20328 -728183.20 -161836.95
V 20336 -728183.20 -161765.95
V 20344 -728185.28 -161758.20
V 20352 -728190.95 -161752.53
V 20360 -728198.70 -161750.45
V 20368 -728298.20 -161750.45
V 20376 -728298.20 -161710.45
V 20384 -728198.70 -161710.45
V 20392 -728190.95 -161708.37
V 20400 -728185.28 -161702.70
V 20408 -728183.20 -161694.95
V 20416 -728183.20 -161623.95
V 20424 -728185.28 -161616.20
V 20432 -728190.95 -161610.53
V 20440 -728198.70 -161608.45
V 20448 -728298.20 -161608.45
V 20456 -728298.20 -161568.45
V 20464 -728198.70 -161568.45
V 20472 -728190.95 -161566.37
V 20480 -728185.28 -161560.70
V 20488 -728183.20 -161552.95
V 20496 -728183.20 -161481.95
V 20504 -728185.28 -161474.20
V 20512 -728190.95 -161468.53
V 20520 -728198.70 -161466.45
V 20528 -728298.20 -161466.45
V 20536 -728298.20 -161426.45
V 20544 -728198.70 -161426.45
V 20552 -728190.95 -161424.37
V 20560 -728185.28 -161418.70
V 20568 -728183.20 -161410.95
V 20576 -728183.20 -161339.95
V 20584 -728185.28 -161332.20
V 20592 -728190.95 -161326.53
V 20600 -728198.70 -161324.45
V 20608 -728298.20 -161324.45
V 20616 -728298.20 -161284.45
V 20624 -728198.70 -161284.45
V 20632 -728190.95 -161282.37
V 20640 -728185.28 -161276.70
V 20648 -728183.20 -161268.95
V 20656 -728183.20 -161197.95
V 20664 -728185.28 -161190.20
V 20672 -728190.95 -161184.53
V 20680 -728198.70 -161182.45
V 20688 -728298.20 -161182.45
V 20696 -728298.20 -161142.45
V 20704 -728198.70 -161142.45
V 20712 -728190.95 -161140.37
V 20720 -728185.28 -161134.70
V 20728 -728183.20 -161126.95
V 20736 -728183.20 -161055.95
V 20744 -728185.28 -161048.20
V 20752 -728190.95 -161042.53
V 20760 -728198.70 -161040.45
V 20768 -728298.20 -161040.45
V 20776 -728298.20 -161000.45
V 20784 -728198.70 -161000.45
V 20792 -728190.95 -160998.37
V 20800 -728185.28 -160992.70
V 20808 -728183.20 -160984.95
V 20816 -728183.20 -160913.95
V 20824 -728185.28 -160906.20
V 20832 -728190.95 -160900.53
V 20840 -728198.70 -160898.45
V 20848 -728298.20 -160898.45
V 20856 -728298.20 -160858.45
V 20864 -728198.70 -160858.45
V 20872 -728190.95 -160856.37
V 20880 -728185.28 -160850.70
V 20888 -728183.20 -160842.95
V 20896 -728183.20 -160771.95
V 20904 -728185.28 -160764.20
V 20912 -728190.95 -160758.53
V 20920 -728198.70 -160756.45
V 20928 -728298.20 -160756.45
V 20936 -728298.20 -160716.45
V 20944 -728198.70 -160716.45
V 20952 -728190.95 -160714.37
V 20960 -728185.28 -160708.70
V 20968 -728183.20 -160700.95
V 20976 -728183.20 -160629.95
V 20984 -728185.28 -160622.20
V 20992 -728190.95 -160616.53
V 21000 -728198.70 -160614.45
V 21008 -728298.20 -160614.45
V 21016 -728298.20 -160574.45
V 21024 -728198.70 -160574.45
V 21032 -728190.95 -160572.37
V 21040 -728185.28 -160566.70
V 21048 -728183.20 -160558.95
V 21056 -728183.20 -160487.95
V 21064 -728185.28 -160480.20
V 21072 -728190.95 -160474.53
V 21080 -728198.70 -160472.45
V 21088 -728298.20 -160472.45
V 21096 -728298.20 -160432.45
V 21104 -728198.70 -160432.45
V 21112 -728190.95 -160430.37
V 21120 -728185.28 -160424.70
V 21128 -728183.20 -160416.95
V 21136 -728183.20 -160345.95
V 21144 -728185.28 -160338.20
V 21152 -728190.95 -160332.53
V 21160 -728198.70 -160330.45
V 21168 -728298.20 -160330.45
V 21176 -728298.20 -160290.45
V 21184 -728198.70 -160290.45
V 21192 -728190.95 -160288.37
V 21200 -728185.28 -160282.70
V 21208 -728183.20 -160274.95
V 21216 -728183.20 -160203.95
V 21224 -728185.28 -160196.20
V 21232 -728190.95 -160190.53
V 21240 -728198.70 -160188.45
V 21248 -728298.20 -160188.45
V 21256 -728298.20 -160148.45
V 21264 -728198.70 -160148.45
V 21272 -728190.95 -160146.37
V 21280 -728185.28 -160140.70
V 21288 -728183.20 -160132.95
V 21296 -728183.20 -160061.95
V 21304 -728185.28 -160054.20
V 21312 -728190.95 -160048.53
V 21320 -728198.70 -160046.45
V 21328 -728298.20 -160046.45
V 21336 -728298.20 -160006.45
V 21344 -728198.70 -160006.45
V 21352 -728190.95 -160004.37
V 21360 -728185.28 -159998.70
V 21368 -728183.20 -159990.95
V 21376 -728183.20 -159919.95
V 21384 -728185.28 -159912.20
V 21392 -728190.95 -159906.53
V 21400 -728198.70 -159904.45
V 21408 -728298.20 -159904.45
V 21416 -728298.20 -159864.45
V 21424 -728198.70 -159864.45
V 21432 -728190.95 -159862.37
V 21440 -728185.28 -159856.70
V 21448 -728183.20 -159848.95
V 21456 -728183.20 -159777.95
V 21464 -728185.28 -159770.20
V 21472 -728190.95 -159764.53
V 21480 -728198.70 -159762.45
V 21488 -728277.75 -159762.45
V 21496 -728277.75 -159722.45
V 21504 -728256.20 -159722.45
V 21512 -728248.45 -159720.37
V 21520 -728242.78 -159714.70
V 21528 -728240.70 -159706.95
V 21536 -728240.70 -159595.02
V 21544 -727903.28 -159537.72
V 21552 -727100.40 -159401.39
V 21560 -726761.25 -159343.80
V 21568 -726269.49 -159260.30
V 21576 -726245.25 -159256.18
V 21584 -724674.67 -158989.50
V 21592 -724506.71 -158960.98
V 21600 -724264.83 -158919.90
V 21608 -723445.19 -158780.73
V 21616 -723222.54 -158742.92
V 21624 -722887.77 -158686.08
V 21632 -722590.34 -158635.57
V 21640 -722074.76 -158548.03
V 21648 -721960.30 -158528.59
V 21656 -721897.20 -158517.88
V 21664 -721309.42 -158418.07
V 21672 -720325.28 -158250.96
V 21680 -720071.02 -158207.79
V 21688 -719649.19 -158136.16
V 21696 -719406.82 -158095.01
V 21704 -719256.14 -158069.42
V 21712 -718832.78 -157997.53
V 21720 -718629.35 -157962.99
V 21728 -718213.14 -157892.32
V 21736 -718027.06 -157860.72
V 21744 -717428.91 -157759.15
V 21752 -717427.84 -157758.93
V 21760 -717426.80 -157758.64
V 21768 -717425.77 -157758.27
V 21776 -717424.78 -157757.84
V 21784 -717423.82 -157757.33
V 21792 -717422.89 -157756.76
V 21800 -717422.01 -157756.13
V 21808 -717421.17 -157755.43
V 21816 -717420.39 -157754.68
V 21824 -717419.66 -157753.87
V 21832 -717418.99 -157753.02
V 21840 -717418.38 -157752.12
V 21848 -717417.83 -157751.18
V 21856 -717417.35 -157750.20
V 21864 -717416.94 -157749.20
V 21872 -717416.61 -157748.16
V 21880 -717416.34 -157747.11
V 21888 -717416.15 -157746.04
V 21896 -717416.04 -157744.96
V 21904 -717416.00 -157743.87
V 21912 -717416.00 -157719.35
