V 0 -735372.00 -157719.35
V 8 -735372.00 -157730.78
V 16 -735558.10 -157762.38
V 24 -735790.40 -157801.83
V 32 -736266.27 -157882.63
V 40 -736480.60 -157919.02
V 48 -736901.12 -157990.43
V 56 -737077.51 -158020.38
V 64 -737118.77 -158027.39
V 72 -737333.60 -158063.86
V 80 -737583.38 -158106.28
V 88 -737811.68 -158145.04
V 96 -738035.58 -158183.06
V 104 -738192.43 -158209.70
V 112 -739050.91 -158355.47
V 120 -739705.49 -158466.62
V 128 -739883.79 -158496.89
V 136 -739890.40 -158499.70
V 144 -739895.04 -158505.18
V 152 -739896.70 -158512.17
V 160 -739896.70 -158641.95
V 168 -739894.62 -158649.70
V 176 -739888.95 -158655.37
V 184 -739881.20 -158657.45
V 192 -739854.66 -158657.45
V 200 -739854.66 -158697.45
V 208 -739938.70 -158697.45
V 216 -739946.45 -158699.53
V 224 -739952.12 -158705.20
V 232 -739954.20 -158712.95
V 240 -739954.20 -158783.95
V 248 -739952.12 -158791.70
V 256 -739946.45 -158797.37
V 264 -739938.70 -158799.45
V 272 -739839.20 -158799.45
V 280 -739839.20 -158839.45
V 288 -739938.70 -158839.45
V 296 -739946.45 -158841.53
V 304 -739952.12 -158847.20
V 312 -739954.20 -158854.95
V 320 -739954.20 -158925.95
V 328 -739952.12 -158933.70
V 336 -739946.45 -158939.37
V 344 -739938.70 -158941.45
V 352 -739839.20 -158941.45
V 360 -739839.20 -158981.45
V 368 -739938.70 -158981.45
V 376 -739946.45 -158983.53
V 384 -739952.12 -158989.20
V 392 -739954.20 -158996.95
V 400 -739954.20 -159067.95
V 408 -739952.12 -159075.70
V 416 -739946.45 -159081.37
V 424 -739938.70 -159083.45
V 432 -739839.20 -159083.45
V 440 -739839.20 -159123.45
V 448 -739938.70 -159123.45
V 456 -739946.45 -159125.53
V 464 -739952.12 -159131.20
V 472 -739954.20 -159138.95
V 480 -739954.20 -159209.95
V 488 -739952.12 -159217.70
V 496 -739946.45 -159223.37
V 504 -739938.70 -159225.45
V 512 -739839.20 -159225.45
V 520 -739839.20 -159265.45
V 528 -739938.70 -159265.45
V 536 -739946.45 -159267.53
V 544 -739952.12 -159273.20
V 552 -739954.20 -159280.95
V 560 -739954.20 -159351.95
V 568 -739952.12 -159359.70
V 576 -739946.45 -159365.37
V 584 -739938.70 -159367.45
V 592 -739839.20 -159367.45
V 600 -739839.20 -159407.45
V 608 -739938.70 -159407.45
V 616 -739946.45 -159409.53
V 624 -739952.12 -159415.20
V 632 -739954.20 -159422.95
V 640 -739954.20 -159493.95
V 648 -739952.12 -159501.70
V 656 -739946.45 -159507.37
V 664 -739938.70 -159509.45
V 672 -739839.20 -159509.45
V 680 -739839.20 -159549.45
V 688 -739938.70 -159549.45
V 696 -739946.45 -159551.53
V 704 -739952.12 -159557.20
V 712 -739954.20 -159564.95
V 720 -739954.20 -159635.95
V 728 -739952.12 -159643.70
V 736 -739946.45 -159649.37
V 744 -739938.70 -159651.45
V 752 -739839.20 -159651.45
V 760 -739839.20 -159691.45
V 768 -739938.70 -159691.45
V 776 -739946.45 -159693.53
V 784 -739952.12 -159699.20
V 792 -739954.20 -159706.95
V 800 -739954.20 -159777.95
V 808 -739952.12 -159785.70
V 816 -739946.45 -159791.37
V 824 -739938.70 -159793.45
V 832 -739839.20 -159793.45
V 840 -739839.20 -159833.45
V 848 -739938.70 -159833.45
V 856 -739946.45 -159835.53
V 864 -739952.12 -159841.20
V 872 -739954.20 -159848.95
V 880 -739954.20 -159919.95
V 888 -739952.12 -159927.70
V 896 -739946.45 -159933.37
V 904 -739938.70 -159935.45
V 912 -739839.20 -159935.45
V 920 -739839.20 -159975.45
V 928 -739938.70 -159975.45
V 936 -739946.45 -159977.53
V 944 -739952.12 -159983.20
V 952 -739954.20 -159990.95
V 960 -739954.20 -160061.95
V 968 -739952.12 -160069.70
V 976 -739946.45 -160075.37
V 984 -739938.70 -160077.45
V 992 -739839.20 -160077.45
V 1000 -739839.20 -160117.45
V 1008 -739938.70 -160117.45
V 1016 -739946.45 -160119.53
V 1024 -739952.12 -160125.20
V 1032 -739954.20 -160132.95
V 1040 -739954.20 -160203.95
V 1048 -739952.12 -160211.70
V 1056 -739946.45 -160217.37
V 1064 -739938.70 -160219.45
V 1072 -739839.20 -160219.45
V 1080 -739839.20 -160259.45
V 1088 -739938.70 -160259.45
V 1096 -739946.45 -160261.53
V 1104 -739952.12 -160267.20
V 1112 -739954.20 -160274.95
V 1120 -739954.20 -160345.95
V 1128 -739952.12 -160353.70
V 1136 -739946.45 -160359.37
V 1144 -739938.70 -160361.45
V 1152 -739839.20 -160361.45
V 1160 -739839.20 -160401.45
V 1168 -739938.70 -160401.45
V 1176 -739946.45 -160403.53
V 1184 -739952.12 -160409.20
V 1192 -739954.20 -160416.95
V 1200 -739954.20 -160487.95
V 1208 -739952.12 -160495.70
V 1216 -739946.45 -160501.37
V 1224 -739938.70 -160503.45
V 1232 -739839.20 -160503.45
V 1240 -739839.20 -160543.45
V 1248 -739938.70 -160543.45
V 1256 -739946.45 -160545.53
V 1264 -739952.12 -160551.20
V 1272 -739954.20 -160558.95
V 1280 -739954.20 -160629.95
V 1288 -739952.12 -160637.70
V 1296 -739946.45 -160643.37
V 1304 -739938.70 -160645.45
V 1312 -739839.20 -160645.45
V 1320 -739839.20 -160685.45
V 1328 -739938.70 -160685.45
V 1336 -739946.45 -160687.53
V 1344 -739952.12 -160693.20
V 1352 -739954.20 -160700.95
V 1360 -739954.20 -160771.95
V 1368 -739952.12 -160779.70
V 1376 -739946.45 -160785.37
V 1384 -739938.70 -160787.45
V 1392 -739839.20 -160787.45
V 1400 -739839.20 -160827.45
V 1408 -739938.70 -160827.45
V 1416 -739946.45 -160829.53
V 1424 -739952.12 -160835.20
V 1432 -739954.20 -160842.95
V 1440 -739954.20 -160913.95
V 1448 -739952.12 -160921.70
V 1456 -739946.45 -160927.37
V 1464 -739938.70 -160929.45
V 1472 -739839.20 -160929.45
V 1480 -739839.20 -160969.45
V 1488 -739938.70 -160969.45
V 1496 -739946.45 -160971.53
V 1504 -739952.12 -160977.20
V 1512 -739954.20 -160984.95
V 1520 -739954.20 -161055.95
V 1528 -739952.12 -161063.70
V 1536 -739946.45 -161069.37
V 1544 -739938.70 -161071.45
V 1552 -739839.20 -161071.45
V 1560 -739839.20 -161111.45
V 1568 -739938.70 -161111.45
V 1576 -739946.45 -161113.53
V 1584 -739952.12 -161119.20
V 1592 -739954.20 -161126.95
V 1600 -739954.20 -161197.95
V 1608 -739952.12 -161205.70
V 1616 -739946.45 -161211.37
V 1624 -739938.70 -161213.45
V 1632 -739839.20 -161213.45
V 1640 -739839.20 -161253.45
V 1648 -739938.70 -161253.45
V 1656 -739946.45 -161255.53
V 1664 -739952.12 -161261.20
V 1672 -739954.20 -161268.95
V 1680 -739954.20 -161339.95
V 1688 -739952.12 -161347.70
V 1696 -739946.45 -161353.37
V 1704 -739938.70 -161355.45
V 1712 -739839.20 -161355.45
V 1720 -739839.20 -161395.45
V 1728 -739938.70 -161395.45
V 1736 -739946.45 -161397.53
V 1744 -739952.12 -161403.20
V 1752 -739954.20 -161410.95
V 1760 -739954.20 -161481.95
V 1768 -739952.12 -161489.70
V 1776 -739946.45 -161495.37
V 1784 -739938.70 -161497.45
V 1792 -739839.20 -161497.45
V 1800 -739839.20 -161537.45
V 1808 -739938.70 -161537.45
V 1816 -739946.45 -161539.53
V 1824 -739952.12 -161545.20
V 1832 -739954.20 -161552.95
V 1840 -739954.20 -161623.95
V 1848 -739952.12 -161631.70
V 1856 -739946.45 -161637.37
V 1864 -739938.70 -161639.45
V 1872 -739839.20 -161639.45
V 1880 -739839.20 -161679.45
V 1888 -739938.70 -161679.45
V 1896 -739946.45 -161681.53
V 1904 -739952.12 -161687.20
V 1912 -739954.20 -161694.95
V 1920 -739954.20 -161765.95
V 1928 -739952.12 -161773.70
V 1936 -739946.45 -161779.37
V 1944 -739938.70 -161781.45
V 1952 -739839.20 -161781.45
V 1960 -739839.20 -161821.45
V 1968 -739938.70 -161821.45
V 1976 -739946.45 -161823.53
V 1984 -739952.12 -161829.20
V 1992 -739954.20 -161836.95
V 2000 -739954.20 -161907.95
V 2008 -739952.12 -161915.70
V 2016 -739946.45 -161921.37
V 2024 -739938.70 -161923.45
V 2032 -739839.20 -161923.45
V 2040 -739839.20 -161963.45
V 2048 -739938.70 -161963.45
V 2056 -739946.45 -161965.53
V 2064 -739952.12 -161971.20
V 2072 -739954.20 -161978.95
V 2080 -739954.20 -162049.95
V 2088 -739952.12 -162057.70
V 2096 -739946.45 -162063.37
V 2104 -739938.70 -162065.45
V 2112 -739839.20 -162065.45
V 2120 -739839.20 -162105.45
V 2128 -739938.70 -162105.45
V 2136 -739946.45 -162107.53
V 2144 -739952.12 -162113.20
V 2152 -739954.20 -162120.95
V 2160 -739954.20 -162191.95
V 2168 -739952.12 -162199.70
V 2176 -739946.45 -162205.37
V 2184 -739938.70 -162207.45
V 2192 -739839.20 -162207.45
V 2200 -739839.20 -162247.45
V 2208 -739938.70 -162247.45
V 2216 -739946.45 -162249.53
V 2224 -739952.12 -162255.20
V 2232 -739954.20 -162262.95
V 2240 -739954.20 -162333.95
V 2248 -739952.12 -162341.70
V 2256 -739946.45 -162347.37
V 2264 -739938.70 -162349.45
V 2272 -739839.20 -162349.45
V 2280 -739839.20 -162389.45
V 2288 -739938.70 -162389.45
V 2296 -739946.45 -162391.53
V 2304 -739952.12 -162397.20
V 2312 -739954.20 -162404.95
V 2320 -739954.20 -162475.95
V 2328 -739952.12 -162483.70
V 2336 -739946.45 -162489.37
V 2344 -739938.70 -162491.45
V 2352 -739839.20 -162491.45
V 2360 -739839.20 -162531.45
V 2368 -739938.70 -162531.45
V 2376 -739946.45 -162533.53
V 2384 -739952.12 -162539.20
V 2392 -739954.20 -162546.95
V 2400 -739954.20 -162617.95
V 2408 -739952.12 -162625.70
V 2416 -739946.45 -162631.37
V 2424 -739938.70 -162633.45
V 2432 -739839.20 -162633.45
V 2440 -739839.20 -162673.45
V 2448 -739938.70 -162673.45
V 2456 -739946.45 -162675.53
V 2464 -739952.12 -162681.20
V 2472 -739954.20 -162688.95
V 2480 -739954.20 -162759.95
V 2488 -739952.12 -162767.70
V 2496 -739946.45 -162773.37
V 2504 -739938.70 -162775.45
V 2512 -739839.20 -162775.45
V 2520 -739839.20 -162815.45
V 2528 -739938.70 -162815.45
V 2536 -739946.45 -162817.53
V 2544 -739952.12 -162823.20
V 2552 -739954.20 -162830.95
V 2560 -739954.20 -162901.95
V 2568 -739952.12 -162909.70
V 2576 -739946.45 -162915.37
V 2584 -739938.70 -162917.45
V 2592 -739839.20 -162917.45
V 2600 -739839.20 -162957.45
V 2608 -739938.70 -162957.45
V 2616 -739946.45 -162959.53
V 2624 -739952.12 -162965.20
V 2632 -739954.20 -162972.95
V 2640 -739954.20 -163043.95
V 2648 -739952.12 -163051.70
V 2656 -739946.45 -163057.37
V 2664 -739938.70 -163059.45
V 2672 -739839.20 -163059.45
V 2680 -739839.20 -163099.45
V 2688 -739938.70 -163099.45
V 2696 -739946.45 -163101.53
V 2704 -739952.12 -163107.20
V 2712 -739954.20 -163114.95
V 2720 -739954.20 -163185.95
V 2728 -739952.12 -163193.70
V 2736 -739946.45 -163199.37
V 2744 -739938.70 -163201.45
V 2752 -739839.20 -163201.45
V 2760 -739839.20 -163241.45
V 2768 -739938.70 -163241.45
V 2776 -739946.45 -163243.53
V 2784 -739952.12 -163249.20
V 2792 -739954.20 -163256.95
V 2800 -739954.20 -163327.95
V 2808 -739952.12 -163335.70
V 2816 -739946.45 -163341.37
V 2824 -739938.70 -163343.45
V 2832 -739839.20 -163343.45
V 2840 -739839.20 -163383.45
V 2848 -739938.70 -163383.45
V 2856 -739946.45 -163385.53
V 2864 -739952.12 -163391.20
V 2872 -739954.20 -163398.95
V 2880 -739954.20 -163469.95
V 2888 -739952.12 -163477.70
V 2896 -739946.45 -163483.37
V 2904 -739938.70 -163485.45
V 2912 -739839.20 -163485.45
V 2920 -739839.20 -163525.45
V 2928 -739938.70 -163525.45
V 2936 -739946.45 -163527.53
V 2944 -739952.12 -163533.20
V 2952 -739954.20 -163540.95
V 2960 -739954.20 -163611.95
V 2968 -739952.12 -163619.70
V 2976 -739946.45 -163625.37
V 2984 -739938.70 -163627.45
V 2992 -739839.20 -163627.45
V 3000 -739839.20 -163667.45
V 3008 -739938.70 -163667.45
V 3016 -739946.45 -163669.53
V 3024 -739952.12 -163675.20
V 3032 -739954.20 -163682.95
V 3040 -739954.20 -163753.95
V 3048 -739952.12 -163761.70
V 3056 -739946.45 -163767.37
V 3064 -739938.70 -163769.45
V 3072 -739839.20 -163769.45
V 3080 -739839.20 -163809.45
V 3088 -739938.70 -163809.45
V 3096 -739946.45 -163811.53
V 3104 -739952.12 -163817.20
V 3112 -739954.20 -163824.95
V 3120 -739954.20 -163895.95
V 3128 -739952.12 -163903.70
V 3136 -739946.45 -163909.37
V 3144 -739938.70 -163911.45
V 3152 -739839.20 -163911.45
V 3160 -739839.20 -163951.45
V 3168 -739938.70 -163951.45
V 3176 -739946.45 -163953.53
V 3184 -739952.12 -163959.20
V 3192 -739954.20 -163966.95
V 3200 -739954.20 -164037.95
V 3208 -739952.12 -164045.70
V 3216 -739946.45 -164051.37
V 3224 -739938.70 -164053.45
V 3232 -739839.20 -164053.45
V 3240 -739839.20 -164093.45
V 3248 -739938.70 -164093.45
V 3256 -739946.45 -164095.53
V 3264 -739952.12 -164101.20
V 3272 -739954.20 -164108.95
V 3280 -739954.20 -164179.95
V 3288 -739952.12 -164187.70
V 3296 -739946.45 -164193.37
V 3304 -739938.70 -164195.45
V 3312 -739839.20 -164195.45
V 3320 -739839.20 -164235.45
V 3328 -739938.70 -164235.45
V 3336 -739946.45 -164237.53
V 3344 -739952.12 -164243.20
V 3352 -739954.20 -164250.95
V 3360 -739954.20 -164321.95
V 3368 -739952.12 -164329.70
V 3376 -739946.45 -164335.37
V 3384 -739938.70 -164337.45
V 3392 -739839.20 -164337.45
V 3400 -739839.20 -164377.45
V 3408 -739938.70 -164377.45
V 3416 -739946.45 -164379.53
V 3424 -739952.12 -164385.20
V 3432 -739954.20 -164392.95
V 3440 -739954.20 -164463.95
V 3448 -739952.12 -164471.70
V 3456 -739946.45 -164477.37
V 3464 -739938.70 -164479.45
V 3472 -739839.20 -164479.45
V 3480 -739839.20 -164519.45
V 3488 -739938.70 -164519.45
V 3496 -739946.45 -164521.53
V 3504 -739952.12 -164527.20
V 3512 -739954.20 -164534.95
V 3520 -739954.20 -164605.95
V 3528 -739952.12 -164613.70
V 3536 -739946.45 -164619.37
V 3544 -739938.70 -164621.45
V 3552 -739839.20 -164621.45
V 3560 -739839.20 -164661.45
V 3568 -739938.70 -164661.45
V 3576 -739946.45 -164663.53
V 3584 -739952.12 -164669.20
V 3592 -739954.20 -164676.95
V 3600 -739954.20 -164747.95
V 3608 -739952.12 -164755.70
V 3616 -739946.45 -164761.37
V 3624 -739938.70 -164763.45
V 3632 -739839.20 -164763.45
V 3640 -739839.20 -164803.45
V 3648 -739938.70 -164803.45
V 3656 -739946.45 -164805.53
V 3664 -739952.12 -164811.20
V 3672 -739954.20 -164818.95
V 3680 -739954.20 -164889.95
V 3688 -739952.12 -164897.70
V 3696 -739946.45 -164903.37
V 3704 -739938.70 -164905.45
V 3712 -739839.20 -164905.45
V 3720 -739839.20 -164945.45
V 3728 -739938.70 -164945.45
V 3736 -739946.45 -164947.53
V 3744 -739952.12 -164953.20
V 3752 -739954.20 -164960.95
V 3760 -739954.20 -165031.95
V 3768 -739952.12 -165039.70
V 3776 -739946.45 -165045.37
V 3784 -739938.70 -165047.45
V 3792 -739839.20 -165047.45
V 3800 -739839.20 -165087.45
V 3808 -739938.70 -165087.45
V 3816 -739946.45 -165089.53
V 3824 -739952.12 -165095.20
V 3832 -739954.20 -165102.95
V 3840 -739954.20 -165173.95
V 3848 -739952.12 -165181.70
V 3856 -739946.45 -165187.37
V 3864 -739938.70 -165189.45
V 3872 -739839.20 -165189.45
V 3880 -739839.20 -165229.45
V 3888 -739938.70 -165229.45
V 3896 -739946.45 -165231.53
V 3904 -739952.12 -165237.20
V 3912 -739954.20 -165244.95
V 3920 -739954.20 -165315.95
V 3928 -739952.12 -165323.70
V 3936 -739946.45 -165329.37
V 3944 -739938.70 -165331.45
V 3952 -739839.20 -165331.45
V 3960 -739839.20 -165371.45
V 3968 -739938.70 -165371.45
V 3976 -739946.45 -165373.53
V 3984 -739952.12 -165379.20
V 3992 -739954.20 -165386.95
V 4000 -739954.20 -165457.95
V 4008 -739952.12 -165465.70
V 4016 -739946.45 -165471.37
V 4024 -739938.70 -165473.45
V 4032 -739839.20 -165473.45
V 4040 -739839.20 -165513.45
V 4048 -739938.70 -165513.45
V 4056 -739946.45 -165515.53
V 4064 -739952.12 -165521.20
V 4072 -739954.20 -165528.95
V 4080 -739954.20 -165599.95
V 4088 -739952.12 -165607.70
V 4096 -739946.45 -165613.37
V 4104 -739938.70 -165615.45
V 4112 -739839.20 -165615.45
V 4120 -739839.20 -165655.45
V 4128 -739938.70 -165655.45
V 4136 -739946.45 -165657.53
V 4144 -739952.12 -165663.20
V 4152 -739954.20 -165670.95
V 4160 -739954.20 -165741.95
V 4168 -739952.12 -165749.70
V 4176 -739946.45 -165755.37
V 4184 -739938.70 -165757.45
V 4192 -739839.20 -165757.45
V 4200 -739839.20 -165797.45
V 4208 -739938.70 -165797.45
V 4216 -739946.45 -165799.53
V 4224 -739952.12 -165805.20
V 4232 -739954.20 -165812.95
V 4240 -739954.20 -165883.95
V 4248 -739952.12 -165891.70
V 4256 -739946.45 -165897.37
V 4264 -739938.70 -165899.45
V 4272 -739839.20 -165899.45
V 4280 -739839.20 -165939.45
V 4288 -739938.70 -165939.45
V 4296 -739946.45 -165941.53
V 4304 -739952.12 -165947.20
V 4312 -739954.20 -165954.95
V 4320 -739954.20 -166025.95
V 4328 -739952.12 -166033.70
V 4336 -739946.45 -166039.37
V 4344 -739938.70 -166041.45
V 4352 -739839.20 -166041.45
V 4360 -739839.20 -166081.45
V 4368 -739938.70 -166081.45
V 4376 -739946.45 -166083.53
V 4384 -739952.12 -166089.20
V 4392 -739954.20 -166096.95
V 4400 -739954.20 -166167.95
V 4408 -739952.12 -166175.70
V 4416 -739946.45 -166181.37
V 4424 -739938.70 -166183.45
V 4432 -739839.20 -166183.45
V 4440 -739839.20 -166223.45
V 4448 -739938.70 -166223.45
V 4456 -739946.45 -166225.53
V 4464 -739952.12 -166231.20
V 4472 -739954.20 -166238.95
V 4480 -739954.20 -166309.95
V 4488 -739952.12 -166317.70
V 4496 -739946.45 -166323.37
V 4504 -739938.70 -166325.45
V 4512 -739839.20 -166325.45
V 4520 -739839.20 -166365.45
V 4528 -739938.70 -166365.45
V 4536 -739946.45 -166367.53
V 4544 -739952.12 -166373.20
V 4552 -739954.20 -166380.95
V 4560 -739954.20 -166451.95
V 4568 -739952.12 -166459.70
V 4576 -739946.45 -166465.37
V 4584 -739938.70 -166467.45
V 4592 -739839.20 -166467.45
V 4600 -739839.20 -166507.45
V 4608 -739938.70 -166507.45
V 4616 -739946.45 -166509.53
V 4624 -739952.12 -166515.20
V 4632 -739954.20 -166522.95
V 4640 -739954.20 -166593.95
V 4648 -739952.12 -166601.70
V 4656 -739946.45 -166607.37
V 4664 -739938.70 -166609.45
V 4672 -739839.20 -166609.45
V 4680 -739839.20 -166649.45
V 4688 -739938.70 -166649.45
V 4696 -739946.45 -166651.53
V 4704 -739952.12 -166657.20
V 4712 -739954.20 -166664.95
V 4720 -739954.20 -166735.95
V 4728 -739952.12 -166743.70
V 4736 -739946.45 -166749.37
V 4744 -739938.70 -166751.45
V 4752 -739839.20 -166751.45
V 4760 -739839.20 -166791.45
V 4768 -739938.70 -166791.45
V 4776 -739946.45 -166793.53
V 4784 -739952.12 -166799.20
V 4792 -739954.20 -166806.95
V 4800 -739954.20 -166877.95
V 4808 -739952.12 -166885.70
V 4816 -739946.45 -166891.37
V 4824 -739938.70 -166893.45
V 4832 -739839.20 -166893.45
V 4840 -739839.20 -166933.45
V 4848 -739938.70 -166933.45
V 4856 -739946.45 -166935.53
V 4864 -739952.12 -166941.20
V 4872 -739954.20 -166948.95
V 4880 -739954.20 -167019.95
V 4888 -739952.12 -167027.70
V 4896 -739946.45 -167033.37
V 4904 -739938.70 -167035.45
V 4912 -739839.20 -167035.45
V 4920 -739839.20 -167075.45
V 4928 -739938.70 -167075.45
V 4936 -739946.45 -167077.53
V 4944 -739952.12 -167083.20
V 4952 -739954.20 -167090.95
V 4960 -739954.20 -167161.95
V 4968 -739952.12 -167169.70
V 4976 -739946.45 -167175.37
V 4984 -739938.70 -167177.45
V 4992 -739839.20 -167177.45
V 5000 -739839.20 -167217.45
V 5008 -739938.70 -167217.45
V 5016 -739946.45 -167219.53
V 5024 -739952.12 -167225.20
V 5032 -739954.20 -167232.95
V 5040 -739954.20 -167303.95
V 5048 -739952.12 -167311.70
V 5056 -739946.45 -167317.37
V 5064 -739938.70 -167319.45
V 5072 -739839.20 -167319.45
V 5080 -739839.20 -167359.45
V 5088 -739938.70 -167359.45
V 5096 -739946.45 -167361.53
V 5104 -739952.12 -167367.20
V 5112 -739954.20 -167374.95
V 5120 -739954.20 -167445.95
V 5128 -739952.12 -167453.70
V 5136 -739946.45 -167459.37
V 5144 -739938.70 -167461.45
V 5152 -739839.20 -167461.45
V 5160 -739839.20 -167501.45
V 5168 -739938.70 -167501.45
V 5176 -739946.45 -167503.53
V 5184 -739952.12 -167509.20
V 5192 -739954.20 -167516.95
V 5200 -739954.20 -167587.95
V 5208 -739952.12 -167595.70
V 5216 -739946.45 -167601.37
V 5224 -739938.70 -167603.45
V 5232 -739839.20 -167603.45
V 5240 -739839.20 -167643.45
V 5248 -739938.70 -167643.45
V 5256 -739946.45 -167645.53
V 5264 -739952.12 -167651.20
V 5272 -739954.20 -167658.95
V 5280 -739954.20 -167729.95
V 5288 -739952.12 -167737.70
V 5296 -739946.45 -167743.37
V 5304 -739938.70 -167745.45
V 5312 -739839.20 -167745.45
V 5320 -739839.20 -167785.45
V 5328 -739938.70 -167785.45
V 5336 -739946.45 -167787.53
V 5344 -739952.12 -167793.20
V 5352 -739954.20 -167800.95
V 5360 -739954.20 -167871.95
V 5368 -739952.12 -167879.70
V 5376 -739946.45 -167885.37
V 5384 -739938.70 -167887.45
V 5392 -739839.20 -167887.45
V 5400 -739839.20 -167927.45
V 5408 -739938.70 -167927.45
V 5416 -739946.45 -167929.53
V 5424 -739952.12 -167935.20
V 5432 -739954.20 -167942.95
V 5440 -739954.20 -168013.95
V 5448 -739952.12 -168021.70
V 5456 -739946.45 -168027.37
V 5464 -739938.70 -168029.45
V 5472 -739839.20 -168029.45
V 5480 -739839.20 -168069.45
V 5488 -739938.70 -168069.45
V 5496 -739946.45 -168071.53
V 5504 -739952.12 -168077.20
V 5512 -739954.20 -168084.95
V 5520 -739954.20 -168155.95
V 5528 -739952.12 -168163.70
V 5536 -739946.45 -168169.37
V 5544 -739938.70 -168171.45
V 5552 -739839.20 -168171.45
V 5560 -739839.20 -168211.45
V 5568 -739938.70 -168211.45
V 5576 -739946.45 -168213.53
V 5584 -739952.12 -168219.20
V 5592 -739954.20 -168226.95
V 5600 -739954.20 -168297.95
V 5608 -739952.12 -168305.70
V 5616 -739946.45 -168311.37
V 5624 -739938.70 -168313.45
V 5632 -739839.20 -168313.45
V 5640 -739839.20 -168353.45
V 5648 -739938.70 -168353.45
V 5656 -739946.45 -168355.53
V 5664 -739952.12 -168361.20
V 5672 -739954.20 -168368.95
V 5680 -739954.20 -168439.95
V 5688 -739952.12 -168447.70
V 5696 -739946.45 -168453.37
V 5704 -739938.70 -168455.45
V 5712 -739839.20 -168455.45
V 5720 -739839.20 -168495.45
V 5728 -739938.70 -168495.45
V 5736 -739946.45 -168497.53
V 5744 -739952.12 -168503.20
V 5752 -739954.20 -168510.95
V 5760 -739954.20 -168581.95
V 5768 -739952.12 -168589.70
V 5776 -739946.45 -168595.37
V 5784 -739938.70 -168597.45
V 5792 -739839.20 -168597.45
V 5800 -739839.20 -168637.45
V 5808 -739938.70 -168637.45
V 5816 -739946.45 -168639.53
V 5824 -739952.12 -168645.20
V 5832 -739954.20 -168652.95
V 5840 -739954.20 -168723.95
V 5848 -739952.12 -168731.70
V 5856 -739946.45 -168737.37
V 5864 -739938.70 -168739.45
V 5872 -739839.20 -168739.45
V 5880 -739839.20 -168779.45
V 5888 -739938.70 -168779.45
V 5896 -739946.45 -168781.53
V 5904 -739952.12 -168787.20
V 5912 -739954.20 -168794.95
V 5920 -739954.20 -168865.95
V 5928 -739952.12 -168873.70
V 5936 -739946.45 -168879.37
V 5944 -739938.70 -168881.45
V 5952 -739839.20 -168881.45
V 5960 -739839.20 -168921.45
V 5968 -739938.70 -168921.45
V 5976 -739946.45 -168923.53
V 5984 -739952.12 -168929.20
V 5992 -739954.20 -168936.95
V 6000 -739954.20 -169007.95
V 6008 -739952.12 -169015.70
V 6016 -739946.45 -169021.37
V 6024 -739938.70 -169023.45
V 6032 -739839.20 -169023.45
V 6040 -739839.20 -169063.45
V 6048 -739938.70 -169063.45
V 6056 -739946.45 -169065.53
V 6064 -739952.12 -169071.20
V 6072 -739954.20 -169078.95
V 6080 -739954.20 -169149.95
V 6088 -739952.12 -169157.70
V 6096 -739946.45 -169163.37
V 6104 -739938.70 -169165.45
V 6112 -739839.20 -169165.45
V 6120 -739839.20 -169205.45
V 6128 -739938.70 -169205.45
V 6136 -739946.45 -169207.53
V 6144 -739952.12 -169213.20
V 6152 -739954.20 -169220.95
V 6160 -739954.20 -169291.95
V 6168 -739952.12 -169299.70
V 6176 -739946.45 -169305.37
V 6184 -739938.70 -169307.45
V 6192 -739839.20 -169307.45
V 6200 -739839.20 -169347.45
V 6208 -739938.70 -169347.45
V 6216 -739946.45 -169349.53
V 6224 -739952.12 -169355.20
V 6232 -739954.20 -169362.95
V 6240 -739954.20 -169433.95
V 6248 -739952.12 -169441.70
V 6256 -739946.45 -169447.37
V 6264 -739938.70 -169449.45
V 6272 -739839.20 -169449.45
V 6280 -739839.20 -169489.45
V 6288 -739938.70 -169489.45
V 6296 -739946.45 -169491.53
V 6304 -739952.12 -169497.20
V 6312 -739954.20 -169504.95
V 6320 -739954.20 -169575.95
V 6328 -739952.12 -169583.70
V 6336 -739946.45 -169589.37
V 6344 -739938.70 -169591.45
V 6352 -739839.20 -169591.45
V 6360 -739839.20 -169631.45
V 6368 -739938.70 -169631.45
V 6376 -739946.45 -169633.53
V 6384 -739952.12 -169639.20
V 6392 -739954.20 -169646.95
V 6400 -739954.20 -169717.95
V 6408 -739952.12 -169725.70
V 6416 -739946.45 -169731.37
V 6424 -739938.70 -169733.45
V 6432 -739839.20 -169733.45
V 6440 -739839.20 -169773.45
V 6448 -739938.70 -169773.45
V 6456 -739946.45 -169775.53
V 6464 -739952.12 -169781.20
V 6472 -739954.20 -169788.95
V 6480 -739954.20 -169859.95
V 6488 -739952.12 -169867.70
V 6496 -739946.45 -169873.37
V 6504 -739938.70 -169875.45
V 6512 -739839.20 -169875.45
V 6520 -739839.20 -169915.45
V 6528 -739938.70 -169915.45
V 6536 -739946.45 -169917.53
V 6544 -739952.12 -169923.20
V 6552 -739954.20 -169930.95
V 6560 -739954.20 -170001.95
V 6568 -739952.12 -170009.70
V 6576 -739946.45 -170015.37
V 6584 -739938.70 -170017.45
V 6592 -739839.20 -170017.45
V 6600 -739839.20 -170057.45
V 6608 -739938.70 -170057.45
V 6616 -739946.45 -170059.53
V 6624 -739952.12 -170065.20
V 6632 -739954.20 -170072.95
V 6640 -739954.20 -170143.95
V 6648 -739952.12 -170151.70
V 6656 -739946.45 -170157.37
V 6664 -739938.70 -170159.45
V 6672 -739839.20 -170159.45
V 6680 -739839.20 -170199.45
V 6688 -739938.70 -170199.45
V 6696 -739946.45 -170201.53
V 6704 -739952.12 -170207.20
V 6712 -739954.20 -170214.95
V 6720 -739954.20 -170285.95
V 6728 -739952.12 -170293.70
V 6736 -739946.45 -170299.37
V 6744 -739938.70 -170301.45
V 6752 -739839.20 -170301.45
V 6760 -739839.20 -170341.45
V 6768 -739938.70 -170341.45
V 6776 -739946.45 -170343.53
V 6784 -739952.12 -170349.20
V 6792 -739954.20 -170356.95
V 6800 -739954.20 -170427.95
V 6808 -739952.12 -170435.70
V 6816 -739946.45 -170441.37
V 6824 -739938.70 -170443.45
V 6832 -739839.20 -170443.45
V 6840 -739839.20 -170483.45
V 6848 -739938.70 -170483.45
V 6856 -739946.45 -170485.53
V 6864 -739952.12 -170491.20
V 6872 -739954.20 -170498.95
V 6880 -739954.20 -170569.95
V 6888 -739952.12 -170577.70
V 6896 -739946.45 -170583.37
V 6904 -739938.70 -170585.45
V 6912 -739839.20 -170585.45
V 6920 -739839.20 -170625.45
V 6928 -739938.70 -170625.45
V 6936 -739946.45 -170627.53
V 6944 -739952.12 -170633.20
V 6952 -739954.20 -170640.95
V 6960 -739954.20 -170711.95
V 6968 -739952.12 -170719.70
V 6976 -739946.45 -170725.37
V 6984 -739938.70 -170727.45
V 6992 -739839.20 -170727.45
V 7000 -739839.20 -170767.45
V 7008 -739938.70 -170767.45
V 7016 -739946.45 -170769.53
V 7024 -739952.12 -170775.20
V 7032 -739954.20 -170782.95
V 7040 -739954.20 -170853.95
V 7048 -739952.12 -170861.70
V 7056 -739946.45 -170867.37
V 7064 -739938.70 -170869.45
V 7072 -739839.20 -170869.45
V 7080 -739839.20 -170909.45
V 7088 -739938.70 -170909.45
V 7096 -739946.45 -170911.53
V 7104 -739952.12 -170917.20
V 7112 -739954.20 -170924.95
V 7120 -739954.20 -170995.95
V 7128 -739952.12 -171003.70
V 7136 -739946.45 -171009.37
V 7144 -739938.70 -171011.45
V 7152 -739839.20 -171011.45
V 7160 -739839.20 -171051.45
V 7168 -739938.70 -171051.45
V 7176 -739946.45 -171053.53
V 7184 -739952.12 -171059.20
V 7192 -739954.20 -171066.95
V 7200 -739954.20 -171137.95
V 7208 -739952.12 -171145.70
V 7216 -739946.45 -171151.37
V 7224 -739938.70 -171153.45
V 7232 -739839.20 -171153.45
V 7240 -739839.20 -171193.45
V 7248 -739938.70 -171193.45
V 7256 -739946.45 -171195.53
V 7264 -739952.12 -171201.20
V 7272 -739954.20 -171208.95
V 7280 -739954.20 -171279.95
V 7288 -739952.12 -171287.70
V 7296 -739946.45 -171293.37
V 7304 -739938.70 -171295.45
V 7312 -739839.20 -171295.45
V 7320 -739839.20 -171335.45
V 7328 -739938.70 -171335.45
V 7336 -739946.45 -171337.53
V 7344 -739952.12 -171343.20
V 7352 -739954.20 -171350.95
V 7360 -739954.20 -171421.95
V 7368 -739952.12 -171429.70
V 7376 -739946.45 -171435.37
V 7384 -739938.70 -171437.45
V 7392 -739839.20 -171437.45
V 7400 -739839.20 -171477.45
V 7408 -739938.70 -171477.45
V 7416 -739946.45 -171479.53
V 7424 -739952.12 -171485.20
V 7432 -739954.20 -171492.95
V 7440 -739954.20 -171563.95
V 7448 -739952.12 -171571.70
V 7456 -739946.45 -171577.37
V 7464 -739938.70 -171579.45
V 7472 -739839.20 -171579.45
V 7480 -739839.20 -171619.45
V 7488 -739938.70 -171619.45
V 7496 -739946.45 -171621.53
V 7504 -739952.12 -171627.20
V 7512 -739954.20 -171634.95
V 7520 -739954.20 -171705.95
V 7528 -739952.12 -171713.70
V 7536 -739946.45 -171719.37
V 7544 -739938.70 -171721.45
V 7552 -739839.20 -171721.45
V 7560 -739839.20 -171761.45
V 7568 -739938.70 -171761.45
V 7576 -739946.45 -171763.53
V 7584 -739952.12 -171769.20
V 7592 -739954.20 -171776.95
V 7600 -739954.20 -171847.95
V 7608 -739952.12 -171855.70
V 7616 -739946.45 -171861.37
V 7624 -739938.70 -171863.45
V 7632 -739839.20 -171863.45
V 7640 -739839.20 -171903.45
V 7648 -739938.70 -171903.45
V 7656 -739946.45 -171905.53
V 7664 -739952.12 -171911.20
V 7672 -739954.20 -171918.95
V 7680 -739954.20 -171989.95
V 7688 -739952.12 -171997.70
V 7696 -739946.45 -172003.37
V 7704 -739938.70 -172005.45
V 7712 -739839.20 -172005.45
V 7720 -739839.20 -172045.45
V 7728 -739938.70 -172045.45
V 7736 -739946.45 -172047.53
V 7744 -739952.12 -172053.20
V 7752 -739954.20 -172060.95
V 7760 -739954.20 -172131.95
V 7768 -739952.12 -172139.70
V 7776 -739946.45 -172145.37
V 7784 -739938.70 -172147.45
V 7792 -739839.20 -172147.45
V 7800 -739839.20 -172187.45
V 7808 -739938.70 -172187.45
V 7816 -739946.45 -172189.53
V 7824 -739952.12 -172195.20
V 7832 -739954.20 -172202.95
V 7840 -739954.20 -172273.95
V 7848 -739952.12 -172281.70
V 7856 -739946.45 -172287.37
V 7864 -739938.70 -172289.45
V 7872 -739839.20 -172289.45
V 7880 -739839.20 -172329.45
V 7888 -739938.70 -172329.45
V 7896 -739946.45 -172331.53
V 7904 -739952.12 -172337.20
V 7912 -739954.20 -172344.95
V 7920 -739954.20 -172415.95
V 7928 -739952.12 -172423.70
V 7936 -739946.45 -172429.37
V 7944 -739938.70 -172431.45
V 7952 -739839.20 -172431.45
V 7960 -739839.20 -172471.45
V 7968 -739938.70 -172471.45
V 7976 -739946.45 -172473.53
V 7984 -739952.12 -172479.20
V 7992 -739954.20 -172486.95
V 8000 -739954.20 -172557.95
V 8008 -739952.12 -172565.70
V 8016 -739946.45 -172571.37
V 8024 -739938.70 -172573.45
V 8032 -739839.20 -172573.45
V 8040 -739839.20 -172613.45
V 8048 -739938.70 -172613.45
V 8056 -739946.45 -172615.53
V 8064 -739952.12 -172621.20
V 8072 -739954.20 -172628.95
V 8080 -739954.20 -172699.95
V 8088 -739952.12 -172707.70
V 8096 -739946.45 -172713.37
V 8104 -739938.70 -172715.45
V 8112 -739839.20 -172715.45
V 8120 -739839.20 -172755.45
V 8128 -739938.70 -172755.45
V 8136 -739946.45 -172757.53
V 8144 -739952.12 -172763.20
V 8152 -739954.20 -172770.95
V 8160 -739954.20 -172841.95
V 8168 -739952.12 -172849.70
V 8176 -739946.45 -172855.37
V 8184 -739938.70 -172857.45
V 8192 -739839.20 -172857.45
V 8200 -739839.20 -172897.45
V 8208 -739938.70 -172897.45
V 8216 -739946.45 -172899.53
V 8224 -739952.12 -172905.20
V 8232 -739954.20 -172912.95
V 8240 -739954.20 -172983.95
V 8248 -739952.12 -172991.70
V 8256 -739946.45 -172997.37
V 8264 -739938.70 -172999.45
V 8272 -739839.20 -172999.45
V 8280 -739839.20 -173039.45
V 8288 -739938.70 -173039.45
V 8296 -739946.45 -173041.53
V 8304 -739952.12 -173047.20
V 8312 -739954.20 -173054.95
V 8320 -739954.20 -173125.95
V 8328 -739952.12 -173133.70
V 8336 -739946.45 -173139.37
V 8344 -739938.70 -173141.45
V 8352 -739839.20 -173141.45
V 8360 -739839.20 -173181.45
V 8368 -739938.70 -173181.45
V 8376 -739946.45 -173183.53
V 8384 -739952.12 -173189.20
V 8392 -739954.20 -173196.95
V 8400 -739954.20 -173267.95
V 8408 -739952.12 -173275.70
V 8416 -739946.45 -173281.37
V 8424 -739938.70 -173283.45
V 8432 -739839.20 -173283.45
V 8440 -739839.20 -173323.45
V 8448 -739938.70 -173323.45
V 8456 -739946.45 -173325.53
V 8464 -739952.12 -173331.20
V 8472 -739954.20 -173338.95
V 8480 -739954.20 -173409.95
V 8488 -739952.12 -173417.70
V 8496 -739946.45 -173423.37
V 8504 -739938.70 -173425.45
V 8512 -739839.20 -173425.45
V 8520 -739839.20 -173465.45
V 8528 -739938.70 -173465.45
V 8536 -739946.45 -173467.53
V 8544 -739952.12 -173473.20
V 8552 -739954.20 -173480.95
V 8560 -739954.20 -173551.95
V 8568 -739952.12 -173559.70
V 8576 -739946.45 -173565.37
V 8584 -739938.70 -173567.45
V 8592 -739839.20 -173567.45
V 8600 -739839.20 -173607.45
V 8608 -739938.70 -173607.45
V 8616 -739946.45 -173609.53
V 8624 -739952.12 -173615.20
V 8632 -739954.20 -173622.95
V 8640 -739954.20 -173693.95
V 8648 -739952.12 -173701.70
V 8656 -739946.45 -173707.37
V 8664 -739938.70 -173709.45
V 8672 -739839.20 -173709.45
V 8680 -739839.20 -173749.45
V 8688 -739938.70 -173749.45
V 8696 -739946.45 -173751.53
V 8704 -739952.12 -173757.20
V 8712 -739954.20 -173764.95
V 8720 -739954.20 -173835.95
V 8728 -739952.12 -173843.70
V 8736 -739946.45 -173849.37
V 8744 -739938.70 -173851.45
V 8752 -739839.20 -173851.45
V 8760 -739839.20 -173891.45
V 8768 -739938.70 -173891.45
V 8776 -739946.45 -173893.53
V 8784 -739952.12 -173899.20
V 8792 -739954.20 -173906.95
V 8800 -739954.20 -173977.95
V 8808 -739952.12 -173985.70
V 8816 -739946.45 -173991.37
V 8824 -739938.70 -173993.45
V 8832 -739839.20 -173993.45
V 8840 -739839.20 -174033.45
V 8848 -739938.70 -174033.45
V 8856 -739946.45 -174035.53
V 8864 -739952.12 -174041.20
V 8872 -739954.20 -174048.95
V 8880 -739954.20 -174119.95
V 8888 -739952.12 -174127.70
V 8896 -739946.45 -174133.37
V 8904 -739938.70 -174135.45
V 8912 -739839.20 -174135.45
V 8920 -739839.20 -174175.45
V 8928 -739938.70 -174175.45
V 8936 -739946.45 -174177.53
V 8944 -739952.12 -174183.20
V 8952 -739954.20 -174190.95
V 8960 -739954.20 -174261.95
V 8968 -739952.12 -174269.70
V 8976 -739946.45 -174275.37
V 8984 -739938.70 -174277.45
V 8992 -739839.20 -174277.45
V 9000 -739839.20 -174317.45
V 9008 -739938.70 -174317.45
V 9016 -739946.45 -174319.53
V 9024 -739952.12 -174325.20
V 9032 -739954.20 -174332.95
V 9040 -739954.20 -174403.95
V 9048 -739952.12 -174411.70
V 9056 -739946.45 -174417.37
V 9064 -739938.70 -174419.45
V 9072 -739839.20 -174419.45
V 9080 -739839.20 -174459.45
V 9088 -739938.70 -174459.45
V 9096 -739946.45 -174461.53
V 9104 -739952.12 -174467.20
V 9112 -739954.20 -174474.95
V 9120 -739954.20 -174545.95
V 9128 -739952.12 -174553.70
V 9136 -739946.45 -174559.37
V 9144 -739938.70 -174561.45
V 9152 -739839.20 -174561.45
V 9160 -739839.20 -174601.45
V 9168 -739938.70 -174601.45
V 9176 -739946.45 -174603.53
V 9184 -739952.12 -174609.20
V 9192 -739954.20 -174616.95
V 9200 -739954.20 -174687.95
V 9208 -739952.12 -174695.70
V 9216 -739946.45 -174701.37
V 9224 -739938.70 -174703.45
V 9232 -739839.20 -174703.45
V 9240 -739839.20 -174743.45
V 9248 -739938.70 -174743.45
V 9256 -739946.45 -174745.53
V 9264 -739952.12 -174751.20
V 9272 -739954.20 -174758.95
V 9280 -739954.20 -174829.95
V 9288 -739952.12 -174837.70
V 9296 -739946.45 -174843.37
V 9304 -739938.70 -174845.45
V 9312 -739839.20 -174845.45
V 9320 -739839.20 -174885.45
V 9328 -739938.70 -174885.45
V 9336 -739946.45 -174887.53
V 9344 -739952.12 -174893.20
V 9352 -739954.20 -174900.95
V 9360 -739954.20 -174971.95
V 9368 -739952.12 -174979.70
V 9376 -739946.45 -174985.37
V 9384 -739938.70 -174987.45
V 9392 -739839.20 -174987.45
V 9400 -739839.20 -175027.45
V 9408 -739938.70 -175027.45
V 9416 -739946.45 -175029.53
V 9424 -739952.12 -175035.20
V 9432 -739954.20 -175042.95
V 9440 -739954.20 -175113.95
V 9448 -739952.12 -175121.70
V 9456 -739946.45 -175127.37
V 9464 -739938.70 -175129.45
V 9472 -739839.20 -175129.45
V 9480 -739839.20 -175169.45
V 9488 -739938.70 -175169.45
V 9496 -739946.45 -175171.53
V 9504 -739952.12 -175177.20
V 9512 -739954.20 -175184.95
V 9520 -739954.20 -175255.95
V 9528 -739952.12 -175263.70
V 9536 -739946.45 -175269.37
V 9544 -739938.70 -175271.45
V 9552 -739839.20 -175271.45
V 9560 -739839.20 -175311.45
V 9568 -739938.70 -175311.45
V 9576 -739946.45 -175313.53
V 9584 -739952.12 -175319.20
V 9592 -739954.20 -175326.95
V 9600 -739954.20 -175397.95
V 9608 -739952.12 -175405.70
V 9616 -739946.45 -175411.37
V 9624 -739938.70 -175413.45
V 9632 -739839.20 -175413.45
V 9640 -739839.20 -175453.45
V 9648 -739938.70 -175453.45
V 9656 -739946.45 -175455.53
V 9664 -739952.12 -175461.20
V 9672 -739954.20 -175468.95
V 9680 -739954.20 -175539.95
V 9688 -739952.12 -175547.70
V 9696 -739946.45 -175553.37
V 9704 -739938.70 -175555.45
V 9712 -739839.20 -175555.45
V 9720 -739839.20 -175595.45
V 9728 -739938.70 -175595.45
V 9736 -739946.45 -175597.53
V 9744 -739952.12 -175603.20
V 9752 -739954.20 -175610.95
V 9760 -739954.20 -175681.95
V 9768 -739952.12 -175689.70
V 9776 -739946.45 -175695.37
V 9784 -739938.70 -175697.45
V 9792 -739839.20 -175697.45
V 9800 -739839.20 -175737.45
V 9808 -739938.70 -175737.45
V 9816 -739946.45 -175739.53
V 9824 -739952.12 -175745.20
V 9832 -739954.20 -175752.95
V 9840 -739954.20 -175823.95
V 9848 -739952.12 -175831.70
V 9856 -739946.45 -175837.37
V 9864 -739938.70 -175839.45
V 9872 -739839.20 -175839.45
V 9880 -739839.20 -175879.45
V 9888 -739938.70 -175879.45
V 9896 -739946.45 -175881.53
V 9904 -739952.12 -175887.20
V 9912 -739954.20 -175894.95
V 9920 -739954.20 -175965.95
V 9928 -739952.12 -175973.70
V 9936 -739946.45 -175979.37
V 9944 -739938.70 -175981.45
V 9952 -739839.20 -175981.45
V 9960 -739839.20 -176021.45
V 9968 -739938.70 -176021.45
V 9976 -739946.45 -176023.53
V 9984 -739952.12 -176029.20
V 9992 -739954.20 -176036.95
V 10000 -739954.20 -176107.95
V 10008 -739952.12 -176115.70
V 10016 -739946.45 -176121.37
V 10024 -739938.70 -176123.45
V 10032 -739839.20 -176123.45
V 10040 -739839.20 -176163.45
V 10048 -739938.70 -176163.45
V 10056 -739946.45 -176165.53
V 10064 -739952.12 -176171.20
V 10072 -739954.20 -176178.95
V 10080 -739954.20 -176249.95
V 10088 -739952.12 -176257.70
V 10096 -739946.45 -176263.37
V 10104 -739938.70 -176265.45
V 10112 -739839.20 -176265.45
V 10120 -739839.20 -176305.45
V 10128 -739938.70 -176305.45
V 10136 -739946.45 -176307.53
V 10144 -739952.12 -176313.20
V 10152 -739954.20 -176320.95
V 10160 -739954.20 -176391.95
V 10168 -739952.12 -176399.70
V 10176 -739946.45 -176405.37
V 10184 -739938.70 -176407.45
V 10192 -739839.20 -176407.45
V 10200 -739839.20 -176447.45
V 10208 -739938.70 -176447.45
V 10216 -739946.45 -176449.53
V 10224 -739952.12 -176455.20
V 10232 -739954.20 -176462.95
V 10240 -739954.20 -176533.95
V 10248 -739952.12 -176541.70
V 10256 -739946.45 -176547.37
V 10264 -739938.70 -176549.45
V 10272 -739839.20 -176549.45
V 10280 -739839.20 -176589.45
V 10288 -739938.70 -176589.45
V 10296 -739946.45 -176591.53
V 10304 -739952.12 -176597.20
V 10312 -739954.20 -176604.95
V 10320 -739954.20 -176675.95
V 10328 -739952.12 -176683.70
V 10336 -739946.45 -176689.37
V 10344 -739938.70 -176691.45
V 10352 -739839.20 -176691.45
V 10360 -739839.20 -176731.45
V 10368 -739938.70 -176731.45
V 10376 -739946.45 -176733.53
V 10384 -739952.12 -176739.20
V 10392 -739954.20 -176746.95
V 10400 -739954.20 -176817.95
V 10408 -739952.12 -176825.70
V 10416 -739946.45 -176831.37
V 10424 -739938.70 -176833.45
V 10432 -739839.20 -176833.45
V 10440 -739839.20 -176873.45
V 10448 -739938.70 -176873.45
V 10456 -739946.45 -176875.53
V 10464 -739952.12 -176881.20
V 10472 -739954.20 -176888.95
V 10480 -739954.20 -176959.95
V 10488 -739952.12 -176967.70
V 10496 -739946.45 -176973.37
V 10504 -739938.70 -176975.45
V 10512 -739839.20 -176975.45
V 10520 -739839.20 -177015.45
V 10528 -739938.70 -177015.45
V 10536 -739946.45 -177017.53
V 10544 -739952.12 -177023.20
V 10552 -739954.20 -177030.95
V 10560 -739954.20 -177101.95
V 10568 -739952.12 -177109.70
V 10576 -739946.45 -177115.37
V 10584 -739938.70 -177117.45
V 10592 -739839.20 -177117.45
V 10600 -739839.20 -177157.45
V 10608 -739938.70 -177157.45
V 10616 -739946.45 -177159.53
V 10624 -739952.12 -177165.20
V 10632 -739954.20 -177172.95
V 10640 -739954.20 -177243.95
V 10648 -739952.12 -177251.70
V 10656 -739946.45 -177257.37
V 10664 -739938.70 -177259.45
V 10672 -739839.20 -177259.45
V 10680 -739839.20 -177299.45
V 10688 -739938.70 -177299.45
V 10696 -739946.45 -177301.53
V 10704 -739952.12 -177307.20
V 10712 -739954.20 -177314.95
V 10720 -739954.20 -177385.95
V 10728 -739952.12 -177393.70
V 10736 -739946.45 -177399.37
V 10744 -739938.70 -177401.45
V 10752 -739839.20 -177401.45
V 10760 -739839.20 -177441.45
V 10768 -739938.70 -177441.45
V 10776 -739946.45 -177443.53
V 10784 -739952.12 -177449.20
V 10792 -739954.20 -177456.95
V 10800 -739954.20 -177527.95
V 10808 -739952.12 -177535.70
V 10816 -739946.45 -177541.37
V 10824 -739938.70 -177543.45
V 10832 -739839.20 -177543.45
V 10840 -739839.20 -177583.45
V 10848 -739938.70 -177583.45
V 10856 -739946.45 -177585.53
V 10864 -739952.12 -177591.20
V 10872 -739954.20 -177598.95
V 10880 -739954.20 -177669.95
V 10888 -739952.12 -177677.70
V 10896 -739946.45 -177683.37
V 10904 -739938.70 -177685.45
V 10912 -739839.20 -177685.45
V 10920 -739839.20 -177725.45
V 10928 -739938.70 -177725.45
V 10936 -739946.45 -177727.53
V 10944 -739952.12 -177733.20
V 10952 -739954.20 -177740.95
V 10960 -739954.20 -177811.95
V 10968 -739952.12 -177819.70
V 10976 -739946.45 -177825.37
V 10984 -739938.70 -177827.45
V 10992 -739839.20 -177827.45
V 11000 -739839.20 -177867.45
V 11008 -739938.70 -177867.45
V 11016 -739946.45 -177869.53
V 11024 -739952.12 -177875.20
V 11032 -739954.20 -177882.95
V 11040 -739954.20 -177953.95
V 11048 -739952.12 -177961.70
V 11056 -739946.45 -177967.37
V 11064 -739938.70 -177969.45
V 11072 -739839.20 -177969.45
V 11080 -739839.20 -178009.45
V 11088 -739938.70 -178009.45
V 11096 -739946.45 -178011.53
V 11104 -739952.12 -178017.20
V 11112 -739954.20 -178024.95
V 11120 -739954.20 -178095.95
V 11128 -739952.12 -178103.70
V 11136 -739946.45 -178109.37
V 11144 -739938.70 -178111.45
V 11152 -739839.20 -178111.45
V 11160 -739839.20 -178151.45
V 11168 -739938.70 -178151.45
V 11176 -739946.45 -178153.53
V 11184 -739952.12 -178159.20
V 11192 -739954.20 -178166.95
V 11200 -739954.20 -178237.95
V 11208 -739952.12 -178245.70
V 11216 -739946.45 -178251.37
V 11224 -739938.70 -178253.45
V 11232 -739839.20 -178253.45
V 11240 -739839.20 -178293.45
V 11248 -739938.70 -178293.45
V 11256 -739946.45 -178295.53
V 11264 -739952.12 -178301.20
V 11272 -739954.20 -178308.95
V 11280 -739954.20 -178379.95
V 11288 -739952.12 -178387.70
V 11296 -739946.45 -178393.37
V 11304 -739938.70 -178395.45
V 11312 -739896.70 -178395.45
V 11320 -739896.70 -178404.45
V 11328 -739865.70 -178404.45
V 11336 -739865.70 -178379.95
V 11344 -739865.74 -178378.84
V 11352 -739865.86 -178377.74
V 11360 -739866.05 -178376.66
V 11368 -739866.33 -178375.58
V 11376 -739866.68 -178374.53
V 11384 -739867.10 -178373.51
V 11392 -739867.60 -178372.52
V 11400 -739868.16 -178371.57
V 11408 -739868.79 -178370.66
V 11416 -739869.49 -178369.80
V 11424 -739870.24 -178368.99
V 11432 -739871.05 -178368.24
V 11440 -739871.91 -178367.54
V 11448 -739872.82 -178366.91
V 11456 -739873.77 -178366.35
V 11464 -739874.76 -178365.85
V 11472 -739875.78 -178365.43
V 11480 -739876.83 -178365.08
V 11488 -739877.91 -178364.80
V 11496 -739878.99 -178364.61
V 11504 -739880.09 -178364.49
V 11512 -739881.20 -178364.45
V 11520 -739923.20 -178364.45
V 11528 -739923.20 -178324.45
V 11536 -739823.70 -178324.45
V 11544 -739815.95 -178322.37
V 11552 -739810.28 -178316.70
V 11560 -739808.20 -178308.95
V 11568 -739808.20 -178237.95
V 11576 -739810.28 -178230.20
V 11584 -739815.95 -178224.53
V 11592 -739823.70 -178222.45
V 11600 -739923.20 -178222.45
V 11608 -739923.20 -178182.45
V 11616 -739823.70 -178182.45
V 11624 -739815.95 -178180.37
V 11632 -739810.28 -178174.70
V 11640 -739808.20 -178166.95
V 11648 -739808.20 -178095.95
V 11656 -739810.28 -178088.20
V 11664 -739815.95 -178082.53
V 11672 -739823.70 -178080.45
V 11680 -739923.20 -178080.45
V 11688 -739923.20 -178040.45
V 11696 -739823.70 -178040.45
V 11704 -739815.95 -178038.37
V 11712 -739810.28 -178032.70
V 11720 -739808.20 -178024.95
V 11728 -739808.20 -177953.95
V 11736 -739810.28 -177946.20
V 11744 -739815.95 -177940.53
V 11752 -739823.70 -177938.45
V 11760 -739923.20 -177938.45
V 11768 -739923.20 -177898.45
V 11776 -739823.70 -177898.45
V 11784 -739815.95 -177896.37
V 11792 -739810.28 -177890.70
V 11800 -739808.20 -177882.95
V 11808 -739808.20 -177811.95
V 11816 -739810.28 -177804.20
V 11824 -739815.95 -177798.53
V 11832 -739823.70 -177796.45
V 11840 -739923.20 -177796.45
V 11848 -739923.20 -177756.45
V 11856 -739823.70 -177756.45
V 11864 -739815.95 -177754.37
V 11872 -739810.28 -177748.70
V 11880 -739808.20 -177740.95
V 11888 -739808.20 -177669.95
V 11896 -739810.28 -177662.20
V 11904 -739815.95 -177656.53
V 11912 -739823.70 -177654.45
V 11920 -739923.20 -177654.45
V 11928 -739923.20 -177614.45
V 11936 -739823.70 -177614.45
V 11944 -739815.95 -177612.37
V 11952 -739810.28 -177606.70
V 11960 -739808.20 -177598.95
V 11968 -739808.20 -177527.95
V 11976 -739810.28 -177520.20
V 11984 -739815.95 -177514.53
V 11992 -739823.70 -177512.45
V 12000 -739923.20 -177512.45
V 12008 -739923.20 -177472.45
V 12016 -739823.70 -177472.45
V 12024 -739815.95 -177470.37
V 12032 -739810.28 -177464.70
V 12040 -739808.20 -177456.95
V 12048 -739808.20 -177385.95
V 12056 -739810.28 -177378.20
V 12064 -739815.95 -177372.53
V 12072 -739823.70 -177370.45
V 12080 -739923.20 -177370.45
V 12088 -739923.20 -177330.45
V 12096 -739823.70 -177330.45
V 12104 -739815.95 -177328.37
V 12112 -739810.28 -177322.70
V 12120 -739808.20 -177314.95
V 12128 -739808.20 -177243.95
V 12136 -739810.28 -177236.20
V 12144 -739815.95 -177230.53
V 12152 -739823.70 -177228.45
V 12160 -739923.20 -177228.45
V 12168 -739923.20 -177188.45
V 12176 -739823.70 -177188.45
V 12184 -739815.95 -177186.37
V 12192 -739810.28 -177180.70
V 12200 -739808.20 -177172.95
V 12208 -739808.20 -177101.95
V 12216 -739810.28 -177094.20
V 12224 -739815.95 -177088.53
V 12232 -739823.70 -177086.45
V 12240 -739923.20 -177086.45
V 12248 -739923.20 -177046.45
V 12256 -739823.70 -177046.45
V 12264 -739815.95 -177044.37
V 12272 -739810.28 -177038.70
V 12280 -739808.20 -177030.95
V 12288 -739808.20 -176959.95
V 12296 -739810.28 -176952.20
V 12304 -739815.95 -176946.53
V 12312 -739823.70 -176944.45
V 12320 -739923.20 -176944.45
V 12328 -739923.20 -176904.45
V 12336 -739823.70 -176904.45
V 12344 -739815.95 -176902.37
V 12352 -739810.28 -176896.70
V 12360 -739808.20 -176888.95
V 12368 -739808.20 -176817.95
V 12376 -739810.28 -176810.20
V 12384 -739815.95 -176804.53
V 12392 -739823.70 -176802.45
V 12400 -739923.20 -176802.45
V 12408 -739923.20 -176762.45
V 12416 -739823.70 -176762.45
V 12424 -739815.95 -176760.37
V 12432 -739810.28 -176754.70
V 12440 -739808.20 -176746.95
V 12448 -739808.20 -176675.95
V 12456 -739810.28 -176668.20
V 12464 -739815.95 -176662.53
V 12472 -739823.70 -176660.45
V 12480 -739923.20 -176660.45
V 12488 -739923.20 -176620.45
V 12496 -739823.70 -176620.45
V 12504 -739815.95 -176618.37
V 12512 -739810.28 -176612.70
V 12520 -739808.20 -176604.95
V 12528 -739808.20 -176533.95
V 12536 -739810.28 -176526.20
V 12544 -739815.95 -176520.53
V 12552 -739823.70 -176518.45
V 12560 -739923.20 -176518.45
V 12568 -739923.20 -176478.45
V 12576 -739823.70 -176478.45
V 12584 -739815.95 -176476.37
V 12592 -739810.28 -176470.70
V 12600 -739808.20 -176462.95
V 12608 -739808.20 -176391.95
V 12616 -739810.28 -176384.20
V 12624 -739815.95 -176378.53
V 12632 -739823.70 -176376.45
V 12640 -739923.20 -176376.45
V 12648 -739923.20 -176336.45
V 12656 -739823.70 -176336.45
V 12664 -739815.95 -176334.37
V 12672 -739810.28 -176328.70
V 12680 -739808.20 -176320.95
V 12688 -739808.20 -176249.95
V 12696 -739810.28 -176242.20
V 12704 -739815.95 -176236.53
V 12712 -739823.70 -176234.45
V 12720 -739923.20 -176234.45
V 12728 -739923.20 -176194.45
V 12736 -739823.70 -176194.45
V 12744 -739815.95 -176192.37
V 12752 -739810.28 -176186.70
V 12760 -739808.20 -176178.95
V 12768 -739808.20 -176107.95
V 12776 -739810.28 -176100.20
V 12784 -739815.95 -176094.53
V 12792 -739823.70 -176092.45
V 12800 -739923.20 -176092.45
V 12808 -739923.20 -176052.45
V 12816 -739823.70 -176052.45
V 12824 -739815.95 -176050.37
V 12832 -739810.28 -176044.70
V 12840 -739808.20 -176036.95
V 12848 -739808.20 -175965.95
V 12856 -739810.28 -175958.20
V 12864 -739815.95 -175952.53
V 12872 -739823.70 -175950.45
V 12880 -739923.20 -175950.45
V 12888 -739923.20 -175910.45
V 12896 -739823.70 -175910.45
V 12904 -739815.95 -175908.37
V 12912 -739810.28 -175902.70
V 12920 -739808.20 -175894.95
V 12928 -739808.20 -175823.95
V 12936 -739810.28 -175816.20
V 12944 -739815.95 -175810.53
V 12952 -739823.70 -175808.45
V 12960 -739923.20 -175808.45
V 12968 -739923.20 -175768.45
V 12976 -739823.70 -175768.45
V 12984 -739815.95 -175766.37
V 12992 -739810.28 -175760.70
V 13000 -739808.20 -175752.95
V 13008 -739808.20 -175681.95
V 13016 -739810.28 -175674.20
V 13024 -739815.95 -175668.53
V 13032 -739823.70 -175666.45
V 13040 -739923.20 -175666.45
V 13048 -739923.20 -175626.45
V 13056 -739823.70 -175626.45
V 13064 -739815.95 -175624.37
V 13072 -739810.28 -175618.70
V 13080 -739808.20 -175610.95
V 13088 -739808.20 -175539.95
V 13096 -739810.28 -175532.20
V 13104 -739815.95 -175526.53
V 13112 -739823.70 -175524.45
V 13120 -739923.20 -175524.45
V 13128 -739923.20 -175484.45
V 13136 -739823.70 -175484.45
V 13144 -739815.95 -175482.37
V 13152 -739810.28 -175476.70
V 13160 -739808.20 -175468.95
V 13168 -739808.20 -175397.95
V 13176 -739810.28 -175390.20
V 13184 -739815.95 -175384.53
V 13192 -739823.70 -175382.45
V 13200 -739923.20 -175382.45
V 13208 -739923.20 -175342.45
V 13216 -739823.70 -175342.45
V 13224 -739815.95 -175340.37
V 13232 -739810.28 -175334.70
V 13240 -739808.20 -175326.95
V 13248 -739808.20 -175255.95
V 13256 -739810.28 -175248.20
V 13264 -739815.95 -175242.53
V 13272 -739823.70 -175240.45
V 13280 -739923.20 -175240.45
V 13288 -739923.20 -175200.45
V 13296 -739823.70 -175200.45
V 13304 -739815.95 -175198.37
V 13312 -739810.28 -175192.70
V 13320 -739808.20 -175184.95
V 13328 -739808.20 -175113.95
V 13336 -739810.28 -175106.20
V 13344 -739815.95 -175100.53
V 13352 -739823.70 -175098.45
V 13360 -739923.20 -175098.45
V 13368 -739923.20 -175058.45
V 13376 -739823.70 -175058.45
V 13384 -739815.95 -175056.37
V 13392 -739810.28 -175050.70
V 13400 -739808.20 -175042.95
V 13408 -739808.20 -174971.95
V 13416 -739810.28 -174964.20
V 13424 -739815.95 -174958.53
V 13432 -739823.70 -174956.45
V 13440 -739923.20 -174956.45
V 13448 -739923.20 -174916.45
V 13456 -739823.70 -174916.45
V 13464 -739815.95 -174914.37
V 13472 -739810.28 -174908.70
V 13480 -739808.20 -174900.95
V 13488 -739808.20 -174829.95
V 13496 -739810.28 -174822.20
V 13504 -739815.95 -174816.53
V 13512 -739823.70 -174814.45
V 13520 -739923.20 -174814.45
V 13528 -739923.20 -174774.45
V 13536 -739823.70 -174774.45
V 13544 -739815.95 -174772.37
V 13552 -739810.28 -174766.70
V 13560 -739808.20 -174758.95
V 13568 -739808.20 -174687.95
V 13576 -739810.28 -174680.20
V 13584 -739815.95 -174674.53
V 13592 -739823.70 -174672.45
V 13600 -739923.20 -174672.45
V 13608 -739923.20 -174632.45
V 13616 -739823.70 -174632.45
V 13624 -739815.95 -174630.37
V 13632 -739810.28 -174624.70
V 13640 -739808.20 -174616.95
V 13648 -739808.20 -174545.95
V 13656 -739810.28 -174538.20
V 13664 -739815.95 -174532.53
V 13672 -739823.70 -174530.45
V 13680 -739923.20 -174530.45
V 13688 -739923.20 -174490.45
V 13696 -739823.70 -174490.45
V 13704 -739815.95 -174488.37
V 13712 -739810.28 -174482.70
V 13720 -739808.20 -174474.95
V 13728 -739808.20 -174403.95
V 13736 -739810.28 -174396.20
V 13744 -739815.95 -174390.53
V 13752 -739823.70 -174388.45
V 13760 -739923.20 -174388.45
V 13768 -739923.20 -174348.45
V 13776 -739823.70 -174348.45
V 13784 -739815.95 -174346.37
V 13792 -739810.28 -174340.70
V 13800 -739808.20 -174332.95
V 13808 -739808.20 -174261.95
V 13816 -739810.28 -174254.20
V 13824 -739815.95 -174248.53
V 13832 -739823.70 -174246.45
V 13840 -739923.20 -174246.45
V 13848 -739923.20 -174206.45
V 13856 -739823.70 -174206.45
V 13864 -739815.95 -174204.37
V 13872 -739810.28 -174198.70
V 13880 -739808.20 -174190.95
V 13888 -739808.20 -174119.95
V 13896 -739810.28 -174112.20
V 13904 -739815.95 -174106.53
V 13912 -739823.70 -174104.45
V 13920 -739923.20 -174104.45
V 13928 -739923.20 -174064.45
V 13936 -739823.70 -174064.45
V 13944 -739815.95 -174062.37
V 13952 -739810.28 -174056.70
V 13960 -739808.20 -174048.95
V 13968 -739808.20 -173977.95
V 13976 -739810.28 -173970.20
V 13984 -739815.95 -173964.53
V 13992 -739823.70 -173962.45
V 14000 -739923.20 -173962.45
V 14008 -739923.20 -173922.45
V 14016 -739823.70 -173922.45
V 14024 -739815.95 -173920.37
V 14032 -739810.28 -173914.70
V 14040 -739808.20 -173906.95
V 14048 -739808.20 -173835.95
V 14056 -739810.28 -173828.20
V 14064 -739815.95 -173822.53
V 14072 -739823.70 -173820.45
V 14080 -739923.20 -173820.45
V 14088 -739923.20 -173780.45
V 14096 -739823.70 -173780.45
V 14104 -739815.95 -173778.37
V 14112 -739810.28 -173772.70
V 14120 -739808.20 -173764.95
V 14128 -739808.20 -173693.95
V 14136 -739810.28 -173686.20
V 14144 -739815.95 -173680.53
V 14152 -739823.70 -173678.45
V 14160 -739923.20 -173678.45
V 14168 -739923.20 -173638.45
V 14176 -739823.70 -173638.45
V 14184 -739815.95 -173636.37
V 14192 -739810.28 -173630.70
V 14200 -739808.20 -173622.95
V 14208 -739808.20 -173551.95
V 14216 -739810.28 -173544.20
V 14224 -739815.95 -173538.53
V 14232 -739823.70 -173536.45
V 14240 -739923.20 -173536.45
V 14248 -739923.20 -173496.45
V 14256 -739823.70 -173496.45
V 14264 -739815.95 -173494.37
V 14272 -739810.28 -173488.70
V 14280 -739808.20 -173480.95
V 14288 -739808.20 -173409.95
V 14296 -739810.28 -173402.20
V 14304 -739815.95 -173396.53
V 14312 -739823.70 -173394.45
V 14320 -739923.20 -173394.45
V 14328 -739923.20 -173354.45
V 14336 -739823.70 -173354.45
V 14344 -739815.95 -173352.37
V 14352 -739810.28 -173346.70
V 14360 -739808.20 -173338.95
V 14368 -739808.20 -173267.95
V 14376 -739810.28 -173260.20
V 14384 -739815.95 -173254.53
V 14392 -739823.70 -173252.45
V 14400 -739923.20 -173252.45
V 14408 -739923.20 -173212.45
V 14416 -739823.70 -173212.45
V 14424 -739815.95 -173210.37
V 14432 -739810.28 -173204.70
V 14440 -739808.20 -173196.95
V 14448 -739808.20 -173125.95
V 14456 -739810.28 -173118.20
V 14464 -739815.95 -173112.53
V 14472 -739823.70 -173110.45
V 14480 -739923.20 -173110.45
V 14488 -739923.20 -173070.45
V 14496 -739823.70 -173070.45
V 14504 -739815.95 -173068.37
V 14512 -739810.28 -173062.70
V 14520 -739808.20 -173054.95
V 14528 -739808.20 -172983.95
V 14536 -739810.28 -172976.20
V 14544 -739815.95 -172970.53
V 14552 -739823.70 -172968.45
V 14560 -739923.20 -172968.45
V 14568 -739923.20 -172928.45
V 14576 -739823.70 -172928.45
V 14584 -739815.95 -172926.37
V 14592 -739810.28 -172920.70
V 14600 -739808.20 -172912.95
V 14608 -739808.20 -172841.95
V 14616 -739810.28 -172834.20
V 14624 -739815.95 -172828.53
V 14632 -739823.70 -172826.45
V 14640 -739923.20 -172826.45
V 14648 -739923.20 -172786.45
V 14656 -739823.70 -172786.45
V 14664 -739815.95 -172784.37
V 14672 -739810.28 -172778.70
V 14680 -739808.20 -172770.95
V 14688 -739808.20 -172699.95
V 14696 -739810.28 -172692.20
V 14704 -739815.95 -172686.53
V 14712 -739823.70 -172684.45
V 14720 -739923.20 -172684.45
V 14728 -739923.20 -172644.45
V 14736 -739823.70 -172644.45
V 14744 -739815.95 -172642.37
V 14752 -739810.28 -172636.70
V 14760 -739808.20 -172628.95
V 14768 -739808.20 -172557.95
V 14776 -739810.28 -172550.20
V 14784 -739815.95 -172544.53
V 14792 -739823.70 -172542.45
V 14800 -739923.20 -172542.45
V 14808 -739923.20 -172502.45
V 14816 -739823.70 -172502.45
V 14824 -739815.95 -172500.37
V 14832 -739810.28 -172494.70
V 14840 -739808.20 -172486.95
V 14848 -739808.20 -172415.95
V 14856 -739810.28 -172408.20
V 14864 -739815.95 -172402.53
V 14872 -739823.70 -172400.45
V 14880 -739923.20 -172400.45
V 14888 -739923.20 -172360.45
V 14896 -739823.70 -172360.45
V 14904 -739815.95 -172358.37
V 14912 -739810.28 -172352.70
V 14920 -739808.20 -172344.95
V 14928 -739808.20 -172273.95
V 14936 -739810.28 -172266.20
V 14944 -739815.95 -172260.53
V 14952 -739823.70 -172258.45
V 14960 -739923.20 -172258.45
V 14968 -739923.20 -172218.45
V 14976 -739823.70 -172218.45
V 14984 -739815.95 -172216.37
V 14992 -739810.28 -172210.70
V 15000 -739808.20 -172202.95
V 15008 -739808.20 -172131.95
V 15016 -739810.28 -172124.20
V 15024 -739815.95 -172118.53
V 15032 -739823.70 -172116.45
V 15040 -739923.20 -172116.45
V 15048 -739923.20 -172076.45
V 15056 -739823.70 -172076.45
V 15064 -739815.95 -172074.37
V 15072 -739810.28 -172068.70
V 15080 -739808.20 -172060.95
V 15088 -739808.20 -171989.95
V 15096 -739810.28 -171982.20
V 15104 -739815.95 -171976.53
V 15112 -739823.70 -171974.45
V 15120 -739923.20 -171974.45
V 15128 -739923.20 -171934.45
V 15136 -739823.70 -171934.45
V 15144 -739815.95 -171932.37
V 15152 -739810.28 -171926.70
V 15160 -739808.20 -171918.95
V 15168 -739808.20 -171847.95
V 15176 -739810.28 -171840.20
V 15184 -739815.95 -171834.53
V 15192 -739823.70 -171832.45
V 15200 -739923.20 -171832.45
V 15208 -739923.20 -171792.45
V 15216 -739823.70 -171792.45
V 15224 -739815.95 -171790.37
V 15232 -739810.28 -171784.70
V 15240 -739808.20 -171776.95
V 15248 -739808.20 -171705.95
V 15256 -739810.28 -171698.20
V 15264 -739815.95 -171692.53
V 15272 -739823.70 -171690.45
V 15280 -739923.20 -171690.45
V 15288 -739923.20 -171650.45
V 15296 -739823.70 -171650.45
V 15304 -739815.95 -171648.37
V 15312 -739810.28 -171642.70
V 15320 -739808.20 -171634.95
V 15328 -739808.20 -171563.95
V 15336 -739810.28 -171556.20
V 15344 -739815.95 -171550.53
V 15352 -739823.70 -171548.45
V 15360 -739923.20 -171548.45
V 15368 -739923.20 -171508.45
V 15376 -739823.70 -171508.45
V 15384 -739815.95 -171506.37
V 15392 -739810.28 -171500.70
V 15400 -739808.20 -171492.95
V 15408 -739808.20 -171421.95
V 15416 -739810.28 -171414.20
V 15424 -739815.95 -171408.53
V 15432 -739823.70 -171406.45
V 15440 -739923.20 -171406.45
V 15448 -739923.20 -171366.45
V 15456 -739823.70 -171366.45
V 15464 -739815.95 -171364.37
V 15472 -739810.28 -171358.70
V 15480 -739808.20 -171350.95
V 15488 -739808.20 -171279.95
V 15496 -739810.28 -171272.20
V 15504 -739815.95 -171266.53
V 15512 -739823.70 -171264.45
V 15520 -739923.20 -171264.45
V 15528 -739923.20 -171224.45
V 15536 -739823.70 -171224.45
V 15544 -739815.95 -171222.37
V 15552 -739810.28 -171216.70
V 15560 -739808.20 -171208.95
V 15568 -739808.20 -171137.95
V 15576 -739810.28 -171130.20
V 15584 -739815.95 -171124.53
V 15592 -739823.70 -171122.45
V 15600 -739923.20 -171122.45
V 15608 -739923.20 -171082.45
V 15616 -739823.70 -171082.45
V 15624 -739815.95 -171080.37
V 15632 -739810.28 -171074.70
V 15640 -739808.20 -171066.95
V 15648 -739808.20 -170995.95
V 15656 -739810.28 -170988.20
V 15664 -739815.95 -170982.53
V 15672 -739823.70 -170980.45
V 15680 -739923.20 -170980.45
V 15688 -739923.20 -170940.45
V 15696 -739823.70 -170940.45
V 15704 -739815.95 -170938.37
V 15712 -739810.28 -170932.70
V 15720 -739808.20 -170924.95
V 15728 -739808.20 -170853.95
V 15736 -739810.28 -170846.20
V 15744 -739815.95 -170840.53
V 15752 -739823.70 -170838.45
V 15760 -739923.20 -170838.45
V 15768 -739923.20 -170798.45
V 15776 -739823.70 -170798.45
V 15784 -739815.95 -170796.37
V 15792 -739810.28 -170790.70
V 15800 -739808.20 -170782.95
V 15808 -739808.20 -170711.95
V 15816 -739810.28 -170704.20
V 15824 -739815.95 -170698.53
V 15832 -739823.70 -170696.45
V 15840 -739923.20 -170696.45
V 15848 -739923.20 -170656.45
V 15856 -739823.70 -170656.45
V 15864 -739815.95 -170654.37
V 15872 -739810.28 -170648.70
V 15880 -739808.20 -170640.95
V 15888 -739808.20 -170569.95
V 15896 -739810.28 -170562.20
V 15904 -739815.95 -170556.53
V 15912 -739823.70 -170554.45
V 15920 -739923.20 -170554.45
V 15928 -739923.20 -170514.45
V 15936 -739823.70 -170514.45
V 15944 -739815.95 -170512.37
V 15952 -739810.28 -170506.70
V 15960 -739808.20 -170498.95
V 15968 -739808.20 -170427.95
V 15976 -739810.28 -170420.20
V 15984 -739815.95 -170414.53
V 15992 -739823.70 -170412.45
V 16000 -739923.20 -170412.45
V 16008 -739923.20 -170372.45
V 16016 -739823.70 -170372.45
V 16024 -739815.95 -170370.37
V 16032 -739810.28 -170364.70
V 16040 -739808.20 -170356.95
V 16048 -739808.20 -170285.95
V 16056 -739810.28 -170278.20
V 16064 -739815.95 -170272.53
V 16072 -739823.70 -170270.45
V 16080 -739923.20 -170270.45
V 16088 -739923.20 -170230.45
V 16096 -739823.70 -170230.45
V 16104 -739815.95 -170228.37
V 16112 -739810.28 -170222.70
V 16120 -739808.20 -170214.95
V 16128 -739808.20 -170143.95
V 16136 -739810.28 -170136.20
V 16144 -739815.95 -170130.53
V 16152 -739823.70 -170128.45
V 16160 -739923.20 -170128.45
V 16168 -739923.20 -170088.45
V 16176 -739823.70 -170088.45
V 16184 -739815.95 -170086.37
V 16192 -739810.28 -170080.70
V 16200 -739808.20 -170072.95
V 16208 -739808.20 -170001.95
V 16216 -739810.28 -169994.20
V 16224 -739815.95 -169988.53
V 16232 -739823.70 -169986.45
V 16240 -739923.20 -169986.45
V 16248 -739923.20 -169946.45
V 16256 -739823.70 -169946.45
V 16264 -739815.95 -169944.37
V 16272 -739810.28 -169938.70
V 16280 -739808.20 -169930.95
V 16288 -739808.20 -169859.95
V 16296 -739810.28 -169852.20
V 16304 -739815.95 -169846.53
V 16312 -739823.70 -169844.45
V 16320 -739923.20 -169844.45
V 16328 -739923.20 -169804.45
V 16336 -739823.70 -169804.45
V 16344 -739815.95 -169802.37
V 16352 -739810.28 -169796.70
V 16360 -739808.20 -169788.95
V 16368 -739808.20 -169717.95
V 16376 -739810.28 -169710.20
V 16384 -739815.95 -169704.53
V 16392 -739823.70 -169702.45
V 16400 -739923.20 -169702.45
V 16408 -739923.20 -169662.45
V 16416 -739823.70 -169662.45
V 16424 -739815.95 -169660.37
V 16432 -739810.28 -169654.70
V 16440 -739808.20 -169646.95
V 16448 -739808.20 -169575.95
V 16456 -739810.28 -169568.20
V 16464 -739815.95 -169562.53
V 16472 -739823.70 -169560.45
V 16480 -739923.20 -169560.45
V 16488 -739923.20 -169520.45
V 16496 -739823.70 -169520.45
V 16504 -739815.95 -169518.37
V 16512 -739810.28 -169512.70
V 16520 -739808.20 -169504.95
V 16528 -739808.20 -169433.95
V 16536 -739810.28 -169426.20
V 16544 -739815.95 -169420.53
V 16552 -739823.70 -169418.45
V 16560 -739923.20 -169418.45
V 16568 -739923.20 -169378.45
V 16576 -739823.70 -169378.45
V 16584 -739815.95 -169376.37
V 16592 -739810.28 -169370.70
V 16600 -739808.20 -169362.95
V 16608 -739808.20 -169291.95
V 16616 -739810.28 -169284.20
V 16624 -739815.95 -169278.53
V 16632 -739823.70 -169276.45
V 16640 -739923.20 -169276.45
V 16648 -739923.20 -169236.45
V 16656 -739823.70 -169236.45
V 16664 -739815.95 -169234.37
V 16672 -739810.28 -169228.70
V 16680 -739808.20 -169220.95
V 16688 -739808.20 -169149.95
V 16696 -739810.28 -169142.20
V 16704 -739815.95 -169136.53
V 16712 -739823.70 -169134.45
V 16720 -739923.20 -169134.45
V 16728 -739923.20 -169094.45
V 16736 -739823.70 -169094.45
V 16744 -739815.95 -169092.37
V 16752 -739810.28 -169086.70
V 16760 -739808.20 -169078.95
V 16768 -739808.20 -169007.95
V 16776 -739810.28 -169000.20
V 16784 -739815.95 -168994.53
V 16792 -739823.70 -168992.45
V 16800 -739923.20 -168992.45
V 16808 -739923.20 -168952.45
V 16816 -739823.70 -168952.45
V 16824 -739815.95 -168950.37
V 16832 -739810.28 -168944.70
V 16840 -739808.20 -168936.95
V 16848 -739808.20 -168865.95
V 16856 -739810.28 -168858.20
V 16864 -739815.95 -168852.53
V 16872 -739823.70 -168850.45
V 16880 -739923.20 -168850.45
V 16888 -739923.20 -168810.45
V 16896 -739823.70 -168810.45
V 16904 -739815.95 -168808.37
V 16912 -739810.28 -168802.70
V 16920 -739808.20 -168794.95
V 16928 -739808.20 -168723.95
V 16936 -739810.28 -168716.20
V 16944 -739815.95 -168710.53
V 16952 -739823.70 -168708.45
V 16960 -739923.20 -168708.45
V 16968 -739923.20 -168668.45
V 16976 -739823.70 -168668.45
V 16984 -739815.95 -168666.37
V 16992 -739810.28 -168660.70
V 17000 -739808.20 -168652.95
V 17008 -739808.20 -168581.95
V 17016 -739810.28 -168574.20
V 17024 -739815.95 -168568.53
V 17032 -739823.70 -168566.45
V 17040 -739923.20 -168566.45
V 17048 -739923.20 -168526.45
V 17056 -739823.70 -168526.45
V 17064 -739815.95 -168524.37
V 17072 -739810.28 -168518.70
V 17080 -739808.20 -168510.95
V 17088 -739808.20 -168439.95
V 17096 -739810.28 -168432.20
V 17104 -739815.95 -168426.53
V 17112 -739823.70 -168424.45
V 17120 -739923.20 -168424.45
V 17128 -739923.20 -168384.45
V 17136 -739823.70 -168384.45
V 17144 -739815.95 -168382.37
V 17152 -739810.28 -168376.70
V 17160 -739808.20 -168368.95
V 17168 -739808.20 -168297.95
V 17176 -739810.28 -168290.20
V 17184 -739815.95 -168284.53
V 17192 -739823.70 -168282.45
V 17200 -739923.20 -168282.45
V 17208 -739923.20 -168242.45
V 17216 -739823.70 -168242.45
V 17224 -739815.95 -168240.37
V 17232 -739810.28 -168234.70
V 17240 -739808.20 -168226.95
V 17248 -739808.20 -168155.95
V 17256 -739810.28 -168148.20
V 17264 -739815.95 -168142.53
V 17272 -739823.70 -168140.45
V 17280 -739923.20 -168140.45
V 17288 -739923.20 -168100.45
V 17296 -739823.70 -168100.45
V 17304 -739815.95 -168098.37
V 17312 -739810.28 -168092.70
V 17320 -739808.20 -168084.95
V 17328 -739808.20 -168013.95
V 17336 -739810.28 -168006.20
V 17344 -739815.95 -168000.53
V 17352 -739823.70 -167998.45
V 17360 -739923.20 -167998.45
V 17368 -739923.20 -167958.45
V 17376 -739823.70 -167958.45
V 17384 -739815.95 -167956.37
V 17392 -739810.28 -167950.70
V 17400 -739808.20 -167942.95
V 17408 -739808.20 -167871.95
V 17416 -739810.28 -167864.20
V 17424 -739815.95 -167858.53
V 17432 -739823.70 -167856.45
V 17440 -739923.20 -167856.45
V 17448 -739923.20 -167816.45
V 17456 -739823.70 -167816.45
V 17464 -739815.95 -167814.37
V 17472 -739810.28 -167808.70
V 17480 -739808.20 -167800.95
V 17488 -739808.20 -167729.95
V 17496 -739810.28 -167722.20
V 17504 -739815.95 -167716.53
V 17512 -739823.70 -167714.45
V 17520 -739923.20 -167714.45
V 17528 -739923.20 -167674.45
V 17536 -739823.70 -167674.45
V 17544 -739815.95 -167672.37
V 17552 -739810.28 -167666.70
V 17560 -739808.20 -167658.95
V 17568 -739808.20 -167587.95
V 17576 -739810.28 -167580.20
V 17584 -739815.95 -167574.53
V 17592 -739823.70 -167572.45
V 17600 -739923.20 -167572.45
V 17608 -739923.20 -167532.45
V 17616 -739823.70 -167532.45
V 17624 -739815.95 -167530.37
V 17632 -739810.28 -167524.70
V 17640 -739808.20 -167516.95
V 17648 -739808.20 -167445.95
V 17656 -739810.28 -167438.20
V 17664 -739815.95 -167432.53
V 17672 -739823.70 -167430.45
V 17680 -739923.20 -167430.45
V 17688 -739923.20 -167390.45
V 17696 -739823.70 -167390.45
V 17704 -739815.95 -167388.37
V 17712 -739810.28 -167382.70
V 17720 -739808.20 -167374.95
V 17728 -739808.20 -167303.95
V 17736 -739810.28 -167296.20
V 17744 -739815.95 -167290.53
V 17752 -739823.70 -167288.45
V 17760 -739923.20 -167288.45
V 17768 -739923.20 -167248.45
V 17776 -739823.70 -167248.45
V 17784 -739815.95 -167246.37
V 17792 -739810.28 -167240.70
V 17800 -739808.20 -167232.95
V 17808 -739808.20 -167161.95
V 17816 -739810.28 -167154.20
V 17824 -739815.95 -167148.53
V 17832 -739823.70 -167146.45
V 17840 -739923.20 -167146.45
V 17848 -739923.20 -167106.45
V 17856 -739823.70 -167106.45
V 17864 -739815.95 -167104.37
V 17872 -739810.28 -167098.70
V 17880 -739808.20 -167090.95
V 17888 -739808.20 -167019.95
V 17896 -739810.28 -167012.20
V 17904 -739815.95 -167006.53
V 17912 -739823.70 -167004.45
V 17920 -739923.20 -167004.45
V 17928 -739923.20 -166964.45
V 17936 -739823.70 -166964.45
V 17944 -739815.95 -166962.37
V 17952 -739810.28 -166956.70
V 17960 -739808.20 -166948.95
V 17968 -739808.20 -166877.95
V 17976 -739810.28 -166870.20
V 17984 -739815.95 -166864.53
V 17992 -739823.70 -166862.45
V 18000 -739923.20 -166862.45
V 18008 -739923.20 -166822.45
V 18016 -739823.70 -166822.45
V 18024 -739815.95 -166820.37
V 18032 -739810.28 -166814.70
V 18040 -739808.20 -166806.95
V 18048 -739808.20 -166735.95
V 18056 -739810.28 -166728.20
V 18064 -739815.95 -166722.53
V 18072 -739823.70 -166720.45
V 18080 -739923.20 -166720.45
V 18088 -739923.20 -166680.45
V 18096 -739823.70 -166680.45
V 18104 -739815.95 -166678.37
V 18112 -739810.28 -166672.70
V 18120 -739808.20 -166664.95
V 18128 -739808.20 -166593.95
V 18136 -739810.28 -166586.20
V 18144 -739815.95 -166580.53
V 18152 -739823.70 -166578.45
V 18160 -739923.20 -166578.45
V 18168 -739923.20 -166538.45
V 18176 -739823.70 -166538.45
V 18184 -739815.95 -166536.37
V 18192 -739810.28 -166530.70
V 18200 -739808.20 -166522.95
V 18208 -739808.20 -166451.95
V 18216 -739810.28 -166444.20
V 18224 -739815.95 -166438.53
V 18232 -739823.70 -166436.45
V 18240 -739923.20 -166436.45
V 18248 -739923.20 -166396.45
V 18256 -739823.70 -166396.45
V 18264 -739815.95 -166394.37
V 18272 -739810.28 -166388.70
V 18280 -739808.20 -166380.95
V 18288 -739808.20 -166309.95
V 18296 -739810.28 -166302.20
V 18304 -739815.95 -166296.53
V 18312 -739823.70 -166294.45
V 18320 -739923.20 -166294.45
V 18328 -739923.20 -166254.45
V 18336 -739823.70 -166254.45
V 18344 -739815.95 -166252.37
V 18352 -739810.28 -166246.70
V 18360 -739808.20 -166238.95
V 18368 -739808.20 -166167.95
V 18376 -739810.28 -166160.20
V 18384 -739815.95 -166154.53
V 18392 -739823.70 -166152.45
V 18400 -739923.20 -166152.45
V 18408 -739923.20 -166112.45
V 18416 -739823.70 -166112.45
V 18424 -739815.95 -166110.37
V 18432 -739810.28 -166104.70
V 18440 -739808.20 -166096.95
V 18448 -739808.20 -166025.95
V 18456 -739810.28 -166018.20
V 18464 -739815.95 -166012.53
V 18472 -739823.70 -166010.45
V 18480 -739923.20 -166010.45
V 18488 -739923.20 -165970.45
V 18496 -739823.70 -165970.45
V 18504 -739815.95 -165968.37
V 18512 -739810.28 -165962.70
V 18520 -739808.20 -165954.95
V 18528 -739808.20 -165883.95
V 18536 -739810.28 -165876.20
V 18544 -739815.95 -165870.53
V 18552 -739823.70 -165868.45
V 18560 -739923.20 -165868.45
V 18568 -739923.20 -165828.45
V 18576 -739823.70 -165828.45
V 18584 -739815.95 -165826.37
V 18592 -739810.28 -165820.70
V 18600 -739808.20 -165812.95
V 18608 -739808.20 -165741.95
V 18616 -739810.28 -165734.20
V 18624 -739815.95 -165728.53
V 18632 -739823.70 -165726.45
V 18640 -739923.20 -165726.45
V 18648 -739923.20 -165686.45
V 18656 -739823.70 -165686.45
V 18664 -739815.95 -165684.37
V 18672 -739810.28 -165678.70
V 18680 -739808.20 -165670.95
V 18688 -739808.20 -165599.95
V 18696 -739810.28 -165592.20
V 18704 -739815.95 -165586.53
V 18712 -739823.70 -165584.45
V 18720 -739923.20 -165584.45
V 18728 -739923.20 -165544.45
V 18736 -739823.70 -165544.45
V 18744 -739815.95 -165542.37
V 18752 -739810.28 -165536.70
V 18760 -739808.20 -165528.95
V 18768 -739808.20 -165457.95
V 18776 -739810.28 -165450.20
V 18784 -739815.95 -165444.53
V 18792 -739823.70 -165442.45
V 18800 -739923.20 -165442.45
V 18808 -739923.20 -165402.45
V 18816 -739823.70 -165402.45
V 18824 -739815.95 -165400.37
V 18832 -739810.28 -165394.70
V 18840 -739808.20 -165386.95
V 18848 -739808.20 -165315.95
V 18856 -739810.28 -165308.20
V 18864 -739815.95 -165302.53
V 18872 -739823.70 -165300.45
V 18880 -739923.20 -165300.45
V 18888 -739923.20 -165260.45
V 18896 -739823.70 -165260.45
V 18904 -739815.95 -165258.37
V 18912 -739810.28 -165252.70
V 18920 -739808.20 -165244.95
V 18928 -739808.20 -165173.95
V 18936 -739810.28 -165166.20
V 18944 -739815.95 -165160.53
V 18952 -739823.70 -165158.45
V 18960 -739923.20 -165158.45
V 18968 -739923.20 -165118.45
V 18976 -739823.70 -165118.45
V 18984 -739815.95 -165116.37
V 18992 -739810.28 -165110.70
V 19000 -739808.20 -165102.95
V 19008 -739808.20 -165031.95
V 19016 -739810.28 -165024.20
V 19024 -739815.95 -165018.53
V 19032 -739823.70 -165016.45
V 19040 -739923.20 -165016.45
V 19048 -739923.20 -164976.45
V 19056 -739823.70 -164976.45
V 19064 -739815.95 -164974.37
V 19072 -739810.28 -164968.70
V 19080 -739808.20 -164960.95
V 19088 -739808.20 -164889.95
V 19096 -739810.28 -164882.20
V 19104 -739815.95 -164876.53
V 19112 -739823.70 -164874.45
V 19120 -739923.20 -164874.45
V 19128 -739923.20 -164834.45
V 19136 -739823.70 -164834.45
V 19144 -739815.95 -164832.37
V 19152 -739810.28 -164826.70
V 19160 -739808.20 -164818.95
V 19168 -739808.20 -164747.95
V 19176 -739810.28 -164740.20
V 19184 -739815.95 -164734.53
V 19192 -739823.70 -164732.45
V 19200 -739923.20 -164732.45
V 19208 -739923.20 -164692.45
V 19216 -739823.70 -164692.45
V 19224 -739815.95 -164690.37
V 19232 -739810.28 -164684.70
V 19240 -739808.20 -164676.95
V 19248 -739808.20 -164605.95
V 19256 -739810.28 -164598.20
V 19264 -739815.95 -164592.53
V 19272 -739823.70 -164590.45
V 19280 -739923.20 -164590.45
V 19288 -739923.20 -164550.45
V 19296 -739823.70 -164550.45
V 19304 -739815.95 -164548.37
V 19312 -739810.28 -164542.70
V 19320 -739808.20 -164534.95
V 19328 -739808.20 -164463.95
V 19336 -739810.28 -164456.20
V 19344 -739815.95 -164450.53
V 19352 -739823.70 -164448.45
V 19360 -739923.20 -164448.45
V 19368 -739923.20 -164408.45
V 19376 -739823.70 -164408.45
V 19384 -739815.95 -164406.37
V 19392 -739810.28 -164400.70
V 19400 -739808.20 -164392.95
V 19408 -739808.20 -164321.95
V 19416 -739810.28 -164314.20
V 19424 -739815.95 -164308.53
V 19432 -739823.70 -164306.45
V 19440 -739923.20 -164306.45
V 19448 -739923.20 -164266.45
V 19456 -739823.70 -164266.45
V 19464 -739815.95 -164264.37
V 19472 -739810.28 -164258.70
V 19480 -739808.20 -164250.95
V 19488 -739808.20 -164179.95
V 19496 -739810.28 -164172.20
V 19504 -739815.95 -164166.53
V 19512 -739823.70 -164164.45
V 19520 -739923.20 -164164.45
V 19528 -739923.20 -164124.45
V 19536 -739823.70 -164124.45
V 19544 -739815.95 -164122.37
V 19552 -739810.28 -164116.70
V 19560 -739808.20 -164108.95
V 19568 -739808.20 -164037.95
V 19576 -739810.28 -164030.20
V 19584 -739815.95 -164024.53
V 19592 -739823.70 -164022.45
V 19600 -739923.20 -164022.45
V 19608 -739923.20 -163982.45
V 19616 -739823.70 -163982.45
V 19624 -739815.95 -163980.37
V 19632 -739810.28 -163974.70
V 19640 -739808.20 -163966.95
V 19648 -739808.20 -163895.95
V 19656 -739810.28 -163888.20
V 19664 -739815.95 -163882.53
V 19672 -739823.70 -163880.45
V 19680 -739923.20 -163880.45
V 19688 -739923.20 -163840.45
V 19696 -739823.70 -163840.45
V 19704 -739815.95 -163838.37
V 19712 -739810.28 -163832.70
V 19720 -739808.20 -163824.95
V 19728 -739808.20 -163753.95
V 19736 -739810.28 -163746.20
V 19744 -739815.95 -163740.53
V 19752 -739823.70 -163738.45
V 19760 -739923.20 -163738.45
V 19768 -739923.20 -163698.45
V 19776 -739823.70 -163698.45
V 19784 -739815.95 -163696.37
V 19792 -739810.28 -163690.70
V 19800 -739808.20 -163682.95
V 19808 -739808.20 -163611.95
V 19816 -739810.28 -163604.20
V 19824 -739815.95 -163598.53
V 19832 -739823.70 -163596.45
V 19840 -739923.20 -163596.45
V 19848 -739923.20 -163556.45
V 19856 -739823.70 -163556.45
V 19864 -739815.95 -163554.37
V 19872 -739810.28 -163548.70
V 19880 -739808.20 -163540.95
V 19888 -739808.20 -163469.95
V 19896 -739810.28 -163462.20
V 19904 -739815.95 -163456.53
V 19912 -739823.70 -163454.45
V 19920 -739923.20 -163454.45
V 19928 -739923.20 -163414.45
V 19936 -739823.70 -163414.45
V 19944 -739815.95 -163412.37
V 19952 -739810.28 -163406.70
V 19960 -739808.20 -163398.95
V 19968 -739808.20 -163327.95
V 19976 -739810.28 -163320.20
V 19984 -739815.95 -163314.53
V 19992 -739823.70 -163312.45
V 20000 -739923.20 -163312.45
V 20008 -739923.20 -163272.45
V 20016 -739823.70 -163272.45
V 20024 -739815.95 -163270.37
V 20032 -739810.28 -163264.70
V 20040 -739808.20 -163256.95
V 20048 -739808.20 -163185.95
V 20056 -739810.28 -163178.20
V 20064 -739815.95 -163172.53
V 20072 -739823.70 -163170.45
V 20080 -739923.20 -163170.45
V 20088 -739923.20 -163130.45
V 20096 -739823.70 -163130.45
V 20104 -739815.95 -163128.37
V 20112 -739810.28 -163122.70
V 20120 -739808.20 -163114.95
V 20128 -739808.20 -163043.95
V 20136 -739810.28 -163036.20
V 20144 -739815.95 -163030.53
V 20152 -739823.70 -163028.45
V 20160 -739923.20 -163028.45
V 20168 -739923.20 -162988.45
V 20176 -739823.70 -162988.45
V 20184 -739815.95 -162986.37
V 20192 -739810.28 -162980.70
V 20200 -739808.20 -162972.95
V 20208 -739808.20 -162901.95
V 20216 -739810.28 -162894.20
V 20224 -739815.95 -162888.53
V 20232 -739823.70 -162886.45
V 20240 -739923.20 -162886.45
V 20248 -739923.20 -162846.45
V 20256 -739823.70 -162846.45
V 20264 -739815.95 -162844.37
V 20272 -739810.28 -162838.70
V 20280 -739808.20 -162830.95
V 20288 -739808.20 -162759.95
V 20296 -739810.28 -162752.20
V 20304 -739815.95 -162746.53
V 20312 -739823.70 -162744.45
V 20320 -739923.20 -162744.45
V 20328 -739923.20 -162704.45
V 20336 -739823.70 -162704.45
V 20344 -739815.95 -162702.37
V 20352 -739810.28 -162696.70
V 20360 -739808.20 -162688.95
V 20368 -739808.20 -162617.95
V 20376 -739810.28 -162610.20
V 20384 -739815.95 -162604.53
V 20392 -739823.70 -162602.45
V 20400 -739923.20 -162602.45
V 20408 -739923.20 -162562.45
V 20416 -739823.70 -162562.45
V 20424 -739815.95 -162560.37
V 20432 -739810.28 -162554.70
V 20440 -739808.20 -162546.95
V 20448 -739808.20 -162475.95
V 20456 -739810.28 -162468.20
V 20464 -739815.95 -162462.53
V 20472 -739823.70 -162460.45
V 20480 -739923.20 -162460.45
V 20488 -739923.20 -162420.45
V 20496 -739823.70 -162420.45
V 20504 -739815.95 -162418.37
V 20512 -739810.28 -162412.70
V 20520 -739808.20 -162404.95
V 20528 -739808.20 -162333.95
V 20536 -739810.28 -162326.20
V 20544 -739815.95 -162320.53
V 20552 -739823.70 -162318.45
V 20560 -739923.20 -162318.45
V 20568 -739923.20 -162278.45
V 20576 -739823.70 -162278.45
V 20584 -739815.95 -162276.37
V 20592 -739810.28 -162270.70
V 20600 -739808.20 -162262.95
V 20608 -739808.20 -162191.95
V 20616 -739810.28 -162184.20
V 20624 -739815.95 -162178.53
V 20632 -739823.70 -162176.45
V 20640 -739923.20 -162176.45
V 20648 -739923.20 -162136.45
V 20656 -739823.70 -162136.45
V 20664 -739815.95 -162134.37
V 20672 -739810.28 -162128.70
V 20680 -739808.20 -162120.95
V 20688 -739808.20 -162049.95
V 20696 -739810.28 -162042.20
V 20704 -739815.95 -162036.53
V 20712 -739823.70 -162034.45
V 20720 -739923.20 -162034.45
V 20728 -739923.20 -161994.45
V 20736 -739823.70 -161994.45
V 20744 -739815.95 -161992.37
V 20752 -739810.28 -161986.70
V 20760 -739808.20 -161978.95
V 20768 -739808.20 -161907.95
V 20776 -739810.28 -161900.20
V 20784 -739815.95 -161894.53
V 20792 -739823.70 -161892.45
V 20800 -739923.20 -161892.45
V 20808 -739923.20 -161852.45
V 20816 -739823.70 -161852.45
V 20824 -739815.95 -161850.37
V 20832 -739810.28 -161844.70
V 20840 -739808.20 -161836.95
V 20848 -739808.20 -161765.95
V 20856 -739810.28 -161758.20
V 20864 -739815.95 -161752.53
V 20872 -739823.70 -161750.45
V 20880 -739923.20 -161750.45
V 20888 -739923.20 -161710.45
V 20896 -739823.70 -161710.45
V 20904 -739815.95 -161708.37
V 20912 -739810.28 -161702.70
V 20920 -739808.20 -161694.95
V 20928 -739808.20 -161623.95
V 20936 -739810.28 -161616.20
V 20944 -739815.95 -161610.53
V 20952 -739823.70 -161608.45
V 20960 -739923.20 -161608.45
V 20968 -739923.20 -161568.45
V 20976 -739823.70 -161568.45
V 20984 -739815.95 -161566.37
V 20992 -739810.28 -161560.70
V 21000 -739808.20 -161552.95
V 21008 -739808.20 -161481.95
V 21016 -739810.28 -161474.20
V 21024 -739815.95 -161468.53
V 21032 -739823.70 -161466.45
V 21040 -739923.20 -161466.45
V 21048 -739923.20 -161426.45
V 21056 -739823.70 -161426.45
V 21064 -739815.95 -161424.37
V 21072 -739810.28 -161418.70
V 21080 -739808.20 -161410.95
V 21088 -739808.20 -161339.95
V 21096 -739810.28 -161332.20
V 21104 -739815.95 -161326.53
V 21112 -739823.70 -161324.45
V 21120 -739923.20 -161324.45
V 21128 -739923.20 -161284.45
V 21136 -739823.70 -161284.45
V 21144 -739815.95 -161282.37
V 21152 -739810.28 -161276.70
V 21160 -739808.20 -161268.95
V 21168 -739808.20 -161197.95
V 21176 -739810.28 -161190.20
V 21184 -739815.95 -161184.53
V 21192 -739823.70 -161182.45
V 21200 -739923.20 -161182.45
V 21208 -739923.20 -161142.45
V 21216 -739823.70 -161142.45
V 21224 -739815.95 -161140.37
V 21232 -739810.28 -161134.70
V 21240 -739808.20 -161126.95
V 21248 -739808.20 -161055.95
V 21256 -739810.28 -161048.20
V 21264 -739815.95 -161042.53
V 21272 -739823.70 -161040.45
V 21280 -739923.20 -161040.45
V 21288 -739923.20 -161000.45
V 21296 -739823.70 -161000.45
V 21304 -739815.95 -160998.37
V 21312 -739810.28 -160992.70
V 21320 -739808.20 -160984.95
V 21328 -739808.20 -160913.95
V 21336 -739810.28 -160906.20
V 21344 -739815.95 -160900.53
V 21352 -739823.70 -160898.45
V 21360 -739923.20 -160898.45
V 21368 -739923.20 -160858.45
V 21376 -739823.70 -160858.45
V 21384 -739815.95 -160856.37
V 21392 -739810.28 -160850.70
V 21400 -739808.20 -160842.95
V 21408 -739808.20 -160771.95
V 21416 -739810.28 -160764.20
V 21424 -739815.95 -160758.53
V 21432 -739823.70 -160756.45
V 21440 -739923.20 -160756.45
V 21448 -739923.20 -160716.45
V 21456 -739823.70 -160716.45
V 21464 -739815.95 -160714.37
V 21472 -739810.28 -160708.70
V 21480 -739808.20 -160700.95
V 21488 -739808.20 -160629.95
V 21496 -739810.28 -160622.20
V 21504 -739815.95 -160616.53
V 21512 -739823.70 -160614.45
V 21520 -739923.20 -160614.45
V 21528 -739923.20 -160574.45
V 21536 -739823.70 -160574.45
V 21544 -739815.95 -160572.37
V 21552 -739810.28 -160566.70
V 21560 -739808.20 -160558.95
V 21568 -739808.20 -160487.95
V 21576 -739810.28 -160480.20
V 21584 -739815.95 -160474.53
V 21592 -739823.70 -160472.45
V 21600 -739923.20 -160472.45
V 21608 -739923.20 -160432.45
V 21616 -739823.70 -160432.45
V 21624 -739815.95 -160430.37
V 21632 -739810.28 -160424.70
V 21640 -739808.20 -160416.95
V 21648 -739808.20 -160345.95
V 21656 -739810.28 -160338.20
V 21664 -739815.95 -160332.53
V 21672 -739823.70 -160330.45
V 21680 -739923.20 -160330.45
V 21688 -739923.20 -160290.45
V 21696 -739823.70 -160290.45
V 21704 -739815.95 -160288.37
V 21712 -739810.28 -160282.70
V 21720 -739808.20 -160274.95
V 21728 -739808.20 -160203.95
V 21736 -739810.28 -160196.20
V 21744 -739815.95 -160190.53
V 21752 -739823.70 -160188.45
V 21760 -739923.20 -160188.45
V 21768 -739923.20 -160148.45
V 21776 -739823.70 -160148.45
V 21784 -739815.95 -160146.37
V 21792 -739810.28 -160140.70
V 21800 -739808.20 -160132.95
V 21808 -739808.20 -160061.95
V 21816 -739810.28 -160054.20
V 21824 -739815.95 -160048.53
V 21832 -739823.70 -160046.45
V 21840 -739923.20 -160046.45
V 21848 -739923.20 -160006.45
V 21856 -739823.70 -160006.45
V 21864 -739815.95 -160004.37
V 21872 -739810.28 -159998.70
V 21880 -739808.20 -159990.95
V 21888 -739808.20 -159919.95
V 21896 -739810.28 -159912.20
V 21904 -739815.95 -159906.53
V 21912 -739823.70 -159904.45
V 21920 -739923.20 -159904.45
V 21928 -739923.20 -159864.45
V 21936 -739823.70 -159864.45
V 21944 -739815.95 -159862.37
V 21952 -739810.28 -159856.70
V 21960 -739808.20 -159848.95
V 21968 -739808.20 -159777.95
V 21976 -739810.28 -159770.20
V 21984 -739815.95 -159764.53
V 21992 -739823.70 -159762.45
V 22000 -739923.20 -159762.45
V 22008 -739923.20 -159722.45
V 22016 -739823.70 -159722.45
V 22024 -739815.95 -159720.37
V 22032 -739810.28 -159714.70
V 22040 -739808.20 -159706.95
V 22048 -739808.20 -159635.95
V 22056 -739810.28 -159628.20
V 22064 -739815.95 -159622.53
V 22072 -739823.70 -159620.45
V 22080 -739923.20 -159620.45
V 22088 -739923.20 -159580.45
V 22096 -739823.70 -159580.45
V 22104 -739815.95 -159578.37
V 22112 -739810.28 -159572.70
V 22120 -739808.20 -159564.95
V 22128 -739808.20 -159493.95
V 22136 -739810.28 -159486.20
V 22144 -739815.95 -159480.53
V 22152 -739823.70 -159478.45
V 22160 -739923.20 -159478.45
V 22168 -739923.20 -159438.45
V 22176 -739823.70 -159438.45
V 22184 -739815.95 -159436.37
V 22192 -739810.28 -159430.70
V 22200 -739808.20 -159422.95
V 22208 -739808.20 -159351.95
V 22216 -739810.28 -159344.20
V 22224 -739815.95 -159338.53
V 22232 -739823.70 -159336.45
V 22240 -739923.20 -159336.45
V 22248 -739923.20 -159296.45
V 22256 -739823.70 -159296.45
V 22264 -739815.95 -159294.37
V 22272 -739810.28 -159288.70
V 22280 -739808.20 -159280.95
V 22288 -739808.20 -159209.95
V 22296 -739810.28 -159202.20
V 22304 -739815.95 -159196.53
V 22312 -739823.70 -159194.45
V 22320 -739923.20 -159194.45
V 22328 -739923.20 -159154.45
V 22336 -739823.70 -159154.45
V 22344 -739815.95 -159152.37
V 22352 -739810.28 -159146.70
V 22360 -739808.20 -159138.95
V 22368 -739808.20 -159067.95
V 22376 -739810.28 -159060.20
V 22384 -739815.95 -159054.53
V 22392 -739823.70 -159052.45
V 22400 -739923.20 -159052.45
V 22408 -739923.20 -159012.45
V 22416 -739823.70 -159012.45
V 22424 -739815.95 -159010.37
V 22432 -739810.28 -159004.70
V 22440 -739808.20 -158996.95
V 22448 -739808.20 -158925.95
V 22456 -739810.28 -158918.20
V 22464 -739815.95 -158912.53
V 22472 -739823.70 -158910.45
V 22480 -739923.20 -158910.45
V 22488 -739923.20 -158870.45
V 22496 -739823.70 -158870.45
V 22504 -739815.95 -158868.37
V 22512 -739810.28 -158862.70
V 22520 -739808.20 -158854.95
V 22528 -739808.20 -158783.95
V 22536 -739810.28 -158776.20
V 22544 -739815.95 -158770.53
V 22552 -739823.70 -158768.45
V 22560 -739923.20 -158768.45
V 22568 -739923.20 -158728.45
V 22576 -739839.16 -158728.45
V 22584 -739831.41 -158726.37
V 22592 -739825.74 -158720.70
V 22600 -739823.66 -158712.95
V 22608 -739823.66 -158641.95
V 22616 -739825.74 -158634.20
V 22624 -739831.41 -158628.53
V 22632 -739839.16 -158626.45
V 22640 -739865.70 -158626.45
V 22648 -739865.70 -158525.26
V 22656 -739700.31 -158497.18
V 22664 -739045.73 -158386.03
V 22672 -738187.23 -158240.26
V 22680 -738030.38 -158213.62
V 22688 -737806.50 -158175.60
V 22696 -737578.18 -158136.84
V 22704 -737328.40 -158094.42
V 22712 -737113.57 -158057.95
V 22720 -737072.31 -158050.94
V 22728 -736475.42 -157949.58
V 22736 -735785.20 -157832.39
V 22744 -735552.90 -157792.94
V 22752 -735353.91 -157759.15
V 22760 -735352.84 -157758.93
V 22768 -735351.80 -157758.64
V 22776 -735350.77 -157758.27
V 22784 -735349.78 -157757.84
V 22792 -735348.82 -157757.33
V 22800 -735347.89 -157756.76
V 22808 -735347.01 -157756.13
V 22816 -735346.17 -157755.43
V 22824 -735345.39 -157754.68
V 22832 -735344.66 -157753.87
V 22840 -735343.99 -157753.02
V 22848 -735343.38 -157752.12
V 22856 -735342.83 -157751.18
V 22864 -735342.35 -157750.20
V 22872 -735341.94 -157749.20
V 22880 -735341.61 -157748.16
V 22888 -735341.34 -157747.11
V 22896 -735341.15 -157746.04
V 22904 -735341.04 -157744.96
V 22912 -735341.00 -157743.87
V 22920 -735341.00 -157719.35
