V 0 -691635.00 -157719.35
V 8 -691635.00 -157730.78
V 16 -692186.32 -157824.40
V 24 -692684.87 -157909.05
V 32 -692899.69 -157945.53
V 40 -693149.46 -157987.94
V 48 -693601.66 -158064.73
V 56 -693814.97 -158100.95
V 64 -694330.32 -158188.45
V 72 -695007.88 -158303.50
V 80 -695222.71 -158339.98
V 88 -695472.48 -158382.39
V 96 -695635.60 -158410.09
V 104 -696136.31 -158495.11
V 112 -696285.35 -158520.42
V 120 -697110.63 -158660.56
V 128 -698766.75 -158941.77
V 136 -699693.71 -159099.17
V 144 -699983.59 -159148.39
V 152 -701940.47 -159480.67
V 160 -703435.88 -159734.60
V 168 -703803.09 -159796.95
V 176 -706123.16 -160190.90
V 184 -707218.81 -160376.95
V 192 -708312.99 -160562.74
V 200 -709397.01 -160746.81
V 208 -710312.16 -160902.20
V 216 -711377.55 -161083.11
V 224 -711484.24 -161101.22
V 232 -711518.80 -161107.09
V 240 -711525.41 -161109.90
V 248 -711530.04 -161115.39
V 256 -711531.70 -161122.37
V 264 -711531.70 -161253.45
V 272 -711573.70 -161253.45
V 280 -711581.45 -161255.53
V 288 -711587.12 -161261.20
V 296 -711589.20 -161268.95
V 304 -711589.20 -161339.95
V 312 -711587.12 -161347.70
V 320 -711581.45 -161353.37
V 328 -711573.70 -161355.45
V 336 -711474.20 -161355.45
V 344 -711474.20 -161395.45
V 352 -711573.70 -161395.45
V 360 -711581.45 -161397.53
V 368 -711587.12 -161403.20
V 376 -711589.20 -161410.95
V 384 -711589.20 -161481.95
V 392 -711587.12 -161489.70
V 400 -711581.45 -161495.37
V 408 -711573.70 -161497.45
V 416 -711474.20 -161497.45
V 424 -711474.20 -161537.45
V 432 -711573.70 -161537.45
V 440 -711581.45 -161539.53
V 448 -711587.12 -161545.20
V 456 -711589.20 -161552.95
V 464 -711589.20 -161623.95
V 472 -711587.12 -161631.70
V 480 -711581.45 -161637.37
V 488 -711573.70 -161639.45
V 496 -711474.20 -161639.45
V 504 -711474.20 -161679.45
V 512 -711573.70 -161679.45
V 520 -711581.45 -161681.53
V 528 -711587.12 -161687.20
V 536 -711589.20 -161694.95
V 544 -711589.20 -161765.95
V 552 -711587.12 -161773.70
V 560 -711581.45 -161779.37
V 568 -711573.70 -161781.45
V 576 -711474.20 -161781.45
V 584 -711474.20 -161821.45
V 592 -711573.70 -161821.45
V 600 -711581.45 -161823.53
V 608 -711587.12 -161829.20
V 616 -711589.20 -161836.95
V 624 -711589.20 -161907.95
V 632 -711587.12 -161915.70
V 640 -711581.45 -161921.37
V 648 -711573.70 -161923.45
V 656 -711474.20 -161923.45
V 664 -711474.20 -161963.45
V 672 -711573.70 -161963.45
V 680 -711581.45 -161965.53
V 688 -711587.12 -161971.20
V 696 -711589.20 -161978.95
V 704 -711589.20 -162049.95
V 712 -711587.12 -162057.70
V 720 -711581.45 -162063.37
V 728 -711573.70 -162065.45
V 736 -711474.20 -162065.45
V 744 -711474.20 -162105.45
V 752 -711573.70 -162105.45
V 760 -711581.45 -162107.53
V 768 -711587.12 -162113.20
V 776 -711589.20 -162120.95
V 784 -711589.20 -162191.95
V 792 -711587.12 -162199.70
V 800 -711581.45 -162205.37
V 808 -711573.70 -162207.45
V 816 -711474.20 -162207.45
V 824 -711474.20 -162247.45
V 832 -711573.70 -162247.45
V 840 -711581.45 -162249.53
V 848 -711587.12 -162255.20
V 856 -711589.20 -162262.95
V 864 -711589.20 -162333.95
V 872 -711587.12 -162341.70
V 880 -711581.45 -162347.37
V 888 -711573.70 -162349.45
V 896 -711474.20 -162349.45
V 904 -711474.20 -162389.45
V 912 -711573.70 -162389.45
V 920 -711581.45 -162391.53
V 928 -711587.12 -162397.20
V 936 -711589.20 -162404.95
V 944 -711589.20 -162475.95
V 952 -711587.12 -162483.70
V 960 -711581.45 -162489.37
V 968 -711573.70 -162491.45
V 976 -711474.20 -162491.45
V 984 -711474.20 -162531.45
V 992 -711573.70 -162531.45
V 1000 -711581.45 -162533.53
V 1008 -711587.12 -162539.20
V 1016 -711589.20 -162546.95
V 1024 -711589.20 -162617.95
V 1032 -711587.12 -162625.70
V 1040 -711581.45 -162631.37
V 1048 -711573.70 -162633.45
V 1056 -711474.20 -162633.45
V 1064 -711474.20 -162673.45
V 1072 -711573.70 -162673.45
V 1080 -711581.45 -162675.53
V 1088 -711587.12 -162681.20
V 1096 -711589.20 -162688.95
V 1104 -711589.20 -162759.95
V 1112 -711587.12 -162767.70
V 1120 -711581.45 -162773.37
V 1128 -711573.70 -162775.45
V 1136 -711474.20 -162775.45
V 1144 -711474.20 -162815.45
V 1152 -711573.70 -162815.45
V 1160 -711581.45 -162817.53
V 1168 -711587.12 -162823.20
V 1176 -711589.20 -162830.95
V 1184 -711589.20 -162901.95
V 1192 -711587.12 -162909.70
V 1200 -711581.45 -162915.37
V 1208 -711573.70 -162917.45
V 1216 -711474.20 -162917.45
V 1224 -711474.20 -162957.45
V 1232 -711573.70 -162957.45
V 1240 -711581.45 -162959.53
V 1248 -711587.12 -162965.20
V 1256 -711589.20 -162972.95
V 1264 -711589.20 -163043.95
V 1272 -711587.12 -163051.70
V 1280 -711581.45 -163057.37
V 1288 -711573.70 -163059.45
V 1296 -711474.20 -163059.45
V 1304 -711474.20 -163099.45
V 1312 -711573.70 -163099.45
V 1320 -711581.45 -163101.53
V 1328 -711587.12 -163107.20
V 1336 -711589.20 -163114.95
V 1344 -711589.20 -163185.95
V 1352 -711587.12 -163193.70
V 1360 -711581.45 -163199.37
V 1368 -711573.70 -163201.45
V 1376 -711474.20 -163201.45
V 1384 -711474.20 -163241.45
V 1392 -711573.70 -163241.45
V 1400 -711581.45 -163243.53
V 1408 -711587.12 -163249.20
V 1416 -711589.20 -163256.95
V 1424 -711589.20 -163327.95
V 1432 -711587.12 -163335.70
V 1440 -711581.45 -163341.37
V 1448 -711573.70 -163343.45
V 1456 -711474.20 -163343.45
V 1464 -711474.20 -163383.45
V 1472 -711573.70 -163383.45
V 1480 -711581.45 -163385.53
V 1488 -711587.12 -163391.20
V 1496 -711589.20 -163398.95
V 1504 -711589.20 -163469.95
V 1512 -711587.12 -163477.70
V 1520 -711581.45 -163483.37
V 1528 -711573.70 -163485.45
V 1536 -711474.20 -163485.45
V 1544 -711474.20 -163525.45
V 1552 -711573.70 -163525.45
V 1560 -711581.45 -163527.53
V 1568 -711587.12 -163533.20
V 1576 -711589.20 -163540.95
V 1584 -711589.20 -163611.95
V 1592 -711587.12 -163619.70
V 1600 -711581.45 -163625.37
V 1608 -711573.70 -163627.45
V 1616 -711474.20 -163627.45
V 1624 -711474.20 -163667.45
V 1632 -711573.70 -163667.45
V 1640 -711581.45 -163669.53
V 1648 -711587.12 -163675.20
V 1656 -711589.20 -163682.95
V 1664 -711589.20 -163753.95
V 1672 -711587.12 -163761.70
V 1680 -711581.45 -163767.37
V 1688 -711573.70 -163769.45
V 1696 -711474.20 -163769.45
V 1704 -711474.20 -163809.45
V 1712 -711573.70 -163809.45
V 1720 -711581.45 -163811.53
V 1728 -711587.12 -163817.20
V 1736 -711589.20 -163824.95
V 1744 -711589.20 -163895.95
V 1752 -711587.12 -163903.70
V 1760 -711581.45 -163909.37
V 1768 -711573.70 -163911.45
V 1776 -711474.20 -163911.45
V 1784 -711474.20 -163951.45
V 1792 -711573.70 -163951.45
V 1800 -711581.45 -163953.53
V 1808 -711587.12 -163959.20
V 1816 -711589.20 -163966.95
V 1824 -711589.20 -164037.95
V 1832 -711587.12 -164045.70
V 1840 -711581.45 -164051.37
V 1848 -711573.70 -164053.45
V 1856 -711474.20 -164053.45
V 1864 -711474.20 -164093.45
V 1872 -711573.70 -164093.45
V 1880 -711581.45 -164095.53
V 1888 -711587.12 -164101.20
V 1896 -711589.20 -164108.95
V 1904 -711589.20 -164179.95
V 1912 -711587.12 -164187.70
V 1920 -711581.45 -164193.37
V 1928 -711573.70 -164195.45
V 1936 -711474.20 -164195.45
V 1944 -711474.20 -164235.45
V 1952 -711573.70 -164235.45
V 1960 -711581.45 -164237.53
V 1968 -711587.12 -164243.20
V 1976 -711589.20 -164250.95
V 1984 -711589.20 -164321.95
V 1992 -711587.12 -164329.70
V 2000 -711581.45 -164335.37
V 2008 -711573.70 -164337.45
V 2016 -711474.20 -164337.45
V 2024 -711474.20 -164377.45
V 2032 -711573.70 -164377.45
V 2040 -711581.45 -164379.53
V 2048 -711587.12 -164385.20
V 2056 -711589.20 -164392.95
V 2064 -711589.20 -164463.95
V 2072 -711587.12 -164471.70
V 2080 -711581.45 -164477.37
V 2088 -711573.70 -164479.45
V 2096 -711474.20 -164479.45
V 2104 -711474.20 -164519.45
V 2112 -711573.70 -164519.45
V 2120 -711581.45 -164521.53
V 2128 -711587.12 -164527.20
V 2136 -711589.20 -164534.95
V 2144 -711589.20 -164605.95
V 2152 -711587.12 -164613.70
V 2160 -711581.45 -164619.37
V 2168 -711573.70 -164621.45
V 2176 -711474.20 -164621.45
V 2184 -711474.20 -164661.45
V 2192 -711573.70 -164661.45
V 2200 -711581.45 -164663.53
V 2208 -711587.12 -164669.20
V 2216 -711589.20 -164676.95
V 2224 -711589.20 -164747.95
V 2232 -711587.12 -164755.70
V 2240 -711581.45 -164761.37
V 2248 -711573.70 -164763.45
V 2256 -711474.20 -164763.45
V 2264 -711474.20 -164803.45
V 2272 -711573.70 -164803.45
V 2280 -711581.45 -164805.53
V 2288 -711587.12 -164811.20
V 2296 -711589.20 -164818.95
V 2304 -711589.20 -164889.95
V 2312 -711587.12 -164897.70
V 2320 -711581.45 -164903.37
V 2328 -711573.70 -164905.45
V 2336 -711474.20 -164905.45
V 2344 -711474.20 -164945.45
V 2352 -711573.70 -164945.45
V 2360 -711581.45 -164947.53
V 2368 -711587.12 -164953.20
V 2376 -711589.20 -164960.95
V 2384 -711589.20 -165031.95
V 2392 -711587.12 -165039.70
V 2400 -711581.45 -165045.37
V 2408 -711573.70 -165047.45
V 2416 -711474.20 -165047.45
V 2424 -711474.20 -165087.45
V 2432 -711573.70 -165087.45
V 2440 -711581.45 -165089.53
V 2448 -711587.12 -165095.20
V 2456 -711589.20 -165102.95
V 2464 -711589.20 -165173.95
V 2472 -711587.12 -165181.70
V 2480 -711581.45 -165187.37
V 2488 -711573.70 -165189.45
V 2496 -711474.20 -165189.45
V 2504 -711474.20 -165229.45
V 2512 -711573.70 -165229.45
V 2520 -711581.45 -165231.53
V 2528 -711587.12 -165237.20
V 2536 -711589.20 -165244.95
V 2544 -711589.20 -165315.95
V 2552 -711587.12 -165323.70
V 2560 -711581.45 -165329.37
V 2568 -711573.70 -165331.45
V 2576 -711474.20 -165331.45
V 2584 -711474.20 -165371.45
V 2592 -711573.70 -165371.45
V 2600 -711581.45 -165373.53
V 2608 -711587.12 -165379.20
V 2616 -711589.20 -165386.95
V 2624 -711589.20 -165457.95
V 2632 -711587.12 -165465.70
V 2640 -711581.45 -165471.37
V 2648 -711573.70 -165473.45
V 2656 -711474.20 -165473.45
V 2664 -711474.20 -165513.45
V 2672 -711573.70 -165513.45
V 2680 -711581.45 -165515.53
V 2688 -711587.12 -165521.20
V 2696 -711589.20 -165528.95
V 2704 -711589.20 -165599.95
V 2712 -711587.12 -165607.70
V 2720 -711581.45 -165613.37
V 2728 -711573.70 -165615.45
V 2736 -711474.20 -165615.45
V 2744 -711474.20 -165655.45
V 2752 -711573.70 -165655.45
V 2760 -711581.45 -165657.53
V 2768 -711587.12 -165663.20
V 2776 -711589.20 -165670.95
V 2784 -711589.20 -165741.95
V 2792 -711587.12 -165749.70
V 2800 -711581.45 -165755.37
V 2808 -711573.70 -165757.45
V 2816 -711474.20 -165757.45
V 2824 -711474.20 -165797.45
V 2832 -711573.70 -165797.45
V 2840 -711581.45 -165799.53
V 2848 -711587.12 -165805.20
V 2856 -711589.20 -165812.95
V 2864 -711589.20 -165883.95
V 2872 -711587.12 -165891.70
V 2880 -711581.45 -165897.37
V 2888 -711573.70 -165899.45
V 2896 -711474.20 -165899.45
V 2904 -711474.20 -165939.45
V 2912 -711573.70 -165939.45
V 2920 -711581.45 -165941.53
V 2928 -711587.12 -165947.20
V 2936 -711589.20 -165954.95
V 2944 -711589.20 -166025.95
V 2952 -711587.12 -166033.70
V 2960 -711581.45 -166039.37
V 2968 -711573.70 -166041.45
V 2976 -711474.20 -166041.45
V 2984 -711474.20 -166081.45
V 2992 -711573.70 -166081.45
V 3000 -711581.45 -166083.53
V 3008 -711587.12 -166089.20
V 3016 -711589.20 -166096.95
V 3024 -711589.20 -166167.95
V 3032 -711587.12 -166175.70
V 3040 -711581.45 -166181.37
V 3048 -711573.70 -166183.45
V 3056 -711474.20 -166183.45
V 3064 -711474.20 -166223.45
V 3072 -711573.70 -166223.45
V 3080 -711581.45 -166225.53
V 3088 -711587.12 -166231.20
V 3096 -711589.20 -166238.95
V 3104 -711589.20 -166309.95
V 3112 -711587.12 -166317.70
V 3120 -711581.45 -166323.37
V 3128 -711573.70 -166325.45
V 3136 -711474.20 -166325.45
V 3144 -711474.20 -166365.45
V 3152 -711573.70 -166365.45
V 3160 -711581.45 -166367.53
V 3168 -711587.12 -166373.20
V 3176 -711589.20 -166380.95
V 3184 -711589.20 -166451.95
V 3192 -711587.12 -166459.70
V 3200 -711581.45 -166465.37
V 3208 -711573.70 -166467.45
V 3216 -711474.20 -166467.45
V 3224 -711474.20 -166507.45
V 3232 -711573.70 -166507.45
V 3240 -711581.45 -166509.53
V 3248 -711587.12 -166515.20
V 3256 -711589.20 -166522.95
V 3264 -711589.20 -166593.95
V 3272 -711587.12 -166601.70
V 3280 -711581.45 -166607.37
V 3288 -711573.70 -166609.45
V 3296 -711474.20 -166609.45
V 3304 -711474.20 -166649.45
V 3312 -711573.70 -166649.45
V 3320 -711581.45 -166651.53
V 3328 -711587.12 -166657.20
V 3336 -711589.20 -166664.95
V 3344 -711589.20 -166735.95
V 3352 -711587.12 -166743.70
V 3360 -711581.45 -166749.37
V 3368 -711573.70 -166751.45
V 3376 -711474.20 -166751.45
V 3384 -711474.20 -166791.45
V 3392 -711573.70 -166791.45
V 3400 -711581.45 -166793.53
V 3408 -711587.12 -166799.20
V 3416 -711589.20 -166806.95
V 3424 -711589.20 -166877.95
V 3432 -711587.12 -166885.70
V 3440 -711581.45 -166891.37
V 3448 -711573.70 -166893.45
V 3456 -711474.20 -166893.45
V 3464 -711474.20 -166933.45
V 3472 -711573.70 -166933.45
V 3480 -711581.45 -166935.53
V 3488 -711587.12 -166941.20
V 3496 -711589.20 -166948.95
V 3504 -711589.20 -167019.95
V 3512 -711587.12 -167027.70
V 3520 -711581.45 -167033.37
V 3528 -711573.70 -167035.45
V 3536 -711474.20 -167035.45
V 3544 -711474.20 -167075.45
V 3552 -711573.70 -167075.45
V 3560 -711581.45 -167077.53
V 3568 -711587.12 -167083.20
V 3576 -711589.20 -167090.95
V 3584 -711589.20 -167161.95
V 3592 -711587.12 -167169.70
V 3600 -711581.45 -167175.37
V 3608 -711573.70 -167177.45
V 3616 -711474.20 -167177.45
V 3624 -711474.20 -167217.45
V 3632 -711573.70 -167217.45
V 3640 -711581.45 -167219.53
V 3648 -711587.12 -167225.20
V 3656 -711589.20 -167232.95
V 3664 -711589.20 -167303.95
V 3672 -711587.12 -167311.70
V 3680 -711581.45 -167317.37
V 3688 -711573.70 -167319.45
V 3696 -711474.20 -167319.45
V 3704 -711474.20 -167359.45
V 3712 -711573.70 -167359.45
V 3720 -711581.45 -167361.53
V 3728 -711587.12 -167367.20
V 3736 -711589.20 -167374.95
V 3744 -711589.20 -167445.95
V 3752 -711587.12 -167453.70
V 3760 -711581.45 -167459.37
V 3768 -711573.70 -167461.45
V 3776 -711474.20 -167461.45
V 3784 -711474.20 -167501.45
V 3792 -711573.70 -167501.45
V 3800 -711581.45 -167503.53
V 3808 -711587.12 -167509.20
V 3816 -711589.20 -167516.95
V 3824 -711589.20 -167587.95
V 3832 -711587.12 -167595.70
V 3840 -711581.45 -167601.37
V 3848 -711573.70 -167603.45
V 3856 -711474.20 -167603.45
V 3864 -711474.20 -167643.45
V 3872 -711573.70 -167643.45
V 3880 -711581.45 -167645.53
V 3888 -711587.12 -167651.20
V 3896 -711589.20 -167658.95
V 3904 -711589.20 -167729.95
V 3912 -711587.12 -167737.70
V 3920 -711581.45 -167743.37
V 3928 -711573.70 -167745.45
V 3936 -711474.20 -167745.45
V 3944 -711474.20 -167785.45
V 3952 -711573.70 -167785.45
V 3960 -711581.45 -167787.53
V 3968 -711587.12 -167793.20
V 3976 -711589.20 -167800.95
V 3984 -711589.20 -167871.95
V 3992 -711587.12 -167879.70
V 4000 -711581.45 -167885.37
V 4008 -711573.70 -167887.45
V 4016 -711474.20 -167887.45
V 4024 -711474.20 -167927.45
V 4032 -711573.70 -167927.45
V 4040 -711581.45 -167929.53
V 4048 -711587.12 -167935.20
V 4056 -711589.20 -167942.95
V 4064 -711589.20 -168013.95
V 4072 -711587.12 -168021.70
V 4080 -711581.45 -168027.37
V 4088 -711573.70 -168029.45
V 4096 -711474.20 -168029.45
V 4104 -711474.20 -168069.45
V 4112 -711573.70 -168069.45
V 4120 -711581.45 -168071.53
V 4128 -711587.12 -168077.20
V 4136 -711589.20 -168084.95
V 4144 -711589.20 -168155.95
V 4152 -711587.12 -168163.70
V 4160 -711581.45 -168169.37
V 4168 -711573.70 -168171.45
V 4176 -711474.20 -168171.45
V 4184 -711474.20 -168211.45
V 4192 -711573.70 -168211.45
V 4200 -711581.45 -168213.53
V 4208 -711587.12 -168219.20
V 4216 -711589.20 -168226.95
V 4224 -711589.20 -168297.95
V 4232 -711587.12 -168305.70
V 4240 -711581.45 -168311.37
V 4248 -711573.70 -168313.45
V 4256 -711474.20 -168313.45
V 4264 -711474.20 -168353.45
V 4272 -711573.70 -168353.45
V 4280 -711581.45 -168355.53
V 4288 -711587.12 -168361.20
V 4296 -711589.20 -168368.95
V 4304 -711589.20 -168439.95
V 4312 -711587.12 -168447.70
V 4320 -711581.45 -168453.37
V 4328 -711573.70 -168455.45
V 4336 -711474.20 -168455.45
V 4344 -711474.20 -168495.45
V 4352 -711573.70 -168495.45
V 4360 -711581.45 -168497.53
V 4368 -711587.12 -168503.20
V 4376 -711589.20 -168510.95
V 4384 -711589.20 -168581.95
V 4392 -711587.12 -168589.70
V 4400 -711581.45 -168595.37
V 4408 -711573.70 -168597.45
V 4416 -711474.20 -168597.45
V 4424 -711474.20 -168637.45
V 4432 -711573.70 -168637.45
V 4440 -711581.45 -168639.53
V 4448 -711587.12 -168645.20
V 4456 -711589.20 -168652.95
V 4464 -711589.20 -168723.95
V 4472 -711587.12 -168731.70
V 4480 -711581.45 -168737.37
V 4488 -711573.70 -168739.45
V 4496 -711474.20 -168739.45
V 4504 -711474.20 -168779.45
V 4512 -711573.70 -168779.45
V 4520 -711581.45 -168781.53
V 4528 -711587.12 -168787.20
V 4536 -711589.20 -168794.95
V 4544 -711589.20 -168865.95
V 4552 -711587.12 -168873.70
V 4560 -711581.45 -168879.37
V 4568 -711573.70 -168881.45
V 4576 -711474.20 -168881.45
V 4584 -711474.20 -168921.45
V 4592 -711573.70 -168921.45
V 4600 -711581.45 -168923.53
V 4608 -711587.12 -168929.20
V 4616 -711589.20 -168936.95
V 4624 -711589.20 -169007.95
V 4632 -711587.12 -169015.70
V 4640 -711581.45 -169021.37
V 4648 -711573.70 -169023.45
V 4656 -711474.20 -169023.45
V 4664 -711474.20 -169063.45
V 4672 -711573.70 -169063.45
V 4680 -711581.45 -169065.53
V 4688 -711587.12 -169071.20
V 4696 -711589.20 -169078.95
V 4704 -711589.20 -169149.95
V 4712 -711587.12 -169157.70
V 4720 -711581.45 -169163.37
V 4728 -711573.70 -169165.45
V 4736 -711474.20 -169165.45
V 4744 -711474.20 -169205.45
V 4752 -711573.70 -169205.45
V 4760 -711581.45 -169207.53
V 4768 -711587.12 -169213.20
V 4776 -711589.20 -169220.95
V 4784 -711589.20 -169291.95
V 4792 -711587.12 -169299.70
V 4800 -711581.45 -169305.37
V 4808 -711573.70 -169307.45
V 4816 -711474.20 -169307.45
V 4824 -711474.20 -169347.45
V 4832 -711573.70 -169347.45
V 4840 -711581.45 -169349.53
V 4848 -711587.12 -169355.20
V 4856 -711589.20 -169362.95
V 4864 -711589.20 -169433.95
V 4872 -711587.12 -169441.70
V 4880 -711581.45 -169447.37
V 4888 -711573.70 -169449.45
V 4896 -711474.20 -169449.45
V 4904 -711474.20 -169489.45
V 4912 -711573.70 -169489.45
V 4920 -711581.45 -169491.53
V 4928 -711587.12 -169497.20
V 4936 -711589.20 -169504.95
V 4944 -711589.20 -169575.95
V 4952 -711587.12 -169583.70
V 4960 -711581.45 -169589.37
V 4968 -711573.70 -169591.45
V 4976 -711474.20 -169591.45
V 4984 -711474.20 -169631.45
V 4992 -711573.70 -169631.45
V 5000 -711581.45 -169633.53
V 5008 -711587.12 -169639.20
V 5016 -711589.20 -169646.95
V 5024 -711589.20 -169717.95
V 5032 -711587.12 -169725.70
V 5040 -711581.45 -169731.37
V 5048 -711573.70 -169733.45
V 5056 -711474.20 -169733.45
V 5064 -711474.20 -169773.45
V 5072 -711573.70 -169773.45
V 5080 -711581.45 -169775.53
V 5088 -711587.12 -169781.20
V 5096 -711589.20 -169788.95
V 5104 -711589.20 -169859.95
V 5112 -711587.12 -169867.70
V 5120 -711581.45 -169873.37
V 5128 -711573.70 -169875.45
V 5136 -711474.20 -169875.45
V 5144 -711474.20 -169915.45
V 5152 -711573.70 -169915.45
V 5160 -711581.45 -169917.53
V 5168 -711587.12 -169923.20
V 5176 -711589.20 -169930.95
V 5184 -711589.20 -170001.95
V 5192 -711587.12 -170009.70
V 5200 -711581.45 -170015.37
V 5208 -711573.70 -170017.45
V 5216 -711474.20 -170017.45
V 5224 -711474.20 -170057.45
V 5232 -711573.70 -170057.45
V 5240 -711581.45 -170059.53
V 5248 -711587.12 -170065.20
V 5256 -711589.20 -170072.95
V 5264 -711589.20 -170143.95
V 5272 -711587.12 -170151.70
V 5280 -711581.45 -170157.37
V 5288 -711573.70 -170159.45
V 5296 -711474.20 -170159.45
V 5304 -711474.20 -170199.45
V 5312 -711573.70 -170199.45
V 5320 -711581.45 -170201.53
V 5328 -711587.12 -170207.20
V 5336 -711589.20 -170214.95
V 5344 -711589.20 -170285.95
V 5352 -711587.12 -170293.70
V 5360 -711581.45 -170299.37
V 5368 -711573.70 -170301.45
V 5376 -711474.20 -170301.45
V 5384 -711474.20 -170341.45
V 5392 -711573.70 -170341.45
V 5400 -711581.45 -170343.53
V 5408 -711587.12 -170349.20
V 5416 -711589.20 -170356.95
V 5424 -711589.20 -170427.95
V 5432 -711587.12 -170435.70
V 5440 -711581.45 -170441.37
V 5448 -711573.70 -170443.45
V 5456 -711474.20 -170443.45
V 5464 -711474.20 -170483.45
V 5472 -711573.70 -170483.45
V 5480 -711581.45 -170485.53
V 5488 -711587.12 -170491.20
V 5496 -711589.20 -170498.95
V 5504 -711589.20 -170569.95
V 5512 -711587.12 -170577.70
V 5520 -711581.45 -170583.37
V 5528 -711573.70 -170585.45
V 5536 -711474.20 -170585.45
V 5544 -711474.20 -170625.45
V 5552 -711573.70 -170625.45
V 5560 -711581.45 -170627.53
V 5568 -711587.12 -170633.20
V 5576 -711589.20 -170640.95
V 5584 -711589.20 -170711.95
V 5592 -711587.12 -170719.70
V 5600 -711581.45 -170725.37
V 5608 -711573.70 -170727.45
V 5616 -711474.20 -170727.45
V 5624 -711474.20 -170767.45
V 5632 -711573.70 -170767.45
V 5640 -711581.45 -170769.53
V 5648 -711587.12 -170775.20
V 5656 -711589.20 -170782.95
V 5664 -711589.20 -170853.95
V 5672 -711587.12 -170861.70
V 5680 -711581.45 -170867.37
V 5688 -711573.70 -170869.45
V 5696 -711474.20 -170869.45
V 5704 -711474.20 -170909.45
V 5712 -711573.70 -170909.45
V 5720 -711581.45 -170911.53
V 5728 -711587.12 -170917.20
V 5736 -711589.20 -170924.95
V 5744 -711589.20 -170995.95
V 5752 -711587.12 -171003.70
V 5760 -711581.45 -171009.37
V 5768 -711573.70 -171011.45
V 5776 -711474.20 -171011.45
V 5784 -711474.20 -171051.45
V 5792 -711573.70 -171051.45
V 5800 -711581.45 -171053.53
V 5808 -711587.12 -171059.20
V 5816 -711589.20 -171066.95
V 5824 -711589.20 -171137.95
V 5832 -711587.12 -171145.70
V 5840 -711581.45 -171151.37
V 5848 -711573.70 -171153.45
V 5856 -711474.20 -171153.45
V 5864 -711474.20 -171193.45
V 5872 -711573.70 -171193.45
V 5880 -711581.45 -171195.53
V 5888 -711587.12 -171201.20
V 5896 -711589.20 -171208.95
V 5904 -711589.20 -171279.95
V 5912 -711587.12 -171287.70
V 5920 -711581.45 -171293.37
V 5928 -711573.70 -171295.45
V 5936 -711474.20 -171295.45
V 5944 -711474.20 -171335.45
V 5952 -711573.70 -171335.45
V 5960 -711581.45 -171337.53
V 5968 -711587.12 -171343.20
V 5976 -711589.20 -171350.95
V 5984 -711589.20 -171421.95
V 5992 -711587.12 -171429.70
V 6000 -711581.45 -171435.37
V 6008 -711573.70 -171437.45
V 6016 -711474.20 -171437.45
V 6024 -711474.20 -171477.45
V 6032 -711573.70 -171477.45
V 6040 -711581.45 -171479.53
V 6048 -711587.12 -171485.20
V 6056 -711589.20 -171492.95
V 6064 -711589.20 -171563.95
V 6072 -711587.12 -171571.70
V 6080 -711581.45 -171577.37
V 6088 -711573.70 -171579.45
V 6096 -711474.20 -171579.45
V 6104 -711474.20 -171619.45
V 6112 -711573.70 -171619.45
V 6120 -711581.45 -171621.53
V 6128 -711587.12 -171627.20
V 6136 -711589.20 -171634.95
V 6144 -711589.20 -171705.95
V 6152 -711587.12 -171713.70
V 6160 -711581.45 -171719.37
V 6168 -711573.70 -171721.45
V 6176 -711474.20 -171721.45
V 6184 -711474.20 -171761.45
V 6192 -711573.70 -171761.45
V 6200 -711581.45 -171763.53
V 6208 -711587.12 -171769.20
V 6216 -711589.20 -171776.95
V 6224 -711589.20 -171847.95
V 6232 -711587.12 -171855.70
V 6240 -711581.45 -171861.37
V 6248 -711573.70 -171863.45
V 6256 -711474.20 -171863.45
V 6264 -711474.20 -171903.45
V 6272 -711573.70 -171903.45
V 6280 -711581.45 -171905.53
V 6288 -711587.12 -171911.20
V 6296 -711589.20 -171918.95
V 6304 -711589.20 -171989.95
V 6312 -711587.12 -171997.70
V 6320 -711581.45 -172003.37
V 6328 -711573.70 -172005.45
V 6336 -711474.20 -172005.45
V 6344 -711474.20 -172045.45
V 6352 -711573.70 -172045.45
V 6360 -711581.45 -172047.53
V 6368 -711587.12 -172053.20
V 6376 -711589.20 -172060.95
V 6384 -711589.20 -172131.95
V 6392 -711587.12 -172139.70
V 6400 -711581.45 -172145.37
V 6408 -711573.70 -172147.45
V 6416 -711474.20 -172147.45
V 6424 -711474.20 -172187.45
V 6432 -711573.70 -172187.45
V 6440 -711581.45 -172189.53
V 6448 -711587.12 -172195.20
V 6456 -711589.20 -172202.95
V 6464 -711589.20 -172273.95
V 6472 -711587.12 -172281.70
V 6480 -711581.45 -172287.37
V 6488 -711573.70 -172289.45
V 6496 -711474.20 -172289.45
V 6504 -711474.20 -172329.45
V 6512 -711573.70 -172329.45
V 6520 -711581.45 -172331.53
V 6528 -711587.12 -172337.20
V 6536 -711589.20 -172344.95
V 6544 -711589.20 -172415.95
V 6552 -711587.12 -172423.70
V 6560 -711581.45 -172429.37
V 6568 -711573.70 -172431.45
V 6576 -711474.20 -172431.45
V 6584 -711474.20 -172471.45
V 6592 -711573.70 -172471.45
V 6600 -711581.45 -172473.53
V 6608 -711587.12 -172479.20
V 6616 -711589.20 -172486.95
V 6624 -711589.20 -172557.95
V 6632 -711587.12 -172565.70
V 6640 -711581.45 -172571.37
V 6648 -711573.70 -172573.45
V 6656 -711474.20 -172573.45
V 6664 -711474.20 -172613.45
V 6672 -711573.70 -172613.45
V 6680 -711581.45 -172615.53
V 6688 -711587.12 -172621.20
V 6696 -711589.20 -172628.95
V 6704 -711589.20 -172699.95
V 6712 -711587.12 -172707.70
V 6720 -711581.45 -172713.37
V 6728 -711573.70 -172715.45
V 6736 -711474.20 -172715.45
V 6744 -711474.20 -172755.45
V 6752 -711573.70 -172755.45
V 6760 -711581.45 -172757.53
V 6768 -711587.12 -172763.20
V 6776 -711589.20 -172770.95
V 6784 -711589.20 -172841.95
V 6792 -711587.12 -172849.70
V 6800 -711581.45 -172855.37
V 6808 -711573.70 -172857.45
V 6816 -711474.20 -172857.45
V 6824 -711474.20 -172897.45
V 6832 -711573.70 -172897.45
V 6840 -711581.45 -172899.53
V 6848 -711587.12 -172905.20
V 6856 -711589.20 -172912.95
V 6864 -711589.20 -172983.95
V 6872 -711587.12 -172991.70
V 6880 -711581.45 -172997.37
V 6888 -711573.70 -172999.45
V 6896 -711474.20 -172999.45
V 6904 -711474.20 -173039.45
V 6912 -711573.70 -173039.45
V 6920 -711581.45 -173041.53
V 6928 -711587.12 -173047.20
V 6936 -711589.20 -173054.95
V 6944 -711589.20 -173125.95
V 6952 -711587.12 -173133.70
V 6960 -711581.45 -173139.37
V 6968 -711573.70 -173141.45
V 6976 -711474.20 -173141.45
V 6984 -711474.20 -173181.45
V 6992 -711573.70 -173181.45
V 7000 -711581.45 -173183.53
V 7008 -711587.12 -173189.20
V 7016 -711589.20 -173196.95
V 7024 -711589.20 -173267.95
V 7032 -711587.12 -173275.70
V 7040 -711581.45 -173281.37
V 7048 -711573.70 -173283.45
V 7056 -711474.20 -173283.45
V 7064 -711474.20 -173323.45
V 7072 -711573.70 -173323.45
V 7080 -711581.45 -173325.53
V 7088 -711587.12 -173331.20
V 7096 -711589.20 -173338.95
V 7104 -711589.20 -173409.95
V 7112 -711587.12 -173417.70
V 7120 -711581.45 -173423.37
V 7128 -711573.70 -173425.45
V 7136 -711474.20 -173425.45
V 7144 -711474.20 -173465.45
V 7152 -711573.70 -173465.45
V 7160 -711581.45 -173467.53
V 7168 -711587.12 -173473.20
V 7176 -711589.20 -173480.95
V 7184 -711589.20 -173551.95
V 7192 -711587.12 -173559.70
V 7200 -711581.45 -173565.37
V 7208 -711573.70 -173567.45
V 7216 -711474.20 -173567.45
V 7224 -711474.20 -173607.45
V 7232 -711573.70 -173607.45
V 7240 -711581.45 -173609.53
V 7248 -711587.12 -173615.20
V 7256 -711589.20 -173622.95
V 7264 -711589.20 -173693.95
V 7272 -711587.12 -173701.70
V 7280 -711581.45 -173707.37
V 7288 -711573.70 -173709.45
V 7296 -711474.20 -173709.45
V 7304 -711474.20 -173749.45
V 7312 -711573.70 -173749.45
V 7320 -711581.45 -173751.53
V 7328 -711587.12 -173757.20
V 7336 -711589.20 -173764.95
V 7344 -711589.20 -173835.95
V 7352 -711587.12 -173843.70
V 7360 -711581.45 -173849.37
V 7368 -711573.70 -173851.45
V 7376 -711474.20 -173851.45
V 7384 -711474.20 -173891.45
V 7392 -711573.70 -173891.45
V 7400 -711581.45 -173893.53
V 7408 -711587.12 -173899.20
V 7416 -711589.20 -173906.95
V 7424 -711589.20 -173977.95
V 7432 -711587.12 -173985.70
V 7440 -711581.45 -173991.37
V 7448 -711573.70 -173993.45
V 7456 -711474.20 -173993.45
V 7464 -711474.20 -174033.45
V 7472 -711573.70 -174033.45
V 7480 -711581.45 -174035.53
V 7488 -711587.12 -174041.20
V 7496 -711589.20 -174048.95
V 7504 -711589.20 -174119.95
V 7512 -711587.12 -174127.70
V 7520 -711581.45 -174133.37
V 7528 -711573.70 -174135.45
V 7536 -711474.20 -174135.45
V 7544 -711474.20 -174175.45
V 7552 -711573.70 -174175.45
V 7560 -711581.45 -174177.53
V 7568 -711587.12 -174183.20
V 7576 -711589.20 -174190.95
V 7584 -711589.20 -174261.95
V 7592 -711587.12 -174269.70
V 7600 -711581.45 -174275.37
V 7608 -711573.70 -174277.45
V 7616 -711474.20 -174277.45
V 7624 -711474.20 -174317.45
V 7632 -711573.70 -174317.45
V 7640 -711581.45 -174319.53
V 7648 -711587.12 -174325.20
V 7656 -711589.20 -174332.95
V 7664 -711589.20 -174403.95
V 7672 -711587.12 -174411.70
V 7680 -711581.45 -174417.37
V 7688 -711573.70 -174419.45
V 7696 -711474.20 -174419.45
V 7704 -711474.20 -174459.45
V 7712 -711573.70 -174459.45
V 7720 -711581.45 -174461.53
V 7728 -711587.12 -174467.20
V 7736 -711589.20 -174474.95
V 7744 -711589.20 -174545.95
V 7752 -711587.12 -174553.70
V 7760 -711581.45 -174559.37
V 7768 -711573.70 -174561.45
V 7776 -711474.20 -174561.45
V 7784 -711474.20 -174601.45
V 7792 -711573.70 -174601.45
V 7800 -711581.45 -174603.53
V 7808 -711587.12 -174609.20
V 7816 -711589.20 -174616.95
V 7824 -711589.20 -174687.95
V 7832 -711587.12 -174695.70
V 7840 -711581.45 -174701.37
V 7848 -711573.70 -174703.45
V 7856 -711474.20 -174703.45
V 7864 -711474.20 -174743.45
V 7872 -711573.70 -174743.45
V 7880 -711581.45 -174745.53
V 7888 -711587.12 -174751.20
V 7896 -711589.20 -174758.95
V 7904 -711589.20 -174829.95
V 7912 -711587.12 -174837.70
V 7920 -711581.45 -174843.37
V 7928 -711573.70 -174845.45
V 7936 -711474.20 -174845.45
V 7944 -711474.20 -174885.45
V 7952 -711573.70 -174885.45
V 7960 -711581.45 -174887.53
V 7968 -711587.12 -174893.20
V 7976 -711589.20 -174900.95
V 7984 -711589.20 -174971.95
V 7992 -711587.12 -174979.70
V 8000 -711581.45 -174985.37
V 8008 -711573.70 -174987.45
V 8016 -711474.20 -174987.45
V 8024 -711474.20 -175027.45
V 8032 -711573.70 -175027.45
V 8040 -711581.45 -175029.53
V 8048 -711587.12 -175035.20
V 8056 -711589.20 -175042.95
V 8064 -711589.20 -175113.95
V 8072 -711587.12 -175121.70
V 8080 -711581.45 -175127.37
V 8088 -711573.70 -175129.45
V 8096 -711474.20 -175129.45
V 8104 -711474.20 -175169.45
V 8112 -711573.70 -175169.45
V 8120 -711581.45 -175171.53
V 8128 -711587.12 -175177.20
V 8136 -711589.20 -175184.95
V 8144 -711589.20 -175255.95
V 8152 -711587.12 -175263.70
V 8160 -711581.45 -175269.37
V 8168 -711573.70 -175271.45
V 8176 -711474.20 -175271.45
V 8184 -711474.20 -175311.45
V 8192 -711573.70 -175311.45
V 8200 -711581.45 -175313.53
V 8208 -711587.12 -175319.20
V 8216 -711589.20 -175326.95
V 8224 -711589.20 -175397.95
V 8232 -711587.12 -175405.70
V 8240 -711581.45 -175411.37
V 8248 -711573.70 -175413.45
V 8256 -711474.20 -175413.45
V 8264 -711474.20 -175453.45
V 8272 -711573.70 -175453.45
V 8280 -711581.45 -175455.53
V 8288 -711587.12 -175461.20
V 8296 -711589.20 -175468.95
V 8304 -711589.20 -175539.95
V 8312 -711587.12 -175547.70
V 8320 -711581.45 -175553.37
V 8328 -711573.70 -175555.45
V 8336 -711474.20 -175555.45
V 8344 -711474.20 -175595.45
V 8352 -711573.70 -175595.45
V 8360 -711581.45 -175597.53
V 8368 -711587.12 -175603.20
V 8376 -711589.20 -175610.95
V 8384 -711589.20 -175681.95
V 8392 -711587.12 -175689.70
V 8400 -711581.45 -175695.37
V 8408 -711573.70 -175697.45
V 8416 -711474.20 -175697.45
V 8424 -711474.20 -175737.45
V 8432 -711573.70 -175737.45
V 8440 -711581.45 -175739.53
V 8448 -711587.12 -175745.20
V 8456 -711589.20 -175752.95
V 8464 -711589.20 -175823.95
V 8472 -711587.12 -175831.70
V 8480 -711581.45 -175837.37
V 8488 -711573.70 -175839.45
V 8496 -711474.20 -175839.45
V 8504 -711474.20 -175879.45
V 8512 -711573.70 -175879.45
V 8520 -711581.45 -175881.53
V 8528 -711587.12 -175887.20
V 8536 -711589.20 -175894.95
V 8544 -711589.20 -175965.95
V 8552 -711587.12 -175973.70
V 8560 -711581.45 -175979.37
V 8568 -711573.70 -175981.45
V 8576 -711474.20 -175981.45
V 8584 -711474.20 -176021.45
V 8592 -711573.70 -176021.45
V 8600 -711581.45 -176023.53
V 8608 -711587.12 -176029.20
V 8616 -711589.20 -176036.95
V 8624 -711589.20 -176107.95
V 8632 -711587.12 -176115.70
V 8640 -711581.45 -176121.37
V 8648 -711573.70 -176123.45
V 8656 -711474.20 -176123.45
V 8664 -711474.20 -176163.45
V 8672 -711573.70 -176163.45
V 8680 -711581.45 -176165.53
V 8688 -711587.12 -176171.20
V 8696 -711589.20 -176178.95
V 8704 -711589.20 -176249.95
V 8712 -711587.12 -176257.70
V 8720 -711581.45 -176263.37
V 8728 -711573.70 -176265.45
V 8736 -711474.20 -176265.45
V 8744 -711474.20 -176305.45
V 8752 -711573.70 -176305.45
V 8760 -711581.45 -176307.53
V 8768 -711587.12 -176313.20
V 8776 -711589.20 -176320.95
V 8784 -711589.20 -176391.95
V 8792 -711587.12 -176399.70
V 8800 -711581.45 -176405.37
V 8808 -711573.70 -176407.45
V 8816 -711474.20 -176407.45
V 8824 -711474.20 -176447.45
V 8832 -711573.70 -176447.45
V 8840 -711581.45 -176449.53
V 8848 -711587.12 -176455.20
V 8856 -711589.20 -176462.95
V 8864 -711589.20 -176533.95
V 8872 -711587.12 -176541.70
V 8880 -711581.45 -176547.37
V 8888 -711573.70 -176549.45
V 8896 -711474.20 -176549.45
V 8904 -711474.20 -176589.45
V 8912 -711573.70 -176589.45
V 8920 -711581.45 -176591.53
V 8928 -711587.12 -176597.20
V 8936 -711589.20 -176604.95
V 8944 -711589.20 -176675.95
V 8952 -711587.12 -176683.70
V 8960 -711581.45 -176689.37
V 8968 -711573.70 -176691.45
V 8976 -711474.20 -176691.45
V 8984 -711474.20 -176731.45
V 8992 -711573.70 -176731.45
V 9000 -711581.45 -176733.53
V 9008 -711587.12 -176739.20
V 9016 -711589.20 -176746.95
V 9024 -711589.20 -176817.95
V 9032 -711587.12 -176825.70
V 9040 -711581.45 -176831.37
V 9048 -711573.70 -176833.45
V 9056 -711474.20 -176833.45
V 9064 -711474.20 -176873.45
V 9072 -711573.70 -176873.45
V 9080 -711581.45 -176875.53
V 9088 -711587.12 -176881.20
V 9096 -711589.20 -176888.95
V 9104 -711589.20 -176959.95
V 9112 -711587.12 -176967.70
V 9120 -711581.45 -176973.37
V 9128 -711573.70 -176975.45
V 9136 -711474.20 -176975.45
V 9144 -711474.20 -177015.45
V 9152 -711573.70 -177015.45
V 9160 -711581.45 -177017.53
V 9168 -711587.12 -177023.20
V 9176 -711589.20 -177030.95
V 9184 -711589.20 -177101.95
V 9192 -711587.12 -177109.70
V 9200 -711581.45 -177115.37
V 9208 -711573.70 -177117.45
V 9216 -711474.20 -177117.45
V 9224 -711474.20 -177157.45
V 9232 -711573.70 -177157.45
V 9240 -711581.45 -177159.53
V 9248 -711587.12 -177165.20
V 9256 -711589.20 -177172.95
V 9264 -711589.20 -177243.95
V 9272 -711587.12 -177251.70
V 9280 -711581.45 -177257.37
V 9288 -711573.70 -177259.45
V 9296 -711474.20 -177259.45
V 9304 -711474.20 -177299.45
V 9312 -711573.70 -177299.45
V 9320 -711581.45 -177301.53
V 9328 -711587.12 -177307.20
V 9336 -711589.20 -177314.95
V 9344 -711589.20 -177385.95
V 9352 -711587.12 -177393.70
V 9360 -711581.45 -177399.37
V 9368 -711573.70 -177401.45
V 9376 -711474.20 -177401.45
V 9384 -711474.20 -177441.45
V 9392 -711573.70 -177441.45
V 9400 -711581.45 -177443.53
V 9408 -711587.12 -177449.20
V 9416 -711589.20 -177456.95
V 9424 -711589.20 -177527.95
V 9432 -711587.12 -177535.70
V 9440 -711581.45 -177541.37
V 9448 -711573.70 -177543.45
V 9456 -711474.20 -177543.45
V 9464 -711474.20 -177583.45
V 9472 -711573.70 -177583.45
V 9480 -711581.45 -177585.53
V 9488 -711587.12 -177591.20
V 9496 -711589.20 -177598.95
V 9504 -711589.20 -177669.95
V 9512 -711587.12 -177677.70
V 9520 -711581.45 -177683.37
V 9528 -711573.70 -177685.45
V 9536 -711474.20 -177685.45
V 9544 -711474.20 -177725.45
V 9552 -711573.70 -177725.45
V 9560 -711581.45 -177727.53
V 9568 -711587.12 -177733.20
V 9576 -711589.20 -177740.95
V 9584 -711589.20 -177811.95
V 9592 -711587.12 -177819.70
V 9600 -711581.45 -177825.37
V 9608 -711573.70 -177827.45
V 9616 -711474.20 -177827.45
V 9624 -711474.20 -177867.45
V 9632 -711573.70 -177867.45
V 9640 -711581.45 -177869.53
V 9648 -711587.12 -177875.20
V 9656 -711589.20 -177882.95
V 9664 -711589.20 -177953.95
V 9672 -711587.12 -177961.70
V 9680 -711581.45 -177967.37
V 9688 -711573.70 -177969.45
V 9696 -711474.20 -177969.45
V 9704 -711474.20 -178009.45
V 9712 -711573.70 -178009.45
V 9720 -711581.45 -178011.53
V 9728 -711587.12 -178017.20
V 9736 -711589.20 -178024.95
V 9744 -711589.20 -178095.95
V 9752 -711587.12 -178103.70
V 9760 -711581.45 -178109.37
V 9768 -711573.70 -178111.45
V 9776 -711474.20 -178111.45
V 9784 -711474.20 -178151.45
V 9792 -711573.70 -178151.45
V 9800 -711581.45 -178153.53
V 9808 -711587.12 -178159.20
V 9816 -711589.20 -178166.95
V 9824 -711589.20 -178237.95
V 9832 -711587.12 -178245.70
V 9840 -711581.45 -178251.37
V 9848 -711573.70 -178253.45
V 9856 -711474.20 -178253.45
V 9864 -711474.20 -178293.45
V 9872 -711573.70 -178293.45
V 9880 -711581.45 -178295.53
V 9888 -711587.12 -178301.20
V 9896 -711589.20 -178308.95
V 9904 -711589.20 -178379.95
V 9912 -711587.12 -178387.70
V 9920 -711581.45 -178393.37
V 9928 -711573.70 -178395.45
V 9936 -711531.70 -178395.45
V 9944 -711531.70 -178404.45
V 9952 -711500.70 -178404.45
V 9960 -711500.70 -178379.95
V 9968 -711500.74 -178378.84
V 9976 -711500.86 -178377.74
V 9984 -711501.05 -178376.66
V 9992 -711501.33 -178375.58
V 10000 -711501.68 -178374.53
V 10008 -711502.10 -178373.51
V 10016 -711502.60 -178372.52
V 10024 -711503.16 -178371.57
V 10032 -711503.79 -178370.66
V 10040 -711504.49 -178369.80
V 10048 -711505.24 -178368.99
V 10056 -711506.05 -178368.24
V 10064 -711506.91 -178367.54
V 10072 -711507.82 -178366.91
V 10080 -711508.77 -178366.35
V 10088 -711509.76 -178365.85
V 10096 -711510.78 -178365.43
V 10104 -711511.83 -178365.08
V 10112 -711512.91 -178364.80
V 10120 -711513.99 -178364.61
V 10128 -711515.09 -178364.49
V 10136 -711516.20 -178364.45
V 10144 -711558.20 -178364.45
V 10152 -711558.20 -178324.45
V 10160 -711458.70 -178324.45
V 10168 -711450.95 -178322.37
V 10176 -711445.28 -178316.70
V 10184 -711443.20 -178308.95
V 10192 -711443.20 -178237.95
V 10200 -711445.28 -178230.20
V 10208 -711450.95 -178224.53
V 10216 -711458.70 -178222.45
V 10224 -711558.20 -178222.45
V 10232 -711558.20 -178182.45
V 10240 -711458.70 -178182.45
V 10248 -711450.95 -178180.37
V 10256 -711445.28 -178174.70
V 10264 -711443.20 -178166.95
V 10272 -711443.20 -178095.95
V 10280 -711445.28 -178088.20
V 10288 -711450.95 -178082.53
V 10296 -711458.70 -178080.45
V 10304 -711558.20 -178080.45
V 10312 -711558.20 -178040.45
V 10320 -711458.70 -178040.45
V 10328 -711450.95 -178038.37
V 10336 -711445.28 -178032.70
V 10344 -711443.20 -178024.95
V 10352 -711443.20 -177953.95
V 10360 -711445.28 -177946.20
V 10368 -711450.95 -177940.53
V 10376 -711458.70 -177938.45
V 10384 -711558.20 -177938.45
V 10392 -711558.20 -177898.45
V 10400 -711458.70 -177898.45
V 10408 -711450.95 -177896.37
V 10416 -711445.28 -177890.70
V 10424 -711443.20 -177882.95
V 10432 -711443.20 -177811.95
V 10440 -711445.28 -177804.20
V 10448 -711450.95 -177798.53
V 10456 -711458.70 -177796.45
V 10464 -711558.20 -177796.45
V 10472 -711558.20 -177756.45
V 10480 -711458.70 -177756.45
V 10488 -711450.95 -177754.37
V 10496 -711445.28 -177748.70
V 10504 -711443.20 -177740.95
V 10512 -711443.20 -177669.95
V 10520 -711445.28 -177662.20
V 10528 -711450.95 -177656.53
V 10536 -711458.70 -177654.45
V 10544 -711558.20 -177654.45
V 10552 -711558.20 -177614.45
V 10560 -711458.70 -177614.45
V 10568 -711450.95 -177612.37
V 10576 -711445.28 -177606.70
V 10584 -711443.20 -177598.95
V 10592 -711443.20 -177527.95
V 10600 -711445.28 -177520.20
V 10608 -711450.95 -177514.53
V 10616 -711458.70 -177512.45
V 10624 -711558.20 -177512.45
V 10632 -711558.20 -177472.45
V 10640 -711458.70 -177472.45
V 10648 -711450.95 -177470.37
V 10656 -711445.28 -177464.70
V 10664 -711443.20 -177456.95
V 10672 -711443.20 -177385.95
V 10680 -711445.28 -177378.20
V 10688 -711450.95 -177372.53
V 10696 -711458.70 -177370.45
V 10704 -711558.20 -177370.45
V 10712 -711558.20 -177330.45
V 10720 -711458.70 -177330.45
V 10728 -711450.95 -177328.37
V 10736 -711445.28 -177322.70
V 10744 -711443.20 -177314.95
V 10752 -711443.20 -177243.95
V 10760 -711445.28 -177236.20
V 10768 -711450.95 -177230.53
V 10776 -711458.70 -177228.45
V 10784 -711558.20 -177228.45
V 10792 -711558.20 -177188.45
V 10800 -711458.70 -177188.45
V 10808 -711450.95 -177186.37
V 10816 -711445.28 -177180.70
V 10824 -711443.20 -177172.95
V 10832 -711443.20 -177101.95
V 10840 -711445.28 -177094.20
V 10848 -711450.95 -177088.53
V 10856 -711458.70 -177086.45
V 10864 -711558.20 -177086.45
V 10872 -711558.20 -177046.45
V 10880 -711458.70 -177046.45
V 10888 -711450.95 -177044.37
V 10896 -711445.28 -177038.70
V 10904 -711443.20 -177030.95
V 10912 -711443.20 -176959.95
V 10920 -711445.28 -176952.20
V 10928 -711450.95 -176946.53
V 10936 -711458.70 -176944.45
V 10944 -711558.20 -176944.45
V 10952 -711558.20 -176904.45
V 10960 -711458.70 -176904.45
V 10968 -711450.95 -176902.37
V 10976 -711445.28 -176896.70
V 10984 -711443.20 -176888.95
V 10992 -711443.20 -176817.95
V 11000 -711445.28 -176810.20
V 11008 -711450.95 -176804.53
V 11016 -711458.70 -176802.45
V 11024 -711558.20 -176802.45
V 11032 -711558.20 -176762.45
V 11040 -711458.70 -176762.45
V 11048 -711450.95 -176760.37
V 11056 -711445.28 -176754.70
V 11064 -711443.20 -176746.95
V 11072 -711443.20 -176675.95
V 11080 -711445.28 -176668.20
V 11088 -711450.95 -176662.53
V 11096 -711458.70 -176660.45
V 11104 -711558.20 -176660.45
V 11112 -711558.20 -176620.45
V 11120 -711458.70 -176620.45
V 11128 -711450.95 -176618.37
V 11136 -711445.28 -176612.70
V 11144 -711443.20 -176604.95
V 11152 -711443.20 -176533.95
V 11160 -711445.28 -176526.20
V 11168 -711450.95 -176520.53
V 11176 -711458.70 -176518.45
V 11184 -711558.20 -176518.45
V 11192 -711558.20 -176478.45
V 11200 -711458.70 -176478.45
V 11208 -711450.95 -176476.37
V 11216 -711445.28 -176470.70
V 11224 -711443.20 -176462.95
V 11232 -711443.20 -176391.95
V 11240 -711445.28 -176384.20
V 11248 -711450.95 -176378.53
V 11256 -711458.70 -176376.45
V 11264 -711558.20 -176376.45
V 11272 -711558.20 -176336.45
V 11280 -711458.70 -176336.45
V 11288 -711450.95 -176334.37
V 11296 -711445.28 -176328.70
V 11304 -711443.20 -176320.95
V 11312 -711443.20 -176249.95
V 11320 -711445.28 -176242.20
V 11328 -711450.95 -176236.53
V 11336 -711458.70 -176234.45
V 11344 -711558.20 -176234.45
V 11352 -711558.20 -176194.45
V 11360 -711458.70 -176194.45
V 11368 -711450.95 -176192.37
V 11376 -711445.28 -176186.70
V 11384 -711443.20 -176178.95
V 11392 -711443.20 -176107.95
V 11400 -711445.28 -176100.20
V 11408 -711450.95 -176094.53
V 11416 -711458.70 -176092.45
V 11424 -711558.20 -176092.45
V 11432 -711558.20 -176052.45
V 11440 -711458.70 -176052.45
V 11448 -711450.95 -176050.37
V 11456 -711445.28 -176044.70
V 11464 -711443.20 -176036.95
V 11472 -711443.20 -175965.95
V 11480 -711445.28 -175958.20
V 11488 -711450.95 -175952.53
V 11496 -711458.70 -175950.45
V 11504 -711558.20 -175950.45
V 11512 -711558.20 -175910.45
V 11520 -711458.70 -175910.45
V 11528 -711450.95 -175908.37
V 11536 -711445.28 -175902.70
V 11544 -711443.20 -175894.95
V 11552 -711443.20 -175823.95
V 11560 -711445.28 -175816.20
V 11568 -711450.95 -175810.53
V 11576 -711458.70 -175808.45
V 11584 -711558.20 -175808.45
V 11592 -711558.20 -175768.45
V 11600 -711458.70 -175768.45
V 11608 -711450.95 -175766.37
V 11616 -711445.28 -175760.70
V 11624 -711443.20 -175752.95
V 11632 -711443.20 -175681.95
V 11640 -711445.28 -175674.20
V 11648 -711450.95 -175668.53
V 11656 -711458.70 -175666.45
V 11664 -711558.20 -175666.45
V 11672 -711558.20 -175626.45
V 11680 -711458.70 -175626.45
V 11688 -711450.95 -175624.37
V 11696 -711445.28 -175618.70
V 11704 -711443.20 -175610.95
V 11712 -711443.20 -175539.95
V 11720 -711445.28 -175532.20
V 11728 -711450.95 -175526.53
V 11736 -711458.70 -175524.45
V 11744 -711558.20 -175524.45
V 11752 -711558.20 -175484.45
V 11760 -711458.70 -175484.45
V 11768 -711450.95 -175482.37
V 11776 -711445.28 -175476.70
V 11784 -711443.20 -175468.95
V 11792 -711443.20 -175397.95
V 11800 -711445.28 -175390.20
V 11808 -711450.95 -175384.53
V 11816 -711458.70 -175382.45
V 11824 -711558.20 -175382.45
V 11832 -711558.20 -175342.45
V 11840 -711458.70 -175342.45
V 11848 -711450.95 -175340.37
V 11856 -711445.28 -175334.70
V 11864 -711443.20 -175326.95
V 11872 -711443.20 -175255.95
V 11880 -711445.28 -175248.20
V 11888 -711450.95 -175242.53
V 11896 -711458.70 -175240.45
V 11904 -711558.20 -175240.45
V 11912 -711558.20 -175200.45
V 11920 -711458.70 -175200.45
V 11928 -711450.95 -175198.37
V 11936 -711445.28 -175192.70
V 11944 -711443.20 -175184.95
V 11952 -711443.20 -175113.95
V 11960 -711445.28 -175106.20
V 11968 -711450.95 -175100.53
V 11976 -711458.70 -175098.45
V 11984 -711558.20 -175098.45
V 11992 -711558.20 -175058.45
V 12000 -711458.70 -175058.45
V 12008 -711450.95 -175056.37
V 12016 -711445.28 -175050.70
V 12024 -711443.20 -175042.95
V 12032 -711443.20 -174971.95
V 12040 -711445.28 -174964.20
V 12048 -711450.95 -174958.53
V 12056 -711458.70 -174956.45
V 12064 -711558.20 -174956.45
V 12072 -711558.20 -174916.45
V 12080 -711458.70 -174916.45
V 12088 -711450.95 -174914.37
V 12096 -711445.28 -174908.70
V 12104 -711443.20 -174900.95
V 12112 -711443.20 -174829.95
V 12120 -711445.28 -174822.20
V 12128 -711450.95 -174816.53
V 12136 -711458.70 -174814.45
V 12144 -711558.20 -174814.45
V 12152 -711558.20 -174774.45
V 12160 -711458.70 -174774.45
V 12168 -711450.95 -174772.37
V 12176 -711445.28 -174766.70
V 12184 -711443.20 -174758.95
V 12192 -711443.20 -174687.95
V 12200 -711445.28 -174680.20
V 12208 -711450.95 -174674.53
V 12216 -711458.70 -174672.45
V 12224 -711558.20 -174672.45
V 12232 -711558.20 -174632.45
V 12240 -711458.70 -174632.45
V 12248 -711450.95 -174630.37
V 12256 -711445.28 -174624.70
V 12264 -711443.20 -174616.95
V 12272 -711443.20 -174545.95
V 12280 -711445.28 -174538.20
V 12288 -711450.95 -174532.53
V 12296 -711458.70 -174530.45
V 12304 -711558.20 -174530.45
V 12312 -711558.20 -174490.45
V 12320 -711458.70 -174490.45
V 12328 -711450.95 -174488.37
V 12336 -711445.28 -174482.70
V 12344 -711443.20 -174474.95
V 12352 -711443.20 -174403.95
V 12360 -711445.28 -174396.20
V 12368 -711450.95 -174390.53
V 12376 -711458.70 -174388.45
V 12384 -711558.20 -174388.45
V 12392 -711558.20 -174348.45
V 12400 -711458.70 -174348.45
V 12408 -711450.95 -174346.37
V 12416 -711445.28 -174340.70
V 12424 -711443.20 -174332.95
V 12432 -711443.20 -174261.95
V 12440 -711445.28 -174254.20
V 12448 -711450.95 -174248.53
V 12456 -711458.70 -174246.45
V 12464 -711558.20 -174246.45
V 12472 -711558.20 -174206.45
V 12480 -711458.70 -174206.45
V 12488 -711450.95 -174204.37
V 12496 -711445.28 -174198.70
V 12504 -711443.20 -174190.95
V 12512 -711443.20 -174119.95
V 12520 -711445.28 -174112.20
V 12528 -711450.95 -174106.53
V 12536 -711458.70 -174104.45
V 12544 -711558.20 -174104.45
V 12552 -711558.20 -174064.45
V 12560 -711458.70 -174064.45
V 12568 -711450.95 -174062.37
V 12576 -711445.28 -174056.70
V 12584 -711443.20 -174048.95
V 12592 -711443.20 -173977.95
V 12600 -711445.28 -173970.20
V 12608 -711450.95 -173964.53
V 12616 -711458.70 -173962.45
V 12624 -711558.20 -173962.45
V 12632 -711558.20 -173922.45
V 12640 -711458.70 -173922.45
V 12648 -711450.95 -173920.37
V 12656 -711445.28 -173914.70
V 12664 -711443.20 -173906.95
V 12672 -711443.20 -173835.95
V 12680 -711445.28 -173828.20
V 12688 -711450.95 -173822.53
V 12696 -711458.70 -173820.45
V 12704 -711558.20 -173820.45
V 12712 -711558.20 -173780.45
V 12720 -711458.70 -173780.45
V 12728 -711450.95 -173778.37
V 12736 -711445.28 -173772.70
V 12744 -711443.20 -173764.95
V 12752 -711443.20 -173693.95
V 12760 -711445.28 -173686.20
V 12768 -711450.95 -173680.53
V 12776 -711458.70 -173678.45
V 12784 -711558.20 -173678.45
V 12792 -711558.20 -173638.45
V 12800 -711458.70 -173638.45
V 12808 -711450.95 -173636.37
V 12816 -711445.28 -173630.70
V 12824 -711443.20 -173622.95
V 12832 -711443.20 -173551.95
V 12840 -711445.28 -173544.20
V 12848 -711450.95 -173538.53
V 12856 -711458.70 -173536.45
V 12864 -711558.20 -173536.45
V 12872 -711558.20 -173496.45
V 12880 -711458.70 -173496.45
V 12888 -711450.95 -173494.37
V 12896 -711445.28 -173488.70
V 12904 -711443.20 -173480.95
V 12912 -711443.20 -173409.95
V 12920 -711445.28 -173402.20
V 12928 -711450.95 -173396.53
V 12936 -711458.70 -173394.45
V 12944 -711558.20 -173394.45
V 12952 -711558.20 -173354.45
V 12960 -711458.70 -173354.45
V 12968 -711450.95 -173352.37
V 12976 -711445.28 -173346.70
V 12984 -711443.20 -173338.95
V 12992 -711443.20 -173267.95
V 13000 -711445.28 -173260.20
V 13008 -711450.95 -173254.53
V 13016 -711458.70 -173252.45
V 13024 -711558.20 -173252.45
V 13032 -711558.20 -173212.45
V 13040 -711458.70 -173212.45
V 13048 -711450.95 -173210.37
V 13056 -711445.28 -173204.70
V 13064 -711443.20 -173196.95
V 13072 -711443.20 -173125.95
V 13080 -711445.28 -173118.20
V 13088 -711450.95 -173112.53
V 13096 -711458.70 -173110.45
V 13104 -711558.20 -173110.45
V 13112 -711558.20 -173070.45
V 13120 -711458.70 -173070.45
V 13128 -711450.95 -173068.37
V 13136 -711445.28 -173062.70
V 13144 -711443.20 -173054.95
V 13152 -711443.20 -172983.95
V 13160 -711445.28 -172976.20
V 13168 -711450.95 -172970.53
V 13176 -711458.70 -172968.45
V 13184 -711558.20 -172968.45
V 13192 -711558.20 -172928.45
V 13200 -711458.70 -172928.45
V 13208 -711450.95 -172926.37
V 13216 -711445.28 -172920.70
V 13224 -711443.20 -172912.95
V 13232 -711443.20 -172841.95
V 13240 -711445.28 -172834.20
V 13248 -711450.95 -172828.53
V 13256 -711458.70 -172826.45
V 13264 -711558.20 -172826.45
V 13272 -711558.20 -172786.45
V 13280 -711458.70 -172786.45
V 13288 -711450.95 -172784.37
V 13296 -711445.28 -172778.70
V 13304 -711443.20 -172770.95
V 13312 -711443.20 -172699.95
V 13320 -711445.28 -172692.20
V 13328 -711450.95 -172686.53
V 13336 -711458.70 -172684.45
V 13344 -711558.20 -172684.45
V 13352 -711558.20 -172644.45
V 13360 -711458.70 -172644.45
V 13368 -711450.95 -172642.37
V 13376 -711445.28 -172636.70
V 13384 -711443.20 -172628.95
V 13392 -711443.20 -172557.95
V 13400 -711445.28 -172550.20
V 13408 -711450.95 -172544.53
V 13416 -711458.70 -172542.45
V 13424 -711558.20 -172542.45
V 13432 -711558.20 -172502.45
V 13440 -711458.70 -172502.45
V 13448 -711450.95 -172500.37
V 13456 -711445.28 -172494.70
V 13464 -711443.20 -172486.95
V 13472 -711443.20 -172415.95
V 13480 -711445.28 -172408.20
V 13488 -711450.95 -172402.53
V 13496 -711458.70 -172400.45
V 13504 -711558.20 -172400.45
V 13512 -711558.20 -172360.45
V 13520 -711458.70 -172360.45
V 13528 -711450.95 -172358.37
V 13536 -711445.28 -172352.70
V 13544 -711443.20 -172344.95
V 13552 -711443.20 -172273.95
V 13560 -711445.28 -172266.20
V 13568 -711450.95 -172260.53
V 13576 -711458.70 -172258.45
V 13584 -711558.20 -172258.45
V 13592 -711558.20 -172218.45
V 13600 -711458.70 -172218.45
V 13608 -711450.95 -172216.37
V 13616 -711445.28 -172210.70
V 13624 -711443.20 -172202.95
V 13632 -711443.20 -172131.95
V 13640 -711445.28 -172124.20
V 13648 -711450.95 -172118.53
V 13656 -711458.70 -172116.45
V 13664 -711558.20 -172116.45
V 13672 -711558.20 -172076.45
V 13680 -711458.70 -172076.45
V 13688 -711450.95 -172074.37
V 13696 -711445.28 -172068.70
V 13704 -711443.20 -172060.95
V 13712 -711443.20 -171989.95
V 13720 -711445.28 -171982.20
V 13728 -711450.95 -171976.53
V 13736 -711458.70 -171974.45
V 13744 -711558.20 -171974.45
V 13752 -711558.20 -171934.45
V 13760 -711458.70 -171934.45
V 13768 -711450.95 -171932.37
V 13776 -711445.28 -171926.70
V 13784 -711443.20 -171918.95
V 13792 -711443.20 -171847.95
V 13800 -711445.28 -171840.20
V 13808 -711450.95 -171834.53
V 13816 -711458.70 -171832.45
V 13824 -711558.20 -171832.45
V 13832 -711558.20 -171792.45
V 13840 -711458.70 -171792.45
V 13848 -711450.95 -171790.37
V 13856 -711445.28 -171784.70
V 13864 -711443.20 -171776.95
V 13872 -711443.20 -171705.95
V 13880 -711445.28 -171698.20
V 13888 -711450.95 -171692.53
V 13896 -711458.70 -171690.45
V 13904 -711558.20 -171690.45
V 13912 -711558.20 -171650.45
V 13920 -711458.70 -171650.45
V 13928 -711450.95 -171648.37
V 13936 -711445.28 -171642.70
V 13944 -711443.20 -171634.95
V 13952 -711443.20 -171563.95
V 13960 -711445.28 -171556.20
V 13968 -711450.95 -171550.53
V 13976 -711458.70 -171548.45
V 13984 -711558.20 -171548.45
V 13992 -711558.20 -171508.45
V 14000 -711458.70 -171508.45
V 14008 -711450.95 -171506.37
V 14016 -711445.28 -171500.70
V 14024 -711443.20 -171492.95
V 14032 -711443.20 -171421.95
V 14040 -711445.28 -171414.20
V 14048 -711450.95 -171408.53
V 14056 -711458.70 -171406.45
V 14064 -711558.20 -171406.45
V 14072 -711558.20 -171366.45
V 14080 -711458.70 -171366.45
V 14088 -711450.95 -171364.37
V 14096 -711445.28 -171358.70
V 14104 -711443.20 -171350.95
V 14112 -711443.20 -171279.95
V 14120 -711445.28 -171272.20
V 14128 -711450.95 -171266.53
V 14136 -711458.70 -171264.45
V 14144 -711558.20 -171264.45
V 14152 -711558.20 -171224.45
V 14160 -711458.70 -171224.45
V 14168 -711450.95 -171222.37
V 14176 -711445.28 -171216.70
V 14184 -711443.20 -171208.95
V 14192 -711443.20 -171137.95
V 14200 -711445.28 -171130.20
V 14208 -711450.95 -171124.53
V 14216 -711458.70 -171122.45
V 14224 -711558.20 -171122.45
V 14232 -711558.20 -171082.45
V 14240 -711458.70 -171082.45
V 14248 -711450.95 -171080.37
V 14256 -711445.28 -171074.70
V 14264 -711443.20 -171066.95
V 14272 -711443.20 -170995.95
V 14280 -711445.28 -170988.20
V 14288 -711450.95 -170982.53
V 14296 -711458.70 -170980.45
V 14304 -711558.20 -170980.45
V 14312 -711558.20 -170940.45
V 14320 -711458.70 -170940.45
V 14328 -711450.95 -170938.37
V 14336 -711445.28 -170932.70
V 14344 -711443.20 -170924.95
V 14352 -711443.20 -170853.95
V 14360 -711445.28 -170846.20
V 14368 -711450.95 -170840.53
V 14376 -711458.70 -170838.45
V 14384 -711558.20 -170838.45
V 14392 -711558.20 -170798.45
V 14400 -711458.70 -170798.45
V 14408 -711450.95 -170796.37
V 14416 -711445.28 -170790.70
V 14424 -711443.20 -170782.95
V 14432 -711443.20 -170711.95
V 14440 -711445.28 -170704.20
V 14448 -711450.95 -170698.53
V 14456 -711458.70 -170696.45
V 14464 -711558.20 -170696.45
V 14472 -711558.20 -170656.45
V 14480 -711458.70 -170656.45
V 14488 -711450.95 -170654.37
V 14496 -711445.28 -170648.70
V 14504 -711443.20 -170640.95
V 14512 -711443.20 -170569.95
V 14520 -711445.28 -170562.20
V 14528 -711450.95 -170556.53
V 14536 -711458.70 -170554.45
V 14544 -711558.20 -170554.45
V 14552 -711558.20 -170514.45
V 14560 -711458.70 -170514.45
V 14568 -711450.95 -170512.37
V 14576 -711445.28 -170506.70
V 14584 -711443.20 -170498.95
V 14592 -711443.20 -170427.95
V 14600 -711445.28 -170420.20
V 14608 -711450.95 -170414.53
V 14616 -711458.70 -170412.45
V 14624 -711558.20 -170412.45
V 14632 -711558.20 -170372.45
V 14640 -711458.70 -170372.45
V 14648 -711450.95 -170370.37
V 14656 -711445.28 -170364.70
V 14664 -711443.20 -170356.95
V 14672 -711443.20 -170285.95
V 14680 -711445.28 -170278.20
V 14688 -711450.95 -170272.53
V 14696 -711458.70 -170270.45
V 14704 -711558.20 -170270.45
V 14712 -711558.20 -170230.45
V 14720 -711458.70 -170230.45
V 14728 -711450.95 -170228.37
V 14736 -711445.28 -170222.70
V 14744 -711443.20 -170214.95
V 14752 -711443.20 -170143.95
V 14760 -711445.28 -170136.20
V 14768 -711450.95 -170130.53
V 14776 -711458.70 -170128.45
V 14784 -711558.20 -170128.45
V 14792 -711558.20 -170088.45
V 14800 -711458.70 -170088.45
V 14808 -711450.95 -170086.37
V 14816 -711445.28 -170080.70
V 14824 -711443.20 -170072.95
V 14832 -711443.20 -170001.95
V 14840 -711445.28 -169994.20
V 14848 -711450.95 -169988.53
V 14856 -711458.70 -169986.45
V 14864 -711558.20 -169986.45
V 14872 -711558.20 -169946.45
V 14880 -711458.70 -169946.45
V 14888 -711450.95 -169944.37
V 14896 -711445.28 -169938.70
V 14904 -711443.20 -169930.95
V 14912 -711443.20 -169859.95
V 14920 -711445.28 -169852.20
V 14928 -711450.95 -169846.53
V 14936 -711458.70 -169844.45
V 14944 -711558.20 -169844.45
V 14952 -711558.20 -169804.45
V 14960 -711458.70 -169804.45
V 14968 -711450.95 -169802.37
V 14976 -711445.28 -169796.70
V 14984 -711443.20 -169788.95
V 14992 -711443.20 -169717.95
V 15000 -711445.28 -169710.20
V 15008 -711450.95 -169704.53
V 15016 -711458.70 -169702.45
V 15024 -711558.20 -169702.45
V 15032 -711558.20 -169662.45
V 15040 -711458.70 -169662.45
V 15048 -711450.95 -169660.37
V 15056 -711445.28 -169654.70
V 15064 -711443.20 -169646.95
V 15072 -711443.20 -169575.95
V 15080 -711445.28 -169568.20
V 15088 -711450.95 -169562.53
V 15096 -711458.70 -169560.45
V 15104 -711558.20 -169560.45
V 15112 -711558.20 -169520.45
V 15120 -711458.70 -169520.45
V 15128 -711450.95 -169518.37
V 15136 -711445.28 -169512.70
V 15144 -711443.20 -169504.95
V 15152 -711443.20 -169433.95
V 15160 -711445.28 -169426.20
V 15168 -711450.95 -169420.53
V 15176 -711458.70 -169418.45
V 15184 -711558.20 -169418.45
V 15192 -711558.20 -169378.45
V 15200 -711458.70 -169378.45
V 15208 -711450.95 -169376.37
V 15216 -711445.28 -169370.70
V 15224 -711443.20 -169362.95
V 15232 -711443.20 -169291.95
V 15240 -711445.28 -169284.20
V 15248 -711450.95 -169278.53
V 15256 -711458.70 -169276.45
V 15264 -711558.20 -169276.45
V 15272 -711558.20 -169236.45
V 15280 -711458.70 -169236.45
V 15288 -711450.95 -169234.37
V 15296 -711445.28 -169228.70
V 15304 -711443.20 -169220.95
V 15312 -711443.20 -169149.95
V 15320 -711445.28 -169142.20
V 15328 -711450.95 -169136.53
V 15336 -711458.70 -169134.45
V 15344 -711558.20 -169134.45
V 15352 -711558.20 -169094.45
V 15360 -711458.70 -169094.45
V 15368 -711450.95 -169092.37
V 15376 -711445.28 -169086.70
V 15384 -711443.20 -169078.95
V 15392 -711443.20 -169007.95
V 15400 -711445.28 -169000.20
V 15408 -711450.95 -168994.53
V 15416 -711458.70 -168992.45
V 15424 -711558.20 -168992.45
V 15432 -711558.20 -168952.45
V 15440 -711458.70 -168952.45
V 15448 -711450.95 -168950.37
V 15456 -711445.28 -168944.70
V 15464 -711443.20 -168936.95
V 15472 -711443.20 -168865.95
V 15480 -711445.28 -168858.20
V 15488 -711450.95 -168852.53
V 15496 -711458.70 -168850.45
V 15504 -711558.20 -168850.45
V 15512 -711558.20 -168810.45
V 15520 -711458.70 -168810.45
V 15528 -711450.95 -168808.37
V 15536 -711445.28 -168802.70
V 15544 -711443.20 -168794.95
V 15552 -711443.20 -168723.95
V 15560 -711445.28 -168716.20
V 15568 -711450.95 -168710.53
V 15576 -711458.70 -168708.45
V 15584 -711558.20 -168708.45
V 15592 -711558.20 -168668.45
V 15600 -711458.70 -168668.45
V 15608 -711450.95 -168666.37
V 15616 -711445.28 -168660.70
V 15624 -711443.20 -168652.95
V 15632 -711443.20 -168581.95
V 15640 -711445.28 -168574.20
V 15648 -711450.95 -168568.53
V 15656 -711458.70 -168566.45
V 15664 -711558.20 -168566.45
V 15672 -711558.20 -168526.45
V 15680 -711458.70 -168526.45
V 15688 -711450.95 -168524.37
V 15696 -711445.28 -168518.70
V 15704 -711443.20 -168510.95
V 15712 -711443.20 -168439.95
V 15720 -711445.28 -168432.20
V 15728 -711450.95 -168426.53
V 15736 -711458.70 -168424.45
V 15744 -711558.20 -168424.45
V 15752 -711558.20 -168384.45
V 15760 -711458.70 -168384.45
V 15768 -711450.95 -168382.37
V 15776 -711445.28 -168376.70
V 15784 -711443.20 -168368.95
V 15792 -711443.20 -168297.95
V 15800 -711445.28 -168290.20
V 15808 -711450.95 -168284.53
V 15816 -711458.70 -168282.45
V 15824 -711558.20 -168282.45
V 15832 -711558.20 -168242.45
V 15840 -711458.70 -168242.45
V 15848 -711450.95 -168240.37
V 15856 -711445.28 -168234.70
V 15864 -711443.20 -168226.95
V 15872 -711443.20 -168155.95
V 15880 -711445.28 -168148.20
V 15888 -711450.95 -168142.53
V 15896 -711458.70 -168140.45
V 15904 -711558.20 -168140.45
V 15912 -711558.20 -168100.45
V 15920 -711458.70 -168100.45
V 15928 -711450.95 -168098.37
V 15936 -711445.28 -168092.70
V 15944 -711443.20 -168084.95
V 15952 -711443.20 -168013.95
V 15960 -711445.28 -168006.20
V 15968 -711450.95 -168000.53
V 15976 -711458.70 -167998.45
V 15984 -711558.20 -167998.45
V 15992 -711558.20 -167958.45
V 16000 -711458.70 -167958.45
V 16008 -711450.95 -167956.37
V 16016 -711445.28 -167950.70
V 16024 -711443.20 -167942.95
V 16032 -711443.20 -167871.95
V 16040 -711445.28 -167864.20
V 16048 -711450.95 -167858.53
V 16056 -711458.70 -167856.45
V 16064 -711558.20 -167856.45
V 16072 -711558.20 -167816.45
V 16080 -711458.70 -167816.45
V 16088 -711450.95 -167814.37
V 16096 -711445.28 -167808.70
V 16104 -711443.20 -167800.95
V 16112 -711443.20 -167729.95
V 16120 -711445.28 -167722.20
V 16128 -711450.95 -167716.53
V 16136 -711458.70 -167714.45
V 16144 -711558.20 -167714.45
V 16152 -711558.20 -167674.45
V 16160 -711458.70 -167674.45
V 16168 -711450.95 -167672.37
V 16176 -711445.28 -167666.70
V 16184 -711443.20 -167658.95
V 16192 -711443.20 -167587.95
V 16200 -711445.28 -167580.20
V 16208 -711450.95 -167574.53
V 16216 -711458.70 -167572.45
V 16224 -711558.20 -167572.45
V 16232 -711558.20 -167532.45
V 16240 -711458.70 -167532.45
V 16248 -711450.95 -167530.37
V 16256 -711445.28 -167524.70
V 16264 -711443.20 -167516.95
V 16272 -711443.20 -167445.95
V 16280 -711445.28 -167438.20
V 16288 -711450.95 -167432.53
V 16296 -711458.70 -167430.45
V 16304 -711558.20 -167430.45
V 16312 -711558.20 -167390.45
V 16320 -711458.70 -167390.45
V 16328 -711450.95 -167388.37
V 16336 -711445.28 -167382.70
V 16344 -711443.20 -167374.95
V 16352 -711443.20 -167303.95
V 16360 -711445.28 -167296.20
V 16368 -711450.95 -167290.53
V 16376 -711458.70 -167288.45
V 16384 -711558.20 -167288.45
V 16392 -711558.20 -167248.45
V 16400 -711458.70 -167248.45
V 16408 -711450.95 -167246.37
V 16416 -711445.28 -167240.70
V 16424 -711443.20 -167232.95
V 16432 -711443.20 -167161.95
V 16440 -711445.28 -167154.20
V 16448 -711450.95 -167148.53
V 16456 -711458.70 -167146.45
V 16464 -711558.20 -167146.45
V 16472 -711558.20 -167106.45
V 16480 -711458.70 -167106.45
V 16488 -711450.95 -167104.37
V 16496 -711445.28 -167098.70
V 16504 -711443.20 -167090.95
V 16512 -711443.20 -167019.95
V 16520 -711445.28 -167012.20
V 16528 -711450.95 -167006.53
V 16536 -711458.70 -167004.45
V 16544 -711558.20 -167004.45
V 16552 -711558.20 -166964.45
V 16560 -711458.70 -166964.45
V 16568 -711450.95 -166962.37
V 16576 -711445.28 -166956.70
V 16584 -711443.20 -166948.95
V 16592 -711443.20 -166877.95
V 16600 -711445.28 -166870.20
V 16608 -711450.95 -166864.53
V 16616 -711458.70 -166862.45
V 16624 -711558.20 -166862.45
V 16632 -711558.20 -166822.45
V 16640 -711458.70 -166822.45
V 16648 -711450.95 -166820.37
V 16656 -711445.28 -166814.70
V 16664 -711443.20 -166806.95
V 16672 -711443.20 -166735.95
V 16680 -711445.28 -166728.20
V 16688 -711450.95 -166722.53
V 16696 -711458.70 -166720.45
V 16704 -711558.20 -166720.45
V 16712 -711558.20 -166680.45
V 16720 -711458.70 -166680.45
V 16728 -711450.95 -166678.37
V 16736 -711445.28 -166672.70
V 16744 -711443.20 -166664.95
V 16752 -711443.20 -166593.95
V 16760 -711445.28 -166586.20
V 16768 -711450.95 -166580.53
V 16776 -711458.70 -166578.45
V 16784 -711558.20 -166578.45
V 16792 -711558.20 -166538.45
V 16800 -711458.70 -166538.45
V 16808 -711450.95 -166536.37
V 16816 -711445.28 -166530.70
V 16824 -711443.20 -166522.95
V 16832 -711443.20 -166451.95
V 16840 -711445.28 -166444.20
V 16848 -711450.95 -166438.53
V 16856 -711458.70 -166436.45
V 16864 -711558.20 -166436.45
V 16872 -711558.20 -166396.45
V 16880 -711458.70 -166396.45
V 16888 -711450.95 -166394.37
V 16896 -711445.28 -166388.70
V 16904 -711443.20 -166380.95
V 16912 -711443.20 -166309.95
V 16920 -711445.28 -166302.20
V 16928 -711450.95 -166296.53
V 16936 -711458.70 -166294.45
V 16944 -711558.20 -166294.45
V 16952 -711558.20 -166254.45
V 16960 -711458.70 -166254.45
V 16968 -711450.95 -166252.37
V 16976 -711445.28 -166246.70
V 16984 -711443.20 -166238.95
V 16992 -711443.20 -166167.95
V 17000 -711445.28 -166160.20
V 17008 -711450.95 -166154.53
V 17016 -711458.70 -166152.45
V 17024 -711558.20 -166152.45
V 17032 -711558.20 -166112.45
V 17040 -711458.70 -166112.45
V 17048 -711450.95 -166110.37
V 17056 -711445.28 -166104.70
V 17064 -711443.20 -166096.95
V 17072 -711443.20 -166025.95
V 17080 -711445.28 -166018.20
V 17088 -711450.95 -166012.53
V 17096 -711458.70 -166010.45
V 17104 -711558.20 -166010.45
V 17112 -711558.20 -165970.45
V 17120 -711458.70 -165970.45
V 17128 -711450.95 -165968.37
V 17136 -711445.28 -165962.70
V 17144 -711443.20 -165954.95
V 17152 -711443.20 -165883.95
V 17160 -711445.28 -165876.20
V 17168 -711450.95 -165870.53
V 17176 -711458.70 -165868.45
V 17184 -711558.20 -165868.45
V 17192 -711558.20 -165828.45
V 17200 -711458.70 -165828.45
V 17208 -711450.95 -165826.37
V 17216 -711445.28 -165820.70
V 17224 -711443.20 -165812.95
V 17232 -711443.20 -165741.95
V 17240 -711445.28 -165734.20
V 17248 -711450.95 -165728.53
V 17256 -711458.70 -165726.45
V 17264 -711558.20 -165726.45
V 17272 -711558.20 -165686.45
V 17280 -711458.70 -165686.45
V 17288 -711450.95 -165684.37
V 17296 -711445.28 -165678.70
V 17304 -711443.20 -165670.95
V 17312 -711443.20 -165599.95
V 17320 -711445.28 -165592.20
V 17328 -711450.95 -165586.53
V 17336 -711458.70 -165584.45
V 17344 -711558.20 -165584.45
V 17352 -711558.20 -165544.45
V 17360 -711458.70 -165544.45
V 17368 -711450.95 -165542.37
V 17376 -711445.28 -165536.70
V 17384 -711443.20 -165528.95
V 17392 -711443.20 -165457.95
V 17400 -711445.28 -165450.20
V 17408 -711450.95 -165444.53
V 17416 -711458.70 -165442.45
V 17424 -711558.20 -165442.45
V 17432 -711558.20 -165402.45
V 17440 -711458.70 -165402.45
V 17448 -711450.95 -165400.37
V 17456 -711445.28 -165394.70
V 17464 -711443.20 -165386.95
V 17472 -711443.20 -165315.95
V 17480 -711445.28 -165308.20
V 17488 -711450.95 -165302.53
V 17496 -711458.70 -165300.45
V 17504 -711558.20 -165300.45
V 17512 -711558.20 -165260.45
V 17520 -711458.70 -165260.45
V 17528 -711450.95 -165258.37
V 17536 -711445.28 -165252.70
V 17544 -711443.20 -165244.95
V 17552 -711443.20 -165173.95
V 17560 -711445.28 -165166.20
V 17568 -711450.95 -165160.53
V 17576 -711458.70 -165158.45
V 17584 -711558.20 -165158.45
V 17592 -711558.20 -165118.45
V 17600 -711458.70 -165118.45
V 17608 -711450.95 -165116.37
V 17616 -711445.28 -165110.70
V 17624 -711443.20 -165102.95
V 17632 -711443.20 -165031.95
V 17640 -711445.28 -165024.20
V 17648 -711450.95 -165018.53
V 17656 -711458.70 -165016.45
V 17664 -711558.20 -165016.45
V 17672 -711558.20 -164976.45
V 17680 -711458.70 -164976.45
V 17688 -711450.95 -164974.37
V 17696 -711445.28 -164968.70
V 17704 -711443.20 -164960.95
V 17712 -711443.20 -164889.95
V 17720 -711445.28 -164882.20
V 17728 -711450.95 -164876.53
V 17736 -711458.70 -164874.45
V 17744 -711558.20 -164874.45
V 17752 -711558.20 -164834.45
V 17760 -711458.70 -164834.45
V 17768 -711450.95 -164832.37
V 17776 -711445.28 -164826.70
V 17784 -711443.20 -164818.95
V 17792 -711443.20 -164747.95
V 17800 -711445.28 -164740.20
V 17808 -711450.95 -164734.53
V 17816 -711458.70 -164732.45
V 17824 -711558.20 -164732.45
V 17832 -711558.20 -164692.45
V 17840 -711458.70 -164692.45
V 17848 -711450.95 -164690.37
V 17856 -711445.28 -164684.70
V 17864 -711443.20 -164676.95
V 17872 -711443.20 -164605.95
V 17880 -711445.28 -164598.20
V 17888 -711450.95 -164592.53
V 17896 -711458.70 -164590.45
V 17904 -711558.20 -164590.45
V 17912 -711558.20 -164550.45
V 17920 -711458.70 -164550.45
V 17928 -711450.95 -164548.37
V 17936 -711445.28 -164542.70
V 17944 -711443.20 -164534.95
V 17952 -711443.20 -164463.95
V 17960 -711445.28 -164456.20
V 17968 -711450.95 -164450.53
V 17976 -711458.70 -164448.45
V 17984 -711558.20 -164448.45
V 17992 -711558.20 -164408.45
V 18000 -711458.70 -164408.45
V 18008 -711450.95 -164406.37
V 18016 -711445.28 -164400.70
V 18024 -711443.20 -164392.95
V 18032 -711443.20 -164321.95
V 18040 -711445.28 -164314.20
V 18048 -711450.95 -164308.53
V 18056 -711458.70 -164306.45
V 18064 -711558.20 -164306.45
V 18072 -711558.20 -164266.45
V 18080 -711458.70 -164266.45
V 18088 -711450.95 -164264.37
V 18096 -711445.28 -164258.70
V 18104 -711443.20 -164250.95
V 18112 -711443.20 -164179.95
V 18120 -711445.28 -164172.20
V 18128 -711450.95 -164166.53
V 18136 -711458.70 -164164.45
V 18144 -711558.20 -164164.45
V 18152 -711558.20 -164124.45
V 18160 -711458.70 -164124.45
V 18168 -711450.95 -164122.37
V 18176 -711445.28 -164116.70
V 18184 -711443.20 -164108.95
V 18192 -711443.20 -164037.95
V 18200 -711445.28 -164030.20
V 18208 -711450.95 -164024.53
V 18216 -711458.70 -164022.45
V 18224 -711558.20 -164022.45
V 18232 -711558.20 -163982.45
V 18240 -711458.70 -163982.45
V 18248 -711450.95 -163980.37
V 18256 -711445.28 -163974.70
V 18264 -711443.20 -163966.95
V 18272 -711443.20 -163895.95
V 18280 -711445.28 -163888.20
V 18288 -711450.95 -163882.53
V 18296 -711458.70 -163880.45
V 18304 -711558.20 -163880.45
V 18312 -711558.20 -163840.45
V 18320 -711458.70 -163840.45
V 18328 -711450.95 -163838.37
V 18336 -711445.28 -163832.70
V 18344 -711443.20 -163824.95
V 18352 -711443.20 -163753.95
V 18360 -711445.28 -163746.20
V 18368 -711450.95 -163740.53
V 18376 -711458.70 -163738.45
V 18384 -711558.20 -163738.45
V 18392 -711558.20 -163698.45
V 18400 -711458.70 -163698.45
V 18408 -711450.95 -163696.37
V 18416 -711445.28 -163690.70
V 18424 -711443.20 -163682.95
V 18432 -711443.20 -163611.95
V 18440 -711445.28 -163604.20
V 18448 -711450.95 -163598.53
V 18456 -711458.70 -163596.45
V 18464 -711558.20 -163596.45
V 18472 -711558.20 -163556.45
V 18480 -711458.70 -163556.45
V 18488 -711450.95 -163554.37
V 18496 -711445.28 -163548.70
V 18504 -711443.20 -163540.95
V 18512 -711443.20 -163469.95
V 18520 -711445.28 -163462.20
V 18528 -711450.95 -163456.53
V 18536 -711458.70 -163454.45
V 18544 -711558.20 -163454.45
V 18552 -711558.20 -163414.45
V 18560 -711458.70 -163414.45
V 18568 -711450.95 -163412.37
V 18576 -711445.28 -163406.70
V 18584 -711443.20 -163398.95
V 18592 -711443.20 -163327.95
V 18600 -711445.28 -163320.20
V 18608 -711450.95 -163314.53
V 18616 -711458.70 -163312.45
V 18624 -711558.20 -163312.45
V 18632 -711558.20 -163272.45
V 18640 -711458.70 -163272.45
V 18648 -711450.95 -163270.37
V 18656 -711445.28 -163264.70
V 18664 -711443.20 -163256.95
V 18672 -711443.20 -163185.95
V 18680 -711445.28 -163178.20
V 18688 -711450.95 -163172.53
V 18696 -711458.70 -163170.45
V 18704 -711558.20 -163170.45
V 18712 -711558.20 -163130.45
V 18720 -711458.70 -163130.45
V 18728 -711450.95 -163128.37
V 18736 -711445.28 -163122.70
V 18744 -711443.20 -163114.95
V 18752 -711443.20 -163043.95
V 18760 -711445.28 -163036.20
V 18768 -711450.95 -163030.53
V 18776 -711458.70 -163028.45
V 18784 -711558.20 -163028.45
V 18792 -711558.20 -162988.45
V 18800 -711458.70 -162988.45
V 18808 -711450.95 -162986.37
V 18816 -711445.28 -162980.70
V 18824 -711443.20 -162972.95
V 18832 -711443.20 -162901.95
V 18840 -711445.28 -162894.20
V 18848 -711450.95 -162888.53
V 18856 -711458.70 -162886.45
V 18864 -711558.20 -162886.45
V 18872 -711558.20 -162846.45
V 18880 -711458.70 -162846.45
V 18888 -711450.95 -162844.37
V 18896 -711445.28 -162838.70
V 18904 -711443.20 -162830.95
V 18912 -711443.20 -162759.95
V 18920 -711445.28 -162752.20
V 18928 -711450.95 -162746.53
V 18936 -711458.70 -162744.45
V 18944 -711558.20 -162744.45
V 18952 -711558.20 -162704.45
V 18960 -711458.70 -162704.45
V 18968 -711450.95 -162702.37
V 18976 -711445.28 -162696.70
V 18984 -711443.20 -162688.95
V 18992 -711443.20 -162617.95
V 19000 -711445.28 -162610.20
V 19008 -711450.95 -162604.53
V 19016 -711458.70 -162602.45
V 19024 -711558.20 -162602.45
V 19032 -711558.20 -162562.45
V 19040 -711458.70 -162562.45
V 19048 -711450.95 -162560.37
V 19056 -711445.28 -162554.70
V 19064 -711443.20 -162546.95
V 19072 -711443.20 -162475.95
V 19080 -711445.28 -162468.20
V 19088 -711450.95 -162462.53
V 19096 -711458.70 -162460.45
V 19104 -711558.20 -162460.45
V 19112 -711558.20 -162420.45
V 19120 -711458.70 -162420.45
V 19128 -711450.95 -162418.37
V 19136 -711445.28 -162412.70
V 19144 -711443.20 -162404.95
V 19152 -711443.20 -162333.95
V 19160 -711445.28 -162326.20
V 19168 -711450.95 -162320.53
V 19176 -711458.70 -162318.45
V 19184 -711558.20 -162318.45
V 19192 -711558.20 -162278.45
V 19200 -711458.70 -162278.45
V 19208 -711450.95 -162276.37
V 19216 -711445.28 -162270.70
V 19224 -711443.20 -162262.95
V 19232 -711443.20 -162191.95
V 19240 -711445.28 -162184.20
V 19248 -711450.95 -162178.53
V 19256 -711458.70 -162176.45
V 19264 -711558.20 -162176.45
V 19272 -711558.20 -162136.45
V 19280 -711458.70 -162136.45
V 19288 -711450.95 -162134.37
V 19296 -711445.28 -162128.70
V 19304 -711443.20 -162120.95
V 19312 -711443.20 -162049.95
V 19320 -711445.28 -162042.20
V 19328 -711450.95 -162036.53
V 19336 -711458.70 -162034.45
V 19344 -711558.20 -162034.45
V 19352 -711558.20 -161994.45
V 19360 -711458.70 -161994.45
V 19368 -711450.95 -161992.37
V 19376 -711445.28 -161986.70
V 19384 -711443.20 -161978.95
V 19392 -711443.20 -161907.95
V 19400 -711445.28 -161900.20
V 19408 -711450.95 -161894.53
V 19416 -711458.70 -161892.45
V 19424 -711558.20 -161892.45
V 19432 -711558.20 -161852.45
V 19440 -711458.70 -161852.45
V 19448 -711450.95 -161850.37
V 19456 -711445.28 -161844.70
V 19464 -711443.20 -161836.95
V 19472 -711443.20 -161765.95
V 19480 -711445.28 -161758.20
V 19488 -711450.95 -161752.53
V 19496 -711458.70 -161750.45
V 19504 -711558.20 -161750.45
V 19512 -711558.20 -161710.45
V 19520 -711458.70 -161710.45
V 19528 -711450.95 -161708.37
V 19536 -711445.28 -161702.70
V 19544 -711443.20 -161694.95
V 19552 -711443.20 -161623.95
V 19560 -711445.28 -161616.20
V 19568 -711450.95 -161610.53
V 19576 -711458.70 -161608.45
V 19584 -711558.20 -161608.45
V 19592 -711558.20 -161568.45
V 19600 -711458.70 -161568.45
V 19608 -711450.95 -161566.37
V 19616 -711445.28 -161560.70
V 19624 -711443.20 -161552.95
V 19632 -711443.20 -161481.95
V 19640 -711445.28 -161474.20
V 19648 -711450.95 -161468.53
V 19656 -711458.70 -161466.45
V 19664 -711558.20 -161466.45
V 19672 -711558.20 -161426.45
V 19680 -711458.70 -161426.45
V 19688 -711450.95 -161424.37
V 19696 -711445.28 -161418.70
V 19704 -711443.20 -161410.95
V 19712 -711443.20 -161339.95
V 19720 -711445.28 -161332.20
V 19728 -711450.95 -161326.53
V 19736 -711458.70 -161324.45
V 19744 -711558.20 -161324.45
V 19752 -711558.20 -161284.45
V 19760 -711516.20 -161284.45
V 19768 -711508.45 -161282.37
V 19776 -711502.78 -161276.70
V 19784 -711500.70 -161268.95
V 19792 -711500.70 -161135.46
V 19800 -711479.04 -161131.78
V 19808 -711372.37 -161113.67
V 19816 -710306.98 -160932.76
V 19824 -709391.83 -160777.37
V 19832 -708307.81 -160593.30
V 19840 -707213.63 -160407.51
V 19848 -706117.98 -160221.46
V 19856 -703797.91 -159827.51
V 19864 -703430.70 -159765.16
V 19872 -701935.29 -159511.23
V 19880 -699978.41 -159178.95
V 19888 -699688.53 -159129.73
V 19896 -698761.57 -158972.33
V 19904 -697105.45 -158691.12
V 19912 -696280.15 -158550.98
V 19920 -696131.11 -158525.67
V 19928 -695467.30 -158412.95
V 19936 -695217.53 -158370.54
V 19944 -695002.70 -158334.06
V 19952 -694325.14 -158219.01
V 19960 -693809.79 -158131.51
V 19968 -693596.48 -158095.29
V 19976 -693144.28 -158018.50
V 19984 -692894.49 -157976.09
V 19992 -692679.67 -157939.61
V 20000 -692181.14 -157854.96
V 20008 -691815.91 -157792.94
V 20016 -691616.91 -157759.15
V 20024 -691615.84 -157758.93
V 20032 -691614.80 -157758.64
V 20040 -691613.77 -157758.27
V 20048 -691612.78 -157757.84
V 20056 -691611.82 -157757.33
V 20064 -691610.89 -157756.76
V 20072 -691610.01 -157756.13
V 20080 -691609.17 -157755.43
V 20088 -691608.39 -157754.68
V 20096 -691607.66 -157753.87
V 20104 -691606.99 -157753.02
V 20112 -691606.38 -157752.12
V 20120 -691605.83 -157751.18
V 20128 -691605.35 -157750.20
V 20136 -691604.94 -157749.20
V 20144 -691604.61 -157748.16
V 20152 -691604.34 -157747.11
V 20160 -691604.15 -157746.04
V 20168 -691604.04 -157744.96
V 20176 -691604.00 -157743.87
V 20184 -691604.00 -157719.35
