V 0 1085836.69 -14511.86
V 8 1085832.26 -14473.82
V 16 1085832.25 -14473.72
V 24 1085832.21 -14473.51
V 32 1085825.39 -14448.64
V 40 1085824.77 -14441.74
V 48 1085824.53 -14441.05
V 56 1085823.99 -14440.56
V 64 1085823.28 -14440.38
V 72 1085735.66 -14440.38
V 80 1085735.66 -14443.38
V 88 1085821.91 -14443.38
V 96 1085822.42 -14448.98
V 104 1085822.42 -14449.04
V 112 1085822.43 -14449.14
V 120 1085822.46 -14449.25
V 128 1085822.47 -14449.35
V 136 1085829.28 -14474.20
V 144 1085833.86 -14513.53
V 152 1085834.11 -14514.21
V 160 1085834.65 -14514.69
V 168 1085835.35 -14514.86
V 176 1085839.86 -14514.86
V 184 1085839.86 -14511.86
