V 0 1085836.72 -55640.88
V 1 1085831.59 -55584.43
V 2 1085831.59 -55584.37
V 3 1085831.58 -55584.26
V 4 1085825.52 -55538.90
V 5 1085825.51 -55538.87
V 6 1085823.40 -55520.71
V 7 1085823.15 -55520.03
V 8 1085822.61 -55519.55
V 9 1085821.91 -55519.38
V 10 1085735.66 -55519.38
V 11 1085735.66 -55522.38
V 12 1085820.57 -55522.38
V 13 1085822.53 -55539.19
V 14 1085822.54 -55539.30
V 15 1085828.60 -55584.66
V 16 1085833.86 -55642.52
V 17 1085834.10 -55643.21
V 18 1085834.64 -55643.70
V 19 1085835.35 -55643.88
V 20 1085839.86 -55643.88
V 21 1085839.86 -55640.88
