V 0 -6357.38 -50096.16
V 8 -6361.11 -50091.09
V 16 -6366.60 -50088.00
V 24 -6397.59 -50078.35
V 32 -6397.71 -50078.31
V 40 -6397.79 -50078.29
V 48 -6674.75 -49992.00
V 56 -6674.87 -49991.96
V 64 -6674.95 -49991.94
V 72 -6951.89 -49905.65
V 80 -6952.01 -49905.61
V 88 -6952.09 -49905.59
V 96 -7229.04 -49819.31
V 104 -7229.16 -49819.27
V 112 -7229.24 -49819.25
V 120 -7506.19 -49732.95
V 128 -7506.31 -49732.91
V 136 -7506.39 -49732.89
V 144 -7783.33 -49646.61
V 152 -7783.45 -49646.57
V 160 -7783.53 -49646.55
V 168 -8337.63 -49473.91
V 176 -8337.75 -49473.87
V 184 -8337.83 -49473.85
V 192 -8614.79 -49387.55
V 200 -8614.91 -49387.51
V 208 -8614.99 -49387.49
V 216 -8891.93 -49301.22
V 224 -8892.05 -49301.18
V 232 -8892.13 -49301.16
V 240 -9169.08 -49214.86
V 248 -9169.20 -49214.82
V 256 -9169.28 -49214.80
V 264 -9446.23 -49128.52
V 272 -9446.35 -49128.48
V 280 -9446.43 -49128.46
V 288 -9723.38 -49042.16
V 296 -9723.50 -49042.12
V 304 -9723.58 -49042.10
V 312 -10007.81 -48953.55
V 320 -10007.93 -48953.51
V 328 -10007.95 -48953.50
V 336 -10764.39 -48715.14
V 344 -11400.26 -48353.90
V 352 -11400.29 -48353.88
V 360 -11400.38 -48353.83
V 368 -11400.77 -48353.61
V 376 -11615.01 -48240.18
V 384 -11888.64 -48093.92
V 392 -11888.68 -48093.90
V 400 -12154.34 -47952.06
V 408 -12421.29 -47809.52
V 416 -12421.33 -47809.50
V 424 -12687.85 -47667.20
V 432 -13221.55 -47382.22
V 440 -13488.22 -47239.83
V 448 -13488.26 -47239.81
V 456 -13754.79 -47097.50
V 464 -14021.76 -46954.95
V 472 -14288.48 -46812.53
V 480 -14555.17 -46670.13
V 488 -15088.69 -46385.26
V 496 -15355.42 -46242.83
V 504 -15622.10 -46100.43
V 512 -15622.14 -46100.41
V 520 -15888.67 -45958.11
V 528 -16422.31 -45673.16
V 536 -16422.35 -45673.14
V 544 -16688.88 -45530.84
V 552 -16955.83 -45388.29
V 560 -17222.56 -45245.87
V 568 -17489.24 -45103.47
V 576 -17489.28 -45103.45
V 584 -17755.82 -44961.14
V 592 -18022.76 -44818.60
V 600 -18627.01 -44495.95
V 608 -19134.45 -44188.94
V 616 -19535.05 -43862.47
V 624 -19784.54 -43664.78
V 632 -19784.57 -43664.76
V 640 -19784.73 -43664.64
V 648 -20065.44 -43441.62
V 656 -20065.61 -43441.47
V 664 -20552.94 -43054.39
V 672 -20810.61 -42849.72
V 680 -21068.29 -42645.05
V 688 -21325.98 -42440.36
V 696 -21583.90 -42235.50
V 704 -23387.39 -40803.00
V 712 -23645.07 -40598.31
V 720 -23902.72 -40393.66
V 728 -24160.40 -40188.99
V 736 -24418.07 -39984.32
V 744 -24675.74 -39779.66
V 752 -24933.30 -39575.08
V 760 -25189.95 -39371.23
V 768 -25437.02 -39174.98
V 776 -25506.46 -39119.82
V 784 -26040.10 -38695.95
V 792 -26373.56 -38343.45
V 800 -26637.06 -38045.18
V 808 -26637.25 -38044.96
V 816 -26637.36 -38044.84
V 824 -26886.51 -37764.08
V 832 -26886.84 -37763.73
V 840 -27136.46 -37482.34
V 848 -27136.67 -37482.09
V 856 -27137.00 -37481.74
V 864 -27386.57 -37200.41
V 872 -27386.78 -37200.16
V 880 -27387.11 -37199.81
V 888 -27886.77 -36636.59
V 896 -27886.98 -36636.34
V 904 -27887.31 -36635.99
V 912 -28136.65 -36354.91
V 920 -28136.86 -36354.66
V 928 -28137.19 -36354.31
V 936 -28386.47 -36073.32
V 944 -28386.68 -36073.07
V 952 -28387.01 -36072.72
V 960 -28645.91 -35780.88
V 968 -28646.12 -35780.63
V 976 -28646.45 -35780.28
V 984 -29008.74 -35371.89
V 992 -29008.95 -35371.64
V 1000 -29009.28 -35371.29
V 1008 -29501.22 -34816.77
V 1016 -29501.43 -34816.52
V 1024 -29501.76 -34816.17
V 1032 -29905.32 -34361.26
V 1040 -29905.53 -34361.01
V 1048 -29905.86 -34360.66
V 1056 -30387.88 -33817.31
V 1064 -30388.09 -33817.06
V 1072 -30388.20 -33816.94
V 1080 -30478.81 -33714.81
V 1088 -30479.14 -33714.46
V 1096 -30900.85 -33239.09
V 1104 -30901.06 -33238.84
V 1112 -30901.39 -33238.49
V 1120 -31405.98 -32669.71
V 1128 -31406.19 -32669.46
V 1136 -31406.52 -32669.11
V 1144 -31888.26 -32126.07
V 1152 -32120.00 -31807.87
V 1160 -32120.00 -30090.00
V 1168 -32150.00 -30090.00
V 1176 -32150.00 -31812.76
V 1184 -32149.27 -31817.40
V 1192 -32147.13 -31821.59
V 1200 -31912.14 -32144.26
V 1208 -31912.06 -32144.36
V 1216 -31911.95 -32144.51
V 1224 -31911.62 -32144.93
V 1232 -31911.27 -32145.35
V 1240 -31910.94 -32145.70
V 1248 -31428.92 -32689.05
V 1256 -31428.71 -32689.30
V 1264 -31428.38 -32689.65
V 1272 -30923.79 -33258.43
V 1280 -30923.58 -33258.68
V 1288 -30923.25 -33259.03
V 1296 -30501.54 -33734.40
V 1304 -30501.33 -33734.65
V 1312 -30501.22 -33734.77
V 1320 -30410.61 -33836.90
V 1328 -30410.28 -33837.25
V 1336 -29928.26 -34380.60
V 1344 -29928.05 -34380.85
V 1352 -29927.72 -34381.20
V 1360 -29524.16 -34836.11
V 1368 -29523.95 -34836.36
V 1376 -29523.62 -34836.71
V 1384 -29031.68 -35391.23
V 1392 -29031.47 -35391.48
V 1400 -29031.14 -35391.83
V 1408 -28668.85 -35800.22
V 1416 -28668.64 -35800.47
V 1424 -28668.31 -35800.82
V 1432 -28409.41 -36092.66
V 1440 -28409.20 -36092.91
V 1448 -28408.87 -36093.26
V 1456 -28159.59 -36374.25
V 1464 -28159.38 -36374.50
V 1472 -28159.05 -36374.85
V 1480 -27909.71 -36655.93
V 1488 -27909.50 -36656.18
V 1496 -27909.17 -36656.53
V 1504 -27409.51 -37219.75
V 1512 -27409.30 -37220.00
V 1520 -27408.97 -37220.35
V 1528 -27159.40 -37501.68
V 1536 -27159.19 -37501.93
V 1544 -27158.86 -37502.28
V 1552 -26909.24 -37783.67
V 1560 -26909.03 -37783.92
V 1568 -26908.92 -37784.04
V 1576 -26659.77 -38064.80
V 1584 -26659.52 -38065.07
V 1592 -26395.97 -38363.39
V 1600 -26395.78 -38363.61
V 1608 -26395.44 -38363.98
V 1616 -26061.16 -38717.36
V 1624 -26060.78 -38717.74
V 1632 -26060.39 -38718.11
V 1640 -26059.98 -38718.47
V 1648 -26059.64 -38718.75
V 1656 -26059.60 -38718.79
V 1664 -25525.12 -39143.32
V 1672 -25455.68 -39198.48
V 1680 -25208.61 -39394.73
V 1688 -24951.96 -39598.58
V 1696 -24694.40 -39803.16
V 1704 -24436.73 -40007.82
V 1712 -24179.06 -40212.49
V 1720 -23921.38 -40417.16
V 1728 -23663.73 -40621.81
V 1736 -23406.05 -40826.50
V 1744 -21602.56 -42259.00
V 1752 -21344.64 -42463.86
V 1760 -21086.95 -42668.55
V 1768 -20829.27 -42873.22
V 1776 -20571.60 -43077.89
V 1784 -20084.27 -43464.97
V 1792 -20084.07 -43465.12
V 1800 -19803.36 -43688.14
V 1808 -19803.18 -43688.30
V 1816 -19553.71 -43885.98
V 1824 -19152.65 -44212.82
V 1832 -19152.59 -44212.86
V 1840 -19152.46 -44212.97
V 1848 -19152.03 -44213.29
V 1856 -19151.59 -44213.61
V 1864 -19151.13 -44213.90
V 1872 -19150.62 -44214.21
V 1880 -18642.33 -44521.74
V 1888 -18642.29 -44521.76
V 1896 -18641.83 -44522.04
V 1904 -18641.48 -44522.23
V 1912 -18641.40 -44522.28
V 1920 -18036.90 -44845.06
V 1928 -17770.13 -44987.51
V 1936 -17769.92 -44987.62
V 1944 -17503.38 -45129.93
V 1952 -17236.70 -45272.33
V 1960 -16969.97 -45414.75
V 1968 -16703.19 -45557.21
V 1976 -16702.98 -45557.32
V 1984 -16436.45 -45699.62
V 1992 -15902.98 -45984.48
V 2000 -15902.77 -45984.59
V 2008 -15636.24 -46126.89
V 2016 -15369.56 -46269.29
V 2024 -15102.83 -46411.72
V 2032 -14569.31 -46696.59
V 2040 -14302.62 -46838.99
V 2048 -14035.90 -46981.41
V 2056 -13769.10 -47123.87
V 2064 -13768.89 -47123.98
V 2072 -13502.36 -47266.29
V 2080 -13235.69 -47408.68
V 2088 -12702.16 -47693.57
V 2096 -12701.95 -47693.68
V 2104 -12435.43 -47835.98
V 2112 -12168.65 -47978.43
V 2120 -12168.44 -47978.54
V 2128 -11902.78 -48120.38
V 2136 -11629.10 -48266.67
V 2144 -11629.05 -48266.70
V 2152 -11414.85 -48380.11
V 2160 -10777.92 -48741.95
V 2168 -10777.89 -48741.97
V 2176 -10777.80 -48742.02
V 2184 -10777.42 -48742.23
V 2192 -10776.93 -48742.48
V 2200 -10776.44 -48742.71
V 2208 -10775.44 -48743.11
V 2216 -10774.90 -48743.29
V 2224 -10016.97 -48982.12
V 2232 -10016.92 -48982.13
V 2240 -9732.68 -49070.68
V 2248 -9732.56 -49070.72
V 2256 -9732.48 -49070.74
V 2264 -9455.53 -49157.04
V 2272 -9455.41 -49157.08
V 2280 -9455.33 -49157.10
V 2288 -9178.38 -49243.38
V 2296 -9178.26 -49243.42
V 2304 -9178.18 -49243.44
V 2312 -8901.23 -49329.74
V 2320 -8901.11 -49329.78
V 2328 -8901.03 -49329.80
V 2336 -8624.09 -49416.07
V 2344 -8623.97 -49416.11
V 2352 -8623.89 -49416.13
V 2360 -8346.93 -49502.43
V 2368 -8346.81 -49502.47
V 2376 -8346.73 -49502.49
V 2384 -7792.63 -49675.13
V 2392 -7792.51 -49675.17
V 2400 -7792.43 -49675.19
V 2408 -7515.49 -49761.47
V 2416 -7515.37 -49761.51
V 2424 -7515.29 -49761.53
V 2432 -7238.34 -49847.83
V 2440 -7238.22 -49847.87
V 2448 -7238.14 -49847.89
V 2456 -6961.19 -49934.17
V 2464 -6961.07 -49934.21
V 2472 -6960.99 -49934.23
V 2480 -6684.05 -50020.52
V 2488 -6683.93 -50020.56
V 2496 -6683.85 -50020.58
V 2504 -6406.89 -50106.87
V 2512 -6406.77 -50106.91
V 2520 -6406.69 -50106.93
V 2528 -6386.06 -50113.36
V 2536 -6386.06 -55615.95
V 2544 -6356.06 -55615.95
V 2552 -6356.06 -50102.32
