V 0 1086281.55 -62473.95
V 8 1086272.47 -62435.04
V 16 1086262.92 -62391.30
V 24 1086262.89 -62391.22
V 32 1086262.88 -62391.16
V 40 1086262.85 -62391.09
V 48 1086262.81 -62390.97
V 56 1086261.34 -62387.07
V 64 1086261.02 -62386.56
V 72 1086260.53 -62386.22
V 80 1086259.94 -62386.10
V 88 1086164.01 -62386.10
V 96 1086163.91 -62386.11
V 104 1086163.88 -62386.12
V 112 1086158.23 -62386.67
V 120 1086158.53 -62389.65
V 128 1086164.15 -62389.10
V 136 1086258.90 -62389.10
V 144 1086259.99 -62392.00
V 152 1086269.53 -62435.68
V 160 1086269.54 -62435.70
V 168 1086278.90 -62475.79
V 176 1086279.19 -62476.39
V 184 1086279.71 -62476.80
V 192 1086280.36 -62476.95
V 200 1086323.86 -62476.95
V 208 1086323.86 -62473.95
