V 0 1085836.72 29482.62
V 8 1085831.59 29539.07
V 16 1085831.59 29539.13
V 24 1085831.58 29539.24
V 32 1085825.52 29584.60
V 40 1085825.51 29584.63
V 48 1085823.40 29602.79
V 56 1085823.15 29603.47
V 64 1085822.61 29603.95
V 72 1085821.91 29604.12
V 80 1085735.66 29604.12
V 88 1085735.66 29601.12
V 96 1085820.57 29601.12
V 104 1085822.53 29584.31
V 112 1085822.54 29584.20
V 120 1085828.60 29538.84
V 128 1085833.86 29480.98
V 136 1085834.10 29480.29
V 144 1085834.64 29479.80
V 152 1085835.35 29479.62
V 160 1085839.86 29479.62
V 168 1085839.86 29482.62
