V 0 4077.37 -719.87
V 8 4075.31 -701.73
V 16 4075.31 -701.69
V 24 4075.30 -701.62
V 32 4075.30 -701.59
V 40 4071.22 -667.66
V 48 4071.22 -667.64
V 56 4071.21 -667.57
V 64 4066.92 -633.67
V 72 4062.42 -599.78
V 80 4062.41 -599.70
V 88 4057.69 -565.85
V 96 4052.76 -532.00
V 104 4047.62 -498.17
V 112 4042.27 -464.38
V 120 4036.68 -430.50
V 128 4030.89 -396.80
V 136 4030.87 -396.72
V 144 4030.86 -396.70
V 152 4024.91 -363.25
V 160 4024.91 -363.22
V 168 4024.89 -363.10
V 176 4024.88 -363.08
V 184 4018.70 -329.58
V 192 4018.70 -329.56
V 200 4018.68 -329.43
V 208 4012.28 -295.89
V 216 4012.27 -295.82
V 224 4005.64 -262.28
V 232 4005.63 -262.23
V 240 3998.80 -228.72
V 248 3991.76 -195.34
V 256 3984.50 -161.83
V 264 3977.02 -128.43
V 272 3976.99 -128.33
V 280 3969.36 -95.20
V 288 3969.34 -95.09
V 296 3969.32 -95.04
V 304 3961.44 -61.81
V 312 3961.43 -61.74
V 320 3961.42 -61.71
V 328 3953.36 -28.59
V 336 3953.34 -28.53
V 344 3945.04 4.63
V 352 3945.04 4.66
V 360 3936.50 37.85
V 368 3927.79 70.90
V 376 3918.86 103.91
V 384 3918.83 103.97
V 392 3909.72 136.88
V 400 3909.71 136.92
V 408 3909.68 137.01
V 416 3900.35 169.84
V 424 3900.34 169.88
V 432 3900.33 169.91
V 440 3890.80 202.66
V 448 3890.79 202.70
V 456 3881.03 235.48
V 464 3871.07 268.22
V 472 3871.04 268.30
V 480 3860.91 300.82
V 488 3860.86 300.97
V 496 3850.51 333.47
V 504 3850.51 333.50
V 512 3839.93 366.03
V 520 3829.16 398.47
V 528 3818.14 430.99
V 536 3818.13 431.01
V 544 3806.95 463.25
V 552 3806.91 463.37
V 560 3795.56 495.50
V 568 3795.52 495.63
V 576 3783.93 527.78
V 584 3772.12 559.93
V 592 3760.09 592.00
V 600 3760.06 592.04
V 608 3747.91 623.89
V 616 3747.89 623.93
V 624 3735.52 655.71
V 632 3735.50 655.78
V 640 3722.90 687.59
V 648 3710.09 719.32
V 656 3710.06 719.38
V 664 3697.10 750.92
V 672 3697.07 751.00
V 680 3697.06 751.02
V 688 3683.88 782.53
V 696 3683.86 782.57
V 704 3670.48 814.01
V 712 3670.46 814.06
V 720 3656.86 845.46
V 728 3643.05 876.80
V 736 3643.02 876.85
V 744 3643.01 876.89
V 752 3629.05 907.99
V 760 3629.00 908.09
V 768 3628.99 908.12
V 776 3614.88 939.09
V 784 3614.86 939.14
V 792 3600.48 970.16
V 800 3600.45 970.22
V 808 3523.05 1134.62
V 816 3523.02 1134.68
V 824 3523.00 1134.73
V 832 3522.97 1134.77
V 840 3387.60 1373.63
V 848 3387.59 1373.66
V 856 3387.57 1373.69
V 864 3387.56 1373.71
V 872 3277.68 1549.04
V 880 3277.64 1549.10
V 888 3153.17 1732.03
V 896 3153.15 1732.06
V 904 3153.11 1732.10
V 912 3026.92 1902.21
V 920 3026.91 1902.23
V 928 3026.89 1902.26
V 936 2900.36 2059.56
V 944 2900.33 2059.59
V 952 2728.74 2252.36
V 960 2728.70 2252.40
V 968 2728.69 2252.42
V 976 2649.06 2339.25
V 984 2583.82 2402.64
V 992 2459.80 2522.90
V 1000 2459.77 2522.92
V 1008 2459.74 2522.95
V 1016 2459.71 2522.97
V 1024 2334.04 2637.08
V 1032 2334.01 2637.11
V 1040 1984.38 2924.73
V 1048 1984.36 2924.74
V 1056 1901.43 2986.46
V 1064 1901.37 2986.51
V 1072 1650.03 3151.51
V 1080 1650.01 3151.52
V 1088 1649.96 3151.55
V 1096 1649.93 3151.56
V 1104 1589.17 3188.87
V 1112 1589.15 3188.88
V 1120 1589.10 3188.91
V 1128 1589.04 3188.95
V 1136 1589.01 3188.96
V 1144 1525.27 3224.64
V 1152 1525.23 3224.67
V 1160 1462.45 3258.69
V 1168 1399.74 3291.58
V 1176 1399.71 3291.59
V 1184 1337.20 3323.30
V 1192 1337.17 3323.32
V 1200 1337.13 3323.34
V 1208 1274.64 3353.99
V 1216 1274.57 3354.02
V 1224 1212.28 3383.55
V 1232 1212.22 3383.58
V 1240 1149.92 3412.10
V 1248 1149.87 3412.12
V 1256 1149.81 3412.14
V 1264 1087.80 3439.55
V 1272 1087.78 3439.57
V 1280 1087.73 3439.59
V 1288 1087.65 3439.63
V 1296 1025.58 3466.10
V 1304 1025.56 3466.11
V 1312 1025.48 3466.14
V 1320 963.62 3491.58
V 1328 963.56 3491.61
V 1336 901.65 3516.14
V 1344 839.86 3539.71
V 1352 839.83 3539.73
V 1360 778.12 3562.37
V 1368 777.99 3562.41
V 1376 716.50 3584.10
V 1384 716.46 3584.12
V 1392 654.92 3604.96
V 1400 593.42 3624.93
V 1408 532.22 3643.97
V 1416 532.14 3644.00
V 1424 470.89 3662.24
V 1432 470.81 3662.26
V 1440 409.79 3679.60
V 1448 409.72 3679.63
V 1456 349.12 3696.06
V 1464 349.09 3696.06
V 1472 348.99 3696.08
V 1480 348.92 3696.09
V 1488 344.86 3696.09
V 1496 344.36 3695.96
V 1504 343.99 3695.59
V 1512 343.86 3695.09
V 1520 343.86 3656.70
V 1528 345.86 3656.70
V 1536 345.86 3694.09
V 1544 348.71 3694.09
V 1552 409.19 3677.69
V 1560 409.24 3677.68
V 1568 470.26 3660.34
V 1576 470.31 3660.32
V 1584 531.55 3642.08
V 1592 531.59 3642.07
V 1600 592.79 3623.03
V 1608 654.28 3603.06
V 1616 715.81 3582.22
V 1624 715.88 3582.20
V 1632 777.40 3560.50
V 1640 839.08 3537.87
V 1648 900.88 3514.30
V 1656 900.91 3514.28
V 1664 962.82 3489.75
V 1672 962.90 3489.72
V 1680 1024.76 3464.28
V 1688 1024.84 3464.24
V 1696 1086.91 3437.77
V 1704 1086.93 3437.76
V 1712 1086.99 3437.74
V 1720 1149.00 3410.33
V 1728 1149.02 3410.31
V 1736 1149.08 3410.28
V 1744 1211.38 3381.76
V 1752 1211.43 3381.74
V 1760 1273.76 3352.19
V 1768 1336.25 3321.54
V 1776 1398.77 3289.83
V 1784 1398.80 3289.81
V 1792 1461.49 3256.93
V 1800 1524.27 3222.91
V 1808 1524.30 3222.90
V 1816 1588.04 3187.22
V 1824 1588.08 3187.19
V 1832 1588.11 3187.18
V 1840 1648.87 3149.87
V 1848 1648.89 3149.86
V 1856 1648.93 3149.83
V 1864 1900.24 2984.85
V 1872 1983.15 2923.15
V 1880 2332.73 2635.57
V 1888 2332.76 2635.55
V 1896 2458.40 2521.46
V 1904 2582.42 2401.20
V 1912 2647.59 2337.88
V 1920 2727.21 2251.06
V 1928 2898.80 2058.30
V 1936 3025.32 1901.01
V 1944 3151.51 1730.91
V 1952 3151.53 1730.88
V 1960 3275.98 1547.97
V 1968 3385.86 1372.65
V 1976 3521.23 1133.80
V 1984 3521.24 1133.77
V 1992 3598.64 969.37
V 2000 3598.66 969.32
V 2008 3613.04 938.30
V 2016 3613.06 938.27
V 2024 3613.07 938.24
V 2032 3627.18 907.27
V 2040 3627.22 907.19
V 2048 3627.23 907.15
V 2056 3641.20 876.03
V 2064 3641.21 876.00
V 2072 3655.02 844.66
V 2080 3668.62 813.26
V 2088 3682.00 781.83
V 2096 3682.02 781.79
V 2104 3695.20 750.28
V 2112 3695.24 750.20
V 2120 3708.20 718.66
V 2128 3708.23 718.58
V 2136 3721.04 686.85
V 2144 3733.64 655.04
V 2152 3733.66 655.00
V 2160 3746.03 623.22
V 2168 3746.05 623.15
V 2176 3746.07 623.12
V 2184 3758.19 591.35
V 2192 3758.21 591.29
V 2200 3770.24 559.23
V 2208 3770.25 559.20
V 2216 3782.07 527.02
V 2224 3793.67 494.85
V 2232 3805.01 462.75
V 2240 3805.06 462.60
V 2248 3816.23 430.39
V 2256 3816.25 430.32
V 2264 3827.26 397.83
V 2272 3838.03 365.39
V 2280 3848.61 332.88
V 2288 3858.96 300.38
V 2296 3858.96 300.35
V 2304 3859.00 300.22
V 2312 3869.14 267.67
V 2320 3869.15 267.63
V 2328 3879.11 234.90
V 2336 3888.87 202.12
V 2344 3898.40 169.38
V 2352 3898.43 169.29
V 2360 3907.76 136.46
V 2368 3907.77 136.42
V 2376 3907.80 136.34
V 2384 3916.91 103.43
V 2392 3916.92 103.38
V 2400 3925.85 70.38
V 2408 3934.56 37.35
V 2416 3943.10 4.16
V 2424 3943.11 4.13
V 2432 3951.41 -29.03
V 2440 3951.41 -29.06
V 2448 3951.42 -29.09
V 2456 3959.48 -62.21
V 2464 3959.49 -62.24
V 2472 3959.51 -62.29
V 2480 3967.39 -95.52
V 2488 3967.40 -95.59
V 2496 3967.42 -95.66
V 2504 3975.05 -128.79
V 2512 3975.06 -128.87
V 2520 3982.54 -162.27
V 2528 3989.80 -195.76
V 2536 3996.84 -229.14
V 2544 3996.85 -229.18
V 2552 4003.69 -262.74
V 2560 4010.32 -296.27
V 2568 4010.33 -296.34
V 2576 4016.73 -329.88
V 2584 4016.74 -329.94
V 2592 4016.75 -329.96
V 2600 4022.93 -363.46
V 2608 4022.93 -363.48
V 2616 4022.95 -363.60
V 2624 4022.96 -363.62
V 2632 4028.91 -397.07
V 2640 4028.91 -397.14
V 2648 4034.70 -430.84
V 2656 4040.29 -464.70
V 2664 4045.64 -498.49
V 2672 4050.78 -532.30
V 2680 4055.71 -566.13
V 2688 4060.43 -599.98
V 2696 4064.92 -633.79
V 2704 4064.93 -633.86
V 2712 4069.22 -667.76
V 2720 4069.23 -667.83
V 2728 4069.23 -667.86
V 2736 4073.31 -701.79
V 2744 4073.31 -701.81
V 2752 4073.32 -701.88
V 2760 4073.33 -701.92
V 2768 4075.49 -720.98
V 2776 4075.65 -721.43
V 2784 4076.01 -721.75
V 2792 4076.48 -721.87
V 2800 6533.31 -721.87
V 2808 6533.31 -719.87
