V 0 1085836.72 -6817.38
V 8 1085831.59 -6760.93
V 16 1085831.59 -6760.87
V 24 1085831.58 -6760.76
V 32 1085825.52 -6715.40
V 40 1085825.51 -6715.37
V 48 1085823.40 -6697.21
V 56 1085823.15 -6696.53
V 64 1085822.61 -6696.05
V 72 1085821.91 -6695.88
V 80 1085735.66 -6695.88
V 88 1085735.66 -6698.88
V 96 1085820.57 -6698.88
V 104 1085822.53 -6715.69
V 112 1085822.54 -6715.80
V 120 1085828.60 -6761.16
V 128 1085833.86 -6819.02
V 136 1085834.10 -6819.71
V 144 1085834.64 -6820.20
V 152 1085835.35 -6820.38
V 160 1085839.86 -6820.38
V 168 1085839.86 -6817.38
