V 0 1095750.57 -81168.45
V 8 1095702.80 -81128.76
V 16 1095702.74 -81128.70
V 24 1095702.69 -81128.67
V 32 1095653.12 -81088.06
V 40 1095653.07 -81088.01
V 48 1095652.99 -81087.96
V 56 1095652.91 -81087.90
V 64 1095631.15 -81072.09
V 72 1095630.73 -81071.87
V 80 1095630.27 -81071.80
V 88 1095453.98 -81071.80
V 96 1095453.41 -81071.91
V 104 1095452.92 -81072.24
V 112 1095448.85 -81076.31
V 120 1095450.97 -81078.43
V 128 1095454.60 -81074.80
V 136 1095629.79 -81074.80
V 144 1095651.12 -81090.30
V 152 1095651.15 -81090.33
V 160 1095651.19 -81090.36
V 168 1095700.77 -81130.97
V 176 1095700.82 -81131.02
V 184 1095700.86 -81131.05
V 192 1095749.07 -81171.10
V 200 1095749.52 -81171.36
V 208 1095750.03 -81171.45
V 216 1095822.36 -81171.45
V 224 1095822.36 -81168.45
