V 0 1085836.69 -3440.36
V 8 1085832.26 -3402.32
V 16 1085832.25 -3402.22
V 24 1085832.21 -3402.01
V 32 1085825.39 -3377.14
V 40 1085824.77 -3370.24
V 48 1085824.53 -3369.55
V 56 1085823.99 -3369.06
V 64 1085823.28 -3368.88
V 72 1085735.66 -3368.88
V 80 1085735.66 -3371.88
V 88 1085821.91 -3371.88
V 96 1085822.42 -3377.48
V 104 1085822.42 -3377.54
V 112 1085822.43 -3377.64
V 120 1085822.46 -3377.75
V 128 1085822.47 -3377.85
V 136 1085829.28 -3402.70
V 144 1085833.86 -3442.03
V 152 1085834.11 -3442.71
V 160 1085834.65 -3443.19
V 168 1085835.35 -3443.36
V 176 1085839.86 -3443.36
V 184 1085839.86 -3440.36
