V 0 1085836.67 40799.55
V 8 1085831.49 40838.34
V 16 1085831.48 40838.37
V 24 1085826.35 40882.53
V 32 1085826.34 40882.63
V 40 1085826.30 40882.84
V 48 1085825.42 40886.02
V 56 1085825.12 40886.59
V 64 1085824.60 40886.98
V 72 1085823.97 40887.12
V 80 1085735.66 40887.12
V 88 1085735.66 40884.12
V 96 1085822.82 40884.12
V 104 1085823.37 40882.15
V 112 1085828.50 40838.05
V 120 1085828.51 40837.94
V 128 1085833.86 40797.85
V 136 1085834.12 40797.19
V 144 1085834.66 40796.72
V 152 1085835.35 40796.55
V 160 1085839.86 40796.55
V 168 1085839.86 40799.55
