V 0 1085836.69 -15056.36
V 8 1085832.26 -15018.32
V 16 1085832.25 -15018.22
V 24 1085832.21 -15018.01
V 32 1085825.39 -14993.14
V 40 1085824.77 -14986.24
V 48 1085824.53 -14985.55
V 56 1085823.99 -14985.06
V 64 1085823.28 -14984.88
V 72 1085735.66 -14984.88
V 80 1085735.66 -14987.88
V 88 1085821.91 -14987.88
V 96 1085822.42 -14993.48
V 104 1085822.42 -14993.54
V 112 1085822.43 -14993.64
V 120 1085822.46 -14993.75
V 128 1085822.47 -14993.85
V 136 1085829.28 -15018.70
V 144 1085833.86 -15058.03
V 152 1085834.11 -15058.71
V 160 1085834.65 -15059.19
V 168 1085835.35 -15059.36
V 176 1085839.86 -15059.36
V 184 1085839.86 -15056.36
