V 0 1085836.69 1641.64
V 8 1085832.26 1679.68
V 16 1085832.25 1679.78
V 24 1085832.21 1679.99
V 32 1085825.39 1704.86
V 40 1085824.77 1711.76
V 48 1085824.53 1712.45
V 56 1085823.99 1712.94
V 64 1085823.28 1713.12
V 72 1085735.66 1713.12
V 80 1085735.66 1710.12
V 88 1085821.91 1710.12
V 96 1085822.42 1704.52
V 104 1085822.42 1704.46
V 112 1085822.43 1704.36
V 120 1085822.46 1704.25
V 128 1085822.47 1704.15
V 136 1085829.28 1679.30
V 144 1085833.86 1639.97
V 152 1085834.11 1639.29
V 160 1085834.65 1638.81
V 168 1085835.35 1638.64
V 176 1085839.86 1638.64
V 184 1085839.86 1641.64
