V 0 -682213.31 -202394.80
V 8 -682216.95 -202389.76
V 16 -682222.33 -202386.63
V 24 -684531.46 -201626.92
V 32 -687048.42 -200553.39
V 40 -688191.52 -199942.38
V 48 -688574.06 -199637.05
V 56 -688574.18 -199636.95
V 64 -688574.61 -199636.63
V 72 -688575.05 -199636.31
V 80 -688575.91 -199635.77
V 88 -688575.94 -199635.76
V 96 -688576.00 -199635.72
V 104 -689868.53 -198883.18
V 112 -690151.73 -198658.74
V 120 -690151.77 -198658.72
V 128 -690152.19 -198658.40
V 136 -690152.63 -198658.08
V 144 -690153.49 -198657.54
V 152 -690153.52 -198657.53
V 160 -690153.58 -198657.49
V 168 -691456.46 -197898.79
V 176 -691739.89 -197674.16
V 184 -691739.93 -197674.14
V 192 -691740.35 -197673.82
V 200 -691740.79 -197673.50
V 208 -691741.65 -197672.96
V 216 -691741.68 -197672.95
V 224 -691741.74 -197672.91
V 232 -693044.11 -196914.52
V 240 -693327.66 -196689.80
V 248 -693327.70 -196689.78
V 256 -693328.12 -196689.46
V 264 -693328.56 -196689.14
V 272 -693329.42 -196688.60
V 280 -693329.45 -196688.59
V 288 -693329.51 -196688.55
V 296 -695157.92 -195623.83
V 304 -695804.08 -194879.95
V 312 -695804.30 -194879.68
V 320 -695804.67 -194879.28
V 328 -695805.05 -194878.90
V 336 -695805.44 -194878.53
V 344 -695805.47 -194878.50
V 352 -696804.51 -193970.34
V 360 -696963.06 -193758.57
V 368 -696963.08 -193758.55
V 376 -696963.13 -193758.48
V 384 -696963.46 -193758.06
V 392 -696963.81 -193757.64
V 400 -696964.18 -193757.24
V 408 -696964.56 -193756.86
V 416 -696964.95 -193756.49
V 424 -696965.00 -193756.44
V 432 -697791.03 -193008.03
V 440 -697952.65 -192792.07
V 448 -697952.67 -192792.05
V 456 -697952.72 -192791.98
V 464 -697953.05 -192791.56
V 472 -697953.40 -192791.14
V 480 -697953.77 -192790.74
V 488 -697954.15 -192790.36
V 496 -697954.54 -192789.99
V 504 -697954.59 -192789.94
V 512 -698780.18 -192041.95
V 520 -698941.82 -191825.97
V 528 -698941.84 -191825.95
V 536 -698941.89 -191825.88
V 544 -698942.22 -191825.46
V 552 -698942.57 -191825.04
V 560 -698942.94 -191824.64
V 568 -698943.32 -191824.26
V 576 -698943.71 -191823.89
V 584 -698943.76 -191823.84
V 592 -699769.41 -191075.79
V 600 -699931.16 -190859.65
V 608 -699931.18 -190859.63
V 616 -699931.23 -190859.56
V 624 -699931.56 -190859.14
V 632 -699931.91 -190858.72
V 640 -699932.28 -190858.32
V 648 -699932.66 -190857.94
V 656 -699933.05 -190857.57
V 664 -699933.10 -190857.52
V 672 -700758.61 -190109.60
V 680 -700920.32 -189893.53
V 688 -700920.34 -189893.51
V 696 -700920.39 -189893.44
V 704 -700920.72 -189893.02
V 712 -700921.07 -189892.60
V 720 -700921.44 -189892.20
V 728 -700921.82 -189891.82
V 736 -700922.21 -189891.45
V 744 -700922.26 -189891.40
V 752 -701868.58 -189034.03
V 760 -702348.10 -188312.26
V 768 -702348.41 -188311.81
V 776 -703197.20 -187130.53
V 784 -703279.10 -186935.55
V 792 -703279.12 -186935.51
V 800 -703279.32 -186935.06
V 808 -703279.55 -186934.57
V 816 -703279.81 -186934.10
V 824 -703280.08 -186933.63
V 832 -703280.36 -186933.17
V 840 -703280.67 -186932.72
V 848 -703280.76 -186932.60
V 856 -703280.78 -186932.56
V 864 -703814.29 -186196.14
V 872 -703900.47 -185990.81
V 880 -703900.49 -185990.77
V 888 -703900.69 -185990.32
V 896 -703900.92 -185989.83
V 904 -703901.18 -185989.36
V 912 -703901.45 -185988.89
V 920 -703901.73 -185988.43
V 928 -703902.04 -185987.98
V 936 -703902.13 -185987.86
V 944 -703902.15 -185987.82
V 952 -704435.36 -185251.85
V 960 -704521.53 -185046.51
V 968 -704521.75 -185046.01
V 976 -704521.98 -185045.52
V 984 -704522.24 -185045.05
V 992 -704522.51 -185044.58
V 1000 -704522.79 -185044.12
V 1008 -704523.10 -185043.67
V 1016 -704523.19 -185043.55
V 1024 -704523.21 -185043.51
V 1032 -705056.35 -184307.65
V 1040 -705142.52 -184102.30
V 1048 -705142.74 -184101.80
V 1056 -705142.97 -184101.31
V 1064 -705143.23 -184100.84
V 1072 -705143.50 -184100.37
V 1080 -705143.78 -184099.91
V 1088 -705144.09 -184099.46
V 1096 -705144.18 -184099.34
V 1104 -705144.20 -184099.30
V 1112 -705677.33 -183363.44
V 1120 -705763.50 -183158.10
V 1128 -705763.72 -183157.60
V 1136 -705763.95 -183157.11
V 1144 -705764.21 -183156.64
V 1152 -705764.48 -183156.17
V 1160 -705764.76 -183155.71
V 1168 -705765.07 -183155.26
V 1176 -705765.16 -183155.14
V 1184 -705765.18 -183155.10
V 1192 -706298.32 -182419.24
V 1200 -706384.49 -182213.89
V 1208 -706384.71 -182213.39
V 1216 -706384.94 -182212.90
V 1224 -706385.20 -182212.43
V 1232 -706385.47 -182211.96
V 1240 -706385.75 -182211.50
V 1248 -706386.06 -182211.05
V 1256 -706386.15 -182210.93
V 1264 -706386.17 -182210.89
V 1272 -706804.82 -181633.05
V 1280 -707822.89 -179728.37
V 1288 -707883.74 -179363.62
V 1296 -707883.75 -179363.58
V 1304 -707883.78 -179363.40
V 1312 -707883.89 -179362.87
V 1320 -707884.02 -179362.34
V 1328 -707884.16 -179361.82
V 1336 -707884.33 -179361.30
V 1344 -707884.51 -179360.79
V 1352 -707884.71 -179360.29
V 1360 -707884.84 -179360.00
V 1368 -707884.85 -179359.96
V 1376 -708206.41 -178641.31
V 1384 -708239.07 -178447.83
V 1392 -708239.10 -178447.65
V 1400 -708239.21 -178447.12
V 1408 -708239.34 -178446.59
V 1416 -708239.48 -178446.07
V 1424 -708239.65 -178445.55
V 1432 -708239.83 -178445.04
V 1440 -708240.03 -178444.54
V 1448 -708240.16 -178444.25
V 1456 -708240.17 -178444.21
V 1464 -708563.66 -177721.18
V 1472 -708596.30 -177527.80
V 1480 -708596.33 -177527.62
V 1488 -708596.44 -177527.09
V 1496 -708596.57 -177526.56
V 1504 -708596.71 -177526.04
V 1512 -708596.88 -177525.52
V 1520 -708597.06 -177525.01
V 1528 -708597.26 -177524.51
V 1536 -708597.39 -177524.22
V 1544 -708597.40 -177524.18
V 1552 -708920.95 -176801.04
V 1560 -708953.59 -176607.63
V 1568 -708953.62 -176607.45
V 1576 -708953.73 -176606.92
V 1584 -708953.86 -176606.39
V 1592 -708954.00 -176605.87
V 1600 -708954.17 -176605.35
V 1608 -708954.35 -176604.84
V 1616 -708954.55 -176604.34
V 1624 -708954.68 -176604.05
V 1632 -708954.69 -176604.01
V 1640 -709278.15 -175881.09
V 1648 -709310.80 -175687.66
V 1656 -709310.83 -175687.48
V 1664 -709310.94 -175686.95
V 1672 -709311.07 -175686.42
V 1680 -709311.21 -175685.90
V 1688 -709311.38 -175685.38
V 1696 -709311.56 -175684.87
V 1704 -709311.76 -175684.37
V 1712 -709311.89 -175684.08
V 1720 -709311.90 -175684.04
V 1728 -709635.39 -174961.00
V 1736 -709668.04 -174767.62
V 1744 -709668.07 -174767.44
V 1752 -709668.18 -174766.91
V 1760 -709668.31 -174766.38
V 1768 -709668.45 -174765.86
V 1776 -709668.62 -174765.34
V 1784 -709668.80 -174764.83
V 1792 -709669.00 -174764.33
V 1800 -709669.13 -174764.04
V 1808 -709669.14 -174764.00
V 1816 -709992.68 -174040.87
V 1824 -710025.32 -173847.46
V 1832 -710025.35 -173847.28
V 1840 -710025.46 -173846.75
V 1848 -710025.59 -173846.22
V 1856 -710025.73 -173845.70
V 1864 -710025.90 -173845.18
V 1872 -710026.08 -173844.67
V 1880 -710026.28 -173844.17
V 1888 -710026.41 -173843.88
V 1896 -710026.42 -173843.84
V 1904 -710349.88 -173120.91
V 1912 -710382.53 -172927.48
V 1920 -710382.56 -172927.30
V 1928 -710382.67 -172926.77
V 1936 -710382.80 -172926.24
V 1944 -710382.94 -172925.72
V 1952 -710383.11 -172925.20
V 1960 -710383.29 -172924.69
V 1968 -710383.49 -172924.19
V 1976 -710383.62 -172923.90
V 1984 -710383.63 -172923.86
V 1992 -710841.66 -171900.11
V 2000 -710841.66 -171268.19
V 2008 -710841.67 -171267.65
V 2016 -710841.70 -171267.11
V 2024 -710841.75 -171266.57
V 2032 -710841.82 -171266.03
V 2040 -710841.90 -171265.50
V 2048 -710842.01 -171264.97
V 2056 -710842.21 -171264.16
V 2064 -710997.92 -170673.62
V 2072 -710997.92 -170338.01
V 2080 -710997.93 -170337.47
V 2088 -710997.96 -170336.93
V 2096 -710998.01 -170336.39
V 2104 -710998.08 -170335.85
V 2112 -710998.16 -170335.32
V 2120 -710998.27 -170334.79
V 2128 -710998.47 -170333.98
V 2136 -711146.37 -169773.10
V 2144 -711146.37 -169437.42
V 2152 -711146.38 -169436.88
V 2160 -711146.41 -169436.34
V 2168 -711146.46 -169435.80
V 2176 -711146.53 -169435.26
V 2184 -711146.61 -169434.73
V 2192 -711146.72 -169434.20
V 2200 -711146.92 -169433.39
V 2208 -711294.81 -168872.51
V 2216 -711294.81 -168536.86
V 2224 -711294.82 -168536.32
V 2232 -711294.85 -168535.78
V 2240 -711294.90 -168535.24
V 2248 -711294.97 -168534.70
V 2256 -711295.05 -168534.17
V 2264 -711295.16 -168533.64
V 2272 -711295.36 -168532.83
V 2280 -711443.25 -167971.95
V 2288 -711443.25 -167636.31
V 2296 -711443.26 -167635.77
V 2304 -711443.29 -167635.23
V 2312 -711443.34 -167634.69
V 2320 -711443.41 -167634.15
V 2328 -711443.49 -167633.62
V 2336 -711443.60 -167633.09
V 2344 -711443.80 -167632.28
V 2352 -711591.69 -167071.40
V 2360 -711591.69 -166735.75
V 2368 -711591.70 -166735.21
V 2376 -711591.73 -166734.67
V 2384 -711591.78 -166734.13
V 2392 -711591.85 -166733.59
V 2400 -711591.93 -166733.06
V 2408 -711592.04 -166732.53
V 2416 -711592.24 -166731.72
V 2424 -711740.13 -166170.84
V 2432 -711740.13 -165835.19
V 2440 -711740.14 -165834.65
V 2448 -711740.17 -165834.11
V 2456 -711740.22 -165833.57
V 2464 -711740.29 -165833.03
V 2472 -711740.37 -165832.50
V 2480 -711740.48 -165831.97
V 2488 -711740.68 -165831.16
V 2496 -711888.57 -165270.28
V 2504 -711888.57 -164934.64
V 2512 -711888.58 -164934.10
V 2520 -711888.61 -164933.56
V 2528 -711888.66 -164933.02
V 2536 -711888.73 -164932.48
V 2544 -711888.81 -164931.95
V 2552 -711888.92 -164931.42
V 2560 -711889.12 -164930.61
V 2568 -712037.01 -164369.73
V 2576 -712037.01 -164034.11
V 2584 -712037.02 -164033.57
V 2592 -712037.05 -164033.03
V 2600 -712037.10 -164032.49
V 2608 -712037.17 -164031.95
V 2616 -712037.25 -164031.42
V 2624 -712037.36 -164030.89
V 2632 -712037.56 -164030.08
V 2640 -712185.46 -163469.19
V 2648 -712185.46 -162755.10
V 2656 -712180.88 -162728.00
V 2664 -712180.75 -162727.03
V 2672 -712180.68 -162726.05
V 2680 -712180.68 -162725.07
V 2688 -712193.96 -162258.89
V 2696 -712193.96 -161122.06
V 2704 -712164.77 -161088.34
V 2712 -712162.05 -161083.76
V 2720 -712161.11 -161078.52
V 2728 -712161.11 -160281.79
V 2736 -712131.91 -160248.05
V 2744 -712129.19 -160243.47
V 2752 -712128.25 -160238.23
V 2760 -712128.25 -159441.51
V 2768 -712099.05 -159407.78
V 2776 -712096.33 -159403.20
V 2784 -712095.39 -159397.96
V 2792 -712095.39 -158601.39
V 2800 -712066.20 -158567.66
V 2808 -712063.48 -158563.08
V 2816 -712062.54 -158557.84
V 2824 -712062.54 -157760.97
V 2832 -712033.34 -157727.24
V 2840 -712030.62 -157722.66
V 2848 -712029.68 -157717.42
V 2856 -712029.68 -156920.83
V 2864 -712000.49 -156887.10
V 2872 -711997.77 -156882.52
V 2880 -711996.83 -156877.28
V 2888 -711996.83 -156080.43
V 2896 -711967.63 -156046.70
V 2904 -711964.91 -156042.12
V 2912 -711963.97 -156036.88
V 2920 -711963.97 -155240.27
V 2928 -711934.08 -155205.72
V 2936 -711931.32 -155201.02
V 2944 -711930.42 -155195.65
V 2952 -711931.12 -155155.47
V 2960 -711931.12 -154399.89
V 2968 -711886.42 -154348.24
V 2976 -711883.98 -154344.34
V 2984 -711882.83 -154339.89
V 2992 -711811.04 -153611.03
V 3000 -711691.42 -153426.08
V 3008 -711691.41 -153426.06
V 3016 -711691.17 -153425.66
V 3024 -711690.90 -153425.19
V 3032 -711690.64 -153424.72
V 3040 -711690.41 -153424.23
V 3048 -711690.19 -153423.73
V 3056 -711689.99 -153423.23
V 3064 -711689.81 -153422.72
V 3072 -711689.64 -153422.20
V 3080 -711689.50 -153421.68
V 3088 -711689.37 -153421.15
V 3096 -711689.26 -153420.62
V 3104 -711689.21 -153420.28
V 3112 -711689.20 -153420.26
V 3120 -711582.94 -152745.06
V 3128 -711492.09 -152598.20
V 3136 -711492.08 -152598.17
V 3144 -711492.00 -152598.04
V 3152 -711491.73 -152597.57
V 3160 -711491.47 -152597.10
V 3168 -711491.24 -152596.61
V 3176 -711491.02 -152596.11
V 3184 -711490.82 -152595.61
V 3192 -711490.64 -152595.10
V 3200 -711490.47 -152594.58
V 3208 -711490.33 -152594.06
V 3216 -711490.20 -152593.53
V 3224 -711490.09 -152593.00
V 3232 -711380.55 -151902.21
V 3240 -711290.20 -151756.05
V 3248 -711290.19 -151756.02
V 3256 -711290.11 -151755.89
V 3264 -711289.84 -151755.42
V 3272 -711289.58 -151754.95
V 3280 -711289.35 -151754.46
V 3288 -711289.13 -151753.96
V 3296 -711288.93 -151753.46
V 3304 -711288.75 -151752.95
V 3312 -711288.58 -151752.43
V 3320 -711288.44 -151751.91
V 3328 -711288.31 -151751.38
V 3336 -711288.20 -151750.85
V 3344 -711178.61 -151059.85
V 3352 -711088.29 -150913.70
V 3360 -711088.28 -150913.67
V 3368 -711088.20 -150913.54
V 3376 -711087.93 -150913.07
V 3384 -711087.67 -150912.60
V 3392 -711087.44 -150912.11
V 3400 -711087.22 -150911.61
V 3408 -711087.02 -150911.11
V 3416 -711086.84 -150910.60
V 3424 -711086.67 -150910.08
V 3432 -711086.53 -150909.56
V 3440 -711086.40 -150909.03
V 3448 -711086.29 -150908.50
V 3456 -710976.68 -150217.39
V 3464 -710886.35 -150071.25
V 3472 -710886.34 -150071.22
V 3480 -710886.26 -150071.09
V 3488 -710885.99 -150070.62
V 3496 -710885.73 -150070.15
V 3504 -710885.50 -150069.66
V 3512 -710885.28 -150069.16
V 3520 -710885.08 -150068.66
V 3528 -710884.90 -150068.15
V 3536 -710884.73 -150067.63
V 3544 -710884.59 -150067.11
V 3552 -710884.46 -150066.58
V 3560 -710884.35 -150066.05
V 3568 -710774.76 -149375.05
V 3576 -710684.43 -149228.90
V 3584 -710684.42 -149228.87
V 3592 -710684.34 -149228.74
V 3600 -710684.07 -149228.27
V 3608 -710683.81 -149227.80
V 3616 -710683.58 -149227.31
V 3624 -710683.36 -149226.81
V 3632 -710683.16 -149226.31
V 3640 -710682.98 -149225.80
V 3648 -710682.81 -149225.28
V 3656 -710682.67 -149224.76
V 3664 -710682.54 -149224.23
V 3672 -710682.43 -149223.70
V 3680 -710572.83 -148532.62
V 3688 -710482.49 -148386.47
V 3696 -710482.48 -148386.44
V 3704 -710482.40 -148386.31
V 3712 -710482.13 -148385.84
V 3720 -710481.87 -148385.37
V 3728 -710481.64 -148384.88
V 3736 -710481.42 -148384.38
V 3744 -710481.22 -148383.88
V 3752 -710481.04 -148383.37
V 3760 -710480.87 -148382.85
V 3768 -710480.73 -148382.33
V 3776 -710480.60 -148381.80
V 3784 -710480.49 -148381.27
V 3792 -710370.89 -147690.23
V 3800 -710280.57 -147544.09
V 3808 -710280.56 -147544.06
V 3816 -710280.48 -147543.93
V 3824 -710280.21 -147543.46
V 3832 -710279.95 -147542.99
V 3840 -710279.72 -147542.50
V 3848 -710279.50 -147542.00
V 3856 -710279.30 -147541.50
V 3864 -710279.12 -147540.99
V 3872 -710278.95 -147540.47
V 3880 -710278.81 -147539.95
V 3888 -710278.68 -147539.42
V 3896 -710278.57 -147538.89
V 3904 -710168.97 -146847.83
V 3912 -710078.65 -146701.69
V 3920 -710078.64 -146701.66
V 3928 -710078.56 -146701.53
V 3936 -710078.29 -146701.06
V 3944 -710078.03 -146700.59
V 3952 -710077.80 -146700.10
V 3960 -710077.58 -146699.60
V 3968 -710077.38 -146699.10
V 3976 -710077.20 -146698.59
V 3984 -710077.03 -146698.07
V 3992 -710076.89 -146697.55
V 4000 -710076.76 -146697.02
V 4008 -710076.65 -146696.49
V 4016 -709967.03 -146005.43
V 4024 -709857.33 -145827.92
V 4032 -709857.27 -145827.81
V 4040 -709857.00 -145827.34
V 4048 -709856.74 -145826.87
V 4056 -709856.51 -145826.38
V 4064 -709856.29 -145825.88
V 4072 -709856.09 -145825.38
V 4080 -709855.95 -145824.98
V 4088 -709855.92 -145824.92
V 4096 -709612.82 -145111.17
V 4104 -709491.86 -144970.41
V 4112 -709491.74 -144970.27
V 4120 -709491.52 -144970.00
V 4128 -709491.19 -144969.58
V 4136 -709490.87 -144969.14
V 4144 -709490.56 -144968.69
V 4152 -709490.28 -144968.23
V 4160 -709490.01 -144967.76
V 4168 -709489.75 -144967.29
V 4176 -709489.52 -144966.80
V 4184 -709489.30 -144966.30
V 4192 -709489.08 -144965.75
V 4200 -709234.99 -144284.98
V 4208 -709118.96 -144148.07
V 4216 -709118.88 -144147.99
V 4224 -709118.53 -144147.57
V 4232 -709118.20 -144147.15
V 4240 -709117.88 -144146.71
V 4248 -709117.57 -144146.26
V 4256 -709117.29 -144145.80
V 4264 -709117.02 -144145.33
V 4272 -709116.76 -144144.86
V 4280 -709116.53 -144144.37
V 4288 -709116.31 -144143.87
V 4296 -709116.09 -144143.32
V 4304 -708861.40 -143461.58
V 4312 -708745.40 -143324.70
V 4320 -708745.32 -143324.62
V 4328 -708744.97 -143324.20
V 4336 -708744.64 -143323.78
V 4344 -708744.32 -143323.34
V 4352 -708744.01 -143322.89
V 4360 -708743.73 -143322.43
V 4368 -708743.46 -143321.96
V 4376 -708743.20 -143321.49
V 4384 -708742.97 -143321.00
V 4392 -708742.75 -143320.50
V 4400 -708742.53 -143319.95
V 4408 -708487.84 -142638.20
V 4416 -708400.81 -142535.51
V 4424 -706744.42 -142535.51
V 4432 -706744.42 -142505.51
V 4440 -708407.76 -142505.51
V 4448 -708414.06 -142506.90
V 4456 -708419.20 -142510.81
V 4464 -708512.15 -142620.50
V 4472 -708512.23 -142620.58
V 4480 -708512.58 -142621.00
V 4488 -708512.91 -142621.42
V 4496 -708513.23 -142621.86
V 4504 -708513.54 -142622.31
V 4512 -708513.82 -142622.77
V 4520 -708514.09 -142623.24
V 4528 -708514.35 -142623.71
V 4536 -708514.58 -142624.20
V 4544 -708514.80 -142624.70
V 4552 -708515.02 -142625.25
V 4560 -708769.71 -143307.00
V 4568 -708885.71 -143443.88
V 4576 -708885.79 -143443.96
V 4584 -708886.14 -143444.38
V 4592 -708886.47 -143444.80
V 4600 -708886.79 -143445.24
V 4608 -708887.10 -143445.69
V 4616 -708887.38 -143446.15
V 4624 -708887.65 -143446.62
V 4632 -708887.91 -143447.09
V 4640 -708888.14 -143447.58
V 4648 -708888.36 -143448.08
V 4656 -708888.58 -143448.63
V 4664 -709143.27 -144130.37
V 4672 -709259.31 -144267.28
V 4680 -709259.39 -144267.36
V 4688 -709259.74 -144267.78
V 4696 -709260.07 -144268.20
V 4704 -709260.39 -144268.64
V 4712 -709260.70 -144269.09
V 4720 -709260.98 -144269.55
V 4728 -709261.25 -144270.02
V 4736 -709261.51 -144270.49
V 4744 -709261.74 -144270.98
V 4752 -709261.96 -144271.48
V 4760 -709262.18 -144272.03
V 4768 -709516.24 -144952.73
V 4776 -709637.35 -145093.67
V 4784 -709637.47 -145093.81
V 4792 -709637.69 -145094.08
V 4800 -709638.02 -145094.50
V 4808 -709638.34 -145094.94
V 4816 -709638.65 -145095.39
V 4824 -709638.93 -145095.85
V 4832 -709639.20 -145096.32
V 4840 -709639.46 -145096.79
V 4848 -709639.69 -145097.28
V 4856 -709639.91 -145097.78
V 4864 -709640.11 -145098.28
V 4872 -709640.26 -145098.70
V 4880 -709640.28 -145098.74
V 4888 -709883.77 -145813.64
V 4896 -709994.13 -145992.20
V 4904 -709994.14 -145992.23
V 4912 -709994.22 -145992.36
V 4920 -709994.49 -145992.83
V 4928 -709994.75 -145993.30
V 4936 -709994.98 -145993.79
V 4944 -709995.20 -145994.29
V 4952 -709995.40 -145994.79
V 4960 -709995.58 -145995.30
V 4968 -709995.75 -145995.82
V 4976 -709995.89 -145996.34
V 4984 -709996.02 -145996.87
V 4992 -709996.13 -145997.40
V 5000 -710105.75 -146688.46
V 5008 -710196.07 -146834.60
V 5016 -710196.08 -146834.63
V 5024 -710196.16 -146834.76
V 5032 -710196.43 -146835.23
V 5040 -710196.69 -146835.70
V 5048 -710196.92 -146836.19
V 5056 -710197.14 -146836.69
V 5064 -710197.34 -146837.19
V 5072 -710197.52 -146837.70
V 5080 -710197.69 -146838.22
V 5088 -710197.83 -146838.74
V 5096 -710197.96 -146839.27
V 5104 -710198.07 -146839.80
V 5112 -710307.67 -147530.86
V 5120 -710397.99 -147677.00
V 5128 -710398.00 -147677.03
V 5136 -710398.08 -147677.16
V 5144 -710398.35 -147677.63
V 5152 -710398.61 -147678.10
V 5160 -710398.84 -147678.59
V 5168 -710399.06 -147679.09
V 5176 -710399.26 -147679.59
V 5184 -710399.44 -147680.10
V 5192 -710399.61 -147680.62
V 5200 -710399.75 -147681.14
V 5208 -710399.88 -147681.67
V 5216 -710399.99 -147682.20
V 5224 -710509.59 -148373.24
V 5232 -710599.93 -148519.39
V 5240 -710599.94 -148519.42
V 5248 -710600.02 -148519.55
V 5256 -710600.29 -148520.02
V 5264 -710600.55 -148520.49
V 5272 -710600.78 -148520.98
V 5280 -710601.00 -148521.48
V 5288 -710601.20 -148521.98
V 5296 -710601.38 -148522.49
V 5304 -710601.55 -148523.01
V 5312 -710601.69 -148523.53
V 5320 -710601.82 -148524.06
V 5328 -710601.93 -148524.59
V 5336 -710711.53 -149215.67
V 5344 -710801.86 -149361.82
V 5352 -710801.87 -149361.85
V 5360 -710801.95 -149361.98
V 5368 -710802.22 -149362.45
V 5376 -710802.48 -149362.92
V 5384 -710802.71 -149363.41
V 5392 -710802.93 -149363.91
V 5400 -710803.13 -149364.41
V 5408 -710803.31 -149364.92
V 5416 -710803.48 -149365.44
V 5424 -710803.62 -149365.96
V 5432 -710803.75 -149366.49
V 5440 -710803.86 -149367.02
V 5448 -710913.45 -150058.02
V 5456 -711003.78 -150204.16
V 5464 -711003.79 -150204.19
V 5472 -711003.87 -150204.32
V 5480 -711004.14 -150204.79
V 5488 -711004.40 -150205.26
V 5496 -711004.63 -150205.75
V 5504 -711004.85 -150206.25
V 5512 -711005.05 -150206.75
V 5520 -711005.23 -150207.26
V 5528 -711005.40 -150207.78
V 5536 -711005.54 -150208.30
V 5544 -711005.67 -150208.83
V 5552 -711005.78 -150209.36
V 5560 -711115.39 -150900.47
V 5568 -711205.71 -151046.62
V 5576 -711205.72 -151046.65
V 5584 -711205.80 -151046.78
V 5592 -711206.07 -151047.25
V 5600 -711206.33 -151047.72
V 5608 -711206.56 -151048.21
V 5616 -711206.78 -151048.71
V 5624 -711206.98 -151049.21
V 5632 -711207.16 -151049.72
V 5640 -711207.33 -151050.24
V 5648 -711207.47 -151050.76
V 5656 -711207.60 -151051.29
V 5664 -711207.71 -151051.82
V 5672 -711317.30 -151742.82
V 5680 -711407.65 -151888.98
V 5688 -711407.66 -151889.01
V 5696 -711407.74 -151889.14
V 5704 -711408.01 -151889.61
V 5712 -711408.27 -151890.08
V 5720 -711408.50 -151890.57
V 5728 -711408.72 -151891.07
V 5736 -711408.92 -151891.57
V 5744 -711409.10 -151892.08
V 5752 -711409.27 -151892.60
V 5760 -711409.41 -151893.12
V 5768 -711409.54 -151893.65
V 5776 -711409.65 -151894.18
V 5784 -711519.19 -152584.97
V 5792 -711610.05 -152731.85
V 5800 -711610.06 -152731.88
V 5808 -711610.14 -152732.01
V 5816 -711610.41 -152732.48
V 5824 -711610.67 -152732.95
V 5832 -711610.90 -152733.44
V 5840 -711611.12 -152733.94
V 5848 -711611.32 -152734.44
V 5856 -711611.50 -152734.95
V 5864 -711611.67 -152735.47
V 5872 -711611.81 -152735.99
V 5880 -711611.94 -152736.52
V 5888 -711612.05 -152737.05
V 5896 -711612.10 -152737.38
V 5904 -711612.11 -152737.41
V 5912 -711718.34 -153412.44
V 5920 -711838.21 -153597.78
V 5928 -711838.22 -153597.80
V 5936 -711838.46 -153598.20
V 5944 -711838.73 -153598.67
V 5952 -711838.99 -153599.14
V 5960 -711839.22 -153599.63
V 5968 -711839.44 -153600.13
V 5976 -711839.64 -153600.63
V 5984 -711839.82 -153601.14
V 5992 -711839.99 -153601.66
V 6000 -711840.13 -153602.18
V 6008 -711840.26 -153602.71
V 6016 -711840.37 -153603.24
V 6024 -711840.45 -153603.77
V 6032 -711840.52 -153604.31
V 6040 -711840.53 -153604.44
V 6048 -711840.54 -153604.46
V 6056 -711912.22 -154332.21
V 6064 -711957.46 -154384.48
V 6072 -711960.18 -154389.06
V 6080 -711961.12 -154394.30
V 6088 -711961.12 -155155.99
V 6096 -711960.52 -155190.45
V 6104 -711990.31 -155224.88
V 6112 -711993.03 -155229.45
V 6120 -711993.97 -155234.69
V 6128 -711993.97 -156031.29
V 6136 -712023.17 -156065.02
V 6144 -712025.89 -156069.60
V 6152 -712026.83 -156074.84
V 6160 -712026.83 -156871.69
V 6168 -712056.02 -156905.42
V 6176 -712058.74 -156910.00
V 6184 -712059.68 -156915.24
V 6192 -712059.68 -157711.83
V 6200 -712088.88 -157745.56
V 6208 -712091.60 -157750.14
V 6216 -712092.54 -157755.38
V 6224 -712092.54 -158552.25
V 6232 -712121.73 -158585.98
V 6240 -712124.45 -158590.56
V 6248 -712125.39 -158595.80
V 6256 -712125.39 -159392.37
V 6264 -712154.59 -159426.10
V 6272 -712157.31 -159430.68
V 6280 -712158.25 -159435.92
V 6288 -712158.25 -160232.64
V 6296 -712187.45 -160266.38
V 6304 -712190.17 -160270.96
V 6312 -712191.11 -160276.20
V 6320 -712191.11 -161072.93
V 6328 -712220.30 -161106.65
V 6336 -712223.02 -161111.23
V 6344 -712223.96 -161116.47
V 6352 -712223.96 -162258.97
V 6360 -712223.95 -162259.51
V 6368 -712223.94 -162259.63
V 6376 -712210.70 -162724.44
V 6384 -712215.25 -162751.34
V 6392 -712215.37 -162752.17
V 6400 -712215.44 -162753.00
V 6408 -712215.46 -162753.84
V 6416 -712215.46 -163471.11
V 6424 -712215.45 -163471.65
V 6432 -712215.42 -163472.19
V 6440 -712215.37 -163472.73
V 6448 -712215.30 -163473.27
V 6456 -712215.22 -163473.80
V 6464 -712215.11 -163474.33
V 6472 -712214.91 -163475.14
V 6480 -712067.01 -164036.03
V 6488 -712067.01 -164371.65
V 6496 -712067.00 -164372.19
V 6504 -712066.97 -164372.73
V 6512 -712066.92 -164373.27
V 6520 -712066.85 -164373.81
V 6528 -712066.77 -164374.34
V 6536 -712066.66 -164374.87
V 6544 -712066.46 -164375.68
V 6552 -711918.57 -164936.56
V 6560 -711918.57 -165272.20
V 6568 -711918.56 -165272.74
V 6576 -711918.53 -165273.28
V 6584 -711918.48 -165273.82
V 6592 -711918.41 -165274.36
V 6600 -711918.33 -165274.89
V 6608 -711918.22 -165275.42
V 6616 -711918.02 -165276.23
V 6624 -711770.13 -165837.11
V 6632 -711770.13 -166172.76
V 6640 -711770.12 -166173.30
V 6648 -711770.09 -166173.84
V 6656 -711770.04 -166174.38
V 6664 -711769.97 -166174.92
V 6672 -711769.89 -166175.45
V 6680 -711769.78 -166175.98
V 6688 -711769.58 -166176.79
V 6696 -711621.69 -166737.67
V 6704 -711621.69 -167073.32
V 6712 -711621.68 -167073.86
V 6720 -711621.65 -167074.40
V 6728 -711621.60 -167074.94
V 6736 -711621.53 -167075.48
V 6744 -711621.45 -167076.01
V 6752 -711621.34 -167076.54
V 6760 -711621.14 -167077.35
V 6768 -711473.25 -167638.23
V 6776 -711473.25 -167973.87
V 6784 -711473.24 -167974.41
V 6792 -711473.21 -167974.95
V 6800 -711473.16 -167975.49
V 6808 -711473.09 -167976.03
V 6816 -711473.01 -167976.56
V 6824 -711472.90 -167977.09
V 6832 -711472.70 -167977.90
V 6840 -711324.81 -168538.78
V 6848 -711324.81 -168874.43
V 6856 -711324.80 -168874.97
V 6864 -711324.77 -168875.51
V 6872 -711324.72 -168876.05
V 6880 -711324.65 -168876.59
V 6888 -711324.57 -168877.12
V 6896 -711324.46 -168877.65
V 6904 -711324.26 -168878.46
V 6912 -711176.37 -169439.34
V 6920 -711176.37 -169775.02
V 6928 -711176.36 -169775.56
V 6936 -711176.33 -169776.10
V 6944 -711176.28 -169776.64
V 6952 -711176.21 -169777.18
V 6960 -711176.13 -169777.71
V 6968 -711176.02 -169778.24
V 6976 -711175.82 -169779.05
V 6984 -711027.92 -170339.93
V 6992 -711027.92 -170675.54
V 7000 -711027.91 -170676.08
V 7008 -711027.88 -170676.62
V 7016 -711027.83 -170677.16
V 7024 -711027.76 -170677.70
V 7032 -711027.68 -170678.23
V 7040 -711027.57 -170678.76
V 7048 -711027.37 -170679.57
V 7056 -710871.66 -171270.11
V 7064 -710871.66 -171903.31
V 7072 -710871.65 -171903.85
V 7080 -710871.62 -171904.39
V 7088 -710871.57 -171904.93
V 7096 -710871.50 -171905.47
V 7104 -710871.42 -171906.00
V 7112 -710871.31 -171906.53
V 7120 -710871.18 -171907.06
V 7128 -710871.04 -171907.58
V 7136 -710870.87 -171908.10
V 7144 -710870.69 -171908.61
V 7152 -710870.49 -171909.11
V 7160 -710870.35 -171909.42
V 7168 -710870.35 -171909.44
V 7176 -710411.79 -172934.37
V 7184 -710379.14 -173127.80
V 7192 -710379.11 -173127.98
V 7200 -710379.00 -173128.51
V 7208 -710378.87 -173129.04
V 7216 -710378.73 -173129.56
V 7224 -710378.56 -173130.08
V 7232 -710378.38 -173130.59
V 7240 -710378.18 -173131.09
V 7248 -710378.05 -173131.38
V 7256 -710378.04 -173131.42
V 7264 -710054.58 -173854.35
V 7272 -710021.94 -174047.76
V 7280 -710021.91 -174047.94
V 7288 -710021.80 -174048.47
V 7296 -710021.67 -174049.00
V 7304 -710021.53 -174049.52
V 7312 -710021.36 -174050.04
V 7320 -710021.18 -174050.55
V 7328 -710020.98 -174051.05
V 7336 -710020.85 -174051.34
V 7344 -710020.84 -174051.38
V 7352 -709697.30 -174774.51
V 7360 -709664.65 -174967.89
V 7368 -709664.62 -174968.07
V 7376 -709664.51 -174968.60
V 7384 -709664.38 -174969.13
V 7392 -709664.24 -174969.65
V 7400 -709664.07 -174970.17
V 7408 -709663.89 -174970.68
V 7416 -709663.69 -174971.18
V 7424 -709663.56 -174971.47
V 7432 -709663.55 -174971.51
V 7440 -709340.06 -175694.55
V 7448 -709307.41 -175887.98
V 7456 -709307.38 -175888.16
V 7464 -709307.27 -175888.69
V 7472 -709307.14 -175889.22
V 7480 -709307.00 -175889.74
V 7488 -709306.83 -175890.26
V 7496 -709306.65 -175890.77
V 7504 -709306.45 -175891.27
V 7512 -709306.32 -175891.56
V 7520 -709306.31 -175891.60
V 7528 -708982.85 -176614.52
V 7536 -708950.21 -176807.93
V 7544 -708950.18 -176808.11
V 7552 -708950.07 -176808.64
V 7560 -708949.94 -176809.17
V 7568 -708949.80 -176809.69
V 7576 -708949.63 -176810.21
V 7584 -708949.45 -176810.72
V 7592 -708949.25 -176811.22
V 7600 -708949.12 -176811.51
V 7608 -708949.11 -176811.55
V 7616 -708625.56 -177534.69
V 7624 -708592.92 -177728.07
V 7632 -708592.89 -177728.25
V 7640 -708592.78 -177728.78
V 7648 -708592.65 -177729.31
V 7656 -708592.51 -177729.83
V 7664 -708592.34 -177730.35
V 7672 -708592.16 -177730.86
V 7680 -708591.96 -177731.36
V 7688 -708591.83 -177731.65
V 7696 -708591.82 -177731.69
V 7704 -708268.33 -178454.72
V 7712 -708235.67 -178648.20
V 7720 -708235.64 -178648.38
V 7728 -708235.53 -178648.91
V 7736 -708235.40 -178649.44
V 7744 -708235.26 -178649.96
V 7752 -708235.09 -178650.48
V 7760 -708234.91 -178650.99
V 7768 -708234.71 -178651.49
V 7776 -708234.58 -178651.78
V 7784 -708234.57 -178651.82
V 7792 -707913.03 -179370.44
V 7800 -707852.09 -179735.73
V 7808 -707852.08 -179735.77
V 7816 -707852.05 -179735.95
V 7824 -707851.94 -179736.48
V 7832 -707851.81 -179737.01
V 7840 -707851.67 -179737.53
V 7848 -707851.50 -179738.05
V 7856 -707851.32 -179738.56
V 7864 -707851.12 -179739.06
V 7872 -707850.90 -179739.56
V 7880 -707850.67 -179740.05
V 7888 -706830.94 -181647.82
V 7896 -706830.79 -181648.10
V 7904 -706830.41 -181648.76
V 7912 -706830.13 -181649.22
V 7920 -706829.75 -181649.77
V 7928 -706829.71 -181649.83
V 7936 -706411.47 -182227.11
V 7944 -706325.30 -182432.46
V 7952 -706325.08 -182432.96
V 7960 -706324.85 -182433.45
V 7968 -706324.59 -182433.92
V 7976 -706324.32 -182434.39
V 7984 -706324.04 -182434.85
V 7992 -706323.73 -182435.30
V 8000 -706323.64 -182435.42
V 8008 -706323.62 -182435.46
V 8016 -705790.48 -183171.32
V 8024 -705704.31 -183376.66
V 8032 -705704.09 -183377.16
V 8040 -705703.86 -183377.65
V 8048 -705703.60 -183378.12
V 8056 -705703.33 -183378.59
V 8064 -705703.05 -183379.05
V 8072 -705702.74 -183379.50
V 8080 -705702.65 -183379.62
V 8088 -705702.63 -183379.66
V 8096 -705169.50 -184115.52
V 8104 -705083.33 -184320.87
V 8112 -705083.11 -184321.37
V 8120 -705082.88 -184321.86
V 8128 -705082.62 -184322.33
V 8136 -705082.35 -184322.80
V 8144 -705082.07 -184323.26
V 8152 -705081.76 -184323.71
V 8160 -705081.67 -184323.83
V 8168 -705081.65 -184323.87
V 8176 -704548.51 -185059.73
V 8184 -704462.34 -185265.07
V 8192 -704462.12 -185265.57
V 8200 -704461.89 -185266.06
V 8208 -704461.63 -185266.53
V 8216 -704461.36 -185267.00
V 8224 -704461.08 -185267.46
V 8232 -704460.77 -185267.91
V 8240 -704460.68 -185268.03
V 8248 -704460.66 -185268.07
V 8256 -703927.46 -186004.03
V 8264 -703841.28 -186209.36
V 8272 -703841.26 -186209.40
V 8280 -703841.06 -186209.85
V 8288 -703840.83 -186210.34
V 8296 -703840.57 -186210.81
V 8304 -703840.30 -186211.28
V 8312 -703840.02 -186211.74
V 8320 -703839.71 -186212.19
V 8328 -703839.62 -186212.31
V 8336 -703839.60 -186212.35
V 8344 -703306.09 -186948.77
V 8352 -703224.21 -187143.70
V 8360 -703224.19 -187143.74
V 8368 -703223.99 -187144.19
V 8376 -703223.76 -187144.68
V 8384 -703223.50 -187145.15
V 8392 -703223.23 -187145.62
V 8400 -703222.95 -187146.08
V 8408 -703222.64 -187146.53
V 8416 -702373.00 -188329.00
V 8424 -701892.59 -189052.10
V 8432 -701892.28 -189052.55
V 8440 -701891.96 -189052.99
V 8448 -701891.63 -189053.41
V 8456 -701891.28 -189053.83
V 8464 -701890.91 -189054.23
V 8472 -701890.53 -189054.61
V 8480 -701890.14 -189054.98
V 8488 -701890.09 -189055.03
V 8496 -700943.47 -189912.67
V 8504 -700781.76 -190128.74
V 8512 -700781.74 -190128.76
V 8520 -700781.69 -190128.83
V 8528 -700781.36 -190129.25
V 8536 -700781.01 -190129.67
V 8544 -700780.64 -190130.07
V 8552 -700780.26 -190130.45
V 8560 -700779.82 -190130.87
V 8568 -699954.31 -190878.79
V 8576 -699792.56 -191094.93
V 8584 -699792.54 -191094.95
V 8592 -699792.49 -191095.02
V 8600 -699792.16 -191095.44
V 8608 -699791.81 -191095.86
V 8616 -699791.44 -191096.26
V 8624 -699791.06 -191096.64
V 8632 -699790.62 -191097.06
V 8640 -698964.97 -191845.11
V 8648 -698803.33 -192061.09
V 8656 -698803.31 -192061.11
V 8664 -698803.26 -192061.18
V 8672 -698802.93 -192061.60
V 8680 -698802.58 -192062.02
V 8688 -698802.21 -192062.42
V 8696 -698801.83 -192062.80
V 8704 -698801.39 -192063.22
V 8712 -697975.80 -192811.21
V 8720 -697814.18 -193027.17
V 8728 -697814.16 -193027.19
V 8736 -697814.11 -193027.26
V 8744 -697813.78 -193027.68
V 8752 -697813.43 -193028.10
V 8760 -697813.06 -193028.50
V 8768 -697812.68 -193028.88
V 8776 -697812.24 -193029.30
V 8784 -696986.21 -193777.71
V 8792 -696827.68 -193989.46
V 8800 -696827.66 -193989.48
V 8808 -696827.61 -193989.55
V 8816 -696827.28 -193989.97
V 8824 -696826.93 -193990.39
V 8832 -696826.56 -193990.79
V 8840 -696826.18 -193991.17
V 8848 -696825.76 -193991.57
V 8856 -695826.29 -194900.11
V 8864 -695179.09 -195645.19
V 8872 -695178.87 -195645.46
V 8880 -695178.50 -195645.86
V 8888 -695178.12 -195646.24
V 8896 -695177.73 -195646.61
V 8904 -695177.32 -195646.97
V 8912 -695176.90 -195647.32
V 8920 -695176.47 -195647.64
V 8928 -695176.03 -195647.96
V 8936 -695175.57 -195648.25
V 8944 -695175.16 -195648.50
V 8952 -695175.14 -195648.51
V 8960 -695175.08 -195648.55
V 8968 -693345.49 -196713.96
V 8976 -693061.94 -196938.68
V 8984 -693061.90 -196938.70
V 8992 -693061.48 -196939.02
V 9000 -693061.04 -196939.34
V 9008 -693060.18 -196939.88
V 9016 -693060.15 -196939.89
V 9024 -693060.09 -196939.93
V 9032 -691757.72 -197698.32
V 9040 -691474.29 -197922.95
V 9048 -691474.25 -197922.97
V 9056 -691473.83 -197923.29
V 9064 -691473.39 -197923.61
V 9072 -691472.53 -197924.15
V 9080 -691472.50 -197924.16
V 9088 -691472.44 -197924.20
V 9096 -690169.56 -198682.90
V 9104 -689886.36 -198907.34
V 9112 -689886.32 -198907.36
V 9120 -689885.90 -198907.68
V 9128 -689885.46 -198908.00
V 9136 -689884.60 -198908.54
V 9144 -689884.57 -198908.55
V 9152 -689884.51 -198908.59
V 9160 -688591.97 -199661.14
V 9168 -688209.21 -199966.65
V 9176 -688209.09 -199966.75
V 9184 -688208.66 -199967.07
V 9192 -688208.22 -199967.39
V 9200 -688207.76 -199967.68
V 9208 -688207.30 -199967.96
V 9216 -688206.89 -199968.19
V 9224 -687061.98 -200580.16
V 9232 -687061.94 -200580.18
V 9240 -687061.45 -200580.43
V 9248 -687060.96 -200580.66
V 9256 -687060.82 -200580.72
V 9264 -687060.79 -200580.73
V 9272 -684542.85 -201654.68
V 9280 -684542.79 -201654.71
V 9288 -684542.70 -201654.75
V 9296 -684542.62 -201654.78
V 9304 -684542.53 -201654.81
V 9312 -684541.79 -201655.11
V 9320 -684541.48 -201655.21
V 9328 -684541.43 -201655.23
V 9336 -682242.02 -202411.74
V 9344 -682242.02 -209773.70
V 9352 -682212.02 -209773.70
V 9360 -682212.02 -202400.88
