V 0 -17221.23 19735.55
V 1 -17221.33 19735.77
V 2 -17221.47 19736.05
V 3 -17221.63 19736.32
V 4 -17221.80 19736.58
V 5 -17222.00 19736.83
V 6 -17222.21 19737.06
V 7 -17222.43 19737.28
V 8 -17222.66 19737.49
V 9 -17222.91 19737.69
V 10 -17223.17 19737.86
V 11 -17223.44 19738.02
V 12 -17223.72 19738.16
V 13 -17224.01 19738.29
V 14 -17224.30 19738.40
V 15 -17224.61 19738.48
V 16 -17224.91 19738.55
V 17 -17225.22 19738.60
V 18 -17225.54 19738.63
V 19 -17225.85 19738.64
V 20 -17226.16 19738.63
V 21 -17226.48 19738.60
V 22 -17226.79 19738.55
V 23 -17227.09 19738.48
V 24 -17227.40 19738.40
V 25 -17227.69 19738.29
V 26 -17227.98 19738.16
V 27 -17228.26 19738.02
V 28 -17228.53 19737.86
V 29 -17228.79 19737.69
V 30 -17229.04 19737.49
V 31 -17229.27 19737.28
V 32 -17229.49 19737.06
V 33 -17229.70 19736.83
V 34 -17229.90 19736.58
V 35 -17230.07 19736.32
V 36 -17230.15 19736.19
V 37 -17230.68 19736.23
V 38 -17230.83 19734.11
V 39 -17264.46 19395.29
V 40 -17365.19 19067.25
V 41 -17521.93 18762.41
V 42 -17745.71 18489.84
V 43 -18011.68 18272.10
V 44 -18324.75 18108.14
V 45 -18655.76 18006.02
V 46 -19000.82 17976.68
V 47 -19331.28 18010.84
V 48 -19671.23 18112.95
V 49 -19961.79 18271.16
V 50 -20234.22 18492.77
V 51 -20447.16 18754.31
V 52 -20613.97 19061.49
V 53 -20713.95 19392.24
V 54 -20747.40 19736.17
V 55 -20747.40 24522.15
V 56 -20757.40 24522.15
V 57 -20757.40 19735.90
V 58 -20757.39 19735.59
V 59 -20757.38 19735.53
V 60 -20757.38 19735.42
V 61 -20723.86 19390.78
V 62 -20723.85 19390.72
V 63 -20723.84 19390.63
V 64 -20723.79 19390.32
V 65 -20723.72 19390.02
V 66 -20723.68 19389.88
V 67 -20723.67 19389.81
V 68 -20623.40 19058.10
V 69 -20623.38 19058.03
V 70 -20623.27 19057.74
V 71 -20623.14 19057.45
V 72 -20622.99 19057.15
V 73 -20455.70 18749.08
V 74 -20455.54 18748.81
V 75 -20455.37 18748.55
V 76 -20455.20 18748.33
V 77 -20241.66 18486.05
V 78 -20241.63 18486.02
V 79 -20241.42 18485.79
V 80 -20241.20 18485.57
V 81 -20240.97 18485.36
V 82 -20240.94 18485.33
V 83 -19967.77 18263.13
V 84 -19967.55 18262.96
V 85 -19967.29 18262.79
V 86 -19967.02 18262.63
V 87 -19675.56 18103.92
V 88 -19675.28 18103.78
V 89 -19674.99 18103.65
V 90 -19674.70 18103.54
V 91 -19333.88 18001.17
V 92 -19333.73 18001.13
V 93 -19333.71 18001.13
V 94 -19333.53 18001.08
V 95 -19333.23 18001.01
V 96 -19332.92 18000.96
V 97 -19332.67 18000.94
V 98 -19001.53 17966.71
V 99 -19001.49 17966.70
V 100 -19001.17 17966.67
V 101 -19000.86 17966.66
V 102 -19000.55 17966.67
V 103 -18654.48 17996.10
V 104 -18654.41 17996.11
V 105 -18654.37 17996.11
V 106 -18654.16 17996.13
V 107 -18653.85 17996.18
V 108 -18653.55 17996.25
V 109 -18653.24 17996.33
V 110 -18653.17 17996.36
V 111 -18321.38 18098.72
V 112 -18321.29 18098.74
V 113 -18321.00 18098.85
V 114 -18320.71 18098.98
V 115 -18320.58 18099.05
V 116 -18320.52 18099.07
V 117 -18006.58 18263.48
V 118 -18006.55 18263.50
V 119 -18006.49 18263.53
V 120 -18006.22 18263.69
V 121 -18005.96 18263.86
V 122 -18005.76 18264.02
V 123 -18005.73 18264.04
V 124 -17739.02 18482.39
V 125 -17739.00 18482.41
V 126 -17738.77 18482.62
V 127 -17738.55 18482.84
V 128 -17738.34 18483.07
V 129 -17738.14 18483.32
V 130 -17513.91 18756.43
V 131 -17513.85 18756.50
V 132 -17513.65 18756.75
V 133 -17513.48 18757.01
V 134 -17513.32 18757.28
V 135 -17513.29 18757.34
V 136 -17513.25 18757.40
V 137 -17356.10 19063.05
V 138 -17356.06 19063.15
V 139 -17356.03 19063.21
V 140 -17355.90 19063.50
V 141 -17355.79 19063.79
V 142 -17355.77 19063.88
V 143 -17254.79 19392.70
V 144 -17254.77 19392.76
V 145 -17254.69 19393.07
V 146 -17254.62 19393.37
V 147 -17254.57 19393.68
V 148 -17254.56 19393.76
V 149 -17254.55 19393.82
V 150 -17220.87 19733.15
V 151 -17220.70 19735.51

