V 0 -595079.00 -157719.35
V 8 -595079.00 -157730.78
V 16 -595265.09 -157762.38
V 24 -600143.43 -158590.73
V 32 -602584.85 -159005.29
V 40 -616901.37 -161436.26
V 48 -617101.50 -161470.25
V 56 -617566.08 -161549.14
V 64 -618960.22 -161785.87
V 72 -618960.24 -161785.87
V 80 -618960.44 -161785.90
V 88 -621747.94 -162259.22
V 96 -621748.07 -162259.24
V 104 -624070.54 -162653.61
V 112 -625199.90 -162845.37
V 120 -625711.01 -162932.16
V 128 -627661.65 -163263.38
V 136 -630574.93 -163758.07
V 144 -630574.95 -163758.07
V 152 -630575.11 -163758.10
V 160 -630575.33 -163758.13
V 168 -646842.07 -166520.26
V 176 -648898.79 -166869.50
V 184 -648905.40 -166872.31
V 192 -648910.04 -166877.79
V 200 -648911.70 -166884.78
V 208 -648911.70 -167019.95
V 216 -648909.62 -167027.70
V 224 -648903.95 -167033.37
V 232 -648896.20 -167035.45
V 240 -648854.20 -167035.45
V 248 -648854.20 -167075.45
V 256 -648953.70 -167075.45
V 264 -648961.45 -167077.53
V 272 -648967.12 -167083.20
V 280 -648969.20 -167090.95
V 288 -648969.20 -167161.95
V 296 -648967.12 -167169.70
V 304 -648961.45 -167175.37
V 312 -648953.70 -167177.45
V 320 -648854.20 -167177.45
V 328 -648854.20 -167217.45
V 336 -648953.70 -167217.45
V 344 -648961.45 -167219.53
V 352 -648967.12 -167225.20
V 360 -648969.20 -167232.95
V 368 -648969.20 -167303.95
V 376 -648967.12 -167311.70
V 384 -648961.45 -167317.37
V 392 -648953.70 -167319.45
V 400 -648854.20 -167319.45
V 408 -648854.20 -167359.45
V 416 -648953.70 -167359.45
V 424 -648961.45 -167361.53
V 432 -648967.12 -167367.20
V 440 -648969.20 -167374.95
V 448 -648969.20 -167445.95
V 456 -648967.12 -167453.70
V 464 -648961.45 -167459.37
V 472 -648953.70 -167461.45
V 480 -648854.20 -167461.45
V 488 -648854.20 -167501.45
V 496 -648953.70 -167501.45
V 504 -648961.45 -167503.53
V 512 -648967.12 -167509.20
V 520 -648969.20 -167516.95
V 528 -648969.20 -167587.95
V 536 -648967.12 -167595.70
V 544 -648961.45 -167601.37
V 552 -648953.70 -167603.45
V 560 -648854.20 -167603.45
V 568 -648854.20 -167643.45
V 576 -648953.70 -167643.45
V 584 -648961.45 -167645.53
V 592 -648967.12 -167651.20
V 600 -648969.20 -167658.95
V 608 -648969.20 -167729.95
V 616 -648967.12 -167737.70
V 624 -648961.45 -167743.37
V 632 -648953.70 -167745.45
V 640 -648854.20 -167745.45
V 648 -648854.20 -167785.45
V 656 -648953.70 -167785.45
V 664 -648961.45 -167787.53
V 672 -648967.12 -167793.20
V 680 -648969.20 -167800.95
V 688 -648969.20 -167871.95
V 696 -648967.12 -167879.70
V 704 -648961.45 -167885.37
V 712 -648953.70 -167887.45
V 720 -648854.20 -167887.45
V 728 -648854.20 -167927.45
V 736 -648953.70 -167927.45
V 744 -648961.45 -167929.53
V 752 -648967.12 -167935.20
V 760 -648969.20 -167942.95
V 768 -648969.20 -168013.95
V 776 -648967.12 -168021.70
V 784 -648961.45 -168027.37
V 792 -648953.70 -168029.45
V 800 -648854.20 -168029.45
V 808 -648854.20 -168069.45
V 816 -648953.70 -168069.45
V 824 -648961.45 -168071.53
V 832 -648967.12 -168077.20
V 840 -648969.20 -168084.95
V 848 -648969.20 -168155.95
V 856 -648967.12 -168163.70
V 864 -648961.45 -168169.37
V 872 -648953.70 -168171.45
V 880 -648854.20 -168171.45
V 888 -648854.20 -168211.45
V 896 -648953.70 -168211.45
V 904 -648961.45 -168213.53
V 912 -648967.12 -168219.20
V 920 -648969.20 -168226.95
V 928 -648969.20 -168297.95
V 936 -648967.12 -168305.70
V 944 -648961.45 -168311.37
V 952 -648953.70 -168313.45
V 960 -648854.20 -168313.45
V 968 -648854.20 -168353.45
V 976 -648953.70 -168353.45
V 984 -648961.45 -168355.53
V 992 -648967.12 -168361.20
V 1000 -648969.20 -168368.95
V 1008 -648969.20 -168439.95
V 1016 -648967.12 -168447.70
V 1024 -648961.45 -168453.37
V 1032 -648953.70 -168455.45
V 1040 -648854.20 -168455.45
V 1048 -648854.20 -168495.45
V 1056 -648953.70 -168495.45
V 1064 -648961.45 -168497.53
V 1072 -648967.12 -168503.20
V 1080 -648969.20 -168510.95
V 1088 -648969.20 -168581.95
V 1096 -648967.12 -168589.70
V 1104 -648961.45 -168595.37
V 1112 -648953.70 -168597.45
V 1120 -648854.20 -168597.45
V 1128 -648854.20 -168637.45
V 1136 -648953.70 -168637.45
V 1144 -648961.45 -168639.53
V 1152 -648967.12 -168645.20
V 1160 -648969.20 -168652.95
V 1168 -648969.20 -168723.95
V 1176 -648967.12 -168731.70
V 1184 -648961.45 -168737.37
V 1192 -648953.70 -168739.45
V 1200 -648854.20 -168739.45
V 1208 -648854.20 -168779.45
V 1216 -648953.70 -168779.45
V 1224 -648961.45 -168781.53
V 1232 -648967.12 -168787.20
V 1240 -648969.20 -168794.95
V 1248 -648969.20 -168865.95
V 1256 -648967.12 -168873.70
V 1264 -648961.45 -168879.37
V 1272 -648953.70 -168881.45
V 1280 -648854.20 -168881.45
V 1288 -648854.20 -168921.45
V 1296 -648953.70 -168921.45
V 1304 -648961.45 -168923.53
V 1312 -648967.12 -168929.20
V 1320 -648969.20 -168936.95
V 1328 -648969.20 -169007.95
V 1336 -648967.12 -169015.70
V 1344 -648961.45 -169021.37
V 1352 -648953.70 -169023.45
V 1360 -648854.20 -169023.45
V 1368 -648854.20 -169063.45
V 1376 -648953.70 -169063.45
V 1384 -648961.45 -169065.53
V 1392 -648967.12 -169071.20
V 1400 -648969.20 -169078.95
V 1408 -648969.20 -169149.95
V 1416 -648967.12 -169157.70
V 1424 -648961.45 -169163.37
V 1432 -648953.70 -169165.45
V 1440 -648854.20 -169165.45
V 1448 -648854.20 -169205.45
V 1456 -648953.70 -169205.45
V 1464 -648961.45 -169207.53
V 1472 -648967.12 -169213.20
V 1480 -648969.20 -169220.95
V 1488 -648969.20 -169291.95
V 1496 -648967.12 -169299.70
V 1504 -648961.45 -169305.37
V 1512 -648953.70 -169307.45
V 1520 -648854.20 -169307.45
V 1528 -648854.20 -169347.45
V 1536 -648953.70 -169347.45
V 1544 -648961.45 -169349.53
V 1552 -648967.12 -169355.20
V 1560 -648969.20 -169362.95
V 1568 -648969.20 -169433.95
V 1576 -648967.12 -169441.70
V 1584 -648961.45 -169447.37
V 1592 -648953.70 -169449.45
V 1600 -648854.20 -169449.45
V 1608 -648854.20 -169489.45
V 1616 -648953.70 -169489.45
V 1624 -648961.45 -169491.53
V 1632 -648967.12 -169497.20
V 1640 -648969.20 -169504.95
V 1648 -648969.20 -169575.95
V 1656 -648967.12 -169583.70
V 1664 -648961.45 -169589.37
V 1672 -648953.70 -169591.45
V 1680 -648854.20 -169591.45
V 1688 -648854.20 -169631.45
V 1696 -648953.70 -169631.45
V 1704 -648961.45 -169633.53
V 1712 -648967.12 -169639.20
V 1720 -648969.20 -169646.95
V 1728 -648969.20 -169717.95
V 1736 -648967.12 -169725.70
V 1744 -648961.45 -169731.37
V 1752 -648953.70 -169733.45
V 1760 -648854.20 -169733.45
V 1768 -648854.20 -169773.45
V 1776 -648953.70 -169773.45
V 1784 -648961.45 -169775.53
V 1792 -648967.12 -169781.20
V 1800 -648969.20 -169788.95
V 1808 -648969.20 -169859.95
V 1816 -648967.12 -169867.70
V 1824 -648961.45 -169873.37
V 1832 -648953.70 -169875.45
V 1840 -648854.20 -169875.45
V 1848 -648854.20 -169915.45
V 1856 -648953.70 -169915.45
V 1864 -648961.45 -169917.53
V 1872 -648967.12 -169923.20
V 1880 -648969.20 -169930.95
V 1888 -648969.20 -170001.95
V 1896 -648967.12 -170009.70
V 1904 -648961.45 -170015.37
V 1912 -648953.70 -170017.45
V 1920 -648854.20 -170017.45
V 1928 -648854.20 -170057.45
V 1936 -648953.70 -170057.45
V 1944 -648961.45 -170059.53
V 1952 -648967.12 -170065.20
V 1960 -648969.20 -170072.95
V 1968 -648969.20 -170143.95
V 1976 -648967.12 -170151.70
V 1984 -648961.45 -170157.37
V 1992 -648953.70 -170159.45
V 2000 -648854.20 -170159.45
V 2008 -648854.20 -170199.45
V 2016 -648953.70 -170199.45
V 2024 -648961.45 -170201.53
V 2032 -648967.12 -170207.20
V 2040 -648969.20 -170214.95
V 2048 -648969.20 -170285.95
V 2056 -648967.12 -170293.70
V 2064 -648961.45 -170299.37
V 2072 -648953.70 -170301.45
V 2080 -648854.20 -170301.45
V 2088 -648854.20 -170341.45
V 2096 -648953.70 -170341.45
V 2104 -648961.45 -170343.53
V 2112 -648967.12 -170349.20
V 2120 -648969.20 -170356.95
V 2128 -648969.20 -170427.95
V 2136 -648967.12 -170435.70
V 2144 -648961.45 -170441.37
V 2152 -648953.70 -170443.45
V 2160 -648854.20 -170443.45
V 2168 -648854.20 -170483.45
V 2176 -648953.70 -170483.45
V 2184 -648961.45 -170485.53
V 2192 -648967.12 -170491.20
V 2200 -648969.20 -170498.95
V 2208 -648969.20 -170569.95
V 2216 -648967.12 -170577.70
V 2224 -648961.45 -170583.37
V 2232 -648953.70 -170585.45
V 2240 -648854.20 -170585.45
V 2248 -648854.20 -170625.45
V 2256 -648953.70 -170625.45
V 2264 -648961.45 -170627.53
V 2272 -648967.12 -170633.20
V 2280 -648969.20 -170640.95
V 2288 -648969.20 -170711.95
V 2296 -648967.12 -170719.70
V 2304 -648961.45 -170725.37
V 2312 -648953.70 -170727.45
V 2320 -648854.20 -170727.45
V 2328 -648854.20 -170767.45
V 2336 -648953.70 -170767.45
V 2344 -648961.45 -170769.53
V 2352 -648967.12 -170775.20
V 2360 -648969.20 -170782.95
V 2368 -648969.20 -170853.95
V 2376 -648967.12 -170861.70
V 2384 -648961.45 -170867.37
V 2392 -648953.70 -170869.45
V 2400 -648854.20 -170869.45
V 2408 -648854.20 -170909.45
V 2416 -648953.70 -170909.45
V 2424 -648961.45 -170911.53
V 2432 -648967.12 -170917.20
V 2440 -648969.20 -170924.95
V 2448 -648969.20 -170995.95
V 2456 -648967.12 -171003.70
V 2464 -648961.45 -171009.37
V 2472 -648953.70 -171011.45
V 2480 -648854.20 -171011.45
V 2488 -648854.20 -171051.45
V 2496 -648953.70 -171051.45
V 2504 -648961.45 -171053.53
V 2512 -648967.12 -171059.20
V 2520 -648969.20 -171066.95
V 2528 -648969.20 -171137.95
V 2536 -648967.12 -171145.70
V 2544 -648961.45 -171151.37
V 2552 -648953.70 -171153.45
V 2560 -648854.20 -171153.45
V 2568 -648854.20 -171193.45
V 2576 -648953.70 -171193.45
V 2584 -648961.45 -171195.53
V 2592 -648967.12 -171201.20
V 2600 -648969.20 -171208.95
V 2608 -648969.20 -171279.95
V 2616 -648967.12 -171287.70
V 2624 -648961.45 -171293.37
V 2632 -648953.70 -171295.45
V 2640 -648854.20 -171295.45
V 2648 -648854.20 -171335.45
V 2656 -648953.70 -171335.45
V 2664 -648961.45 -171337.53
V 2672 -648967.12 -171343.20
V 2680 -648969.20 -171350.95
V 2688 -648969.20 -171421.95
V 2696 -648967.12 -171429.70
V 2704 -648961.45 -171435.37
V 2712 -648953.70 -171437.45
V 2720 -648854.20 -171437.45
V 2728 -648854.20 -171477.45
V 2736 -648953.70 -171477.45
V 2744 -648961.45 -171479.53
V 2752 -648967.12 -171485.20
V 2760 -648969.20 -171492.95
V 2768 -648969.20 -171563.95
V 2776 -648967.12 -171571.70
V 2784 -648961.45 -171577.37
V 2792 -648953.70 -171579.45
V 2800 -648854.20 -171579.45
V 2808 -648854.20 -171619.45
V 2816 -648953.70 -171619.45
V 2824 -648961.45 -171621.53
V 2832 -648967.12 -171627.20
V 2840 -648969.20 -171634.95
V 2848 -648969.20 -171705.95
V 2856 -648967.12 -171713.70
V 2864 -648961.45 -171719.37
V 2872 -648953.70 -171721.45
V 2880 -648854.20 -171721.45
V 2888 -648854.20 -171761.45
V 2896 -648953.70 -171761.45
V 2904 -648961.45 -171763.53
V 2912 -648967.12 -171769.20
V 2920 -648969.20 -171776.95
V 2928 -648969.20 -171847.95
V 2936 -648967.12 -171855.70
V 2944 -648961.45 -171861.37
V 2952 -648953.70 -171863.45
V 2960 -648854.20 -171863.45
V 2968 -648854.20 -171903.45
V 2976 -648953.70 -171903.45
V 2984 -648961.45 -171905.53
V 2992 -648967.12 -171911.20
V 3000 -648969.20 -171918.95
V 3008 -648969.20 -171989.95
V 3016 -648967.12 -171997.70
V 3024 -648961.45 -172003.37
V 3032 -648953.70 -172005.45
V 3040 -648854.20 -172005.45
V 3048 -648854.20 -172045.45
V 3056 -648953.70 -172045.45
V 3064 -648961.45 -172047.53
V 3072 -648967.12 -172053.20
V 3080 -648969.20 -172060.95
V 3088 -648969.20 -172131.95
V 3096 -648967.12 -172139.70
V 3104 -648961.45 -172145.37
V 3112 -648953.70 -172147.45
V 3120 -648854.20 -172147.45
V 3128 -648854.20 -172187.45
V 3136 -648953.70 -172187.45
V 3144 -648961.45 -172189.53
V 3152 -648967.12 -172195.20
V 3160 -648969.20 -172202.95
V 3168 -648969.20 -172273.95
V 3176 -648967.12 -172281.70
V 3184 -648961.45 -172287.37
V 3192 -648953.70 -172289.45
V 3200 -648854.20 -172289.45
V 3208 -648854.20 -172329.45
V 3216 -648953.70 -172329.45
V 3224 -648961.45 -172331.53
V 3232 -648967.12 -172337.20
V 3240 -648969.20 -172344.95
V 3248 -648969.20 -172415.95
V 3256 -648967.12 -172423.70
V 3264 -648961.45 -172429.37
V 3272 -648953.70 -172431.45
V 3280 -648854.20 -172431.45
V 3288 -648854.20 -172471.45
V 3296 -648953.70 -172471.45
V 3304 -648961.45 -172473.53
V 3312 -648967.12 -172479.20
V 3320 -648969.20 -172486.95
V 3328 -648969.20 -172557.95
V 3336 -648967.12 -172565.70
V 3344 -648961.45 -172571.37
V 3352 -648953.70 -172573.45
V 3360 -648854.20 -172573.45
V 3368 -648854.20 -172613.45
V 3376 -648953.70 -172613.45
V 3384 -648961.45 -172615.53
V 3392 -648967.12 -172621.20
V 3400 -648969.20 -172628.95
V 3408 -648969.20 -172699.95
V 3416 -648967.12 -172707.70
V 3424 -648961.45 -172713.37
V 3432 -648953.70 -172715.45
V 3440 -648854.20 -172715.45
V 3448 -648854.20 -172755.45
V 3456 -648953.70 -172755.45
V 3464 -648961.45 -172757.53
V 3472 -648967.12 -172763.20
V 3480 -648969.20 -172770.95
V 3488 -648969.20 -172841.95
V 3496 -648967.12 -172849.70
V 3504 -648961.45 -172855.37
V 3512 -648953.70 -172857.45
V 3520 -648854.20 -172857.45
V 3528 -648854.20 -172897.45
V 3536 -648953.70 -172897.45
V 3544 -648961.45 -172899.53
V 3552 -648967.12 -172905.20
V 3560 -648969.20 -172912.95
V 3568 -648969.20 -172983.95
V 3576 -648967.12 -172991.70
V 3584 -648961.45 -172997.37
V 3592 -648953.70 -172999.45
V 3600 -648854.20 -172999.45
V 3608 -648854.20 -173039.45
V 3616 -648953.70 -173039.45
V 3624 -648961.45 -173041.53
V 3632 -648967.12 -173047.20
V 3640 -648969.20 -173054.95
V 3648 -648969.20 -173125.95
V 3656 -648967.12 -173133.70
V 3664 -648961.45 -173139.37
V 3672 -648953.70 -173141.45
V 3680 -648854.20 -173141.45
V 3688 -648854.20 -173181.45
V 3696 -648953.70 -173181.45
V 3704 -648961.45 -173183.53
V 3712 -648967.12 -173189.20
V 3720 -648969.20 -173196.95
V 3728 -648969.20 -173267.95
V 3736 -648967.12 -173275.70
V 3744 -648961.45 -173281.37
V 3752 -648953.70 -173283.45
V 3760 -648854.20 -173283.45
V 3768 -648854.20 -173323.45
V 3776 -648953.70 -173323.45
V 3784 -648961.45 -173325.53
V 3792 -648967.12 -173331.20
V 3800 -648969.20 -173338.95
V 3808 -648969.20 -173409.95
V 3816 -648967.12 -173417.70
V 3824 -648961.45 -173423.37
V 3832 -648953.70 -173425.45
V 3840 -648854.20 -173425.45
V 3848 -648854.20 -173465.45
V 3856 -648953.70 -173465.45
V 3864 -648961.45 -173467.53
V 3872 -648967.12 -173473.20
V 3880 -648969.20 -173480.95
V 3888 -648969.20 -173551.95
V 3896 -648967.12 -173559.70
V 3904 -648961.45 -173565.37
V 3912 -648953.70 -173567.45
V 3920 -648854.20 -173567.45
V 3928 -648854.20 -173607.45
V 3936 -648953.70 -173607.45
V 3944 -648961.45 -173609.53
V 3952 -648967.12 -173615.20
V 3960 -648969.20 -173622.95
V 3968 -648969.20 -173693.95
V 3976 -648967.12 -173701.70
V 3984 -648961.45 -173707.37
V 3992 -648953.70 -173709.45
V 4000 -648854.20 -173709.45
V 4008 -648854.20 -173749.45
V 4016 -648953.70 -173749.45
V 4024 -648961.45 -173751.53
V 4032 -648967.12 -173757.20
V 4040 -648969.20 -173764.95
V 4048 -648969.20 -173835.95
V 4056 -648967.12 -173843.70
V 4064 -648961.45 -173849.37
V 4072 -648953.70 -173851.45
V 4080 -648854.20 -173851.45
V 4088 -648854.20 -173891.45
V 4096 -648953.70 -173891.45
V 4104 -648961.45 -173893.53
V 4112 -648967.12 -173899.20
V 4120 -648969.20 -173906.95
V 4128 -648969.20 -173977.95
V 4136 -648967.12 -173985.70
V 4144 -648961.45 -173991.37
V 4152 -648953.70 -173993.45
V 4160 -648854.20 -173993.45
V 4168 -648854.20 -174033.45
V 4176 -648953.70 -174033.45
V 4184 -648961.45 -174035.53
V 4192 -648967.12 -174041.20
V 4200 -648969.20 -174048.95
V 4208 -648969.20 -174119.95
V 4216 -648967.12 -174127.70
V 4224 -648961.45 -174133.37
V 4232 -648953.70 -174135.45
V 4240 -648854.20 -174135.45
V 4248 -648854.20 -174175.45
V 4256 -648953.70 -174175.45
V 4264 -648961.45 -174177.53
V 4272 -648967.12 -174183.20
V 4280 -648969.20 -174190.95
V 4288 -648969.20 -174261.95
V 4296 -648967.12 -174269.70
V 4304 -648961.45 -174275.37
V 4312 -648953.70 -174277.45
V 4320 -648854.20 -174277.45
V 4328 -648854.20 -174317.45
V 4336 -648953.70 -174317.45
V 4344 -648961.45 -174319.53
V 4352 -648967.12 -174325.20
V 4360 -648969.20 -174332.95
V 4368 -648969.20 -174403.95
V 4376 -648967.12 -174411.70
V 4384 -648961.45 -174417.37
V 4392 -648953.70 -174419.45
V 4400 -648854.20 -174419.45
V 4408 -648854.20 -174459.45
V 4416 -648953.70 -174459.45
V 4424 -648961.45 -174461.53
V 4432 -648967.12 -174467.20
V 4440 -648969.20 -174474.95
V 4448 -648969.20 -174545.95
V 4456 -648967.12 -174553.70
V 4464 -648961.45 -174559.37
V 4472 -648953.70 -174561.45
V 4480 -648854.20 -174561.45
V 4488 -648854.20 -174601.45
V 4496 -648953.70 -174601.45
V 4504 -648961.45 -174603.53
V 4512 -648967.12 -174609.20
V 4520 -648969.20 -174616.95
V 4528 -648969.20 -174687.95
V 4536 -648967.12 -174695.70
V 4544 -648961.45 -174701.37
V 4552 -648953.70 -174703.45
V 4560 -648854.20 -174703.45
V 4568 -648854.20 -174743.45
V 4576 -648953.70 -174743.45
V 4584 -648961.45 -174745.53
V 4592 -648967.12 -174751.20
V 4600 -648969.20 -174758.95
V 4608 -648969.20 -174829.95
V 4616 -648967.12 -174837.70
V 4624 -648961.45 -174843.37
V 4632 -648953.70 -174845.45
V 4640 -648854.20 -174845.45
V 4648 -648854.20 -174885.45
V 4656 -648953.70 -174885.45
V 4664 -648961.45 -174887.53
V 4672 -648967.12 -174893.20
V 4680 -648969.20 -174900.95
V 4688 -648969.20 -174971.95
V 4696 -648967.12 -174979.70
V 4704 -648961.45 -174985.37
V 4712 -648953.70 -174987.45
V 4720 -648854.20 -174987.45
V 4728 -648854.20 -175027.45
V 4736 -648953.70 -175027.45
V 4744 -648961.45 -175029.53
V 4752 -648967.12 -175035.20
V 4760 -648969.20 -175042.95
V 4768 -648969.20 -175113.95
V 4776 -648967.12 -175121.70
V 4784 -648961.45 -175127.37
V 4792 -648953.70 -175129.45
V 4800 -648854.20 -175129.45
V 4808 -648854.20 -175169.45
V 4816 -648953.70 -175169.45
V 4824 -648961.45 -175171.53
V 4832 -648967.12 -175177.20
V 4840 -648969.20 -175184.95
V 4848 -648969.20 -175255.95
V 4856 -648967.12 -175263.70
V 4864 -648961.45 -175269.37
V 4872 -648953.70 -175271.45
V 4880 -648854.20 -175271.45
V 4888 -648854.20 -175311.45
V 4896 -648953.70 -175311.45
V 4904 -648961.45 -175313.53
V 4912 -648967.12 -175319.20
V 4920 -648969.20 -175326.95
V 4928 -648969.20 -175397.95
V 4936 -648967.12 -175405.70
V 4944 -648961.45 -175411.37
V 4952 -648953.70 -175413.45
V 4960 -648854.20 -175413.45
V 4968 -648854.20 -175453.45
V 4976 -648953.70 -175453.45
V 4984 -648961.45 -175455.53
V 4992 -648967.12 -175461.20
V 5000 -648969.20 -175468.95
V 5008 -648969.20 -175539.95
V 5016 -648967.12 -175547.70
V 5024 -648961.45 -175553.37
V 5032 -648953.70 -175555.45
V 5040 -648854.20 -175555.45
V 5048 -648854.20 -175595.45
V 5056 -648953.70 -175595.45
V 5064 -648961.45 -175597.53
V 5072 -648967.12 -175603.20
V 5080 -648969.20 -175610.95
V 5088 -648969.20 -175681.95
V 5096 -648967.12 -175689.70
V 5104 -648961.45 -175695.37
V 5112 -648953.70 -175697.45
V 5120 -648854.20 -175697.45
V 5128 -648854.20 -175737.45
V 5136 -648953.70 -175737.45
V 5144 -648961.45 -175739.53
V 5152 -648967.12 -175745.20
V 5160 -648969.20 -175752.95
V 5168 -648969.20 -175823.95
V 5176 -648967.12 -175831.70
V 5184 -648961.45 -175837.37
V 5192 -648953.70 -175839.45
V 5200 -648854.20 -175839.45
V 5208 -648854.20 -175879.45
V 5216 -648953.70 -175879.45
V 5224 -648961.45 -175881.53
V 5232 -648967.12 -175887.20
V 5240 -648969.20 -175894.95
V 5248 -648969.20 -175965.95
V 5256 -648967.12 -175973.70
V 5264 -648961.45 -175979.37
V 5272 -648953.70 -175981.45
V 5280 -648854.20 -175981.45
V 5288 -648854.20 -176021.45
V 5296 -648953.70 -176021.45
V 5304 -648961.45 -176023.53
V 5312 -648967.12 -176029.20
V 5320 -648969.20 -176036.95
V 5328 -648969.20 -176107.95
V 5336 -648967.12 -176115.70
V 5344 -648961.45 -176121.37
V 5352 -648953.70 -176123.45
V 5360 -648854.20 -176123.45
V 5368 -648854.20 -176163.45
V 5376 -648953.70 -176163.45
V 5384 -648961.45 -176165.53
V 5392 -648967.12 -176171.20
V 5400 -648969.20 -176178.95
V 5408 -648969.20 -176249.95
V 5416 -648967.12 -176257.70
V 5424 -648961.45 -176263.37
V 5432 -648953.70 -176265.45
V 5440 -648854.20 -176265.45
V 5448 -648854.20 -176305.45
V 5456 -648953.70 -176305.45
V 5464 -648961.45 -176307.53
V 5472 -648967.12 -176313.20
V 5480 -648969.20 -176320.95
V 5488 -648969.20 -176391.95
V 5496 -648967.12 -176399.70
V 5504 -648961.45 -176405.37
V 5512 -648953.70 -176407.45
V 5520 -648854.20 -176407.45
V 5528 -648854.20 -176447.45
V 5536 -648953.70 -176447.45
V 5544 -648961.45 -176449.53
V 5552 -648967.12 -176455.20
V 5560 -648969.20 -176462.95
V 5568 -648969.20 -176533.95
V 5576 -648967.12 -176541.70
V 5584 -648961.45 -176547.37
V 5592 -648953.70 -176549.45
V 5600 -648854.20 -176549.45
V 5608 -648854.20 -176589.45
V 5616 -648953.70 -176589.45
V 5624 -648961.45 -176591.53
V 5632 -648967.12 -176597.20
V 5640 -648969.20 -176604.95
V 5648 -648969.20 -176675.95
V 5656 -648967.12 -176683.70
V 5664 -648961.45 -176689.37
V 5672 -648953.70 -176691.45
V 5680 -648854.20 -176691.45
V 5688 -648854.20 -176731.45
V 5696 -648953.70 -176731.45
V 5704 -648961.45 -176733.53
V 5712 -648967.12 -176739.20
V 5720 -648969.20 -176746.95
V 5728 -648969.20 -176817.95
V 5736 -648967.12 -176825.70
V 5744 -648961.45 -176831.37
V 5752 -648953.70 -176833.45
V 5760 -648854.20 -176833.45
V 5768 -648854.20 -176873.45
V 5776 -648953.70 -176873.45
V 5784 -648961.45 -176875.53
V 5792 -648967.12 -176881.20
V 5800 -648969.20 -176888.95
V 5808 -648969.20 -176959.95
V 5816 -648967.12 -176967.70
V 5824 -648961.45 -176973.37
V 5832 -648953.70 -176975.45
V 5840 -648854.20 -176975.45
V 5848 -648854.20 -177015.45
V 5856 -648953.70 -177015.45
V 5864 -648961.45 -177017.53
V 5872 -648967.12 -177023.20
V 5880 -648969.20 -177030.95
V 5888 -648969.20 -177101.95
V 5896 -648967.12 -177109.70
V 5904 -648961.45 -177115.37
V 5912 -648953.70 -177117.45
V 5920 -648854.20 -177117.45
V 5928 -648854.20 -177157.45
V 5936 -648953.70 -177157.45
V 5944 -648961.45 -177159.53
V 5952 -648967.12 -177165.20
V 5960 -648969.20 -177172.95
V 5968 -648969.20 -177243.95
V 5976 -648967.12 -177251.70
V 5984 -648961.45 -177257.37
V 5992 -648953.70 -177259.45
V 6000 -648854.20 -177259.45
V 6008 -648854.20 -177299.45
V 6016 -648953.70 -177299.45
V 6024 -648961.45 -177301.53
V 6032 -648967.12 -177307.20
V 6040 -648969.20 -177314.95
V 6048 -648969.20 -177385.95
V 6056 -648967.12 -177393.70
V 6064 -648961.45 -177399.37
V 6072 -648953.70 -177401.45
V 6080 -648854.20 -177401.45
V 6088 -648854.20 -177441.45
V 6096 -648953.70 -177441.45
V 6104 -648961.45 -177443.53
V 6112 -648967.12 -177449.20
V 6120 -648969.20 -177456.95
V 6128 -648969.20 -177527.95
V 6136 -648967.12 -177535.70
V 6144 -648961.45 -177541.37
V 6152 -648953.70 -177543.45
V 6160 -648854.20 -177543.45
V 6168 -648854.20 -177583.45
V 6176 -648953.70 -177583.45
V 6184 -648961.45 -177585.53
V 6192 -648967.12 -177591.20
V 6200 -648969.20 -177598.95
V 6208 -648969.20 -177669.95
V 6216 -648967.12 -177677.70
V 6224 -648961.45 -177683.37
V 6232 -648953.70 -177685.45
V 6240 -648854.20 -177685.45
V 6248 -648854.20 -177725.45
V 6256 -648953.70 -177725.45
V 6264 -648961.45 -177727.53
V 6272 -648967.12 -177733.20
V 6280 -648969.20 -177740.95
V 6288 -648969.20 -177811.95
V 6296 -648967.12 -177819.70
V 6304 -648961.45 -177825.37
V 6312 -648953.70 -177827.45
V 6320 -648854.20 -177827.45
V 6328 -648854.20 -177867.45
V 6336 -648953.70 -177867.45
V 6344 -648961.45 -177869.53
V 6352 -648967.12 -177875.20
V 6360 -648969.20 -177882.95
V 6368 -648969.20 -177953.95
V 6376 -648967.12 -177961.70
V 6384 -648961.45 -177967.37
V 6392 -648953.70 -177969.45
V 6400 -648854.20 -177969.45
V 6408 -648854.20 -178009.45
V 6416 -648953.70 -178009.45
V 6424 -648961.45 -178011.53
V 6432 -648967.12 -178017.20
V 6440 -648969.20 -178024.95
V 6448 -648969.20 -178095.95
V 6456 -648967.12 -178103.70
V 6464 -648961.45 -178109.37
V 6472 -648953.70 -178111.45
V 6480 -648854.20 -178111.45
V 6488 -648854.20 -178151.45
V 6496 -648953.70 -178151.45
V 6504 -648961.45 -178153.53
V 6512 -648967.12 -178159.20
V 6520 -648969.20 -178166.95
V 6528 -648969.20 -178237.95
V 6536 -648967.12 -178245.70
V 6544 -648961.45 -178251.37
V 6552 -648953.70 -178253.45
V 6560 -648854.20 -178253.45
V 6568 -648854.20 -178293.45
V 6576 -648953.70 -178293.45
V 6584 -648961.45 -178295.53
V 6592 -648967.12 -178301.20
V 6600 -648969.20 -178308.95
V 6608 -648969.20 -178379.95
V 6616 -648967.12 -178387.70
V 6624 -648961.45 -178393.37
V 6632 -648953.70 -178395.45
V 6640 -648911.70 -178395.45
V 6648 -648911.70 -178404.45
V 6656 -648880.70 -178404.45
V 6664 -648880.70 -178379.95
V 6672 -648880.74 -178378.84
V 6680 -648880.86 -178377.74
V 6688 -648881.05 -178376.66
V 6696 -648881.33 -178375.58
V 6704 -648881.68 -178374.53
V 6712 -648882.10 -178373.51
V 6720 -648882.60 -178372.52
V 6728 -648883.16 -178371.57
V 6736 -648883.79 -178370.66
V 6744 -648884.49 -178369.80
V 6752 -648885.24 -178368.99
V 6760 -648886.05 -178368.24
V 6768 -648886.91 -178367.54
V 6776 -648887.82 -178366.91
V 6784 -648888.77 -178366.35
V 6792 -648889.76 -178365.85
V 6800 -648890.78 -178365.43
V 6808 -648891.83 -178365.08
V 6816 -648892.91 -178364.80
V 6824 -648893.99 -178364.61
V 6832 -648895.09 -178364.49
V 6840 -648896.20 -178364.45
V 6848 -648938.20 -178364.45
V 6856 -648938.20 -178324.45
V 6864 -648838.70 -178324.45
V 6872 -648830.95 -178322.37
V 6880 -648825.28 -178316.70
V 6888 -648823.20 -178308.95
V 6896 -648823.20 -178237.95
V 6904 -648825.28 -178230.20
V 6912 -648830.95 -178224.53
V 6920 -648838.70 -178222.45
V 6928 -648938.20 -178222.45
V 6936 -648938.20 -178182.45
V 6944 -648838.70 -178182.45
V 6952 -648830.95 -178180.37
V 6960 -648825.28 -178174.70
V 6968 -648823.20 -178166.95
V 6976 -648823.20 -178095.95
V 6984 -648825.28 -178088.20
V 6992 -648830.95 -178082.53
V 7000 -648838.70 -178080.45
V 7008 -648938.20 -178080.45
V 7016 -648938.20 -178040.45
V 7024 -648838.70 -178040.45
V 7032 -648830.95 -178038.37
V 7040 -648825.28 -178032.70
V 7048 -648823.20 -178024.95
V 7056 -648823.20 -177953.95
V 7064 -648825.28 -177946.20
V 7072 -648830.95 -177940.53
V 7080 -648838.70 -177938.45
V 7088 -648938.20 -177938.45
V 7096 -648938.20 -177898.45
V 7104 -648838.70 -177898.45
V 7112 -648830.95 -177896.37
V 7120 -648825.28 -177890.70
V 7128 -648823.20 -177882.95
V 7136 -648823.20 -177811.95
V 7144 -648825.28 -177804.20
V 7152 -648830.95 -177798.53
V 7160 -648838.70 -177796.45
V 7168 -648938.20 -177796.45
V 7176 -648938.20 -177756.45
V 7184 -648838.70 -177756.45
V 7192 -648830.95 -177754.37
V 7200 -648825.28 -177748.70
V 7208 -648823.20 -177740.95
V 7216 -648823.20 -177669.95
V 7224 -648825.28 -177662.20
V 7232 -648830.95 -177656.53
V 7240 -648838.70 -177654.45
V 7248 -648938.20 -177654.45
V 7256 -648938.20 -177614.45
V 7264 -648838.70 -177614.45
V 7272 -648830.95 -177612.37
V 7280 -648825.28 -177606.70
V 7288 -648823.20 -177598.95
V 7296 -648823.20 -177527.95
V 7304 -648825.28 -177520.20
V 7312 -648830.95 -177514.53
V 7320 -648838.70 -177512.45
V 7328 -648938.20 -177512.45
V 7336 -648938.20 -177472.45
V 7344 -648838.70 -177472.45
V 7352 -648830.95 -177470.37
V 7360 -648825.28 -177464.70
V 7368 -648823.20 -177456.95
V 7376 -648823.20 -177385.95
V 7384 -648825.28 -177378.20
V 7392 -648830.95 -177372.53
V 7400 -648838.70 -177370.45
V 7408 -648938.20 -177370.45
V 7416 -648938.20 -177330.45
V 7424 -648838.70 -177330.45
V 7432 -648830.95 -177328.37
V 7440 -648825.28 -177322.70
V 7448 -648823.20 -177314.95
V 7456 -648823.20 -177243.95
V 7464 -648825.28 -177236.20
V 7472 -648830.95 -177230.53
V 7480 -648838.70 -177228.45
V 7488 -648938.20 -177228.45
V 7496 -648938.20 -177188.45
V 7504 -648838.70 -177188.45
V 7512 -648830.95 -177186.37
V 7520 -648825.28 -177180.70
V 7528 -648823.20 -177172.95
V 7536 -648823.20 -177101.95
V 7544 -648825.28 -177094.20
V 7552 -648830.95 -177088.53
V 7560 -648838.70 -177086.45
V 7568 -648938.20 -177086.45
V 7576 -648938.20 -177046.45
V 7584 -648838.70 -177046.45
V 7592 -648830.95 -177044.37
V 7600 -648825.28 -177038.70
V 7608 -648823.20 -177030.95
V 7616 -648823.20 -176959.95
V 7624 -648825.28 -176952.20
V 7632 -648830.95 -176946.53
V 7640 -648838.70 -176944.45
V 7648 -648938.20 -176944.45
V 7656 -648938.20 -176904.45
V 7664 -648838.70 -176904.45
V 7672 -648830.95 -176902.37
V 7680 -648825.28 -176896.70
V 7688 -648823.20 -176888.95
V 7696 -648823.20 -176817.95
V 7704 -648825.28 -176810.20
V 7712 -648830.95 -176804.53
V 7720 -648838.70 -176802.45
V 7728 -648938.20 -176802.45
V 7736 -648938.20 -176762.45
V 7744 -648838.70 -176762.45
V 7752 -648830.95 -176760.37
V 7760 -648825.28 -176754.70
V 7768 -648823.20 -176746.95
V 7776 -648823.20 -176675.95
V 7784 -648825.28 -176668.20
V 7792 -648830.95 -176662.53
V 7800 -648838.70 -176660.45
V 7808 -648938.20 -176660.45
V 7816 -648938.20 -176620.45
V 7824 -648838.70 -176620.45
V 7832 -648830.95 -176618.37
V 7840 -648825.28 -176612.70
V 7848 -648823.20 -176604.95
V 7856 -648823.20 -176533.95
V 7864 -648825.28 -176526.20
V 7872 -648830.95 -176520.53
V 7880 -648838.70 -176518.45
V 7888 -648938.20 -176518.45
V 7896 -648938.20 -176478.45
V 7904 -648838.70 -176478.45
V 7912 -648830.95 -176476.37
V 7920 -648825.28 -176470.70
V 7928 -648823.20 -176462.95
V 7936 -648823.20 -176391.95
V 7944 -648825.28 -176384.20
V 7952 -648830.95 -176378.53
V 7960 -648838.70 -176376.45
V 7968 -648938.20 -176376.45
V 7976 -648938.20 -176336.45
V 7984 -648838.70 -176336.45
V 7992 -648830.95 -176334.37
V 8000 -648825.28 -176328.70
V 8008 -648823.20 -176320.95
V 8016 -648823.20 -176249.95
V 8024 -648825.28 -176242.20
V 8032 -648830.95 -176236.53
V 8040 -648838.70 -176234.45
V 8048 -648938.20 -176234.45
V 8056 -648938.20 -176194.45
V 8064 -648838.70 -176194.45
V 8072 -648830.95 -176192.37
V 8080 -648825.28 -176186.70
V 8088 -648823.20 -176178.95
V 8096 -648823.20 -176107.95
V 8104 -648825.28 -176100.20
V 8112 -648830.95 -176094.53
V 8120 -648838.70 -176092.45
V 8128 -648938.20 -176092.45
V 8136 -648938.20 -176052.45
V 8144 -648838.70 -176052.45
V 8152 -648830.95 -176050.37
V 8160 -648825.28 -176044.70
V 8168 -648823.20 -176036.95
V 8176 -648823.20 -175965.95
V 8184 -648825.28 -175958.20
V 8192 -648830.95 -175952.53
V 8200 -648838.70 -175950.45
V 8208 -648938.20 -175950.45
V 8216 -648938.20 -175910.45
V 8224 -648838.70 -175910.45
V 8232 -648830.95 -175908.37
V 8240 -648825.28 -175902.70
V 8248 -648823.20 -175894.95
V 8256 -648823.20 -175823.95
V 8264 -648825.28 -175816.20
V 8272 -648830.95 -175810.53
V 8280 -648838.70 -175808.45
V 8288 -648938.20 -175808.45
V 8296 -648938.20 -175768.45
V 8304 -648838.70 -175768.45
V 8312 -648830.95 -175766.37
V 8320 -648825.28 -175760.70
V 8328 -648823.20 -175752.95
V 8336 -648823.20 -175681.95
V 8344 -648825.28 -175674.20
V 8352 -648830.95 -175668.53
V 8360 -648838.70 -175666.45
V 8368 -648938.20 -175666.45
V 8376 -648938.20 -175626.45
V 8384 -648838.70 -175626.45
V 8392 -648830.95 -175624.37
V 8400 -648825.28 -175618.70
V 8408 -648823.20 -175610.95
V 8416 -648823.20 -175539.95
V 8424 -648825.28 -175532.20
V 8432 -648830.95 -175526.53
V 8440 -648838.70 -175524.45
V 8448 -648938.20 -175524.45
V 8456 -648938.20 -175484.45
V 8464 -648838.70 -175484.45
V 8472 -648830.95 -175482.37
V 8480 -648825.28 -175476.70
V 8488 -648823.20 -175468.95
V 8496 -648823.20 -175397.95
V 8504 -648825.28 -175390.20
V 8512 -648830.95 -175384.53
V 8520 -648838.70 -175382.45
V 8528 -648938.20 -175382.45
V 8536 -648938.20 -175342.45
V 8544 -648838.70 -175342.45
V 8552 -648830.95 -175340.37
V 8560 -648825.28 -175334.70
V 8568 -648823.20 -175326.95
V 8576 -648823.20 -175255.95
V 8584 -648825.28 -175248.20
V 8592 -648830.95 -175242.53
V 8600 -648838.70 -175240.45
V 8608 -648938.20 -175240.45
V 8616 -648938.20 -175200.45
V 8624 -648838.70 -175200.45
V 8632 -648830.95 -175198.37
V 8640 -648825.28 -175192.70
V 8648 -648823.20 -175184.95
V 8656 -648823.20 -175113.95
V 8664 -648825.28 -175106.20
V 8672 -648830.95 -175100.53
V 8680 -648838.70 -175098.45
V 8688 -648938.20 -175098.45
V 8696 -648938.20 -175058.45
V 8704 -648838.70 -175058.45
V 8712 -648830.95 -175056.37
V 8720 -648825.28 -175050.70
V 8728 -648823.20 -175042.95
V 8736 -648823.20 -174971.95
V 8744 -648825.28 -174964.20
V 8752 -648830.95 -174958.53
V 8760 -648838.70 -174956.45
V 8768 -648938.20 -174956.45
V 8776 -648938.20 -174916.45
V 8784 -648838.70 -174916.45
V 8792 -648830.95 -174914.37
V 8800 -648825.28 -174908.70
V 8808 -648823.20 -174900.95
V 8816 -648823.20 -174829.95
V 8824 -648825.28 -174822.20
V 8832 -648830.95 -174816.53
V 8840 -648838.70 -174814.45
V 8848 -648938.20 -174814.45
V 8856 -648938.20 -174774.45
V 8864 -648838.70 -174774.45
V 8872 -648830.95 -174772.37
V 8880 -648825.28 -174766.70
V 8888 -648823.20 -174758.95
V 8896 -648823.20 -174687.95
V 8904 -648825.28 -174680.20
V 8912 -648830.95 -174674.53
V 8920 -648838.70 -174672.45
V 8928 -648938.20 -174672.45
V 8936 -648938.20 -174632.45
V 8944 -648838.70 -174632.45
V 8952 -648830.95 -174630.37
V 8960 -648825.28 -174624.70
V 8968 -648823.20 -174616.95
V 8976 -648823.20 -174545.95
V 8984 -648825.28 -174538.20
V 8992 -648830.95 -174532.53
V 9000 -648838.70 -174530.45
V 9008 -648938.20 -174530.45
V 9016 -648938.20 -174490.45
V 9024 -648838.70 -174490.45
V 9032 -648830.95 -174488.37
V 9040 -648825.28 -174482.70
V 9048 -648823.20 -174474.95
V 9056 -648823.20 -174403.95
V 9064 -648825.28 -174396.20
V 9072 -648830.95 -174390.53
V 9080 -648838.70 -174388.45
V 9088 -648938.20 -174388.45
V 9096 -648938.20 -174348.45
V 9104 -648838.70 -174348.45
V 9112 -648830.95 -174346.37
V 9120 -648825.28 -174340.70
V 9128 -648823.20 -174332.95
V 9136 -648823.20 -174261.95
V 9144 -648825.28 -174254.20
V 9152 -648830.95 -174248.53
V 9160 -648838.70 -174246.45
V 9168 -648938.20 -174246.45
V 9176 -648938.20 -174206.45
V 9184 -648838.70 -174206.45
V 9192 -648830.95 -174204.37
V 9200 -648825.28 -174198.70
V 9208 -648823.20 -174190.95
V 9216 -648823.20 -174119.95
V 9224 -648825.28 -174112.20
V 9232 -648830.95 -174106.53
V 9240 -648838.70 -174104.45
V 9248 -648938.20 -174104.45
V 9256 -648938.20 -174064.45
V 9264 -648838.70 -174064.45
V 9272 -648830.95 -174062.37
V 9280 -648825.28 -174056.70
V 9288 -648823.20 -174048.95
V 9296 -648823.20 -173977.95
V 9304 -648825.28 -173970.20
V 9312 -648830.95 -173964.53
V 9320 -648838.70 -173962.45
V 9328 -648938.20 -173962.45
V 9336 -648938.20 -173922.45
V 9344 -648838.70 -173922.45
V 9352 -648830.95 -173920.37
V 9360 -648825.28 -173914.70
V 9368 -648823.20 -173906.95
V 9376 -648823.20 -173835.95
V 9384 -648825.28 -173828.20
V 9392 -648830.95 -173822.53
V 9400 -648838.70 -173820.45
V 9408 -648938.20 -173820.45
V 9416 -648938.20 -173780.45
V 9424 -648838.70 -173780.45
V 9432 -648830.95 -173778.37
V 9440 -648825.28 -173772.70
V 9448 -648823.20 -173764.95
V 9456 -648823.20 -173693.95
V 9464 -648825.28 -173686.20
V 9472 -648830.95 -173680.53
V 9480 -648838.70 -173678.45
V 9488 -648938.20 -173678.45
V 9496 -648938.20 -173638.45
V 9504 -648838.70 -173638.45
V 9512 -648830.95 -173636.37
V 9520 -648825.28 -173630.70
V 9528 -648823.20 -173622.95
V 9536 -648823.20 -173551.95
V 9544 -648825.28 -173544.20
V 9552 -648830.95 -173538.53
V 9560 -648838.70 -173536.45
V 9568 -648938.20 -173536.45
V 9576 -648938.20 -173496.45
V 9584 -648838.70 -173496.45
V 9592 -648830.95 -173494.37
V 9600 -648825.28 -173488.70
V 9608 -648823.20 -173480.95
V 9616 -648823.20 -173409.95
V 9624 -648825.28 -173402.20
V 9632 -648830.95 -173396.53
V 9640 -648838.70 -173394.45
V 9648 -648938.20 -173394.45
V 9656 -648938.20 -173354.45
V 9664 -648838.70 -173354.45
V 9672 -648830.95 -173352.37
V 9680 -648825.28 -173346.70
V 9688 -648823.20 -173338.95
V 9696 -648823.20 -173267.95
V 9704 -648825.28 -173260.20
V 9712 -648830.95 -173254.53
V 9720 -648838.70 -173252.45
V 9728 -648938.20 -173252.45
V 9736 -648938.20 -173212.45
V 9744 -648838.70 -173212.45
V 9752 -648830.95 -173210.37
V 9760 -648825.28 -173204.70
V 9768 -648823.20 -173196.95
V 9776 -648823.20 -173125.95
V 9784 -648825.28 -173118.20
V 9792 -648830.95 -173112.53
V 9800 -648838.70 -173110.45
V 9808 -648938.20 -173110.45
V 9816 -648938.20 -173070.45
V 9824 -648838.70 -173070.45
V 9832 -648830.95 -173068.37
V 9840 -648825.28 -173062.70
V 9848 -648823.20 -173054.95
V 9856 -648823.20 -172983.95
V 9864 -648825.28 -172976.20
V 9872 -648830.95 -172970.53
V 9880 -648838.70 -172968.45
V 9888 -648938.20 -172968.45
V 9896 -648938.20 -172928.45
V 9904 -648838.70 -172928.45
V 9912 -648830.95 -172926.37
V 9920 -648825.28 -172920.70
V 9928 -648823.20 -172912.95
V 9936 -648823.20 -172841.95
V 9944 -648825.28 -172834.20
V 9952 -648830.95 -172828.53
V 9960 -648838.70 -172826.45
V 9968 -648938.20 -172826.45
V 9976 -648938.20 -172786.45
V 9984 -648838.70 -172786.45
V 9992 -648830.95 -172784.37
V 10000 -648825.28 -172778.70
V 10008 -648823.20 -172770.95
V 10016 -648823.20 -172699.95
V 10024 -648825.28 -172692.20
V 10032 -648830.95 -172686.53
V 10040 -648838.70 -172684.45
V 10048 -648938.20 -172684.45
V 10056 -648938.20 -172644.45
V 10064 -648838.70 -172644.45
V 10072 -648830.95 -172642.37
V 10080 -648825.28 -172636.70
V 10088 -648823.20 -172628.95
V 10096 -648823.20 -172557.95
V 10104 -648825.28 -172550.20
V 10112 -648830.95 -172544.53
V 10120 -648838.70 -172542.45
V 10128 -648938.20 -172542.45
V 10136 -648938.20 -172502.45
V 10144 -648838.70 -172502.45
V 10152 -648830.95 -172500.37
V 10160 -648825.28 -172494.70
V 10168 -648823.20 -172486.95
V 10176 -648823.20 -172415.95
V 10184 -648825.28 -172408.20
V 10192 -648830.95 -172402.53
V 10200 -648838.70 -172400.45
V 10208 -648938.20 -172400.45
V 10216 -648938.20 -172360.45
V 10224 -648838.70 -172360.45
V 10232 -648830.95 -172358.37
V 10240 -648825.28 -172352.70
V 10248 -648823.20 -172344.95
V 10256 -648823.20 -172273.95
V 10264 -648825.28 -172266.20
V 10272 -648830.95 -172260.53
V 10280 -648838.70 -172258.45
V 10288 -648938.20 -172258.45
V 10296 -648938.20 -172218.45
V 10304 -648838.70 -172218.45
V 10312 -648830.95 -172216.37
V 10320 -648825.28 -172210.70
V 10328 -648823.20 -172202.95
V 10336 -648823.20 -172131.95
V 10344 -648825.28 -172124.20
V 10352 -648830.95 -172118.53
V 10360 -648838.70 -172116.45
V 10368 -648938.20 -172116.45
V 10376 -648938.20 -172076.45
V 10384 -648838.70 -172076.45
V 10392 -648830.95 -172074.37
V 10400 -648825.28 -172068.70
V 10408 -648823.20 -172060.95
V 10416 -648823.20 -171989.95
V 10424 -648825.28 -171982.20
V 10432 -648830.95 -171976.53
V 10440 -648838.70 -171974.45
V 10448 -648938.20 -171974.45
V 10456 -648938.20 -171934.45
V 10464 -648838.70 -171934.45
V 10472 -648830.95 -171932.37
V 10480 -648825.28 -171926.70
V 10488 -648823.20 -171918.95
V 10496 -648823.20 -171847.95
V 10504 -648825.28 -171840.20
V 10512 -648830.95 -171834.53
V 10520 -648838.70 -171832.45
V 10528 -648938.20 -171832.45
V 10536 -648938.20 -171792.45
V 10544 -648838.70 -171792.45
V 10552 -648830.95 -171790.37
V 10560 -648825.28 -171784.70
V 10568 -648823.20 -171776.95
V 10576 -648823.20 -171705.95
V 10584 -648825.28 -171698.20
V 10592 -648830.95 -171692.53
V 10600 -648838.70 -171690.45
V 10608 -648938.20 -171690.45
V 10616 -648938.20 -171650.45
V 10624 -648838.70 -171650.45
V 10632 -648830.95 -171648.37
V 10640 -648825.28 -171642.70
V 10648 -648823.20 -171634.95
V 10656 -648823.20 -171563.95
V 10664 -648825.28 -171556.20
V 10672 -648830.95 -171550.53
V 10680 -648838.70 -171548.45
V 10688 -648938.20 -171548.45
V 10696 -648938.20 -171508.45
V 10704 -648838.70 -171508.45
V 10712 -648830.95 -171506.37
V 10720 -648825.28 -171500.70
V 10728 -648823.20 -171492.95
V 10736 -648823.20 -171421.95
V 10744 -648825.28 -171414.20
V 10752 -648830.95 -171408.53
V 10760 -648838.70 -171406.45
V 10768 -648938.20 -171406.45
V 10776 -648938.20 -171366.45
V 10784 -648838.70 -171366.45
V 10792 -648830.95 -171364.37
V 10800 -648825.28 -171358.70
V 10808 -648823.20 -171350.95
V 10816 -648823.20 -171279.95
V 10824 -648825.28 -171272.20
V 10832 -648830.95 -171266.53
V 10840 -648838.70 -171264.45
V 10848 -648938.20 -171264.45
V 10856 -648938.20 -171224.45
V 10864 -648838.70 -171224.45
V 10872 -648830.95 -171222.37
V 10880 -648825.28 -171216.70
V 10888 -648823.20 -171208.95
V 10896 -648823.20 -171137.95
V 10904 -648825.28 -171130.20
V 10912 -648830.95 -171124.53
V 10920 -648838.70 -171122.45
V 10928 -648938.20 -171122.45
V 10936 -648938.20 -171082.45
V 10944 -648838.70 -171082.45
V 10952 -648830.95 -171080.37
V 10960 -648825.28 -171074.70
V 10968 -648823.20 -171066.95
V 10976 -648823.20 -170995.95
V 10984 -648825.28 -170988.20
V 10992 -648830.95 -170982.53
V 11000 -648838.70 -170980.45
V 11008 -648938.20 -170980.45
V 11016 -648938.20 -170940.45
V 11024 -648838.70 -170940.45
V 11032 -648830.95 -170938.37
V 11040 -648825.28 -170932.70
V 11048 -648823.20 -170924.95
V 11056 -648823.20 -170853.95
V 11064 -648825.28 -170846.20
V 11072 -648830.95 -170840.53
V 11080 -648838.70 -170838.45
V 11088 -648938.20 -170838.45
V 11096 -648938.20 -170798.45
V 11104 -648838.70 -170798.45
V 11112 -648830.95 -170796.37
V 11120 -648825.28 -170790.70
V 11128 -648823.20 -170782.95
V 11136 -648823.20 -170711.95
V 11144 -648825.28 -170704.20
V 11152 -648830.95 -170698.53
V 11160 -648838.70 -170696.45
V 11168 -648938.20 -170696.45
V 11176 -648938.20 -170656.45
V 11184 -648838.70 -170656.45
V 11192 -648830.95 -170654.37
V 11200 -648825.28 -170648.70
V 11208 -648823.20 -170640.95
V 11216 -648823.20 -170569.95
V 11224 -648825.28 -170562.20
V 11232 -648830.95 -170556.53
V 11240 -648838.70 -170554.45
V 11248 -648938.20 -170554.45
V 11256 -648938.20 -170514.45
V 11264 -648838.70 -170514.45
V 11272 -648830.95 -170512.37
V 11280 -648825.28 -170506.70
V 11288 -648823.20 -170498.95
V 11296 -648823.20 -170427.95
V 11304 -648825.28 -170420.20
V 11312 -648830.95 -170414.53
V 11320 -648838.70 -170412.45
V 11328 -648938.20 -170412.45
V 11336 -648938.20 -170372.45
V 11344 -648838.70 -170372.45
V 11352 -648830.95 -170370.37
V 11360 -648825.28 -170364.70
V 11368 -648823.20 -170356.95
V 11376 -648823.20 -170285.95
V 11384 -648825.28 -170278.20
V 11392 -648830.95 -170272.53
V 11400 -648838.70 -170270.45
V 11408 -648938.20 -170270.45
V 11416 -648938.20 -170230.45
V 11424 -648838.70 -170230.45
V 11432 -648830.95 -170228.37
V 11440 -648825.28 -170222.70
V 11448 -648823.20 -170214.95
V 11456 -648823.20 -170143.95
V 11464 -648825.28 -170136.20
V 11472 -648830.95 -170130.53
V 11480 -648838.70 -170128.45
V 11488 -648938.20 -170128.45
V 11496 -648938.20 -170088.45
V 11504 -648838.70 -170088.45
V 11512 -648830.95 -170086.37
V 11520 -648825.28 -170080.70
V 11528 -648823.20 -170072.95
V 11536 -648823.20 -170001.95
V 11544 -648825.28 -169994.20
V 11552 -648830.95 -169988.53
V 11560 -648838.70 -169986.45
V 11568 -648938.20 -169986.45
V 11576 -648938.20 -169946.45
V 11584 -648838.70 -169946.45
V 11592 -648830.95 -169944.37
V 11600 -648825.28 -169938.70
V 11608 -648823.20 -169930.95
V 11616 -648823.20 -169859.95
V 11624 -648825.28 -169852.20
V 11632 -648830.95 -169846.53
V 11640 -648838.70 -169844.45
V 11648 -648938.20 -169844.45
V 11656 -648938.20 -169804.45
V 11664 -648838.70 -169804.45
V 11672 -648830.95 -169802.37
V 11680 -648825.28 -169796.70
V 11688 -648823.20 -169788.95
V 11696 -648823.20 -169717.95
V 11704 -648825.28 -169710.20
V 11712 -648830.95 -169704.53
V 11720 -648838.70 -169702.45
V 11728 -648938.20 -169702.45
V 11736 -648938.20 -169662.45
V 11744 -648838.70 -169662.45
V 11752 -648830.95 -169660.37
V 11760 -648825.28 -169654.70
V 11768 -648823.20 -169646.95
V 11776 -648823.20 -169575.95
V 11784 -648825.28 -169568.20
V 11792 -648830.95 -169562.53
V 11800 -648838.70 -169560.45
V 11808 -648938.20 -169560.45
V 11816 -648938.20 -169520.45
V 11824 -648838.70 -169520.45
V 11832 -648830.95 -169518.37
V 11840 -648825.28 -169512.70
V 11848 -648823.20 -169504.95
V 11856 -648823.20 -169433.95
V 11864 -648825.28 -169426.20
V 11872 -648830.95 -169420.53
V 11880 -648838.70 -169418.45
V 11888 -648938.20 -169418.45
V 11896 -648938.20 -169378.45
V 11904 -648838.70 -169378.45
V 11912 -648830.95 -169376.37
V 11920 -648825.28 -169370.70
V 11928 -648823.20 -169362.95
V 11936 -648823.20 -169291.95
V 11944 -648825.28 -169284.20
V 11952 -648830.95 -169278.53
V 11960 -648838.70 -169276.45
V 11968 -648938.20 -169276.45
V 11976 -648938.20 -169236.45
V 11984 -648838.70 -169236.45
V 11992 -648830.95 -169234.37
V 12000 -648825.28 -169228.70
V 12008 -648823.20 -169220.95
V 12016 -648823.20 -169149.95
V 12024 -648825.28 -169142.20
V 12032 -648830.95 -169136.53
V 12040 -648838.70 -169134.45
V 12048 -648938.20 -169134.45
V 12056 -648938.20 -169094.45
V 12064 -648838.70 -169094.45
V 12072 -648830.95 -169092.37
V 12080 -648825.28 -169086.70
V 12088 -648823.20 -169078.95
V 12096 -648823.20 -169007.95
V 12104 -648825.28 -169000.20
V 12112 -648830.95 -168994.53
V 12120 -648838.70 -168992.45
V 12128 -648938.20 -168992.45
V 12136 -648938.20 -168952.45
V 12144 -648838.70 -168952.45
V 12152 -648830.95 -168950.37
V 12160 -648825.28 -168944.70
V 12168 -648823.20 -168936.95
V 12176 -648823.20 -168865.95
V 12184 -648825.28 -168858.20
V 12192 -648830.95 -168852.53
V 12200 -648838.70 -168850.45
V 12208 -648938.20 -168850.45
V 12216 -648938.20 -168810.45
V 12224 -648838.70 -168810.45
V 12232 -648830.95 -168808.37
V 12240 -648825.28 -168802.70
V 12248 -648823.20 -168794.95
V 12256 -648823.20 -168723.95
V 12264 -648825.28 -168716.20
V 12272 -648830.95 -168710.53
V 12280 -648838.70 -168708.45
V 12288 -648938.20 -168708.45
V 12296 -648938.20 -168668.45
V 12304 -648838.70 -168668.45
V 12312 -648830.95 -168666.37
V 12320 -648825.28 -168660.70
V 12328 -648823.20 -168652.95
V 12336 -648823.20 -168581.95
V 12344 -648825.28 -168574.20
V 12352 -648830.95 -168568.53
V 12360 -648838.70 -168566.45
V 12368 -648938.20 -168566.45
V 12376 -648938.20 -168526.45
V 12384 -648838.70 -168526.45
V 12392 -648830.95 -168524.37
V 12400 -648825.28 -168518.70
V 12408 -648823.20 -168510.95
V 12416 -648823.20 -168439.95
V 12424 -648825.28 -168432.20
V 12432 -648830.95 -168426.53
V 12440 -648838.70 -168424.45
V 12448 -648938.20 -168424.45
V 12456 -648938.20 -168384.45
V 12464 -648838.70 -168384.45
V 12472 -648830.95 -168382.37
V 12480 -648825.28 -168376.70
V 12488 -648823.20 -168368.95
V 12496 -648823.20 -168297.95
V 12504 -648825.28 -168290.20
V 12512 -648830.95 -168284.53
V 12520 -648838.70 -168282.45
V 12528 -648938.20 -168282.45
V 12536 -648938.20 -168242.45
V 12544 -648838.70 -168242.45
V 12552 -648830.95 -168240.37
V 12560 -648825.28 -168234.70
V 12568 -648823.20 -168226.95
V 12576 -648823.20 -168155.95
V 12584 -648825.28 -168148.20
V 12592 -648830.95 -168142.53
V 12600 -648838.70 -168140.45
V 12608 -648938.20 -168140.45
V 12616 -648938.20 -168100.45
V 12624 -648838.70 -168100.45
V 12632 -648830.95 -168098.37
V 12640 -648825.28 -168092.70
V 12648 -648823.20 -168084.95
V 12656 -648823.20 -168013.95
V 12664 -648825.28 -168006.20
V 12672 -648830.95 -168000.53
V 12680 -648838.70 -167998.45
V 12688 -648938.20 -167998.45
V 12696 -648938.20 -167958.45
V 12704 -648838.70 -167958.45
V 12712 -648830.95 -167956.37
V 12720 -648825.28 -167950.70
V 12728 -648823.20 -167942.95
V 12736 -648823.20 -167871.95
V 12744 -648825.28 -167864.20
V 12752 -648830.95 -167858.53
V 12760 -648838.70 -167856.45
V 12768 -648938.20 -167856.45
V 12776 -648938.20 -167816.45
V 12784 -648838.70 -167816.45
V 12792 -648830.95 -167814.37
V 12800 -648825.28 -167808.70
V 12808 -648823.20 -167800.95
V 12816 -648823.20 -167729.95
V 12824 -648825.28 -167722.20
V 12832 -648830.95 -167716.53
V 12840 -648838.70 -167714.45
V 12848 -648938.20 -167714.45
V 12856 -648938.20 -167674.45
V 12864 -648838.70 -167674.45
V 12872 -648830.95 -167672.37
V 12880 -648825.28 -167666.70
V 12888 -648823.20 -167658.95
V 12896 -648823.20 -167587.95
V 12904 -648825.28 -167580.20
V 12912 -648830.95 -167574.53
V 12920 -648838.70 -167572.45
V 12928 -648938.20 -167572.45
V 12936 -648938.20 -167532.45
V 12944 -648838.70 -167532.45
V 12952 -648830.95 -167530.37
V 12960 -648825.28 -167524.70
V 12968 -648823.20 -167516.95
V 12976 -648823.20 -167445.95
V 12984 -648825.28 -167438.20
V 12992 -648830.95 -167432.53
V 13000 -648838.70 -167430.45
V 13008 -648938.20 -167430.45
V 13016 -648938.20 -167390.45
V 13024 -648838.70 -167390.45
V 13032 -648830.95 -167388.37
V 13040 -648825.28 -167382.70
V 13048 -648823.20 -167374.95
V 13056 -648823.20 -167303.95
V 13064 -648825.28 -167296.20
V 13072 -648830.95 -167290.53
V 13080 -648838.70 -167288.45
V 13088 -648938.20 -167288.45
V 13096 -648938.20 -167248.45
V 13104 -648838.70 -167248.45
V 13112 -648830.95 -167246.37
V 13120 -648825.28 -167240.70
V 13128 -648823.20 -167232.95
V 13136 -648823.20 -167161.95
V 13144 -648825.28 -167154.20
V 13152 -648830.95 -167148.53
V 13160 -648838.70 -167146.45
V 13168 -648938.20 -167146.45
V 13176 -648938.20 -167106.45
V 13184 -648838.70 -167106.45
V 13192 -648830.95 -167104.37
V 13200 -648825.28 -167098.70
V 13208 -648823.20 -167090.95
V 13216 -648823.20 -167019.95
V 13224 -648825.28 -167012.20
V 13232 -648830.95 -167006.53
V 13240 -648838.70 -167004.45
V 13248 -648880.70 -167004.45
V 13256 -648880.70 -166897.87
V 13264 -646836.89 -166550.82
V 13272 -630570.51 -163788.75
V 13280 -630570.49 -163788.75
V 13288 -630570.33 -163788.72
V 13296 -630570.11 -163788.69
V 13304 -627656.47 -163293.94
V 13312 -625705.83 -162962.72
V 13320 -625194.72 -162875.93
V 13328 -624065.36 -162684.17
V 13336 -621743.35 -162289.88
V 13344 -621743.22 -162289.86
V 13352 -619419.33 -161895.26
V 13360 -618955.75 -161816.54
V 13368 -618955.73 -161816.54
V 13376 -618955.53 -161816.51
V 13384 -617560.90 -161579.70
V 13392 -617096.30 -161500.81
V 13400 -616896.17 -161466.82
V 13408 -602579.67 -159035.85
V 13416 -600138.25 -158621.29
V 13424 -595060.91 -157759.15
V 13432 -595059.84 -157758.93
V 13440 -595058.80 -157758.64
V 13448 -595057.77 -157758.27
V 13456 -595056.78 -157757.84
V 13464 -595055.82 -157757.33
V 13472 -595054.89 -157756.76
V 13480 -595054.01 -157756.13
V 13488 -595053.17 -157755.43
V 13496 -595052.39 -157754.68
V 13504 -595051.66 -157753.87
V 13512 -595050.99 -157753.02
V 13520 -595050.38 -157752.12
V 13528 -595049.83 -157751.18
V 13536 -595049.35 -157750.20
V 13544 -595048.94 -157749.20
V 13552 -595048.61 -157748.16
V 13560 -595048.34 -157747.11
V 13568 -595048.15 -157746.04
V 13576 -595048.04 -157744.96
V 13584 -595048.00 -157743.87
V 13592 -595048.00 -157719.35
