V 0 1089513.79 89441.55
V 8 1089513.79 89530.78
V 16 1089513.59 89531.53
V 24 1089513.04 89532.08
V 32 1089512.29 89532.28
V 40 1089396.82 89532.28
V 48 1089392.09 89534.82
V 56 1089390.67 89532.18
V 64 1089395.73 89529.46
V 72 1089395.80 89529.42
V 80 1089395.89 89529.39
V 88 1089395.98 89529.35
V 96 1089396.25 89529.29
V 104 1089396.35 89529.28
V 112 1089510.79 89529.28
V 120 1089510.79 89440.05
V 128 1089510.99 89439.30
V 136 1089511.54 89438.75
V 144 1089512.29 89438.55
V 152 1089590.86 89438.55
V 160 1089590.86 89441.55
