V 0 1085836.72 55255.62
V 8 1085831.59 55312.07
V 16 1085831.59 55312.13
V 24 1085831.58 55312.24
V 32 1085825.52 55357.60
V 40 1085825.51 55357.63
V 48 1085823.40 55375.79
V 56 1085823.15 55376.47
V 64 1085822.61 55376.95
V 72 1085821.91 55377.12
V 80 1085735.66 55377.12
V 88 1085735.66 55374.12
V 96 1085820.57 55374.12
V 104 1085822.53 55357.31
V 112 1085822.54 55357.20
V 120 1085828.60 55311.84
V 128 1085833.86 55253.98
V 136 1085834.10 55253.29
V 144 1085834.64 55252.80
V 152 1085835.35 55252.62
V 160 1085839.86 55252.62
V 168 1085839.86 55255.62
