V 0 1085836.67 2321.55
V 8 1085831.49 2360.34
V 16 1085831.48 2360.37
V 24 1085826.35 2404.53
V 32 1085826.34 2404.63
V 40 1085826.30 2404.84
V 48 1085825.42 2408.02
V 56 1085825.12 2408.59
V 64 1085824.60 2408.98
V 72 1085823.97 2409.12
V 80 1085735.66 2409.12
V 88 1085735.66 2406.12
V 96 1085822.82 2406.12
V 104 1085823.37 2404.15
V 112 1085828.50 2360.05
V 120 1085828.51 2359.94
V 128 1085833.86 2319.85
V 136 1085834.12 2319.19
V 144 1085834.66 2318.72
V 152 1085835.35 2318.55
V 160 1085839.86 2318.55
V 168 1085839.86 2321.55
