V 0 1085836.69 52280.14
V 8 1085832.26 52318.18
V 16 1085832.25 52318.28
V 24 1085832.21 52318.49
V 32 1085825.39 52343.36
V 40 1085824.77 52350.26
V 48 1085824.53 52350.95
V 56 1085823.99 52351.44
V 64 1085823.28 52351.62
V 72 1085735.66 52351.62
V 80 1085735.66 52348.62
V 88 1085821.91 52348.62
V 96 1085822.42 52343.02
V 104 1085822.42 52342.96
V 112 1085822.43 52342.86
V 120 1085822.46 52342.75
V 128 1085822.47 52342.65
V 136 1085829.28 52317.80
V 144 1085833.86 52278.47
V 152 1085834.11 52277.79
V 160 1085834.65 52277.31
V 168 1085835.35 52277.14
V 176 1085839.86 52277.14
V 184 1085839.86 52280.14
