V 0 1096923.40 -82257.45
V 8 1096865.57 -82217.62
V 16 1096806.95 -82177.22
V 24 1096806.90 -82177.19
V 32 1096806.88 -82177.18
V 40 1096777.47 -82159.41
V 48 1096777.43 -82159.39
V 56 1096777.35 -82159.34
V 64 1096777.26 -82159.31
V 72 1096777.17 -82159.27
V 80 1096776.90 -82159.21
V 88 1096776.80 -82159.20
V 96 1096586.94 -82159.20
V 104 1096586.31 -82159.33
V 112 1096585.80 -82159.72
V 120 1096582.05 -82164.08
V 128 1096584.33 -82166.04
V 136 1096587.63 -82162.20
V 144 1096776.29 -82162.20
V 152 1096805.25 -82179.70
V 160 1096863.87 -82220.10
V 168 1096922.08 -82260.19
V 176 1096922.49 -82260.39
V 184 1096922.93 -82260.45
V 192 1097032.36 -82260.45
V 200 1097032.36 -82257.45
