V 0 1085836.69 -22860.86
V 8 1085832.26 -22822.82
V 16 1085832.25 -22822.72
V 24 1085832.21 -22822.51
V 32 1085825.39 -22797.64
V 40 1085824.77 -22790.74
V 48 1085824.53 -22790.05
V 56 1085823.99 -22789.56
V 64 1085823.28 -22789.38
V 72 1085735.66 -22789.38
V 80 1085735.66 -22792.38
V 88 1085821.91 -22792.38
V 96 1085822.42 -22797.98
V 104 1085822.42 -22798.04
V 112 1085822.43 -22798.14
V 120 1085822.46 -22798.25
V 128 1085822.47 -22798.35
V 136 1085829.28 -22823.20
V 144 1085833.86 -22862.53
V 152 1085834.11 -22863.21
V 160 1085834.65 -22863.69
V 168 1085835.35 -22863.86
V 176 1085839.86 -22863.86
V 184 1085839.86 -22860.86
