V 0 -681253.19 -201735.75
V 8 -681256.52 -201730.85
V 16 -681261.48 -201727.62
V 24 -681782.98 -201520.42
V 32 -681783.15 -201520.36
V 40 -681783.47 -201520.23
V 48 -681783.77 -201520.13
V 56 -684192.46 -200727.66
V 64 -686632.97 -199686.74
V 72 -687661.31 -199137.07
V 80 -688030.11 -198842.71
V 88 -688030.23 -198842.61
V 96 -688030.66 -198842.29
V 104 -688031.10 -198841.97
V 112 -688031.96 -198841.43
V 120 -688031.99 -198841.42
V 128 -688032.05 -198841.38
V 136 -689326.03 -198087.99
V 144 -689609.20 -197863.57
V 152 -689609.24 -197863.55
V 160 -689609.66 -197863.23
V 168 -689610.10 -197862.91
V 176 -689610.96 -197862.37
V 184 -689610.99 -197862.36
V 192 -689611.05 -197862.32
V 200 -690913.93 -197103.63
V 208 -691197.41 -196878.96
V 216 -691197.45 -196878.94
V 224 -691197.87 -196878.62
V 232 -691198.31 -196878.30
V 240 -691199.17 -196877.76
V 248 -691199.20 -196877.75
V 256 -691199.26 -196877.71
V 264 -692501.57 -196119.34
V 272 -692785.07 -195894.67
V 280 -692785.11 -195894.65
V 288 -692785.53 -195894.33
V 296 -692785.97 -195894.01
V 304 -692786.83 -195893.47
V 312 -692786.86 -195893.46
V 320 -692786.92 -195893.42
V 328 -694537.33 -194874.12
V 336 -695116.33 -194207.56
V 344 -695116.55 -194207.29
V 352 -695116.92 -194206.89
V 360 -695117.30 -194206.51
V 368 -695117.69 -194206.14
V 376 -695117.72 -194206.11
V 384 -696090.83 -193321.52
V 392 -696249.85 -193109.11
V 400 -696249.87 -193109.09
V 408 -696249.92 -193109.02
V 416 -696250.25 -193108.60
V 424 -696250.60 -193108.18
V 432 -696250.97 -193107.78
V 440 -696251.35 -193107.40
V 448 -696251.74 -193107.03
V 456 -696251.79 -193106.98
V 464 -697077.76 -192358.64
V 472 -697239.38 -192142.67
V 480 -697239.40 -192142.65
V 488 -697239.45 -192142.58
V 496 -697239.78 -192142.16
V 504 -697240.13 -192141.74
V 512 -697240.50 -192141.34
V 520 -697240.88 -192140.96
V 528 -697241.27 -192140.59
V 536 -697241.32 -192140.54
V 544 -698066.92 -191392.54
V 552 -698228.59 -191176.52
V 560 -698228.61 -191176.50
V 568 -698228.66 -191176.43
V 576 -698228.99 -191176.01
V 584 -698229.34 -191175.59
V 592 -698229.71 -191175.19
V 600 -698230.09 -191174.81
V 608 -698230.48 -191174.44
V 616 -698230.53 -191174.39
V 624 -699056.13 -190426.38
V 632 -699217.86 -190210.28
V 640 -699217.88 -190210.26
V 648 -699217.93 -190210.19
V 656 -699218.26 -190209.77
V 664 -699218.61 -190209.35
V 672 -699218.98 -190208.95
V 680 -699219.36 -190208.57
V 688 -699219.75 -190208.20
V 696 -699219.80 -190208.15
V 704 -700045.32 -189460.22
V 712 -700207.05 -189244.12
V 720 -700207.07 -189244.10
V 728 -700207.12 -189244.03
V 736 -700207.45 -189243.61
V 744 -700207.80 -189243.19
V 752 -700208.17 -189242.79
V 760 -700208.55 -189242.41
V 768 -700208.94 -189242.04
V 776 -700208.99 -189241.99
V 784 -701135.15 -188402.87
V 792 -701558.09 -187766.28
V 800 -701558.40 -187765.83
V 808 -702354.04 -186658.52
V 816 -702436.66 -186461.79
V 824 -702436.68 -186461.75
V 832 -702436.88 -186461.30
V 840 -702437.11 -186460.81
V 848 -702437.37 -186460.34
V 856 -702437.64 -186459.87
V 864 -702437.92 -186459.41
V 872 -702438.23 -186458.96
V 880 -702438.32 -186458.84
V 888 -702438.34 -186458.80
V 896 -702971.79 -185722.47
V 904 -703057.98 -185517.14
V 912 -703058.00 -185517.10
V 920 -703058.20 -185516.65
V 928 -703058.43 -185516.16
V 936 -703058.69 -185515.69
V 944 -703058.96 -185515.22
V 952 -703059.24 -185514.76
V 960 -703059.55 -185514.31
V 968 -703059.64 -185514.19
V 976 -703059.66 -185514.15
V 984 -703592.85 -184778.20
V 992 -703679.02 -184572.86
V 1000 -703679.24 -184572.36
V 1008 -703679.47 -184571.87
V 1016 -703679.73 -184571.40
V 1024 -703680.00 -184570.93
V 1032 -703680.28 -184570.47
V 1040 -703680.59 -184570.02
V 1048 -703680.68 -184569.90
V 1056 -703680.70 -184569.86
V 1064 -704213.84 -183834.00
V 1072 -704300.01 -183628.65
V 1080 -704300.23 -183628.15
V 1088 -704300.46 -183627.66
V 1096 -704300.72 -183627.19
V 1104 -704300.99 -183626.72
V 1112 -704301.27 -183626.26
V 1120 -704301.58 -183625.81
V 1128 -704301.67 -183625.69
V 1136 -704301.69 -183625.65
V 1144 -704834.82 -182889.79
V 1152 -704920.99 -182684.44
V 1160 -704921.21 -182683.94
V 1168 -704921.44 -182683.45
V 1176 -704921.70 -182682.98
V 1184 -704921.97 -182682.51
V 1192 -704922.25 -182682.05
V 1200 -704922.56 -182681.60
V 1208 -704922.65 -182681.48
V 1216 -704922.67 -182681.44
V 1224 -705455.81 -181945.58
V 1232 -705541.98 -181740.24
V 1240 -705542.20 -181739.74
V 1248 -705542.43 -181739.25
V 1256 -705542.69 -181738.78
V 1264 -705542.96 -181738.31
V 1272 -705543.24 -181737.85
V 1280 -705543.55 -181737.40
V 1288 -705543.64 -181737.28
V 1296 -705543.66 -181737.24
V 1304 -705988.88 -181122.72
V 1312 -706901.77 -179414.83
V 1320 -706956.96 -179084.02
V 1328 -706956.97 -179083.98
V 1336 -706957.00 -179083.80
V 1344 -706957.11 -179083.27
V 1352 -706957.24 -179082.74
V 1360 -706957.38 -179082.22
V 1368 -706957.55 -179081.70
V 1376 -706957.73 -179081.19
V 1384 -706957.93 -179080.69
V 1392 -706958.06 -179080.40
V 1400 -706958.07 -179080.36
V 1408 -707280.01 -178360.83
V 1416 -707312.67 -178167.37
V 1424 -707312.70 -178167.19
V 1432 -707312.81 -178166.66
V 1440 -707312.94 -178166.13
V 1448 -707313.08 -178165.61
V 1456 -707313.25 -178165.09
V 1464 -707313.43 -178164.58
V 1472 -707313.63 -178164.08
V 1480 -707313.76 -178163.79
V 1488 -707313.77 -178163.75
V 1496 -707637.26 -177440.71
V 1504 -707669.91 -177247.33
V 1512 -707669.94 -177247.15
V 1520 -707670.05 -177246.62
V 1528 -707670.18 -177246.09
V 1536 -707670.32 -177245.57
V 1544 -707670.49 -177245.05
V 1552 -707670.67 -177244.54
V 1560 -707670.87 -177244.04
V 1568 -707671.00 -177243.75
V 1576 -707671.01 -177243.71
V 1584 -707994.55 -176520.59
V 1592 -708027.19 -176327.18
V 1600 -708027.22 -176327.00
V 1608 -708027.33 -176326.47
V 1616 -708027.46 -176325.94
V 1624 -708027.60 -176325.42
V 1632 -708027.77 -176324.90
V 1640 -708027.95 -176324.39
V 1648 -708028.15 -176323.89
V 1656 -708028.28 -176323.60
V 1664 -708028.29 -176323.56
V 1672 -708351.75 -175600.62
V 1680 -708384.40 -175407.19
V 1688 -708384.43 -175407.01
V 1696 -708384.54 -175406.48
V 1704 -708384.67 -175405.95
V 1712 -708384.81 -175405.43
V 1720 -708384.98 -175404.91
V 1728 -708385.16 -175404.40
V 1736 -708385.36 -175403.90
V 1744 -708385.49 -175403.61
V 1752 -708385.50 -175403.57
V 1760 -708708.99 -174680.54
V 1768 -708741.64 -174487.15
V 1776 -708741.67 -174486.97
V 1784 -708741.78 -174486.44
V 1792 -708741.91 -174485.91
V 1800 -708742.05 -174485.39
V 1808 -708742.22 -174484.87
V 1816 -708742.40 -174484.36
V 1824 -708742.60 -174483.86
V 1832 -708742.73 -174483.57
V 1840 -708742.74 -174483.53
V 1848 -709066.28 -173760.42
V 1856 -709098.92 -173567.02
V 1864 -709098.95 -173566.84
V 1872 -709099.06 -173566.31
V 1880 -709099.19 -173565.78
V 1888 -709099.33 -173565.26
V 1896 -709099.50 -173564.74
V 1904 -709099.68 -173564.23
V 1912 -709099.88 -173563.73
V 1920 -709100.01 -173563.44
V 1928 -709100.02 -173563.40
V 1936 -709423.48 -172840.44
V 1944 -709456.14 -172647.02
V 1952 -709456.17 -172646.84
V 1960 -709456.28 -172646.31
V 1968 -709456.41 -172645.78
V 1976 -709456.55 -172645.26
V 1984 -709456.72 -172644.74
V 1992 -709456.90 -172644.23
V 2000 -709457.10 -172643.73
V 2008 -709457.23 -172643.44
V 2016 -709457.24 -172643.40
V 2024 -709881.50 -171695.12
V 2032 -709881.50 -171143.74
V 2040 -709881.51 -171143.20
V 2048 -709881.54 -171142.66
V 2056 -709881.59 -171142.12
V 2064 -709881.66 -171141.58
V 2072 -709881.74 -171141.05
V 2080 -709881.85 -171140.52
V 2088 -709882.05 -171139.71
V 2096 -710037.76 -170549.17
V 2104 -710037.76 -170213.55
V 2112 -710037.77 -170213.01
V 2120 -710037.80 -170212.47
V 2128 -710037.85 -170211.93
V 2136 -710037.92 -170211.39
V 2144 -710038.00 -170210.86
V 2152 -710038.11 -170210.33
V 2160 -710038.31 -170209.52
V 2168 -710186.21 -169648.64
V 2176 -710186.21 -169312.97
V 2184 -710186.22 -169312.43
V 2192 -710186.25 -169311.89
V 2200 -710186.30 -169311.35
V 2208 -710186.37 -169310.81
V 2216 -710186.45 -169310.28
V 2224 -710186.56 -169309.75
V 2232 -710186.76 -169308.94
V 2240 -710334.65 -168748.06
V 2248 -710334.65 -168412.41
V 2256 -710334.66 -168411.87
V 2264 -710334.69 -168411.33
V 2272 -710334.74 -168410.79
V 2280 -710334.81 -168410.25
V 2288 -710334.89 -168409.72
V 2296 -710335.00 -168409.19
V 2304 -710335.20 -168408.38
V 2312 -710483.09 -167847.50
V 2320 -710483.09 -167511.85
V 2328 -710483.10 -167511.31
V 2336 -710483.13 -167510.77
V 2344 -710483.18 -167510.23
V 2352 -710483.25 -167509.69
V 2360 -710483.33 -167509.16
V 2368 -710483.44 -167508.63
V 2376 -710483.64 -167507.82
V 2384 -710631.53 -166946.94
V 2392 -710631.53 -166611.30
V 2400 -710631.54 -166610.76
V 2408 -710631.57 -166610.22
V 2416 -710631.62 -166609.68
V 2424 -710631.69 -166609.14
V 2432 -710631.77 -166608.61
V 2440 -710631.88 -166608.08
V 2448 -710632.08 -166607.27
V 2456 -710779.97 -166046.39
V 2464 -710779.97 -165710.74
V 2472 -710779.98 -165710.20
V 2480 -710780.01 -165709.66
V 2488 -710780.06 -165709.12
V 2496 -710780.13 -165708.58
V 2504 -710780.21 -165708.05
V 2512 -710780.32 -165707.52
V 2520 -710780.52 -165706.71
V 2528 -710928.41 -165145.83
V 2536 -710928.41 -164810.18
V 2544 -710928.42 -164809.64
V 2552 -710928.45 -164809.10
V 2560 -710928.50 -164808.56
V 2568 -710928.57 -164808.02
V 2576 -710928.65 -164807.49
V 2584 -710928.76 -164806.96
V 2592 -710928.96 -164806.15
V 2600 -711076.85 -164245.27
V 2608 -711076.85 -163909.64
V 2616 -711076.86 -163909.10
V 2624 -711076.89 -163908.56
V 2632 -711076.94 -163908.02
V 2640 -711077.01 -163907.48
V 2648 -711077.09 -163906.95
V 2656 -711077.20 -163906.42
V 2664 -711077.40 -163905.61
V 2672 -711225.30 -163344.73
V 2680 -711225.30 -162835.68
V 2688 -711218.43 -162795.05
V 2696 -711218.42 -162794.98
V 2704 -711218.42 -162794.96
V 2712 -711218.37 -162794.64
V 2720 -711218.30 -162794.10
V 2728 -711218.25 -162793.56
V 2736 -711218.22 -162793.02
V 2744 -711218.21 -162792.48
V 2752 -711218.22 -162791.94
V 2760 -711218.23 -162791.82
V 2768 -711233.80 -162245.21
V 2776 -711233.80 -161479.89
V 2784 -711203.12 -161444.45
V 2792 -711200.36 -161439.75
V 2800 -711199.46 -161434.37
V 2808 -711200.95 -161349.44
V 2816 -711200.95 -160639.62
V 2824 -711169.48 -160603.26
V 2832 -711166.72 -160598.56
V 2840 -711165.82 -160593.18
V 2848 -711168.09 -160463.37
V 2856 -711168.09 -159799.34
V 2864 -711135.83 -159762.08
V 2872 -711133.07 -159757.38
V 2880 -711132.17 -159752.00
V 2888 -711135.23 -159577.32
V 2896 -711135.23 -158959.16
V 2904 -711102.20 -158920.99
V 2912 -711099.44 -158916.29
V 2920 -711098.54 -158910.91
V 2928 -711102.38 -158691.27
V 2936 -711102.38 -158118.80
V 2944 -711068.55 -158079.72
V 2952 -711065.79 -158075.02
V 2960 -711064.89 -158069.64
V 2968 -711069.52 -157805.22
V 2976 -711069.52 -157278.60
V 2984 -711034.92 -157238.62
V 2992 -711032.16 -157233.92
V 3000 -711031.26 -157228.54
V 3008 -711036.67 -156919.17
V 3016 -711036.67 -156438.26
V 3024 -711001.27 -156397.37
V 3032 -710998.51 -156392.67
V 3040 -710997.61 -156387.29
V 3048 -711003.81 -156033.12
V 3056 -711003.81 -155598.04
V 3064 -710967.64 -155556.24
V 3072 -710964.88 -155551.54
V 3080 -710963.98 -155546.16
V 3088 -710970.96 -155147.07
V 3096 -710970.96 -154757.72
V 3104 -710931.35 -154711.96
V 3112 -710928.63 -154707.38
V 3120 -710927.69 -154702.14
V 3128 -710927.69 -154438.08
V 3136 -710878.33 -153936.92
V 3144 -710774.59 -153776.52
V 3152 -710774.58 -153776.50
V 3160 -710774.34 -153776.10
V 3168 -710774.07 -153775.63
V 3176 -710773.81 -153775.16
V 3184 -710773.58 -153774.67
V 3192 -710773.36 -153774.17
V 3200 -710773.16 -153773.67
V 3208 -710772.98 -153773.16
V 3216 -710772.81 -153772.64
V 3224 -710772.67 -153772.12
V 3232 -710772.54 -153771.59
V 3240 -710772.43 -153771.06
V 3248 -710772.38 -153770.72
V 3256 -710772.37 -153770.70
V 3264 -710664.55 -153085.57
V 3272 -710574.01 -152939.21
V 3280 -710574.00 -152939.18
V 3288 -710573.92 -152939.05
V 3296 -710573.65 -152938.58
V 3304 -710573.39 -152938.11
V 3312 -710573.16 -152937.62
V 3320 -710572.94 -152937.12
V 3328 -710572.74 -152936.62
V 3336 -710572.56 -152936.11
V 3344 -710572.39 -152935.59
V 3352 -710572.25 -152935.07
V 3360 -710572.12 -152934.54
V 3368 -710572.01 -152934.01
V 3376 -710462.44 -152243.04
V 3384 -710372.10 -152096.89
V 3392 -710372.09 -152096.86
V 3400 -710372.01 -152096.73
V 3408 -710371.74 -152096.26
V 3416 -710371.48 -152095.79
V 3424 -710371.25 -152095.30
V 3432 -710371.03 -152094.80
V 3440 -710370.83 -152094.30
V 3448 -710370.65 -152093.79
V 3456 -710370.48 -152093.27
V 3464 -710370.34 -152092.75
V 3472 -710370.21 -152092.22
V 3480 -710370.10 -152091.69
V 3488 -710260.50 -151400.65
V 3496 -710170.18 -151254.50
V 3504 -710170.17 -151254.47
V 3512 -710170.09 -151254.34
V 3520 -710169.82 -151253.87
V 3528 -710169.56 -151253.40
V 3536 -710169.33 -151252.91
V 3544 -710169.11 -151252.41
V 3552 -710168.91 -151251.91
V 3560 -710168.73 -151251.40
V 3568 -710168.56 -151250.88
V 3576 -710168.42 -151250.36
V 3584 -710168.29 -151249.83
V 3592 -710168.18 -151249.30
V 3600 -710058.58 -150558.23
V 3608 -709968.24 -150412.10
V 3616 -709968.23 -150412.07
V 3624 -709968.15 -150411.94
V 3632 -709967.88 -150411.47
V 3640 -709967.62 -150411.00
V 3648 -709967.39 -150410.51
V 3656 -709967.17 -150410.01
V 3664 -709966.97 -150409.51
V 3672 -709966.79 -150409.00
V 3680 -709966.62 -150408.48
V 3688 -709966.48 -150407.96
V 3696 -709966.35 -150407.43
V 3704 -709966.24 -150406.90
V 3712 -709856.64 -149715.85
V 3720 -709794.63 -149615.51
V 3728 -708514.42 -149615.51
V 3736 -708514.42 -149585.51
V 3744 -709803.00 -149585.51
V 3752 -709810.30 -149587.41
V 3760 -709815.76 -149592.62
V 3768 -709883.74 -149702.62
V 3776 -709883.75 -149702.65
V 3784 -709883.83 -149702.78
V 3792 -709884.10 -149703.25
V 3800 -709884.36 -149703.72
V 3808 -709884.59 -149704.21
V 3816 -709884.81 -149704.71
V 3824 -709885.01 -149705.21
V 3832 -709885.19 -149705.72
V 3840 -709885.36 -149706.24
V 3848 -709885.50 -149706.76
V 3856 -709885.63 -149707.29
V 3864 -709885.74 -149707.82
V 3872 -709995.34 -150398.87
V 3880 -710085.68 -150545.00
V 3888 -710085.69 -150545.03
V 3896 -710085.77 -150545.16
V 3904 -710086.04 -150545.63
V 3912 -710086.30 -150546.10
V 3920 -710086.53 -150546.59
V 3928 -710086.75 -150547.09
V 3936 -710086.95 -150547.59
V 3944 -710087.13 -150548.10
V 3952 -710087.30 -150548.62
V 3960 -710087.44 -150549.14
V 3968 -710087.57 -150549.67
V 3976 -710087.68 -150550.20
V 3984 -710197.28 -151241.27
V 3992 -710287.60 -151387.42
V 4000 -710287.61 -151387.45
V 4008 -710287.69 -151387.58
V 4016 -710287.96 -151388.05
V 4024 -710288.22 -151388.52
V 4032 -710288.45 -151389.01
V 4040 -710288.67 -151389.51
V 4048 -710288.87 -151390.01
V 4056 -710289.05 -151390.52
V 4064 -710289.22 -151391.04
V 4072 -710289.36 -151391.56
V 4080 -710289.49 -151392.09
V 4088 -710289.60 -151392.62
V 4096 -710399.20 -152083.66
V 4104 -710489.54 -152229.81
V 4112 -710489.55 -152229.84
V 4120 -710489.63 -152229.97
V 4128 -710489.90 -152230.44
V 4136 -710490.16 -152230.91
V 4144 -710490.39 -152231.40
V 4152 -710490.61 -152231.90
V 4160 -710490.81 -152232.40
V 4168 -710490.99 -152232.91
V 4176 -710491.16 -152233.43
V 4184 -710491.30 -152233.95
V 4192 -710491.43 -152234.48
V 4200 -710491.54 -152235.01
V 4208 -710601.11 -152925.98
V 4216 -710691.66 -153072.36
V 4224 -710691.67 -153072.39
V 4232 -710691.75 -153072.52
V 4240 -710692.02 -153072.99
V 4248 -710692.28 -153073.46
V 4256 -710692.51 -153073.95
V 4264 -710692.73 -153074.45
V 4272 -710692.93 -153074.95
V 4280 -710693.11 -153075.46
V 4288 -710693.28 -153075.98
V 4296 -710693.42 -153076.50
V 4304 -710693.55 -153077.03
V 4312 -710693.66 -153077.56
V 4320 -710693.71 -153077.89
V 4328 -710693.72 -153077.92
V 4336 -710801.51 -153762.88
V 4344 -710905.50 -153923.67
V 4352 -710905.51 -153923.69
V 4360 -710905.75 -153924.09
V 4368 -710906.02 -153924.56
V 4376 -710906.28 -153925.03
V 4384 -710906.51 -153925.52
V 4392 -710906.73 -153926.02
V 4400 -710906.93 -153926.52
V 4408 -710907.11 -153927.03
V 4416 -710907.28 -153927.55
V 4424 -710907.42 -153928.07
V 4432 -710907.55 -153928.60
V 4440 -710907.66 -153929.13
V 4448 -710907.74 -153929.66
V 4456 -710907.81 -153930.20
V 4464 -710907.82 -153930.33
V 4472 -710907.83 -153930.35
V 4480 -710957.62 -154435.85
V 4488 -710957.65 -154436.24
V 4496 -710957.68 -154436.78
V 4504 -710957.69 -154437.32
V 4512 -710957.69 -154696.55
V 4520 -710997.30 -154742.31
V 4528 -711000.02 -154746.89
V 4536 -711000.96 -154752.13
V 4544 -711000.96 -155147.59
V 4552 -710994.08 -155540.95
V 4560 -711030.15 -155582.63
V 4568 -711032.87 -155587.21
V 4576 -711033.81 -155592.45
V 4584 -711033.81 -156033.64
V 4592 -711027.71 -156382.07
V 4600 -711063.01 -156422.85
V 4608 -711065.73 -156427.43
V 4616 -711066.67 -156432.67
V 4624 -711066.67 -156919.69
V 4632 -711061.36 -157223.33
V 4640 -711095.86 -157263.19
V 4648 -711098.58 -157267.77
V 4656 -711099.52 -157273.01
V 4664 -711099.52 -157805.74
V 4672 -711094.99 -158064.42
V 4680 -711128.72 -158103.39
V 4688 -711131.44 -158107.97
V 4696 -711132.38 -158113.21
V 4704 -711132.38 -158691.79
V 4712 -711128.64 -158905.70
V 4720 -711161.57 -158943.75
V 4728 -711164.29 -158948.33
V 4736 -711165.23 -158953.57
V 4744 -711165.23 -159577.84
V 4752 -711162.27 -159746.78
V 4760 -711194.43 -159783.93
V 4768 -711197.15 -159788.51
V 4776 -711198.09 -159793.75
V 4784 -711198.09 -160463.89
V 4792 -711195.92 -160587.96
V 4800 -711227.29 -160624.21
V 4808 -711230.01 -160628.79
V 4816 -711230.95 -160634.03
V 4824 -711230.95 -161349.96
V 4832 -711229.56 -161429.15
V 4840 -711260.14 -161464.48
V 4848 -711262.86 -161469.06
V 4856 -711263.80 -161474.30
V 4864 -711263.80 -162245.29
V 4872 -711263.79 -162245.83
V 4880 -711263.78 -162245.95
V 4888 -711248.24 -162791.42
V 4896 -711255.08 -162831.85
V 4904 -711255.09 -162831.92
V 4912 -711255.09 -162831.94
V 4920 -711255.14 -162832.26
V 4928 -711255.21 -162832.80
V 4936 -711255.26 -162833.34
V 4944 -711255.29 -162833.88
V 4952 -711255.30 -162834.42
V 4960 -711255.30 -163346.65
V 4968 -711255.29 -163347.19
V 4976 -711255.26 -163347.73
V 4984 -711255.21 -163348.27
V 4992 -711255.14 -163348.81
V 5000 -711255.06 -163349.34
V 5008 -711254.95 -163349.87
V 5016 -711254.75 -163350.68
V 5024 -711106.85 -163911.56
V 5032 -711106.85 -164247.19
V 5040 -711106.84 -164247.73
V 5048 -711106.81 -164248.27
V 5056 -711106.76 -164248.81
V 5064 -711106.69 -164249.35
V 5072 -711106.61 -164249.88
V 5080 -711106.50 -164250.41
V 5088 -711106.30 -164251.22
V 5096 -710958.41 -164812.10
V 5104 -710958.41 -165147.75
V 5112 -710958.40 -165148.29
V 5120 -710958.37 -165148.83
V 5128 -710958.32 -165149.37
V 5136 -710958.25 -165149.91
V 5144 -710958.17 -165150.44
V 5152 -710958.06 -165150.97
V 5160 -710957.86 -165151.78
V 5168 -710809.97 -165712.66
V 5176 -710809.97 -166048.31
V 5184 -710809.96 -166048.85
V 5192 -710809.93 -166049.39
V 5200 -710809.88 -166049.93
V 5208 -710809.81 -166050.47
V 5216 -710809.73 -166051.00
V 5224 -710809.62 -166051.53
V 5232 -710809.42 -166052.34
V 5240 -710661.53 -166613.22
V 5248 -710661.53 -166948.86
V 5256 -710661.52 -166949.40
V 5264 -710661.49 -166949.94
V 5272 -710661.44 -166950.48
V 5280 -710661.37 -166951.02
V 5288 -710661.29 -166951.55
V 5296 -710661.18 -166952.08
V 5304 -710660.98 -166952.89
V 5312 -710513.09 -167513.77
V 5320 -710513.09 -167849.42
V 5328 -710513.08 -167849.96
V 5336 -710513.05 -167850.50
V 5344 -710513.00 -167851.04
V 5352 -710512.93 -167851.58
V 5360 -710512.85 -167852.11
V 5368 -710512.74 -167852.64
V 5376 -710512.54 -167853.45
V 5384 -710364.65 -168414.33
V 5392 -710364.65 -168749.98
V 5400 -710364.64 -168750.52
V 5408 -710364.61 -168751.06
V 5416 -710364.56 -168751.60
V 5424 -710364.49 -168752.14
V 5432 -710364.41 -168752.67
V 5440 -710364.30 -168753.20
V 5448 -710364.10 -168754.01
V 5456 -710216.21 -169314.89
V 5464 -710216.21 -169650.56
V 5472 -710216.20 -169651.10
V 5480 -710216.17 -169651.64
V 5488 -710216.12 -169652.18
V 5496 -710216.05 -169652.72
V 5504 -710215.97 -169653.25
V 5512 -710215.86 -169653.78
V 5520 -710215.66 -169654.59
V 5528 -710067.76 -170215.47
V 5536 -710067.76 -170551.09
V 5544 -710067.75 -170551.63
V 5552 -710067.72 -170552.17
V 5560 -710067.67 -170552.71
V 5568 -710067.60 -170553.25
V 5576 -710067.52 -170553.78
V 5584 -710067.41 -170554.31
V 5592 -710067.21 -170555.12
V 5600 -709911.50 -171145.66
V 5608 -709911.50 -171698.32
V 5616 -709911.49 -171698.86
V 5624 -709911.46 -171699.40
V 5632 -709911.41 -171699.94
V 5640 -709911.34 -171700.48
V 5648 -709911.26 -171701.01
V 5656 -709911.15 -171701.54
V 5664 -709911.02 -171702.07
V 5672 -709910.88 -171702.59
V 5680 -709910.71 -171703.11
V 5688 -709910.53 -171703.62
V 5696 -709910.33 -171704.12
V 5704 -709910.19 -171704.43
V 5712 -709910.19 -171704.45
V 5720 -709485.40 -172653.91
V 5728 -709452.74 -172847.33
V 5736 -709452.71 -172847.51
V 5744 -709452.60 -172848.04
V 5752 -709452.47 -172848.57
V 5760 -709452.33 -172849.09
V 5768 -709452.16 -172849.61
V 5776 -709451.98 -172850.12
V 5784 -709451.78 -172850.62
V 5792 -709451.65 -172850.91
V 5800 -709451.64 -172850.95
V 5808 -709128.18 -173573.91
V 5816 -709095.54 -173767.31
V 5824 -709095.51 -173767.49
V 5832 -709095.40 -173768.02
V 5840 -709095.27 -173768.55
V 5848 -709095.13 -173769.07
V 5856 -709094.96 -173769.59
V 5864 -709094.78 -173770.10
V 5872 -709094.58 -173770.60
V 5880 -709094.45 -173770.89
V 5888 -709094.44 -173770.93
V 5896 -708770.90 -174494.04
V 5904 -708738.25 -174687.43
V 5912 -708738.22 -174687.61
V 5920 -708738.11 -174688.14
V 5928 -708737.98 -174688.67
V 5936 -708737.84 -174689.19
V 5944 -708737.67 -174689.71
V 5952 -708737.49 -174690.22
V 5960 -708737.29 -174690.72
V 5968 -708737.16 -174691.01
V 5976 -708737.15 -174691.05
V 5984 -708413.66 -175414.08
V 5992 -708381.01 -175607.51
V 6000 -708380.98 -175607.69
V 6008 -708380.87 -175608.22
V 6016 -708380.74 -175608.75
V 6024 -708380.60 -175609.27
V 6032 -708380.43 -175609.79
V 6040 -708380.25 -175610.30
V 6048 -708380.05 -175610.80
V 6056 -708379.92 -175611.09
V 6064 -708379.91 -175611.13
V 6072 -708056.45 -176334.07
V 6080 -708023.81 -176527.48
V 6088 -708023.78 -176527.66
V 6096 -708023.67 -176528.19
V 6104 -708023.54 -176528.72
V 6112 -708023.40 -176529.24
V 6120 -708023.23 -176529.76
V 6128 -708023.05 -176530.27
V 6136 -708022.85 -176530.77
V 6144 -708022.72 -176531.06
V 6152 -708022.71 -176531.10
V 6160 -707699.17 -177254.22
V 6168 -707666.52 -177447.60
V 6176 -707666.49 -177447.78
V 6184 -707666.38 -177448.31
V 6192 -707666.25 -177448.84
V 6200 -707666.11 -177449.36
V 6208 -707665.94 -177449.88
V 6216 -707665.76 -177450.39
V 6224 -707665.56 -177450.89
V 6232 -707665.43 -177451.18
V 6240 -707665.42 -177451.22
V 6248 -707341.93 -178174.26
V 6256 -707309.27 -178367.72
V 6264 -707309.24 -178367.90
V 6272 -707309.13 -178368.43
V 6280 -707309.00 -178368.96
V 6288 -707308.86 -178369.48
V 6296 -707308.69 -178370.00
V 6304 -707308.51 -178370.51
V 6312 -707308.31 -178371.01
V 6320 -707308.18 -178371.30
V 6328 -707308.17 -178371.34
V 6336 -706986.25 -179090.84
V 6344 -706930.97 -179422.19
V 6352 -706930.96 -179422.23
V 6360 -706930.93 -179422.41
V 6368 -706930.82 -179422.94
V 6376 -706930.69 -179423.47
V 6384 -706930.55 -179423.99
V 6392 -706930.38 -179424.51
V 6400 -706930.20 -179425.02
V 6408 -706930.00 -179425.52
V 6416 -706929.78 -179426.02
V 6424 -706929.55 -179426.51
V 6432 -706015.00 -181137.49
V 6440 -706014.85 -181137.77
V 6448 -706014.47 -181138.43
V 6456 -706014.19 -181138.89
V 6464 -706013.81 -181139.44
V 6472 -706013.77 -181139.50
V 6480 -705568.96 -181753.46
V 6488 -705482.79 -181958.80
V 6496 -705482.57 -181959.30
V 6504 -705482.34 -181959.79
V 6512 -705482.08 -181960.26
V 6520 -705481.81 -181960.73
V 6528 -705481.53 -181961.19
V 6536 -705481.22 -181961.64
V 6544 -705481.13 -181961.76
V 6552 -705481.11 -181961.80
V 6560 -704947.97 -182697.66
V 6568 -704861.80 -182903.01
V 6576 -704861.58 -182903.51
V 6584 -704861.35 -182904.00
V 6592 -704861.09 -182904.47
V 6600 -704860.82 -182904.94
V 6608 -704860.54 -182905.40
V 6616 -704860.23 -182905.85
V 6624 -704860.14 -182905.97
V 6632 -704860.12 -182906.01
V 6640 -704326.99 -183641.87
V 6648 -704240.82 -183847.22
V 6656 -704240.60 -183847.72
V 6664 -704240.37 -183848.21
V 6672 -704240.11 -183848.68
V 6680 -704239.84 -183849.15
V 6688 -704239.56 -183849.61
V 6696 -704239.25 -183850.06
V 6704 -704239.16 -183850.18
V 6712 -704239.14 -183850.22
V 6720 -703706.00 -184586.08
V 6728 -703619.83 -184791.42
V 6736 -703619.61 -184791.92
V 6744 -703619.38 -184792.41
V 6752 -703619.12 -184792.88
V 6760 -703618.85 -184793.35
V 6768 -703618.57 -184793.81
V 6776 -703618.26 -184794.26
V 6784 -703618.17 -184794.38
V 6792 -703618.15 -184794.42
V 6800 -703084.97 -185530.36
V 6808 -702998.78 -185735.69
V 6816 -702998.76 -185735.73
V 6824 -702998.56 -185736.18
V 6832 -702998.33 -185736.67
V 6840 -702998.07 -185737.14
V 6848 -702997.80 -185737.61
V 6856 -702997.52 -185738.07
V 6864 -702997.21 -185738.52
V 6872 -702997.12 -185738.64
V 6880 -702997.10 -185738.68
V 6888 -702463.65 -186475.01
V 6896 -702381.05 -186671.69
V 6904 -702381.03 -186671.73
V 6912 -702380.83 -186672.18
V 6920 -702380.60 -186672.67
V 6928 -702380.34 -186673.14
V 6936 -702380.07 -186673.61
V 6944 -702379.79 -186674.07
V 6952 -702379.48 -186674.52
V 6960 -701582.99 -187783.02
V 6968 -701159.16 -188420.94
V 6976 -701158.85 -188421.39
V 6984 -701158.53 -188421.83
V 6992 -701158.20 -188422.25
V 7000 -701157.85 -188422.67
V 7008 -701157.48 -188423.07
V 7016 -701157.10 -188423.45
V 7024 -701156.71 -188423.82
V 7032 -701156.66 -188423.87
V 7040 -700230.20 -189263.26
V 7048 -700068.47 -189479.36
V 7056 -700068.45 -189479.38
V 7064 -700068.40 -189479.45
V 7072 -700068.07 -189479.87
V 7080 -700067.72 -189480.29
V 7088 -700067.35 -189480.69
V 7096 -700066.97 -189481.07
V 7104 -700066.53 -189481.49
V 7112 -699241.01 -190229.42
V 7120 -699079.28 -190445.52
V 7128 -699079.26 -190445.54
V 7136 -699079.21 -190445.61
V 7144 -699078.88 -190446.03
V 7152 -699078.53 -190446.45
V 7160 -699078.16 -190446.85
V 7168 -699077.78 -190447.23
V 7176 -699077.34 -190447.65
V 7184 -698251.74 -191195.66
V 7192 -698090.07 -191411.68
V 7200 -698090.05 -191411.70
V 7208 -698090.00 -191411.77
V 7216 -698089.67 -191412.19
V 7224 -698089.32 -191412.61
V 7232 -698088.95 -191413.01
V 7240 -698088.57 -191413.39
V 7248 -698088.13 -191413.81
V 7256 -697262.53 -192161.81
V 7264 -697100.91 -192377.78
V 7272 -697100.89 -192377.80
V 7280 -697100.84 -192377.87
V 7288 -697100.51 -192378.29
V 7296 -697100.16 -192378.71
V 7304 -697099.79 -192379.11
V 7312 -697099.41 -192379.49
V 7320 -697098.97 -192379.91
V 7328 -696273.00 -193128.25
V 7336 -696114.00 -193340.64
V 7344 -696113.98 -193340.66
V 7352 -696113.93 -193340.73
V 7360 -696113.60 -193341.15
V 7368 -696113.25 -193341.57
V 7376 -696112.88 -193341.97
V 7384 -696112.50 -193342.35
V 7392 -696112.08 -193342.75
V 7400 -695138.54 -194227.72
V 7408 -694558.50 -194895.48
V 7416 -694558.28 -194895.75
V 7424 -694557.91 -194896.15
V 7432 -694557.53 -194896.53
V 7440 -694557.14 -194896.90
V 7448 -694556.73 -194897.26
V 7456 -694556.31 -194897.61
V 7464 -694555.88 -194897.93
V 7472 -694555.44 -194898.25
V 7480 -694554.98 -194898.54
V 7488 -694554.57 -194898.79
V 7496 -694554.55 -194898.80
V 7504 -694554.49 -194898.84
V 7512 -692802.90 -195918.83
V 7520 -692519.40 -196143.50
V 7528 -692519.36 -196143.52
V 7536 -692518.94 -196143.84
V 7544 -692518.50 -196144.16
V 7552 -692517.64 -196144.70
V 7560 -692517.61 -196144.71
V 7568 -692517.55 -196144.75
V 7576 -691215.24 -196903.12
V 7584 -690931.76 -197127.79
V 7592 -690931.72 -197127.81
V 7600 -690931.30 -197128.13
V 7608 -690930.86 -197128.45
V 7616 -690930.00 -197128.99
V 7624 -690929.97 -197129.00
V 7632 -690929.91 -197129.04
V 7640 -689627.03 -197887.73
V 7648 -689343.86 -198112.15
V 7656 -689343.82 -198112.17
V 7664 -689343.40 -198112.49
V 7672 -689342.96 -198112.81
V 7680 -689342.10 -198113.35
V 7688 -689342.07 -198113.36
V 7696 -689342.01 -198113.40
V 7704 -688048.02 -198866.80
V 7712 -687679.00 -199161.34
V 7720 -687678.88 -199161.44
V 7728 -687678.45 -199161.76
V 7736 -687678.01 -199162.08
V 7744 -687677.55 -199162.37
V 7752 -687677.09 -199162.65
V 7760 -687676.68 -199162.88
V 7768 -686646.53 -199713.51
V 7776 -686646.49 -199713.53
V 7784 -686646.00 -199713.78
V 7792 -686645.51 -199714.01
V 7800 -686645.37 -199714.07
V 7808 -686645.34 -199714.08
V 7816 -684203.85 -200755.42
V 7824 -684203.79 -200755.45
V 7832 -684203.70 -200755.49
V 7840 -684203.62 -200755.52
V 7848 -684203.53 -200755.55
V 7856 -684202.79 -200755.85
V 7864 -684202.48 -200755.95
V 7872 -684202.43 -200755.97
V 7880 -681793.62 -201548.48
V 7888 -681282.02 -201751.74
V 7896 -681282.02 -209773.70
V 7904 -681252.02 -209773.70
V 7912 -681252.02 -201741.56
