V 0 1085836.67 31543.05
V 8 1085831.49 31581.84
V 16 1085831.48 31581.87
V 24 1085826.35 31626.03
V 32 1085826.34 31626.13
V 40 1085826.30 31626.34
V 48 1085825.42 31629.52
V 56 1085825.12 31630.09
V 64 1085824.60 31630.48
V 72 1085823.97 31630.62
V 80 1085735.66 31630.62
V 88 1085735.66 31627.62
V 96 1085822.82 31627.62
V 104 1085823.37 31625.65
V 112 1085828.50 31581.55
V 120 1085828.51 31581.44
V 128 1085833.86 31541.35
V 136 1085834.12 31540.69
V 144 1085834.66 31540.22
V 152 1085835.35 31540.05
V 160 1085839.86 31540.05
V 168 1085839.86 31543.05
