V 0 1085836.72 30571.62
V 8 1085831.59 30628.07
V 16 1085831.59 30628.13
V 24 1085831.58 30628.24
V 32 1085825.52 30673.60
V 40 1085825.51 30673.63
V 48 1085823.40 30691.79
V 56 1085823.15 30692.47
V 64 1085822.61 30692.95
V 72 1085821.91 30693.12
V 80 1085735.66 30693.12
V 88 1085735.66 30690.12
V 96 1085820.57 30690.12
V 104 1085822.53 30673.31
V 112 1085822.54 30673.20
V 120 1085828.60 30627.84
V 128 1085833.86 30569.98
V 136 1085834.10 30569.29
V 144 1085834.64 30568.80
V 152 1085835.35 30568.62
V 160 1085839.86 30568.62
V 168 1085839.86 30571.62
