V 0 1085836.72 -9539.88
V 8 1085831.59 -9483.43
V 16 1085831.59 -9483.37
V 24 1085831.58 -9483.26
V 32 1085825.52 -9437.90
V 40 1085825.51 -9437.87
V 48 1085823.40 -9419.71
V 56 1085823.15 -9419.03
V 64 1085822.61 -9418.55
V 72 1085821.91 -9418.38
V 80 1085735.66 -9418.38
V 88 1085735.66 -9421.38
V 96 1085820.57 -9421.38
V 104 1085822.53 -9438.19
V 112 1085822.54 -9438.30
V 120 1085828.60 -9483.66
V 128 1085833.86 -9541.52
V 136 1085834.10 -9542.21
V 144 1085834.64 -9542.70
V 152 1085835.35 -9542.88
V 160 1085839.86 -9542.88
V 168 1085839.86 -9539.88
