V 0 1085.18 -610.26
V 1 1087.92 -605.38
V 2 1087.95 -605.32
V 3 1088.01 -605.22
V 4 1088.04 -605.16
V 5 1088.06 -605.13
V 6 1089.79 -601.99
V 7 1089.94 -601.70
V 8 1090.66 -600.39
V 9 1090.71 -600.32
V 10 1091.61 -598.69
V 11 1092.53 -597.03
V 12 1092.56 -596.96
V 13 1092.62 -596.86
V 14 1092.74 -596.62
V 15 1093.41 -595.38
V 16 1093.43 -595.33
V 17 1093.46 -595.29
V 18 1095.26 -591.99
V 19 1095.27 -591.96
V 20 1095.32 -591.88
V 21 1095.42 -591.68
V 22 1097.02 -588.71
V 23 1097.13 -588.52
V 24 1098.01 -586.86
V 25 1098.11 -586.66
V 26 1098.80 -585.38
V 27 1098.91 -585.19
V 28 1100.68 -581.83
V 29 1101.54 -580.19
V 30 1102.45 -578.48
V 31 1104.14 -575.24
V 32 1104.20 -575.13
V 33 1104.39 -574.75
V 34 1107.62 -568.51
V 35 1107.68 -568.40
V 36 1107.74 -568.28
V 37 1109.47 -564.90
V 38 1109.58 -564.67
V 39 1109.61 -564.60
V 40 1109.63 -564.57
V 41 1110.27 -563.34
V 42 1110.52 -562.84
V 43 1111.09 -561.68
V 44 1111.13 -561.62
V 45 1113.01 -557.87
V 46 1113.04 -557.80
V 47 1113.62 -556.65
V 48 1113.67 -556.57
V 49 1113.76 -556.39
V 50 1113.79 -556.34
V 51 1117.16 -549.55
V 52 1117.18 -549.50
V 53 1117.24 -549.38
V 54 1117.25 -549.35
V 55 1118.83 -546.12
V 56 1118.86 -546.08
V 57 1119.71 -544.34
V 58 1121.36 -540.92
V 59 1121.48 -540.65
V 60 1122.17 -539.23
V 61 1123.02 -537.47
V 62 1123.03 -537.44
V 63 1123.12 -537.23
V 64 1126.17 -530.81
V 65 1126.30 -530.56
V 66 1127.91 -527.12
V 67 1128.00 -526.92
V 68 1128.69 -525.45
V 69 1128.74 -525.35
V 70 1129.54 -523.61
V 71 1129.56 -523.56
V 72 1130.26 -522.04
V 73 1130.28 -522.00
V 74 1130.46 -521.60
V 75 1130.47 -521.57
V 76 1131.78 -518.72
V 77 1131.86 -518.57
V 78 1131.93 -518.42
V 79 1133.43 -515.13
V 80 1133.46 -515.07
V 81 1133.48 -515.02
V 82 1133.52 -514.94
V 83 1134.31 -513.18
V 84 1135.05 -511.55
V 85 1135.06 -511.52
V 86 1135.18 -511.26
V 87 1135.88 -509.70
V 88 1136.62 -508.04
V 89 1137.40 -506.31
V 90 1138.18 -504.57
V 91 1138.19 -504.53
V 92 1138.27 -504.36
V 93 1138.33 -504.20
V 94 1138.83 -503.06
V 95 1138.85 -503.02
V 96 1138.96 -502.78
V 97 1139.72 -501.06
V 98 1139.73 -501.04
V 99 1139.79 -500.90
V 100 1139.82 -500.82
V 101 1140.38 -499.55
V 102 1140.56 -499.15
V 103 1141.26 -497.55
V 104 1141.28 -497.51
V 105 1142.03 -495.79
V 106 1142.15 -495.49
V 107 1143.40 -492.60
V 108 1143.58 -492.20
V 109 1143.62 -492.09
V 110 1144.30 -490.51
V 111 1144.36 -490.36
V 112 1145.02 -488.84
V 113 1145.07 -488.72
V 114 1145.10 -488.64
V 115 1145.76 -487.08
V 116 1145.82 -486.96
V 117 1145.89 -486.78
V 118 1146.55 -485.23
V 119 1146.64 -485.00
V 120 1147.35 -483.36
V 121 1148.70 -480.14
V 122 1148.76 -480.00
V 123 1148.84 -479.79
V 124 1150.15 -476.62
V 125 1150.21 -476.49
V 126 1150.31 -476.23
V 127 1150.84 -474.96
V 128 1150.93 -474.76
V 129 1151.09 -474.36
V 130 1151.55 -473.23
V 131 1151.70 -472.90
V 132 1151.71 -472.87
V 133 1154.56 -465.85
V 134 1154.57 -465.81
V 135 1154.66 -465.59
V 136 1156.58 -460.80
V 137 1156.62 -460.71
V 138 1156.78 -460.30
V 139 1156.79 -460.26
V 140 1157.98 -457.26
V 141 1158.03 -457.16
V 142 1159.41 -453.64
V 143 1159.45 -453.55
V 144 1159.50 -453.41
V 145 1159.57 -453.23
V 146 1159.58 -453.20
V 147 1160.08 -451.91
V 148 1160.09 -451.89
V 149 1160.25 -451.48
V 150 1160.26 -451.46
V 151 1160.78 -450.14
V 152 1160.88 -449.88
V 153 1160.89 -449.86
V 154 1161.63 -447.94
V 155 1161.64 -447.91
V 156 1162.27 -446.25
V 157 1162.31 -446.13
V 158 1162.81 -444.84
V 159 1162.82 -444.82
V 160 1162.98 -444.41
V 161 1162.99 -444.37
V 162 1163.60 -442.77
V 163 1163.63 -442.72
V 164 1164.30 -440.96
V 165 1164.31 -440.91
V 166 1164.33 -440.87
V 167 1164.34 -440.84
V 168 1164.97 -439.18
V 169 1164.98 -439.14
V 170 1164.99 -439.12
V 171 1166.98 -433.81
V 172 1166.99 -433.78
V 173 1167.65 -432.00
V 174 1167.72 -431.78
V 175 1168.83 -428.76
V 176 1168.96 -428.43
V 177 1170.24 -424.92
V 178 1170.26 -424.88
V 179 1170.28 -424.82
V 180 1170.88 -423.16
V 181 1170.95 -422.99
V 182 1171.59 -421.20
V 183 1171.61 -421.14
V 184 1172.16 -419.60
V 185 1172.19 -419.52
V 186 1172.22 -419.43
V 187 1172.24 -419.38
V 188 1174.11 -414.08
V 189 1174.13 -414.04
V 190 1175.39 -410.48
V 191 1175.41 -410.41
V 192 1176.02 -408.65
V 193 1176.65 -406.85
V 194 1176.67 -406.78
V 195 1179.02 -399.89
V 196 1179.04 -399.85
V 197 1179.11 -399.63
V 198 1179.14 -399.57
V 199 1179.75 -397.76
V 200 1182.16 -390.53
V 201 1183.36 -386.89
V 202 1183.95 -385.08
V 203 1184.52 -383.35
V 204 1184.56 -383.24
V 205 1186.88 -375.96
V 206 1188.01 -372.34
V 207 1189.14 -368.76
V 208 1189.16 -368.67
V 209 1191.35 -361.49
V 210 1191.36 -361.47
V 211 1191.92 -359.66
V 212 1191.94 -359.61
V 213 1192.50 -357.77
V 214 1192.52 -357.69
V 215 1193.59 -354.07
V 216 1193.60 -354.04
V 217 1193.61 -354.00
V 218 1193.65 -353.86
V 219 1193.66 -353.83
V 220 1195.73 -346.79
V 221 1195.79 -346.59
V 222 1195.81 -346.50
V 223 1196.76 -343.21
V 224 1196.79 -343.12
V 225 1197.34 -341.22
V 226 1198.88 -335.75
V 227 1198.89 -335.72
V 228 1199.39 -333.92
V 229 1199.40 -333.89
V 230 1199.90 -332.07
V 231 1199.91 -332.04
V 232 1200.41 -330.21
V 233 1200.42 -330.14
V 234 1200.43 -330.10
V 235 1200.89 -328.44
V 236 1200.90 -328.41
V 237 1201.41 -326.56
V 238 1201.41 -326.54
V 239 1201.42 -326.52
V 240 1201.52 -326.13
V 241 1202.36 -323.02
V 242 1202.41 -322.85
V 243 1202.41 -322.83
V 244 1202.43 -322.79
V 245 1202.91 -320.98
V 246 1202.92 -320.92
V 247 1202.94 -320.86
V 248 1203.35 -319.32
V 249 1203.38 -319.23
V 250 1203.39 -319.19
V 251 1203.41 -319.13
V 252 1203.88 -317.33
V 253 1204.37 -315.48
V 254 1204.38 -315.43
V 255 1205.81 -309.91
V 256 1205.83 -309.85
V 257 1206.29 -308.03
V 258 1206.30 -307.96
V 259 1206.34 -307.79
V 260 1206.70 -306.40
V 261 1206.71 -306.38
V 262 1206.82 -305.95
V 263 1206.82 -305.93
V 264 1207.64 -302.72
V 265 1208.57 -299.00
V 266 1208.67 -298.59
V 267 1208.68 -298.53
V 268 1209.04 -297.06
V 269 1209.08 -296.92
V 270 1209.10 -296.84
V 271 1209.12 -296.75
V 272 1209.12 -296.73
V 273 1209.52 -295.09
V 274 1209.96 -293.33
V 275 1209.99 -293.23
V 276 1210.44 -291.35
V 277 1210.45 -291.29
V 278 1210.47 -291.21
V 279 1210.49 -291.08
V 280 1210.82 -289.69
V 281 1210.86 -289.55
V 282 1210.88 -289.47
V 283 1210.90 -289.38
V 284 1210.90 -289.36
V 285 1211.34 -287.56
V 286 1211.36 -287.43
V 287 1212.13 -284.17
V 288 1212.21 -283.86
V 289 1212.25 -283.67
V 290 1212.97 -280.50
V 291 1213.06 -280.17
V 292 1213.06 -280.15
V 293 1214.74 -272.83
V 294 1214.76 -272.76
V 295 1214.76 -272.74
V 296 1215.15 -270.95
V 297 1215.16 -270.92
V 298 1215.57 -269.09
V 299 1215.61 -268.90
V 300 1215.92 -267.49
V 301 1215.99 -267.23
V 302 1216.05 -266.93
V 303 1216.34 -265.54
V 304 1216.38 -265.38
V 305 1216.41 -265.21
V 306 1216.78 -263.54
V 307 1216.80 -263.44
V 308 1217.57 -259.90
V 309 1217.59 -259.82
V 310 1217.63 -259.61
V 311 1217.95 -258.10
V 312 1217.98 -257.98
V 313 1218.37 -256.14
V 314 1218.38 -256.11
V 315 1218.40 -256.01
V 316 1218.41 -255.95
V 317 1219.51 -250.62
V 318 1219.53 -250.56
V 319 1219.56 -250.41
V 320 1219.56 -250.39
V 321 1219.58 -250.28
V 322 1220.26 -246.91
V 323 1220.28 -246.83
V 324 1221.01 -243.20
V 325 1221.02 -243.16
V 326 1221.05 -243.01
V 327 1221.05 -242.98
V 328 1221.06 -242.96
V 329 1221.44 -241.10
V 330 1221.45 -241.06
V 331 1221.83 -239.16
V 332 1221.84 -239.07
V 333 1222.13 -237.56
V 334 1222.88 -233.61
V 335 1222.89 -233.54
V 336 1222.91 -233.47
V 337 1224.31 -226.05
V 338 1224.32 -225.97
V 339 1224.66 -224.08
V 340 1224.97 -222.37
V 341 1225.00 -222.28
V 342 1225.34 -220.43
V 343 1225.35 -220.35
V 344 1225.67 -218.50
V 345 1225.68 -218.48
V 346 1226.68 -212.82
V 347 1227.00 -210.94
V 348 1227.01 -210.90
V 349 1227.31 -209.08
V 350 1227.64 -207.17
V 351 1228.26 -203.48
V 352 1228.27 -203.44
V 353 1228.89 -199.68
V 354 1228.90 -199.59
V 355 1229.49 -195.89
V 356 1229.50 -195.85
V 357 1229.79 -194.02
V 358 1229.79 -194.00
V 359 1230.08 -192.15
V 360 1230.08 -192.13
V 361 1230.68 -188.29
V 362 1230.95 -186.49
V 363 1230.96 -186.44
V 364 1231.24 -184.59
V 365 1231.24 -184.56
V 366 1232.08 -178.94
V 367 1232.10 -178.83
V 368 1232.36 -176.95
V 369 1232.62 -175.14
V 370 1232.62 -175.09
V 371 1233.15 -171.37
V 372 1233.16 -171.32
V 373 1233.93 -165.69
V 374 1233.93 -165.62
V 375 1234.42 -161.94
V 376 1234.44 -161.87
V 377 1234.93 -158.10
V 378 1234.93 -158.01
V 379 1235.14 -156.30
V 380 1235.15 -156.27
V 381 1235.16 -156.22
V 382 1235.16 -156.20
V 383 1235.40 -154.32
V 384 1235.41 -154.26
V 385 1235.64 -152.38
V 386 1235.64 -152.30
V 387 1235.84 -150.66
V 388 1235.85 -150.63
V 389 1235.86 -150.58
V 390 1235.87 -150.51
V 391 1236.10 -148.61
V 392 1236.10 -148.57
V 393 1237.00 -140.97
V 394 1237.41 -137.22
V 395 1237.41 -137.20
V 396 1237.62 -135.40
V 397 1237.64 -135.25
V 398 1237.82 -133.49
V 399 1238.03 -131.61
V 400 1238.04 -131.54
V 401 1238.24 -129.64
V 402 1238.24 -129.60
V 403 1238.82 -123.96
V 404 1238.82 -123.94
V 405 1239.02 -121.94
V 406 1239.18 -120.17
V 407 1239.38 -118.21
V 408 1240.08 -110.67
V 409 1240.08 -110.62
V 410 1240.09 -110.52
V 411 1240.72 -103.12
V 412 1240.73 -103.06
V 413 1240.73 -103.02
V 414 1240.74 -102.97
V 415 1241.34 -95.43
V 416 1241.34 -95.38
V 417 1241.61 -91.74
V 418 1241.61 -91.67
V 419 1241.62 -91.59
V 420 1241.64 -91.34
V 421 1242.02 -86.08
V 422 1242.02 -86.04
V 423 1242.03 -85.86
V 424 1242.04 -85.80
V 425 1242.16 -83.93
V 426 1242.16 -83.91
V 427 1242.30 -82.05
V 428 1242.54 -78.25
V 429 1242.54 -78.23
V 430 1242.77 -74.45
V 431 1242.77 -74.43
V 432 1242.78 -74.28
V 433 1242.78 -74.23
V 434 1243.10 -68.80
V 435 1243.10 -68.74
V 436 1243.11 -68.67
V 437 1243.30 -64.91
V 438 1243.30 -64.80
V 439 1243.40 -63.13
V 440 1243.40 -63.11
V 441 1243.41 -63.03
V 442 1243.51 -61.10
V 443 1243.51 -61.00
V 444 1243.58 -59.27
V 445 1243.59 -59.23
V 446 1243.69 -57.36
V 447 1243.69 -57.23
V 448 1243.77 -55.38
V 449 1243.77 -55.33
V 450 1243.85 -53.49
V 451 1244.02 -49.69
V 452 1244.14 -45.99
V 453 1244.15 -45.89
V 454 1244.15 -45.71
V 455 1244.28 -42.21
V 456 1244.29 -42.13
V 457 1244.29 -42.07
V 458 1244.30 -42.00
V 459 1244.36 -40.08
V 460 1244.35 -39.99
V 461 1244.36 -39.78
V 462 1244.46 -36.52
V 463 1244.47 -36.42
V 464 1244.47 -36.30
V 465 1244.48 -36.24
V 466 1244.68 -28.69
V 467 1244.68 -28.64
V 468 1244.72 -26.73
V 469 1244.72 -26.71
V 470 1244.83 -21.03
V 471 1244.83 -21.00
V 472 1244.86 -19.08
V 473 1244.86 -19.03
V 474 1244.88 -17.21
V 475 1244.91 -15.32
V 476 1244.91 -15.27
V 477 1244.95 -11.48
V 478 1244.95 -11.42
V 479 1244.98 -5.74
V 480 1245.00 -0.04
V 481 1245.00 0.04
V 482 1244.98 5.74
V 483 1244.95 11.42
V 484 1244.95 11.48
V 485 1244.91 15.27
V 486 1244.91 15.32
V 487 1244.88 17.21
V 488 1244.86 19.03
V 489 1244.86 19.08
V 490 1244.83 21.00
V 491 1244.83 21.03
V 492 1244.72 26.71
V 493 1244.72 26.73
V 494 1244.68 28.64
V 495 1244.68 28.69
V 496 1244.48 36.24
V 497 1244.47 36.30
V 498 1244.47 36.42
V 499 1244.46 36.52
V 500 1244.36 39.78
V 501 1244.35 39.99
V 502 1244.36 40.08
V 503 1244.30 42.00
V 504 1244.29 42.07
V 505 1244.29 42.13
V 506 1244.28 42.21
V 507 1244.15 45.71
V 508 1244.15 45.89
V 509 1244.14 45.99
V 510 1244.02 49.69
V 511 1243.85 53.49
V 512 1243.77 55.33
V 513 1243.77 55.38
V 514 1243.69 57.23
V 515 1243.69 57.36
V 516 1243.59 59.23
V 517 1243.58 59.27
V 518 1243.51 61.00
V 519 1243.51 61.10
V 520 1243.41 63.03
V 521 1243.40 63.11
V 522 1243.40 63.13
V 523 1243.30 64.80
V 524 1243.30 64.91
V 525 1243.11 68.67
V 526 1243.10 68.74
V 527 1243.10 68.80
V 528 1242.78 74.23
V 529 1242.78 74.28
V 530 1242.77 74.43
V 531 1242.77 74.45
V 532 1242.54 78.23
V 533 1242.54 78.25
V 534 1242.30 82.05
V 535 1242.16 83.91
V 536 1242.16 83.93
V 537 1242.04 85.80
V 538 1242.03 85.86
V 539 1242.02 86.04
V 540 1242.02 86.08
V 541 1241.64 91.34
V 542 1241.62 91.59
V 543 1241.61 91.67
V 544 1241.61 91.74
V 545 1241.34 95.38
V 546 1241.34 95.43
V 547 1240.74 102.97
V 548 1240.73 103.02
V 549 1240.73 103.06
V 550 1240.72 103.12
V 551 1240.09 110.52
V 552 1240.08 110.62
V 553 1240.08 110.67
V 554 1239.38 118.21
V 555 1239.18 120.17
V 556 1239.02 121.94
V 557 1238.82 123.94
V 558 1238.82 123.96
V 559 1238.24 129.60
V 560 1238.24 129.64
V 561 1238.04 131.54
V 562 1238.03 131.61
V 563 1237.82 133.49
V 564 1237.64 135.25
V 565 1237.62 135.40
V 566 1237.41 137.20
V 567 1237.41 137.22
V 568 1237.00 140.97
V 569 1236.10 148.57
V 570 1236.10 148.61
V 571 1235.87 150.51
V 572 1235.86 150.58
V 573 1235.85 150.63
V 574 1235.84 150.66
V 575 1235.64 152.30
V 576 1235.64 152.38
V 577 1235.41 154.26
V 578 1235.40 154.32
V 579 1235.16 156.20
V 580 1235.16 156.22
V 581 1235.15 156.27
V 582 1235.14 156.30
V 583 1234.93 158.01
V 584 1234.93 158.10
V 585 1234.44 161.87
V 586 1234.42 161.94
V 587 1233.93 165.62
V 588 1233.93 165.69
V 589 1233.16 171.32
V 590 1233.15 171.37
V 591 1232.62 175.09
V 592 1232.62 175.14
V 593 1232.36 176.95
V 594 1232.10 178.83
V 595 1232.08 178.94
V 596 1231.24 184.56
V 597 1231.24 184.59
V 598 1230.96 186.44
V 599 1230.95 186.49
V 600 1230.68 188.29
V 601 1230.08 192.13
V 602 1230.08 192.15
V 603 1229.79 194.00
V 604 1229.79 194.02
V 605 1229.50 195.85
V 606 1229.49 195.89
V 607 1228.90 199.59
V 608 1228.89 199.68
V 609 1228.27 203.44
V 610 1228.26 203.48
V 611 1227.64 207.17
V 612 1227.31 209.08
V 613 1227.01 210.90
V 614 1227.00 210.94
V 615 1226.68 212.82
V 616 1225.68 218.48
V 617 1225.67 218.50
V 618 1225.35 220.35
V 619 1225.34 220.43
V 620 1225.00 222.28
V 621 1224.97 222.37
V 622 1224.66 224.08
V 623 1224.32 225.97
V 624 1224.31 226.05
V 625 1222.91 233.47
V 626 1222.89 233.54
V 627 1222.88 233.61
V 628 1222.13 237.56
V 629 1221.84 239.07
V 630 1221.83 239.16
V 631 1221.45 241.06
V 632 1221.44 241.10
V 633 1221.06 242.96
V 634 1221.05 242.98
V 635 1221.05 243.01
V 636 1221.02 243.16
V 637 1221.01 243.20
V 638 1220.55 245.48
V 639 1220.28 246.83
V 640 1220.26 246.91
V 641 1219.58 250.28
V 642 1219.56 250.39
V 643 1219.56 250.41
V 644 1219.53 250.56
V 645 1219.51 250.62
V 646 1218.41 255.95
V 647 1218.40 256.01
V 648 1218.38 256.11
V 649 1218.37 256.14
V 650 1217.98 257.98
V 651 1217.95 258.10
V 652 1217.63 259.61
V 653 1217.59 259.82
V 654 1217.57 259.90
V 655 1216.80 263.44
V 656 1216.78 263.54
V 657 1216.41 265.21
V 658 1216.38 265.38
V 659 1216.34 265.54
V 660 1216.05 266.93
V 661 1215.99 267.23
V 662 1215.92 267.49
V 663 1215.61 268.90
V 664 1215.57 269.09
V 665 1215.16 270.92
V 666 1215.15 270.95
V 667 1214.76 272.74
V 668 1214.76 272.76
V 669 1214.74 272.83
V 670 1213.06 280.15
V 671 1213.06 280.17
V 672 1212.97 280.50
V 673 1212.25 283.67
V 674 1212.21 283.86
V 675 1212.13 284.17
V 676 1211.36 287.43
V 677 1211.34 287.56
V 678 1210.90 289.36
V 679 1210.90 289.38
V 680 1210.88 289.47
V 681 1210.86 289.55
V 682 1210.82 289.69
V 683 1210.49 291.08
V 684 1210.47 291.21
V 685 1210.45 291.29
V 686 1210.44 291.35
V 687 1209.99 293.23
V 688 1209.96 293.33
V 689 1209.52 295.09
V 690 1209.12 296.73
V 691 1209.12 296.75
V 692 1209.10 296.84
V 693 1209.08 296.92
V 694 1209.04 297.06
V 695 1208.68 298.53
V 696 1208.67 298.59
V 697 1208.57 299.00
V 698 1207.64 302.72
V 699 1206.82 305.93
V 700 1206.82 305.95
V 701 1206.71 306.38
V 702 1206.70 306.40
V 703 1206.34 307.79
V 704 1206.30 307.96
V 705 1206.29 308.03
V 706 1205.83 309.85
V 707 1205.81 309.91
V 708 1204.38 315.43
V 709 1204.37 315.48
V 710 1203.88 317.33
V 711 1203.41 319.13
V 712 1203.39 319.19
V 713 1203.38 319.23
V 714 1203.35 319.32
V 715 1202.94 320.86
V 716 1202.92 320.92
V 717 1202.91 320.98
V 718 1202.43 322.79
V 719 1202.41 322.83
V 720 1202.41 322.85
V 721 1202.36 323.02
V 722 1201.52 326.13
V 723 1201.42 326.52
V 724 1201.41 326.54
V 725 1201.41 326.56
V 726 1200.90 328.41
V 727 1200.89 328.44
V 728 1200.43 330.10
V 729 1200.42 330.14
V 730 1200.41 330.21
V 731 1199.91 332.04
V 732 1199.90 332.07
V 733 1199.40 333.89
V 734 1199.39 333.92
V 735 1198.89 335.72
V 736 1198.88 335.75
V 737 1197.34 341.22
V 738 1196.79 343.12
V 739 1196.76 343.21
V 740 1195.81 346.50
V 741 1195.79 346.59
V 742 1195.73 346.79
V 743 1193.66 353.83
V 744 1193.65 353.86
V 745 1193.61 354.00
V 746 1193.60 354.04
V 747 1193.59 354.07
V 748 1192.52 357.69
V 749 1192.50 357.77
V 750 1191.94 359.61
V 751 1191.92 359.66
V 752 1191.36 361.47
V 753 1191.35 361.49
V 754 1189.16 368.67
V 755 1189.14 368.76
V 756 1188.01 372.34
V 757 1186.88 375.96
V 758 1184.56 383.24
V 759 1184.52 383.35
V 760 1183.95 385.08
V 761 1183.36 386.89
V 762 1182.16 390.53
V 763 1179.75 397.76
V 764 1179.14 399.57
V 765 1179.11 399.63
V 766 1179.04 399.85
V 767 1179.02 399.89
V 768 1176.67 406.78
V 769 1176.65 406.85
V 770 1176.02 408.65
V 771 1175.41 410.41
V 772 1175.39 410.48
V 773 1174.13 414.04
V 774 1174.11 414.08
V 775 1172.24 419.38
V 776 1172.22 419.43
V 777 1172.19 419.52
V 778 1172.16 419.60
V 779 1171.61 421.14
V 780 1171.59 421.20
V 781 1170.95 422.99
V 782 1170.88 423.16
V 783 1170.28 424.82
V 784 1170.26 424.88
V 785 1170.24 424.92
V 786 1168.96 428.43
V 787 1168.83 428.76
V 788 1167.72 431.78
V 789 1167.65 432.00
V 790 1166.99 433.78
V 791 1166.98 433.81
V 792 1164.99 439.12
V 793 1164.98 439.14
V 794 1164.97 439.18
V 795 1164.34 440.84
V 796 1164.33 440.87
V 797 1164.31 440.91
V 798 1164.30 440.96
V 799 1163.63 442.72
V 800 1163.60 442.77
V 801 1162.99 444.37
V 802 1162.98 444.41
V 803 1162.82 444.82
V 804 1162.81 444.84
V 805 1162.31 446.13
V 806 1162.27 446.25
V 807 1161.64 447.91
V 808 1161.63 447.94
V 809 1160.89 449.86
V 810 1160.88 449.88
V 811 1160.78 450.14
V 812 1160.26 451.46
V 813 1160.25 451.48
V 814 1160.09 451.89
V 815 1160.08 451.91
V 816 1159.58 453.20
V 817 1159.57 453.23
V 818 1159.50 453.41
V 819 1159.45 453.55
V 820 1159.41 453.64
V 821 1158.03 457.16
V 822 1157.98 457.26
V 823 1156.79 460.26
V 824 1156.78 460.30
V 825 1156.62 460.71
V 826 1156.58 460.80
V 827 1154.66 465.59
V 828 1154.57 465.81
V 829 1154.56 465.85
V 830 1151.71 472.87
V 831 1151.70 472.90
V 832 1151.55 473.23
V 833 1151.09 474.36
V 834 1150.93 474.76
V 835 1150.84 474.96
V 836 1150.31 476.23
V 837 1150.21 476.49
V 838 1150.15 476.62
V 839 1148.84 479.79
V 840 1148.76 480.00
V 841 1148.70 480.14
V 842 1147.35 483.36
V 843 1146.64 485.00
V 844 1146.55 485.23
V 845 1145.89 486.78
V 846 1145.82 486.96
V 847 1145.76 487.08
V 848 1145.10 488.64
V 849 1145.07 488.72
V 850 1145.02 488.84
V 851 1144.36 490.36
V 852 1144.30 490.51
V 853 1143.62 492.09
V 854 1143.58 492.20
V 855 1143.40 492.60
V 856 1142.15 495.49
V 857 1142.03 495.79
V 858 1141.28 497.51
V 859 1141.26 497.55
V 860 1140.56 499.15
V 861 1140.38 499.55
V 862 1139.82 500.82
V 863 1139.79 500.90
V 864 1139.73 501.04
V 865 1139.72 501.06
V 866 1138.96 502.78
V 867 1138.85 503.02
V 868 1138.83 503.06
V 869 1138.33 504.20
V 870 1138.27 504.36
V 871 1138.19 504.53
V 872 1138.18 504.57
V 873 1137.40 506.31
V 874 1136.62 508.04
V 875 1135.88 509.70
V 876 1135.18 511.26
V 877 1135.06 511.52
V 878 1135.05 511.55
V 879 1134.31 513.18
V 880 1133.52 514.94
V 881 1133.48 515.02
V 882 1133.46 515.07
V 883 1133.43 515.13
V 884 1131.93 518.42
V 885 1131.86 518.57
V 886 1131.78 518.72
V 887 1130.47 521.57
V 888 1130.46 521.60
V 889 1130.28 522.00
V 890 1130.26 522.04
V 891 1129.56 523.56
V 892 1129.54 523.61
V 893 1128.74 525.35
V 894 1128.69 525.45
V 895 1128.00 526.92
V 896 1127.91 527.12
V 897 1126.30 530.56
V 898 1126.17 530.81
V 899 1123.12 537.23
V 900 1123.03 537.44
V 901 1123.02 537.47
V 902 1122.17 539.23
V 903 1121.48 540.65
V 904 1121.36 540.92
V 905 1119.71 544.34
V 906 1118.86 546.08
V 907 1118.83 546.12
V 908 1117.25 549.35
V 909 1117.24 549.38
V 910 1117.18 549.50
V 911 1117.16 549.55
V 912 1113.79 556.34
V 913 1113.76 556.39
V 914 1113.67 556.57
V 915 1113.62 556.65
V 916 1113.04 557.80
V 917 1113.01 557.87
V 918 1111.13 561.62
V 919 1111.09 561.68
V 920 1110.52 562.84
V 921 1110.27 563.34
V 922 1109.63 564.57
V 923 1109.61 564.60
V 924 1109.58 564.67
V 925 1109.47 564.90
V 926 1107.74 568.28
V 927 1107.68 568.40
V 928 1107.62 568.51
V 929 1104.39 574.75
V 930 1104.20 575.13
V 931 1104.14 575.24
V 932 1102.45 578.48
V 933 1101.54 580.19
V 934 1100.68 581.83
V 935 1098.91 585.19
V 936 1098.80 585.38
V 937 1098.11 586.66
V 938 1098.01 586.86
V 939 1097.13 588.52
V 940 1097.02 588.71
V 941 1095.42 591.68
V 942 1095.32 591.88
V 943 1095.27 591.96
V 944 1095.26 591.99
V 945 1093.46 595.29
V 946 1093.43 595.33
V 947 1093.41 595.38
V 948 1092.74 596.62
V 949 1092.62 596.86
V 950 1092.56 596.96
V 951 1092.53 597.03
V 952 1091.61 598.69
V 953 1090.71 600.32
V 954 1090.66 600.39
V 955 1089.94 601.70
V 956 1089.79 601.99
V 957 1088.06 605.13
V 958 1088.04 605.16
V 959 1088.01 605.22
V 960 1087.95 605.32
V 961 1087.92 605.38
V 962 1085.13 610.34
V 963 1085.12 610.36
V 964 1084.20 611.99
V 965 1084.16 612.04
V 966 1083.43 613.35
V 967 1083.41 613.39
V 968 1083.31 613.56
V 969 1083.29 613.61
V 970 1082.34 615.30
V 971 1082.29 615.38
V 972 1081.39 616.95
V 973 1081.37 616.99
V 974 1080.43 618.63
V 975 1080.42 618.65
V 976 1078.52 621.95
V 977 1078.50 621.98
V 978 1076.63 625.22
V 979 1076.62 625.24
V 980 1075.65 626.91
V 981 1075.61 626.97
V 982 1073.70 630.21
V 983 1072.75 631.85
V 984 1070.82 635.12
V 985 1069.84 636.76
V 986 1069.82 636.80
V 987 1067.89 640.04
V 988 1066.91 641.64
V 989 1066.90 641.67
V 990 1064.94 644.94
V 991 1064.90 645.00
V 992 1063.92 646.61
V 993 1063.91 646.63
V 994 1062.99 648.15
V 995 1062.95 648.22
V 996 1060.96 651.48
V 997 1060.89 651.58
V 998 1060.85 651.64
V 999 1060.81 651.71
V 1000 1059.95 653.07
V 1001 1059.92 653.14
V 1002 1055.95 659.56
V 1003 1055.93 659.59
V 1004 1054.92 661.21
V 1005 1054.88 661.27
V 1006 1053.86 662.88
V 1007 1053.80 662.97
V 1008 1053.79 662.99
V 1009 1052.84 664.48
V 1010 1050.85 667.65
V 1011 1050.82 667.69
V 1012 1050.77 667.78
V 1013 1050.70 667.88
V 1014 1049.79 669.29
V 1015 1049.75 669.36
V 1016 1049.67 669.48
V 1017 1048.79 670.88
V 1018 1048.77 670.92
V 1019 1046.70 674.14
V 1020 1045.71 675.66
V 1021 1044.67 677.28
V 1022 1042.55 680.53
V 1023 1038.37 686.89
V 1024 1034.11 693.28
V 1025 1030.94 698.00
V 1026 1030.91 698.04
V 1027 1030.78 698.23
V 1028 1030.75 698.27
V 1029 1027.82 702.57
V 1030 1027.70 702.75
V 1031 1027.67 702.80
V 1032 1026.61 704.34
V 1033 1026.58 704.38
V 1034 1026.51 704.48
V 1035 1026.43 704.59
V 1036 1025.72 705.62
V 1037 1025.70 705.66
V 1038 1025.58 705.84
V 1039 1025.55 705.89
V 1040 1024.45 707.49
V 1041 1024.35 707.63
V 1042 1024.31 707.68
V 1043 1023.50 708.84
V 1044 1023.37 709.04
V 1045 1023.35 709.06
V 1046 1023.35 709.08
V 1047 1022.30 710.58
V 1048 1022.27 710.64
V 1049 1020.09 713.76
V 1050 1020.07 713.78
V 1051 1019.00 715.31
V 1052 1018.99 715.33
V 1053 1018.95 715.38
V 1054 1017.97 716.76
V 1055 1017.81 717.00
V 1056 1016.81 718.41
V 1057 1016.76 718.49
V 1058 1016.73 718.53
V 1059 1014.61 721.53
V 1060 1014.48 721.70
V 1061 1012.45 724.56
V 1062 1012.37 724.68
V 1063 1012.35 724.70
V 1064 1012.33 724.74
V 1065 1010.12 727.79
V 1066 1010.09 727.82
V 1067 1006.86 732.31
V 1068 1006.84 732.33
V 1069 1006.81 732.37
V 1070 1006.77 732.43
V 1071 1004.52 735.50
V 1072 1004.50 735.52
V 1073 1000.04 741.59
V 1074 1000.01 741.64
V 1075 998.88 743.16
V 1076 998.86 743.18
V 1077 996.58 746.24
V 1078 996.54 746.28
V 1079 996.44 746.42
V 1080 996.37 746.50
V 1081 991.02 753.59
V 1082 991.01 753.61
V 1083 990.81 753.88
V 1084 990.79 753.91
V 1085 990.75 753.96
V 1086 990.73 753.98
V 1087 988.49 756.91
V 1088 988.47 756.94
V 1089 982.70 764.42
V 1090 980.33 767.46
V 1091 974.43 774.93
V 1092 974.41 774.95
V 1093 972.14 777.80
V 1094 972.08 777.88
V 1095 966.18 785.21
V 1096 966.16 785.23
V 1097 966.10 785.31
V 1098 966.07 785.34
V 1099 966.06 785.36
V 1100 965.88 785.57
V 1101 963.76 788.15
V 1102 963.74 788.18
V 1103 963.62 788.32
V 1104 963.59 788.37
V 1105 957.59 795.67
V 1106 957.51 795.75
V 1107 957.46 795.82
V 1108 957.43 795.85
V 1109 956.31 797.18
V 1110 956.22 797.29
V 1111 956.19 797.33
V 1112 955.16 798.54
V 1113 955.12 798.60
V 1114 953.90 800.07
V 1115 953.82 800.15
V 1116 953.80 800.18
V 1117 950.19 804.47
V 1118 950.15 804.52
V 1119 945.23 810.29
V 1120 945.14 810.39
V 1121 941.60 814.50
V 1122 941.51 814.60
V 1123 941.49 814.62
V 1124 941.47 814.65
V 1125 936.51 820.37
V 1126 933.91 823.31
V 1127 933.86 823.36
V 1128 932.85 824.50
V 1129 932.80 824.56
V 1130 932.71 824.66
V 1131 932.68 824.70
V 1132 928.88 828.98
V 1133 928.84 829.02
V 1134 923.79 834.65
V 1135 923.74 834.71
V 1136 922.49 836.08
V 1137 922.47 836.09
V 1138 921.19 837.53
V 1139 918.64 840.32
V 1140 918.62 840.34
V 1141 914.76 844.54
V 1142 914.72 844.58
V 1143 910.85 848.74
V 1144 905.66 854.29
V 1145 905.53 854.42
V 1146 900.51 859.72
V 1147 900.45 859.78
V 1148 900.42 859.82
V 1149 900.38 859.86
V 1150 897.75 862.61
V 1151 897.67 862.69
V 1152 896.37 864.02
V 1153 895.27 865.18
V 1154 895.14 865.31
V 1155 895.08 865.38
V 1156 893.73 866.77
V 1157 892.49 868.03
V 1158 892.44 868.09
V 1159 891.11 869.46
V 1160 888.43 872.20
V 1161 887.19 873.44
V 1162 887.15 873.49
V 1163 885.82 874.86
V 1164 884.38 876.31
V 1165 884.31 876.37
V 1166 883.07 877.61
V 1167 881.75 878.95
V 1168 878.95 881.75
V 1169 877.61 883.07
V 1170 876.37 884.31
V 1171 876.31 884.38
V 1172 874.86 885.82
V 1173 873.49 887.15
V 1174 873.44 887.19
V 1175 872.20 888.43
V 1176 869.46 891.11
V 1177 868.09 892.44
V 1178 868.03 892.49
V 1179 866.82 893.68
V 1180 865.38 895.08
V 1181 865.35 895.10
V 1182 865.08 895.36
V 1183 864.07 896.32
V 1184 862.69 897.67
V 1185 862.61 897.75
V 1186 859.86 900.38
V 1187 859.82 900.41
V 1188 854.50 905.46
V 1189 854.45 905.51
V 1190 848.74 910.85
V 1191 844.58 914.72
V 1192 844.54 914.76
V 1193 840.34 918.62
V 1194 840.32 918.64
V 1195 837.53 921.19
V 1196 836.09 922.47
V 1197 836.08 922.49
V 1198 834.71 923.74
V 1199 834.66 923.79
V 1200 834.64 923.80
V 1201 834.62 923.82
V 1202 829.04 928.83
V 1203 829.01 928.85
V 1204 828.98 928.88
V 1205 824.70 932.68
V 1206 824.66 932.71
V 1207 824.59 932.77
V 1208 823.35 933.87
V 1209 823.31 933.91
V 1210 820.45 936.44
V 1211 814.65 941.47
V 1212 814.60 941.51
V 1213 810.48 945.06
V 1214 810.39 945.14
V 1215 810.33 945.19
V 1216 810.29 945.23
V 1217 804.52 950.15
V 1218 804.47 950.19
V 1219 800.12 953.85
V 1220 800.07 953.90
V 1221 798.60 955.12
V 1222 798.54 955.16
V 1223 797.24 956.26
V 1224 795.77 957.50
V 1225 795.67 957.59
V 1226 788.37 963.59
V 1227 788.31 963.63
V 1228 785.40 966.02
V 1229 785.38 966.03
V 1230 785.34 966.07
V 1231 777.99 971.99
V 1232 777.95 972.02
V 1233 774.97 974.39
V 1234 774.93 974.43
V 1235 767.51 980.29
V 1236 764.46 982.67
V 1237 756.94 988.47
V 1238 756.91 988.49
V 1239 753.88 990.81
V 1240 753.82 990.85
V 1241 746.31 996.52
V 1242 746.24 996.58
V 1243 743.18 998.86
V 1244 743.16 998.88
V 1245 741.64 1000.01
V 1246 741.59 1000.04
V 1247 735.52 1004.50
V 1248 735.50 1004.52
V 1249 732.43 1006.77
V 1250 732.37 1006.81
V 1251 727.82 1010.09
V 1252 727.79 1010.12
V 1253 724.74 1012.33
V 1254 724.66 1012.38
V 1255 721.56 1014.58
V 1256 721.54 1014.60
V 1257 718.46 1016.78
V 1258 716.88 1017.89
V 1259 716.86 1017.90
V 1260 716.75 1017.98
V 1261 716.73 1017.99
V 1262 715.35 1018.96
V 1263 715.31 1019.00
V 1264 713.78 1020.07
V 1265 713.76 1020.09
V 1266 710.64 1022.27
V 1267 710.58 1022.31
V 1268 710.43 1022.40
V 1269 709.08 1023.35
V 1270 709.06 1023.35
V 1271 709.04 1023.37
V 1272 708.84 1023.50
V 1273 707.57 1024.39
V 1274 707.49 1024.45
V 1275 705.89 1025.55
V 1276 705.87 1025.56
V 1277 705.66 1025.70
V 1278 704.45 1026.52
V 1279 704.34 1026.61
V 1280 702.80 1027.67
V 1281 702.65 1027.76
V 1282 698.12 1030.85
V 1283 698.03 1030.92
V 1284 693.28 1034.11
V 1285 686.89 1038.37
V 1286 680.56 1042.53
V 1287 677.28 1044.67
V 1288 675.69 1045.69
V 1289 674.14 1046.70
V 1290 670.92 1048.77
V 1291 670.88 1048.79
V 1292 670.76 1048.87
V 1293 670.64 1048.94
V 1294 669.47 1049.67
V 1295 669.34 1049.76
V 1296 669.25 1049.82
V 1297 669.17 1049.87
V 1298 667.76 1050.78
V 1299 667.74 1050.79
V 1300 667.59 1050.89
V 1301 667.54 1050.92
V 1302 664.48 1052.84
V 1303 662.91 1053.84
V 1304 661.27 1054.88
V 1305 661.21 1054.92
V 1306 659.59 1055.93
V 1307 659.56 1055.95
V 1308 653.14 1059.92
V 1309 653.07 1059.95
V 1310 651.63 1060.86
V 1311 651.56 1060.90
V 1312 651.48 1060.96
V 1313 648.22 1062.95
V 1314 648.15 1062.99
V 1315 646.72 1063.85
V 1316 646.66 1063.89
V 1317 646.62 1063.92
V 1318 645.06 1064.86
V 1319 645.04 1064.88
V 1320 645.00 1064.90
V 1321 644.94 1064.94
V 1322 641.67 1066.90
V 1323 641.64 1066.91
V 1324 640.18 1067.80
V 1325 640.16 1067.82
V 1326 640.12 1067.84
V 1327 640.04 1067.89
V 1328 636.80 1069.82
V 1329 636.76 1069.84
V 1330 635.32 1070.70
V 1331 635.29 1070.72
V 1332 635.20 1070.77
V 1333 635.17 1070.79
V 1334 632.03 1072.65
V 1335 631.99 1072.67
V 1336 630.21 1073.70
V 1337 627.14 1075.51
V 1338 627.12 1075.52
V 1339 626.97 1075.61
V 1340 626.91 1075.65
V 1341 625.24 1076.62
V 1342 625.22 1076.63
V 1343 621.98 1078.50
V 1344 621.95 1078.52
V 1345 618.65 1080.42
V 1346 618.63 1080.43
V 1347 616.99 1081.37
V 1348 616.95 1081.39
V 1349 615.38 1082.29
V 1350 615.30 1082.34
V 1351 613.61 1083.29
V 1352 613.56 1083.31
V 1353 612.04 1084.16
V 1354 611.99 1084.20
V 1355 610.36 1085.12
V 1356 610.34 1085.13
V 1357 605.38 1087.92
V 1358 605.32 1087.95
V 1359 601.99 1089.79
V 1360 601.70 1089.94
V 1361 600.39 1090.66
V 1362 600.32 1090.71
V 1363 598.69 1091.61
V 1364 597.03 1092.53
V 1365 596.91 1092.59
V 1366 596.66 1092.72
V 1367 595.38 1093.41
V 1368 595.34 1093.42
V 1369 595.29 1093.46
V 1370 591.99 1095.26
V 1371 591.92 1095.29
V 1372 588.71 1097.02
V 1373 588.52 1097.13
V 1374 586.86 1098.01
V 1375 586.79 1098.04
V 1376 585.25 1098.87
V 1377 585.17 1098.92
V 1378 581.81 1100.69
V 1379 580.19 1101.54
V 1380 578.50 1102.44
V 1381 578.43 1102.47
V 1382 578.38 1102.50
V 1383 578.28 1102.55
V 1384 578.25 1102.57
V 1385 575.08 1104.22
V 1386 574.93 1104.30
V 1387 574.86 1104.34
V 1388 568.31 1107.72
V 1389 568.28 1107.74
V 1390 564.90 1109.47
V 1391 564.67 1109.58
V 1392 564.60 1109.61
V 1393 564.57 1109.63
V 1394 563.28 1110.30
V 1395 563.21 1110.34
V 1396 563.14 1110.37
V 1397 561.55 1111.16
V 1398 561.42 1111.23
V 1399 558.07 1112.91
V 1400 557.91 1112.98
V 1401 556.52 1113.69
V 1402 556.39 1113.76
V 1403 556.34 1113.79
V 1404 549.55 1117.16
V 1405 549.50 1117.18
V 1406 546.12 1118.83
V 1407 546.08 1118.86
V 1408 544.38 1119.69
V 1409 540.92 1121.36
V 1410 540.65 1121.48
V 1411 539.27 1122.15
V 1412 537.51 1123.00
V 1413 537.42 1123.03
V 1414 537.24 1123.12
V 1415 530.80 1126.18
V 1416 530.56 1126.30
V 1417 527.12 1127.91
V 1418 526.92 1128.00
V 1419 525.45 1128.69
V 1420 525.35 1128.74
V 1421 523.61 1129.54
V 1422 523.56 1129.56
V 1423 521.91 1130.32
V 1424 521.71 1130.41
V 1425 518.64 1131.82
V 1426 518.42 1131.93
V 1427 516.70 1132.71
V 1428 515.02 1133.48
V 1429 514.94 1133.52
V 1430 513.20 1134.30
V 1431 511.55 1135.05
V 1432 511.51 1135.07
V 1433 511.45 1135.09
V 1434 509.76 1135.85
V 1435 509.72 1135.87
V 1436 508.06 1136.61
V 1437 506.33 1137.39
V 1438 504.57 1138.18
V 1439 504.51 1138.20
V 1440 504.34 1138.27
V 1441 502.95 1138.88
V 1442 502.81 1138.95
V 1443 502.78 1138.96
V 1444 501.06 1139.72
V 1445 501.02 1139.73
V 1446 499.41 1140.44
V 1447 499.35 1140.47
V 1448 497.61 1141.23
V 1449 497.59 1141.24
V 1450 497.56 1141.25
V 1451 497.51 1141.28
V 1452 495.79 1142.03
V 1453 495.49 1142.15
V 1454 492.48 1143.45
V 1455 492.40 1143.49
V 1456 492.28 1143.54
V 1457 492.26 1143.55
V 1458 490.51 1144.30
V 1459 490.36 1144.36
V 1460 488.84 1145.02
V 1461 488.76 1145.05
V 1462 487.00 1145.80
V 1463 486.97 1145.81
V 1464 485.43 1146.46
V 1465 485.41 1146.47
V 1466 485.24 1146.54
V 1467 485.11 1146.59
V 1468 483.70 1147.20
V 1469 483.52 1147.27
V 1470 483.49 1147.29
V 1471 479.99 1148.76
V 1472 476.43 1150.23
V 1473 476.41 1150.24
V 1474 474.72 1150.94
V 1475 473.21 1151.56
V 1476 473.19 1151.57
V 1477 472.95 1151.67
V 1478 472.87 1151.71
V 1479 465.85 1154.56
V 1480 465.79 1154.58
V 1481 460.50 1156.70
V 1482 460.43 1156.72
V 1483 457.07 1158.06
V 1484 456.95 1158.11
V 1485 456.93 1158.12
V 1486 453.41 1159.50
V 1487 453.38 1159.51
V 1488 451.63 1160.19
V 1489 449.93 1160.86
V 1490 449.86 1160.89
V 1491 448.07 1161.58
V 1492 446.21 1162.28
V 1493 444.56 1162.92
V 1494 442.78 1163.60
V 1495 442.72 1163.63
V 1496 440.96 1164.30
V 1497 440.90 1164.32
V 1498 439.14 1164.98
V 1499 439.12 1164.99
V 1500 433.81 1166.98
V 1501 433.78 1166.99
V 1502 432.00 1167.65
V 1503 431.89 1167.68
V 1504 428.65 1168.87
V 1505 428.63 1168.88
V 1506 428.46 1168.94
V 1507 428.40 1168.97
V 1508 424.85 1170.27
V 1509 423.05 1170.92
V 1510 422.99 1170.95
V 1511 421.20 1171.59
V 1512 421.14 1171.61
V 1513 419.43 1172.22
V 1514 419.38 1172.24
V 1515 414.08 1174.11
V 1516 414.04 1174.13
V 1517 410.48 1175.39
V 1518 410.41 1175.41
V 1519 408.65 1176.02
V 1520 406.85 1176.65
V 1521 406.78 1176.67
V 1522 399.65 1179.11
V 1523 399.63 1179.11
V 1524 399.57 1179.14
V 1525 397.76 1179.75
V 1526 390.53 1182.16
V 1527 386.92 1183.35
V 1528 385.11 1183.94
V 1529 383.35 1184.52
V 1530 383.24 1184.56
V 1531 375.96 1186.88
V 1532 372.34 1188.01
V 1533 368.76 1189.14
V 1534 368.70 1189.15
V 1535 368.59 1189.19
V 1536 368.38 1189.25
V 1537 363.35 1190.78
V 1538 363.15 1190.85
V 1539 362.94 1190.91
V 1540 361.55 1191.33
V 1541 361.26 1191.43
V 1542 359.66 1191.92
V 1543 359.61 1191.94
V 1544 357.77 1192.50
V 1545 357.73 1192.51
V 1546 357.70 1192.52
V 1547 357.52 1192.57
V 1548 354.16 1193.56
V 1549 354.08 1193.59
V 1550 353.69 1193.70
V 1551 346.96 1195.68
V 1552 346.81 1195.73
V 1553 346.38 1195.85
V 1554 346.35 1195.86
V 1555 343.30 1196.73
V 1556 343.12 1196.79
V 1557 341.29 1197.32
V 1558 335.75 1198.88
V 1559 335.72 1198.89
V 1560 333.92 1199.39
V 1561 333.89 1199.40
V 1562 332.07 1199.90
V 1563 332.04 1199.91
V 1564 330.21 1200.41
V 1565 329.98 1200.47
V 1566 329.92 1200.48
V 1567 328.63 1200.84
V 1568 328.59 1200.85
V 1569 328.16 1200.97
V 1570 328.14 1200.97
V 1571 326.31 1201.48
V 1572 326.17 1201.51
V 1573 322.81 1202.42
V 1574 322.79 1202.43
V 1575 322.66 1202.47
V 1576 322.64 1202.47
V 1577 320.98 1202.91
V 1578 320.96 1202.91
V 1579 320.83 1202.95
V 1580 320.73 1202.97
V 1581 319.45 1203.32
V 1582 319.14 1203.41
V 1583 319.09 1203.42
V 1584 318.99 1203.45
V 1585 317.33 1203.88
V 1586 317.20 1203.91
V 1587 317.18 1203.92
V 1588 315.48 1204.37
V 1589 315.46 1204.37
V 1590 315.33 1204.41
V 1591 310.01 1205.78
V 1592 309.87 1205.82
V 1593 309.85 1205.83
V 1594 307.99 1206.30
V 1595 307.85 1206.33
V 1596 306.49 1206.68
V 1597 306.17 1206.77
V 1598 306.00 1206.80
V 1599 302.79 1207.62
V 1600 302.50 1207.70
V 1601 302.31 1207.74
V 1602 299.06 1208.55
V 1603 298.81 1208.62
V 1604 298.60 1208.66
V 1605 297.18 1209.01
V 1606 296.97 1209.07
V 1607 296.83 1209.10
V 1608 295.27 1209.48
V 1609 293.48 1209.92
V 1610 293.31 1209.97
V 1611 291.35 1210.44
V 1612 291.29 1210.45
V 1613 291.11 1210.49
V 1614 289.79 1210.80
V 1615 289.60 1210.85
V 1616 289.46 1210.88
V 1617 287.78 1211.29
V 1618 287.46 1211.36
V 1619 284.27 1212.11
V 1620 284.08 1212.16
V 1621 283.65 1212.25
V 1622 280.58 1212.96
V 1623 280.39 1213.01
V 1624 280.23 1213.04
V 1625 280.21 1213.05
V 1626 273.03 1214.69
V 1627 273.01 1214.70
V 1628 272.95 1214.71
V 1629 272.83 1214.74
V 1630 270.93 1215.16
V 1631 269.09 1215.57
V 1632 268.88 1215.61
V 1633 267.59 1215.90
V 1634 267.45 1215.94
V 1635 267.02 1216.03
V 1636 266.91 1216.05
V 1637 265.66 1216.31
V 1638 265.60 1216.33
V 1639 265.22 1216.41
V 1640 263.49 1216.79
V 1641 260.06 1217.54
V 1642 260.04 1217.54
V 1643 259.93 1217.56
V 1644 259.76 1217.60
V 1645 259.73 1217.61
V 1646 259.61 1217.63
V 1647 259.58 1217.64
V 1648 258.23 1217.92
V 1649 258.20 1217.93
V 1650 257.91 1217.99
V 1651 257.88 1218.00
V 1652 256.01 1218.40
V 1653 255.95 1218.41
V 1654 250.40 1219.56
V 1655 246.86 1220.27
V 1656 246.62 1220.32
V 1657 242.98 1221.05
V 1658 242.96 1221.06
V 1659 241.10 1221.44
V 1660 241.06 1221.45
V 1661 239.16 1221.83
V 1662 239.07 1221.84
V 1663 233.60 1222.88
V 1664 233.53 1222.89
V 1665 233.47 1222.91
V 1666 226.05 1224.31
V 1667 225.97 1224.32
V 1668 224.08 1224.66
V 1669 222.37 1224.97
V 1670 222.28 1225.00
V 1671 220.43 1225.34
V 1672 220.35 1225.35
V 1673 218.50 1225.67
V 1674 218.48 1225.68
V 1675 212.88 1226.67
V 1676 210.94 1227.00
V 1677 210.90 1227.01
V 1678 209.08 1227.31
V 1679 207.23 1227.63
V 1680 203.48 1228.26
V 1681 203.44 1228.27
V 1682 199.68 1228.89
V 1683 199.62 1228.89
V 1684 199.59 1228.90
V 1685 199.44 1228.92
V 1686 196.02 1229.47
V 1687 195.85 1229.50
V 1688 194.02 1229.79
V 1689 194.00 1229.79
V 1690 192.15 1230.08
V 1691 192.13 1230.08
V 1692 188.36 1230.67
V 1693 186.49 1230.95
V 1694 186.44 1230.96
V 1695 184.59 1231.24
V 1696 184.56 1231.24
V 1697 178.94 1232.08
V 1698 178.83 1232.10
V 1699 176.95 1232.36
V 1700 175.14 1232.62
V 1701 175.09 1232.62
V 1702 171.37 1233.15
V 1703 171.32 1233.16
V 1704 165.69 1233.93
V 1705 165.63 1233.93
V 1706 165.43 1233.96
V 1707 165.41 1233.96
V 1708 161.94 1234.42
V 1709 161.87 1234.44
V 1710 158.10 1234.93
V 1711 158.04 1234.93
V 1712 157.91 1234.95
V 1713 157.79 1234.96
V 1714 156.36 1235.14
V 1715 156.21 1235.16
V 1716 156.15 1235.17
V 1717 156.05 1235.18
V 1718 156.02 1235.18
V 1719 154.32 1235.40
V 1720 154.26 1235.41
V 1721 152.38 1235.64
V 1722 152.33 1235.64
V 1723 152.27 1235.65
V 1724 152.15 1235.66
V 1725 150.56 1235.86
V 1726 150.51 1235.87
V 1727 148.61 1236.10
V 1728 148.57 1236.10
V 1729 148.45 1236.12
V 1730 141.08 1236.99
V 1731 140.98 1237.00
V 1732 140.92 1237.01
V 1733 137.27 1237.40
V 1734 137.23 1237.41
V 1735 137.11 1237.42
V 1736 135.49 1237.61
V 1737 135.34 1237.63
V 1738 135.29 1237.63
V 1739 135.25 1237.64
V 1740 133.49 1237.82
V 1741 131.61 1238.03
V 1742 131.54 1238.04
V 1743 129.64 1238.24
V 1744 129.60 1238.24
V 1745 123.96 1238.82
V 1746 123.94 1238.82
V 1747 121.94 1239.02
V 1748 120.17 1239.18
V 1749 118.21 1239.38
V 1750 110.67 1240.08
V 1751 110.62 1240.08
V 1752 110.40 1240.10
V 1753 110.33 1240.10
V 1754 103.29 1240.71
V 1755 103.00 1240.74
V 1756 102.97 1240.74
V 1757 95.43 1241.34
V 1758 95.41 1241.34
V 1759 95.30 1241.35
V 1760 91.75 1241.61
V 1761 91.51 1241.63
V 1762 91.30 1241.64
V 1763 86.12 1242.01
V 1764 85.82 1242.04
V 1765 85.75 1242.04
V 1766 84.00 1242.16
V 1767 83.95 1242.16
V 1768 83.84 1242.17
V 1769 82.28 1242.28
V 1770 82.08 1242.30
V 1771 81.97 1242.30
V 1772 78.35 1242.53
V 1773 78.28 1242.54
V 1774 78.08 1242.55
V 1775 74.60 1242.76
V 1776 74.50 1242.77
V 1777 74.13 1242.79
V 1778 68.97 1243.09
V 1779 68.70 1243.11
V 1780 68.67 1243.11
V 1781 64.91 1243.30
V 1782 64.88 1243.30
V 1783 63.31 1243.39
V 1784 63.17 1243.40
V 1785 63.07 1243.40
V 1786 63.03 1243.41
V 1787 61.10 1243.51
V 1788 61.02 1243.51
V 1789 60.80 1243.52
V 1790 60.77 1243.52
V 1791 59.29 1243.58
V 1792 59.27 1243.58
V 1793 59.23 1243.59
V 1794 57.36 1243.69
V 1795 57.27 1243.69
V 1796 57.05 1243.70
V 1797 57.01 1243.70
V 1798 55.57 1243.76
V 1799 55.13 1243.78
V 1800 55.10 1243.78
V 1801 53.62 1243.84
V 1802 53.49 1243.85
V 1803 49.46 1244.03
V 1804 49.29 1244.03
V 1805 46.13 1244.14
V 1806 46.11 1244.14
V 1807 45.67 1244.16
V 1808 45.55 1244.16
V 1809 42.36 1244.28
V 1810 42.05 1244.29
V 1811 42.00 1244.30
V 1812 40.08 1244.36
V 1813 39.77 1244.36
V 1814 36.65 1244.46
V 1815 36.27 1244.48
V 1816 36.24 1244.48
V 1817 28.69 1244.68
V 1818 28.64 1244.68
V 1819 26.75 1244.72
V 1820 26.71 1244.72
V 1821 21.08 1244.83
V 1822 21.00 1244.83
V 1823 19.17 1244.86
V 1824 19.03 1244.86
V 1825 17.29 1244.88
V 1826 17.20 1244.88
V 1827 15.41 1244.91
V 1828 15.27 1244.91
V 1829 11.62 1244.95
V 1830 11.42 1244.95
V 1831 9.69 1244.96
V 1832 9.50 1244.96
V 1833 5.93 1244.98
V 1834 5.73 1244.98
V 1835 0.24 1245.00
V 1836 -0.24 1245.00
V 1837 -5.73 1244.98
V 1838 -5.93 1244.98
V 1839 -9.50 1244.96
V 1840 -9.69 1244.96
V 1841 -11.42 1244.95
V 1842 -11.62 1244.95
V 1843 -15.27 1244.91
V 1844 -15.41 1244.91
V 1845 -17.20 1244.88
V 1846 -17.29 1244.88
V 1847 -19.03 1244.86
V 1848 -19.17 1244.86
V 1849 -21.00 1244.83
V 1850 -21.08 1244.83
V 1851 -26.71 1244.72
V 1852 -26.75 1244.72
V 1853 -28.64 1244.68
V 1854 -28.69 1244.68
V 1855 -36.24 1244.48
V 1856 -36.27 1244.48
V 1857 -36.65 1244.46
V 1858 -39.77 1244.36
V 1859 -40.08 1244.36
V 1860 -42.00 1244.30
V 1861 -42.05 1244.29
V 1862 -42.36 1244.28
V 1863 -45.55 1244.16
V 1864 -45.67 1244.16
V 1865 -46.11 1244.14
V 1866 -46.13 1244.14
V 1867 -49.29 1244.03
V 1868 -49.46 1244.03
V 1869 -53.49 1243.85
V 1870 -53.62 1243.84
V 1871 -55.11 1243.78
V 1872 -55.13 1243.78
V 1873 -55.57 1243.76
V 1874 -57.01 1243.70
V 1875 -57.05 1243.70
V 1876 -57.27 1243.69
V 1877 -57.36 1243.69
V 1878 -59.23 1243.59
V 1879 -59.27 1243.58
V 1880 -59.29 1243.58
V 1881 -60.78 1243.52
V 1882 -60.80 1243.52
V 1883 -61.02 1243.51
V 1884 -61.10 1243.51
V 1885 -63.03 1243.41
V 1886 -63.07 1243.40
V 1887 -63.17 1243.40
V 1888 -63.31 1243.39
V 1889 -64.88 1243.30
V 1890 -64.91 1243.30
V 1891 -68.67 1243.11
V 1892 -68.70 1243.11
V 1893 -68.97 1243.09
V 1894 -74.13 1242.79
V 1895 -74.50 1242.77
V 1896 -74.60 1242.76
V 1897 -78.08 1242.55
V 1898 -78.28 1242.54
V 1899 -78.35 1242.53
V 1900 -81.97 1242.30
V 1901 -82.08 1242.30
V 1902 -82.28 1242.28
V 1903 -83.84 1242.17
V 1904 -83.95 1242.16
V 1905 -84.00 1242.16
V 1906 -85.75 1242.04
V 1907 -85.82 1242.04
V 1908 -86.12 1242.01
V 1909 -91.30 1241.64
V 1910 -91.51 1241.63
V 1911 -91.75 1241.61
V 1912 -95.30 1241.35
V 1913 -95.41 1241.34
V 1914 -95.43 1241.34
V 1915 -102.97 1240.74
V 1916 -103.01 1240.74
V 1917 -103.29 1240.71
V 1918 -110.33 1240.10
V 1919 -110.40 1240.10
V 1920 -110.62 1240.08
V 1921 -110.67 1240.08
V 1922 -118.21 1239.38
V 1923 -120.17 1239.18
V 1924 -121.94 1239.02
V 1925 -123.94 1238.82
V 1926 -123.96 1238.82
V 1927 -129.60 1238.24
V 1928 -129.64 1238.24
V 1929 -131.54 1238.04
V 1930 -131.61 1238.03
V 1931 -133.49 1237.82
V 1932 -135.25 1237.64
V 1933 -135.29 1237.63
V 1934 -135.34 1237.63
V 1935 -135.49 1237.61
V 1936 -137.11 1237.42
V 1937 -137.23 1237.41
V 1938 -137.27 1237.40
V 1939 -140.92 1237.01
V 1940 -140.98 1237.00
V 1941 -141.08 1236.99
V 1942 -148.45 1236.12
V 1943 -148.57 1236.10
V 1944 -148.61 1236.10
V 1945 -150.51 1235.87
V 1946 -150.56 1235.86
V 1947 -152.15 1235.66
V 1948 -152.27 1235.65
V 1949 -152.33 1235.64
V 1950 -152.38 1235.64
V 1951 -154.26 1235.41
V 1952 -154.32 1235.40
V 1953 -156.02 1235.18
V 1954 -156.05 1235.18
V 1955 -156.15 1235.17
V 1956 -156.21 1235.16
V 1957 -156.36 1235.14
V 1958 -157.79 1234.96
V 1959 -157.91 1234.95
V 1960 -158.04 1234.93
V 1961 -158.10 1234.93
V 1962 -161.87 1234.44
V 1963 -161.94 1234.42
V 1964 -165.41 1233.96
V 1965 -165.43 1233.96
V 1966 -165.63 1233.93
V 1967 -165.69 1233.93
V 1968 -171.32 1233.16
V 1969 -171.37 1233.15
V 1970 -175.09 1232.62
V 1971 -175.14 1232.62
V 1972 -176.95 1232.36
V 1973 -178.83 1232.10
V 1974 -178.94 1232.08
V 1975 -184.56 1231.24
V 1976 -184.59 1231.24
V 1977 -186.44 1230.96
V 1978 -186.49 1230.95
V 1979 -188.29 1230.68
V 1980 -192.13 1230.08
V 1981 -192.15 1230.08
V 1982 -194.00 1229.79
V 1983 -194.02 1229.79
V 1984 -195.85 1229.50
V 1985 -196.02 1229.47
V 1986 -199.44 1228.92
V 1987 -199.59 1228.90
V 1988 -199.62 1228.89
V 1989 -199.68 1228.89
V 1990 -203.44 1228.27
V 1991 -203.48 1228.26
V 1992 -207.17 1227.64
V 1993 -209.08 1227.31
V 1994 -210.90 1227.01
V 1995 -210.94 1227.00
V 1996 -212.82 1226.68
V 1997 -218.48 1225.68
V 1998 -218.50 1225.67
V 1999 -220.35 1225.35
V 2000 -220.43 1225.34
V 2001 -222.28 1225.00
V 2002 -222.37 1224.97
V 2003 -224.08 1224.66
V 2004 -225.97 1224.32
V 2005 -226.05 1224.31
V 2006 -233.47 1222.91
V 2007 -233.53 1222.89
V 2008 -233.60 1222.88
V 2009 -239.07 1221.84
V 2010 -239.16 1221.83
V 2011 -241.06 1221.45
V 2012 -241.10 1221.44
V 2013 -242.96 1221.06
V 2014 -242.98 1221.05
V 2015 -246.62 1220.32
V 2016 -246.86 1220.27
V 2017 -250.35 1219.57
V 2018 -255.95 1218.41
V 2019 -256.01 1218.40
V 2020 -257.88 1218.00
V 2021 -257.91 1217.99
V 2022 -258.20 1217.93
V 2023 -258.23 1217.92
V 2024 -259.58 1217.64
V 2025 -259.61 1217.63
V 2026 -259.73 1217.61
V 2027 -259.76 1217.60
V 2028 -259.93 1217.56
V 2029 -260.04 1217.54
V 2030 -260.06 1217.54
V 2031 -263.49 1216.79
V 2032 -265.22 1216.41
V 2033 -265.60 1216.33
V 2034 -265.66 1216.31
V 2035 -266.91 1216.05
V 2036 -267.02 1216.03
V 2037 -267.45 1215.94
V 2038 -267.59 1215.90
V 2039 -268.88 1215.61
V 2040 -269.09 1215.57
V 2041 -270.93 1215.16
V 2042 -272.83 1214.74
V 2043 -272.95 1214.71
V 2044 -273.01 1214.70
V 2045 -273.03 1214.69
V 2046 -280.21 1213.05
V 2047 -280.23 1213.04
V 2048 -280.39 1213.01
V 2049 -280.58 1212.96
V 2050 -283.65 1212.25
V 2051 -284.08 1212.16
V 2052 -284.27 1212.11
V 2053 -287.46 1211.36
V 2054 -287.78 1211.29
V 2055 -289.46 1210.88
V 2056 -289.60 1210.85
V 2057 -289.79 1210.80
V 2058 -291.11 1210.49
V 2059 -291.29 1210.45
V 2060 -291.35 1210.44
V 2061 -293.31 1209.97
V 2062 -293.48 1209.92
V 2063 -296.83 1209.10
V 2064 -296.97 1209.07
V 2065 -297.18 1209.01
V 2066 -298.60 1208.66
V 2067 -298.81 1208.62
V 2068 -299.06 1208.55
V 2069 -302.31 1207.74
V 2070 -302.50 1207.70
V 2071 -302.79 1207.62
V 2072 -306.00 1206.80
V 2073 -306.17 1206.77
V 2074 -306.49 1206.68
V 2075 -307.85 1206.33
V 2076 -307.99 1206.30
V 2077 -309.85 1205.83
V 2078 -309.87 1205.82
V 2079 -310.01 1205.78
V 2080 -315.33 1204.41
V 2081 -315.46 1204.37
V 2082 -315.48 1204.37
V 2083 -317.18 1203.92
V 2084 -317.20 1203.91
V 2085 -317.33 1203.88
V 2086 -318.99 1203.45
V 2087 -319.02 1203.44
V 2088 -319.14 1203.41
V 2089 -319.45 1203.32
V 2090 -320.73 1202.97
V 2091 -320.83 1202.95
V 2092 -320.96 1202.91
V 2093 -320.98 1202.91
V 2094 -322.64 1202.47
V 2095 -322.66 1202.47
V 2096 -322.79 1202.43
V 2097 -322.81 1202.42
V 2098 -326.17 1201.51
V 2099 -326.31 1201.48
V 2100 -328.14 1200.97
V 2101 -328.16 1200.97
V 2102 -328.59 1200.85
V 2103 -328.63 1200.84
V 2104 -329.92 1200.48
V 2105 -329.98 1200.47
V 2106 -330.17 1200.42
V 2107 -332.04 1199.91
V 2108 -332.07 1199.90
V 2109 -333.89 1199.40
V 2110 -333.92 1199.39
V 2111 -335.72 1198.89
V 2112 -335.75 1198.88
V 2113 -341.22 1197.34
V 2114 -343.12 1196.79
V 2115 -343.30 1196.73
V 2116 -346.35 1195.86
V 2117 -346.38 1195.85
V 2118 -346.81 1195.73
V 2119 -346.96 1195.68
V 2120 -353.69 1193.70
V 2121 -354.08 1193.59
V 2122 -354.16 1193.56
V 2123 -357.52 1192.57
V 2124 -357.70 1192.52
V 2125 -357.73 1192.51
V 2126 -357.77 1192.50
V 2127 -359.61 1191.94
V 2128 -359.66 1191.92
V 2129 -361.26 1191.43
V 2130 -361.55 1191.33
V 2131 -362.94 1190.91
V 2132 -363.15 1190.85
V 2133 -363.35 1190.78
V 2134 -368.38 1189.25
V 2135 -368.59 1189.19
V 2136 -368.70 1189.15
V 2137 -368.76 1189.14
V 2138 -372.34 1188.01
V 2139 -375.96 1186.88
V 2140 -383.24 1184.56
V 2141 -383.35 1184.52
V 2142 -385.08 1183.95
V 2143 -386.89 1183.36
V 2144 -390.53 1182.16
V 2145 -397.76 1179.75
V 2146 -399.57 1179.14
V 2147 -399.63 1179.11
V 2148 -399.65 1179.11
V 2149 -406.78 1176.67
V 2150 -406.85 1176.65
V 2151 -408.65 1176.02
V 2152 -410.41 1175.41
V 2153 -410.48 1175.39
V 2154 -414.04 1174.13
V 2155 -414.08 1174.11
V 2156 -419.38 1172.24
V 2157 -419.43 1172.22
V 2158 -421.14 1171.61
V 2159 -421.20 1171.59
V 2160 -422.99 1170.95
V 2161 -423.05 1170.92
V 2162 -424.82 1170.28
V 2163 -428.40 1168.97
V 2164 -428.46 1168.94
V 2165 -428.63 1168.88
V 2166 -428.65 1168.87
V 2167 -431.89 1167.68
V 2168 -432.00 1167.65
V 2169 -433.78 1166.99
V 2170 -433.81 1166.98
V 2171 -439.12 1164.99
V 2172 -439.14 1164.98
V 2173 -440.90 1164.32
V 2174 -440.96 1164.30
V 2175 -442.72 1163.63
V 2176 -442.78 1163.60
V 2177 -444.51 1162.94
V 2178 -446.21 1162.28
V 2179 -447.99 1161.61
V 2180 -449.86 1160.89
V 2181 -449.93 1160.86
V 2182 -451.63 1160.19
V 2183 -453.38 1159.51
V 2184 -453.41 1159.50
V 2185 -456.93 1158.12
V 2186 -456.95 1158.11
V 2187 -457.07 1158.06
V 2188 -460.43 1156.72
V 2189 -460.50 1156.70
V 2190 -465.79 1154.58
V 2191 -465.85 1154.56
V 2192 -472.87 1151.71
V 2193 -472.95 1151.67
V 2194 -473.19 1151.57
V 2195 -473.21 1151.56
V 2196 -474.55 1151.01
V 2197 -476.41 1150.24
V 2198 -476.43 1150.23
V 2199 -479.94 1148.78
V 2200 -483.49 1147.29
V 2201 -483.52 1147.27
V 2202 -483.70 1147.20
V 2203 -485.11 1146.59
V 2204 -485.24 1146.54
V 2205 -485.41 1146.47
V 2206 -485.43 1146.46
V 2207 -486.97 1145.81
V 2208 -487.00 1145.80
V 2209 -488.76 1145.05
V 2210 -488.84 1145.02
V 2211 -490.36 1144.36
V 2212 -490.51 1144.30
V 2213 -492.26 1143.55
V 2214 -492.28 1143.54
V 2215 -492.40 1143.49
V 2216 -492.48 1143.45
V 2217 -495.49 1142.15
V 2218 -495.79 1142.03
V 2219 -497.51 1141.28
V 2220 -497.56 1141.25
V 2221 -497.59 1141.24
V 2222 -497.61 1141.23
V 2223 -499.35 1140.47
V 2224 -499.41 1140.44
V 2225 -501.02 1139.73
V 2226 -501.06 1139.72
V 2227 -502.78 1138.96
V 2228 -502.81 1138.95
V 2229 -502.95 1138.88
V 2230 -504.34 1138.27
V 2231 -504.51 1138.20
V 2232 -504.57 1138.18
V 2233 -506.31 1137.40
V 2234 -508.04 1136.62
V 2235 -509.70 1135.88
V 2236 -509.76 1135.85
V 2237 -511.45 1135.09
V 2238 -511.51 1135.07
V 2239 -511.55 1135.05
V 2240 -513.18 1134.31
V 2241 -514.94 1133.52
V 2242 -515.02 1133.48
V 2243 -516.68 1132.72
V 2244 -518.42 1131.93
V 2245 -518.64 1131.82
V 2246 -521.71 1130.41
V 2247 -521.89 1130.33
V 2248 -523.56 1129.56
V 2249 -523.61 1129.54
V 2250 -525.35 1128.74
V 2251 -525.45 1128.69
V 2252 -526.92 1128.00
V 2253 -527.12 1127.91
V 2254 -530.56 1126.30
V 2255 -530.80 1126.18
V 2256 -537.24 1123.12
V 2257 -537.42 1123.03
V 2258 -537.51 1123.00
V 2259 -539.23 1122.17
V 2260 -540.65 1121.48
V 2261 -540.92 1121.36
V 2262 -544.34 1119.71
V 2263 -546.08 1118.86
V 2264 -546.12 1118.83
V 2265 -549.50 1117.18
V 2266 -549.55 1117.16
V 2267 -556.34 1113.79
V 2268 -556.39 1113.76
V 2269 -556.52 1113.69
V 2270 -557.91 1112.98
V 2271 -558.07 1112.91
V 2272 -561.42 1111.23
V 2273 -561.55 1111.16
V 2274 -563.14 1110.37
V 2275 -563.21 1110.33
V 2276 -563.28 1110.30
V 2277 -564.57 1109.63
V 2278 -564.60 1109.61
V 2279 -564.67 1109.58
V 2280 -564.90 1109.47
V 2281 -568.28 1107.74
V 2282 -568.31 1107.72
V 2283 -574.86 1104.34
V 2284 -574.93 1104.30
V 2285 -575.06 1104.23
V 2286 -578.25 1102.57
V 2287 -578.28 1102.55
V 2288 -578.38 1102.50
V 2289 -578.43 1102.47
V 2290 -578.50 1102.44
V 2291 -580.19 1101.54
V 2292 -581.79 1100.70
V 2293 -585.17 1098.92
V 2294 -585.25 1098.87
V 2295 -586.79 1098.04
V 2296 -586.86 1098.01
V 2297 -588.52 1097.13
V 2298 -588.71 1097.02
V 2299 -591.92 1095.29
V 2300 -591.99 1095.26
V 2301 -595.29 1093.46
V 2302 -595.34 1093.42
V 2303 -595.38 1093.41
V 2304 -596.64 1092.73
V 2305 -596.91 1092.59
V 2306 -597.03 1092.53
V 2307 -598.69 1091.61
V 2308 -600.32 1090.71
V 2309 -600.39 1090.66
V 2310 -601.70 1089.94
V 2311 -601.99 1089.79
V 2312 -605.32 1087.95
V 2313 -605.38 1087.92
V 2314 -610.26 1085.18
V 2315 -1328.45 1803.37
V 2316 -1342.59 1789.23
V 2317 -619.02 1065.66
V 2318 -618.38 1065.07
V 2319 -617.69 1064.54
V 2320 -617.01 1064.11
V 2321 -616.97 1064.08
V 2322 -616.18 1063.67
V 2323 -615.39 1063.34
V 2324 -614.55 1063.07
V 2325 -613.75 1062.90
V 2326 -613.71 1062.89
V 2327 -613.68 1062.89
V 2328 -612.83 1062.77
V 2329 -611.98 1062.73
V 2330 -611.96 1062.73
V 2331 -611.09 1062.77
V 2332 -610.23 1062.88
V 2333 -609.38 1063.07
V 2334 -608.55 1063.33
V 2335 -607.74 1063.66
V 2336 -606.97 1064.06
V 2337 -605.53 1064.88
V 2338 -605.50 1064.90
V 2339 -603.81 1065.85
V 2340 -603.76 1065.88
V 2341 -602.21 1066.75
V 2342 -602.15 1066.78
V 2343 -600.52 1067.70
V 2344 -595.58 1070.48
V 2345 -595.56 1070.50
V 2346 -592.53 1072.17
V 2347 -592.27 1072.30
V 2348 -590.73 1073.16
V 2349 -590.66 1073.19
V 2350 -588.99 1074.11
V 2351 -587.33 1075.03
V 2352 -587.26 1075.08
V 2353 -586.02 1075.74
V 2354 -585.78 1075.87
V 2355 -585.71 1075.90
V 2356 -582.41 1077.70
V 2357 -582.36 1077.74
V 2358 -582.33 1077.75
V 2359 -579.23 1079.42
V 2360 -579.16 1079.45
V 2361 -577.50 1080.33
V 2362 -577.31 1080.44
V 2363 -575.91 1081.20
V 2364 -575.85 1081.22
V 2365 -572.49 1082.99
V 2366 -570.85 1083.85
V 2367 -570.79 1083.88
V 2368 -569.10 1084.78
V 2369 -569.05 1084.81
V 2370 -566.00 1086.40
V 2371 -565.97 1086.42
V 2372 -565.87 1086.48
V 2373 -565.81 1086.50
V 2374 -559.31 1089.86
V 2375 -559.24 1089.90
V 2376 -556.10 1091.50
V 2377 -556.05 1091.53
V 2378 -555.71 1091.69
V 2379 -554.00 1092.58
V 2380 -552.66 1093.26
V 2381 -552.46 1093.35
V 2382 -549.11 1095.03
V 2383 -548.96 1095.11
V 2384 -547.57 1095.82
V 2385 -547.51 1095.84
V 2386 -547.44 1095.87
V 2387 -540.61 1099.26
V 2388 -537.35 1100.86
V 2389 -537.30 1100.88
V 2390 -535.64 1101.69
V 2391 -532.45 1103.23
V 2392 -532.34 1103.28
V 2393 -532.32 1103.28
V 2394 -532.17 1103.35
V 2395 -530.53 1104.15
V 2396 -528.81 1104.98
V 2397 -528.74 1105.02
V 2398 -528.68 1105.05
V 2399 -522.24 1108.11
V 2400 -522.13 1108.16
V 2401 -522.08 1108.18
V 2402 -518.78 1109.72
V 2403 -518.60 1109.80
V 2404 -516.99 1110.56
V 2405 -515.25 1111.36
V 2406 -515.20 1111.39
V 2407 -513.51 1112.17
V 2408 -513.37 1112.24
V 2409 -510.19 1113.70
V 2410 -510.16 1113.71
V 2411 -508.44 1114.49
V 2412 -508.40 1114.51
V 2413 -506.79 1115.25
V 2414 -506.76 1115.26
V 2415 -505.02 1116.04
V 2416 -504.96 1116.07
V 2417 -503.23 1116.86
V 2418 -501.58 1117.60
V 2419 -499.87 1118.36
V 2420 -499.82 1118.38
V 2421 -498.13 1119.14
V 2422 -496.39 1119.92
V 2423 -496.27 1119.98
V 2424 -494.88 1120.59
V 2425 -494.70 1120.66
V 2426 -492.98 1121.42
V 2427 -492.95 1121.43
V 2428 -492.88 1121.47
V 2429 -491.26 1122.18
V 2430 -491.22 1122.20
V 2431 -491.19 1122.21
V 2432 -491.17 1122.22
V 2433 -489.57 1122.92
V 2434 -489.51 1122.94
V 2435 -487.79 1123.69
V 2436 -487.75 1123.71
V 2437 -484.42 1125.16
V 2438 -484.40 1125.16
V 2439 -484.38 1125.17
V 2440 -483.05 1125.74
V 2441 -482.56 1125.93
V 2442 -480.84 1126.68
V 2443 -480.80 1126.70
V 2444 -479.16 1127.40
V 2445 -479.14 1127.41
V 2446 -479.02 1127.46
V 2447 -479.00 1127.47
V 2448 -477.27 1128.20
V 2449 -475.86 1128.81
V 2450 -475.75 1128.85
V 2451 -472.24 1130.32
V 2452 -468.79 1131.75
V 2453 -468.77 1131.76
V 2454 -466.80 1132.58
V 2455 -466.78 1132.59
V 2456 -465.44 1133.14
V 2457 -465.42 1133.15
V 2458 -465.35 1133.17
V 2459 -458.33 1136.02
V 2460 -458.27 1136.05
V 2461 -453.06 1138.14
V 2462 -453.04 1138.15
V 2463 -449.67 1139.49
V 2464 -449.63 1139.50
V 2465 -446.11 1140.88
V 2466 -444.34 1141.57
V 2467 -442.68 1142.22
V 2468 -442.66 1142.23
V 2469 -440.87 1142.92
V 2470 -439.17 1143.56
V 2471 -437.37 1144.26
V 2472 -435.66 1144.91
V 2473 -435.60 1144.93
V 2474 -433.79 1145.62
V 2475 -432.15 1146.24
V 2476 -432.12 1146.25
V 2477 -426.85 1148.22
V 2478 -426.82 1148.23
V 2479 -425.04 1148.89
V 2480 -424.94 1148.94
V 2481 -424.85 1148.97
V 2482 -424.83 1148.98
V 2483 -421.70 1150.13
V 2484 -421.52 1150.19
V 2485 -417.96 1151.49
V 2486 -416.30 1152.10
V 2487 -416.25 1152.11
V 2488 -414.46 1152.75
V 2489 -414.40 1152.78
V 2490 -412.74 1153.38
V 2491 -412.72 1153.38
V 2492 -407.40 1155.26
V 2493 -407.36 1155.27
V 2494 -403.80 1156.53
V 2495 -403.76 1156.55
V 2496 -402.05 1157.14
V 2497 -400.25 1157.77
V 2498 -400.21 1157.79
V 2499 -393.19 1160.18
V 2500 -391.38 1160.79
V 2501 -384.27 1163.16
V 2502 -380.69 1164.34
V 2503 -378.91 1164.92
V 2504 -378.86 1164.94
V 2505 -377.16 1165.50
V 2506 -370.00 1167.78
V 2507 -366.35 1168.92
V 2508 -362.74 1170.06
V 2509 -362.67 1170.09
V 2510 -357.68 1171.61
V 2511 -357.47 1171.67
V 2512 -357.27 1171.74
V 2513 -355.88 1172.16
V 2514 -355.67 1172.22
V 2515 -355.55 1172.26
V 2516 -353.95 1172.75
V 2517 -353.86 1172.78
V 2518 -353.82 1172.79
V 2519 -351.92 1173.37
V 2520 -348.58 1174.36
V 2521 -348.40 1174.41
V 2522 -348.25 1174.46
V 2523 -341.52 1176.44
V 2524 -341.13 1176.55
V 2525 -341.01 1176.59
V 2526 -337.96 1177.46
V 2527 -337.93 1177.47
V 2528 -337.56 1177.57
V 2529 -335.77 1178.09
V 2530 -330.38 1179.61
V 2531 -330.36 1179.61
V 2532 -328.56 1180.11
V 2533 -328.53 1180.12
V 2534 -326.78 1180.61
V 2535 -326.76 1180.61
V 2536 -324.93 1181.11
V 2537 -324.88 1181.13
V 2538 -324.69 1181.18
V 2539 -323.40 1181.54
V 2540 -323.34 1181.55
V 2541 -321.51 1182.06
V 2542 -321.49 1182.06
V 2543 -320.99 1182.20
V 2544 -317.96 1183.02
V 2545 -317.82 1183.05
V 2546 -317.69 1183.09
V 2547 -317.67 1183.09
V 2548 -316.01 1183.53
V 2549 -315.99 1183.53
V 2550 -315.86 1183.57
V 2551 -315.84 1183.58
V 2552 -315.54 1183.66
V 2553 -314.30 1184.00
V 2554 -314.20 1184.02
V 2555 -314.09 1184.05
V 2556 -312.39 1184.49
V 2557 -312.29 1184.52
V 2558 -312.21 1184.54
V 2559 -310.51 1184.99
V 2560 -310.49 1185.00
V 2561 -310.36 1185.03
V 2562 -310.34 1185.04
V 2563 -310.31 1185.05
V 2564 -304.95 1186.43
V 2565 -303.13 1186.89
V 2566 -303.11 1186.90
V 2567 -302.85 1186.97
V 2568 -301.49 1187.32
V 2569 -301.35 1187.35
V 2570 -301.06 1187.43
V 2571 -297.85 1188.25
V 2572 -297.68 1188.28
V 2573 -297.43 1188.35
V 2574 -294.18 1189.16
V 2575 -293.99 1189.20
V 2576 -293.78 1189.26
V 2577 -292.36 1189.61
V 2578 -292.15 1189.65
V 2579 -290.47 1190.06
V 2580 -290.33 1190.09
V 2581 -290.16 1190.14
V 2582 -288.62 1190.52
V 2583 -288.57 1190.53
V 2584 -286.69 1190.98
V 2585 -286.66 1190.99
V 2586 -286.61 1191.00
V 2587 -286.42 1191.05
V 2588 -285.10 1191.36
V 2589 -284.78 1191.43
V 2590 -283.10 1191.84
V 2591 -282.96 1191.87
V 2592 -282.77 1191.92
V 2593 -279.58 1192.67
V 2594 -279.26 1192.74
V 2595 -279.07 1192.79
V 2596 -275.78 1193.55
V 2597 -275.75 1193.55
V 2598 -275.63 1193.58
V 2599 -275.57 1193.59
V 2600 -275.55 1193.60
V 2601 -268.40 1195.23
V 2602 -266.54 1195.64
V 2603 -264.49 1196.10
V 2604 -264.35 1196.14
V 2605 -263.06 1196.43
V 2606 -262.63 1196.52
V 2607 -262.57 1196.54
V 2608 -261.32 1196.80
V 2609 -261.21 1196.82
V 2610 -260.73 1196.92
V 2611 -259.32 1197.23
V 2612 -259.24 1197.25
V 2613 -259.22 1197.25
V 2614 -259.05 1197.29
V 2615 -258.94 1197.31
V 2616 -258.92 1197.31
V 2617 -255.22 1198.12
V 2618 -255.19 1198.13
V 2619 -253.84 1198.41
V 2620 -253.81 1198.42
V 2621 -253.73 1198.44
V 2622 -253.70 1198.44
V 2623 -251.83 1198.84
V 2624 -251.81 1198.85
V 2625 -246.33 1199.98
V 2626 -246.15 1200.02
V 2627 -242.66 1200.72
V 2628 -239.00 1201.46
V 2629 -238.98 1201.46
V 2630 -237.18 1201.83
V 2631 -237.14 1201.83
V 2632 -235.24 1202.21
V 2633 -235.17 1202.23
V 2634 -233.33 1202.58
V 2635 -229.84 1203.24
V 2636 -229.77 1203.25
V 2637 -222.35 1204.65
V 2638 -222.31 1204.66
V 2639 -220.49 1204.99
V 2640 -218.75 1205.31
V 2641 -218.66 1205.32
V 2642 -216.81 1205.66
V 2643 -216.77 1205.67
V 2644 -215.02 1205.98
V 2645 -215.00 1205.98
V 2646 -209.40 1206.97
V 2647 -207.65 1207.27
V 2648 -207.62 1207.27
V 2649 -205.69 1207.59
V 2650 -200.21 1208.53
V 2651 -200.18 1208.53
V 2652 -196.42 1209.15
V 2653 -196.33 1209.17
V 2654 -192.92 1209.72
V 2655 -192.77 1209.74
V 2656 -190.92 1210.03
V 2657 -190.90 1210.03
V 2658 -189.05 1210.32
V 2659 -189.03 1210.32
V 2660 -185.27 1210.91
V 2661 -183.49 1211.18
V 2662 -183.44 1211.18
V 2663 -181.59 1211.46
V 2664 -181.56 1211.47
V 2665 -176.13 1212.28
V 2666 -176.09 1212.28
V 2667 -174.21 1212.54
V 2668 -174.15 1212.55
V 2669 -172.28 1212.82
V 2670 -172.23 1212.83
V 2671 -168.65 1213.34
V 2672 -168.60 1213.34
V 2673 -162.97 1214.11
V 2674 -162.91 1214.12
V 2675 -159.50 1214.58
V 2676 -159.48 1214.58
V 2677 -159.35 1214.60
V 2678 -159.29 1214.60
V 2679 -155.52 1215.09
V 2680 -155.45 1215.11
V 2681 -155.40 1215.11
V 2682 -153.97 1215.29
V 2683 -153.85 1215.30
V 2684 -151.98 1215.54
V 2685 -151.95 1215.54
V 2686 -151.89 1215.55
V 2687 -151.84 1215.55
V 2688 -149.96 1215.78
V 2689 -149.76 1215.81
V 2690 -148.33 1215.99
V 2691 -148.21 1216.00
V 2692 -148.15 1216.01
V 2693 -148.11 1216.01
V 2694 -146.21 1216.24
V 2695 -146.17 1216.25
V 2696 -138.84 1217.11
V 2697 -138.78 1217.12
V 2698 -138.74 1217.13
V 2699 -135.09 1217.52
V 2700 -135.03 1217.53
V 2701 -134.88 1217.55
V 2702 -133.26 1217.74
V 2703 -133.23 1217.74
V 2704 -131.35 1217.93
V 2705 -131.24 1217.94
V 2706 -129.46 1218.14
V 2707 -129.44 1218.14
V 2708 -127.54 1218.34
V 2709 -127.51 1218.35
V 2710 -121.92 1218.92
V 2711 -121.90 1218.92
V 2712 -121.84 1218.93
V 2713 -120.14 1219.10
V 2714 -118.15 1219.28
V 2715 -116.37 1219.46
V 2716 -112.57 1219.81
V 2717 -108.81 1220.16
V 2718 -108.76 1220.17
V 2719 -108.63 1220.18
V 2720 -101.59 1220.79
V 2721 -101.52 1220.79
V 2722 -101.41 1220.80
V 2723 -101.39 1220.80
V 2724 -93.85 1221.40
V 2725 -93.83 1221.40
V 2726 -93.74 1221.41
V 2727 -90.19 1221.67
V 2728 -89.89 1221.70
V 2729 -84.71 1222.07
V 2730 -84.50 1222.08
V 2731 -84.45 1222.08
V 2732 -82.70 1222.20
V 2733 -82.63 1222.20
V 2734 -82.43 1222.22
V 2735 -80.87 1222.33
V 2736 -80.76 1222.34
V 2737 -80.69 1222.35
V 2738 -77.07 1222.58
V 2739 -76.96 1222.58
V 2740 -76.86 1222.59
V 2741 -73.38 1222.80
V 2742 -73.18 1222.81
V 2743 -73.04 1222.82
V 2744 -67.70 1223.13
V 2745 -67.67 1223.13
V 2746 -63.91 1223.32
V 2747 -63.88 1223.32
V 2748 -63.61 1223.34
V 2749 -62.04 1223.43
V 2750 -61.99 1223.43
V 2751 -60.06 1223.53
V 2752 -60.02 1223.54
V 2753 -59.99 1223.54
V 2754 -58.51 1223.60
V 2755 -58.48 1223.60
V 2756 -58.26 1223.61
V 2757 -58.17 1223.61
V 2758 -56.30 1223.71
V 2759 -56.26 1223.72
V 2760 -56.17 1223.72
V 2761 -54.73 1223.78
V 2762 -54.69 1223.78
V 2763 -54.32 1223.80
V 2764 -52.84 1223.86
V 2765 -52.81 1223.86
V 2766 -48.78 1224.04
V 2767 -48.58 1224.05
V 2768 -48.56 1224.05
V 2769 -45.40 1224.16
V 2770 -45.23 1224.16
V 2771 -44.78 1224.18
V 2772 -41.59 1224.30
V 2773 -41.38 1224.30
V 2774 -39.46 1224.36
V 2775 -39.41 1224.37
V 2776 -35.98 1224.48
V 2777 -35.72 1224.48
V 2778 -28.16 1224.68
V 2779 -26.31 1224.72
V 2780 -26.28 1224.72
V 2781 -20.65 1224.83
V 2782 -20.59 1224.83
V 2783 -18.76 1224.86
V 2784 -18.67 1224.86
V 2785 -16.93 1224.88
V 2786 -16.79 1224.88
V 2787 -15.00 1224.91
V 2788 -14.91 1224.91
V 2789 -11.26 1224.95
V 2790 -11.13 1224.95
V 2791 -9.40 1224.96
V 2792 -9.21 1224.96
V 2793 -5.64 1224.98
V 2794 -5.45 1224.98
V 2795 0.00 1225.00
V 2796 5.45 1224.98
V 2797 5.64 1224.98
V 2798 9.21 1224.96
V 2799 9.40 1224.96
V 2800 11.13 1224.95
V 2801 11.26 1224.95
V 2802 14.91 1224.91
V 2803 15.00 1224.91
V 2804 16.79 1224.88
V 2805 16.93 1224.88
V 2806 18.67 1224.86
V 2807 18.76 1224.86
V 2808 20.59 1224.83
V 2809 20.65 1224.83
V 2810 26.28 1224.72
V 2811 26.31 1224.72
V 2812 28.16 1224.68
V 2813 35.72 1224.48
V 2814 35.98 1224.48
V 2815 39.41 1224.37
V 2816 39.46 1224.36
V 2817 41.38 1224.30
V 2818 41.59 1224.30
V 2819 44.78 1224.18
V 2820 45.23 1224.16
V 2821 45.40 1224.16
V 2822 48.56 1224.05
V 2823 48.58 1224.05
V 2824 52.81 1223.86
V 2825 52.84 1223.86
V 2826 54.32 1223.80
V 2827 54.69 1223.78
V 2828 54.73 1223.78
V 2829 56.17 1223.72
V 2830 56.26 1223.72
V 2831 56.30 1223.71
V 2832 58.17 1223.61
V 2833 58.26 1223.61
V 2834 58.48 1223.60
V 2835 58.51 1223.60
V 2836 59.99 1223.54
V 2837 60.02 1223.54
V 2838 60.06 1223.53
V 2839 61.99 1223.43
V 2840 62.04 1223.43
V 2841 63.61 1223.34
V 2842 63.88 1223.32
V 2843 63.91 1223.32
V 2844 67.67 1223.13
V 2845 67.70 1223.13
V 2846 73.04 1222.82
V 2847 73.18 1222.81
V 2848 73.38 1222.80
V 2849 76.86 1222.59
V 2850 76.96 1222.58
V 2851 77.07 1222.58
V 2852 80.69 1222.35
V 2853 80.76 1222.34
V 2854 80.87 1222.33
V 2855 82.43 1222.22
V 2856 82.63 1222.20
V 2857 82.70 1222.20
V 2858 84.45 1222.08
V 2859 84.50 1222.08
V 2860 84.71 1222.07
V 2861 89.89 1221.70
V 2862 90.19 1221.67
V 2863 93.74 1221.41
V 2864 93.83 1221.40
V 2865 93.85 1221.40
V 2866 101.39 1220.80
V 2867 101.41 1220.80
V 2868 101.52 1220.79
V 2869 101.59 1220.79
V 2870 108.63 1220.18
V 2871 108.76 1220.17
V 2872 108.81 1220.16
V 2873 112.57 1219.81
V 2874 116.37 1219.46
V 2875 118.15 1219.28
V 2876 120.14 1219.10
V 2877 121.90 1218.92
V 2878 121.92 1218.92
V 2879 127.51 1218.35
V 2880 127.54 1218.34
V 2881 129.44 1218.14
V 2882 129.46 1218.14
V 2883 131.24 1217.94
V 2884 131.35 1217.93
V 2885 133.23 1217.74
V 2886 133.26 1217.74
V 2887 134.88 1217.55
V 2888 135.03 1217.53
V 2889 135.09 1217.52
V 2890 138.74 1217.13
V 2891 138.78 1217.12
V 2892 138.84 1217.11
V 2893 146.17 1216.25
V 2894 146.21 1216.24
V 2895 148.11 1216.01
V 2896 148.15 1216.01
V 2897 148.21 1216.00
V 2898 148.33 1215.99
V 2899 149.76 1215.81
V 2900 149.96 1215.78
V 2901 151.84 1215.55
V 2902 151.89 1215.55
V 2903 151.95 1215.54
V 2904 151.98 1215.54
V 2905 153.85 1215.30
V 2906 153.97 1215.29
V 2907 155.40 1215.11
V 2908 155.45 1215.11
V 2909 155.52 1215.09
V 2910 159.29 1214.60
V 2911 159.35 1214.60
V 2912 159.48 1214.58
V 2913 159.50 1214.58
V 2914 162.91 1214.12
V 2915 162.97 1214.11
V 2916 168.60 1213.34
V 2917 168.65 1213.34
V 2918 172.23 1212.83
V 2919 172.28 1212.82
V 2920 174.15 1212.55
V 2921 174.21 1212.54
V 2922 176.09 1212.28
V 2923 176.13 1212.28
V 2924 181.56 1211.47
V 2925 181.59 1211.46
V 2926 183.44 1211.18
V 2927 183.49 1211.18
V 2928 185.27 1210.91
V 2929 189.03 1210.32
V 2930 189.05 1210.32
V 2931 190.90 1210.03
V 2932 190.92 1210.03
V 2933 192.77 1209.74
V 2934 192.92 1209.72
V 2935 196.33 1209.17
V 2936 196.42 1209.15
V 2937 200.18 1208.53
V 2938 200.21 1208.53
V 2939 205.75 1207.58
V 2940 207.62 1207.27
V 2941 207.65 1207.27
V 2942 209.40 1206.97
V 2943 215.00 1205.98
V 2944 215.02 1205.98
V 2945 216.77 1205.67
V 2946 216.81 1205.66
V 2947 218.66 1205.32
V 2948 218.75 1205.31
V 2949 220.54 1204.98
V 2950 222.31 1204.66
V 2951 222.35 1204.65
V 2952 229.77 1203.25
V 2953 229.84 1203.24
V 2954 233.49 1202.55
V 2955 235.17 1202.23
V 2956 235.24 1202.21
V 2957 237.14 1201.83
V 2958 237.18 1201.83
V 2959 238.98 1201.46
V 2960 239.00 1201.46
V 2961 242.76 1200.70
V 2962 246.15 1200.02
V 2963 246.33 1199.98
V 2964 251.81 1198.85
V 2965 251.83 1198.84
V 2966 253.70 1198.44
V 2967 253.73 1198.44
V 2968 253.81 1198.42
V 2969 253.84 1198.41
V 2970 255.19 1198.13
V 2971 255.22 1198.12
V 2972 258.92 1197.31
V 2973 258.94 1197.31
V 2974 259.05 1197.29
V 2975 259.22 1197.25
V 2976 259.24 1197.25
V 2977 259.32 1197.23
V 2978 260.78 1196.91
V 2979 261.21 1196.82
V 2980 261.32 1196.80
V 2981 262.57 1196.54
V 2982 262.63 1196.52
V 2983 263.06 1196.43
V 2984 264.35 1196.14
V 2985 264.49 1196.10
V 2986 266.54 1195.64
V 2987 268.40 1195.23
V 2988 275.55 1193.60
V 2989 275.57 1193.59
V 2990 275.63 1193.58
V 2991 275.75 1193.55
V 2992 275.78 1193.55
V 2993 279.07 1192.79
V 2994 279.26 1192.74
V 2995 279.58 1192.67
V 2996 282.77 1191.92
V 2997 282.96 1191.87
V 2998 283.10 1191.84
V 2999 284.78 1191.43
V 3000 285.10 1191.36
V 3001 286.42 1191.05
V 3002 286.61 1191.00
V 3003 286.66 1190.99
V 3004 286.69 1190.98
V 3005 288.57 1190.53
V 3006 288.62 1190.52
V 3007 290.16 1190.14
V 3008 290.33 1190.09
V 3009 290.47 1190.06
V 3010 292.15 1189.65
V 3011 292.36 1189.61
V 3012 293.78 1189.26
V 3013 293.99 1189.20
V 3014 294.18 1189.16
V 3015 297.43 1188.35
V 3016 297.68 1188.28
V 3017 297.85 1188.25
V 3018 301.06 1187.43
V 3019 301.35 1187.35
V 3020 301.49 1187.32
V 3021 302.85 1186.97
V 3022 303.11 1186.90
V 3023 303.13 1186.89
V 3024 304.99 1186.42
V 3025 310.31 1185.05
V 3026 310.34 1185.04
V 3027 310.36 1185.03
V 3028 310.49 1185.00
V 3029 310.51 1184.99
V 3030 312.29 1184.52
V 3031 312.39 1184.49
V 3032 314.09 1184.05
V 3033 314.20 1184.02
V 3034 314.30 1184.00
V 3035 315.84 1183.58
V 3036 315.86 1183.57
V 3037 315.99 1183.53
V 3038 316.01 1183.53
V 3039 317.67 1183.09
V 3040 317.69 1183.09
V 3041 317.82 1183.05
V 3042 317.96 1183.02
V 3043 321.06 1182.18
V 3044 321.49 1182.06
V 3045 321.51 1182.06
V 3046 323.34 1181.55
V 3047 323.40 1181.54
V 3048 324.69 1181.18
V 3049 324.88 1181.13
V 3050 324.93 1181.11
V 3051 326.76 1180.61
V 3052 326.78 1180.61
V 3053 328.53 1180.12
V 3054 328.56 1180.11
V 3055 330.36 1179.61
V 3056 330.38 1179.61
V 3057 335.77 1178.09
V 3058 337.56 1177.57
V 3059 337.93 1177.47
V 3060 337.96 1177.46
V 3061 341.01 1176.59
V 3062 341.13 1176.55
V 3063 341.52 1176.44
V 3064 348.25 1174.46
V 3065 348.40 1174.41
V 3066 348.58 1174.36
V 3067 351.92 1173.37
V 3068 353.82 1172.79
V 3069 353.86 1172.78
V 3070 353.95 1172.75
V 3071 355.55 1172.26
V 3072 355.67 1172.22
V 3073 355.88 1172.16
V 3074 357.27 1171.74
V 3075 357.47 1171.67
V 3076 357.68 1171.61
V 3077 362.67 1170.09
V 3078 362.74 1170.06
V 3079 366.38 1168.91
V 3080 370.00 1167.78
V 3081 377.19 1165.49
V 3082 378.86 1164.94
V 3083 378.91 1164.92
V 3084 380.69 1164.34
V 3085 384.27 1163.16
V 3086 391.38 1160.79
V 3087 393.25 1160.16
V 3088 400.21 1157.79
V 3089 400.25 1157.77
V 3090 402.08 1157.13
V 3091 403.76 1156.55
V 3092 403.80 1156.53
V 3093 407.36 1155.27
V 3094 407.40 1155.26
V 3095 412.72 1153.38
V 3096 412.74 1153.38
V 3097 414.40 1152.78
V 3098 414.46 1152.75
V 3099 416.25 1152.11
V 3100 416.30 1152.10
V 3101 417.96 1151.49
V 3102 421.52 1150.19
V 3103 421.70 1150.13
V 3104 424.83 1148.98
V 3105 424.85 1148.97
V 3106 424.94 1148.94
V 3107 425.04 1148.89
V 3108 426.82 1148.23
V 3109 426.85 1148.22
V 3110 432.12 1146.25
V 3111 432.15 1146.24
V 3112 433.84 1145.60
V 3113 435.60 1144.93
V 3114 435.66 1144.91
V 3115 437.37 1144.26
V 3116 439.17 1143.56
V 3117 440.87 1142.92
V 3118 442.66 1142.23
V 3119 442.68 1142.22
V 3120 444.39 1141.55
V 3121 446.11 1140.88
V 3122 449.63 1139.50
V 3123 449.67 1139.49
V 3124 453.04 1138.15
V 3125 453.10 1138.12
V 3126 458.27 1136.05
V 3127 458.33 1136.02
V 3128 465.35 1133.17
V 3129 465.42 1133.15
V 3130 465.44 1133.14
V 3131 466.78 1132.59
V 3132 466.80 1132.58
V 3133 468.77 1131.76
V 3134 468.79 1131.75
V 3135 472.24 1130.32
V 3136 475.75 1128.85
V 3137 475.86 1128.81
V 3138 477.27 1128.20
V 3139 479.00 1127.47
V 3140 479.02 1127.46
V 3141 479.14 1127.41
V 3142 479.16 1127.40
V 3143 480.80 1126.70
V 3144 480.84 1126.68
V 3145 482.56 1125.93
V 3146 483.05 1125.74
V 3147 484.38 1125.17
V 3148 484.40 1125.16
V 3149 484.42 1125.16
V 3150 487.75 1123.71
V 3151 487.79 1123.69
V 3152 489.51 1122.94
V 3153 489.57 1122.92
V 3154 491.17 1122.22
V 3155 491.19 1122.21
V 3156 491.22 1122.20
V 3157 491.26 1122.18
V 3158 492.88 1121.47
V 3159 492.95 1121.43
V 3160 492.98 1121.42
V 3161 494.70 1120.66
V 3162 494.88 1120.59
V 3163 496.27 1119.98
V 3164 496.39 1119.92
V 3165 498.13 1119.14
V 3166 499.82 1118.38
V 3167 499.87 1118.36
V 3168 501.58 1117.60
V 3169 503.25 1116.85
V 3170 504.96 1116.07
V 3171 505.02 1116.04
V 3172 506.76 1115.26
V 3173 506.79 1115.25
V 3174 508.40 1114.51
V 3175 508.44 1114.49
V 3176 510.16 1113.71
V 3177 510.19 1113.70
V 3178 513.37 1112.24
V 3179 513.53 1112.16
V 3180 515.20 1111.39
V 3181 515.25 1111.36
V 3182 517.01 1110.55
V 3183 518.60 1109.80
V 3184 518.78 1109.72
V 3185 522.08 1108.18
V 3186 522.13 1108.16
V 3187 522.24 1108.11
V 3188 528.68 1105.05
V 3189 528.74 1105.02
V 3190 528.81 1104.98
V 3191 530.53 1104.15
V 3192 532.17 1103.35
V 3193 532.32 1103.28
V 3194 532.34 1103.28
V 3195 532.45 1103.23
V 3196 535.64 1101.69
V 3197 537.30 1100.88
V 3198 537.35 1100.86
V 3199 540.65 1099.24
V 3200 547.44 1095.87
V 3201 547.51 1095.84
V 3202 547.57 1095.82
V 3203 548.96 1095.11
V 3204 549.11 1095.03
V 3205 552.46 1093.35
V 3206 552.66 1093.26
V 3207 554.04 1092.56
V 3208 555.71 1091.69
V 3209 556.05 1091.53
V 3210 556.10 1091.50
V 3211 559.24 1089.90
V 3212 559.31 1089.86
V 3213 565.81 1086.50
V 3214 565.97 1086.42
V 3215 566.00 1086.40
V 3216 569.05 1084.81
V 3217 569.10 1084.78
V 3218 570.79 1083.88
V 3219 570.85 1083.85
V 3220 572.49 1082.99
V 3221 575.85 1081.22
V 3222 575.91 1081.20
V 3223 577.31 1080.44
V 3224 577.50 1080.33
V 3225 579.16 1079.45
V 3226 579.23 1079.42
V 3227 582.33 1077.75
V 3228 582.36 1077.74
V 3229 582.41 1077.70
V 3230 585.71 1075.90
V 3231 585.78 1075.87
V 3232 586.04 1075.73
V 3233 587.26 1075.08
V 3234 587.33 1075.03
V 3235 589.01 1074.10
V 3236 590.66 1073.19
V 3237 590.73 1073.16
V 3238 592.27 1072.30
V 3239 592.53 1072.17
V 3240 595.56 1070.50
V 3241 595.58 1070.48
V 3242 600.52 1067.70
V 3243 602.15 1066.78
V 3244 602.21 1066.75
V 3245 603.76 1065.88
V 3246 603.81 1065.85
V 3247 605.50 1064.90
V 3248 605.53 1064.88
V 3249 607.01 1064.03
V 3250 607.05 1064.01
V 3251 607.68 1063.65
V 3252 611.97 1061.18
V 3253 612.01 1061.16
V 3254 615.20 1059.32
V 3255 616.87 1058.35
V 3256 616.91 1058.33
V 3257 619.88 1056.58
V 3258 619.90 1056.57
V 3259 620.05 1056.48
V 3260 621.69 1055.53
V 3261 624.78 1053.70
V 3262 624.82 1053.68
V 3263 624.96 1053.60
V 3264 626.40 1052.74
V 3265 626.43 1052.72
V 3266 626.53 1052.66
V 3267 626.56 1052.64
V 3268 629.81 1050.70
V 3269 631.27 1049.82
V 3270 631.29 1049.80
V 3271 631.33 1049.78
V 3272 631.39 1049.74
V 3273 634.66 1047.78
V 3274 634.69 1047.77
V 3275 636.15 1046.88
V 3276 636.17 1046.86
V 3277 636.22 1046.83
V 3278 636.25 1046.82
V 3279 637.70 1045.94
V 3280 637.75 1045.90
V 3281 641.11 1043.85
V 3282 642.52 1042.97
V 3283 642.62 1042.90
V 3284 649.05 1038.92
V 3285 650.63 1037.94
V 3286 650.65 1037.93
V 3287 652.21 1036.94
V 3288 652.28 1036.90
V 3289 653.87 1035.89
V 3290 653.92 1035.86
V 3291 656.97 1033.94
V 3292 657.01 1033.92
V 3293 657.09 1033.87
V 3294 658.67 1032.85
V 3295 658.79 1032.78
V 3296 659.96 1032.05
V 3297 660.07 1031.97
V 3298 663.32 1029.88
V 3299 664.82 1028.90
V 3300 664.89 1028.85
V 3301 666.48 1027.83
V 3302 669.61 1025.79
V 3303 675.91 1021.65
V 3304 682.12 1017.51
V 3305 686.84 1014.34
V 3306 686.90 1014.31
V 3307 691.41 1011.23
V 3308 691.46 1011.19
V 3309 693.00 1010.13
V 3310 693.02 1010.12
V 3311 693.23 1009.98
V 3312 694.44 1009.16
V 3313 694.55 1009.07
V 3314 696.18 1007.95
V 3315 697.58 1006.97
V 3316 697.95 1006.74
V 3317 699.10 1005.93
V 3318 699.18 1005.87
V 3319 702.30 1003.69
V 3320 702.32 1003.68
V 3321 703.83 1002.62
V 3322 703.88 1002.59
V 3323 703.95 1002.54
V 3324 703.97 1002.53
V 3325 705.36 1001.55
V 3326 705.38 1001.53
V 3327 706.90 1000.46
V 3328 709.98 998.28
V 3329 710.00 998.27
V 3330 712.96 996.17
V 3331 713.00 996.13
V 3332 716.05 993.92
V 3333 716.09 993.90
V 3334 720.59 990.65
V 3335 720.61 990.63
V 3336 723.68 988.38
V 3337 723.70 988.37
V 3338 729.66 983.99
V 3339 729.70 983.95
V 3340 731.22 982.82
V 3341 731.24 982.81
V 3342 734.28 980.54
V 3343 734.35 980.49
V 3344 741.69 974.96
V 3345 741.72 974.93
V 3346 744.70 972.65
V 3347 744.72 972.63
V 3348 752.16 966.89
V 3349 755.16 964.55
V 3350 762.53 958.73
V 3351 762.57 958.70
V 3352 765.45 956.41
V 3353 772.80 950.49
V 3354 772.82 950.48
V 3355 775.62 948.18
V 3356 775.67 948.13
V 3357 782.97 942.13
V 3358 783.01 942.11
V 3359 784.34 940.98
V 3360 785.76 939.78
V 3361 785.82 939.72
V 3362 787.29 938.50
V 3363 787.34 938.46
V 3364 791.54 934.93
V 3365 797.31 930.01
V 3366 797.35 929.98
V 3367 801.42 926.47
V 3368 801.51 926.39
V 3369 801.55 926.35
V 3370 807.23 921.43
V 3371 810.05 918.93
V 3372 810.15 918.85
V 3373 811.40 917.74
V 3374 811.42 917.72
V 3375 815.70 913.92
V 3376 815.73 913.90
V 3377 821.21 908.98
V 3378 821.23 908.96
V 3379 822.60 907.71
V 3380 822.67 907.65
V 3381 824.03 906.43
V 3382 826.83 903.87
V 3383 831.00 900.04
V 3384 831.02 900.03
V 3385 835.26 896.08
V 3386 840.80 890.90
V 3387 845.91 886.05
V 3388 845.96 886.00
V 3389 846.02 885.95
V 3390 846.04 885.92
V 3391 848.80 883.28
V 3392 850.04 882.07
V 3393 850.37 881.76
V 3394 851.37 880.81
V 3395 851.44 880.74
V 3396 852.83 879.39
V 3397 854.09 878.15
V 3398 854.15 878.08
V 3399 855.52 876.75
V 3400 855.58 876.70
V 3401 858.24 874.11
V 3402 859.45 872.90
V 3403 859.55 872.79
V 3404 860.92 871.46
V 3405 862.21 870.18
V 3406 862.27 870.13
V 3407 863.61 868.79
V 3408 864.91 867.51
V 3409 867.51 864.91
V 3410 868.83 863.57
V 3411 870.13 862.27
V 3412 870.18 862.21
V 3413 871.46 860.92
V 3414 872.79 859.55
V 3415 872.90 859.45
V 3416 874.11 858.24
V 3417 876.70 855.58
V 3418 876.75 855.52
V 3419 878.08 854.15
V 3420 878.15 854.09
V 3421 879.39 852.83
V 3422 880.77 851.41
V 3423 881.86 850.26
V 3424 881.92 850.20
V 3425 881.99 850.12
V 3426 882.07 850.04
V 3427 883.29 848.79
V 3428 885.92 846.04
V 3429 885.97 846.00
V 3430 891.00 840.69
V 3431 891.06 840.63
V 3432 896.21 835.12
V 3433 900.03 831.02
V 3434 900.04 831.00
V 3435 903.88 826.82
V 3436 906.44 824.02
V 3437 907.65 822.67
V 3438 907.71 822.60
V 3439 908.96 821.23
V 3440 908.98 821.21
V 3441 913.90 815.73
V 3442 913.92 815.70
V 3443 917.72 811.42
V 3444 917.77 811.38
V 3445 918.77 810.24
V 3446 918.82 810.18
V 3447 918.89 810.10
V 3448 918.93 810.05
V 3449 921.43 807.23
V 3450 926.35 801.55
V 3451 926.39 801.51
V 3452 929.93 797.40
V 3453 930.00 797.33
V 3454 930.01 797.31
V 3455 934.93 791.54
V 3456 934.95 791.52
V 3457 938.46 787.34
V 3458 938.50 787.29
V 3459 939.72 785.82
V 3460 939.78 785.76
V 3461 939.85 785.67
V 3462 940.93 784.39
V 3463 941.02 784.29
V 3464 941.05 784.26
V 3465 942.11 783.01
V 3466 942.13 782.97
V 3467 948.13 775.67
V 3468 948.17 775.63
V 3469 950.38 772.94
V 3470 950.40 772.91
V 3471 950.49 772.80
V 3472 956.30 765.58
V 3473 956.32 765.56
V 3474 956.38 765.48
V 3475 956.41 765.45
V 3476 958.64 762.65
V 3477 958.70 762.57
V 3478 958.72 762.55
V 3479 958.73 762.53
V 3480 964.55 755.16
V 3481 966.89 752.16
V 3482 972.63 744.72
V 3483 972.64 744.70
V 3484 972.69 744.65
V 3485 974.99 741.64
V 3486 975.06 741.56
V 3487 980.41 734.47
V 3488 980.42 734.45
V 3489 980.51 734.33
V 3490 980.54 734.28
V 3491 982.81 731.24
V 3492 982.82 731.22
V 3493 983.95 729.70
V 3494 983.99 729.66
V 3495 988.37 723.70
V 3496 988.38 723.68
V 3497 990.63 720.61
V 3498 990.65 720.59
V 3499 993.86 716.13
V 3500 993.88 716.11
V 3501 993.92 716.05
V 3502 996.16 712.96
V 3503 996.19 712.93
V 3504 998.22 710.07
V 3505 998.30 709.95
V 3506 998.33 709.91
V 3507 1000.45 706.91
V 3508 1000.48 706.87
V 3509 1000.52 706.81
V 3510 1001.52 705.40
V 3511 1001.57 705.32
V 3512 1002.55 703.94
V 3513 1002.62 703.83
V 3514 1003.68 702.32
V 3515 1003.69 702.30
V 3516 1005.87 699.18
V 3517 1006.03 698.97
V 3518 1006.74 697.95
V 3519 1006.97 697.58
V 3520 1007.97 696.15
V 3521 1009.07 694.55
V 3522 1009.10 694.51
V 3523 1009.17 694.41
V 3524 1009.25 694.30
V 3525 1009.96 693.27
V 3526 1009.98 693.23
V 3527 1010.10 693.05
V 3528 1010.13 693.00
V 3529 1011.19 691.46
V 3530 1011.22 691.42
V 3531 1011.29 691.32
V 3532 1011.32 691.28
V 3533 1014.25 686.98
V 3534 1014.32 686.88
V 3535 1014.34 686.84
V 3536 1017.51 682.12
V 3537 1021.65 675.91
V 3538 1025.79 669.61
V 3539 1027.49 667.01
V 3540 1028.85 664.89
V 3541 1028.90 664.82
V 3542 1029.88 663.32
V 3543 1031.95 660.10
V 3544 1032.05 659.95
V 3545 1032.83 658.71
V 3546 1032.97 658.48
V 3547 1033.04 658.38
V 3548 1033.94 656.97
V 3549 1033.99 656.90
V 3550 1035.93 653.81
V 3551 1035.99 653.71
V 3552 1036.01 653.68
V 3553 1036.02 653.66
V 3554 1037.93 650.65
V 3555 1037.94 650.63
V 3556 1038.92 649.05
V 3557 1042.90 642.62
V 3558 1042.96 642.55
V 3559 1042.98 642.51
V 3560 1043.02 642.44
V 3561 1043.04 642.41
V 3562 1043.88 641.06
V 3563 1045.87 637.80
V 3564 1045.92 637.74
V 3565 1046.83 636.23
V 3566 1046.84 636.21
V 3567 1047.77 634.69
V 3568 1047.78 634.66
V 3569 1049.74 631.39
V 3570 1049.78 631.33
V 3571 1050.70 629.81
V 3572 1052.64 626.56
V 3573 1052.66 626.53
V 3574 1053.60 624.96
V 3575 1055.53 621.69
V 3576 1056.48 620.05
V 3577 1058.33 616.91
V 3578 1058.35 616.87
V 3579 1059.32 615.20
V 3580 1061.16 612.01
V 3581 1061.18 611.97
V 3582 1063.08 608.67
V 3583 1064.01 607.05
V 3584 1064.03 607.01
V 3585 1064.88 605.53
V 3586 1064.90 605.50
V 3587 1065.85 603.81
V 3588 1065.88 603.76
V 3589 1066.63 602.43
V 3590 1066.65 602.39
V 3591 1066.72 602.27
V 3592 1066.78 602.15
V 3593 1067.70 600.52
V 3594 1070.48 595.58
V 3595 1070.50 595.56
V 3596 1072.17 592.53
V 3597 1072.30 592.27
V 3598 1073.07 590.88
V 3599 1073.11 590.81
V 3600 1073.17 590.71
V 3601 1073.19 590.66
V 3602 1074.11 588.99
V 3603 1075.03 587.33
V 3604 1075.08 587.26
V 3605 1075.72 586.06
V 3606 1075.84 585.82
V 3607 1075.89 585.74
V 3608 1075.90 585.71
V 3609 1077.70 582.41
V 3610 1077.73 582.37
V 3611 1077.75 582.33
V 3612 1079.35 579.36
V 3613 1079.45 579.16
V 3614 1080.33 577.50
V 3615 1080.44 577.31
V 3616 1081.13 576.03
V 3617 1081.23 575.83
V 3618 1083.85 570.85
V 3619 1083.88 570.79
V 3620 1084.79 569.08
V 3621 1084.83 569.01
V 3622 1086.52 565.77
V 3623 1086.58 565.66
V 3624 1089.81 559.42
V 3625 1090.01 559.02
V 3626 1091.50 556.10
V 3627 1091.53 556.05
V 3628 1091.69 555.71
V 3629 1092.56 554.04
V 3630 1092.59 553.98
V 3631 1092.63 553.92
V 3632 1093.21 552.76
V 3633 1093.25 552.66
V 3634 1095.13 548.91
V 3635 1095.18 548.83
V 3636 1095.76 547.68
V 3637 1095.79 547.61
V 3638 1095.85 547.49
V 3639 1095.87 547.44
V 3640 1099.26 540.61
V 3641 1100.82 537.44
V 3642 1100.83 537.41
V 3643 1100.86 537.34
V 3644 1101.69 535.64
V 3645 1103.23 532.45
V 3646 1103.28 532.34
V 3647 1103.28 532.32
V 3648 1103.35 532.17
V 3649 1104.15 530.53
V 3650 1104.98 528.81
V 3651 1105.01 528.76
V 3652 1105.06 528.67
V 3653 1108.11 522.25
V 3654 1108.17 522.10
V 3655 1109.72 518.78
V 3656 1109.80 518.60
V 3657 1110.56 516.99
V 3658 1111.36 515.25
V 3659 1111.43 515.11
V 3660 1112.20 513.44
V 3661 1112.28 513.29
V 3662 1113.59 510.44
V 3663 1113.60 510.41
V 3664 1113.70 510.19
V 3665 1113.71 510.16
V 3666 1114.49 508.44
V 3667 1114.51 508.40
V 3668 1114.53 508.35
V 3669 1114.56 508.29
V 3670 1115.25 506.79
V 3671 1115.26 506.76
V 3672 1116.04 505.02
V 3673 1116.07 504.96
V 3674 1116.91 503.12
V 3675 1117.52 501.76
V 3676 1118.36 499.87
V 3677 1118.38 499.82
V 3678 1119.14 498.13
V 3679 1119.92 496.39
V 3680 1120.03 496.16
V 3681 1120.53 495.02
V 3682 1120.59 494.86
V 3683 1120.65 494.72
V 3684 1120.66 494.70
V 3685 1121.42 492.98
V 3686 1121.53 492.74
V 3687 1122.09 491.47
V 3688 1122.12 491.39
V 3689 1122.89 489.63
V 3690 1122.93 489.55
V 3691 1122.94 489.51
V 3692 1123.69 487.79
V 3693 1123.71 487.75
V 3694 1125.08 484.59
V 3695 1125.14 484.44
V 3696 1125.23 484.24
V 3697 1125.74 483.05
V 3698 1125.93 482.56
V 3699 1126.68 480.84
V 3700 1126.70 480.80
V 3701 1127.35 479.28
V 3702 1127.38 479.20
V 3703 1128.04 477.65
V 3704 1128.11 477.47
V 3705 1128.76 475.97
V 3706 1128.85 475.74
V 3707 1128.91 475.60
V 3708 1130.26 472.38
V 3709 1130.32 472.24
V 3710 1130.38 472.11
V 3711 1131.69 468.94
V 3712 1131.77 468.73
V 3713 1131.86 468.53
V 3714 1132.39 467.26
V 3715 1132.49 467.00
V 3716 1132.60 466.76
V 3717 1133.06 465.63
V 3718 1133.16 465.39
V 3719 1133.17 465.35
V 3720 1136.02 458.33
V 3721 1136.03 458.30
V 3722 1136.11 458.12
V 3723 1138.03 453.33
V 3724 1138.18 452.95
V 3725 1138.23 452.85
V 3726 1139.42 449.85
V 3727 1139.43 449.81
V 3728 1139.50 449.63
V 3729 1139.55 449.49
V 3730 1139.59 449.40
V 3731 1140.97 445.88
V 3732 1140.98 445.86
V 3733 1141.48 444.57
V 3734 1141.49 444.54
V 3735 1142.17 442.81
V 3736 1142.18 442.79
V 3737 1142.92 440.87
V 3738 1143.53 439.25
V 3739 1143.54 439.22
V 3740 1143.70 438.81
V 3741 1143.71 438.79
V 3742 1144.21 437.50
V 3743 1144.22 437.47
V 3744 1144.31 437.25
V 3745 1144.89 435.73
V 3746 1144.90 435.69
V 3747 1144.92 435.65
V 3748 1144.93 435.60
V 3749 1145.62 433.79
V 3750 1146.23 432.18
V 3751 1146.25 432.12
V 3752 1148.22 426.85
V 3753 1148.23 426.82
V 3754 1148.89 425.04
V 3755 1149.02 424.72
V 3756 1150.13 421.70
V 3757 1150.20 421.49
V 3758 1150.22 421.45
V 3759 1151.50 417.94
V 3760 1151.53 417.87
V 3761 1152.10 416.30
V 3762 1152.11 416.25
V 3763 1152.75 414.46
V 3764 1152.79 414.36
V 3765 1153.38 412.74
V 3766 1153.38 412.72
V 3767 1155.26 407.40
V 3768 1155.27 407.36
V 3769 1156.53 403.80
V 3770 1156.55 403.76
V 3771 1157.14 402.05
V 3772 1157.83 400.08
V 3773 1157.85 400.04
V 3774 1160.18 393.19
V 3775 1160.79 391.38
V 3776 1163.16 384.27
V 3777 1164.34 380.69
V 3778 1164.92 378.91
V 3779 1164.94 378.86
V 3780 1165.50 377.16
V 3781 1167.78 370.00
V 3782 1168.92 366.35
V 3783 1170.06 362.74
V 3784 1170.09 362.67
V 3785 1172.25 355.59
V 3786 1172.26 355.55
V 3787 1172.79 353.84
V 3788 1172.80 353.79
V 3789 1173.37 351.92
V 3790 1174.41 348.41
V 3791 1174.42 348.38
V 3792 1176.48 341.38
V 3793 1176.49 341.35
V 3794 1176.53 341.21
V 3795 1176.55 341.15
V 3796 1177.51 337.81
V 3797 1177.53 337.72
V 3798 1177.57 337.56
V 3799 1178.09 335.77
V 3800 1179.61 330.38
V 3801 1179.61 330.36
V 3802 1180.11 328.56
V 3803 1180.12 328.53
V 3804 1180.61 326.78
V 3805 1180.61 326.76
V 3806 1181.11 324.93
V 3807 1181.14 324.86
V 3808 1181.59 323.22
V 3809 1181.61 323.13
V 3810 1181.62 323.11
V 3811 1181.62 323.09
V 3812 1182.13 321.24
V 3813 1182.17 321.11
V 3814 1183.01 318.00
V 3815 1183.08 317.73
V 3816 1183.09 317.67
V 3817 1183.57 315.86
V 3818 1183.59 315.82
V 3819 1183.59 315.80
V 3820 1183.62 315.71
V 3821 1184.03 314.17
V 3822 1184.04 314.14
V 3823 1184.05 314.09
V 3824 1184.54 312.21
V 3825 1185.03 310.36
V 3826 1185.04 310.33
V 3827 1186.42 305.00
V 3828 1186.43 304.95
V 3829 1186.89 303.13
V 3830 1186.92 303.06
V 3831 1186.94 302.96
V 3832 1186.95 302.94
V 3833 1187.31 301.55
V 3834 1187.41 301.13
V 3835 1188.23 297.92
V 3836 1188.23 297.90
V 3837 1188.33 297.49
V 3838 1189.15 294.21
V 3839 1189.23 293.90
V 3840 1189.59 292.43
V 3841 1189.60 292.37
V 3842 1190.04 290.57
V 3843 1190.04 290.55
V 3844 1190.06 290.46
V 3845 1190.08 290.39
V 3846 1190.52 288.62
V 3847 1190.53 288.57
V 3848 1190.98 286.69
V 3849 1191.01 286.62
V 3850 1191.03 286.52
V 3851 1191.36 285.13
V 3852 1191.38 285.00
V 3853 1191.82 283.20
V 3854 1191.82 283.18
V 3855 1191.84 283.09
V 3856 1191.86 283.01
V 3857 1191.90 282.87
V 3858 1192.67 279.61
V 3859 1192.69 279.48
V 3860 1192.78 279.15
V 3861 1193.50 275.98
V 3862 1193.54 275.79
V 3863 1195.23 268.43
V 3864 1195.23 268.41
V 3865 1195.24 268.38
V 3866 1195.64 266.54
V 3867 1196.05 264.71
V 3868 1196.12 264.45
V 3869 1196.43 263.04
V 3870 1196.47 262.85
V 3871 1196.51 262.69
V 3872 1196.80 261.30
V 3873 1196.86 261.00
V 3874 1197.23 259.33
V 3875 1197.26 259.16
V 3876 1197.28 259.08
V 3877 1198.05 255.54
V 3878 1198.07 255.44
V 3879 1198.10 255.32
V 3880 1198.44 253.72
V 3881 1198.44 253.70
V 3882 1198.46 253.60
V 3883 1198.47 253.57
V 3884 1198.86 251.73
V 3885 1198.88 251.67
V 3886 1199.98 246.34
V 3887 1200.01 246.18
V 3888 1200.03 246.10
V 3889 1200.71 242.73
V 3890 1200.73 242.60
V 3891 1200.76 242.45
V 3892 1200.77 242.41
V 3893 1201.46 239.00
V 3894 1201.46 238.98
V 3895 1201.50 238.77
V 3896 1201.83 237.18
V 3897 1201.83 237.14
V 3898 1202.21 235.24
V 3899 1202.23 235.17
V 3900 1202.26 235.00
V 3901 1202.55 233.49
V 3902 1202.57 233.37
V 3903 1203.24 229.84
V 3904 1203.25 229.77
V 3905 1204.65 222.35
V 3906 1204.66 222.31
V 3907 1204.99 220.49
V 3908 1205.31 218.75
V 3909 1205.32 218.66
V 3910 1205.66 216.81
V 3911 1205.67 216.77
V 3912 1205.98 215.02
V 3913 1205.98 215.00
V 3914 1206.97 209.40
V 3915 1207.27 207.65
V 3916 1207.27 207.62
V 3917 1207.59 205.69
V 3918 1208.53 200.21
V 3919 1208.53 200.18
V 3920 1209.15 196.42
V 3921 1209.17 196.33
V 3922 1209.74 192.81
V 3923 1209.74 192.77
V 3924 1210.03 190.92
V 3925 1210.03 190.90
V 3926 1210.32 189.05
V 3927 1210.32 189.03
V 3928 1210.91 185.28
V 3929 1211.18 183.49
V 3930 1211.18 183.44
V 3931 1211.46 181.59
V 3932 1211.47 181.56
V 3933 1212.28 176.13
V 3934 1212.28 176.09
V 3935 1212.54 174.21
V 3936 1212.55 174.15
V 3937 1212.82 172.28
V 3938 1212.83 172.23
V 3939 1213.34 168.65
V 3940 1213.34 168.60
V 3941 1214.11 162.97
V 3942 1214.12 162.91
V 3943 1214.60 159.35
V 3944 1214.60 159.29
V 3945 1215.09 155.52
V 3946 1215.11 155.44
V 3947 1215.32 153.74
V 3948 1215.32 153.70
V 3949 1215.55 151.89
V 3950 1215.55 151.84
V 3951 1215.78 149.96
V 3952 1215.80 149.88
V 3953 1215.80 149.85
V 3954 1215.81 149.82
V 3955 1216.01 148.18
V 3956 1216.01 148.11
V 3957 1216.24 146.21
V 3958 1216.25 146.17
V 3959 1217.12 138.79
V 3960 1217.53 135.04
V 3961 1217.54 134.97
V 3962 1217.74 133.25
V 3963 1217.74 133.23
V 3964 1217.93 131.35
V 3965 1217.94 131.24
V 3966 1218.14 129.46
V 3967 1218.14 129.44
V 3968 1218.34 127.54
V 3969 1218.35 127.51
V 3970 1218.92 121.92
V 3971 1218.92 121.90
V 3972 1219.10 120.14
V 3973 1219.28 118.15
V 3974 1219.46 116.37
V 3975 1219.81 112.57
V 3976 1220.16 108.81
V 3977 1220.17 108.75
V 3978 1220.80 101.43
V 3979 1220.80 101.39
V 3980 1221.40 93.85
V 3981 1221.41 93.81
V 3982 1221.41 93.75
V 3983 1221.69 89.97
V 3984 1221.69 89.93
V 3985 1222.07 84.67
V 3986 1222.08 84.56
V 3987 1222.08 84.52
V 3988 1222.20 82.65
V 3989 1222.21 82.54
V 3990 1222.34 80.79
V 3991 1222.58 76.98
V 3992 1222.81 73.23
V 3993 1222.81 73.21
V 3994 1223.13 67.78
V 3995 1223.13 67.67
V 3996 1223.32 63.91
V 3997 1223.33 63.84
V 3998 1223.33 63.79
V 3999 1223.43 62.12
V 4000 1223.43 61.99
V 4001 1223.53 60.06
V 4002 1223.54 60.02
V 4003 1223.61 58.28
V 4004 1223.61 58.17
V 4005 1223.71 56.30
V 4006 1223.72 56.25
V 4007 1223.79 54.51
V 4008 1223.79 54.45
V 4009 1223.87 52.61
V 4010 1223.87 52.58
V 4011 1224.04 48.78
V 4012 1224.05 48.70
V 4013 1224.17 45.01
V 4014 1224.18 44.93
V 4015 1224.30 41.46
V 4016 1224.30 41.38
V 4017 1224.36 39.46
V 4018 1224.37 39.39
V 4019 1224.37 39.33
V 4020 1224.38 39.23
V 4021 1224.48 35.97
V 4022 1224.48 35.72
V 4023 1224.68 28.16
V 4024 1224.72 26.31
V 4025 1224.83 20.64
V 4026 1224.86 18.75
V 4027 1224.88 16.93
V 4028 1224.88 16.88
V 4029 1224.91 14.99
V 4030 1224.95 11.26
V 4031 1224.98 5.64
V 4032 1225.00 0.00
V 4033 1224.98 -5.64
V 4034 1224.95 -11.26
V 4035 1224.91 -14.99
V 4036 1224.88 -16.88
V 4037 1224.88 -16.93
V 4038 1224.86 -18.75
V 4039 1224.83 -20.64
V 4040 1224.72 -26.31
V 4041 1224.68 -28.16
V 4042 1224.48 -35.72
V 4043 1224.48 -35.97
V 4044 1224.38 -39.23
V 4045 1224.37 -39.33
V 4046 1224.37 -39.39
V 4047 1224.36 -39.46
V 4048 1224.30 -41.38
V 4049 1224.30 -41.46
V 4050 1224.18 -44.93
V 4051 1224.17 -45.01
V 4052 1224.05 -48.70
V 4053 1224.04 -48.78
V 4054 1223.87 -52.58
V 4055 1223.87 -52.61
V 4056 1223.79 -54.45
V 4057 1223.79 -54.51
V 4058 1223.72 -56.25
V 4059 1223.71 -56.30
V 4060 1223.61 -58.17
V 4061 1223.61 -58.28
V 4062 1223.54 -60.02
V 4063 1223.53 -60.06
V 4064 1223.43 -61.99
V 4065 1223.43 -62.12
V 4066 1223.33 -63.79
V 4067 1223.33 -63.84
V 4068 1223.32 -63.91
V 4069 1223.13 -67.67
V 4070 1223.13 -67.78
V 4071 1222.81 -73.21
V 4072 1222.81 -73.23
V 4073 1222.58 -76.98
V 4074 1222.34 -80.79
V 4075 1222.21 -82.54
V 4076 1222.20 -82.65
V 4077 1222.08 -84.52
V 4078 1222.08 -84.56
V 4079 1222.07 -84.67
V 4080 1221.69 -89.93
V 4081 1221.69 -89.97
V 4082 1221.41 -93.75
V 4083 1221.41 -93.81
V 4084 1221.40 -93.85
V 4085 1220.80 -101.39
V 4086 1220.80 -101.43
V 4087 1220.17 -108.75
V 4088 1220.16 -108.81
V 4089 1219.81 -112.57
V 4090 1219.46 -116.37
V 4091 1219.28 -118.15
V 4092 1219.10 -120.14
V 4093 1218.92 -121.90
V 4094 1218.92 -121.92
V 4095 1218.35 -127.51
V 4096 1218.34 -127.54
V 4097 1218.14 -129.44
V 4098 1218.14 -129.46
V 4099 1217.94 -131.24
V 4100 1217.93 -131.35
V 4101 1217.74 -133.23
V 4102 1217.74 -133.25
V 4103 1217.54 -134.97
V 4104 1217.53 -135.04
V 4105 1217.12 -138.79
V 4106 1216.25 -146.17
V 4107 1216.24 -146.21
V 4108 1216.01 -148.11
V 4109 1216.01 -148.18
V 4110 1215.81 -149.82
V 4111 1215.80 -149.85
V 4112 1215.80 -149.88
V 4113 1215.78 -149.96
V 4114 1215.55 -151.84
V 4115 1215.55 -151.89
V 4116 1215.32 -153.70
V 4117 1215.32 -153.74
V 4118 1215.11 -155.44
V 4119 1215.09 -155.52
V 4120 1214.60 -159.29
V 4121 1214.60 -159.35
V 4122 1214.12 -162.91
V 4123 1214.11 -162.97
V 4124 1213.34 -168.60
V 4125 1213.34 -168.65
V 4126 1212.83 -172.23
V 4127 1212.82 -172.28
V 4128 1212.55 -174.15
V 4129 1212.54 -174.21
V 4130 1212.28 -176.09
V 4131 1212.28 -176.13
V 4132 1211.47 -181.56
V 4133 1211.46 -181.59
V 4134 1211.18 -183.44
V 4135 1211.18 -183.49
V 4136 1210.91 -185.28
V 4137 1210.32 -189.03
V 4138 1210.32 -189.05
V 4139 1210.03 -190.90
V 4140 1210.03 -190.92
V 4141 1209.74 -192.77
V 4142 1209.74 -192.81
V 4143 1209.17 -196.33
V 4144 1209.15 -196.42
V 4145 1208.53 -200.18
V 4146 1208.53 -200.21
V 4147 1207.59 -205.69
V 4148 1207.27 -207.62
V 4149 1207.27 -207.65
V 4150 1206.97 -209.40
V 4151 1205.98 -215.00
V 4152 1205.98 -215.02
V 4153 1205.67 -216.77
V 4154 1205.66 -216.81
V 4155 1205.32 -218.66
V 4156 1205.31 -218.75
V 4157 1204.99 -220.49
V 4158 1204.66 -222.31
V 4159 1204.65 -222.35
V 4160 1203.25 -229.77
V 4161 1203.24 -229.84
V 4162 1202.57 -233.37
V 4163 1202.55 -233.49
V 4164 1202.26 -235.00
V 4165 1202.23 -235.17
V 4166 1202.21 -235.24
V 4167 1201.83 -237.14
V 4168 1201.83 -237.18
V 4169 1201.50 -238.77
V 4170 1201.46 -238.98
V 4171 1201.46 -239.00
V 4172 1200.77 -242.41
V 4173 1200.76 -242.45
V 4174 1200.73 -242.60
V 4175 1200.71 -242.73
V 4176 1200.03 -246.10
V 4177 1200.01 -246.18
V 4178 1199.98 -246.34
V 4179 1198.88 -251.67
V 4180 1198.86 -251.73
V 4181 1198.47 -253.57
V 4182 1198.46 -253.60
V 4183 1198.44 -253.70
V 4184 1198.44 -253.72
V 4185 1198.10 -255.32
V 4186 1198.07 -255.44
V 4187 1198.05 -255.54
V 4188 1197.28 -259.08
V 4189 1197.26 -259.16
V 4190 1197.23 -259.33
V 4191 1196.86 -261.00
V 4192 1196.80 -261.30
V 4193 1196.51 -262.69
V 4194 1196.47 -262.85
V 4195 1196.43 -263.04
V 4196 1196.12 -264.45
V 4197 1196.05 -264.71
V 4198 1195.64 -266.54
V 4199 1195.24 -268.38
V 4200 1195.23 -268.41
V 4201 1195.23 -268.43
V 4202 1193.54 -275.79
V 4203 1193.50 -275.98
V 4204 1192.78 -279.15
V 4205 1192.69 -279.48
V 4206 1192.67 -279.61
V 4207 1191.90 -282.87
V 4208 1191.86 -283.01
V 4209 1191.84 -283.09
V 4210 1191.82 -283.18
V 4211 1191.82 -283.20
V 4212 1191.38 -285.00
V 4213 1191.36 -285.13
V 4214 1191.03 -286.52
V 4215 1191.01 -286.62
V 4216 1190.98 -286.69
V 4217 1190.53 -288.57
V 4218 1190.52 -288.62
V 4219 1190.08 -290.39
V 4220 1190.06 -290.46
V 4221 1190.04 -290.55
V 4222 1190.04 -290.57
V 4223 1189.60 -292.37
V 4224 1189.59 -292.43
V 4225 1189.23 -293.90
V 4226 1189.15 -294.21
V 4227 1188.33 -297.49
V 4228 1188.23 -297.90
V 4229 1188.23 -297.92
V 4230 1187.41 -301.13
V 4231 1187.31 -301.55
V 4232 1186.95 -302.94
V 4233 1186.94 -302.96
V 4234 1186.92 -303.06
V 4235 1186.89 -303.13
V 4236 1186.43 -304.95
V 4237 1186.42 -305.00
V 4238 1185.04 -310.33
V 4239 1185.03 -310.36
V 4240 1184.54 -312.21
V 4241 1184.05 -314.09
V 4242 1184.04 -314.14
V 4243 1184.03 -314.17
V 4244 1183.62 -315.71
V 4245 1183.59 -315.80
V 4246 1183.59 -315.82
V 4247 1183.57 -315.86
V 4248 1183.09 -317.67
V 4249 1183.08 -317.73
V 4250 1183.01 -318.00
V 4251 1182.17 -321.11
V 4252 1182.13 -321.24
V 4253 1181.62 -323.09
V 4254 1181.62 -323.11
V 4255 1181.61 -323.13
V 4256 1181.59 -323.22
V 4257 1181.14 -324.86
V 4258 1181.11 -324.93
V 4259 1180.61 -326.76
V 4260 1180.61 -326.78
V 4261 1180.12 -328.53
V 4262 1180.11 -328.56
V 4263 1179.61 -330.36
V 4264 1179.61 -330.38
V 4265 1178.09 -335.77
V 4266 1177.57 -337.56
V 4267 1177.53 -337.72
V 4268 1177.51 -337.81
V 4269 1176.55 -341.15
V 4270 1176.53 -341.21
V 4271 1176.49 -341.35
V 4272 1176.48 -341.38
V 4273 1174.42 -348.38
V 4274 1174.41 -348.41
V 4275 1173.37 -351.92
V 4276 1172.80 -353.79
V 4277 1172.79 -353.84
V 4278 1172.26 -355.55
V 4279 1172.25 -355.59
V 4280 1170.09 -362.67
V 4281 1170.06 -362.74
V 4282 1168.92 -366.35
V 4283 1167.78 -370.00
V 4284 1165.50 -377.16
V 4285 1164.94 -378.86
V 4286 1164.92 -378.91
V 4287 1164.34 -380.69
V 4288 1163.16 -384.27
V 4289 1160.79 -391.38
V 4290 1160.18 -393.19
V 4291 1157.85 -400.04
V 4292 1157.83 -400.08
V 4293 1157.14 -402.05
V 4294 1156.55 -403.76
V 4295 1156.53 -403.80
V 4296 1155.27 -407.36
V 4297 1155.26 -407.40
V 4298 1153.38 -412.72
V 4299 1153.38 -412.74
V 4300 1152.79 -414.36
V 4301 1152.75 -414.46
V 4302 1152.11 -416.25
V 4303 1152.10 -416.30
V 4304 1151.53 -417.87
V 4305 1151.50 -417.94
V 4306 1150.22 -421.45
V 4307 1150.20 -421.49
V 4308 1150.13 -421.70
V 4309 1149.02 -424.72
V 4310 1148.89 -425.04
V 4311 1148.23 -426.82
V 4312 1148.22 -426.85
V 4313 1146.25 -432.12
V 4314 1146.23 -432.18
V 4315 1145.62 -433.79
V 4316 1144.93 -435.60
V 4317 1144.92 -435.65
V 4318 1144.90 -435.69
V 4319 1144.89 -435.73
V 4320 1144.31 -437.25
V 4321 1144.22 -437.47
V 4322 1144.21 -437.50
V 4323 1143.71 -438.79
V 4324 1143.70 -438.81
V 4325 1143.54 -439.22
V 4326 1143.53 -439.25
V 4327 1142.92 -440.87
V 4328 1142.18 -442.79
V 4329 1142.17 -442.81
V 4330 1141.49 -444.54
V 4331 1141.48 -444.57
V 4332 1140.98 -445.86
V 4333 1140.97 -445.88
V 4334 1139.59 -449.40
V 4335 1139.55 -449.49
V 4336 1139.50 -449.63
V 4337 1139.43 -449.81
V 4338 1139.42 -449.85
V 4339 1138.23 -452.85
V 4340 1138.18 -452.95
V 4341 1138.03 -453.33
V 4342 1136.11 -458.12
V 4343 1136.03 -458.30
V 4344 1136.02 -458.33
V 4345 1133.17 -465.35
V 4346 1133.16 -465.39
V 4347 1133.06 -465.63
V 4348 1132.60 -466.76
V 4349 1132.49 -467.00
V 4350 1132.39 -467.26
V 4351 1131.86 -468.53
V 4352 1131.77 -468.73
V 4353 1131.69 -468.94
V 4354 1130.38 -472.11
V 4355 1130.32 -472.24
V 4356 1130.26 -472.38
V 4357 1128.91 -475.60
V 4358 1128.85 -475.74
V 4359 1128.76 -475.97
V 4360 1128.11 -477.47
V 4361 1128.04 -477.65
V 4362 1127.38 -479.20
V 4363 1127.35 -479.28
V 4364 1126.70 -480.80
V 4365 1126.68 -480.84
V 4366 1125.93 -482.56
V 4367 1125.74 -483.05
V 4368 1125.23 -484.24
V 4369 1125.14 -484.44
V 4370 1125.08 -484.59
V 4371 1123.71 -487.75
V 4372 1123.69 -487.79
V 4373 1122.94 -489.51
V 4374 1122.93 -489.55
V 4375 1122.89 -489.63
V 4376 1122.12 -491.39
V 4377 1122.09 -491.47
V 4378 1121.53 -492.74
V 4379 1121.42 -492.98
V 4380 1120.66 -494.70
V 4381 1120.65 -494.72
V 4382 1120.59 -494.86
V 4383 1120.53 -495.02
V 4384 1120.03 -496.16
V 4385 1119.92 -496.39
V 4386 1119.14 -498.13
V 4387 1118.38 -499.82
V 4388 1118.36 -499.87
V 4389 1117.52 -501.76
V 4390 1116.91 -503.12
V 4391 1116.07 -504.96
V 4392 1116.04 -505.02
V 4393 1115.26 -506.76
V 4394 1115.25 -506.79
V 4395 1114.56 -508.29
V 4396 1114.53 -508.35
V 4397 1114.51 -508.40
V 4398 1114.49 -508.44
V 4399 1113.71 -510.16
V 4400 1113.70 -510.19
V 4401 1113.60 -510.41
V 4402 1113.59 -510.44
V 4403 1112.28 -513.29
V 4404 1112.20 -513.44
V 4405 1111.43 -515.11
V 4406 1111.36 -515.25
V 4407 1110.56 -516.99
V 4408 1109.80 -518.60
V 4409 1109.72 -518.78
V 4410 1108.17 -522.10
V 4411 1108.11 -522.25
V 4412 1105.06 -528.67
V 4413 1105.01 -528.76
V 4414 1104.98 -528.81
V 4415 1104.15 -530.53
V 4416 1103.35 -532.17
V 4417 1103.28 -532.32
V 4418 1103.28 -532.34
V 4419 1103.23 -532.45
V 4420 1101.69 -535.64
V 4421 1100.86 -537.34
V 4422 1100.83 -537.41
V 4423 1100.82 -537.44
V 4424 1099.26 -540.61
V 4425 1095.87 -547.44
V 4426 1095.85 -547.49
V 4427 1095.79 -547.61
V 4428 1095.76 -547.68
V 4429 1095.18 -548.83
V 4430 1095.13 -548.91
V 4431 1093.25 -552.66
V 4432 1093.21 -552.76
V 4433 1092.63 -553.92
V 4434 1092.59 -553.98
V 4435 1092.56 -554.04
V 4436 1091.69 -555.71
V 4437 1091.53 -556.05
V 4438 1091.50 -556.10
V 4439 1090.01 -559.02
V 4440 1089.81 -559.42
V 4441 1086.58 -565.66
V 4442 1086.52 -565.77
V 4443 1084.83 -569.01
V 4444 1084.79 -569.08
V 4445 1083.88 -570.79
V 4446 1083.85 -570.85
V 4447 1081.23 -575.83
V 4448 1081.13 -576.03
V 4449 1080.44 -577.31
V 4450 1080.33 -577.50
V 4451 1079.45 -579.16
V 4452 1079.35 -579.36
V 4453 1077.75 -582.33
V 4454 1077.73 -582.37
V 4455 1077.70 -582.41
V 4456 1075.90 -585.71
V 4457 1075.89 -585.74
V 4458 1075.84 -585.82
V 4459 1075.72 -586.06
V 4460 1075.08 -587.26
V 4461 1075.03 -587.33
V 4462 1074.11 -588.99
V 4463 1073.19 -590.66
V 4464 1073.17 -590.71
V 4465 1073.11 -590.81
V 4466 1073.07 -590.88
V 4467 1072.30 -592.27
V 4468 1072.17 -592.53
V 4469 1070.50 -595.56
V 4470 1070.48 -595.58
V 4471 1067.70 -600.52
V 4472 1066.78 -602.15
V 4473 1066.72 -602.27
V 4474 1066.65 -602.39
V 4475 1066.63 -602.43
V 4476 1065.88 -603.76
V 4477 1065.85 -603.81
V 4478 1064.90 -605.50
V 4479 1064.88 -605.53
V 4480 1064.06 -606.97
V 4481 1063.66 -607.74
V 4482 1063.33 -608.55
V 4483 1063.07 -609.38
V 4484 1062.88 -610.23
V 4485 1062.77 -611.09
V 4486 1062.73 -611.96
V 4487 1062.73 -611.98
V 4488 1062.77 -612.83
V 4489 1062.89 -613.68
V 4490 1062.89 -613.71
V 4491 1062.90 -613.75
V 4492 1063.07 -614.55
V 4493 1063.34 -615.39
V 4494 1063.67 -616.18
V 4495 1064.08 -616.97
V 4496 1064.11 -617.01
V 4497 1064.54 -617.69
V 4498 1065.07 -618.38
V 4499 1065.66 -619.02
V 4500 1786.36 -1339.72
V 4501 1800.50 -1325.58

