V 0 -684493.31 -204045.30
V 8 -684496.95 -204040.26
V 16 -684502.33 -204037.13
V 24 -685336.58 -203762.66
V 32 -688035.12 -202611.68
V 40 -689450.78 -201854.99
V 48 -689865.95 -201523.61
V 56 -689866.07 -201523.51
V 64 -689866.50 -201523.19
V 72 -689866.94 -201522.87
V 80 -689867.80 -201522.33
V 88 -689867.83 -201522.32
V 96 -689867.89 -201522.28
V 104 -691156.97 -200771.75
V 112 -691440.24 -200547.25
V 120 -691440.28 -200547.23
V 128 -691440.70 -200546.91
V 136 -691441.14 -200546.59
V 144 -691442.00 -200546.05
V 152 -691442.03 -200546.04
V 160 -691442.09 -200546.00
V 168 -692744.98 -199787.30
V 176 -693028.41 -199562.67
V 184 -693028.45 -199562.65
V 192 -693028.87 -199562.33
V 200 -693029.31 -199562.01
V 208 -693030.17 -199561.47
V 216 -693030.20 -199561.46
V 224 -693030.26 -199561.42
V 232 -694332.61 -198803.04
V 240 -694616.16 -198578.32
V 248 -694616.20 -198578.30
V 256 -694616.62 -198577.98
V 264 -694617.06 -198577.66
V 272 -694617.92 -198577.12
V 280 -694617.95 -198577.11
V 288 -694618.01 -198577.07
V 296 -696631.83 -197404.38
V 304 -697437.48 -196476.90
V 312 -697437.70 -196476.63
V 320 -697438.07 -196476.23
V 328 -697438.45 -196475.85
V 336 -697438.84 -196475.48
V 344 -697438.87 -196475.45
V 352 -698499.52 -195511.27
V 360 -698656.92 -195301.03
V 368 -698656.94 -195301.01
V 376 -698656.99 -195300.94
V 384 -698657.32 -195300.52
V 392 -698657.67 -195300.10
V 400 -698658.04 -195299.70
V 408 -698658.42 -195299.32
V 416 -698658.81 -195298.95
V 424 -698658.86 -195298.90
V 432 -699485.05 -194550.36
V 440 -699646.67 -194334.39
V 448 -699646.69 -194334.37
V 456 -699646.74 -194334.30
V 464 -699647.07 -194333.88
V 472 -699647.42 -194333.46
V 480 -699647.79 -194333.06
V 488 -699648.17 -194332.68
V 496 -699648.56 -194332.31
V 504 -699648.61 -194332.26
V 512 -700474.17 -193584.30
V 520 -700635.81 -193368.32
V 528 -700635.83 -193368.30
V 536 -700635.88 -193368.23
V 544 -700636.21 -193367.81
V 552 -700636.56 -193367.39
V 560 -700636.93 -193366.99
V 568 -700637.31 -193366.61
V 576 -700637.70 -193366.24
V 584 -700637.75 -193366.19
V 592 -701463.43 -192618.12
V 600 -701625.18 -192401.97
V 608 -701625.20 -192401.95
V 616 -701625.25 -192401.88
V 624 -701625.58 -192401.46
V 632 -701625.93 -192401.04
V 640 -701626.30 -192400.64
V 648 -701626.68 -192400.26
V 656 -701627.07 -192399.89
V 664 -701627.12 -192399.84
V 672 -702452.60 -191651.95
V 680 -702614.31 -191435.88
V 688 -702614.33 -191435.86
V 696 -702614.38 -191435.79
V 704 -702614.71 -191435.37
V 712 -702615.06 -191434.95
V 720 -702615.43 -191434.55
V 728 -702615.81 -191434.17
V 736 -702616.20 -191433.80
V 744 -702616.25 -191433.75
V 752 -703610.52 -190532.94
V 760 -704224.37 -189608.99
V 768 -704224.68 -189608.54
V 776 -705199.73 -188251.54
V 784 -705279.87 -188060.73
V 792 -705279.89 -188060.69
V 800 -705280.09 -188060.24
V 808 -705280.32 -188059.75
V 816 -705280.58 -188059.28
V 824 -705280.85 -188058.81
V 832 -705281.13 -188058.35
V 840 -705281.44 -188057.90
V 848 -705281.53 -188057.78
V 856 -705281.55 -188057.74
V 864 -705815.24 -187321.08
V 872 -705901.40 -187115.79
V 880 -705901.62 -187115.29
V 888 -705901.85 -187114.80
V 896 -705902.11 -187114.33
V 904 -705902.38 -187113.86
V 912 -705902.66 -187113.40
V 920 -705902.97 -187112.95
V 928 -705903.06 -187112.83
V 936 -705903.08 -187112.79
V 944 -706436.32 -186376.78
V 952 -706522.49 -186171.44
V 960 -706522.71 -186170.94
V 968 -706522.94 -186170.45
V 976 -706523.20 -186169.98
V 984 -706523.47 -186169.51
V 992 -706523.75 -186169.05
V 1000 -706524.06 -186168.60
V 1008 -706524.15 -186168.48
V 1016 -706524.17 -186168.44
V 1024 -707057.31 -185432.58
V 1032 -707143.48 -185227.23
V 1040 -707143.70 -185226.73
V 1048 -707143.93 -185226.24
V 1056 -707144.19 -185225.77
V 1064 -707144.46 -185225.30
V 1072 -707144.74 -185224.84
V 1080 -707145.05 -185224.39
V 1088 -707145.14 -185224.27
V 1096 -707145.16 -185224.23
V 1104 -707678.29 -184488.37
V 1112 -707764.47 -184283.02
V 1120 -707764.69 -184282.52
V 1128 -707764.92 -184282.03
V 1136 -707765.18 -184281.56
V 1144 -707765.45 -184281.09
V 1152 -707765.73 -184280.63
V 1160 -707766.04 -184280.18
V 1168 -707766.13 -184280.06
V 1176 -707766.15 -184280.02
V 1184 -708299.28 -183544.16
V 1192 -708385.45 -183338.82
V 1200 -708385.67 -183338.32
V 1208 -708385.90 -183337.83
V 1216 -708386.16 -183337.36
V 1224 -708386.43 -183336.89
V 1232 -708386.71 -183336.43
V 1240 -708387.02 -183335.98
V 1248 -708387.11 -183335.86
V 1256 -708387.13 -183335.82
V 1264 -708742.67 -182845.09
V 1272 -710010.56 -180473.02
V 1280 -710084.85 -180027.68
V 1288 -710084.86 -180027.64
V 1296 -710084.89 -180027.46
V 1304 -710085.00 -180026.93
V 1312 -710085.13 -180026.40
V 1320 -710085.27 -180025.88
V 1328 -710085.44 -180025.36
V 1336 -710085.62 -180024.85
V 1344 -710085.82 -180024.35
V 1352 -710085.95 -180024.06
V 1360 -710085.96 -180024.02
V 1368 -710406.59 -179307.45
V 1376 -710439.26 -179113.94
V 1384 -710439.29 -179113.76
V 1392 -710439.40 -179113.23
V 1400 -710439.53 -179112.70
V 1408 -710439.67 -179112.18
V 1416 -710439.84 -179111.66
V 1424 -710440.02 -179111.15
V 1432 -710440.22 -179110.65
V 1440 -710440.35 -179110.36
V 1448 -710440.36 -179110.32
V 1456 -710763.85 -178387.29
V 1464 -710796.49 -178193.92
V 1472 -710796.52 -178193.74
V 1480 -710796.63 -178193.21
V 1488 -710796.76 -178192.68
V 1496 -710796.90 -178192.16
V 1504 -710797.07 -178191.64
V 1512 -710797.25 -178191.13
V 1520 -710797.45 -178190.63
V 1528 -710797.58 -178190.34
V 1536 -710797.59 -178190.30
V 1544 -711121.17 -177467.10
V 1552 -711153.81 -177273.70
V 1560 -711153.84 -177273.52
V 1568 -711153.95 -177272.99
V 1576 -711154.08 -177272.46
V 1584 -711154.22 -177271.94
V 1592 -711154.39 -177271.42
V 1600 -711154.57 -177270.91
V 1608 -711154.77 -177270.41
V 1616 -711154.90 -177270.12
V 1624 -711154.91 -177270.08
V 1632 -711478.33 -176547.21
V 1640 -711510.99 -176353.76
V 1648 -711511.02 -176353.58
V 1656 -711511.13 -176353.05
V 1664 -711511.26 -176352.52
V 1672 -711511.40 -176352.00
V 1680 -711511.57 -176351.48
V 1688 -711511.75 -176350.97
V 1696 -711511.95 -176350.47
V 1704 -711512.08 -176350.18
V 1712 -711512.09 -176350.14
V 1720 -711835.58 -175627.11
V 1728 -711868.22 -175433.74
V 1736 -711868.25 -175433.56
V 1744 -711868.36 -175433.03
V 1752 -711868.49 -175432.50
V 1760 -711868.63 -175431.98
V 1768 -711868.80 -175431.46
V 1776 -711868.98 -175430.95
V 1784 -711869.18 -175430.45
V 1792 -711869.31 -175430.16
V 1800 -711869.32 -175430.12
V 1808 -712192.89 -174706.93
V 1816 -712225.53 -174513.53
V 1824 -712225.56 -174513.35
V 1832 -712225.67 -174512.82
V 1840 -712225.80 -174512.29
V 1848 -712225.94 -174511.77
V 1856 -712226.11 -174511.25
V 1864 -712226.29 -174510.74
V 1872 -712226.49 -174510.24
V 1880 -712226.62 -174509.95
V 1888 -712226.63 -174509.91
V 1896 -712550.06 -173787.03
V 1904 -712582.72 -173593.59
V 1912 -712582.75 -173593.41
V 1920 -712582.86 -173592.88
V 1928 -712582.99 -173592.35
V 1936 -712583.13 -173591.83
V 1944 -712583.30 -173591.31
V 1952 -712583.48 -173590.80
V 1960 -712583.68 -173590.30
V 1968 -712583.81 -173590.01
V 1976 -712583.82 -173589.97
V 1984 -713122.04 -172386.99
V 1992 -713122.04 -171563.77
V 2000 -713122.05 -171563.23
V 2008 -713122.08 -171562.69
V 2016 -713122.13 -171562.15
V 2024 -713122.20 -171561.61
V 2032 -713122.28 -171561.08
V 2040 -713122.39 -171560.55
V 2048 -713122.59 -171559.74
V 2056 -713278.30 -170969.20
V 2064 -713278.30 -170633.60
V 2072 -713278.31 -170633.06
V 2080 -713278.34 -170632.52
V 2088 -713278.39 -170631.98
V 2096 -713278.46 -170631.44
V 2104 -713278.54 -170630.91
V 2112 -713278.65 -170630.38
V 2120 -713278.85 -170629.57
V 2128 -713426.75 -170068.69
V 2136 -713426.75 -169733.00
V 2144 -713426.76 -169732.46
V 2152 -713426.79 -169731.92
V 2160 -713426.84 -169731.38
V 2168 -713426.91 -169730.84
V 2176 -713426.99 -169730.31
V 2184 -713427.10 -169729.78
V 2192 -713427.30 -169728.97
V 2200 -713575.19 -169168.09
V 2208 -713575.19 -168832.44
V 2216 -713575.20 -168831.90
V 2224 -713575.23 -168831.36
V 2232 -713575.28 -168830.82
V 2240 -713575.35 -168830.28
V 2248 -713575.43 -168829.75
V 2256 -713575.54 -168829.22
V 2264 -713575.74 -168828.41
V 2272 -713723.63 -168267.53
V 2280 -713723.63 -167931.88
V 2288 -713723.64 -167931.34
V 2296 -713723.67 -167930.80
V 2304 -713723.72 -167930.26
V 2312 -713723.79 -167929.72
V 2320 -713723.87 -167929.19
V 2328 -713723.98 -167928.66
V 2336 -713724.18 -167927.85
V 2344 -713872.07 -167366.97
V 2352 -713872.07 -167031.33
V 2360 -713872.08 -167030.79
V 2368 -713872.11 -167030.25
V 2376 -713872.16 -167029.71
V 2384 -713872.23 -167029.17
V 2392 -713872.31 -167028.64
V 2400 -713872.42 -167028.11
V 2408 -713872.62 -167027.30
V 2416 -714020.51 -166466.42
V 2424 -714020.51 -166130.77
V 2432 -714020.52 -166130.23
V 2440 -714020.55 -166129.69
V 2448 -714020.60 -166129.15
V 2456 -714020.67 -166128.61
V 2464 -714020.75 -166128.08
V 2472 -714020.86 -166127.55
V 2480 -714021.06 -166126.74
V 2488 -714168.95 -165565.86
V 2496 -714168.95 -165230.21
V 2504 -714168.96 -165229.67
V 2512 -714168.99 -165229.13
V 2520 -714169.04 -165228.59
V 2528 -714169.11 -165228.05
V 2536 -714169.19 -165227.52
V 2544 -714169.30 -165226.99
V 2552 -714169.50 -165226.18
V 2560 -714317.39 -164665.30
V 2568 -714317.39 -164329.70
V 2576 -714317.40 -164329.16
V 2584 -714317.43 -164328.62
V 2592 -714317.48 -164328.08
V 2600 -714317.55 -164327.54
V 2608 -714317.63 -164327.01
V 2616 -714317.74 -164326.48
V 2624 -714317.94 -164325.67
V 2632 -714465.84 -163764.79
V 2640 -714465.84 -162589.81
V 2648 -714465.85 -162589.27
V 2656 -714465.86 -162589.15
V 2664 -714474.34 -162291.36
V 2672 -714474.34 -160272.21
V 2680 -714445.15 -160238.49
V 2688 -714442.43 -160233.91
V 2696 -714441.49 -160228.67
V 2704 -714441.49 -159431.94
V 2712 -714412.29 -159398.21
V 2720 -714409.57 -159393.63
V 2728 -714408.63 -159388.39
V 2736 -714408.63 -158591.67
V 2744 -714379.43 -158557.94
V 2752 -714376.71 -158553.36
V 2760 -714375.77 -158548.12
V 2768 -714375.77 -157751.69
V 2776 -714346.58 -157717.96
V 2784 -714343.86 -157713.38
V 2792 -714342.92 -157708.14
V 2800 -714342.92 -156911.13
V 2808 -714313.72 -156877.39
V 2816 -714311.00 -156872.81
V 2824 -714310.06 -156867.57
V 2832 -714310.06 -156071.14
V 2840 -714280.87 -156037.41
V 2848 -714278.15 -156032.83
V 2856 -714277.21 -156027.59
V 2864 -714277.21 -155230.58
V 2872 -714248.01 -155196.85
V 2880 -714245.29 -155192.27
V 2888 -714244.35 -155187.03
V 2896 -714244.35 -154390.58
V 2904 -714215.16 -154356.85
V 2912 -714212.44 -154352.27
V 2920 -714211.50 -154347.03
V 2928 -714211.50 -153550.04
V 2936 -714084.80 -153403.66
V 2944 -714082.36 -153399.76
V 2952 -714081.21 -153395.31
V 2960 -714026.22 -152837.03
V 2968 -713868.88 -152593.77
V 2976 -713868.87 -152593.75
V 2984 -713868.63 -152593.35
V 2992 -713868.36 -152592.88
V 3000 -713868.10 -152592.41
V 3008 -713867.87 -152591.92
V 3016 -713867.65 -152591.42
V 3024 -713867.45 -152590.92
V 3032 -713867.27 -152590.41
V 3040 -713867.10 -152589.89
V 3048 -713866.96 -152589.37
V 3056 -713866.83 -152588.84
V 3064 -713866.72 -152588.31
V 3072 -713866.67 -152587.97
V 3080 -713866.66 -152587.95
V 3088 -713764.12 -151936.35
V 3096 -713672.53 -151788.31
V 3104 -713672.52 -151788.28
V 3112 -713672.44 -151788.15
V 3120 -713672.17 -151787.68
V 3128 -713671.91 -151787.21
V 3136 -713671.68 -151786.72
V 3144 -713671.46 -151786.22
V 3152 -713671.26 -151785.72
V 3160 -713671.08 -151785.21
V 3168 -713670.91 -151784.69
V 3176 -713670.77 -151784.17
V 3184 -713670.64 -151783.64
V 3192 -713670.53 -151783.11
V 3200 -713561.06 -151092.75
V 3208 -713470.70 -150946.57
V 3216 -713470.69 -150946.54
V 3224 -713470.61 -150946.41
V 3232 -713470.34 -150945.94
V 3240 -713470.08 -150945.47
V 3248 -713469.85 -150944.98
V 3256 -713469.63 -150944.48
V 3264 -713469.43 -150943.98
V 3272 -713469.25 -150943.47
V 3280 -713469.08 -150942.95
V 3288 -713468.94 -150942.43
V 3296 -713468.81 -150941.90
V 3304 -713468.70 -150941.37
V 3312 -713359.13 -150250.45
V 3320 -713268.80 -150104.29
V 3328 -713268.79 -150104.26
V 3336 -713268.71 -150104.13
V 3344 -713268.44 -150103.66
V 3352 -713268.18 -150103.19
V 3360 -713267.95 -150102.70
V 3368 -713267.73 -150102.20
V 3376 -713267.53 -150101.70
V 3384 -713267.35 -150101.19
V 3392 -713267.18 -150100.67
V 3400 -713267.04 -150100.15
V 3408 -713266.91 -150099.62
V 3416 -713266.80 -150099.09
V 3424 -713157.17 -149407.87
V 3432 -713066.84 -149261.74
V 3440 -713066.83 -149261.71
V 3448 -713066.75 -149261.58
V 3456 -713066.48 -149261.11
V 3464 -713066.22 -149260.64
V 3472 -713065.99 -149260.15
V 3480 -713065.77 -149259.65
V 3488 -713065.57 -149259.15
V 3496 -713065.39 -149258.64
V 3504 -713065.22 -149258.12
V 3512 -713065.08 -149257.60
V 3520 -713064.95 -149257.07
V 3528 -713064.84 -149256.54
V 3536 -712955.27 -148565.65
V 3544 -712864.94 -148419.49
V 3552 -712864.93 -148419.46
V 3560 -712864.85 -148419.33
V 3568 -712864.58 -148418.86
V 3576 -712864.32 -148418.39
V 3584 -712864.09 -148417.90
V 3592 -712863.87 -148417.40
V 3600 -712863.67 -148416.90
V 3608 -712863.49 -148416.39
V 3616 -712863.32 -148415.87
V 3624 -712863.18 -148415.35
V 3632 -712863.05 -148414.82
V 3640 -712862.94 -148414.29
V 3648 -712753.32 -147723.14
V 3656 -712662.99 -147577.00
V 3664 -712662.98 -147576.97
V 3672 -712662.90 -147576.84
V 3680 -712662.63 -147576.37
V 3688 -712662.37 -147575.90
V 3696 -712662.14 -147575.41
V 3704 -712661.92 -147574.91
V 3712 -712661.72 -147574.41
V 3720 -712661.54 -147573.90
V 3728 -712661.37 -147573.38
V 3736 -712661.23 -147572.86
V 3744 -712661.10 -147572.33
V 3752 -712660.99 -147571.80
V 3760 -712551.40 -146880.79
V 3768 -712461.08 -146734.65
V 3776 -712461.07 -146734.62
V 3784 -712460.99 -146734.49
V 3792 -712460.72 -146734.02
V 3800 -712460.46 -146733.55
V 3808 -712460.23 -146733.06
V 3816 -712460.01 -146732.56
V 3824 -712459.81 -146732.06
V 3832 -712459.63 -146731.55
V 3840 -712459.46 -146731.03
V 3848 -712459.32 -146730.51
V 3856 -712459.19 -146729.98
V 3864 -712459.08 -146729.45
V 3872 -712349.48 -146038.39
V 3880 -712259.14 -145892.24
V 3888 -712259.13 -145892.21
V 3896 -712259.05 -145892.08
V 3904 -712258.78 -145891.61
V 3912 -712258.52 -145891.14
V 3920 -712258.29 -145890.65
V 3928 -712258.07 -145890.15
V 3936 -712257.87 -145889.65
V 3944 -712257.69 -145889.14
V 3952 -712257.52 -145888.62
V 3960 -712257.38 -145888.10
V 3968 -712257.25 -145887.57
V 3976 -712257.14 -145887.04
V 3984 -712147.53 -145195.99
V 3992 -711932.75 -144848.47
V 4000 -711932.69 -144848.36
V 4008 -711932.42 -144847.89
V 4016 -711932.16 -144847.42
V 4024 -711931.93 -144846.93
V 4032 -711931.71 -144846.43
V 4040 -711931.51 -144845.93
V 4048 -711931.37 -144845.53
V 4056 -711931.34 -144845.47
V 4064 -711629.42 -143959.02
V 4072 -711486.21 -143792.37
V 4080 -711486.09 -143792.23
V 4088 -711485.87 -143791.96
V 4096 -711485.54 -143791.54
V 4104 -711485.22 -143791.10
V 4112 -711484.91 -143790.65
V 4120 -711484.63 -143790.19
V 4128 -711484.36 -143789.72
V 4136 -711484.10 -143789.25
V 4144 -711483.87 -143788.76
V 4152 -711483.65 -143788.26
V 4160 -711483.43 -143787.71
V 4168 -711232.13 -143114.41
V 4176 -711115.86 -142977.22
V 4184 -711115.78 -142977.14
V 4192 -711115.43 -142976.72
V 4200 -711115.10 -142976.30
V 4208 -711114.78 -142975.86
V 4216 -711114.47 -142975.41
V 4224 -711114.19 -142974.95
V 4232 -711113.92 -142974.48
V 4240 -711113.66 -142974.01
V 4248 -711113.43 -142973.52
V 4256 -711113.21 -142973.02
V 4264 -711112.99 -142972.47
V 4272 -710858.33 -142290.81
V 4280 -710742.33 -142153.92
V 4288 -710742.25 -142153.84
V 4296 -710741.90 -142153.42
V 4304 -710741.57 -142153.00
V 4312 -710741.25 -142152.56
V 4320 -710740.94 -142152.11
V 4328 -710740.66 -142151.65
V 4336 -710740.39 -142151.18
V 4344 -710740.13 -142150.71
V 4352 -710739.90 -142150.22
V 4360 -710739.68 -142149.72
V 4368 -710739.46 -142149.17
V 4376 -710484.77 -141467.42
V 4384 -710368.77 -141330.54
V 4392 -710368.69 -141330.46
V 4400 -710368.34 -141330.04
V 4408 -710368.01 -141329.62
V 4416 -710367.69 -141329.18
V 4424 -710367.38 -141328.73
V 4432 -710367.10 -141328.27
V 4440 -710366.83 -141327.80
V 4448 -710366.57 -141327.33
V 4456 -710366.34 -141326.84
V 4464 -710366.12 -141326.34
V 4472 -710365.90 -141325.79
V 4480 -710111.21 -140644.04
V 4488 -709995.21 -140507.16
V 4496 -709995.13 -140507.08
V 4504 -709994.78 -140506.66
V 4512 -709994.45 -140506.24
V 4520 -709994.13 -140505.80
V 4528 -709993.82 -140505.35
V 4536 -709993.54 -140504.89
V 4544 -709993.27 -140504.42
V 4552 -709993.01 -140503.95
V 4560 -709992.78 -140503.46
V 4568 -709992.56 -140502.96
V 4576 -709992.34 -140502.41
V 4584 -709737.66 -139820.70
V 4592 -709621.66 -139683.81
V 4600 -709621.58 -139683.73
V 4608 -709621.23 -139683.31
V 4616 -709620.90 -139682.89
V 4624 -709620.58 -139682.45
V 4632 -709620.27 -139682.00
V 4640 -709619.99 -139681.54
V 4648 -709619.72 -139681.07
V 4656 -709619.46 -139680.60
V 4664 -709619.23 -139680.11
V 4672 -709619.01 -139679.61
V 4680 -709618.79 -139679.06
V 4688 -709364.10 -138997.32
V 4696 -709248.09 -138860.42
V 4704 -709248.01 -138860.34
V 4712 -709247.66 -138859.92
V 4720 -709247.33 -138859.50
V 4728 -709247.01 -138859.06
V 4736 -709246.70 -138858.61
V 4744 -709246.42 -138858.15
V 4752 -709246.15 -138857.68
V 4760 -709245.89 -138857.21
V 4768 -709245.66 -138856.72
V 4776 -709245.44 -138856.22
V 4784 -709245.22 -138855.67
V 4792 -708990.54 -138173.97
V 4800 -708874.54 -138037.08
V 4808 -708874.46 -138037.00
V 4816 -708874.11 -138036.58
V 4824 -708873.78 -138036.16
V 4832 -708873.46 -138035.72
V 4840 -708873.15 -138035.27
V 4848 -708872.87 -138034.81
V 4856 -708872.60 -138034.34
V 4864 -708872.34 -138033.87
V 4872 -708872.11 -138033.38
V 4880 -708871.89 -138032.88
V 4888 -708871.67 -138032.33
V 4896 -708668.27 -137487.90
V 4904 -707998.20 -136326.77
V 4912 -707832.69 -136181.74
V 4920 -707832.66 -136181.71
V 4928 -707832.46 -136181.53
V 4936 -707832.07 -136181.16
V 4944 -707831.69 -136180.78
V 4952 -707831.32 -136180.38
V 4960 -707830.97 -136179.96
V 4968 -707830.64 -136179.54
V 4976 -707830.32 -136179.10
V 4984 -707830.01 -136178.65
V 4992 -707829.85 -136178.38
V 5000 -707829.82 -136178.35
V 5008 -707415.19 -135507.38
V 5016 -707268.60 -135377.69
V 5024 -707268.21 -135377.32
V 5032 -707267.83 -135376.94
V 5040 -707267.46 -135376.54
V 5048 -707267.11 -135376.12
V 5056 -707266.78 -135375.70
V 5064 -707266.46 -135375.26
V 5072 -707266.15 -135374.81
V 5080 -707265.99 -135374.54
V 5088 -707265.96 -135374.51
V 5096 -706849.28 -134700.50
V 5104 -706702.80 -134570.89
V 5112 -706702.41 -134570.52
V 5120 -706702.03 -134570.14
V 5128 -706701.66 -134569.74
V 5136 -706701.31 -134569.32
V 5144 -706700.98 -134568.90
V 5152 -706700.66 -134568.46
V 5160 -706700.35 -134568.01
V 5168 -706700.19 -134567.74
V 5176 -706700.16 -134567.71
V 5184 -706283.44 -133893.64
V 5192 -706136.96 -133764.04
V 5200 -706136.57 -133763.67
V 5208 -706136.19 -133763.29
V 5216 -706135.82 -133762.89
V 5224 -706135.47 -133762.47
V 5232 -706135.14 -133762.05
V 5240 -706134.82 -133761.61
V 5248 -706134.51 -133761.16
V 5256 -706134.35 -133760.89
V 5264 -706134.32 -133760.86
V 5272 -705717.62 -133086.81
V 5280 -705571.13 -132957.19
V 5288 -705570.74 -132956.82
V 5296 -705570.36 -132956.44
V 5304 -705569.99 -132956.04
V 5312 -705569.64 -132955.62
V 5320 -705569.31 -132955.20
V 5328 -705568.99 -132954.76
V 5336 -705568.68 -132954.31
V 5344 -705568.52 -132954.04
V 5352 -705568.49 -132954.01
V 5360 -705151.80 -132279.98
V 5368 -705005.32 -132150.37
V 5376 -705004.93 -132150.00
V 5384 -705004.55 -132149.62
V 5392 -705004.18 -132149.22
V 5400 -705003.83 -132148.80
V 5408 -705003.50 -132148.38
V 5416 -705003.18 -132147.94
V 5424 -705002.87 -132147.49
V 5432 -705002.71 -132147.22
V 5440 -705002.68 -132147.19
V 5448 -704585.96 -131473.13
V 5456 -704439.48 -131343.52
V 5464 -704439.09 -131343.15
V 5472 -704438.71 -131342.77
V 5480 -704438.34 -131342.37
V 5488 -704437.99 -131341.95
V 5496 -704437.66 -131341.53
V 5504 -704437.34 -131341.09
V 5512 -704437.03 -131340.64
V 5520 -704436.87 -131340.37
V 5528 -704436.84 -131340.34
V 5536 -703764.89 -130253.40
V 5544 -703392.92 -129800.13
V 5552 -703190.89 -129667.78
V 5560 -703190.87 -129667.76
V 5568 -703190.69 -129667.65
V 5576 -703190.25 -129667.33
V 5584 -703189.82 -129667.01
V 5592 -703189.40 -129666.66
V 5600 -703188.99 -129666.30
V 5608 -703188.60 -129665.93
V 5616 -703188.22 -129665.55
V 5624 -702572.75 -128998.90
V 5632 -702387.43 -128875.94
V 5640 -702387.24 -128875.82
V 5648 -702386.80 -128875.50
V 5656 -702386.37 -128875.18
V 5664 -702385.95 -128874.83
V 5672 -702385.54 -128874.47
V 5680 -702385.15 -128874.10
V 5688 -702384.77 -128873.72
V 5696 -701768.04 -128205.91
V 5704 -701582.76 -128082.98
V 5712 -701582.57 -128082.86
V 5720 -701582.13 -128082.54
V 5728 -701581.70 -128082.22
V 5736 -701581.28 -128081.87
V 5744 -701580.87 -128081.51
V 5752 -701580.48 -128081.14
V 5760 -701580.10 -128080.76
V 5768 -700963.34 -127412.93
V 5776 -700778.06 -127290.00
V 5784 -700777.87 -127289.88
V 5792 -700777.43 -127289.56
V 5800 -700777.00 -127289.24
V 5808 -700776.58 -127288.89
V 5816 -700776.17 -127288.53
V 5824 -700775.78 -127288.16
V 5832 -700775.40 -127287.78
V 5840 -700158.68 -126619.97
V 5848 -699973.38 -126497.03
V 5856 -699973.19 -126496.91
V 5864 -699972.75 -126496.59
V 5872 -699972.32 -126496.27
V 5880 -699971.90 -126495.92
V 5888 -699971.49 -126495.56
V 5896 -699971.10 -126495.19
V 5904 -699970.72 -126494.81
V 5912 -699354.00 -125827.00
V 5920 -699193.49 -125720.51
V 5928 -697009.42 -125720.51
V 5936 -697009.42 -125690.51
V 5944 -699198.01 -125690.51
V 5952 -699202.34 -125691.15
V 5960 -699206.30 -125693.01
V 5968 -699372.04 -125802.97
V 5976 -699372.23 -125803.09
V 5984 -699372.67 -125803.41
V 5992 -699373.10 -125803.73
V 6000 -699373.52 -125804.08
V 6008 -699373.93 -125804.44
V 6016 -699374.32 -125804.81
V 6024 -699374.70 -125805.19
V 6032 -699991.42 -126473.00
V 6040 -700176.72 -126595.94
V 6048 -700176.91 -126596.06
V 6056 -700177.35 -126596.38
V 6064 -700177.78 -126596.70
V 6072 -700178.20 -126597.05
V 6080 -700178.61 -126597.41
V 6088 -700179.00 -126597.78
V 6096 -700179.38 -126598.16
V 6104 -700796.10 -127265.97
V 6112 -700981.38 -127388.90
V 6120 -700981.57 -127389.02
V 6128 -700982.01 -127389.34
V 6136 -700982.44 -127389.66
V 6144 -700982.86 -127390.01
V 6152 -700983.27 -127390.37
V 6160 -700983.66 -127390.74
V 6168 -700984.04 -127391.12
V 6176 -701600.80 -128058.95
V 6184 -701786.08 -128181.88
V 6192 -701786.27 -128182.00
V 6200 -701786.71 -128182.32
V 6208 -701787.14 -128182.64
V 6216 -701787.56 -128182.99
V 6224 -701787.97 -128183.35
V 6232 -701788.36 -128183.72
V 6240 -701788.74 -128184.10
V 6248 -702405.47 -128851.91
V 6256 -702590.79 -128974.87
V 6264 -702590.98 -128974.99
V 6272 -702591.42 -128975.31
V 6280 -702591.85 -128975.63
V 6288 -702592.27 -128975.98
V 6296 -702592.68 -128976.34
V 6304 -702593.07 -128976.71
V 6312 -702593.45 -128977.09
V 6320 -703208.88 -129643.69
V 6328 -703411.29 -129776.30
V 6336 -703411.49 -129776.43
V 6344 -703411.93 -129776.75
V 6352 -703412.36 -129777.07
V 6360 -703412.78 -129777.42
V 6368 -703413.19 -129777.78
V 6376 -703413.58 -129778.15
V 6384 -703413.96 -129778.53
V 6392 -703414.33 -129778.93
V 6400 -703414.64 -129779.31
V 6408 -703414.67 -129779.33
V 6416 -703788.71 -130235.11
V 6424 -703788.76 -130235.19
V 6432 -703789.05 -130235.55
V 6440 -703789.37 -130235.99
V 6448 -703789.68 -130236.44
V 6456 -703789.82 -130236.67
V 6464 -703789.87 -130236.74
V 6472 -704461.21 -131322.69
V 6480 -704607.69 -131452.30
V 6488 -704608.08 -131452.67
V 6496 -704608.46 -131453.05
V 6504 -704608.83 -131453.45
V 6512 -704609.18 -131453.87
V 6520 -704609.51 -131454.29
V 6528 -704609.83 -131454.73
V 6536 -704610.14 -131455.18
V 6544 -704610.30 -131455.45
V 6552 -704610.33 -131455.48
V 6560 -705027.05 -132129.54
V 6568 -705173.53 -132259.15
V 6576 -705173.92 -132259.52
V 6584 -705174.30 -132259.90
V 6592 -705174.67 -132260.30
V 6600 -705175.02 -132260.72
V 6608 -705175.35 -132261.14
V 6616 -705175.67 -132261.58
V 6624 -705175.98 -132262.03
V 6632 -705176.14 -132262.30
V 6640 -705176.17 -132262.33
V 6648 -705592.86 -132936.36
V 6656 -705739.35 -133065.98
V 6664 -705739.74 -133066.35
V 6672 -705740.12 -133066.73
V 6680 -705740.49 -133067.13
V 6688 -705740.84 -133067.55
V 6696 -705741.17 -133067.97
V 6704 -705741.49 -133068.41
V 6712 -705741.80 -133068.86
V 6720 -705741.96 -133069.13
V 6728 -705741.99 -133069.16
V 6736 -706158.69 -133743.21
V 6744 -706305.17 -133872.81
V 6752 -706305.56 -133873.18
V 6760 -706305.94 -133873.56
V 6768 -706306.31 -133873.96
V 6776 -706306.66 -133874.38
V 6784 -706306.99 -133874.80
V 6792 -706307.31 -133875.24
V 6800 -706307.62 -133875.69
V 6808 -706307.78 -133875.96
V 6816 -706307.81 -133875.99
V 6824 -706724.53 -134550.06
V 6832 -706871.01 -134679.67
V 6840 -706871.40 -134680.04
V 6848 -706871.78 -134680.42
V 6856 -706872.15 -134680.82
V 6864 -706872.50 -134681.24
V 6872 -706872.83 -134681.66
V 6880 -706873.15 -134682.10
V 6888 -706873.46 -134682.55
V 6896 -706873.62 -134682.82
V 6904 -706873.65 -134682.85
V 6912 -707290.33 -135356.86
V 6920 -707436.92 -135486.56
V 6928 -707437.31 -135486.93
V 6936 -707437.69 -135487.31
V 6944 -707438.06 -135487.71
V 6952 -707438.41 -135488.13
V 6960 -707438.74 -135488.55
V 6968 -707439.06 -135488.99
V 6976 -707439.37 -135489.44
V 6984 -707439.53 -135489.71
V 6992 -707439.56 -135489.74
V 7000 -707854.16 -136160.66
V 7008 -708019.84 -136305.84
V 7016 -708019.86 -136305.87
V 7024 -708020.07 -136306.05
V 7032 -708020.46 -136306.42
V 7040 -708020.84 -136306.80
V 7048 -708021.21 -136307.20
V 7056 -708021.56 -136307.62
V 7064 -708021.89 -136308.04
V 7072 -708022.21 -136308.48
V 7080 -708022.52 -136308.93
V 7088 -708022.80 -136309.39
V 7096 -708022.91 -136309.59
V 7104 -708022.94 -136309.62
V 7112 -708694.87 -137473.98
V 7120 -708694.91 -137474.06
V 7128 -708695.26 -137474.69
V 7136 -708695.49 -137475.18
V 7144 -708695.71 -137475.68
V 7152 -708695.91 -137476.18
V 7160 -708695.92 -137476.21
V 7168 -708695.93 -137476.23
V 7176 -708898.85 -138019.38
V 7184 -709014.85 -138156.27
V 7192 -709014.93 -138156.35
V 7200 -709015.28 -138156.77
V 7208 -709015.61 -138157.19
V 7216 -709015.93 -138157.63
V 7224 -709016.24 -138158.08
V 7232 -709016.52 -138158.54
V 7240 -709016.79 -138159.01
V 7248 -709017.05 -138159.48
V 7256 -709017.28 -138159.97
V 7264 -709017.50 -138160.47
V 7272 -709017.72 -138161.02
V 7280 -709272.40 -138842.72
V 7288 -709388.41 -138979.62
V 7296 -709388.49 -138979.70
V 7304 -709388.84 -138980.12
V 7312 -709389.17 -138980.54
V 7320 -709389.49 -138980.98
V 7328 -709389.80 -138981.43
V 7336 -709390.08 -138981.89
V 7344 -709390.35 -138982.36
V 7352 -709390.61 -138982.83
V 7360 -709390.84 -138983.32
V 7368 -709391.06 -138983.82
V 7376 -709391.28 -138984.37
V 7384 -709645.97 -139666.11
V 7392 -709761.97 -139803.00
V 7400 -709762.05 -139803.08
V 7408 -709762.40 -139803.50
V 7416 -709762.73 -139803.92
V 7424 -709763.05 -139804.36
V 7432 -709763.36 -139804.81
V 7440 -709763.64 -139805.27
V 7448 -709763.91 -139805.74
V 7456 -709764.17 -139806.21
V 7464 -709764.40 -139806.70
V 7472 -709764.62 -139807.20
V 7480 -709764.84 -139807.75
V 7488 -710019.52 -140489.46
V 7496 -710135.52 -140626.34
V 7504 -710135.60 -140626.42
V 7512 -710135.95 -140626.84
V 7520 -710136.28 -140627.26
V 7528 -710136.60 -140627.70
V 7536 -710136.91 -140628.15
V 7544 -710137.19 -140628.61
V 7552 -710137.46 -140629.08
V 7560 -710137.72 -140629.55
V 7568 -710137.95 -140630.04
V 7576 -710138.17 -140630.54
V 7584 -710138.39 -140631.09
V 7592 -710393.08 -141312.84
V 7600 -710509.08 -141449.72
V 7608 -710509.16 -141449.80
V 7616 -710509.51 -141450.22
V 7624 -710509.84 -141450.64
V 7632 -710510.16 -141451.08
V 7640 -710510.47 -141451.53
V 7648 -710510.75 -141451.99
V 7656 -710511.02 -141452.46
V 7664 -710511.28 -141452.93
V 7672 -710511.51 -141453.42
V 7680 -710511.73 -141453.92
V 7688 -710511.95 -141454.47
V 7696 -710766.64 -142136.22
V 7704 -710882.64 -142273.11
V 7712 -710882.72 -142273.19
V 7720 -710883.07 -142273.61
V 7728 -710883.40 -142274.03
V 7736 -710883.72 -142274.47
V 7744 -710884.03 -142274.92
V 7752 -710884.31 -142275.38
V 7760 -710884.58 -142275.85
V 7768 -710884.84 -142276.32
V 7776 -710885.07 -142276.81
V 7784 -710885.29 -142277.31
V 7792 -710885.51 -142277.86
V 7800 -711140.17 -142959.52
V 7808 -711256.45 -143096.71
V 7816 -711256.53 -143096.79
V 7824 -711256.88 -143097.21
V 7832 -711257.21 -143097.63
V 7840 -711257.53 -143098.07
V 7848 -711257.84 -143098.52
V 7856 -711258.12 -143098.98
V 7864 -711258.39 -143099.45
V 7872 -711258.65 -143099.92
V 7880 -711258.88 -143100.41
V 7888 -711259.10 -143100.91
V 7896 -711259.32 -143101.46
V 7904 -711510.59 -143774.69
V 7912 -711653.95 -143941.52
V 7920 -711654.07 -143941.66
V 7928 -711654.29 -143941.93
V 7936 -711654.62 -143942.35
V 7944 -711654.94 -143942.79
V 7952 -711655.25 -143943.24
V 7960 -711655.53 -143943.70
V 7968 -711655.80 -143944.17
V 7976 -711656.06 -143944.64
V 7984 -711656.29 -143945.13
V 7992 -711656.51 -143945.63
V 8000 -711656.71 -143946.13
V 8008 -711656.86 -143946.55
V 8016 -711656.88 -143946.59
V 8024 -711959.19 -144834.19
V 8032 -712174.63 -145182.76
V 8040 -712174.64 -145182.79
V 8048 -712174.72 -145182.92
V 8056 -712174.99 -145183.39
V 8064 -712175.25 -145183.86
V 8072 -712175.48 -145184.35
V 8080 -712175.70 -145184.85
V 8088 -712175.90 -145185.35
V 8096 -712176.08 -145185.86
V 8104 -712176.25 -145186.38
V 8112 -712176.39 -145186.90
V 8120 -712176.52 -145187.43
V 8128 -712176.63 -145187.96
V 8136 -712286.24 -145879.01
V 8144 -712376.58 -146025.16
V 8152 -712376.59 -146025.19
V 8160 -712376.67 -146025.32
V 8168 -712376.94 -146025.79
V 8176 -712377.20 -146026.26
V 8184 -712377.43 -146026.75
V 8192 -712377.65 -146027.25
V 8200 -712377.85 -146027.75
V 8208 -712378.03 -146028.26
V 8216 -712378.20 -146028.78
V 8224 -712378.34 -146029.30
V 8232 -712378.47 -146029.83
V 8240 -712378.58 -146030.36
V 8248 -712488.18 -146721.42
V 8256 -712578.50 -146867.56
V 8264 -712578.51 -146867.59
V 8272 -712578.59 -146867.72
V 8280 -712578.86 -146868.19
V 8288 -712579.12 -146868.66
V 8296 -712579.35 -146869.15
V 8304 -712579.57 -146869.65
V 8312 -712579.77 -146870.15
V 8320 -712579.95 -146870.66
V 8328 -712580.12 -146871.18
V 8336 -712580.26 -146871.70
V 8344 -712580.39 -146872.23
V 8352 -712580.50 -146872.76
V 8360 -712690.09 -147563.77
V 8368 -712780.42 -147709.91
V 8376 -712780.43 -147709.94
V 8384 -712780.51 -147710.07
V 8392 -712780.78 -147710.54
V 8400 -712781.04 -147711.01
V 8408 -712781.27 -147711.50
V 8416 -712781.49 -147712.00
V 8424 -712781.69 -147712.50
V 8432 -712781.87 -147713.01
V 8440 -712782.04 -147713.53
V 8448 -712782.18 -147714.05
V 8456 -712782.31 -147714.58
V 8464 -712782.42 -147715.11
V 8472 -712892.04 -148406.26
V 8480 -712982.37 -148552.42
V 8488 -712982.38 -148552.45
V 8496 -712982.46 -148552.58
V 8504 -712982.73 -148553.05
V 8512 -712982.99 -148553.52
V 8520 -712983.22 -148554.01
V 8528 -712983.44 -148554.51
V 8536 -712983.64 -148555.01
V 8544 -712983.82 -148555.52
V 8552 -712983.99 -148556.04
V 8560 -712984.13 -148556.56
V 8568 -712984.26 -148557.09
V 8576 -712984.37 -148557.62
V 8584 -713093.94 -149248.51
V 8592 -713184.27 -149394.64
V 8600 -713184.28 -149394.67
V 8608 -713184.36 -149394.80
V 8616 -713184.63 -149395.27
V 8624 -713184.89 -149395.74
V 8632 -713185.12 -149396.23
V 8640 -713185.34 -149396.73
V 8648 -713185.54 -149397.23
V 8656 -713185.72 -149397.74
V 8664 -713185.89 -149398.26
V 8672 -713186.03 -149398.78
V 8680 -713186.16 -149399.31
V 8688 -713186.27 -149399.84
V 8696 -713295.90 -150091.06
V 8704 -713386.23 -150237.22
V 8712 -713386.24 -150237.25
V 8720 -713386.32 -150237.38
V 8728 -713386.59 -150237.85
V 8736 -713386.85 -150238.32
V 8744 -713387.08 -150238.81
V 8752 -713387.30 -150239.31
V 8760 -713387.50 -150239.81
V 8768 -713387.68 -150240.32
V 8776 -713387.85 -150240.84
V 8784 -713387.99 -150241.36
V 8792 -713388.12 -150241.89
V 8800 -713388.23 -150242.42
V 8808 -713497.80 -150933.34
V 8816 -713588.16 -151079.52
V 8824 -713588.17 -151079.55
V 8832 -713588.25 -151079.68
V 8840 -713588.52 -151080.15
V 8848 -713588.78 -151080.62
V 8856 -713589.01 -151081.11
V 8864 -713589.23 -151081.61
V 8872 -713589.43 -151082.11
V 8880 -713589.61 -151082.62
V 8888 -713589.78 -151083.14
V 8896 -713589.92 -151083.66
V 8904 -713590.05 -151084.19
V 8912 -713590.16 -151084.72
V 8920 -713699.63 -151775.08
V 8928 -713791.23 -151923.14
V 8936 -713791.24 -151923.17
V 8944 -713791.32 -151923.30
V 8952 -713791.59 -151923.77
V 8960 -713791.85 -151924.24
V 8968 -713792.08 -151924.73
V 8976 -713792.30 -151925.23
V 8984 -713792.50 -151925.73
V 8992 -713792.68 -151926.24
V 9000 -713792.85 -151926.76
V 9008 -713792.99 -151927.28
V 9016 -713793.12 -151927.81
V 9024 -713793.23 -151928.34
V 9032 -713793.28 -151928.67
V 9040 -713793.29 -151928.70
V 9048 -713895.80 -152580.13
V 9056 -714053.39 -152823.78
V 9064 -714053.40 -152823.80
V 9072 -714053.64 -152824.20
V 9080 -714053.91 -152824.67
V 9088 -714054.17 -152825.14
V 9096 -714054.40 -152825.63
V 9104 -714054.62 -152826.13
V 9112 -714054.82 -152826.63
V 9120 -714055.00 -152827.14
V 9128 -714055.17 -152827.66
V 9136 -714055.31 -152828.18
V 9144 -714055.44 -152828.71
V 9152 -714055.55 -152829.24
V 9160 -714055.63 -152829.77
V 9168 -714055.70 -152830.31
V 9176 -714055.71 -152830.44
V 9184 -714055.72 -152830.46
V 9192 -714110.60 -153387.63
V 9200 -714237.84 -153534.63
V 9208 -714240.56 -153539.21
V 9216 -714241.50 -153544.45
V 9224 -714241.50 -154341.44
V 9232 -714270.69 -154375.17
V 9240 -714273.41 -154379.75
V 9248 -714274.35 -154384.99
V 9256 -714274.35 -155181.44
V 9264 -714303.55 -155215.17
V 9272 -714306.27 -155219.75
V 9280 -714307.21 -155224.99
V 9288 -714307.21 -156022.00
V 9296 -714336.40 -156055.73
V 9304 -714339.12 -156060.31
V 9312 -714340.06 -156065.55
V 9320 -714340.06 -156861.98
V 9328 -714369.26 -156895.72
V 9336 -714371.98 -156900.30
V 9344 -714372.92 -156905.54
V 9352 -714372.92 -157702.55
V 9360 -714402.11 -157736.28
V 9368 -714404.83 -157740.86
V 9376 -714405.77 -157746.10
V 9384 -714405.77 -158542.53
V 9392 -714434.97 -158576.26
V 9400 -714437.69 -158580.84
V 9408 -714438.63 -158586.08
V 9416 -714438.63 -159382.80
V 9424 -714467.83 -159416.53
V 9432 -714470.55 -159421.11
V 9440 -714471.49 -159426.35
V 9448 -714471.49 -160223.08
V 9456 -714500.68 -160256.80
V 9464 -714503.40 -160261.38
V 9472 -714504.34 -160266.62
V 9480 -714504.34 -162291.44
V 9488 -714504.33 -162291.98
V 9496 -714504.32 -162292.10
V 9504 -714495.84 -162589.89
V 9512 -714495.84 -163766.71
V 9520 -714495.83 -163767.25
V 9528 -714495.80 -163767.79
V 9536 -714495.75 -163768.33
V 9544 -714495.68 -163768.87
V 9552 -714495.60 -163769.40
V 9560 -714495.49 -163769.93
V 9568 -714495.29 -163770.74
V 9576 -714347.39 -164331.62
V 9584 -714347.39 -164667.22
V 9592 -714347.38 -164667.76
V 9600 -714347.35 -164668.30
V 9608 -714347.30 -164668.84
V 9616 -714347.23 -164669.38
V 9624 -714347.15 -164669.91
V 9632 -714347.04 -164670.44
V 9640 -714346.84 -164671.25
V 9648 -714198.95 -165232.13
V 9656 -714198.95 -165567.78
V 9664 -714198.94 -165568.32
V 9672 -714198.91 -165568.86
V 9680 -714198.86 -165569.40
V 9688 -714198.79 -165569.94
V 9696 -714198.71 -165570.47
V 9704 -714198.60 -165571.00
V 9712 -714198.40 -165571.81
V 9720 -714050.51 -166132.69
V 9728 -714050.51 -166468.34
V 9736 -714050.50 -166468.88
V 9744 -714050.47 -166469.42
V 9752 -714050.42 -166469.96
V 9760 -714050.35 -166470.50
V 9768 -714050.27 -166471.03
V 9776 -714050.16 -166471.56
V 9784 -714049.96 -166472.37
V 9792 -713902.07 -167033.25
V 9800 -713902.07 -167368.89
V 9808 -713902.06 -167369.43
V 9816 -713902.03 -167369.97
V 9824 -713901.98 -167370.51
V 9832 -713901.91 -167371.05
V 9840 -713901.83 -167371.58
V 9848 -713901.72 -167372.11
V 9856 -713901.52 -167372.92
V 9864 -713753.63 -167933.80
V 9872 -713753.63 -168269.45
V 9880 -713753.62 -168269.99
V 9888 -713753.59 -168270.53
V 9896 -713753.54 -168271.07
V 9904 -713753.47 -168271.61
V 9912 -713753.39 -168272.14
V 9920 -713753.28 -168272.67
V 9928 -713753.08 -168273.48
V 9936 -713605.19 -168834.36
V 9944 -713605.19 -169170.01
V 9952 -713605.18 -169170.55
V 9960 -713605.15 -169171.09
V 9968 -713605.10 -169171.63
V 9976 -713605.03 -169172.17
V 9984 -713604.95 -169172.70
V 9992 -713604.84 -169173.23
V 10000 -713604.64 -169174.04
V 10008 -713456.75 -169734.92
V 10016 -713456.75 -170070.61
V 10024 -713456.74 -170071.15
V 10032 -713456.71 -170071.69
V 10040 -713456.66 -170072.23
V 10048 -713456.59 -170072.77
V 10056 -713456.51 -170073.30
V 10064 -713456.40 -170073.83
V 10072 -713456.20 -170074.64
V 10080 -713308.30 -170635.52
V 10088 -713308.30 -170971.12
V 10096 -713308.29 -170971.66
V 10104 -713308.26 -170972.20
V 10112 -713308.21 -170972.74
V 10120 -713308.14 -170973.28
V 10128 -713308.06 -170973.81
V 10136 -713307.95 -170974.34
V 10144 -713307.75 -170975.15
V 10152 -713152.04 -171565.69
V 10160 -713152.04 -172390.19
V 10168 -713152.03 -172390.73
V 10176 -713152.00 -172391.27
V 10184 -713151.95 -172391.81
V 10192 -713151.88 -172392.35
V 10200 -713151.80 -172392.88
V 10208 -713151.69 -172393.41
V 10216 -713151.56 -172393.94
V 10224 -713151.42 -172394.46
V 10232 -713151.25 -172394.98
V 10240 -713151.07 -172395.49
V 10248 -713150.87 -172395.99
V 10256 -713150.73 -172396.30
V 10264 -713150.73 -172396.32
V 10272 -712611.98 -173600.48
V 10280 -712579.32 -173793.92
V 10288 -712579.29 -173794.10
V 10296 -712579.18 -173794.63
V 10304 -712579.05 -173795.16
V 10312 -712578.91 -173795.68
V 10320 -712578.74 -173796.20
V 10328 -712578.56 -173796.71
V 10336 -712578.36 -173797.21
V 10344 -712578.23 -173797.50
V 10352 -712578.22 -173797.54
V 10360 -712254.79 -174520.42
V 10368 -712222.15 -174713.82
V 10376 -712222.12 -174714.00
V 10384 -712222.01 -174714.53
V 10392 -712221.88 -174715.06
V 10400 -712221.74 -174715.58
V 10408 -712221.57 -174716.10
V 10416 -712221.39 -174716.61
V 10424 -712221.19 -174717.11
V 10432 -712221.06 -174717.40
V 10440 -712221.05 -174717.44
V 10448 -711897.48 -175440.63
V 10456 -711864.84 -175634.00
V 10464 -711864.81 -175634.18
V 10472 -711864.70 -175634.71
V 10480 -711864.57 -175635.24
V 10488 -711864.43 -175635.76
V 10496 -711864.26 -175636.28
V 10504 -711864.08 -175636.79
V 10512 -711863.88 -175637.29
V 10520 -711863.75 -175637.58
V 10528 -711863.74 -175637.62
V 10536 -711540.25 -176360.65
V 10544 -711507.59 -176554.10
V 10552 -711507.56 -176554.28
V 10560 -711507.45 -176554.81
V 10568 -711507.32 -176555.34
V 10576 -711507.18 -176555.86
V 10584 -711507.01 -176556.38
V 10592 -711506.83 -176556.89
V 10600 -711506.63 -176557.39
V 10608 -711506.50 -176557.68
V 10616 -711506.49 -176557.72
V 10624 -711183.07 -177280.59
V 10632 -711150.43 -177473.99
V 10640 -711150.40 -177474.17
V 10648 -711150.29 -177474.70
V 10656 -711150.16 -177475.23
V 10664 -711150.02 -177475.75
V 10672 -711149.85 -177476.27
V 10680 -711149.67 -177476.78
V 10688 -711149.47 -177477.28
V 10696 -711149.34 -177477.57
V 10704 -711149.33 -177477.61
V 10712 -710825.75 -178200.81
V 10720 -710793.11 -178394.18
V 10728 -710793.08 -178394.36
V 10736 -710792.97 -178394.89
V 10744 -710792.84 -178395.42
V 10752 -710792.70 -178395.94
V 10760 -710792.53 -178396.46
V 10768 -710792.35 -178396.97
V 10776 -710792.15 -178397.47
V 10784 -710792.02 -178397.76
V 10792 -710792.01 -178397.80
V 10800 -710468.52 -179120.83
V 10808 -710435.85 -179314.34
V 10816 -710435.82 -179314.52
V 10824 -710435.71 -179315.05
V 10832 -710435.58 -179315.58
V 10840 -710435.44 -179316.10
V 10848 -710435.27 -179316.62
V 10856 -710435.09 -179317.13
V 10864 -710434.89 -179317.63
V 10872 -710434.76 -179317.92
V 10880 -710434.75 -179317.96
V 10888 -710114.14 -180034.50
V 10896 -710039.76 -180480.38
V 10904 -710039.75 -180480.42
V 10912 -710039.72 -180480.60
V 10920 -710039.61 -180481.13
V 10928 -710039.48 -180481.66
V 10936 -710039.34 -180482.18
V 10944 -710039.17 -180482.70
V 10952 -710038.99 -180483.21
V 10960 -710038.79 -180483.71
V 10968 -710038.57 -180484.21
V 10976 -710038.34 -180484.70
V 10984 -708768.79 -182859.86
V 10992 -708768.64 -182860.14
V 11000 -708768.26 -182860.80
V 11008 -708767.98 -182861.26
V 11016 -708767.60 -182861.81
V 11024 -708767.56 -182861.87
V 11032 -708412.43 -183352.04
V 11040 -708326.26 -183557.38
V 11048 -708326.04 -183557.88
V 11056 -708325.81 -183558.37
V 11064 -708325.55 -183558.84
V 11072 -708325.28 -183559.31
V 11080 -708325.00 -183559.77
V 11088 -708324.69 -183560.22
V 11096 -708324.60 -183560.34
V 11104 -708324.58 -183560.38
V 11112 -707791.45 -184296.24
V 11120 -707705.27 -184501.59
V 11128 -707705.05 -184502.09
V 11136 -707704.82 -184502.58
V 11144 -707704.56 -184503.05
V 11152 -707704.29 -184503.52
V 11160 -707704.01 -184503.98
V 11168 -707703.70 -184504.43
V 11176 -707703.61 -184504.55
V 11184 -707703.59 -184504.59
V 11192 -707170.46 -185240.45
V 11200 -707084.29 -185445.80
V 11208 -707084.07 -185446.30
V 11216 -707083.84 -185446.79
V 11224 -707083.58 -185447.26
V 11232 -707083.31 -185447.73
V 11240 -707083.03 -185448.19
V 11248 -707082.72 -185448.64
V 11256 -707082.63 -185448.76
V 11264 -707082.61 -185448.80
V 11272 -706549.47 -186184.66
V 11280 -706463.30 -186390.00
V 11288 -706463.08 -186390.50
V 11296 -706462.85 -186390.99
V 11304 -706462.59 -186391.46
V 11312 -706462.32 -186391.93
V 11320 -706462.04 -186392.39
V 11328 -706461.73 -186392.84
V 11336 -706461.64 -186392.96
V 11344 -706461.62 -186393.00
V 11352 -705928.38 -187129.01
V 11360 -705842.22 -187334.30
V 11368 -705842.00 -187334.80
V 11376 -705841.77 -187335.29
V 11384 -705841.51 -187335.76
V 11392 -705841.24 -187336.23
V 11400 -705840.96 -187336.69
V 11408 -705840.65 -187337.14
V 11416 -705840.56 -187337.26
V 11424 -705840.54 -187337.30
V 11432 -705306.86 -188073.95
V 11440 -705226.74 -188264.71
V 11448 -705226.72 -188264.75
V 11456 -705226.52 -188265.20
V 11464 -705226.29 -188265.69
V 11472 -705226.03 -188266.16
V 11480 -705225.76 -188266.63
V 11488 -705225.48 -188267.09
V 11496 -705225.17 -188267.54
V 11504 -704249.27 -189625.73
V 11512 -703634.53 -190551.01
V 11520 -703634.22 -190551.46
V 11528 -703633.90 -190551.90
V 11536 -703633.57 -190552.32
V 11544 -703633.22 -190552.74
V 11552 -703632.85 -190553.14
V 11560 -703632.47 -190553.52
V 11568 -703632.08 -190553.89
V 11576 -703632.03 -190553.94
V 11584 -702637.46 -191455.02
V 11592 -702475.75 -191671.09
V 11600 -702475.73 -191671.11
V 11608 -702475.68 -191671.18
V 11616 -702475.35 -191671.60
V 11624 -702475.00 -191672.02
V 11632 -702474.63 -191672.42
V 11640 -702474.25 -191672.80
V 11648 -702473.81 -191673.22
V 11656 -701648.33 -192421.11
V 11664 -701486.58 -192637.26
V 11672 -701486.56 -192637.28
V 11680 -701486.51 -192637.35
V 11688 -701486.18 -192637.77
V 11696 -701485.83 -192638.19
V 11704 -701485.46 -192638.59
V 11712 -701485.08 -192638.97
V 11720 -701484.64 -192639.39
V 11728 -700658.96 -193387.46
V 11736 -700497.32 -193603.44
V 11744 -700497.30 -193603.46
V 11752 -700497.25 -193603.53
V 11760 -700496.92 -193603.95
V 11768 -700496.57 -193604.37
V 11776 -700496.20 -193604.77
V 11784 -700495.82 -193605.15
V 11792 -700495.38 -193605.57
V 11800 -699669.82 -194353.53
V 11808 -699508.20 -194569.50
V 11816 -699508.18 -194569.52
V 11824 -699508.13 -194569.59
V 11832 -699507.80 -194570.01
V 11840 -699507.45 -194570.43
V 11848 -699507.08 -194570.83
V 11856 -699506.70 -194571.21
V 11864 -699506.26 -194571.63
V 11872 -698680.07 -195320.17
V 11880 -698522.69 -195530.39
V 11888 -698522.67 -195530.41
V 11896 -698522.62 -195530.48
V 11904 -698522.29 -195530.90
V 11912 -698521.94 -195531.32
V 11920 -698521.57 -195531.72
V 11928 -698521.19 -195532.10
V 11936 -698520.77 -195532.50
V 11944 -697459.69 -196497.06
V 11952 -696653.00 -197425.74
V 11960 -696652.78 -197426.01
V 11968 -696652.41 -197426.41
V 11976 -696652.03 -197426.79
V 11984 -696651.64 -197427.16
V 11992 -696651.23 -197427.52
V 12000 -696650.81 -197427.87
V 12008 -696650.38 -197428.19
V 12016 -696649.94 -197428.51
V 12024 -696649.48 -197428.80
V 12032 -696649.07 -197429.05
V 12040 -696649.05 -197429.06
V 12048 -696648.99 -197429.10
V 12056 -694633.99 -198602.48
V 12064 -694350.44 -198827.20
V 12072 -694350.40 -198827.22
V 12080 -694349.98 -198827.54
V 12088 -694349.54 -198827.86
V 12096 -694348.68 -198828.40
V 12104 -694348.65 -198828.41
V 12112 -694348.59 -198828.45
V 12120 -693046.24 -199586.83
V 12128 -692762.81 -199811.46
V 12136 -692762.77 -199811.48
V 12144 -692762.35 -199811.80
V 12152 -692761.91 -199812.12
V 12160 -692761.05 -199812.66
V 12168 -692761.02 -199812.67
V 12176 -692760.96 -199812.71
V 12184 -691458.07 -200571.41
V 12192 -691174.80 -200795.91
V 12200 -691174.76 -200795.93
V 12208 -691174.34 -200796.25
V 12216 -691173.90 -200796.57
V 12224 -691173.04 -200797.11
V 12232 -691173.01 -200797.12
V 12240 -691172.95 -200797.16
V 12248 -689883.86 -201547.70
V 12256 -689468.47 -201879.26
V 12264 -689468.35 -201879.36
V 12272 -689467.92 -201879.68
V 12280 -689467.48 -201880.00
V 12288 -689467.02 -201880.29
V 12296 -689466.56 -201880.57
V 12304 -689466.15 -201880.80
V 12312 -688048.68 -202638.45
V 12320 -688048.64 -202638.47
V 12328 -688048.15 -202638.72
V 12336 -688047.66 -202638.95
V 12344 -688047.52 -202639.01
V 12352 -688047.49 -202639.02
V 12360 -685347.97 -203790.42
V 12368 -685347.91 -203790.45
V 12376 -685347.82 -203790.49
V 12384 -685347.74 -203790.52
V 12392 -685347.65 -203790.55
V 12400 -685346.91 -203790.85
V 12408 -685346.60 -203790.95
V 12416 -685346.55 -203790.97
V 12424 -684522.02 -204062.24
V 12432 -684522.02 -209773.70
V 12440 -684492.02 -209773.70
V 12448 -684492.02 -204051.38
