V 0 1059.330000 671.230000 
V 1 1050.890000 669.000000 
V 2 1026.790000 665.320000 
V 3 971.360000 650.670000 
V 4 971.270000 650.630000 
V 5 971.230000 650.620000 
V 6 971.220000 650.590000 
V 7 971.120000 650.570000 
V 8 971.100000 650.540000 
V 9 971.040000 650.540000 
V 10 971.010000 650.520000 
V 11 970.980000 650.510000 
V 12 970.950000 650.490000 
V 13 970.890000 650.480000 
V 14 970.870000 650.460000 
V 15 970.830000 650.450000 
V 16 970.810000 650.420000 
V 17 970.780000 650.420000 
V 18 970.740000 650.410000 
V 19 970.720000 650.390000 
V 20 970.660000 650.350000 
V 21 970.640000 650.350000 
V 22 970.610000 650.330000 
V 23 970.580000 650.320000 
V 24 970.520000 650.290000 
V 25 970.490000 650.280000 
V 26 970.480000 650.250000 
V 27 970.420000 650.230000 
V 28 970.310000 650.160000 
V 29 970.280000 650.150000 
V 30 970.230000 650.120000 
V 31 970.200000 650.090000 
V 32 970.050000 649.980000 
V 33 970.020000 649.980000 
V 34 970.000000 649.950000 
V 35 969.970000 649.920000 
V 36 969.950000 649.910000 
V 37 969.930000 649.890000 
V 38 969.870000 649.860000 
V 39 969.840000 649.840000 
V 40 969.800000 649.790000 
V 41 969.770000 649.780000 
V 42 969.520000 649.550000 
V 43 969.500000 649.520000 
V 44 969.440000 649.480000 
V 45 969.310000 649.350000 
V 46 969.290000 649.320000 
V 47 969.270000 649.290000 
V 48 969.230000 649.250000 
V 49 969.210000 649.230000 
V 50 969.180000 649.210000 
V 51 969.160000 649.170000 
V 52 969.150000 649.160000 
V 53 969.100000 649.110000 
V 54 969.090000 649.080000 
V 55 969.070000 649.050000 
V 56 969.040000 649.040000 
V 57 969.030000 649.010000 
V 58 968.990000 648.970000 
V 59 968.950000 648.910000 
V 60 968.930000 648.890000 
V 61 968.920000 648.860000 
V 62 968.890000 648.830000 
V 63 968.870000 648.820000 
V 64 968.850000 648.790000 
V 65 968.840000 648.760000 
V 66 968.820000 648.740000 
V 67 968.810000 648.710000 
V 68 968.790000 648.670000 
V 69 968.760000 648.660000 
V 70 968.760000 648.630000 
V 71 968.730000 648.600000 
V 72 968.720000 648.570000 
V 73 968.680000 648.530000 
V 74 968.670000 648.490000 
V 75 968.660000 648.470000 
V 76 968.630000 648.440000 
V 77 968.600000 648.390000 
V 78 968.580000 648.330000 
V 79 968.550000 648.300000 
V 80 968.530000 648.250000 
V 81 968.510000 648.220000 
V 82 968.480000 648.130000 
V 83 968.450000 648.100000 
V 84 968.450000 648.090000 
V 85 968.410000 648.000000 
V 86 968.380000 647.970000 
V 87 968.220000 647.550000 
V 88 968.220000 647.530000 
V 89 968.170000 647.410000 
V 90 968.180000 647.380000 
V 91 968.140000 647.290000 
V 92 968.140000 647.270000 
V 93 968.110000 647.200000 
V 94 968.110000 647.160000 
V 95 968.100000 647.130000 
V 96 968.100000 647.100000 
V 97 968.070000 647.040000 
V 98 968.050000 646.910000 
V 99 968.030000 646.840000 
V 100 968.040000 646.830000 
V 101 968.030000 646.790000 
V 102 968.020000 646.770000 
V 103 968.020000 646.710000 
V 104 968.000000 646.670000 
V 105 968.000000 646.630000 
V 106 967.980000 646.540000 
V 107 967.960000 646.390000 
V 108 960.640000 603.590000 
V 109 919.690000 550.220000 
V 110 927.620000 544.130000 
V 111 969.090000 598.170000 
V 112 969.180000 598.270000 
V 113 969.190000 598.290000 
V 114 969.220000 598.320000 
V 115 969.220000 598.340000 
V 116 969.270000 598.390000 
V 117 969.310000 598.440000 
V 118 969.330000 598.460000 
V 119 969.350000 598.490000 
V 120 969.360000 598.510000 
V 121 969.410000 598.570000 
V 122 969.420000 598.590000 
V 123 969.460000 598.650000 
V 124 969.480000 598.660000 
V 125 969.510000 598.720000 
V 126 969.530000 598.740000 
V 127 969.560000 598.790000 
V 128 969.580000 598.820000 
V 129 969.620000 598.880000 
V 130 969.640000 598.900000 
V 131 969.650000 598.920000 
V 132 969.670000 598.950000 
V 133 969.700000 599.010000 
V 134 969.720000 599.050000 
V 135 969.750000 599.090000 
V 136 969.770000 599.150000 
V 137 969.810000 599.210000 
V 138 969.810000 599.230000 
V 139 969.840000 599.260000 
V 140 969.890000 599.370000 
V 141 969.900000 599.410000 
V 142 969.970000 599.540000 
V 143 969.970000 599.570000 
V 144 970.130000 599.950000 
V 145 970.130000 599.980000 
V 146 970.170000 600.110000 
V 147 970.170000 600.140000 
V 148 970.200000 600.200000 
V 149 970.200000 600.230000 
V 150 970.230000 600.290000 
V 151 970.230000 600.320000 
V 152 970.240000 600.350000 
V 153 970.250000 600.410000 
V 154 970.270000 600.480000 
V 155 970.260000 600.510000 
V 156 970.280000 600.530000 
V 157 970.280000 600.550000 
V 158 970.290000 600.600000 
V 159 970.300000 600.650000 
V 160 970.310000 600.690000 
V 161 970.310000 600.760000 
V 162 970.320000 600.780000 
V 163 970.330000 600.840000 
V 164 970.340000 600.870000 
V 165 970.340000 600.940000 
V 166 977.340000 641.900000 
V 167 1029.340000 655.640000 
V 168 1029.340000 655.650000 
V 169 1052.100000 664.370000 
V 170 1060.550000 666.610000 
