V 0 1085836.50 -9384.41
V 8 1085831.33 -9365.57
V 16 1085828.08 -9329.74
V 24 1085827.84 -9329.05
V 32 1085827.30 -9328.56
V 40 1085826.59 -9328.38
V 48 1085735.66 -9328.38
V 56 1085735.66 -9331.38
V 64 1085825.22 -9331.38
V 72 1085828.36 -9365.91
V 80 1085828.36 -9365.97
V 88 1085828.37 -9366.07
V 96 1085828.40 -9366.18
V 104 1085828.41 -9366.28
V 112 1085833.90 -9386.31
V 120 1085834.20 -9386.88
V 128 1085834.72 -9387.27
V 136 1085835.35 -9387.41
V 144 1085839.86 -9387.41
V 152 1085839.86 -9384.41
