V 0 4162.07 -1569.87
V 1 4161.58 -1570.00
V 2 4161.22 -1570.35
V 3 4161.07 -1570.83
V 4 4160.11 -1592.40
V 5 4160.11 -1592.42
V 6 4158.38 -1626.94
V 7 4156.42 -1661.43
V 8 4154.25 -1695.95
V 9 4151.85 -1730.50
V 10 4149.24 -1764.94
V 11 4146.42 -1799.31
V 12 4143.38 -1833.81
V 13 4140.12 -1868.24
V 14 4140.12 -1868.33
V 15 4136.68 -1902.46
V 16 4136.67 -1902.51
V 17 4136.66 -1902.58
V 18 4136.66 -1902.62
V 19 4133.00 -1936.81
V 20 4132.99 -1936.85
V 21 4132.98 -1936.92
V 22 4132.98 -1936.96
V 23 4129.10 -1971.19
V 24 4129.09 -1971.23
V 25 4129.08 -1971.30
V 26 4129.08 -1971.32
V 27 4124.95 -2005.62
V 28 4124.95 -2005.65
V 29 4124.94 -2005.72
V 30 4120.61 -2039.96
V 31 4120.60 -2040.03
V 32 4116.05 -2074.20
V 33 4111.29 -2108.38
V 34 4106.31 -2142.56
V 35 4101.12 -2176.72
V 36 4095.71 -2210.86
V 37 4090.06 -2245.08
V 38 4084.22 -2279.13
V 39 4084.22 -2279.20
V 40 4078.20 -2312.99
V 41 4078.19 -2313.01
V 42 4078.17 -2313.13
V 43 4078.17 -2313.15
V 44 4071.93 -2346.99
V 45 4071.92 -2347.01
V 46 4071.91 -2347.07
V 47 4065.44 -2380.96
V 48 4065.43 -2381.03
V 49 4058.74 -2414.91
V 50 4051.82 -2448.82
V 51 4051.81 -2448.86
V 52 4044.70 -2482.57
V 53 4037.37 -2516.41
V 54 4029.80 -2550.17
V 55 4029.79 -2550.25
V 56 4022.09 -2583.71
V 57 4022.07 -2583.78
V 58 4022.06 -2583.85
V 59 4005.66 -2653.02
V 60 4005.64 -2653.07
V 61 4005.63 -2653.11
V 62 3951.21 -2844.57
V 63 3884.98 -3046.43
V 64 3818.74 -3224.56
V 65 3818.73 -3224.61
V 66 3752.68 -3384.77
V 67 3752.65 -3384.83
V 68 3686.71 -3531.18
V 69 3686.69 -3531.23
V 70 3620.83 -3666.33
V 71 3555.08 -3792.06
V 72 3489.49 -3909.76
V 73 3489.46 -3909.80
V 74 3423.95 -4020.62
V 75 3358.53 -4125.30
V 76 3293.22 -4224.60
V 77 3228.07 -4318.90
V 78 3162.95 -4408.92
V 79 3162.94 -4408.94
V 80 3097.99 -4494.81
V 81 3097.97 -4494.83
V 82 3033.08 -4577.07
V 83 2968.31 -4655.86
V 84 2968.29 -4655.89
V 85 2903.64 -4731.44
V 86 2903.61 -4731.47
V 87 2839.08 -4804.06
V 88 2839.04 -4804.10
V 89 2774.64 -4873.87
V 90 2774.60 -4873.91
V 91 2710.29 -4941.13
V 92 2646.03 -5005.90
V 93 2581.88 -5068.32
V 94 2517.83 -5128.56
V 95 2453.96 -5186.63
V 96 2453.93 -5186.65
V 97 2453.91 -5186.67
V 98 2390.10 -5242.78
V 99 2390.07 -5242.80
V 100 2326.35 -5296.98
V 101 2326.32 -5297.00
V 102 2262.67 -5349.42
V 103 2262.64 -5349.45
V 104 2197.84 -5401.06
V 105 2197.82 -5401.07
V 106 2163.59 -5425.19
V 107 2163.53 -5425.24
V 108 2163.50 -5425.27
V 109 2012.83 -5544.43
V 110 2012.80 -5544.45
V 111 2012.76 -5544.48
V 112 1948.29 -5589.62
V 113 1885.21 -5632.47
V 114 1822.21 -5673.90
V 115 1822.17 -5673.93
V 116 1759.39 -5713.92
V 117 1696.55 -5752.72
V 118 1633.90 -5790.16
V 119 1633.88 -5790.17
V 120 1571.28 -5826.40
V 121 1571.26 -5826.42
V 122 1508.83 -5861.39
V 123 1508.80 -5861.40
V 124 1446.40 -5895.23
V 125 1384.09 -5927.90
V 126 1384.06 -5927.92
V 127 1321.93 -5959.43
V 128 1259.82 -5989.89
V 129 1197.88 -6019.26
V 130 1197.83 -6019.28
V 131 1135.92 -6047.63
V 132 1135.86 -6047.66
V 133 1135.84 -6047.68
V 134 1074.21 -6074.91
V 135 1074.15 -6074.93
V 136 1074.13 -6074.94
V 137 1012.45 -6101.25
V 138 1012.37 -6101.29
V 139 950.89 -6126.57
V 140 950.81 -6126.60
V 141 889.28 -6150.98
V 142 889.25 -6151.00
V 143 828.68 -6174.11
V 144 825.86 -6174.11
V 145 825.86 -6083.30
V 146 823.86 -6083.30
V 147 823.86 -6175.11
V 148 823.99 -6175.61
V 149 824.36 -6175.98
V 150 824.86 -6176.11
V 151 828.92 -6176.11
V 152 828.99 -6176.10
V 153 829.11 -6176.08
V 154 829.23 -6176.04
V 155 829.26 -6176.02
V 156 890.02 -6152.84
V 157 951.55 -6128.46
V 158 951.61 -6128.43
V 159 1013.09 -6103.15
V 160 1013.17 -6103.12
V 161 1013.19 -6103.11
V 162 1074.87 -6076.80
V 163 1074.95 -6076.76
V 164 1075.00 -6076.74
V 165 1075.02 -6076.72
V 166 1136.65 -6049.49
V 167 1136.71 -6049.47
V 168 1136.76 -6049.45
V 169 1198.67 -6021.10
V 170 1198.73 -6021.07
V 171 1260.63 -5991.72
V 172 1260.70 -5991.69
V 173 1322.81 -5961.23
V 174 1322.85 -5961.21
V 175 1322.88 -5961.19
V 176 1385.00 -5929.68
V 177 1385.03 -5929.67
V 178 1447.36 -5896.99
V 179 1509.76 -5863.16
V 180 1509.80 -5863.13
V 181 1572.23 -5828.16
V 182 1572.26 -5828.15
V 183 1572.28 -5828.14
V 184 1634.88 -5791.91
V 185 1697.56 -5754.45
V 186 1697.59 -5754.43
V 187 1697.61 -5754.42
V 188 1760.40 -5715.65
V 189 1760.46 -5715.61
V 190 1823.24 -5675.62
V 191 1823.31 -5675.58
V 192 1886.31 -5634.15
V 193 1949.42 -5591.28
V 194 1949.44 -5591.26
V 195 1949.48 -5591.23
V 196 2013.94 -5546.09
V 197 2013.98 -5546.07
V 198 2014.03 -5546.03
V 199 2014.06 -5546.00
V 200 2164.73 -5426.84
V 201 2164.75 -5426.83
V 202 2198.98 -5402.71
V 203 2199.04 -5402.66
V 204 2199.07 -5402.63
V 205 2263.87 -5351.02
V 206 2263.90 -5351.00
V 207 2327.60 -5298.54
V 208 2391.32 -5244.36
V 209 2391.35 -5244.34
V 210 2391.37 -5244.32
V 211 2455.18 -5188.21
V 212 2455.21 -5188.19
V 213 2455.24 -5188.16
V 214 2519.13 -5130.08
V 215 2519.16 -5130.06
V 216 2519.19 -5130.03
V 217 2519.21 -5130.02
V 218 2583.27 -5069.77
V 219 2647.43 -5007.34
V 220 2647.44 -5007.32
V 221 2711.79 -4942.45
V 222 2776.09 -4875.24
V 223 2776.16 -4875.17
V 224 2840.56 -4805.40
V 225 2840.62 -4805.34
V 226 2905.15 -4732.75
V 227 2905.17 -4732.73
V 228 2905.19 -4732.70
V 229 2969.85 -4657.14
V 230 3034.64 -4578.33
V 231 3034.66 -4578.31
V 232 3099.56 -4496.06
V 233 3099.58 -4496.02
V 234 3164.53 -4410.15
V 235 3164.57 -4410.10
V 236 3229.69 -4320.08
V 237 3294.84 -4225.78
V 238 3294.87 -4225.74
V 239 3294.89 -4225.72
V 240 3294.90 -4225.70
V 241 3360.21 -4126.40
V 242 3360.22 -4126.38
V 243 3425.65 -4021.68
V 244 3425.66 -4021.66
V 245 3425.68 -4021.63
V 246 3491.20 -3910.79
V 247 3491.22 -3910.76
V 248 3491.23 -3910.73
V 249 3556.82 -3793.04
V 250 3556.86 -3792.99
V 251 3622.62 -3667.22
V 252 3688.49 -3532.11
V 253 3688.50 -3532.08
V 254 3688.53 -3532.02
V 255 3754.46 -3385.69
V 256 3754.47 -3385.65
V 257 3754.51 -3385.57
V 258 3754.53 -3385.50
V 259 3820.58 -3225.34
V 260 3820.62 -3225.26
V 261 3886.86 -3047.13
V 262 3886.87 -3047.09
V 263 3953.12 -2845.16
V 264 3953.13 -2845.12
V 265 4007.55 -2653.66
V 266 4007.58 -2653.57
V 267 4007.59 -2653.50
V 268 4023.99 -2584.33
V 269 4024.01 -2584.28
V 270 4024.03 -2584.17
V 271 4031.73 -2550.71
V 272 4031.76 -2550.61
V 273 4039.33 -2516.85
V 274 4046.66 -2482.99
V 275 4053.77 -2449.28
V 276 4060.68 -2415.42
V 277 4060.69 -2415.37
V 278 4067.38 -2381.48
V 279 4067.39 -2381.41
V 280 4073.86 -2347.52
V 281 4073.88 -2347.39
V 282 4073.88 -2347.37
V 283 4080.12 -2313.53
V 284 4080.13 -2313.51
V 285 4080.15 -2313.39
V 286 4080.15 -2313.36
V 287 4086.17 -2279.57
V 288 4086.18 -2279.55
V 289 4086.20 -2279.47
V 290 4092.04 -2245.42
V 291 4097.69 -2211.18
V 292 4103.10 -2177.04
V 293 4108.29 -2142.86
V 294 4113.27 -2108.66
V 295 4118.03 -2074.48
V 296 4118.04 -2074.40
V 297 4122.60 -2040.15
V 298 4126.93 -2005.91
V 299 4126.94 -2005.84
V 300 4126.94 -2005.82
V 301 4131.07 -1971.52
V 302 4131.07 -1971.49
V 303 4131.08 -1971.42
V 304 4131.08 -1971.38
V 305 4134.96 -1937.15
V 306 4134.97 -1937.11
V 307 4134.98 -1937.04
V 308 4134.98 -1937.00
V 309 4138.64 -1902.81
V 310 4138.65 -1902.77
V 311 4138.66 -1902.70
V 312 4138.66 -1902.64
V 313 4142.10 -1868.51
V 314 4142.11 -1868.46
V 315 4142.12 -1868.43
V 316 4145.38 -1833.99
V 317 4148.42 -1799.49
V 318 4151.24 -1765.10
V 319 4153.85 -1730.66
V 320 4156.25 -1696.09
V 321 4158.42 -1661.55
V 322 4160.38 -1627.07
V 323 4162.11 -1592.54
V 324 4162.11 -1592.51
V 325 4163.03 -1571.87
V 326 6533.31 -1571.87
V 327 6533.31 -1569.87
