1234.988528 6.785547 
1234.960000 9.510000 

1234.988528 6.785547 
1235.000000 -1.910000 

1234.790000 22.765000 
1234.760000 24.590000 

1234.790000 22.765000 
1234.830000 20.855000 

1233.690000 56.830000 
1233.780000 54.930000 

1233.510000 60.640000 
1233.610000 58.710000 

1232.670000 75.760000 
1232.565000 77.490000 

1232.670000 75.760000 
1232.790000 73.850000 

1230.110000 109.750000 
1229.950000 111.600000 
1229.839209 112.851290 
1228.955400 122.066000 
1228.485000 126.770000 
1227.416426 136.670342 

1227.416426 136.670342 
1227.108842 139.381368 

1227.108842 139.381368 
1225.950000 149.290000 
1225.397584 153.708213 

1225.397584 153.708213 
1223.916915 165.174217 
1222.475000 175.480000 
1221.793729 180.159097 
1220.373118 189.537649 

1220.373118 189.537649 
1219.930000 192.410000 
1218.288238 202.501611 

1218.288238 202.501611 
1217.744590 205.745820 
1216.697447 211.832340 

1216.697447 211.832340 

1228.955400 122.066000 

1229.839209 112.851290 

1230.110000 109.750000 
1230.280000 107.850000 

1215.505000 218.570000 
1214.890717 221.975561 

1214.890717 221.975561 
1214.480000 224.220000 
1214.165000 225.870000 
1213.799353 227.850588 
1212.724170 233.530800 
1211.619000 239.165000 
1211.155000 241.485000 
1210.253205 245.993974 

1210.253205 245.993974 
1208.660000 253.745000 
1207.748453 258.035360 
1207.445000 259.405000 
1207.060000 261.215000 
1206.260000 264.910000 

1215.505000 218.570000 
1216.175000 214.830000 

1204.101224 274.653991 
1203.725000 276.200000 
1203.157515 278.648832 
1201.630000 285.115000 
1201.175000 287.070000 
1200.320000 290.640000 
1199.810000 292.720000 
1199.254193 295.012704 
1198.215297 299.163781 

1204.101224 274.653991 
1205.238192 269.529629 
1204.575000 272.410000 

1195.195000 311.015000 
1194.215000 314.780000 
1193.690000 316.745000 
1193.240000 318.420000 
1192.760000 320.240000 
1192.260000 322.080000 
1191.766853 323.933815 
1191.290000 325.665000 
1190.804614 327.472792 
1190.280000 329.325000 
1189.740000 331.265000 
1189.260000 332.985000 
1187.613750 338.852500 
1186.720000 341.960000 
1186.068119 344.195988 
1185.656364 345.592727 
1185.080000 347.610000 
1182.050972 357.760701 
1181.830000 358.460000 
1177.922718 371.114284 
1175.647338 378.272792 
1173.846290 383.826022 
1174.360000 382.220000 

1173.846290 383.826022 
1171.973014 389.477871 
1171.485000 390.975000 
1169.060000 398.170000 
1166.228578 406.438662 
1162.100580 418.035984 
1160.840000 421.500000 
1160.293418 423.011139 
1159.575000 424.965000 
1158.915000 426.765000 
1157.660000 430.165000 
1156.854474 432.317632 
1156.293650 433.830157 
1155.545000 435.785000 

1166.228578 406.438662 
1166.003035 407.009314 
1165.385000 408.780000 

1181.830000 358.460000 
1181.300000 360.240000 

1195.195000 311.015000 
1197.015000 303.970000 

1154.380000 438.880000 
1152.300000 444.340000 
1151.459251 446.487293 
1150.855000 448.060000 
1150.110000 449.975000 
1149.595000 451.290000 
1148.905000 453.045000 
1147.450684 456.716412 
1146.770000 458.415000 
1145.940000 460.475000 
1145.556706 461.439520 
1143.634583 466.189908 

1143.634583 466.189908 
1142.410651 469.181742 
1140.869007 472.912285 

1145.556706 461.439520 

1154.380000 438.880000 

1139.675000 475.800000 
1136.550621 483.182180 
1134.360000 488.310000 

1136.550621 483.182180 
1134.611338 487.766243 
1131.151930 495.706629 
1130.580000 497.000000 
1129.811250 498.763000 
1129.030127 500.524076 
1128.270000 502.210000 
1127.385000 504.205000 
1125.255968 508.950645 
1122.780068 514.376554 
1122.055000 515.950000 
1120.385000 519.575000 
1118.905000 522.755000 
1116.542039 527.783869 
1113.977070 533.167138 
1110.657988 540.075706 
1107.208166 547.098741 
1106.410000 548.700000 
1103.150000 555.230000 
1100.470000 560.530000 
1099.850000 561.755000 
1092.163263 576.545678 

1092.163263 576.545678 
1089.873204 580.851845 
1089.274165 581.961175 
1088.238147 583.939029 
1086.987841 586.258295 

1086.987841 586.258295 
1081.970000 595.460000 
1079.200326 600.469409 
1076.515000 605.265000 
1071.755000 613.650000 
1068.708509 618.956410 
1067.008205 621.858949 
1066.088126 623.444527 
1063.190000 628.380000 
1062.200000 630.040000 
1061.275000 631.595000 
1058.912000 635.560000 

1058.912000 635.560000 
1057.385000 638.105000 
1050.482892 649.568675 
1034.240000 674.960000 
1024.830000 689.180000 
1023.259000 691.501000 

1023.259000 691.501000 
1021.435000 694.185000 
1017.113180 700.498386 
1013.145578 706.235399 
1009.422451 711.544485 
1004.330000 718.715000 
1003.129881 720.379915 
1001.749189 722.307907 
999.855000 724.925000 
995.411628 731.021189 
994.037957 732.867970 
992.963062 734.331442 
985.234090 744.674313 
981.710000 749.310000 
979.410000 752.320000 
977.166578 755.236212 
972.450000 761.290000 
960.660000 776.120000 
959.534738 777.519790 
952.325238 786.320196 
947.466581 792.176312 
942.582075 797.980647 
937.572203 803.857119 
935.636700 806.104800 
931.306907 811.113051 
930.239662 812.319701 
920.305000 823.570000 
917.436549 826.756750 
913.820000 830.755000 
911.522886 833.281500 
909.964407 834.976579 
907.007138 838.209079 
903.540000 841.920000 
898.753902 847.044533 
893.130870 852.970000 
888.253021 858.069569 
858.435452 887.875464 
853.602781 892.529781 
847.363342 898.451554 
841.965413 903.495446 
840.555000 904.815000 
830.987861 913.612465 
829.928822 914.577284 
826.478398 917.689904 
823.661045 920.216165 

826.478398 917.689904 
824.573366 919.408429 
816.705000 926.410000 
810.865564 931.519512 
806.795000 935.040000 
803.790000 937.630000 
798.030000 942.540000 
792.230000 947.420000 
789.325819 949.835985 
786.384899 952.274038 
784.917692 953.478462 
777.610000 959.460000 
774.391680 962.053017 
768.785000 966.540000 
761.320000 972.425000 
751.987423 979.664717 
749.330000 981.700000 
732.695000 994.165000 
712.585000 1008.685000 
711.164696 1009.684567 
692.454441 1022.610896 
694.090662 1021.500976 

692.454441 1022.610896 
690.388063 1024.012611 
689.616444 1024.534045 
675.045000 1034.185000 
673.555000 1035.155000 
636.457837 1058.371890 
638.100000 1057.385000 

636.457837 1058.371890 
635.005000 1059.245000 
631.625684 1061.256147 
628.382076 1063.188551 
610.379556 1073.614218 
606.153536 1076.018731 
600.530000 1079.170000 
595.470000 1081.965000 
580.535000 1090.045000 
575.440000 1092.750000 
560.810722 1100.339129 
559.426706 1101.034352 
548.717800 1106.413677 
533.280081 1113.920170 
526.977342 1116.926335 
519.475961 1120.427070 
516.444464 1121.829187 
502.398012 1128.286362 
479.711192 1138.067416 
476.010314 1139.586433 
469.179580 1142.408982 
463.874981 1144.569953 
460.360842 1145.987111 
446.230000 1151.560000 
432.059973 1156.949928 
417.895000 1162.150000 
407.125868 1165.962486 
398.210037 1169.045109 
387.925367 1172.513739 
371.169996 1177.909989 
360.140905 1181.332907 
325.820000 1191.534003 
325.820000 2214.530000 

476.010314 1139.586433 
483.065000 1136.600000 

548.717800 1106.413677 
546.854163 1107.328317 

559.426706 1101.034352 
561.874950 1099.784903 

559.426706 1101.034352 

606.153536 1076.018731 

628.382076 1063.188551 
623.645000 1065.970000 

689.616444 1024.534045 
686.234987 1026.789981 

830.987861 913.612465 
834.279878 910.604867 

853.602781 892.529781 

888.253021 858.069569 
885.255746 861.125726 

898.753902 847.044533 

935.636700 806.104800 

1127.385000 504.205000 

1139.675000 475.800000 

1049.510000 650.960000 
1051.405000 647.900000 

500.480000 1129.050000 
507.380000 1125.960000 

385.625000 1173.250000 
389.155000 1172.080000 

1230.770000 102.180000 
1231.370000 94.630000 

1231.790000 88.960000 
1232.320000 81.410000 

1234.880000 17.075000 
1234.910000 15.155000 

1234.990000 -5.670000 
1234.990000 -3.790000 

1234.960000 -9.510000 
1234.980000 -7.600000 

1234.880000 -17.075000 
1234.910000 -15.155000 

1234.790000 -22.765000 
1234.760000 -24.590000 

1234.790000 -22.765000 
1234.830000 -20.855000 

1233.690000 -56.830000 
1233.780000 -54.930000 

1233.510000 -60.640000 
1233.610000 -58.710000 

1232.670000 -75.760000 
1232.565000 -77.490000 

1232.670000 -75.760000 
1232.790000 -73.850000 

1231.790000 -88.960000 
1232.320000 -81.410000 

1230.770000 -102.180000 
1231.370000 -94.630000 

1229.960000 -111.525000 
1229.839209 -112.851290 
1228.955400 -122.066000 

1228.955400 -122.066000 
1228.485000 -126.770000 
1227.416426 -136.670342 

1227.416426 -136.670342 
1227.108842 -139.381368 
1226.000723 -148.856293 
1225.397584 -153.708213 

1225.397584 -153.708213 
1223.916915 -165.174217 
1222.486258 -175.399538 
1221.793729 -180.159097 
1220.373118 -189.537649 

1220.373118 -189.537649 
1219.965146 -192.182176 
1218.288238 -202.501611 

1218.288238 -202.501611 
1217.744590 -205.745820 
1216.697447 -211.832340 

1216.697447 -211.832340 

1227.108842 -139.381368 

1229.839209 -112.851290 

1229.960000 -111.525000 
1230.100000 -109.825000 
1230.280000 -107.850000 

1214.840000 -222.265000 
1215.500000 -218.610000 
1216.175000 -214.830000 

1214.840000 -222.265000 
1214.465000 -224.295000 
1214.165000 -225.870000 
1213.799353 -227.850588 
1212.724170 -233.530800 
1211.635000 -239.105000 
1211.155000 -241.485000 
1210.253205 -245.993974 
1208.759186 -253.262456 
1207.748453 -258.035360 
1207.445000 -259.405000 
1207.060000 -261.215000 
1206.127800 -265.516357 

1206.127800 -265.516357 
1204.707042 -271.836516 
1205.513645 -268.333279 

1210.253205 -245.993974 

1214.840000 -222.265000 
1215.130000 -220.610000 

1203.795000 -275.905000 
1203.157515 -278.648832 
1201.555000 -285.460000 
1201.090000 -287.450000 
1200.265000 -290.880000 
1199.810000 -292.720000 
1199.254193 -295.012704 
1198.215297 -299.163781 

1203.795000 -275.905000 

1195.195513 -311.015133 
1194.285000 -314.525000 
1193.745000 -316.570000 
1193.280000 -318.285000 
1192.760000 -320.240000 
1192.205000 -322.285000 
1191.766853 -323.933815 
1191.230000 -325.875000 
1190.804614 -327.472792 
1190.260000 -329.410000 
1189.750000 -331.220000 
1189.260000 -332.985000 
1187.613750 -338.852500 
1186.650000 -342.165000 
1186.068119 -344.195988 
1185.610000 -345.750000 
1185.080000 -347.610000 
1184.439364 -349.741569 
1183.509621 -352.913350 
1181.302522 -360.240752 
1177.460398 -372.581360 
1177.769583 -371.610788 
1179.030000 -367.590000 

1177.460398 -372.581360 
1175.647338 -378.272792 
1174.360000 -382.220000 
1173.860000 -383.795000 
1173.599297 -384.701859 
1169.050000 -398.195000 
1165.111914 -409.575851 
1162.100580 -418.035984 
1160.910000 -421.320000 
1160.245000 -423.145000 
1159.620000 -424.845000 
1158.915000 -426.765000 
1157.660000 -430.165000 
1156.854474 -432.317632 
1156.290000 -433.840000 
1153.610000 -440.910000 
1152.930000 -442.690000 
1152.262402 -444.438576 
1150.855000 -448.060000 

1165.111914 -409.575851 

1195.195513 -311.015133 
1197.015000 -303.970000 

1149.595000 -451.290000 
1148.905000 -453.045000 
1147.410000 -456.820000 
1146.000884 -460.330350 
1145.496322 -461.591467 
1143.614440 -466.239147 

1143.614440 -466.239147 
1142.415172 -469.170690 
1140.864299 -472.923567 

1149.595000 -451.290000 

1139.675000 -475.800000 
1136.550621 -483.182180 
1134.137110 -488.831742 
1131.388237 -495.164232 
1128.945945 -500.710790 
1127.407183 -504.155970 
1126.855000 -505.385000 
1125.092692 -509.308462 
1122.780068 -514.376554 
1122.030000 -516.010000 
1119.115000 -522.316667 
1120.385000 -519.575000 

1119.115000 -522.316667 
1116.106632 -528.734517 
1113.977070 -533.167138 
1110.657988 -540.075706 
1107.208166 -547.098741 
1106.410000 -548.700000 
1099.850000 -561.755000 
1092.687803 -575.559346 
1089.873204 -580.851845 
1089.210000 -582.080000 
1088.417133 -583.603895 
1087.257835 -585.756878 
1085.270543 -589.411287 

1085.270543 -589.411287 
1081.867916 -595.647083 
1079.200000 -600.470000 
1076.749926 -604.845457 
1075.500000 -607.060000 
1074.560000 -608.720000 
1073.793782 -610.064958 
1072.690000 -612.010000 
1071.440437 -614.202233 

1071.440437 -614.202233 
1069.485946 -617.609527 

1069.485946 -617.609527 
1066.050000 -623.510000 
1063.202064 -628.359456 
1062.200000 -630.040000 
1061.240000 -631.660000 
1058.912000 -635.560000 

1058.912000 -635.560000 
1057.340000 -638.170000 
1056.061434 -640.283548 
1053.400000 -644.660000 
1052.437315 -646.221421 
1051.430000 -647.860000 
1049.510000 -650.960000 
1042.809736 -661.642845 
1037.886599 -669.336003 

1037.886599 -669.336003 
1035.935718 -672.357192 
1033.939580 -675.421187 
1028.960000 -682.980000 
1024.668118 -689.445322 
1023.700000 -690.850000 

1024.668118 -689.445322 
1021.490000 -694.100000 
1017.399047 -700.080918 
1016.220188 -701.795130 

1017.399047 -700.080918 
1013.145578 -706.235399 
1009.415397 -711.554548 
1008.670000 -712.610000 
1004.270281 -718.795199 
1003.160000 -720.340000 
1001.773187 -722.274398 
999.800000 -725.000000 
995.166147 -731.358390 
993.148223 -734.127306 
986.990743 -742.346321 
984.773736 -745.284393 
981.710000 -749.310000 
979.315000 -752.440000 
977.225000 -755.160000 
975.877746 -756.890525 
972.451552 -761.291205 
959.495000 -777.570000 
954.660436 -783.490356 
951.901489 -786.834408 

951.901489 -786.834408 
947.505045 -792.130037 
942.570000 -797.995000 
937.560219 -803.871177 
935.667184 -806.069539 

935.667184 -806.069539 
931.530000 -810.855000 
929.255026 -813.462440 
926.344273 -816.779076 
923.825000 -819.615000 
920.259628 -823.620979 
915.972850 -828.382967 
911.746802 -833.045036 
898.300000 -847.525000 
893.128434 -852.972566 
891.830000 -854.330000 
865.220000 -881.260000 
858.518856 -887.794223 
854.374189 -891.786699 
853.335213 -892.843475 
843.357310 -902.210579 
844.863875 -900.793799 

843.357310 -902.210579 
840.860220 -904.554809 
832.195864 -912.520939 
829.430000 -915.035000 
827.940000 -916.380000 
826.495000 -917.675000 
823.680000 -920.205000 
819.333966 -924.077937 
816.727159 -926.389982 
810.845714 -931.536680 
806.166000 -935.584000 

806.166000 -935.584000 
803.857119 -937.572203 
798.124691 -942.459273 
792.509951 -947.246011 
783.490019 -954.660023 
777.458021 -959.584064 
775.027096 -961.568493 
768.784675 -966.539595 
762.170508 -971.767357 
755.293673 -977.118293 
752.025211 -979.635775 
749.310000 -981.710000 
744.790000 -985.150000 
741.779850 -987.414800 
731.130000 -995.330000 
713.650903 -1008.023358 
699.603308 -1017.731698 
690.873746 -1023.683151 
689.285000 -1024.760000 
687.705000 -1025.820000 
686.195000 -1026.820000 
683.002711 -1028.944955 
679.824967 -1031.049950 
674.945525 -1034.252163 
673.659212 -1035.088789 
671.890000 -1036.240000 
648.602902 -1050.973536 
639.586878 -1056.513279 
638.100000 -1057.385000 
635.318720 -1059.056464 
628.349463 -1063.209100 
623.220000 -1066.219545 
620.220787 -1067.971343 
616.970000 -1069.850000 
612.793490 -1072.244799 
606.036035 -1076.084575 
600.865158 -1078.982187 
596.119937 -1081.641274 
583.915000 -1088.250000 

600.865158 -1078.982187 
595.500004 -1081.950007 

612.793490 -1072.244799 

648.602902 -1050.973536 

762.170508 -971.767357 

915.972850 -828.382967 

1042.809736 -661.642845 

1099.850000 -561.755000 
1100.720000 -560.030000 
1103.108604 -555.294300 

1100.720000 -560.030000 

1113.977070 -533.167138 
1116.420000 -528.040000 

1139.675000 -475.800000 

712.660000 -1008.635000 
715.761097 -1006.431552 
718.800000 -1004.270000 

605.430000 -1076.420000 
607.080000 -1075.490000 

580.535000 -1090.045000 
581.314980 -1089.626535 
575.480000 -1092.730000 
563.740000 -1098.860000 
548.663989 -1106.427975 
546.825921 -1107.342356 
540.125109 -1110.633638 
533.370000 -1113.880000 
524.628411 -1118.031060 
523.123033 -1118.736165 
519.475000 -1120.430000 
516.010000 -1122.030000 

524.628411 -1118.031060 
516.722786 -1121.762329 
506.151880 -1126.513197 
500.534831 -1129.025169 
502.220746 -1128.266651 

500.534831 -1129.025169 
498.565013 -1129.922952 
488.420000 -1134.315000 
483.156436 -1136.561620 
476.045950 -1139.571080 
472.630498 -1140.986195 
468.899388 -1142.525834 
462.367200 -1145.187672 
460.361224 -1145.993098 
456.878857 -1147.382149 

462.367200 -1145.187672 
459.000782 -1146.559472 
444.470546 -1152.251393 
442.720225 -1152.920592 
432.015000 -1156.970000 
417.832023 -1162.172840 
408.910000 -1165.340000 
407.250000 -1165.910000 
403.997140 -1167.055605 
399.558820 -1168.591947 
392.398329 -1171.005427 

392.398329 -1171.005427 
383.715480 -1173.886439 
371.140164 -1177.919575 
360.310288 -1181.280926 

371.140164 -1177.919575 
362.390270 -1180.727689 
325.820000 -1191.462331 
325.820000 -2210.470000 

399.558820 -1168.591947 

563.740000 -1098.860000 
562.003434 -1099.721963 

581.314980 -1089.626535 
583.001614 -1088.733065 


