-685707.020000 -209773.700000 
-685707.020000 -204920.071673 
-685753.247335 -204904.856504 
-685766.025000 -204900.610000 
-688560.930902 -203708.529527 
-690121.826231 -202874.208978 
-690555.319189 -202528.204495 
-691843.603883 -201778.135806 
-692127.735858 -201552.964399 
-693431.654244 -200793.655541 
-693715.905793 -200568.374430 
-695019.274172 -199809.405591 
-695303.645799 -199584.034432 
-697417.254253 -198353.226966 
-698308.649906 -197327.026886 
-699402.787703 -196332.420756 
-699560.438229 -196121.841321 
-700387.782322 -195372.258180 
-700550.267691 -195155.131802 
-701376.882267 -194406.218236 
-701539.387741 -194189.071754 
-702366.162340 -193440.018172 
-702528.777647 -193222.711845 
-703355.322209 -192473.858286 
-703517.887782 -192256.641727 
-704538.780055 -191331.700271 
-705224.411835 -190299.726827 
-706266.858998 -188848.911194 
-706346.730338 -188658.741577 
-706881.520340 -187920.579389 
-706968.349679 -187713.670566 
-707502.610330 -186976.259422 
-707589.459661 -186769.300599 
-708123.590245 -186032.059530 
-708210.449746 -185825.100492 
-708744.580348 -185087.849378 
-708831.429674 -184880.890569 
-709365.570365 -184143.649377 
-709452.419622 -183936.680654 
-709775.321743 -183490.990417 
-711176.358305 -180869.839029 
-711258.131837 -180379.659862 
-711579.052555 -179662.427671 
-711612.037427 -179467.032437 
-711936.312583 -178742.247540 
-711969.267425 -178547.022414 
-712293.642628 -177822.037469 
-712326.597376 -177626.772511 
-712650.802612 -176902.177516 
-712683.767373 -176706.862569 
-713008.042509 -175982.067694 
-713041.007498 -175786.842265 
-713365.372632 -175061.867445 
-713398.327372 -174866.602531 
-713722.532538 -174141.997669 
-713755.507449 -173946.682404 
-714337.240000 -172646.430986 
-714337.240000 -171719.327955 
-714493.500000 -171126.702045 
-714493.500000 -170789.167880 
-714641.950000 -170226.202120 
-714641.950000 -169888.547951 
-714790.390000 -169325.582049 
-714790.390000 -168987.997951 
-714938.830000 -168425.032049 
-714938.830000 -168087.437951 
-715087.270000 -167524.472049 
-715087.270000 -167186.877951 
-715235.710000 -166623.912049 
-715235.710000 -166286.327951 
-715384.150000 -165723.362049 
-715384.150000 -165385.767951 
-715532.590000 -164822.802049 
-715532.590000 -164485.267899 
-715681.040000 -163922.292101 
-715681.040000 -162606.971179 
-715689.540000 -162308.490000 
-715689.540000 -159819.328998 
-715656.690000 -159781.381002 
-715656.690000 -158979.058901 
-715623.830000 -158941.101099 
-715623.830000 -158138.788901 
-715590.970000 -158100.831099 
-715590.970000 -157298.900252 
-715558.120000 -157260.929748 
-715558.120000 -156458.248901 
-715525.260000 -156420.291099 
-715525.260000 -155618.339625 
-715492.410000 -155580.380375 
-715492.410000 -154777.709527 
-715459.550000 -154739.740473 
-715459.550000 -153937.779625 
-715426.700000 -153899.820375 
-715426.700000 -153097.159186 
-715253.178512 -152896.691024 
-715206.681228 -152424.569798 
-715027.518286 -152147.567713 
-714926.459668 -151505.399601 
-714832.899719 -151354.157490 
-714723.040495 -150661.383857 
-714631.089538 -150512.626195 
-714521.100539 -149819.114286 
-714429.199474 -149670.395735 
-714319.140421 -148976.473604 
-714227.229553 -148827.796354 
-714117.250522 -148134.314117 
-714025.339515 -147985.595943 
-713915.290447 -147291.763822 
-713823.379510 -147143.066109 
-713713.380509 -146449.444009 
-713621.469514 -146300.736028 
-713511.450493 -145607.044017 
-713419.529533 -145458.316025 
-713309.500462 -144764.623944 
-713037.867636 -144325.130448 
-712704.041564 -143345.029690 
-712547.140491 -143162.445796 
-712296.399756 -142490.625055 
-712178.035544 -142350.974401 
-711922.484561 -141666.915882 
-711804.525443 -141527.724123 
-711548.924557 -140843.535877 
-711430.965475 -140704.344161 
-711175.354525 -140020.155839 
-711057.395439 -139880.964118 
-710801.814674 -139196.826184 
-710683.855342 -139057.613835 
-710428.254524 -138373.435808 
-710310.275507 -138234.224229 
-710054.694693 -137550.126306 
-709936.745339 -137410.913731 
-709771.261086 -136967.989069 
-708950.249205 -135545.289248 
-708768.949692 -135386.419270 
-708354.699429 -134716.058582 
-708206.531099 -134584.976885 
-707788.719053 -133909.133361 
-707640.750953 -133778.206644 
-707222.869039 -133102.253343 
-707074.910945 -132971.336643 
-706657.059010 -132295.423284 
-706509.071014 -132164.486738 
-706091.239101 -131488.618448 
-705943.280932 -131357.691580 
-705525.388999 -130681.743307 
-705377.430941 -130550.826640 
-704755.788717 -129545.261173 
-704214.361098 -128885.527921 
-703980.591635 -128732.378345 
-703366.447768 -128067.157671 
-703179.472698 -127943.102637 
-702561.657400 -127274.127468 
-702374.802586 -127150.142522 
-701756.947211 -126481.117258 
-701570.092759 -126357.152722 
-700952.287275 -125688.167315 
-700765.422727 -125564.192686 
-700147.607273 -124895.197314 
-699960.742727 -124771.222686 
-699342.927273 -124102.227314 
-699156.062748 -123978.252700 
-698538.247299 -123309.267351 
-698297.172200 -123149.320879 
-697430.687399 -122446.203269 
-697167.772426 -122319.593881 
-696272.239302 -121656.759996 
-696027.860849 -121538.320077 
-695131.439299 -120874.890032 
-694887.090713 -120756.449974 
-693990.649238 -120093.009990 
-693746.290751 -119974.570004 
-692849.869249 -119311.139996 
-692605.510737 -119192.699998 
-691610.000379 -118455.929441 
-690270.184910 -117739.780970 
-689921.962898 -117624.797742 
-688565.804973 -116965.511084 
-688233.928529 -116855.510000 
-685504.420000 -116855.510000 

-685753.247335 -204904.856504 
-687161.945769 -204304.020363 

