920.305000 823.570000 
926.410000 816.705000 
924.814496 818.572891 
913.314215 831.312361 
907.409989 837.770974 
898.300000 847.525000 
891.830000 854.330000 
883.930000 862.490000 
871.244514 875.385637 
873.295000 873.265000 
865.220000 881.260000 

871.244514 875.385637 
858.435447 887.875459 
852.950000 893.150000 
847.454904 898.364654 
837.726376 907.451477 
829.434000 915.030665 
816.705000 926.410000 
813.030276 929.625154 
803.790000 937.630000 
798.030000 942.540000 
792.300451 947.360712 
786.346350 952.306626 

792.300451 947.360712 
788.056471 950.932269 
777.610000 959.460000 
771.333944 964.495068 
762.800000 971.270000 
756.955342 975.823669 
749.330000 981.700000 
738.765000 989.680000 
730.977941 995.442526 
725.000000 999.800000 

730.977941 995.442526 
727.572666 997.962474 
711.218029 1009.666219 
701.810000 1016.210000 
700.660597 1017.011249 
687.805000 1025.755000 
679.825000 1031.050000 
671.865585 1036.255897 
663.977876 1041.312938 
654.300000 1047.430000 
640.712343 1055.797779 
635.005000 1059.245000 
628.364298 1063.199139 
616.840609 1069.926665 
619.005000 1068.670000 

616.840609 1069.926665 
607.100000 1075.480000 
600.530000 1079.170000 
595.470000 1081.965000 
584.995393 1087.666124 
582.894756 1088.786463 
580.535000 1090.045000 
575.440000 1092.750000 
561.198546 1100.141538 
561.875000 1099.785000 

561.198546 1100.141538 
546.797809 1107.356187 
538.073630 1111.616140 
528.050000 1116.415000 
522.880000 1118.850000 
514.300000 1122.815000 
509.639244 1124.969475 
496.383470 1130.851175 
491.723345 1132.887872 
488.440000 1134.305000 
476.120000 1139.540000 
469.180000 1142.410000 
464.154686 1144.457454 
462.070416 1145.306021 
460.330000 1146.000000 

462.070416 1145.306021 
456.879808 1147.384522 
444.470000 1152.250000 
440.909528 1153.608768 

444.470000 1152.250000 
431.558612 1157.133912 
423.190000 1160.230000 
417.831435 1162.173049 
410.705000 1164.710000 
407.952203 1165.670171 
401.760000 1167.830000 
398.210000 1169.045000 
391.020000 1171.470000 
389.180000 1172.070000 
383.714657 1173.883923 
381.915559 1174.466722 

383.714657 1173.883923 
371.115678 1177.927175 
360.140000 1181.330000 
358.665000 1181.770000 
349.959655 1184.376224 
344.369861 1186.017287 
338.575608 1187.692164 
333.069833 1189.239407 
325.820000 1195.055000 
325.820000 2214.530000 

924.814496 818.572891 
935.150000 806.670000 
942.573814 797.990466 
947.420000 792.230000 
949.835000 789.325000 
954.751621 783.379200 
961.688700 774.834408 
964.550042 771.266411 
971.272758 762.802147 
975.702476 757.112251 
985.275000 744.620000 
989.710000 738.725000 
993.176119 734.040805 
1003.093634 720.465328 
1004.421500 718.585463 
1013.125847 706.262681 
1017.475000 699.970000 
1024.890000 689.095000 
1031.060000 679.810000 
1036.272232 671.862818 
1043.364818 660.765050 
1049.440257 651.073638 
1055.331178 641.475055 
1063.189689 628.380530 
1066.050000 623.510000 
1069.870000 616.940000 
1075.500000 607.060000 
1079.187587 600.492439 
1081.859755 595.662166 
1087.398141 585.505888 
1089.116516 582.274702 
1088.732049 582.995860 
1090.020000 580.580000 
1092.679397 575.575153 
1096.195668 568.844094 
1099.753539 561.947137 
1100.610000 560.250000 

1099.753539 561.947137 
1107.241903 547.031373 
1111.651984 537.999950 
1116.501728 527.869277 
1118.038256 524.613759 
1122.055000 515.950000 
1125.180000 509.120000 
1129.830000 498.720000 
1134.215765 488.649533 
1139.462786 476.297912 
1142.416994 469.166559 
1145.330000 462.010000 
1146.000000 460.330000 

1145.330000 462.010000 
1147.410000 456.820000 
1152.267691 444.425036 
1156.290000 433.840000 
1157.035000 431.835000 

1156.290000 433.840000 
1160.261007 423.100926 
1162.101417 418.033632 
1164.710000 410.705000 
1165.605024 408.138786 
1167.835000 401.745000 
1169.060000 398.170000 
1171.485000 390.975000 
1171.984557 389.442462 
1173.860000 383.795000 
1174.505000 381.795000 
1175.647338 378.272792 
1177.827438 371.429174 
1181.246818 360.417955 
1181.905246 358.214754 
1182.370000 356.700000 
1184.191123 350.591510 
1186.014983 344.377784 
1187.635961 338.774095 
1190.808994 327.455908 
1191.325109 325.537539 
1194.212721 314.804452 
1193.690000 316.745000 

1194.212721 314.804452 
1196.935853 304.276008 
1199.246676 295.042738 
1199.375000 294.530000 

1199.246676 295.042738 
1199.841707 292.591777 
1201.175000 287.070000 
1203.235170 278.320452 
1204.237462 273.925413 
1206.154555 265.397339 
1205.805000 266.975000 

1206.154555 265.397339 
1207.748453 258.035360 
1208.660000 253.745000 
1210.105000 246.715000 
1211.670000 238.905000 
1212.724789 233.527645 
1214.128673 226.080059 
1214.890717 221.975561 
1215.505000 218.570000 
1216.175000 214.830000 
1216.490000 213.010000 
1216.774687 211.393853 
1217.742039 205.761046 
1218.410000 201.775000 
1219.930000 192.410000 
1220.490000 188.780000 
1221.793729 180.159097 
1222.475000 175.480000 
1223.916915 165.174217 
1225.397584 153.708213 
1225.950000 149.290000 
1227.108842 139.381368 
1227.416426 136.670342 
1228.485000 126.770000 
1228.955400 122.066000 
1230.770000 102.180000 
1231.370000 94.630000 
1231.790000 88.960000 
1232.320000 81.410000 
1232.795000 73.715000 
1233.005000 70.170000 
1234.990000 5.670000 
1235.000000 -1.910000 
1234.990000 -3.790000 
1234.990000 -6.645000 
1234.960000 -9.510000 
1234.950000 -11.325000 
1234.910000 -15.155000 
1234.880000 -17.075000 
1234.830000 -20.855000 
1234.790000 -22.765000 
1234.760000 -24.590000 
1234.680000 -28.415000 
1234.480000 -35.990000 
1234.240000 -43.335000 
1234.012081 -49.460117 
1233.760123 -55.349632 
1233.646503 -58.005491 
1233.510000 -60.640000 
1233.420000 -62.490000 
1232.987154 -70.471252 
1232.737531 -74.685134 
1232.565000 -77.490000 
1232.320000 -81.410000 
1231.789758 -88.963454 
1231.361546 -94.736375 
1230.770000 -102.180000 
1230.359940 -106.956548 
1230.110000 -109.750000 
1230.004703 -110.982178 
1229.960000 -111.525000 
1229.839209 -112.851290 
1229.780000 -113.520000 
1228.955400 -122.066000 
1228.485000 -126.770000 
1227.416426 -136.670342 
1227.108842 -139.381368 
1226.000723 -148.856293 
1225.397584 -153.708213 
1223.916915 -165.174217 
1222.486258 -175.399538 
1221.793729 -180.159097 
1220.500000 -188.700000 
1219.967312 -192.168137 
1218.410000 -201.775000 
1217.742039 -205.761046 
1216.774687 -211.393853 
1216.490000 -213.010000 
1216.175000 -214.830000 
1215.500000 -218.610000 
1214.840000 -222.265000 
1214.282670 -225.252233 
1213.796849 -227.863817 
1212.724170 -233.530800 
1211.635000 -239.105000 
1210.150000 -246.510000 
1208.759186 -253.262456 
1207.748453 -258.035360 
1206.260000 -264.910000 
1205.805000 -266.975000 
1205.450000 -268.575000 
1204.707042 -271.836516 
1204.105000 -274.495000 
1203.803278 -275.856858 
1203.550893 -276.979577 
1201.090000 -287.450000 
1199.841707 -292.591777 
1199.375000 -294.530000 
1198.215297 -299.163781 
1196.935853 -304.276008 
1194.285000 -314.525000 
1192.409678 -321.529185 
1191.753582 -323.981997 
1191.167722 -326.108924 
1190.838304 -327.346250 
1187.637045 -338.770349 
1186.014983 -344.377784 
1184.366809 -349.992964 
1181.244672 -360.424865 
1177.844957 -371.372757 
1173.860000 -383.795000 
1174.505000 -381.795000 

1173.860000 -383.795000 
1171.984557 -389.442462 
1171.485000 -390.975000 
1169.153322 -397.893113 
1168.247699 -400.580106 
1164.710000 -410.705000 
1162.103045 -418.029057 
1159.583688 -424.932650 
1156.290000 -433.840000 
1157.035000 -431.835000 

1156.290000 -433.840000 
1152.267097 -444.426600 
1151.576207 -446.188955 
1150.139645 -449.902439 
1145.330000 -462.010000 
1146.769665 -458.414866 

1145.330000 -462.010000 
1142.416994 -469.166559 
1139.462786 -476.297912 
1134.205264 -488.674252 
1131.348101 -495.261601 
1129.080884 -500.411050 
1125.180000 -509.120000 
1122.782745 -514.370686 
1118.905000 -522.755000 
1116.420941 -528.040444 
1112.351592 -536.567218 
1111.500000 -538.315000 

1112.351592 -536.567218 
1107.247761 -547.019376 
1103.109923 -555.294961 
1099.730725 -561.991363 
1096.181848 -568.870883 
1092.679193 -575.575537 
1090.020000 -580.580000 
1085.540173 -588.917151 
1081.955000 -595.490000 
1079.200000 -600.470000 
1076.420000 -605.430000 
1071.747223 -613.667470 
1067.970000 -620.220000 
1063.190000 -628.380000 
1056.986207 -638.773108 
1057.350548 -638.176441 

1056.986207 -638.773108 
1051.981180 -646.969651 
1052.410000 -646.260000 

1051.981180 -646.969651 
1049.388127 -651.156794 
1043.343035 -660.799798 
1042.370000 -662.330000 
1036.260000 -671.855000 
1031.060000 -679.810000 
1024.835000 -689.180000 
1017.383443 -700.108926 
1013.142296 -706.238909 
1007.748732 -713.891798 
1000.979175 -723.390514 
999.895000 -724.865000 
1004.210000 -718.880000 

1000.979175 -723.390514 
988.549583 -740.355980 
989.710000 -738.725000 
985.234090 -744.674313 

988.549583 -740.355980 
975.760022 -757.037194 
974.078930 -759.194825 
963.013393 -773.202670 
961.637247 -774.899143 
966.540933 -768.785750 

963.013393 -773.202670 
955.850328 -782.033087 
947.505000 -792.130000 
942.570000 -797.995000 
937.586315 -803.840566 
929.439601 -813.244474 
926.376529 -816.742484 
918.125582 -825.982555 
913.343206 -831.280246 
907.342186 -837.843318 
898.300000 -847.525000 
893.146748 -852.953267 
887.851604 -858.459930 
881.280000 -865.200000 
873.295000 -873.265000 
865.220000 -881.260000 
858.435447 -887.875459 
854.361173 -891.799237 
847.474611 -898.346249 
837.760000 -907.420000 
827.969499 -916.370389 
819.484750 -923.944203 
816.726805 -926.390295 
810.810155 -931.567364 
803.842008 -937.585086 
798.124691 -942.459273 
792.284326 -947.374282 
785.085379 -953.338329 
777.610000 -959.460000 
768.785000 -966.540000 
773.180000 -963.030000 
762.800000 -971.270000 
753.633170 -978.412015 
752.370000 -979.370000 

753.633170 -978.412015 
740.168430 -988.644962 
738.765000 -989.680000 
728.060000 -997.575000 
721.930000 -1002.020000 
714.858493 -1007.065616 
706.470000 -1012.980000 
700.177368 -1017.336182 
688.454302 -1025.325877 
687.805000 -1025.755000 

688.454302 -1025.325877 
675.058797 -1034.177393 
668.750000 -1038.265000 
660.710000 -1043.400000 
654.300000 -1047.430000 
647.871971 -1051.428168 
646.181326 -1052.455921 
640.783208 -1055.754977 
635.005000 -1059.245000 
628.349425 -1063.209036 
623.510000 -1066.050000 
616.970000 -1069.850000 
612.010000 -1072.690000 
605.430000 -1076.420000 
600.470000 -1079.200000 
595.500000 -1081.950000 
583.955935 -1088.227735 
582.135127 -1089.186622 
575.480000 -1092.730000 
568.755000 -1096.240000 
561.875000 -1099.785000 
558.589337 -1101.458697 
546.825227 -1107.342799 
537.633472 -1111.831066 
533.370000 -1113.880000 
528.050444 -1116.415941 
522.880000 -1118.850000 
514.300000 -1122.815000 
509.130000 -1125.175000 
498.853999 -1129.778925 
491.680221 -1132.906485 
488.475180 -1134.289816 
475.985264 -1139.596820 
469.110004 -1142.440009 
462.097824 -1145.294957 
453.576427 -1148.683927 
444.470000 -1152.250000 
436.258207 -1155.371512 
431.796468 -1157.047780 
426.750000 -1158.920000 
423.190000 -1160.230000 
417.831435 -1162.173049 
410.705000 -1164.710000 
401.760000 -1167.830000 
398.185000 -1169.055000 
391.037753 -1171.464016 
389.155000 -1172.080000 
383.795000 -1173.860000 
383.014119 -1174.107239 
382.028897 -1174.421543 
378.390000 -1175.610000 
370.858583 -1178.009205 
360.297948 -1181.283737 
357.495000 -1182.125000 

360.297948 -1181.283737 
350.164997 -1184.316230 
344.517526 -1185.973959 
342.790500 -1186.473200 
338.585168 -1187.688859 
333.070000 -1189.240000 
325.820000 -1195.055000 
325.820000 -2210.470000 

453.576427 -1148.683927 
450.704430 -1149.826123 

