47290.080000 21043.980000 
47290.100000 20213.471561 
47319.457004 19915.318868 
47336.577639 19810.687199 
47375.542316 19661.902972 
47383.007686 19616.322016 
47421.972319 19467.552964 
47429.437679 19421.967044 
47468.402305 19273.188016 
47475.867690 19227.617012 
47514.822267 19078.843151 
47522.297733 19033.251849 
47561.254456 18884.469792 
47568.727742 18838.896806 
47607.672257 18690.188198 
47615.155545 18644.555205 
47654.112251 18495.773211 
47661.589943 18450.183412 
47700.544523 18301.399530 
47707.999852 18255.863750 
47746.972316 18107.052974 
47754.435499 18061.485366 
47793.402320 17912.702960 
47800.867684 17867.117017 
47839.824500 17718.399647 
47847.297676 17672.767068 
47886.252262 17523.993171 
47893.727738 17478.406829 
47932.680050 17329.641618 
47940.157756 17284.056759 
47979.102248 17135.333225 
47986.589946 17089.683397 
48025.542256 16940.923195 
48033.017743 16895.341813 
48071.970122 16746.571341 
48079.437692 16700.987005 
48118.764684 16550.799828 
48129.535015 16490.367720 
48111.076561 16490.140000 
47812.988128 16460.789323 
47708.338112 16443.670694 
47559.553967 16404.706039 
47513.978000 16397.240663 
47365.152944 16358.267677 
47319.567040 16350.802320 
47170.793000 16311.837690 
47125.217032 16304.372315 
46976.443171 16265.417738 
46930.856829 16257.942262 
46782.083171 16218.987738 
46736.496802 16211.512257 
46587.793202 16172.567744 
46542.146825 16165.082261 
46393.373211 16126.127749 
46347.796797 16118.652252 
46199.012876 16079.697662 
46153.477094 16072.242333 
46004.652990 16033.267689 
45959.077000 16025.802310 
45810.302960 15986.837680 
45764.717013 15979.372316 
45616.012991 15940.417686 
45570.367068 15932.942324 
45421.593171 15893.987738 
45376.006829 15886.512262 
45227.233211 15847.557749 
45181.656779 15840.082249 
45032.933225 15801.137752 
44987.296785 15793.652250 
44838.523211 15754.697749 
44792.946797 15747.222252 
44644.162959 15708.267684 
44598.587025 15700.802314 
44448.399843 15661.475320 
44388.620150 15650.818788 
44387.738004 15650.598251 
44292.765854 15607.069976 
44265.401344 15599.456463 
44179.848719 15560.233566 
44152.396791 15552.589360 
44066.766922 15513.344216 
44039.392598 15505.717864 
43953.718601 15466.443517 
43926.344239 15458.830054 
43840.724502 15419.598533 
43813.353105 15411.975800 
43727.696875 15372.714190 
43700.285491 15365.081468 
43614.694644 15325.858593 
43587.295315 15318.221395 
43501.635919 15278.960003 
43474.236789 15271.329358 
43388.553164 15232.060620 
43361.191338 15224.446459 
43275.548620 15185.183523 
43248.174130 15177.570024 
43162.525870 15138.309976 
43135.164147 15130.700029 
43049.575897 15091.469992 
43022.164183 15083.840030 
42936.504627 15044.588589 
42909.105361 15036.951408 
42823.294843 14997.628686 
42799.749075 14991.055429 
42699.166396 14947.484107 
42672.688385 14938.460930 
42597.386903 14903.944202 
42570.015464 14896.321457 
42483.785346 14856.804331 
42476.205000 14854.665000 
42341.430000 14808.065000 
42296.492660 14790.238956 
42192.167342 14737.926074 
42145.253218 14716.420635 
42117.904203 14708.810038 
42032.264545 14669.568552 
42004.885450 14661.941447 
41919.252419 14622.702159 
41891.845336 14615.061397 
41806.209554 14575.818553 
41778.795294 14568.182226 
41693.186002 14528.934198 
41665.786285 14521.306438 
41580.238704 14482.083557 
41552.801431 14474.446481 
41467.154616 14435.198581 
41439.750366 14427.561414 
41354.107293 14388.312096 
41326.700769 14380.679326 
41241.602860 14341.660460 
41197.800990 14329.559223 
41196.967217 14329.198512 
41035.978841 14243.139634 
40995.756420 14215.143786 
40976.273041 14207.290844 
40975.521675 14206.842041 
40919.146247 14167.613679 
40899.653701 14159.767211 
40898.891760 14159.312091 
40842.466257 14120.063706 
40822.972883 14112.210805 
40822.225000 14111.770000 
40765.808148 14072.508479 
40746.333643 14064.667176 
40745.571665 14064.212035 
40689.148176 14024.948499 
40669.663236 14017.100960 
40668.911686 14016.652047 
40598.869699 13967.916311 
40524.760000 13928.510000 
40467.063981 13897.926809 
40466.145000 13897.330000 
40380.879189 13834.066886 
40362.973638 13826.857173 
40362.211730 13826.402073 
40305.743278 13787.118583 
40286.243222 13779.254842 
40285.510522 13778.811234 
40215.781781 13730.300368 
40133.510000 13683.090000 
40062.135000 13647.055000 
39982.260387 13605.018627 
39925.878341 13560.391833 
39844.841971 13536.741820 
39844.006180 13536.387981 
39706.044328 13463.480864 
39530.270188 13329.228766 
39504.431238 13315.639095 
39372.068195 13209.588433 
39361.123519 13204.982019 
39360.400045 13204.550269 
39301.428726 13163.550447 
39230.176243 13132.675705 
39193.772881 13112.586405 
39122.370000 13076.525000 
39036.609678 13031.201048 
38860.384829 12896.753576 
38833.946403 12882.849183 
38795.171401 12851.802066 
38772.396142 12835.963638 
38752.913366 12828.121037 
38752.161695 12827.672053 
38695.673213 12788.368531 
38676.173107 12780.510883 
38675.421670 12780.062038 
38619.076376 12740.853768 
38599.542751 12732.980728 
38598.795000 12732.540000 
38542.396290 12693.283697 
38522.913366 12685.441037 
38522.161715 12684.992065 
38465.668229 12645.688546 
38446.173041 12637.830844 
38445.421670 12637.382038 
38389.076251 12598.173681 
38369.583701 12590.327211 
38368.821700 12589.872056 
38312.418118 12550.628466 
38292.828309 12542.741004 
38292.076525 12542.291951 
38236.829199 12503.822664 
38195.433224 12487.271310 
38194.467029 12486.683192 
38001.327682 12338.667755 
37967.577689 12320.332446 
37966.727958 12319.748965 
37927.381566 12279.859794 
37912.392547 12271.708666 
37911.562414 12271.153116 
37872.521184 12231.589461 
37857.523834 12223.454534 
37856.718121 12222.899246 
37817.331296 12182.979554 
37802.343693 12174.844437 
37801.538218 12174.289312 
37762.166425 12134.399734 
37747.182543 12126.248664 
37746.352335 12125.693063 
37707.334618 12086.132945 
37692.295634 12077.983867 
37691.489004 12077.430297 
37652.001614 12037.399848 
37637.002541 12029.238662 
37636.172379 12028.683092 
37597.061285 11989.039533 
37582.038322 11980.887811 
37581.193341 11980.309368 
37542.061362 11940.629562 
37527.458354 11932.707833 
37526.631990 11932.142134 
37441.553200 11846.041978 
37351.550575 11786.330575 
37350.875000 11785.655000 
37316.007426 11747.595783 
37173.913170 11651.938180 
37129.395000 11607.665000 
36937.593502 11482.003502 
36936.790000 11481.200000 
36761.885448 11275.022652 
36668.322598 11212.007664 
36624.391391 11168.311384 
36428.718630 11040.198630 
36427.920000 11039.400000 
36253.951409 10834.209614 
36119.743331 10746.203331 
36118.860000 10745.320000 
35943.720759 10539.757656 
35799.905174 10445.987952 
35799.044052 10445.083465 
35689.651346 10312.135486 
35669.596594 10291.809860 
35654.627549 10283.661388 
35653.802817 10283.113665 
35614.711155 10243.494416 
35599.629540 10235.318487 
35598.809657 10234.760967 
35559.561631 10194.969855 
35544.532078 10186.792529 
35543.747357 10186.273405 
35438.777454 10079.880860 
35301.780643 9983.110731 
35300.829429 9982.154143 
35274.085304 9942.037956 
35261.903851 9933.428851 
35260.954925 9932.479925 
35234.248566 9892.395277 
35221.921141 9883.681325 
35220.989274 9882.743944 
35194.432044 9842.885495 
35182.263035 9834.303035 
35181.299948 9833.339948 
35154.394870 9792.964759 
35142.308789 9784.418789 
35141.369953 9783.479953 
35114.405784 9743.021134 
35102.221008 9734.421008 
35101.264939 9733.464939 
35074.760388 9693.688018 
35062.543847 9685.053847 
35061.610023 9684.120023 
35034.858520 9644.000302 
35022.717074 9635.411709 
35021.750602 9634.450922 
34994.778601 9593.980367 
34985.949609 9587.734351 

48129.535015 16490.367720 
48173.173566 16395.153124 
48180.783537 16367.801344 
48220.006434 16282.248719 
48227.650640 16254.796791 
48266.895784 16169.166922 
48274.522136 16141.792598 
48313.796483 16056.118601 
48321.409946 16028.744239 
48360.641467 15943.124502 
48368.264200 15915.753105 
48407.525810 15830.096875 
48415.158532 15802.685491 
48454.381407 15717.094644 
48462.018605 15689.695315 
48501.279997 15604.035919 
48508.910642 15576.636789 
48548.179380 15490.953164 
48555.789997 15463.604077 
48595.056482 15377.948605 
48602.669976 15350.574130 
48641.930024 15264.925870 
48649.539971 15237.564147 
48688.770008 15151.975897 
48696.399970 15124.564183 
48735.651411 15038.904627 
48743.288592 15011.505361 
48782.611314 14925.694843 
48789.184571 14902.149075 
48832.754843 14801.568821 
48841.779071 14775.088383 
48876.295798 14699.786903 
48883.918543 14672.415464 
48923.435669 14586.185346 
48925.575000 14578.605000 
48972.400000 14443.425000 
48990.001044 14398.892660 
49042.313926 14294.567342 
49063.819365 14247.653218 
49071.429962 14220.304203 
49110.671448 14134.664545 
49118.298553 14107.285450 
49157.541411 14021.644627 
49165.178596 13994.245346 
49204.421444 13908.614567 
49212.054221 13881.213047 
49251.309355 13795.583246 
49258.933551 13768.191314 
49298.156448 13682.638689 
49305.789970 13655.214183 
49345.041411 13569.554627 
49352.678597 13542.155342 
49391.931464 13456.504524 
49399.564212 13429.093046 
49438.579539 13344.007868 
49450.680774 13300.200998 
49451.041487 13299.367218 
49537.103290 13138.378373 
49565.091424 13098.168304 
49572.949156 13078.673041 
49573.397971 13077.921655 
49612.621519 13021.558153 
49620.479000 13002.043303 
49620.927921 13001.291740 
49660.171502 12944.878152 
49668.029078 12925.373172 
49668.477955 12924.621682 
49707.731506 12868.208164 
49715.579040 12848.723236 
49716.027965 12847.971665 
49755.291501 12791.548176 
49763.139040 12772.063236 
49763.587950 12771.311690 
49812.326522 12701.264371 
49851.680000 12627.260000 
49882.328053 12569.440945 
49883.155000 12568.270000 
49946.173095 12483.279216 
49953.389047 12465.363225 
49953.837938 12464.611710 
49993.121411 12408.148292 
50000.979235 12388.662910 
50001.427934 12387.911718 
50049.939632 12318.181781 
50097.150000 12235.910000 
50133.190000 12164.530000 
50175.221368 12084.660394 
50219.848157 12028.278353 
50243.488555 11947.287082 
50243.848668 11946.412520 
50316.759134 11808.449333 
50451.011239 11632.670179 
50464.600905 11606.831238 
50570.651567 11474.468195 
50575.250365 11463.541612 
50575.672305 11462.828876 
50616.690976 11403.825443 
50647.564336 11332.576149 
50667.683185 11296.124283 
50703.720000 11224.760000 
50749.038958 11139.009668 
50883.486419 10962.789838 
50897.390817 10936.351403 
50928.411466 10897.609458 
50944.271569 10874.808049 
50952.118963 10855.313366 
50952.567959 10854.561675 
50991.871484 10798.078198 
50999.729078 10778.573172 
51000.177974 10777.821650 
51039.381437 10721.488272 
51047.259153 10701.943046 
51047.707992 10701.191620 
51086.951529 10644.808149 
51094.798963 10625.313366 
51095.247935 10624.561715 
51134.551454 10568.068229 
51142.409156 10548.573041 
51142.857974 10547.821650 
51182.061518 10491.488156 
51189.925038 10471.958308 
51190.368340 10471.221131 
51229.606709 10414.825053 
51237.499131 10395.233037 
51237.927604 10394.510892 
51276.422047 10339.222428 
51292.968975 10297.832523 
51293.556849 10296.871978 
51441.572250 10103.727672 
51459.920793 10069.953318 
51460.470199 10069.158546 
51500.380228 10029.776495 
51508.531336 10014.792543 
51509.086884 10013.962414 
51548.650539 9974.921184 
51556.772160 9959.948365 
51557.340015 9959.118850 
51597.260518 9919.731225 
51605.369994 9904.780792 
51605.950711 9903.938185 
51645.840282 9864.571425 
51653.988620 9849.587538 
51654.546022 9848.748231 
51694.101104 9809.740502 
51702.256298 9794.700394 
51702.820325 9793.878526 
51742.840188 9754.401578 
51751.003878 9739.392871 
51751.557879 9738.571421 
51791.200538 9699.461215 
51799.339987 9684.450803 
51799.920814 9683.608034 
51839.610458 9644.461327 
51847.532167 9629.858354 
51848.099750 9629.029238 
51934.198020 9543.953203 
51993.908534 9453.951917 
51994.590000 9453.265000 
52032.662519 9418.385240 
52128.301820 9276.318170 
52172.573490 9231.796518 
52298.237096 9039.987587 
52298.997200 9039.232517 
52505.209497 8864.297111 
52568.211466 8770.748581 
52611.919029 8726.801031 
52740.041375 8531.118625 
52740.799267 8530.360733 
52946.037787 8356.345132 
53034.026465 8222.153886 
53034.879085 8221.296160 
53240.482340 8046.120766 
53334.241847 7902.320819 
53335.110388 7901.482023 
53468.035000 7792.115000 
53488.430102 7772.001696 
53496.581339 7757.022540 
53497.136883 7756.192417 
53536.740537 7717.111185 
53544.922163 7702.028360 
53545.490069 7701.198772 
53585.270211 7661.961566 
53593.431333 7646.952548 
53593.986911 7646.122374 
53700.347463 7541.193984 
53797.129056 7404.180944 
53798.080023 7403.229977 
53838.199734 7376.488525 
53846.811200 7364.308800 
53847.760038 7363.359962 
53887.839755 7336.648521 
53896.541173 7324.338827 
53897.490068 7323.389932 
53937.349362 7296.832139 
53945.949011 7284.650989 
53946.900037 7283.699963 
53987.279709 7256.788551 
53995.821211 7244.708789 
53996.770052 7243.759948 
54037.209327 7216.812151 
54045.819040 7204.620960 
54046.770053 7203.669947 
54086.549277 7177.162185 
54095.169068 7164.960932 
54096.119977 7164.010023 
54136.239698 7137.258520 
54144.841261 7125.098739 
54145.790037 7124.149963 
54186.259757 7097.178519 
54192.501171 7088.348829 
54193.408784 7087.441216 
54249.966256 7049.361726 
54329.904351 6953.225649 
54330.588922 6952.541078 
54468.435603 6852.902581 
54479.734163 6839.305837 
54480.418945 6838.621055 
54618.575551 6738.782630 
54628.554200 6726.775800 
54629.240240 6726.089760 
54799.384354 6602.551970 
54878.904403 6506.935597 
54879.588831 6506.251169 
55017.565594 6406.422541 
55028.944298 6392.735702 
55029.628950 6392.051050 
55060.780000 6369.540991 
55060.780000 73.470000 

