-1078640.300000 -142295.950000 
-1078640.300000 -142586.480840 
-1078357.298357 -142921.158898 
-1078233.455284 -143092.831054 
-1077941.611547 -143415.622451 
-1077817.775137 -143587.281252 
-1077526.028010 -143909.927916 
-1077400.588250 -144084.487952 
-1076808.458057 -144704.922096 
-1076808.495000 -144705.990000 
-1076694.615843 -144846.195092 
-1076557.899459 -145016.750769 
-1076264.656979 -145304.873604 
-1076139.369641 -145461.190613 
-1075846.268480 -145749.152022 
-1075719.255881 -145907.882523 
-1075419.953023 -146195.751970 
-1075286.009643 -146353.445282 
-1074884.251470 -146708.880828 
-1074704.834601 -146885.482725 
-1074601.650842 -147004.751174 
-1074448.511703 -147184.497732 
-1074154.348289 -147454.042276 
-1074028.141173 -147602.178356 
-1073735.576898 -147870.142150 
-1073593.098051 -148039.020704 
-1073158.380000 -148395.360000 
-1072991.476835 -148543.441946 
-1072899.860000 -148639.590000 
-1072729.077642 -148822.271524 
-1072435.366711 -149063.751340 
-1072291.150272 -149219.341379 
-1071840.349740 -149559.201348 
-1071683.761809 -149685.770561 
-1071603.079122 -149763.431968 
-1071409.205358 -149955.275195 
-1070970.523750 -150270.602924 
-1070833.886496 -150381.037288 
-1070758.615578 -150453.515185 
-1070565.004215 -150644.366387 
-1070269.298530 -150864.920295 
-1070130.705337 -151002.055142 
-1069680.428308 -151325.793406 
-1069510.050823 -151462.699966 
-1069403.920000 -151550.760000 
-1069176.811618 -151746.183852 
-1068708.829349 -152028.486352 
-1068602.673786 -152101.326683 
-1068551.210000 -152144.020000 
-1068315.021743 -152347.273779 
-1067839.489238 -152634.126419 
-1067743.293928 -152700.136598 
-1067698.510000 -152737.280000 
-1067453.181650 -152948.383828 
-1066970.189487 -153239.746268 
-1066883.803421 -153299.016918 
-1066845.810000 -153330.550000 
-1066591.401671 -153549.473823 
-1066100.849133 -153845.386482 
-1066024.433694 -153897.826772 
-1065993.110000 -153923.810000 
-1065729.541563 -154150.603892 
-1065231.569171 -154450.986459 
-1065164.973768 -154496.686716 
-1065140.400000 -154517.070000 
-1064867.781758 -154751.673766 
-1064362.219624 -155056.646185 
-1064305.500150 -155095.559145 
-1064288.120000 -155109.980000 
-1064002.763002 -155355.766693 
-1063408.560000 -155711.255000 
-1063192.870000 -155838.445000 
-1062955.050000 -155978.990000 
-1062842.794999 -156043.934849 
-1062535.155440 -156274.033193 
-1061990.565000 -156546.825000 
-1061975.241328 -156555.702268 
-1061663.014883 -156789.229867 
-1061121.330922 -157060.242106 
-1061002.120000 -157130.470000 
-1060717.801138 -157300.007707 
-1060540.170432 -157393.556529 
-1060198.945000 -157622.560000 
-1059914.921827 -157747.125378 
-1059573.068173 -157893.909622 
-1059517.550000 -157925.080000 
-1059282.830000 -158046.540000 
-1059208.478053 -158084.047857 
-1058880.175000 -158304.380000 
-1058589.772674 -158431.517671 
-1058245.567326 -158579.307329 
-1058193.840000 -158608.360000 
-1057958.060000 -158730.370000 
-1057895.828347 -158761.757668 
-1057561.405000 -158986.190000 
-1057264.500008 -159115.786907 
-1056921.924992 -159262.883093 
-1056877.840000 -159287.640000 
-1056633.270000 -159414.190000 
-1056582.857486 -159439.618072 
-1056245.945385 -159665.487437 
-1055557.440000 -159963.445000 
-1055331.180000 -160067.660000 
-1054839.200000 -160279.365000 
-1054595.920000 -160384.430000 
-1054574.339449 -160393.447898 
-1054218.865000 -160600.395000 
-1053895.875539 -160714.041058 
-1053535.039461 -160839.038942 
-1053497.960000 -160856.620000 
-1053053.890000 -161047.705000 
-1052809.070000 -161153.440000 
-1052804.429276 -161155.379656 
-1052445.531301 -161364.001265 
-1051681.795433 -161631.340851 
-1051429.723517 -161726.325197 
-1050444.534023 -162058.031947 
-1050255.435000 -162121.690000 
-1049995.420000 -162209.170000 
-1049783.264689 -162280.975950 
-1049399.482075 -162467.229815 
-1048599.835000 -162673.560000 
-1048276.694364 -162770.591492 
-1047849.625000 -162863.780000 
-1047849.120000 -162863.885000 
-1047619.090000 -162914.095000 
-1047388.685000 -162964.380000 
-1047388.095000 -162964.500000 
-1047158.275000 -163014.660000 
-1047157.770000 -163014.765000 
-1046927.154138 -163065.091048 
-1046698.815251 -163114.901150 
-1046342.461792 -163192.940553 
-1045287.174470 -163372.116280 
-1045035.550000 -163415.115000 
-1044921.730000 -163433.625000 
-1044507.188605 -163522.392591 
-1044000.563832 -163571.633123 
-1025351.609523 -166738.267188 
-1001991.335006 -170704.860593 
-991383.776668 -172506.060377 
-981899.750000 -174116.480000 
-981282.921213 -174221.227141 
-975302.931021 -175236.646013 
-974838.328532 -175315.521354 
-974158.960000 -175430.890000 
-973694.348812 -175509.773005 
-972979.909418 -175631.086575 
-972300.540000 -175746.450000 
-971272.320103 -175921.040605 
-971120.682848 -175947.239215 
-962306.200000 -177443.256913 
-962306.200000 -177733.200000 
-962317.965000 -177740.395000 
-962318.005000 -177741.505000 
-962329.770000 -177748.700000 
-962329.770000 -177811.950000 
-962248.700000 -177811.950000 
-962248.700000 -177882.950000 
-962363.700000 -177882.950000 
-962354.485000 -177896.370000 
-962346.735000 -177898.450000 

-962363.700000 -177882.950000 
-962363.700000 -177953.950000 
-962248.700000 -177953.950000 
-962248.700000 -178024.950000 
-962306.200000 -178024.950000 
-962363.700000 -178024.950000 
-962363.700000 -178095.950000 
-962306.200000 -178095.950000 
-962248.700000 -178095.950000 
-962248.700000 -178166.950000 
-962306.200000 -178166.950000 
-962363.700000 -178166.950000 
-962363.700000 -178237.950000 
-962248.700000 -178237.950000 
-962248.700000 -178308.950000 
-962363.700000 -178308.950000 
-962363.700000 -178379.950000 
-962306.200000 -178379.950000 
-962313.950000 -178384.460000 
-962297.895000 -178384.460000 

-962306.200000 -178379.950000 
-962306.200000 -178404.450000 

