-20798.635000 -46569.875000 
-20792.493017 -46574.728815 
-20786.380727 -46579.268526 
-20774.619984 -46587.827818 
-20761.613591 -46596.023627 
-20037.561739 -47034.072797 
-20029.265000 -47038.570000 
-19908.520000 -47103.052462 
-19908.520000 -55615.950000 

-20792.493017 -46574.728815 
-20794.708019 -46573.083692 
-21320.500000 -46144.585000 
-21569.733209 -45947.102649 
-21570.435000 -45946.495000 
-21834.375000 -45736.810000 
-23565.567752 -44361.739057 
-24645.437178 -43444.752997 
-27808.339703 -40707.179254 
-27868.402034 -40643.699315 
-28635.845970 -39716.722592 
-29361.090000 -38809.998366 
-29361.090000 -38750.000000 
-22125.000000 -38750.000000 

