4024.590000 169.110000 
4024.751571 168.526018 
4033.920000 135.405000 
4034.126982 134.639598 
4043.040000 101.680000 
4051.940000 67.930000 
4060.576714 34.362566 
4069.179216 0.003220 
4077.445000 -33.930000 
4085.521083 -67.987824 
4093.324010 -101.883978 
4101.000000 -136.150000 
4108.430000 -170.410000 
4115.639370 -204.639448 
4122.611999 -238.814800 
4129.278709 -272.586558 
4135.911672 -307.290626 
4142.293125 -341.918352 
4148.406248 -376.228128 
4154.320000 -410.700000 
4155.999354 -420.870000 
6533.310000 -420.870000 

4024.751571 168.526018 
4015.000000 202.825000 
4005.190943 236.511327 
3995.270000 269.870000 
3985.080000 303.315000 
3974.518252 337.239920 
3963.831467 370.783711 
3953.270000 403.270000 
3942.270000 436.410000 
3930.968330 469.743661 
3919.414366 503.070654 
3907.747088 536.090208 
3896.050000 568.530000 
3883.935046 601.506533 
3872.004800 633.315674 
3859.240000 666.775000 
3846.470803 699.579900 
3833.670000 731.890000 
3820.580000 764.330000 
3807.290000 796.650000 
3793.965145 828.487550 
3780.057060 861.195984 
3766.170000 893.230000 
3751.946202 925.515604 
3737.635913 957.406532 
3723.245197 988.970368 
3708.515468 1020.767719 
3629.015503 1189.607645 
3490.032100 1434.844519 
3377.555187 1614.322681 
3250.430000 1801.155000 
3121.279486 1975.261580 
2991.440000 2136.670000 
2817.151693 2332.453582 
2733.557973 2423.610375 
2541.430000 2609.920000 
2412.096233 2727.358421 
2057.925000 3018.700000 
1969.754551 3084.319990 
1713.980000 3252.240000 
1649.498067 3291.832328 
1582.766290 3329.172852 
1518.570000 3363.970000 
1454.270933 3397.687926 
1390.255001 3430.156222 
1326.557123 3461.402358 
1262.675667 3491.689942 
1198.668096 3520.987839 
1134.934829 3549.163066 
1071.492907 3576.214039 
1008.148698 3602.262218 
944.601687 3627.444251 
881.331556 3651.577651 
818.480000 3674.635000 
755.391837 3696.884624 
692.480000 3718.200000 
629.555000 3738.630000 
566.774688 3758.159870 
504.097248 3776.823575 
441.420714 3794.640815 
379.170000 3811.520000 
316.582886 3827.653389 
254.226095 3842.929349 
192.173923 3857.347530 
130.189168 3870.945539 
68.274747 3883.782126 
6.435000 3895.835000 
-55.413045 3907.125639 
-117.090000 3917.650000 
-178.710000 3927.380000 
-240.210000 3936.360000 
-301.655000 3944.595000 
-362.864550 3952.095558 
-424.278436 3958.894737 
-485.270000 3964.950000 
-546.320000 3970.250000 
-607.230000 3974.830000 
-669.470000 3978.820000 
-679.325000 3978.820000 
-702.855000 3978.660000 
-709.540000 3978.660000 
-760.630000 3981.410000 
-821.295000 3983.550000 
-881.655000 3984.950000 
-941.655000 3985.660000 
-1010.895000 3985.710000 
-1062.845000 3985.070000 
-1070.990000 3985.070000 
-1122.950000 3983.750000 
-1131.045000 3983.750000 
-1183.015000 3981.730000 
-1191.040000 3981.730000 
-1243.020000 3979.030000 
-1250.980000 3979.030000 
-1302.980000 3975.660000 
-1310.860000 3975.660000 
-1370.720000 3971.340000 
-1426.720000 3966.908599 
-1426.720000 3896.700000 

3872.004800 633.315674 

