644.860000 -6203.300000 
644.860000 -6251.390000 
648.861217 -6251.390000 
709.630000 -6230.800000 
770.915000 -6209.185000 
832.450000 -6186.610000 
893.995000 -6163.130000 
955.598000 -6138.712497 
1017.470000 -6113.270000 
1079.405000 -6086.855000 
1141.079515 -6059.597201 
1203.385000 -6031.075000 
1265.490000 -6001.630000 
1327.775000 -5971.070000 
1390.092315 -5939.468542 
1452.540000 -5906.720000 
1515.057976 -5872.831938 
1577.708790 -5837.742277 
1640.531655 -5801.380102 
1703.317094 -5763.851794 
1766.249801 -5725.002902 
1829.301694 -5684.838886 
1892.450000 -5643.310000 
1955.715000 -5600.325000 
2020.596586 -5554.895379 
2171.380000 -5435.650000 
2205.596863 -5411.529261 
2270.814180 -5359.593617 
2334.705000 -5306.980000 
2398.605000 -5252.650000 
2462.555000 -5196.410000 
2526.650000 -5138.160000 
2590.895000 -5077.735000 
2655.200000 -5015.170000 
2719.660000 -4950.190000 
2784.104089 -4882.826406 
2848.739897 -4812.802610 
2913.470566 -4739.996868 
2978.230576 -4664.314446 
3043.282457 -4585.186192 
3108.220278 -4502.887026 
3173.397688 -4416.704668 
3238.700000 -4326.430000 
3304.077058 -4231.798460 
3369.474983 -4132.378032 
3435.084110 -4027.393424 
3500.790000 -3916.235000 
3566.652253 -3798.058586 
3632.465000 -3672.205000 
3698.469784 -3536.821466 
3764.586707 -3390.060604 
3830.863451 -3229.344506 
3897.256717 -3050.785724 
3963.659860 -2848.400667 
4018.272309 -2656.311359 
4034.751494 -2586.750378 
4042.483833 -2553.166785 
4050.090000 -2519.220000 
4057.450000 -2485.300000 
4064.575000 -2451.490000 
4071.501950 -2417.525440 
4078.116658 -2384.042790 
4084.667193 -2349.713138 
4091.002539 -2315.394993 
4097.056370 -2281.391133 
4102.920000 -2247.250000 
4108.580000 -2212.940000 
4113.990000 -2178.730000 
4119.200000 -2144.480000 
4124.190000 -2110.220000 
4128.952495 -2076.013902 
4133.535000 -2041.605000 
4137.846784 -2007.508129 
4142.009447 -1972.856226 
4145.940000 -1938.225000 
4149.630000 -1903.790000 
4153.112010 -1869.272684 
4156.360000 -1834.990000 
4159.410000 -1800.420000 
4162.230000 -1765.960000 
4164.850000 -1731.460000 
4167.260000 -1696.810000 
4169.430000 -1662.210000 
4171.390000 -1627.645000 
4172.738931 -1600.870000 
6533.310000 -1600.870000 

