-705859.420000 -169240.510000 
-707500.760000 -169240.510000 
-707500.760000 -169300.522114 
-707343.870000 -169895.497886 
-707343.870000 -170010.479463 
-707352.310000 -170060.480537 
-707352.310000 -170201.082048 
-707195.430000 -170796.057952 
-707195.430000 -170899.390000 
-707196.050000 -170949.390000 
-707196.050000 -171121.760991 
-706865.437438 -171860.722426 
-706832.472551 -172055.987640 
-706508.187372 -172780.772533 
-706475.232635 -172976.037428 
-706150.947443 -173700.842399 
-706117.982558 -173896.107597 
-705793.707429 -174620.892433 
-705760.742557 -174816.167650 
-705436.457365 -175540.932523 
-705403.502648 -175736.207399 
-705079.217443 -176461.012399 
-705046.252561 -176656.277577 
-704721.977490 -177381.072308 
-704689.002491 -177576.357807 
-704365.171865 -178300.099808 
-704325.498275 -178537.889068 
-703706.811751 -179695.390413 
-703186.249674 -180413.890570 
-703099.400339 -180620.849401 
-702565.269716 -181358.090524 
-702478.410284 -181565.059476 
-701944.279622 -182302.300654 
-701857.430365 -182509.269377 
-701323.289674 -183246.510569 
-701236.440339 -183453.469400 
-700702.279820 -184190.752282 
-700615.420212 -184397.697642 
-700081.160346 -185135.151588 
-699995.808970 -185338.361231 
-699348.731823 -186238.926843 
-699083.800062 -186637.690268 
-698212.967787 -187426.671720 
-698050.402220 -187643.888271 
-697223.777697 -188392.821804 
-697061.222297 -188610.038204 
-696234.537786 -189359.021720 
-696071.972207 -189576.238289 
-695245.337627 -190325.171861 
-695082.792371 -190542.388141 
-694255.958169 -191291.501370 
-694094.737772 -191506.860694 
-693193.539897 -192326.076893 
-692801.605513 -192777.285521 
-691268.532444 -193670.027099 
-690984.384153 -193895.215598 
-689680.655793 -194654.404434 
-689396.514201 -194879.595571 
-688092.745794 -195638.804432 
-687808.508945 -195864.071813 
-686509.654372 -196620.298345 
-686178.356216 -196884.728983 
-685470.990911 -197262.829524 
-683244.725000 -198212.370000 
-683244.014962 -198212.644884 
-680867.144890 -198994.651098 
-680289.029848 -199224.344618 
-680288.370000 -199224.570000 
-678567.020000 -199746.740335 
-678567.020000 -209773.700000 

