-1045966.30 -157591.95
-1045966.30 -157705.36
-1045767.30 -157748.79
-1045536.85 -157799.05
-1045304.57 -157849.92
-1045070.40 -157889.69
-1044838.09 -157929.13
-1044605.77 -157968.59
-1044373.60 -158007.96
-1044140.39 -158047.85
-1043914.53 -158084.56
-1043671.60 -158136.60
-1043281.41 -158174.50
-1042130.43 -158369.94
-1041982.93 -158394.99
-1041747.21 -158435.01
-1041577.85 -158463.77
-1040723.80 -158608.79
-1040456.46 -158654.19
-1040099.97 -158714.72
-1039053.41 -158892.43
-1038972.00 -158906.25
-1038727.85 -158947.71
-1038003.00 -159070.79
-1037846.17 -159097.42
-1037111.45 -159222.18
-1024740.72 -161322.75
-1024334.06 -161391.80
-1024237.46 -161408.21
-1023423.90 -161546.35
-1022520.84 -161699.69
-1021740.67 -161832.17
-1020465.25 -162048.74
-1014788.36 -163012.68
-1008323.51 -164110.43
-1003208.23 -164979.01
-1001152.72 -165328.04
-1000066.36 -165512.51
-998300.95 -165812.28
-997384.89 -165967.83
-993382.45 -166647.45
-991926.55 -166894.67
-989284.46 -167343.30
-989256.52 -167348.04
-989253.67 -167348.53
-988763.45 -167431.77
-987762.94 -167601.66
-986143.88 -167876.58
-984417.33 -168169.75
-983788.99 -168276.44
-983248.35 -168368.24
-980988.83 -168751.91
-979988.07 -168921.85
-979390.49 -169023.32
-979153.14 -169063.62
-977877.69 -169280.19
-977013.64 -169426.91
-975740.64 -169643.07
-974759.33 -169809.70
-974392.01 -169872.07
-974177.25 -169908.53
-973927.41 -169950.96
-973712.65 -169987.43
-973462.81 -170029.85
-973248.04 -170066.32
-972998.20 -170108.74
-972783.44 -170145.21
-972533.60 -170187.63
-972318.83 -170224.10
-972068.99 -170266.52
-971854.23 -170302.99
-971604.39 -170345.41
-971389.62 -170381.88
-971139.79 -170424.30
-970925.02 -170460.77
-970675.18 -170503.19
-970460.42 -170539.66
-970213.48 -170581.59
-970207.92 -170582.53
-969508.72 -170701.26
-966831.84 -171155.80
-965131.28 -171444.56
-964555.82 -171542.27
-964511.70 -171549.77
-964489.43 -171553.55
-941226.20 -175503.69
-941226.20 -175681.95
-941184.72 -175681.95
-941184.72 -175752.95
-941283.70 -175752.95
-941283.70 -175823.95
-941168.70 -175823.95
-941168.70 -175894.95
-941283.70 -175894.95
-941283.70 -175965.95
-941168.70 -175965.95
-941168.70 -176036.95
-941283.70 -176036.95
-941283.70 -176107.95
-941168.70 -176107.95
-941168.70 -176178.95
-941283.70 -176178.95
-941283.70 -176249.95
-941168.70 -176249.95
-941168.70 -176320.95
-941283.70 -176320.95
-941283.70 -176391.95
-941168.70 -176391.95
-941168.70 -176462.95
-941283.70 -176462.95
-941283.70 -176533.95
-941168.70 -176533.95
-941168.70 -176604.95
-941283.70 -176604.95
-941283.70 -176675.95
-941168.70 -176675.95
-941168.70 -176746.95
-941283.70 -176746.95
-941283.70 -176817.95
-941168.70 -176817.95
-941168.70 -176888.95
-941283.70 -176888.95
-941283.70 -176959.95
-941168.70 -176959.95
-941168.70 -177030.95
-941283.70 -177030.95
-941283.70 -177101.95
-941168.70 -177101.95
-941168.70 -177172.95
-941283.70 -177172.95
-941283.70 -177243.95
-941168.70 -177243.95
-941168.70 -177314.95
-941283.70 -177314.95
-941283.70 -177385.95
-941168.70 -177385.95
-941168.70 -177456.95
-941283.70 -177456.95
-941283.70 -177527.95
-941168.70 -177527.95
-941168.70 -177598.95
-941283.70 -177598.95
-941283.70 -177669.95
-941168.70 -177669.95
-941168.70 -177740.95
-941283.70 -177740.95
-941283.70 -177811.95
-941168.70 -177811.95
-941168.70 -177882.95
-941283.70 -177882.95
-941283.70 -177953.95
-941168.70 -177953.95
-941168.70 -178024.95
-941283.70 -178024.95
-941283.70 -178095.95
-941168.70 -178095.95
-941168.70 -178166.95
-941283.70 -178166.95
-941283.70 -178237.95
-941168.70 -178237.95
-941168.70 -178308.95
-941283.70 -178308.95
-941283.70 -178379.95
-941226.20 -178379.95
-941226.20 -178404.45
31.00