-691619.50 -157719.35
-691619.50 -157743.87
-691818.50 -157777.66
-692183.73 -157839.68
-692409.06 -157877.94
-692682.27 -157924.33
-692897.09 -157960.81
-693146.87 -158003.22
-693375.18 -158041.99
-693599.07 -158080.01
-693812.38 -158116.23
-694327.73 -158203.73
-695005.29 -158318.78
-695220.12 -158355.26
-695469.89 -158397.67
-695633.01 -158425.37
-696133.71 -158510.39
-696282.75 -158535.70
-697108.04 -158675.84
-698764.16 -158957.05
-699691.12 -159114.45
-699981.00 -159163.67
-701937.88 -159495.95
-703433.29 -159749.88
-703800.50 -159812.23
-706120.57 -160206.18
-707216.22 -160392.23
-708310.40 -160578.02
-709394.42 -160762.09
-709898.43 -160847.67
-710309.57 -160917.48
-711374.96 -161098.39
-711481.64 -161116.50
-711516.20 -161122.37
-711516.20 -161268.95
-711573.70 -161268.95
-711573.70 -161339.95
-711458.70 -161339.95
-711458.70 -161410.95
-711573.70 -161410.95
-711573.70 -161481.95
-711458.70 -161481.95
-711458.70 -161552.95
-711573.70 -161552.95
-711573.70 -161623.95
-711458.70 -161623.95
-711458.70 -161694.95
-711573.70 -161694.95
-711573.70 -161765.95
-711458.70 -161765.95
-711458.70 -161836.95
-711573.70 -161836.95
-711573.70 -161907.95
-711458.70 -161907.95
-711458.70 -161978.95
-711573.70 -161978.95
-711573.70 -162049.95
-711458.70 -162049.95
-711458.70 -162120.95
-711573.70 -162120.95
-711573.70 -162191.95
-711458.70 -162191.95
-711458.70 -162262.95
-711573.70 -162262.95
-711573.70 -162333.95
-711458.70 -162333.95
-711458.70 -162404.95
-711573.70 -162404.95
-711573.70 -162475.95
-711458.70 -162475.95
-711458.70 -162546.95
-711573.70 -162546.95
-711573.70 -162617.95
-711458.70 -162617.95
-711458.70 -162688.95
-711573.70 -162688.95
-711573.70 -162759.95
-711458.70 -162759.95
-711458.70 -162830.95
-711573.70 -162830.95
-711573.70 -162901.95
-711458.70 -162901.95
-711458.70 -162972.95
-711573.70 -162972.95
-711573.70 -163043.95
-711458.70 -163043.95
-711458.70 -163114.95
-711573.70 -163114.95
-711573.70 -163185.95
-711458.70 -163185.95
-711458.70 -163256.95
-711573.70 -163256.95
-711573.70 -163327.95
-711458.70 -163327.95
-711458.70 -163398.95
-711573.70 -163398.95
-711573.70 -163469.95
-711458.70 -163469.95
-711458.70 -163540.95
-711573.70 -163540.95
-711573.70 -163611.95
-711458.70 -163611.95
-711458.70 -163682.95
-711573.70 -163682.95
-711573.70 -163753.95
-711458.70 -163753.95
-711458.70 -163824.95
-711573.70 -163824.95
-711573.70 -163895.95
-711458.70 -163895.95
-711458.70 -163966.95
-711573.70 -163966.95
-711573.70 -164037.95
-711458.70 -164037.95
-711458.70 -164108.95
-711573.70 -164108.95
-711573.70 -164179.95
-711458.70 -164179.95
-711458.70 -164250.95
-711573.70 -164250.95
-711573.70 -164321.95
-711458.70 -164321.95
-711458.70 -164392.95
-711573.70 -164392.95
-711573.70 -164463.95
-711458.70 -164463.95
-711458.70 -164534.95
-711573.70 -164534.95
-711573.70 -164605.95
-711458.70 -164605.95
-711458.70 -164676.95
-711573.70 -164676.95
-711573.70 -164747.95
-711458.70 -164747.95
-711458.70 -164818.95
-711573.70 -164818.95
-711573.70 -164889.95
-711458.70 -164889.95
-711458.70 -164960.95
-711573.70 -164960.95
-711573.70 -165031.95
-711458.70 -165031.95
-711458.70 -165102.95
-711573.70 -165102.95
-711573.70 -165173.95
-711458.70 -165173.95
-711458.70 -165244.95
-711573.70 -165244.95
-711573.70 -165315.95
-711458.70 -165315.95
-711458.70 -165386.95
-711573.70 -165386.95
-711573.70 -165457.95
-711458.70 -165457.95
-711458.70 -165528.95
-711573.70 -165528.95
-711573.70 -165599.95
-711458.70 -165599.95
-711458.70 -165670.95
-711573.70 -165670.95
-711573.70 -165741.95
-711458.70 -165741.95
-711458.70 -165812.95
-711573.70 -165812.95
-711573.70 -165883.95
-711458.70 -165883.95
-711458.70 -165954.95
-711573.70 -165954.95
-711573.70 -166025.95
-711458.70 -166025.95
-711458.70 -166096.95
-711573.70 -166096.95
-711573.70 -166167.95
-711458.70 -166167.95
-711458.70 -166238.95
-711573.70 -166238.95
-711573.70 -166309.95
-711458.70 -166309.95
-711458.70 -166380.95
-711573.70 -166380.95
-711573.70 -166451.95
-711458.70 -166451.95
-711458.70 -166522.95
-711573.70 -166522.95
-711573.70 -166593.95
-711458.70 -166593.95
-711458.70 -166664.95
-711573.70 -166664.95
-711573.70 -166735.95
-711458.70 -166735.95
-711458.70 -166806.95
-711573.70 -166806.95
-711573.70 -166877.95
-711458.70 -166877.95
-711458.70 -166948.95
-711573.70 -166948.95
-711573.70 -167019.95
-711458.70 -167019.95
-711458.70 -167090.95
-711573.70 -167090.95
-711573.70 -167161.95
-711458.70 -167161.95
-711458.70 -167232.95
-711573.70 -167232.95
-711573.70 -167303.95
-711458.70 -167303.95
-711458.70 -167374.95
-711573.70 -167374.95
-711573.70 -167445.95
-711458.70 -167445.95
-711458.70 -167516.95
-711573.70 -167516.95
-711573.70 -167587.95
-711458.70 -167587.95
-711458.70 -167658.95
-711573.70 -167658.95
-711573.70 -167729.95
-711458.70 -167729.95
-711458.70 -167800.95
-711573.70 -167800.95
-711573.70 -167871.95
-711458.70 -167871.95
-711458.70 -167942.95
-711573.70 -167942.95
-711573.70 -168013.95
-711458.70 -168013.95
-711458.70 -168084.95
-711573.70 -168084.95
-711573.70 -168155.95
-711458.70 -168155.95
-711458.70 -168226.95
-711573.70 -168226.95
-711573.70 -168297.95
-711458.70 -168297.95
-711458.70 -168368.95
-711573.70 -168368.95
-711573.70 -168439.95
-711458.70 -168439.95
-711458.70 -168510.95
-711573.70 -168510.95
-711573.70 -168581.95
-711458.70 -168581.95
-711458.70 -168652.95
-711573.70 -168652.95
-711573.70 -168723.95
-711458.70 -168723.95
-711458.70 -168794.95
-711573.70 -168794.95
-711573.70 -168865.95
-711458.70 -168865.95
-711458.70 -168936.95
-711573.70 -168936.95
-711573.70 -169007.95
-711458.70 -169007.95
-711458.70 -169078.95
-711573.70 -169078.95
-711573.70 -169149.95
-711458.70 -169149.95
-711458.70 -169220.95
-711573.70 -169220.95
-711573.70 -169291.95
-711458.70 -169291.95
-711458.70 -169362.95
-711573.70 -169362.95
-711573.70 -169433.95
-711458.70 -169433.95
-711458.70 -169504.95
-711573.70 -169504.95
-711573.70 -169575.95
-711458.70 -169575.95
-711458.70 -169646.95
-711573.70 -169646.95
-711573.70 -169717.95
-711458.70 -169717.95
-711458.70 -169788.95
-711573.70 -169788.95
-711573.70 -169859.95
-711458.70 -169859.95
-711458.70 -169930.95
-711573.70 -169930.95
-711573.70 -170001.95
-711458.70 -170001.95
-711458.70 -170072.95
-711573.70 -170072.95
-711573.70 -170143.95
-711458.70 -170143.95
-711458.70 -170214.95
-711573.70 -170214.95
-711573.70 -170285.95
-711458.70 -170285.95
-711458.70 -170356.95
-711573.70 -170356.95
-711573.70 -170427.95
-711458.70 -170427.95
-711458.70 -170498.95
-711573.70 -170498.95
-711573.70 -170569.95
-711458.70 -170569.95
-711458.70 -170640.95
-711573.70 -170640.95
-711573.70 -170711.95
-711458.70 -170711.95
-711458.70 -170782.95
-711573.70 -170782.95
-711573.70 -170853.95
-711458.70 -170853.95
-711458.70 -170924.95
-711573.70 -170924.95
-711573.70 -170995.95
-711458.70 -170995.95
-711458.70 -171066.95
-711573.70 -171066.95
-711573.70 -171137.95
-711458.70 -171137.95
-711458.70 -171208.95
-711573.70 -171208.95
-711573.70 -171279.95
-711458.70 -171279.95
-711458.70 -171350.95
-711573.70 -171350.95
-711573.70 -171421.95
-711458.70 -171421.95
-711458.70 -171492.95
-711573.70 -171492.95
-711573.70 -171563.95
-711458.70 -171563.95
-711458.70 -171634.95
-711573.70 -171634.95
-711573.70 -171705.95
-711458.70 -171705.95
-711458.70 -171776.95
-711573.70 -171776.95
-711573.70 -171847.95
-711458.70 -171847.95
-711458.70 -171918.95
-711573.70 -171918.95
-711573.70 -171989.95
-711458.70 -171989.95
-711458.70 -172060.95
-711573.70 -172060.95
-711573.70 -172131.95
-711458.70 -172131.95
-711458.70 -172202.95
-711573.70 -172202.95
-711573.70 -172273.95
-711458.70 -172273.95
-711458.70 -172344.95
-711573.70 -172344.95
-711573.70 -172415.95
-711458.70 -172415.95
-711458.70 -172486.95
-711573.70 -172486.95
-711573.70 -172557.95
-711458.70 -172557.95
-711458.70 -172628.95
-711573.70 -172628.95
-711573.70 -172699.95
-711458.70 -172699.95
-711458.70 -172770.95
-711573.70 -172770.95
-711573.70 -172841.95
-711458.70 -172841.95
-711458.70 -172912.95
-711573.70 -172912.95
-711573.70 -172983.95
-711458.70 -172983.95
-711458.70 -173054.95
-711573.70 -173054.95
-711573.70 -173125.95
-711458.70 -173125.95
-711458.70 -173196.95
-711573.70 -173196.95
-711573.70 -173267.95
-711458.70 -173267.95
-711458.70 -173338.95
-711573.70 -173338.95
-711573.70 -173409.95
-711458.70 -173409.95
-711458.70 -173480.95
-711573.70 -173480.95
-711573.70 -173551.95
-711458.70 -173551.95
-711458.70 -173622.95
-711573.70 -173622.95
-711573.70 -173693.95
-711458.70 -173693.95
-711458.70 -173764.95
-711573.70 -173764.95
-711573.70 -173835.95
-711458.70 -173835.95
-711458.70 -173906.95
-711573.70 -173906.95
-711573.70 -173977.95
-711458.70 -173977.95
-711458.70 -174048.95
-711573.70 -174048.95
-711573.70 -174119.95
-711458.70 -174119.95
-711458.70 -174190.95
-711573.70 -174190.95
-711573.70 -174261.95
-711458.70 -174261.95
-711458.70 -174332.95
-711573.70 -174332.95
-711573.70 -174403.95
-711458.70 -174403.95
-711458.70 -174474.95
-711573.70 -174474.95
-711573.70 -174545.95
-711458.70 -174545.95
-711458.70 -174616.95
-711573.70 -174616.95
-711573.70 -174687.95
-711458.70 -174687.95
-711458.70 -174758.95
-711573.70 -174758.95
-711573.70 -174829.95
-711458.70 -174829.95
-711458.70 -174900.95
-711573.70 -174900.95
-711573.70 -174971.95
-711458.70 -174971.95
-711458.70 -175042.95
-711573.70 -175042.95
-711573.70 -175113.95
-711458.70 -175113.95
-711458.70 -175184.95
-711573.70 -175184.95
-711573.70 -175255.95
-711458.70 -175255.95
-711458.70 -175326.95
-711573.70 -175326.95
-711573.70 -175397.95
-711458.70 -175397.95
-711458.70 -175468.95
-711573.70 -175468.95
-711573.70 -175539.95
-711458.70 -175539.95
-711458.70 -175610.95
-711573.70 -175610.95
-711573.70 -175681.95
-711458.70 -175681.95
-711458.70 -175752.95
-711573.70 -175752.95
-711573.70 -175823.95
-711458.70 -175823.95
-711458.70 -175894.95
-711573.70 -175894.95
-711573.70 -175965.95
-711458.70 -175965.95
-711458.70 -176036.95
-711573.70 -176036.95
-711573.70 -176107.95
-711458.70 -176107.95
-711458.70 -176178.95
-711573.70 -176178.95
-711573.70 -176249.95
-711458.70 -176249.95
-711458.70 -176320.95
-711573.70 -176320.95
-711573.70 -176391.95
-711458.70 -176391.95
-711458.70 -176462.95
-711573.70 -176462.95
-711573.70 -176533.95
-711458.70 -176533.95
-711458.70 -176604.95
-711573.70 -176604.95
-711573.70 -176675.95
-711458.70 -176675.95
-711458.70 -176746.95
-711573.70 -176746.95
-711573.70 -176817.95
-711458.70 -176817.95
-711458.70 -176888.95
-711573.70 -176888.95
-711573.70 -176959.95
-711458.70 -176959.95
-711458.70 -177030.95
-711573.70 -177030.95
-711573.70 -177101.95
-711458.70 -177101.95
-711458.70 -177172.95
-711573.70 -177172.95
-711573.70 -177243.95
-711458.70 -177243.95
-711458.70 -177314.95
-711573.70 -177314.95
-711573.70 -177385.95
-711458.70 -177385.95
-711458.70 -177456.95
-711573.70 -177456.95
-711573.70 -177527.95
-711458.70 -177527.95
-711458.70 -177598.95
-711573.70 -177598.95
-711573.70 -177669.95
-711458.70 -177669.95
-711458.70 -177740.95
-711573.70 -177740.95
-711573.70 -177811.95
-711458.70 -177811.95
-711458.70 -177882.95
-711573.70 -177882.95
-711573.70 -177953.95
-711458.70 -177953.95
-711458.70 -178024.95
-711573.70 -178024.95
-711573.70 -178095.95
-711458.70 -178095.95
-711458.70 -178166.95
-711573.70 -178166.95
-711573.70 -178237.95
-711458.70 -178237.95
-711458.70 -178308.95
-711573.70 -178308.95
-711573.70 -178379.95
-711516.20 -178379.95
-711516.20 -178404.45
31.00