-634976.50 -157719.35
-634976.50 -157743.87
-635175.49 -157777.66
-635639.99 -157856.53
-635640.02 -157856.54
-636569.31 -158014.33
-637698.66 -158206.10
-637880.61 -158236.99
-638827.43 -158397.77
-639379.54 -158491.51
-640324.00 -158651.89
-644005.61 -159277.03
-651159.54 -160491.78
-658754.29 -161781.39
-662678.69 -162447.76
-667845.38 -163325.08
-669246.68 -163563.02
-671719.77 -163982.95
-672036.48 -164036.73
-673769.46 -164331.00
-674609.57 -164473.65
-674781.20 -164502.79
-674781.20 -164605.95
-674751.58 -164605.95
-674751.58 -164676.95
-674838.70 -164676.95
-674838.70 -164747.95
-674723.70 -164747.95
-674723.70 -164818.95
-674838.70 -164818.95
-674838.70 -164889.95
-674723.70 -164889.95
-674723.70 -164960.95
-674838.70 -164960.95
-674838.70 -165031.95
-674723.70 -165031.95
-674723.70 -165102.95
-674838.70 -165102.95
-674838.70 -165173.95
-674723.70 -165173.95
-674723.70 -165244.95
-674838.70 -165244.95
-674838.70 -165315.95
-674723.70 -165315.95
-674723.70 -165386.95
-674838.70 -165386.95
-674838.70 -165457.95
-674723.70 -165457.95
-674723.70 -165528.95
-674838.70 -165528.95
-674838.70 -165599.95
-674723.70 -165599.95
-674723.70 -165670.95
-674838.70 -165670.95
-674838.70 -165741.95
-674723.70 -165741.95
-674723.70 -165812.95
-674838.70 -165812.95
-674838.70 -165883.95
-674723.70 -165883.95
-674723.70 -165954.95
-674838.70 -165954.95
-674838.70 -166025.95
-674723.70 -166025.95
-674723.70 -166096.95
-674838.70 -166096.95
-674838.70 -166167.95
-674723.70 -166167.95
-674723.70 -166238.95
-674838.70 -166238.95
-674838.70 -166309.95
-674723.70 -166309.95
-674723.70 -166380.95
-674838.70 -166380.95
-674838.70 -166451.95
-674723.70 -166451.95
-674723.70 -166522.95
-674838.70 -166522.95
-674838.70 -166593.95
-674723.70 -166593.95
-674723.70 -166664.95
-674838.70 -166664.95
-674838.70 -166735.95
-674723.70 -166735.95
-674723.70 -166806.95
-674838.70 -166806.95
-674838.70 -166877.95
-674723.70 -166877.95
-674723.70 -166948.95
-674838.70 -166948.95
-674838.70 -167019.95
-674723.70 -167019.95
-674723.70 -167090.95
-674838.70 -167090.95
-674838.70 -167161.95
-674723.70 -167161.95
-674723.70 -167232.95
-674838.70 -167232.95
-674838.70 -167303.95
-674723.70 -167303.95
-674723.70 -167374.95
-674838.70 -167374.95
-674838.70 -167445.95
-674723.70 -167445.95
-674723.70 -167516.95
-674838.70 -167516.95
-674838.70 -167587.95
-674723.70 -167587.95
-674723.70 -167658.95
-674838.70 -167658.95
-674838.70 -167729.95
-674723.70 -167729.95
-674723.70 -167800.95
-674838.70 -167800.95
-674838.70 -167871.95
-674723.70 -167871.95
-674723.70 -167942.95
-674838.70 -167942.95
-674838.70 -168013.95
-674723.70 -168013.95
-674723.70 -168084.95
-674838.70 -168084.95
-674838.70 -168155.95
-674723.70 -168155.95
-674723.70 -168226.95
-674838.70 -168226.95
-674838.70 -168297.95
-674723.70 -168297.95
-674723.70 -168368.95
-674838.70 -168368.95
-674838.70 -168439.95
-674723.70 -168439.95
-674723.70 -168510.95
-674838.70 -168510.95
-674838.70 -168581.95
-674723.70 -168581.95
-674723.70 -168652.95
-674838.70 -168652.95
-674838.70 -168723.95
-674723.70 -168723.95
-674723.70 -168794.95
-674838.70 -168794.95
-674838.70 -168865.95
-674723.70 -168865.95
-674723.70 -168936.95
-674838.70 -168936.95
-674838.70 -169007.95
-674723.70 -169007.95
-674723.70 -169078.95
-674838.70 -169078.95
-674838.70 -169149.95
-674723.70 -169149.95
-674723.70 -169220.95
-674838.70 -169220.95
-674838.70 -169291.95
-674723.70 -169291.95
-674723.70 -169362.95
-674838.70 -169362.95
-674838.70 -169433.95
-674723.70 -169433.95
-674723.70 -169504.95
-674838.70 -169504.95
-674838.70 -169575.95
-674723.70 -169575.95
-674723.70 -169646.95
-674838.70 -169646.95
-674838.70 -169717.95
-674723.70 -169717.95
-674723.70 -169788.95
-674838.70 -169788.95
-674838.70 -169859.95
-674723.70 -169859.95
-674723.70 -169930.95
-674838.70 -169930.95
-674838.70 -170001.95
-674723.70 -170001.95
-674723.70 -170072.95
-674838.70 -170072.95
-674838.70 -170143.95
-674723.70 -170143.95
-674723.70 -170214.95
-674838.70 -170214.95
-674838.70 -170285.95
-674723.70 -170285.95
-674723.70 -170356.95
-674838.70 -170356.95
-674838.70 -170427.95
-674723.70 -170427.95
-674723.70 -170498.95
-674838.70 -170498.95
-674838.70 -170569.95
-674723.70 -170569.95
-674723.70 -170640.95
-674838.70 -170640.95
-674838.70 -170711.95
-674723.70 -170711.95
-674723.70 -170782.95
-674838.70 -170782.95
-674838.70 -170853.95
-674723.70 -170853.95
-674723.70 -170924.95
-674838.70 -170924.95
-674838.70 -170995.95
-674723.70 -170995.95
-674723.70 -171066.95
-674838.70 -171066.95
-674838.70 -171137.95
-674723.70 -171137.95
-674723.70 -171208.95
-674838.70 -171208.95
-674838.70 -171279.95
-674723.70 -171279.95
-674723.70 -171350.95
-674838.70 -171350.95
-674838.70 -171421.95
-674723.70 -171421.95
-674723.70 -171492.95
-674838.70 -171492.95
-674838.70 -171563.95
-674723.70 -171563.95
-674723.70 -171634.95
-674838.70 -171634.95
-674838.70 -171705.95
-674723.70 -171705.95
-674723.70 -171776.95
-674838.70 -171776.95
-674838.70 -171847.95
-674723.70 -171847.95
-674723.70 -171918.95
-674838.70 -171918.95
-674838.70 -171989.95
-674723.70 -171989.95
-674723.70 -172060.95
-674838.70 -172060.95
-674838.70 -172131.95
-674723.70 -172131.95
-674723.70 -172202.95
-674838.70 -172202.95
-674838.70 -172273.95
-674723.70 -172273.95
-674723.70 -172344.95
-674838.70 -172344.95
-674838.70 -172415.95
-674723.70 -172415.95
-674723.70 -172486.95
-674838.70 -172486.95
-674838.70 -172557.95
-674723.70 -172557.95
-674723.70 -172628.95
-674838.70 -172628.95
-674838.70 -172699.95
-674723.70 -172699.95
-674723.70 -172770.95
-674838.70 -172770.95
-674838.70 -172841.95
-674723.70 -172841.95
-674723.70 -172912.95
-674838.70 -172912.95
-674838.70 -172983.95
-674723.70 -172983.95
-674723.70 -173054.95
-674838.70 -173054.95
-674838.70 -173125.95
-674723.70 -173125.95
-674723.70 -173196.95
-674838.70 -173196.95
-674838.70 -173267.95
-674723.70 -173267.95
-674723.70 -173338.95
-674838.70 -173338.95
-674838.70 -173409.95
-674723.70 -173409.95
-674723.70 -173480.95
-674838.70 -173480.95
-674838.70 -173551.95
-674723.70 -173551.95
-674723.70 -173622.95
-674838.70 -173622.95
-674838.70 -173693.95
-674723.70 -173693.95
-674723.70 -173764.95
-674838.70 -173764.95
-674838.70 -173835.95
-674723.70 -173835.95
-674723.70 -173906.95
-674838.70 -173906.95
-674838.70 -173977.95
-674723.70 -173977.95
-674723.70 -174048.95
-674838.70 -174048.95
-674838.70 -174119.95
-674723.70 -174119.95
-674723.70 -174190.95
-674838.70 -174190.95
-674838.70 -174261.95
-674723.70 -174261.95
-674723.70 -174332.95
-674838.70 -174332.95
-674838.70 -174403.95
-674723.70 -174403.95
-674723.70 -174474.95
-674838.70 -174474.95
-674838.70 -174545.95
-674723.70 -174545.95
-674723.70 -174616.95
-674838.70 -174616.95
-674838.70 -174687.95
-674723.70 -174687.95
-674723.70 -174758.95
-674838.70 -174758.95
-674838.70 -174829.95
-674723.70 -174829.95
-674723.70 -174900.95
-674838.70 -174900.95
-674838.70 -174971.95
-674723.70 -174971.95
-674723.70 -175042.95
-674838.70 -175042.95
-674838.70 -175113.95
-674723.70 -175113.95
-674723.70 -175184.95
-674838.70 -175184.95
-674838.70 -175255.95
-674723.70 -175255.95
-674723.70 -175326.95
-674838.70 -175326.95
-674838.70 -175397.95
-674723.70 -175397.95
-674723.70 -175468.95
-674838.70 -175468.95
-674838.70 -175539.95
-674723.70 -175539.95
-674723.70 -175610.95
-674838.70 -175610.95
-674838.70 -175681.95
-674723.70 -175681.95
-674723.70 -175752.95
-674838.70 -175752.95
-674838.70 -175823.95
-674723.70 -175823.95
-674723.70 -175894.95
-674838.70 -175894.95
-674838.70 -175965.95
-674723.70 -175965.95
-674723.70 -176036.95
-674838.70 -176036.95
-674838.70 -176107.95
-674723.70 -176107.95
-674723.70 -176178.95
-674838.70 -176178.95
-674838.70 -176249.95
-674723.70 -176249.95
-674723.70 -176320.95
-674838.70 -176320.95
-674838.70 -176391.95
-674723.70 -176391.95
-674723.70 -176462.95
-674838.70 -176462.95
-674838.70 -176533.95
-674723.70 -176533.95
-674723.70 -176604.95
-674838.70 -176604.95
-674838.70 -176675.95
-674723.70 -176675.95
-674723.70 -176746.95
-674838.70 -176746.95
-674838.70 -176817.95
-674723.70 -176817.95
-674723.70 -176888.95
-674838.70 -176888.95
-674838.70 -176959.95
-674723.70 -176959.95
-674723.70 -177030.95
-674838.70 -177030.95
-674838.70 -177101.95
-674723.70 -177101.95
-674723.70 -177172.95
-674838.70 -177172.95
-674838.70 -177243.95
-674723.70 -177243.95
-674723.70 -177314.95
-674838.70 -177314.95
-674838.70 -177385.95
-674723.70 -177385.95
-674723.70 -177456.95
-674838.70 -177456.95
-674838.70 -177527.95
-674723.70 -177527.95
-674723.70 -177598.95
-674838.70 -177598.95
-674838.70 -177669.95
-674723.70 -177669.95
-674723.70 -177740.95
-674838.70 -177740.95
-674838.70 -177811.95
-674723.70 -177811.95
-674723.70 -177882.95
-674838.70 -177882.95
-674838.70 -177953.95
-674723.70 -177953.95
-674723.70 -178024.95
-674838.70 -178024.95
-674838.70 -178095.95
-674723.70 -178095.95
-674723.70 -178166.95
-674838.70 -178166.95
-674838.70 -178237.95
-674723.70 -178237.95
-674723.70 -178308.95
-674838.70 -178308.95
-674838.70 -178379.95
-674781.20 -178379.95
-674781.20 -178404.45
31.00