-669631.50 -157719.35
-669631.50 -157743.87
-669830.50 -157777.66
-670062.79 -157817.10
-671075.28 -157989.03
-671224.30 -158014.33
-672044.21 -158153.55
-672329.89 -158202.06
-672527.87 -158235.68
-672697.11 -158264.42
-673589.81 -158416.00
-673693.04 -158433.53
-673936.47 -158474.86
-674230.80 -158524.84
-674808.44 -158622.93
-675606.78 -158758.48
-675622.21 -158761.11
-676104.49 -158843.00
-676244.70 -158866.81
-677796.89 -159130.37
-678076.88 -159177.91
-679732.30 -159459.01
-680223.68 -159542.44
-680358.18 -159565.28
-680460.94 -159582.73
-681148.59 -159699.50
-681380.16 -159738.82
-681582.75 -159773.22
-682925.64 -160001.24
-682972.25 -160009.16
-683238.58 -160054.38
-683404.18 -160082.50
-683700.89 -160132.88
-683956.37 -160176.26
-684212.27 -160219.72
-684453.92 -160260.75
-685076.79 -160366.51
-685603.80 -160456.00
-685761.46 -160482.77
-686444.84 -160598.81
-686673.81 -160637.69
-686793.03 -160657.93
-687243.28 -160734.39
-688285.75 -160911.40
-689044.16 -161040.18
-689493.26 -161116.44
-689743.04 -161158.85
-689945.63 -161193.25
-691272.91 -161418.63
-691281.87 -161420.15
-693159.91 -161739.04
-697256.20 -162434.60
-697256.20 -162546.95
-697283.48 -162546.95
-697283.48 -162617.95
-697198.70 -162617.95
-697198.70 -162688.95
-697313.70 -162688.95
-697313.70 -162759.95
-697198.70 -162759.95
-697198.70 -162830.95
-697313.70 -162830.95
-697313.70 -162901.95
-697198.70 -162901.95
-697198.70 -162972.95
-697313.70 -162972.95
-697313.70 -163043.95
-697198.70 -163043.95
-697198.70 -163114.95
-697313.70 -163114.95
-697313.70 -163185.95
-697198.70 -163185.95
-697198.70 -163256.95
-697313.70 -163256.95
-697313.70 -163327.95
-697198.70 -163327.95
-697198.70 -163398.95
-697313.70 -163398.95
-697313.70 -163469.95
-697198.70 -163469.95
-697198.70 -163540.95
-697313.70 -163540.95
-697313.70 -163611.95
-697198.70 -163611.95
-697198.70 -163682.95
-697313.70 -163682.95
-697313.70 -163753.95
-697198.70 -163753.95
-697198.70 -163824.95
-697313.70 -163824.95
-697313.70 -163895.95
-697198.70 -163895.95
-697198.70 -163966.95
-697313.70 -163966.95
-697313.70 -164037.95
-697198.70 -164037.95
-697198.70 -164108.95
-697313.70 -164108.95
-697313.70 -164179.95
-697198.70 -164179.95
-697198.70 -164250.95
-697313.70 -164250.95
-697313.70 -164321.95
-697198.70 -164321.95
-697198.70 -164392.95
-697313.70 -164392.95
-697313.70 -164463.95
-697198.70 -164463.95
-697198.70 -164534.95
-697313.70 -164534.95
-697313.70 -164605.95
-697198.70 -164605.95
-697198.70 -164676.95
-697313.70 -164676.95
-697313.70 -164747.95
-697198.70 -164747.95
-697198.70 -164818.95
-697313.70 -164818.95
-697313.70 -164889.95
-697198.70 -164889.95
-697198.70 -164960.95
-697313.70 -164960.95
-697313.70 -165031.95
-697198.70 -165031.95
-697198.70 -165102.95
-697313.70 -165102.95
-697313.70 -165173.95
-697198.70 -165173.95
-697198.70 -165244.95
-697313.70 -165244.95
-697313.70 -165315.95
-697198.70 -165315.95
-697198.70 -165386.95
-697313.70 -165386.95
-697313.70 -165457.95
-697198.70 -165457.95
-697198.70 -165528.95
-697313.70 -165528.95
-697313.70 -165599.95
-697198.70 -165599.95
-697198.70 -165670.95
-697313.70 -165670.95
-697313.70 -165741.95
-697198.70 -165741.95
-697198.70 -165812.95
-697313.70 -165812.95
-697313.70 -165883.95
-697198.70 -165883.95
-697198.70 -165954.95
-697313.70 -165954.95
-697313.70 -166025.95
-697198.70 -166025.95
-697198.70 -166096.95
-697313.70 -166096.95
-697313.70 -166167.95
-697198.70 -166167.95
-697198.70 -166238.95
-697313.70 -166238.95
-697313.70 -166309.95
-697198.70 -166309.95
-697198.70 -166380.95
-697313.70 -166380.95
-697313.70 -166451.95
-697198.70 -166451.95
-697198.70 -166522.95
-697313.70 -166522.95
-697313.70 -166593.95
-697198.70 -166593.95
-697198.70 -166664.95
-697313.70 -166664.95
-697313.70 -166735.95
-697198.70 -166735.95
-697198.70 -166806.95
-697313.70 -166806.95
-697313.70 -166877.95
-697198.70 -166877.95
-697198.70 -166948.95
-697313.70 -166948.95
-697313.70 -167019.95
-697198.70 -167019.95
-697198.70 -167090.95
-697313.70 -167090.95
-697313.70 -167161.95
-697198.70 -167161.95
-697198.70 -167232.95
-697313.70 -167232.95
-697313.70 -167303.95
-697198.70 -167303.95
-697198.70 -167374.95
-697313.70 -167374.95
-697313.70 -167445.95
-697198.70 -167445.95
-697198.70 -167516.95
-697313.70 -167516.95
-697313.70 -167587.95
-697198.70 -167587.95
-697198.70 -167658.95
-697313.70 -167658.95
-697313.70 -167729.95
-697198.70 -167729.95
-697198.70 -167800.95
-697313.70 -167800.95
-697313.70 -167871.95
-697198.70 -167871.95
-697198.70 -167942.95
-697313.70 -167942.95
-697313.70 -168013.95
-697198.70 -168013.95
-697198.70 -168084.95
-697313.70 -168084.95
-697313.70 -168155.95
-697198.70 -168155.95
-697198.70 -168226.95
-697313.70 -168226.95
-697313.70 -168297.95
-697198.70 -168297.95
-697198.70 -168368.95
-697313.70 -168368.95
-697313.70 -168439.95
-697198.70 -168439.95
-697198.70 -168510.95
-697313.70 -168510.95
-697313.70 -168581.95
-697198.70 -168581.95
-697198.70 -168652.95
-697313.70 -168652.95
-697313.70 -168723.95
-697198.70 -168723.95
-697198.70 -168794.95
-697313.70 -168794.95
-697313.70 -168865.95
-697198.70 -168865.95
-697198.70 -168936.95
-697313.70 -168936.95
-697313.70 -169007.95
-697198.70 -169007.95
-697198.70 -169078.95
-697313.70 -169078.95
-697313.70 -169149.95
-697198.70 -169149.95
-697198.70 -169220.95
-697313.70 -169220.95
-697313.70 -169291.95
-697198.70 -169291.95
-697198.70 -169362.95
-697313.70 -169362.95
-697313.70 -169433.95
-697198.70 -169433.95
-697198.70 -169504.95
-697313.70 -169504.95
-697313.70 -169575.95
-697198.70 -169575.95
-697198.70 -169646.95
-697313.70 -169646.95
-697313.70 -169717.95
-697198.70 -169717.95
-697198.70 -169788.95
-697313.70 -169788.95
-697313.70 -169859.95
-697198.70 -169859.95
-697198.70 -169930.95
-697313.70 -169930.95
-697313.70 -170001.95
-697198.70 -170001.95
-697198.70 -170072.95
-697313.70 -170072.95
-697313.70 -170143.95
-697198.70 -170143.95
-697198.70 -170214.95
-697313.70 -170214.95
-697313.70 -170285.95
-697198.70 -170285.95
-697198.70 -170356.95
-697313.70 -170356.95
-697313.70 -170427.95
-697198.70 -170427.95
-697198.70 -170498.95
-697313.70 -170498.95
-697313.70 -170569.95
-697198.70 -170569.95
-697198.70 -170640.95
-697313.70 -170640.95
-697313.70 -170711.95
-697198.70 -170711.95
-697198.70 -170782.95
-697313.70 -170782.95
-697313.70 -170853.95
-697198.70 -170853.95
-697198.70 -170924.95
-697313.70 -170924.95
-697313.70 -170995.95
-697198.70 -170995.95
-697198.70 -171066.95
-697313.70 -171066.95
-697313.70 -171137.95
-697198.70 -171137.95
-697198.70 -171208.95
-697313.70 -171208.95
-697313.70 -171279.95
-697198.70 -171279.95
-697198.70 -171350.95
-697313.70 -171350.95
-697313.70 -171421.95
-697198.70 -171421.95
-697198.70 -171492.95
-697313.70 -171492.95
-697313.70 -171563.95
-697198.70 -171563.95
-697198.70 -171634.95
-697313.70 -171634.95
-697313.70 -171705.95
-697198.70 -171705.95
-697198.70 -171776.95
-697313.70 -171776.95
-697313.70 -171847.95
-697198.70 -171847.95
-697198.70 -171918.95
-697313.70 -171918.95
-697313.70 -171989.95
-697198.70 -171989.95
-697198.70 -172060.95
-697313.70 -172060.95
-697313.70 -172131.95
-697198.70 -172131.95
-697198.70 -172202.95
-697313.70 -172202.95
-697313.70 -172273.95
-697198.70 -172273.95
-697198.70 -172344.95
-697313.70 -172344.95
-697313.70 -172415.95
-697198.70 -172415.95
-697198.70 -172486.95
-697313.70 -172486.95
-697313.70 -172557.95
-697198.70 -172557.95
-697198.70 -172628.95
-697313.70 -172628.95
-697313.70 -172699.95
-697198.70 -172699.95
-697198.70 -172770.95
-697313.70 -172770.95
-697313.70 -172841.95
-697198.70 -172841.95
-697198.70 -172912.95
-697313.70 -172912.95
-697313.70 -172983.95
-697198.70 -172983.95
-697198.70 -173054.95
-697313.70 -173054.95
-697313.70 -173125.95
-697198.70 -173125.95
-697198.70 -173196.95
-697313.70 -173196.95
-697313.70 -173267.95
-697198.70 -173267.95
-697198.70 -173338.95
-697313.70 -173338.95
-697313.70 -173409.95
-697198.70 -173409.95
-697198.70 -173480.95
-697313.70 -173480.95
-697313.70 -173551.95
-697198.70 -173551.95
-697198.70 -173622.95
-697313.70 -173622.95
-697313.70 -173693.95
-697198.70 -173693.95
-697198.70 -173764.95
-697313.70 -173764.95
-697313.70 -173835.95
-697198.70 -173835.95
-697198.70 -173906.95
-697313.70 -173906.95
-697313.70 -173977.95
-697198.70 -173977.95
-697198.70 -174048.95
-697313.70 -174048.95
-697313.70 -174119.95
-697198.70 -174119.95
-697198.70 -174190.95
-697313.70 -174190.95
-697313.70 -174261.95
-697198.70 -174261.95
-697198.70 -174332.95
-697313.70 -174332.95
-697313.70 -174403.95
-697198.70 -174403.95
-697198.70 -174474.95
-697313.70 -174474.95
-697313.70 -174545.95
-697198.70 -174545.95
-697198.70 -174616.95
-697313.70 -174616.95
-697313.70 -174687.95
-697198.70 -174687.95
-697198.70 -174758.95
-697313.70 -174758.95
-697313.70 -174829.95
-697198.70 -174829.95
-697198.70 -174900.95
-697313.70 -174900.95
-697313.70 -174971.95
-697198.70 -174971.95
-697198.70 -175042.95
-697313.70 -175042.95
-697313.70 -175113.95
-697198.70 -175113.95
-697198.70 -175184.95
-697313.70 -175184.95
-697313.70 -175255.95
-697198.70 -175255.95
-697198.70 -175326.95
-697313.70 -175326.95
-697313.70 -175397.95
-697198.70 -175397.95
-697198.70 -175468.95
-697313.70 -175468.95
-697313.70 -175539.95
-697198.70 -175539.95
-697198.70 -175610.95
-697313.70 -175610.95
-697313.70 -175681.95
-697198.70 -175681.95
-697198.70 -175752.95
-697313.70 -175752.95
-697313.70 -175823.95
-697198.70 -175823.95
-697198.70 -175894.95
-697313.70 -175894.95
-697313.70 -175965.95
-697198.70 -175965.95
-697198.70 -176036.95
-697313.70 -176036.95
-697313.70 -176107.95
-697198.70 -176107.95
-697198.70 -176178.95
-697313.70 -176178.95
-697313.70 -176249.95
-697198.70 -176249.95
-697198.70 -176320.95
-697313.70 -176320.95
-697313.70 -176391.95
-697198.70 -176391.95
-697198.70 -176462.95
-697313.70 -176462.95
-697313.70 -176533.95
-697198.70 -176533.95
-697198.70 -176604.95
-697313.70 -176604.95
-697313.70 -176675.95
-697198.70 -176675.95
-697198.70 -176746.95
-697313.70 -176746.95
-697313.70 -176817.95
-697198.70 -176817.95
-697198.70 -176888.95
-697313.70 -176888.95
-697313.70 -176959.95
-697198.70 -176959.95
-697198.70 -177030.95
-697313.70 -177030.95
-697313.70 -177101.95
-697198.70 -177101.95
-697198.70 -177172.95
-697313.70 -177172.95
-697313.70 -177243.95
-697198.70 -177243.95
-697198.70 -177314.95
-697313.70 -177314.95
-697313.70 -177385.95
-697198.70 -177385.95
-697198.70 -177456.95
-697313.70 -177456.95
-697313.70 -177527.95
-697198.70 -177527.95
-697198.70 -177598.95
-697313.70 -177598.95
-697313.70 -177669.95
-697198.70 -177669.95
-697198.70 -177740.95
-697313.70 -177740.95
-697313.70 -177811.95
-697198.70 -177811.95
-697198.70 -177882.95
-697313.70 -177882.95
-697313.70 -177953.95
-697198.70 -177953.95
-697198.70 -178024.95
-697313.70 -178024.95
-697313.70 -178095.95
-697198.70 -178095.95
-697198.70 -178166.95
-697313.70 -178166.95
-697313.70 -178237.95
-697198.70 -178237.95
-697198.70 -178308.95
-697313.70 -178308.95
-697313.70 -178379.95
-697256.20 -178379.95
-697256.20 -178404.45
31.00