-706744.42 -142520.51
-708407.76 -142520.51
-708500.97 -142630.50
-708756.58 -143314.70
-708874.53 -143453.88
-709130.14 -144138.07
-709248.13 -144277.28
-709503.13 -144960.50
-709626.08 -145103.58
-709870.12 -145820.08
-709981.37 -146000.09
-710091.41 -146693.80
-710183.31 -146842.49
-710293.33 -147536.20
-710385.23 -147684.89
-710495.25 -148378.58
-710587.17 -148527.28
-710697.19 -149221.01
-710789.10 -149369.71
-710899.11 -150063.36
-710991.02 -150212.05
-711101.05 -150905.81
-711192.95 -151054.51
-711302.96 -151748.16
-711394.89 -151896.87
-711504.85 -152590.31
-711597.29 -152739.74
-711704.02 -153417.93
-711825.61 -153605.93
-711897.76 -154338.42
-711946.12 -154394.30
-711946.12 -155155.73
-711945.42 -155195.91
-711978.97 -155234.69
-711978.97 -156036.88
-712011.83 -156074.84
-712011.83 -156877.28
-712044.68 -156915.24
-712044.68 -157717.42
-712077.54 -157755.38
-712077.54 -158557.84
-712110.39 -158595.80
-712110.39 -159397.96
-712143.25 -159435.92
-712143.25 -160238.23
-712176.11 -160276.20
-712176.11 -161078.52
-712208.96 -161116.47
-712208.96 -162258.97
-712195.67 -162725.50
-712200.46 -162753.84
-712200.46 -163471.11
-712052.01 -164034.11
-712052.01 -164371.65
-711903.57 -164934.64
-711903.57 -165272.20
-711755.13 -165835.19
-711755.13 -166172.76
-711606.69 -166735.75
-711606.69 -167073.32
-711458.25 -167636.31
-711458.25 -167973.87
-711309.81 -168536.86
-711309.81 -168874.43
-711161.37 -169437.42
-711161.37 -169775.02
-711012.92 -170338.01
-711012.92 -170675.54
-710856.66 -171268.19
-710856.66 -171903.31
-710397.32 -172929.99
-710364.35 -173125.29
-710040.11 -173849.97
-710007.15 -174045.25
-709682.83 -174770.13
-709649.86 -174965.38
-709325.59 -175690.17
-709292.62 -175885.47
-708968.38 -176610.14
-708935.42 -176805.42
-708611.09 -177530.31
-708578.13 -177725.56
-708253.86 -178450.34
-708220.88 -178645.69
-707898.54 -179366.09
-707837.29 -179733.26
-706817.56 -181641.03
-706398.32 -182219.69
-706311.47 -182426.66
-705777.33 -183163.90
-705690.48 -183370.86
-705156.35 -184108.10
-705069.50 -184315.07
-704535.36 -185052.31
-704448.51 -185259.27
-703914.30 -185996.62
-703827.45 -186203.55
-703292.93 -186941.36
-703210.38 -187137.89
-702360.67 -188320.45
-701880.02 -189043.91
-700932.33 -189902.52
-700769.75 -190119.75
-699943.17 -190868.64
-699780.55 -191085.94
-698953.83 -191834.96
-698791.32 -192052.10
-697964.66 -192801.06
-697802.17 -193018.18
-696975.07 -193767.56
-696815.67 -193980.47
-695815.56 -194889.60
-695167.61 -195635.54
-693336.98 -196701.56
-693052.62 -196926.92
-691749.21 -197685.92
-691464.97 -197911.19
-690161.05 -198670.50
-689877.04 -198895.58
-688583.47 -199648.73
-688199.80 -199954.97
-687054.91 -200566.93
-684536.74 -201640.98
-682227.02 -202400.88
-682227.02 -209773.70
30.00