-28320.00 -34325.00
-33286.72 -34325.00
-33286.72 -34385.00
-32561.59 -35291.07
-31823.31 -36213.57
-31085.05 -37136.06
-30346.77 -38058.56
-29608.52 -38981.02
-28868.66 -39906.03
-28093.19 -40842.69
-28016.02 -40924.26
-25917.72 -42740.39
-24840.86 -43672.82
-23756.02 -44593.65
-22018.10 -45974.06
-22017.94 -45974.19
-21763.35 -46176.46
-21762.84 -46176.91
-21508.44 -46378.49
-20986.61 -46803.76
-20975.01 -46812.91
-20964.13 -46821.01
-20943.05 -46836.34
-20919.52 -46851.18
-20913.82 -46854.64
-20208.52 -47281.37
-20208.52 -55615.95
30.00