-1069713.30 -148987.95
-1069713.30 -149405.24
-1069598.30 -149518.60
-1069301.46 -149740.00
-1069172.13 -149867.97
-1068783.98 -150147.04
-1068573.53 -150316.17
-1068448.42 -150419.96
-1068305.58 -150542.88
-1067906.99 -150783.32
-1067709.43 -150918.89
-1067595.72 -151013.22
-1067443.77 -151143.98
-1067037.67 -151388.95
-1066850.02 -151517.71
-1066743.01 -151606.49
-1066581.96 -151745.08
-1066168.36 -151994.58
-1065990.57 -152116.58
-1065890.31 -152199.75
-1065720.15 -152346.18
-1065299.03 -152600.21
-1065131.16 -152715.40
-1065037.61 -152793.02
-1064858.33 -152947.29
-1064429.73 -153205.82
-1064271.71 -153314.26
-1064184.90 -153386.28
-1063996.53 -153548.38
-1063560.40 -153811.47
-1063412.26 -153913.12
-1063332.39 -153979.38
-1063133.28 -154150.87
-1062652.70 -154438.39
-1062431.15 -154569.03
-1062207.78 -154701.04
-1062039.36 -154798.48
-1061975.19 -154844.22
-1061754.18 -155009.52
-1061288.08 -155242.98
-1061170.11 -155311.23
-1061113.61 -155351.51
-1060882.31 -155524.52
-1060413.57 -155759.02
-1060247.15 -155857.08
-1059993.31 -156008.44
-1059794.47 -156113.17
-1059742.43 -156146.09
-1059487.75 -156317.01
-1058998.44 -156527.11
-1058837.95 -156609.93
-1058609.29 -156728.25
-1058465.87 -156800.59
-1058439.51 -156817.27
-1058168.98 -156998.83
-1057667.01 -157214.36
-1057514.21 -157293.22
-1057284.52 -157412.08
-1057150.29 -157479.78
-1057136.60 -157488.45
-1056850.21 -157680.64
-1056335.51 -157901.64
-1056198.23 -157972.48
-1055959.73 -158095.90
-1055834.88 -158158.87
-1055833.24 -158159.91
-1055533.92 -158360.58
-1054953.90 -158611.58
-1054728.82 -158715.26
-1054474.85 -158824.57
-1054253.23 -158919.90
-1054016.97 -159021.94
-1053913.64 -159065.13
-1053597.73 -159249.04
-1053038.01 -159442.93
-1052912.74 -159496.84
-1052689.35 -159592.99
-1052467.92 -159688.24
-1052230.13 -159790.94
-1052144.19 -159826.86
-1051823.41 -160013.33
-1051176.20 -160239.87
-1050932.36 -160331.76
-1050367.54 -160521.93
-1049972.19 -160655.02
-1049745.67 -160731.29
-1049522.08 -160806.51
-1049275.67 -160889.92
-1049225.64 -160906.11
-1048886.30 -161070.79
-1048201.64 -161247.45
-1047905.45 -161336.40
-1047533.70 -161417.51
-1047303.24 -161467.81
-1047072.76 -161518.10
-1046842.34 -161568.40
-1046611.63 -161618.74
-1046382.62 -161668.69
-1046060.22 -161739.30
-1045733.49 -161794.78
-1045501.24 -161834.21
-1045268.54 -161873.73
-1045038.62 -161912.73
-1044792.04 -161954.90
-1044647.55 -161978.39
-1044279.87 -162057.14
-1043805.13 -162103.26
-1038519.66 -163000.75
-1037829.41 -163117.95
-1025690.88 -165179.10
-1025121.87 -165275.72
-1025053.38 -165287.35
-1024086.99 -165451.44
-1023183.94 -165604.78
-1022403.76 -165737.26
-1021128.34 -165953.83
-1012566.84 -167407.59
-1008986.61 -168015.52
-1008358.46 -168122.18
-1002688.88 -169084.89
-1001743.51 -169245.41
-1000476.11 -169460.62
-999644.28 -169601.87
-994045.54 -170552.54
-992589.64 -170799.76
-991241.94 -171028.60
-990662.72 -171126.95
-989544.56 -171316.82
-989322.29 -171354.56
-988581.62 -171480.33
-985080.42 -172074.84
-984452.09 -172181.53
-983911.44 -172273.34
-981651.93 -172657.01
-980836.46 -172795.47
-980632.26 -172830.15
-978540.78 -173185.29
-977676.73 -173332.00
-976403.74 -173548.16
-975422.42 -173714.79
-975055.11 -173777.16
-974840.34 -173813.63
-974590.50 -173856.05
-974375.74 -173892.52
-974125.90 -173934.94
-973911.13 -173971.41
-973661.30 -174013.83
-973446.53 -174050.30
-973196.69 -174092.72
-972981.93 -174129.19
-972732.09 -174171.61
-972517.32 -174208.08
-972267.48 -174250.50
-972052.72 -174286.97
-971802.88 -174329.40
-971727.32 -174342.22
-971020.50 -174462.25
-970868.50 -174488.05
-970171.82 -174606.35
-967494.94 -175060.89
-965411.47 -175414.67
-965180.30 -175453.92
-965130.58 -175462.36
-956571.20 -176915.77
-956571.20 -177314.95
-956597.45 -177314.95
-956597.45 -177385.95
-956513.70 -177385.95
-956513.70 -177456.95
-956628.70 -177456.95
-956628.70 -177527.95
-956513.70 -177527.95
-956513.70 -177598.95
-956628.70 -177598.95
-956628.70 -177669.95
-956513.70 -177669.95
-956513.70 -177740.95
-956628.70 -177740.95
-956628.70 -177811.95
-956513.70 -177811.95
-956513.70 -177882.95
-956628.70 -177882.95
-956628.70 -177953.95
-956513.70 -177953.95
-956513.70 -178024.95
-956628.70 -178024.95
-956628.70 -178095.95
-956513.70 -178095.95
-956513.70 -178166.95
-956628.70 -178166.95
-956628.70 -178237.95
-956513.70 -178237.95
-956513.70 -178308.95
-956628.70 -178308.95
-956628.70 -178379.95
-956571.20 -178379.95
-956571.20 -178404.45
31.00