-1026219.50 -157719.35
-1026219.50 -157743.87
-1026020.50 -157777.66
-1025788.20 -157817.11
-1025246.01 -157909.17
-1025108.93 -157932.45
-1024669.24 -158007.11
-1024576.53 -158022.85
-1024135.28 -158097.77
-1023735.56 -158165.65
-1023493.19 -158206.80
-1023427.64 -158217.93
-1023067.09 -158279.16
-1022246.00 -158418.58
-1021600.93 -158528.11
-1020969.76 -158635.29
-1020801.93 -158663.78
-1020170.93 -158770.93
-1020033.47 -158794.27
-1019769.07 -158839.17
-1019540.26 -158878.02
-1018802.66 -159003.27
-1018370.77 -159076.60
-1017685.42 -159192.98
-1017430.77 -159236.21
-1017353.60 -159249.32
-1015768.41 -159518.49
-1014414.10 -159748.45
-1014002.83 -159818.29
-1013351.79 -159928.83
-1012580.80 -160059.75
-1012572.08 -160061.23
-1011890.29 -160177.00
-1009385.31 -160602.35
-1007774.29 -160875.91
-1005097.00 -161330.51
-1003555.90 -161592.20
-1001928.06 -161868.61
-1000659.96 -162083.93
-999766.37 -162235.67
-998935.73 -162376.71
-997171.93 -162676.21
-996226.64 -162836.72
-992833.22 -163412.93
-992277.29 -163507.33
-991938.58 -163564.84
-990632.33 -163786.65
-990508.61 -163807.65
-989815.09 -163925.42
-989313.20 -164010.64
-988710.12 -164113.04
-988542.16 -164141.56
-986615.62 -164468.69
-985078.53 -164729.69
-983868.10 -164935.23
-983239.76 -165041.92
-982699.12 -165133.72
-980439.61 -165517.39
-980367.49 -165529.64
-979438.84 -165687.32
-978456.58 -165854.11
-978202.48 -165897.26
-976817.47 -166132.44
-976024.79 -166267.04
-975191.41 -166408.55
-974210.10 -166575.17
-973842.79 -166637.55
-973628.02 -166674.01
-973378.18 -166716.44
-973163.42 -166752.90
-972913.58 -166795.33
-972698.81 -166831.79
-972448.97 -166874.22
-972234.21 -166910.69
-971984.37 -166953.11
-971769.60 -166989.58
-971519.77 -167032.00
-971305.00 -167068.47
-971055.16 -167110.89
-970840.40 -167147.36
-970590.56 -167189.78
-970375.79 -167226.25
-970125.95 -167268.67
-969911.19 -167305.14
-969661.35 -167347.56
-969446.58 -167384.03
-969196.74 -167426.45
-968981.98 -167462.92
-968732.14 -167505.34
-968564.18 -167533.86
-967660.94 -167687.24
-965731.74 -168014.82
-964985.06 -168141.61
-964095.20 -168292.71
-963961.73 -168315.37
-963954.03 -168316.68
-931336.31 -173855.23
-928979.86 -174255.37
-928516.20 -174334.09
-928516.20 -174474.95
-928573.70 -174474.95
-928573.70 -174545.95
-928458.70 -174545.95
-928458.70 -174616.95
-928573.70 -174616.95
-928573.70 -174687.95
-928458.70 -174687.95
-928458.70 -174758.95
-928573.70 -174758.95
-928573.70 -174829.95
-928458.70 -174829.95
-928458.70 -174900.95
-928573.70 -174900.95
-928573.70 -174971.95
-928458.70 -174971.95
-928458.70 -175042.95
-928573.70 -175042.95
-928573.70 -175113.95
-928458.70 -175113.95
-928458.70 -175184.95
-928573.70 -175184.95
-928573.70 -175255.95
-928458.70 -175255.95
-928458.70 -175326.95
-928573.70 -175326.95
-928573.70 -175397.95
-928458.70 -175397.95
-928458.70 -175468.95
-928573.70 -175468.95
-928573.70 -175539.95
-928458.70 -175539.95
-928458.70 -175610.95
-928573.70 -175610.95
-928573.70 -175681.95
-928458.70 -175681.95
-928458.70 -175752.95
-928573.70 -175752.95
-928573.70 -175823.95
-928458.70 -175823.95
-928458.70 -175894.95
-928573.70 -175894.95
-928573.70 -175965.95
-928458.70 -175965.95
-928458.70 -176036.95
-928573.70 -176036.95
-928573.70 -176107.95
-928458.70 -176107.95
-928458.70 -176178.95
-928573.70 -176178.95
-928573.70 -176249.95
-928458.70 -176249.95
-928458.70 -176320.95
-928573.70 -176320.95
-928573.70 -176391.95
-928458.70 -176391.95
-928458.70 -176462.95
-928573.70 -176462.95
-928573.70 -176533.95
-928458.70 -176533.95
-928458.70 -176604.95
-928573.70 -176604.95
-928573.70 -176675.95
-928458.70 -176675.95
-928458.70 -176746.95
-928573.70 -176746.95
-928573.70 -176817.95
-928458.70 -176817.95
-928458.70 -176888.95
-928573.70 -176888.95
-928573.70 -176959.95
-928458.70 -176959.95
-928458.70 -177030.95
-928573.70 -177030.95
-928573.70 -177101.95
-928458.70 -177101.95
-928458.70 -177172.95
-928573.70 -177172.95
-928573.70 -177243.95
-928458.70 -177243.95
-928458.70 -177314.95
-928573.70 -177314.95
-928573.70 -177385.95
-928458.70 -177385.95
-928458.70 -177456.95
-928573.70 -177456.95
-928573.70 -177527.95
-928458.70 -177527.95
-928458.70 -177598.95
-928573.70 -177598.95
-928573.70 -177669.95
-928458.70 -177669.95
-928458.70 -177740.95
-928573.70 -177740.95
-928573.70 -177811.95
-928458.70 -177811.95
-928458.70 -177882.95
-928573.70 -177882.95
-928573.70 -177953.95
-928458.70 -177953.95
-928458.70 -178024.95
-928573.70 -178024.95
-928573.70 -178095.95
-928458.70 -178095.95
-928458.70 -178166.95
-928573.70 -178166.95
-928573.70 -178237.95
-928458.70 -178237.95
-928458.70 -178308.95
-928573.70 -178308.95
-928573.70 -178379.95
-928516.20 -178379.95
-928516.20 -178404.45
31.00