-591239.50 -157719.35
-591239.50 -157743.87
-591438.50 -157777.66
-591670.67 -157817.08
-591670.68 -157817.09
-592600.01 -157974.89
-595419.29 -158453.61
-600194.53 -159264.45
-601678.11 -159516.37
-602475.09 -159651.70
-603310.77 -159793.60
-615133.31 -161801.09
-616791.60 -162082.67
-616991.73 -162116.65
-617456.32 -162195.54
-618850.86 -162432.34
-618850.94 -162432.35
-619314.75 -162511.11
-620644.25 -162736.86
-621638.56 -162905.69
-621638.68 -162905.71
-623496.19 -163221.12
-623960.78 -163300.01
-625090.14 -163491.78
-625601.26 -163578.57
-627551.89 -163909.79
-630465.53 -164404.53
-630465.58 -164404.54
-646416.20 -167112.99
-646416.20 -167232.95
-646458.77 -167232.95
-646458.77 -167303.95
-646358.70 -167303.95
-646358.70 -167374.95
-646473.70 -167374.95
-646473.70 -167445.95
-646358.70 -167445.95
-646358.70 -167516.95
-646473.70 -167516.95
-646473.70 -167587.95
-646358.70 -167587.95
-646358.70 -167658.95
-646473.70 -167658.95
-646473.70 -167729.95
-646358.70 -167729.95
-646358.70 -167800.95
-646473.70 -167800.95
-646473.70 -167871.95
-646358.70 -167871.95
-646358.70 -167942.95
-646473.70 -167942.95
-646473.70 -168013.95
-646358.70 -168013.95
-646358.70 -168084.95
-646473.70 -168084.95
-646473.70 -168155.95
-646358.70 -168155.95
-646358.70 -168226.95
-646473.70 -168226.95
-646473.70 -168297.95
-646358.70 -168297.95
-646358.70 -168368.95
-646473.70 -168368.95
-646473.70 -168439.95
-646358.70 -168439.95
-646358.70 -168510.95
-646473.70 -168510.95
-646473.70 -168581.95
-646358.70 -168581.95
-646358.70 -168652.95
-646473.70 -168652.95
-646473.70 -168723.95
-646358.70 -168723.95
-646358.70 -168794.95
-646473.70 -168794.95
-646473.70 -168865.95
-646358.70 -168865.95
-646358.70 -168936.95
-646473.70 -168936.95
-646473.70 -169007.95
-646358.70 -169007.95
-646358.70 -169078.95
-646473.70 -169078.95
-646473.70 -169149.95
-646358.70 -169149.95
-646358.70 -169220.95
-646473.70 -169220.95
-646473.70 -169291.95
-646358.70 -169291.95
-646358.70 -169362.95
-646473.70 -169362.95
-646473.70 -169433.95
-646358.70 -169433.95
-646358.70 -169504.95
-646473.70 -169504.95
-646473.70 -169575.95
-646358.70 -169575.95
-646358.70 -169646.95
-646473.70 -169646.95
-646473.70 -169717.95
-646358.70 -169717.95
-646358.70 -169788.95
-646473.70 -169788.95
-646473.70 -169859.95
-646358.70 -169859.95
-646358.70 -169930.95
-646473.70 -169930.95
-646473.70 -170001.95
-646358.70 -170001.95
-646358.70 -170072.95
-646473.70 -170072.95
-646473.70 -170143.95
-646358.70 -170143.95
-646358.70 -170214.95
-646473.70 -170214.95
-646473.70 -170285.95
-646358.70 -170285.95
-646358.70 -170356.95
-646473.70 -170356.95
-646473.70 -170427.95
-646358.70 -170427.95
-646358.70 -170498.95
-646473.70 -170498.95
-646473.70 -170569.95
-646358.70 -170569.95
-646358.70 -170640.95
-646473.70 -170640.95
-646473.70 -170711.95
-646358.70 -170711.95
-646358.70 -170782.95
-646473.70 -170782.95
-646473.70 -170853.95
-646358.70 -170853.95
-646358.70 -170924.95
-646473.70 -170924.95
-646473.70 -170995.95
-646358.70 -170995.95
-646358.70 -171066.95
-646473.70 -171066.95
-646473.70 -171137.95
-646358.70 -171137.95
-646358.70 -171208.95
-646473.70 -171208.95
-646473.70 -171279.95
-646358.70 -171279.95
-646358.70 -171350.95
-646473.70 -171350.95
-646473.70 -171421.95
-646358.70 -171421.95
-646358.70 -171492.95
-646473.70 -171492.95
-646473.70 -171563.95
-646358.70 -171563.95
-646358.70 -171634.95
-646473.70 -171634.95
-646473.70 -171705.95
-646358.70 -171705.95
-646358.70 -171776.95
-646473.70 -171776.95
-646473.70 -171847.95
-646358.70 -171847.95
-646358.70 -171918.95
-646473.70 -171918.95
-646473.70 -171989.95
-646358.70 -171989.95
-646358.70 -172060.95
-646473.70 -172060.95
-646473.70 -172131.95
-646358.70 -172131.95
-646358.70 -172202.95
-646473.70 -172202.95
-646473.70 -172273.95
-646358.70 -172273.95
-646358.70 -172344.95
-646473.70 -172344.95
-646473.70 -172415.95
-646358.70 -172415.95
-646358.70 -172486.95
-646473.70 -172486.95
-646473.70 -172557.95
-646358.70 -172557.95
-646358.70 -172628.95
-646473.70 -172628.95
-646473.70 -172699.95
-646358.70 -172699.95
-646358.70 -172770.95
-646473.70 -172770.95
-646473.70 -172841.95
-646358.70 -172841.95
-646358.70 -172912.95
-646473.70 -172912.95
-646473.70 -172983.95
-646358.70 -172983.95
-646358.70 -173054.95
-646473.70 -173054.95
-646473.70 -173125.95
-646358.70 -173125.95
-646358.70 -173196.95
-646473.70 -173196.95
-646473.70 -173267.95
-646358.70 -173267.95
-646358.70 -173338.95
-646473.70 -173338.95
-646473.70 -173409.95
-646358.70 -173409.95
-646358.70 -173480.95
-646473.70 -173480.95
-646473.70 -173551.95
-646358.70 -173551.95
-646358.70 -173622.95
-646473.70 -173622.95
-646473.70 -173693.95
-646358.70 -173693.95
-646358.70 -173764.95
-646473.70 -173764.95
-646473.70 -173835.95
-646358.70 -173835.95
-646358.70 -173906.95
-646473.70 -173906.95
-646473.70 -173977.95
-646358.70 -173977.95
-646358.70 -174048.95
-646473.70 -174048.95
-646473.70 -174119.95
-646358.70 -174119.95
-646358.70 -174190.95
-646473.70 -174190.95
-646473.70 -174261.95
-646358.70 -174261.95
-646358.70 -174332.95
-646473.70 -174332.95
-646473.70 -174403.95
-646358.70 -174403.95
-646358.70 -174474.95
-646473.70 -174474.95
-646473.70 -174545.95
-646358.70 -174545.95
-646358.70 -174616.95
-646473.70 -174616.95
-646473.70 -174687.95
-646358.70 -174687.95
-646358.70 -174758.95
-646473.70 -174758.95
-646473.70 -174829.95
-646358.70 -174829.95
-646358.70 -174900.95
-646473.70 -174900.95
-646473.70 -174971.95
-646358.70 -174971.95
-646358.70 -175042.95
-646473.70 -175042.95
-646473.70 -175113.95
-646358.70 -175113.95
-646358.70 -175184.95
-646473.70 -175184.95
-646473.70 -175255.95
-646358.70 -175255.95
-646358.70 -175326.95
-646473.70 -175326.95
-646473.70 -175397.95
-646358.70 -175397.95
-646358.70 -175468.95
-646473.70 -175468.95
-646473.70 -175539.95
-646358.70 -175539.95
-646358.70 -175610.95
-646473.70 -175610.95
-646473.70 -175681.95
-646358.70 -175681.95
-646358.70 -175752.95
-646473.70 -175752.95
-646473.70 -175823.95
-646358.70 -175823.95
-646358.70 -175894.95
-646473.70 -175894.95
-646473.70 -175965.95
-646358.70 -175965.95
-646358.70 -176036.95
-646473.70 -176036.95
-646473.70 -176107.95
-646358.70 -176107.95
-646358.70 -176178.95
-646473.70 -176178.95
-646473.70 -176249.95
-646358.70 -176249.95
-646358.70 -176320.95
-646473.70 -176320.95
-646473.70 -176391.95
-646358.70 -176391.95
-646358.70 -176462.95
-646473.70 -176462.95
-646473.70 -176533.95
-646358.70 -176533.95
-646358.70 -176604.95
-646473.70 -176604.95
-646473.70 -176675.95
-646358.70 -176675.95
-646358.70 -176746.95
-646473.70 -176746.95
-646473.70 -176817.95
-646358.70 -176817.95
-646358.70 -176888.95
-646473.70 -176888.95
-646473.70 -176959.95
-646358.70 -176959.95
-646358.70 -177030.95
-646473.70 -177030.95
-646473.70 -177101.95
-646358.70 -177101.95
-646358.70 -177172.95
-646473.70 -177172.95
-646473.70 -177243.95
-646358.70 -177243.95
-646358.70 -177314.95
-646473.70 -177314.95
-646473.70 -177385.95
-646358.70 -177385.95
-646358.70 -177456.95
-646473.70 -177456.95
-646473.70 -177527.95
-646358.70 -177527.95
-646358.70 -177598.95
-646473.70 -177598.95
-646473.70 -177669.95
-646358.70 -177669.95
-646358.70 -177740.95
-646473.70 -177740.95
-646473.70 -177811.95
-646358.70 -177811.95
-646358.70 -177882.95
-646473.70 -177882.95
-646473.70 -177953.95
-646358.70 -177953.95
-646358.70 -178024.95
-646473.70 -178024.95
-646473.70 -178095.95
-646358.70 -178095.95
-646358.70 -178166.95
-646473.70 -178166.95
-646473.70 -178237.95
-646358.70 -178237.95
-646358.70 -178308.95
-646473.70 -178308.95
-646473.70 -178379.95
-646416.20 -178379.95
-646416.20 -178404.45
31.00