-432693.10 -152333.95
-432693.10 -152695.57
-432976.10 -152873.10
-433106.71 -152983.48
-433324.24 -153134.76
-433543.04 -153288.64
-433841.60 -153472.55
-433974.08 -153572.93
-434200.32 -153711.86
-434420.13 -153847.32
-434640.57 -153978.19
-434867.67 -154113.30
-435154.47 -154262.82
-435279.31 -154353.97
-435515.60 -154492.73
-435745.33 -154629.70
-436030.88 -154778.83
-436160.83 -154869.59
-436410.00 -155005.22
-436630.04 -155125.03
-436848.20 -155243.63
-437085.16 -155374.33
-437355.72 -155503.80
-437480.16 -155588.64
-437746.33 -155726.03
-437967.23 -155840.08
-438185.40 -155952.53
-438429.22 -156080.21
-438688.72 -156197.14
-438800.32 -156270.12
-439070.21 -156409.43
-439291.16 -156523.51
-439508.73 -156635.64
-439758.14 -156766.25
-440007.05 -156878.42
-440113.27 -156947.87
-440394.07 -157092.82
-440615.08 -157206.93
-440832.32 -157318.91
-441084.86 -157451.01
-441357.19 -157574.98
-441505.44 -157661.79
-441814.36 -157796.01
-442037.46 -157892.94
-442260.41 -157989.79
-442484.11 -158087.01
-442701.75 -158181.35
-442970.00 -158300.09
-443195.78 -158383.53
-443292.12 -158437.62
-443607.81 -158572.88
-443831.07 -158668.52
-444054.19 -158764.11
-444278.18 -158860.10
-444495.50 -158953.00
-444767.42 -159071.54
-445030.50 -159168.71
-445193.56 -159248.56
-445550.54 -159370.73
-445776.57 -159448.11
-446002.67 -159525.49
-446228.67 -159602.84
-446454.70 -159680.21
-446680.83 -159757.60
-446906.65 -159834.88
-447133.96 -159912.73
-447350.45 -159986.56
-447646.72 -160090.64
-447972.40 -160181.25
-448193.40 -160256.04
-448576.32 -160337.73
-448807.08 -160386.96
-449037.72 -160436.17
-449499.02 -160534.59
-449729.70 -160583.81
-449960.17 -160632.97
-450191.97 -160682.46
-450415.36 -160729.93
-450691.62 -160790.32
-450993.32 -160844.92
-451252.37 -160889.20
-451424.32 -160917.25
-451727.54 -160981.10
-452113.68 -161026.35
-472676.48 -164517.95
-476191.34 -165114.78
-476191.87 -165114.87
-478045.16 -165429.56
-478049.61 -165430.32
-480830.83 -165902.58
-481087.48 -165946.16
-481936.78 -166090.37
-484692.58 -166558.31
-484885.62 -166591.09
-492683.00 -167915.10
-492683.95 -167915.26
-496845.52 -168621.90
-496892.62 -168629.90
-498257.09 -168861.59
-498257.50 -168861.66
-512200.81 -171229.26
-512205.01 -171229.98
-521256.29 -172766.91
-525901.71 -173555.71
-525902.92 -173555.91
-531244.76 -174462.97
-531245.30 -174463.06
-543651.20 -176569.61
-543651.20 -177030.95
-543708.70 -177030.95
-543708.70 -177101.95
-543593.70 -177101.95
-543593.70 -177172.95
-543708.70 -177172.95
-543708.70 -177243.95
-543593.70 -177243.95
-543593.70 -177314.95
-543708.70 -177314.95
-543708.70 -177385.95
-543593.70 -177385.95
-543593.70 -177456.95
-543708.70 -177456.95
-543708.70 -177527.95
-543593.70 -177527.95
-543593.70 -177598.95
-543708.70 -177598.95
-543708.70 -177669.95
-543593.70 -177669.95
-543593.70 -177740.95
-543708.70 -177740.95
-543708.70 -177811.95
-543593.70 -177811.95
-543593.70 -177882.95
-543708.70 -177882.95
-543708.70 -177953.95
-543593.70 -177953.95
-543593.70 -178024.95
-543708.70 -178024.95
-543708.70 -178095.95
-543593.70 -178095.95
-543593.70 -178166.95
-543708.70 -178166.95
-543708.70 -178237.95
-543593.70 -178237.95
-543593.70 -178308.95
-543708.70 -178308.95
-543708.70 -178379.95
-543651.20 -178379.95
-543651.20 -178404.45
31.00