-428391.10 -150421.95
-428391.10 -150578.62
-428590.10 -150717.02
-428806.96 -150869.31
-429104.78 -151056.14
-429233.93 -151165.28
-429454.42 -151318.64
-429674.39 -151473.11
-429966.13 -151656.11
-430092.37 -151762.81
-430318.75 -151920.25
-430541.82 -152076.90
-430827.49 -152256.11
-430950.82 -152360.34
-431183.06 -152521.87
-431409.25 -152680.71
-431688.85 -152856.09
-431809.26 -152957.86
-432047.38 -153123.48
-432276.68 -153284.50
-432550.19 -153456.08
-432667.72 -153555.40
-432911.49 -153724.93
-433146.66 -153890.33
-433434.33 -154067.52
-433567.21 -154168.21
-433822.98 -154325.27
-434047.37 -154463.55
-434272.64 -154597.29
-434516.82 -154742.56
-434773.53 -154876.40
-434883.66 -154956.80
-435148.84 -155112.53
-435393.95 -155258.67
-435656.46 -155395.76
-435781.31 -155482.96
-436065.65 -155637.74
-436285.86 -155757.65
-436502.30 -155875.31
-436755.54 -156014.99
-436995.37 -156129.75
-437110.79 -156208.43
-437415.97 -156365.97
-437637.08 -156480.12
-437853.38 -156591.61
-438113.96 -156728.07
-438341.60 -156830.65
-438437.13 -156893.12
-438739.85 -157049.37
-438960.99 -157163.54
-439176.70 -157274.72
-439442.88 -157414.11
-439659.96 -157511.93
-439750.10 -157570.87
-440063.70 -157732.75
-440284.89 -157846.96
-440500.43 -157958.06
-440768.53 -158098.30
-441025.18 -158215.13
-441178.83 -158305.10
-441527.38 -158456.54
-441750.50 -158553.47
-441973.40 -158650.31
-442197.37 -158747.65
-442412.79 -158841.03
-442699.16 -158967.78
-442892.78 -159039.34
-442973.10 -159084.44
-443324.20 -159234.86
-443547.47 -159330.51
-443770.54 -159426.08
-443994.79 -159522.18
-444210.06 -159614.21
-444498.54 -159739.96
-444746.64 -159831.59
-444917.49 -159915.27
-445317.32 -160052.11
-445543.35 -160129.48
-445769.47 -160206.87
-445995.45 -160284.21
-446221.48 -160361.58
-446447.63 -160438.98
-446673.39 -160516.24
-446901.07 -160594.21
-447114.86 -160667.13
-447430.61 -160778.05
-447760.30 -160869.77
-448002.19 -160951.63
-448425.98 -161042.04
-448656.81 -161091.29
-448887.45 -161140.50
-449118.10 -161189.71
-449348.76 -161238.92
-449579.44 -161288.14
-449809.86 -161337.29
-450041.93 -161386.83
-450263.60 -161433.94
-450550.55 -161496.67
-450868.53 -161554.21
-451133.73 -161599.54
-451292.07 -161625.37
-451611.19 -161692.58
-452011.43 -161739.47
-473125.58 -165324.70
-476071.03 -165824.84
-476071.55 -165824.93
-477924.20 -166139.51
-477929.03 -166140.33
-480907.34 -166646.06
-480966.91 -166656.17
-481816.22 -166800.39
-484572.02 -167268.33
-484765.05 -167301.10
-492562.51 -168625.13
-492563.47 -168625.29
-496726.45 -169332.17
-496773.56 -169340.18
-498136.60 -169571.62
-498137.01 -169571.69
-512079.84 -171939.21
-512084.04 -171939.93
-521135.73 -173476.92
-525781.17 -174265.73
-525782.38 -174265.93
-531124.18 -175172.98
-531124.72 -175173.07
-540861.20 -176826.35
-540861.20 -177101.95
-540803.70 -177101.95
-540803.70 -177172.95
-540918.70 -177172.95
-540918.70 -177243.95
-540803.70 -177243.95
-540803.70 -177314.95
-540918.70 -177314.95
-540918.70 -177385.95
-540803.70 -177385.95
-540803.70 -177456.95
-540918.70 -177456.95
-540918.70 -177527.95
-540803.70 -177527.95
-540803.70 -177598.95
-540918.70 -177598.95
-540918.70 -177669.95
-540803.70 -177669.95
-540803.70 -177740.95
-540918.70 -177740.95
-540918.70 -177811.95
-540803.70 -177811.95
-540803.70 -177882.95
-540918.70 -177882.95
-540918.70 -177953.95
-540803.70 -177953.95
-540803.70 -178024.95
-540918.70 -178024.95
-540918.70 -178095.95
-540803.70 -178095.95
-540803.70 -178166.95
-540918.70 -178166.95
-540918.70 -178237.95
-540803.70 -178237.95
-540803.70 -178308.95
-540918.70 -178308.95
-540918.70 -178379.95
-540861.20 -178379.95
-540861.20 -178404.45
31.00