-893813.50 -157719.35
-893813.50 -157743.87
-893614.51 -157777.66
-893227.74 -157843.33
-893052.23 -157873.14
-892673.06 -157937.52
-892445.85 -157976.10
-892286.13 -158003.22
-892096.33 -158035.45
-891260.40 -158177.39
-891079.75 -158208.07
-890531.19 -158301.21
-890240.45 -158350.58
-890111.39 -158372.50
-889963.11 -158397.67
-889760.52 -158432.07
-888238.72 -158690.48
-887475.38 -158820.10
-887370.37 -158837.93
-885994.94 -159071.48
-885979.64 -159074.08
-885608.96 -159137.02
-885333.74 -159183.75
-884714.49 -159288.90
-884240.53 -159369.38
-884060.41 -159399.97
-883784.44 -159446.83
-883460.44 -159501.84
-882987.79 -159582.10
-882833.79 -159608.25
-882603.26 -159647.39
-882122.74 -159728.99
-881762.57 -159790.14
-881680.68 -159804.05
-881527.02 -159830.14
-880217.51 -160052.50
-878460.42 -160350.85
-878273.72 -160382.56
-876761.26 -160639.38
-876538.66 -160677.17
-876329.33 -160712.72
-876098.80 -160751.86
-875319.33 -160884.22
-875229.33 -160899.50
-874588.72 -161008.28
-873334.83 -161221.19
-872948.20 -161286.84
-872316.90 -161394.04
-872164.03 -161420.00
-871989.27 -161449.67
-869562.95 -161861.66
-869322.50 -161902.49
-869193.35 -161924.42
-868376.89 -162063.06
-868334.63 -162070.24
-867522.16 -162208.19
-867315.34 -162243.31
-862732.11 -163021.56
-860946.92 -163324.68
-860253.26 -163442.47
-860084.02 -163471.21
-859197.65 -163621.71
-859015.19 -163652.70
-858462.83 -163746.49
-853647.59 -164564.13
-853495.78 -164589.90
-852862.03 -164697.51
-852442.48 -164768.76
-850548.73 -165090.32
-849567.36 -165256.96
-849359.80 -165292.20
-847363.98 -165631.10
-846502.46 -165777.38
-846405.51 -165793.85
-846291.54 -165813.20
-844332.65 -166145.82
-842646.20 -166432.18
-842646.20 -166522.95
-842667.73 -166522.95
-842667.73 -166593.95
-842588.70 -166593.95
-842588.70 -166664.95
-842703.70 -166664.95
-842703.70 -166735.95
-842588.70 -166735.95
-842588.70 -166806.95
-842703.70 -166806.95
-842703.70 -166877.95
-842588.70 -166877.95
-842588.70 -166948.95
-842703.70 -166948.95
-842703.70 -167019.95
-842588.70 -167019.95
-842588.70 -167090.95
-842703.70 -167090.95
-842703.70 -167161.95
-842588.70 -167161.95
-842588.70 -167232.95
-842703.70 -167232.95
-842703.70 -167303.95
-842588.70 -167303.95
-842588.70 -167374.95
-842703.70 -167374.95
-842703.70 -167445.95
-842588.70 -167445.95
-842588.70 -167516.95
-842703.70 -167516.95
-842703.70 -167587.95
-842588.70 -167587.95
-842588.70 -167658.95
-842703.70 -167658.95
-842703.70 -167729.95
-842588.70 -167729.95
-842588.70 -167800.95
-842703.70 -167800.95
-842703.70 -167871.95
-842588.70 -167871.95
-842588.70 -167942.95
-842703.70 -167942.95
-842703.70 -168013.95
-842588.70 -168013.95
-842588.70 -168084.95
-842703.70 -168084.95
-842703.70 -168155.95
-842588.70 -168155.95
-842588.70 -168226.95
-842703.70 -168226.95
-842703.70 -168297.95
-842588.70 -168297.95
-842588.70 -168368.95
-842703.70 -168368.95
-842703.70 -168439.95
-842588.70 -168439.95
-842588.70 -168510.95
-842703.70 -168510.95
-842703.70 -168581.95
-842588.70 -168581.95
-842588.70 -168652.95
-842703.70 -168652.95
-842703.70 -168723.95
-842588.70 -168723.95
-842588.70 -168794.95
-842703.70 -168794.95
-842703.70 -168865.95
-842588.70 -168865.95
-842588.70 -168936.95
-842703.70 -168936.95
-842703.70 -169007.95
-842588.70 -169007.95
-842588.70 -169078.95
-842703.70 -169078.95
-842703.70 -169149.95
-842588.70 -169149.95
-842588.70 -169220.95
-842703.70 -169220.95
-842703.70 -169291.95
-842588.70 -169291.95
-842588.70 -169362.95
-842703.70 -169362.95
-842703.70 -169433.95
-842588.70 -169433.95
-842588.70 -169504.95
-842703.70 -169504.95
-842703.70 -169575.95
-842588.70 -169575.95
-842588.70 -169646.95
-842703.70 -169646.95
-842703.70 -169717.95
-842588.70 -169717.95
-842588.70 -169788.95
-842703.70 -169788.95
-842703.70 -169859.95
-842588.70 -169859.95
-842588.70 -169930.95
-842703.70 -169930.95
-842703.70 -170001.95
-842588.70 -170001.95
-842588.70 -170072.95
-842703.70 -170072.95
-842703.70 -170143.95
-842588.70 -170143.95
-842588.70 -170214.95
-842703.70 -170214.95
-842703.70 -170285.95
-842588.70 -170285.95
-842588.70 -170356.95
-842703.70 -170356.95
-842703.70 -170427.95
-842588.70 -170427.95
-842588.70 -170498.95
-842703.70 -170498.95
-842703.70 -170569.95
-842588.70 -170569.95
-842588.70 -170640.95
-842703.70 -170640.95
-842703.70 -170711.95
-842588.70 -170711.95
-842588.70 -170782.95
-842703.70 -170782.95
-842703.70 -170853.95
-842588.70 -170853.95
-842588.70 -170924.95
-842703.70 -170924.95
-842703.70 -170995.95
-842588.70 -170995.95
-842588.70 -171066.95
-842703.70 -171066.95
-842703.70 -171137.95
-842588.70 -171137.95
-842588.70 -171208.95
-842703.70 -171208.95
-842703.70 -171279.95
-842588.70 -171279.95
-842588.70 -171350.95
-842703.70 -171350.95
-842703.70 -171421.95
-842588.70 -171421.95
-842588.70 -171492.95
-842703.70 -171492.95
-842703.70 -171563.95
-842588.70 -171563.95
-842588.70 -171634.95
-842703.70 -171634.95
-842703.70 -171705.95
-842588.70 -171705.95
-842588.70 -171776.95
-842703.70 -171776.95
-842703.70 -171847.95
-842588.70 -171847.95
-842588.70 -171918.95
-842703.70 -171918.95
-842703.70 -171989.95
-842588.70 -171989.95
-842588.70 -172060.95
-842703.70 -172060.95
-842703.70 -172131.95
-842588.70 -172131.95
-842588.70 -172202.95
-842703.70 -172202.95
-842703.70 -172273.95
-842588.70 -172273.95
-842588.70 -172344.95
-842703.70 -172344.95
-842703.70 -172415.95
-842588.70 -172415.95
-842588.70 -172486.95
-842703.70 -172486.95
-842703.70 -172557.95
-842588.70 -172557.95
-842588.70 -172628.95
-842703.70 -172628.95
-842703.70 -172699.95
-842588.70 -172699.95
-842588.70 -172770.95
-842703.70 -172770.95
-842703.70 -172841.95
-842588.70 -172841.95
-842588.70 -172912.95
-842703.70 -172912.95
-842703.70 -172983.95
-842588.70 -172983.95
-842588.70 -173054.95
-842703.70 -173054.95
-842703.70 -173125.95
-842588.70 -173125.95
-842588.70 -173196.95
-842703.70 -173196.95
-842703.70 -173267.95
-842588.70 -173267.95
-842588.70 -173338.95
-842703.70 -173338.95
-842703.70 -173409.95
-842588.70 -173409.95
-842588.70 -173480.95
-842703.70 -173480.95
-842703.70 -173551.95
-842588.70 -173551.95
-842588.70 -173622.95
-842703.70 -173622.95
-842703.70 -173693.95
-842588.70 -173693.95
-842588.70 -173764.95
-842703.70 -173764.95
-842703.70 -173835.95
-842588.70 -173835.95
-842588.70 -173906.95
-842703.70 -173906.95
-842703.70 -173977.95
-842588.70 -173977.95
-842588.70 -174048.95
-842703.70 -174048.95
-842703.70 -174119.95
-842588.70 -174119.95
-842588.70 -174190.95
-842703.70 -174190.95
-842703.70 -174261.95
-842588.70 -174261.95
-842588.70 -174332.95
-842703.70 -174332.95
-842703.70 -174403.95
-842588.70 -174403.95
-842588.70 -174474.95
-842703.70 -174474.95
-842703.70 -174545.95
-842588.70 -174545.95
-842588.70 -174616.95
-842703.70 -174616.95
-842703.70 -174687.95
-842588.70 -174687.95
-842588.70 -174758.95
-842703.70 -174758.95
-842703.70 -174829.95
-842588.70 -174829.95
-842588.70 -174900.95
-842703.70 -174900.95
-842703.70 -174971.95
-842588.70 -174971.95
-842588.70 -175042.95
-842703.70 -175042.95
-842703.70 -175113.95
-842588.70 -175113.95
-842588.70 -175184.95
-842703.70 -175184.95
-842703.70 -175255.95
-842588.70 -175255.95
-842588.70 -175326.95
-842703.70 -175326.95
-842703.70 -175397.95
-842588.70 -175397.95
-842588.70 -175468.95
-842703.70 -175468.95
-842703.70 -175539.95
-842588.70 -175539.95
-842588.70 -175610.95
-842703.70 -175610.95
-842703.70 -175681.95
-842588.70 -175681.95
-842588.70 -175752.95
-842703.70 -175752.95
-842703.70 -175823.95
-842588.70 -175823.95
-842588.70 -175894.95
-842703.70 -175894.95
-842703.70 -175965.95
-842588.70 -175965.95
-842588.70 -176036.95
-842703.70 -176036.95
-842703.70 -176107.95
-842588.70 -176107.95
-842588.70 -176178.95
-842703.70 -176178.95
-842703.70 -176249.95
-842588.70 -176249.95
-842588.70 -176320.95
-842703.70 -176320.95
-842703.70 -176391.95
-842588.70 -176391.95
-842588.70 -176462.95
-842703.70 -176462.95
-842703.70 -176533.95
-842588.70 -176533.95
-842588.70 -176604.95
-842703.70 -176604.95
-842703.70 -176675.95
-842588.70 -176675.95
-842588.70 -176746.95
-842703.70 -176746.95
-842703.70 -176817.95
-842588.70 -176817.95
-842588.70 -176888.95
-842703.70 -176888.95
-842703.70 -176959.95
-842588.70 -176959.95
-842588.70 -177030.95
-842703.70 -177030.95
-842703.70 -177101.95
-842588.70 -177101.95
-842588.70 -177172.95
-842703.70 -177172.95
-842703.70 -177243.95
-842588.70 -177243.95
-842588.70 -177314.95
-842703.70 -177314.95
-842703.70 -177385.95
-842588.70 -177385.95
-842588.70 -177456.95
-842703.70 -177456.95
-842703.70 -177527.95
-842588.70 -177527.95
-842588.70 -177598.95
-842703.70 -177598.95
-842703.70 -177669.95
-842588.70 -177669.95
-842588.70 -177740.95
-842703.70 -177740.95
-842703.70 -177811.95
-842588.70 -177811.95
-842588.70 -177882.95
-842703.70 -177882.95
-842703.70 -177953.95
-842588.70 -177953.95
-842588.70 -178024.95
-842703.70 -178024.95
-842703.70 -178095.95
-842588.70 -178095.95
-842588.70 -178166.95
-842703.70 -178166.95
-842703.70 -178237.95
-842588.70 -178237.95
-842588.70 -178308.95
-842703.70 -178308.95
-842703.70 -178379.95
-842646.20 -178379.95
-842646.20 -178404.45
31.00