-705859.42 -169240.51
-707500.76 -169240.51
-707500.76 -169300.51
-707343.87 -169895.51
-707343.87 -170010.48
-707352.31 -170060.48
-707352.31 -170201.07
-707195.43 -170796.07
-707195.43 -170899.39
-707196.05 -170949.39
-707196.05 -171121.76
-706865.44 -171860.72
-706832.47 -172055.99
-706508.19 -172780.77
-706475.23 -172976.04
-706150.95 -173700.84
-706117.98 -173896.11
-705793.71 -174620.89
-705760.74 -174816.17
-705436.46 -175540.93
-705403.50 -175736.21
-705079.22 -176461.01
-705046.25 -176656.28
-704721.98 -177381.07
-704689.00 -177576.36
-704365.17 -178300.10
-704325.50 -178537.89
-703706.81 -179695.39
-703186.25 -180413.89
-703099.40 -180620.85
-702565.27 -181358.09
-702478.41 -181565.06
-701944.28 -182302.30
-701857.43 -182509.27
-701323.29 -183246.51
-701236.44 -183453.47
-700702.28 -184190.75
-700615.42 -184397.70
-700081.16 -185135.15
-699995.81 -185338.36
-699348.77 -186238.87
-699083.79 -186637.70
-698212.97 -187426.67
-698050.40 -187643.89
-697223.78 -188392.82
-697061.22 -188610.04
-696234.54 -189359.02
-696071.97 -189576.24
-695245.34 -190325.17
-695082.79 -190542.39
-694255.96 -191291.50
-694094.74 -191506.86
-693193.53 -192326.09
-692801.61 -192777.28
-691268.53 -193670.03
-690984.39 -193895.21
-689680.65 -194654.41
-689396.52 -194879.59
-688092.74 -195638.81
-687808.51 -195864.07
-686509.65 -196620.30
-686178.36 -196884.73
-685470.99 -197262.83
-683244.31 -198212.55
-680867.14 -198994.65
-680288.77 -199224.45
-678567.02 -199746.74
-678567.02 -209773.70
30.00