-540332.50 -157719.35
-540332.50 -157743.87
-540531.50 -157777.66
-540996.09 -157856.55
-541460.63 -157935.43
-541460.66 -157935.43
-541925.31 -158014.33
-542389.91 -158093.22
-542854.49 -158172.11
-542854.52 -158172.11
-543319.13 -158251.01
-548656.27 -159157.26
-551136.43 -159578.40
-552770.90 -159855.94
-554469.84 -160144.42
-554469.88 -160144.43
-557099.21 -160590.89
-557141.32 -160598.04
-557803.84 -160710.54
-559647.77 -161023.64
-564889.68 -161913.73
-565156.28 -161959.00
-565156.40 -161959.02
-565620.13 -162037.76
-566084.72 -162116.65
-567214.08 -162308.42
-568387.41 -162507.65
-572236.26 -163161.20
-576908.21 -163954.50
-583275.54 -165035.69
-583278.01 -165036.11
-584356.17 -165219.18
-585599.09 -165430.23
-585599.17 -165430.25
-586016.85 -165501.17
-587686.91 -165784.75
-587687.31 -165784.82
-613401.20 -170151.09
-613401.20 -170285.95
-613343.70 -170285.95
-613343.70 -170356.95
-613458.70 -170356.95
-613458.70 -170427.95
-613343.70 -170427.95
-613343.70 -170498.95
-613458.70 -170498.95
-613458.70 -170569.95
-613343.70 -170569.95
-613343.70 -170640.95
-613458.70 -170640.95
-613458.70 -170711.95
-613343.70 -170711.95
-613343.70 -170782.95
-613458.70 -170782.95
-613458.70 -170853.95
-613343.70 -170853.95
-613343.70 -170924.95
-613458.70 -170924.95
-613458.70 -170995.95
-613343.70 -170995.95
-613343.70 -171066.95
-613458.70 -171066.95
-613458.70 -171137.95
-613343.70 -171137.95
-613343.70 -171208.95
-613458.70 -171208.95
-613458.70 -171279.95
-613343.70 -171279.95
-613343.70 -171350.95
-613458.70 -171350.95
-613458.70 -171421.95
-613343.70 -171421.95
-613343.70 -171492.95
-613458.70 -171492.95
-613458.70 -171563.95
-613343.70 -171563.95
-613343.70 -171634.95
-613458.70 -171634.95
-613458.70 -171705.95
-613343.70 -171705.95
-613343.70 -171776.95
-613458.70 -171776.95
-613458.70 -171847.95
-613343.70 -171847.95
-613343.70 -171918.95
-613458.70 -171918.95
-613458.70 -171989.95
-613343.70 -171989.95
-613343.70 -172060.95
-613458.70 -172060.95
-613458.70 -172131.95
-613343.70 -172131.95
-613343.70 -172202.95
-613458.70 -172202.95
-613458.70 -172273.95
-613343.70 -172273.95
-613343.70 -172344.95
-613458.70 -172344.95
-613458.70 -172415.95
-613343.70 -172415.95
-613343.70 -172486.95
-613458.70 -172486.95
-613458.70 -172557.95
-613343.70 -172557.95
-613343.70 -172628.95
-613458.70 -172628.95
-613458.70 -172699.95
-613343.70 -172699.95
-613343.70 -172770.95
-613458.70 -172770.95
-613458.70 -172841.95
-613343.70 -172841.95
-613343.70 -172912.95
-613458.70 -172912.95
-613458.70 -172983.95
-613343.70 -172983.95
-613343.70 -173054.95
-613458.70 -173054.95
-613458.70 -173125.95
-613343.70 -173125.95
-613343.70 -173196.95
-613458.70 -173196.95
-613458.70 -173267.95
-613343.70 -173267.95
-613343.70 -173338.95
-613458.70 -173338.95
-613458.70 -173409.95
-613343.70 -173409.95
-613343.70 -173480.95
-613458.70 -173480.95
-613458.70 -173551.95
-613343.70 -173551.95
-613343.70 -173622.95
-613458.70 -173622.95
-613458.70 -173693.95
-613343.70 -173693.95
-613343.70 -173764.95
-613458.70 -173764.95
-613458.70 -173835.95
-613343.70 -173835.95
-613343.70 -173906.95
-613458.70 -173906.95
-613458.70 -173977.95
-613343.70 -173977.95
-613343.70 -174048.95
-613458.70 -174048.95
-613458.70 -174119.95
-613343.70 -174119.95
-613343.70 -174190.95
-613458.70 -174190.95
-613458.70 -174261.95
-613343.70 -174261.95
-613343.70 -174332.95
-613458.70 -174332.95
-613458.70 -174403.95
-613343.70 -174403.95
-613343.70 -174474.95
-613458.70 -174474.95
-613458.70 -174545.95
-613343.70 -174545.95
-613343.70 -174616.95
-613458.70 -174616.95
-613458.70 -174687.95
-613343.70 -174687.95
-613343.70 -174758.95
-613458.70 -174758.95
-613458.70 -174829.95
-613343.70 -174829.95
-613343.70 -174900.95
-613458.70 -174900.95
-613458.70 -174971.95
-613343.70 -174971.95
-613343.70 -175042.95
-613458.70 -175042.95
-613458.70 -175113.95
-613343.70 -175113.95
-613343.70 -175184.95
-613458.70 -175184.95
-613458.70 -175255.95
-613343.70 -175255.95
-613343.70 -175326.95
-613458.70 -175326.95
-613458.70 -175397.95
-613343.70 -175397.95
-613343.70 -175468.95
-613458.70 -175468.95
-613458.70 -175539.95
-613343.70 -175539.95
-613343.70 -175610.95
-613458.70 -175610.95
-613458.70 -175681.95
-613343.70 -175681.95
-613343.70 -175752.95
-613458.70 -175752.95
-613458.70 -175823.95
-613343.70 -175823.95
-613343.70 -175894.95
-613458.70 -175894.95
-613458.70 -175965.95
-613343.70 -175965.95
-613343.70 -176036.95
-613458.70 -176036.95
-613458.70 -176107.95
-613343.70 -176107.95
-613343.70 -176178.95
-613458.70 -176178.95
-613458.70 -176249.95
-613343.70 -176249.95
-613343.70 -176320.95
-613458.70 -176320.95
-613458.70 -176391.95
-613343.70 -176391.95
-613343.70 -176462.95
-613458.70 -176462.95
-613458.70 -176533.95
-613343.70 -176533.95
-613343.70 -176604.95
-613458.70 -176604.95
-613458.70 -176675.95
-613343.70 -176675.95
-613343.70 -176746.95
-613458.70 -176746.95
-613458.70 -176817.95
-613343.70 -176817.95
-613343.70 -176888.95
-613458.70 -176888.95
-613458.70 -176959.95
-613343.70 -176959.95
-613343.70 -177030.95
-613458.70 -177030.95
-613458.70 -177101.95
-613343.70 -177101.95
-613343.70 -177172.95
-613458.70 -177172.95
-613458.70 -177243.95
-613343.70 -177243.95
-613343.70 -177314.95
-613458.70 -177314.95
-613458.70 -177385.95
-613343.70 -177385.95
-613343.70 -177456.95
-613458.70 -177456.95
-613458.70 -177527.95
-613343.70 -177527.95
-613343.70 -177598.95
-613458.70 -177598.95
-613458.70 -177669.95
-613343.70 -177669.95
-613343.70 -177740.95
-613458.70 -177740.95
-613458.70 -177811.95
-613343.70 -177811.95
-613343.70 -177882.95
-613458.70 -177882.95
-613458.70 -177953.95
-613343.70 -177953.95
-613343.70 -178024.95
-613458.70 -178024.95
-613458.70 -178095.95
-613343.70 -178095.95
-613343.70 -178166.95
-613458.70 -178166.95
-613458.70 -178237.95
-613343.70 -178237.95
-613343.70 -178308.95
-613458.70 -178308.95
-613458.70 -178379.95
-613401.20 -178379.95
-613401.20 -178404.45
31.00