-614900.50 -157719.35
-614900.50 -157743.87
-615099.50 -157777.66
-615796.41 -157896.00
-616261.00 -157974.89
-617190.21 -158132.67
-617190.25 -158132.67
-617654.82 -158211.56
-618119.42 -158290.45
-619513.31 -158527.14
-619513.40 -158527.15
-619977.84 -158606.01
-621307.34 -158831.76
-622300.98 -159000.49
-622301.10 -159000.51
-624159.28 -159316.03
-624623.88 -159394.92
-625753.23 -159586.69
-626264.35 -159673.48
-628214.98 -160004.70
-631128.69 -160499.45
-640867.12 -162153.06
-661761.20 -165700.91
-661761.20 -165812.95
-661797.16 -165812.95
-661797.16 -165883.95
-661703.70 -165883.95
-661703.70 -165954.95
-661818.70 -165954.95
-661818.70 -166025.95
-661703.70 -166025.95
-661703.70 -166096.95
-661818.70 -166096.95
-661818.70 -166167.95
-661703.70 -166167.95
-661703.70 -166238.95
-661818.70 -166238.95
-661818.70 -166309.95
-661703.70 -166309.95
-661703.70 -166380.95
-661818.70 -166380.95
-661818.70 -166451.95
-661703.70 -166451.95
-661703.70 -166522.95
-661818.70 -166522.95
-661818.70 -166593.95
-661703.70 -166593.95
-661703.70 -166664.95
-661818.70 -166664.95
-661818.70 -166735.95
-661703.70 -166735.95
-661703.70 -166806.95
-661818.70 -166806.95
-661818.70 -166877.95
-661703.70 -166877.95
-661703.70 -166948.95
-661818.70 -166948.95
-661818.70 -167019.95
-661703.70 -167019.95
-661703.70 -167090.95
-661818.70 -167090.95
-661818.70 -167161.95
-661703.70 -167161.95
-661703.70 -167232.95
-661818.70 -167232.95
-661818.70 -167303.95
-661703.70 -167303.95
-661703.70 -167374.95
-661818.70 -167374.95
-661818.70 -167445.95
-661703.70 -167445.95
-661703.70 -167516.95
-661818.70 -167516.95
-661818.70 -167587.95
-661703.70 -167587.95
-661703.70 -167658.95
-661818.70 -167658.95
-661818.70 -167729.95
-661703.70 -167729.95
-661703.70 -167800.95
-661818.70 -167800.95
-661818.70 -167871.95
-661703.70 -167871.95
-661703.70 -167942.95
-661818.70 -167942.95
-661818.70 -168013.95
-661703.70 -168013.95
-661703.70 -168084.95
-661818.70 -168084.95
-661818.70 -168155.95
-661703.70 -168155.95
-661703.70 -168226.95
-661818.70 -168226.95
-661818.70 -168297.95
-661703.70 -168297.95
-661703.70 -168368.95
-661818.70 -168368.95
-661818.70 -168439.95
-661703.70 -168439.95
-661703.70 -168510.95
-661818.70 -168510.95
-661818.70 -168581.95
-661703.70 -168581.95
-661703.70 -168652.95
-661818.70 -168652.95
-661818.70 -168723.95
-661703.70 -168723.95
-661703.70 -168794.95
-661818.70 -168794.95
-661818.70 -168865.95
-661703.70 -168865.95
-661703.70 -168936.95
-661818.70 -168936.95
-661818.70 -169007.95
-661703.70 -169007.95
-661703.70 -169078.95
-661818.70 -169078.95
-661818.70 -169149.95
-661703.70 -169149.95
-661703.70 -169220.95
-661818.70 -169220.95
-661818.70 -169291.95
-661703.70 -169291.95
-661703.70 -169362.95
-661818.70 -169362.95
-661818.70 -169433.95
-661703.70 -169433.95
-661703.70 -169504.95
-661818.70 -169504.95
-661818.70 -169575.95
-661703.70 -169575.95
-661703.70 -169646.95
-661818.70 -169646.95
-661818.70 -169717.95
-661703.70 -169717.95
-661703.70 -169788.95
-661818.70 -169788.95
-661818.70 -169859.95
-661703.70 -169859.95
-661703.70 -169930.95
-661818.70 -169930.95
-661818.70 -170001.95
-661703.70 -170001.95
-661703.70 -170072.95
-661818.70 -170072.95
-661818.70 -170143.95
-661703.70 -170143.95
-661703.70 -170214.95
-661818.70 -170214.95
-661818.70 -170285.95
-661703.70 -170285.95
-661703.70 -170356.95
-661818.70 -170356.95
-661818.70 -170427.95
-661703.70 -170427.95
-661703.70 -170498.95
-661818.70 -170498.95
-661818.70 -170569.95
-661703.70 -170569.95
-661703.70 -170640.95
-661818.70 -170640.95
-661818.70 -170711.95
-661703.70 -170711.95
-661703.70 -170782.95
-661818.70 -170782.95
-661818.70 -170853.95
-661703.70 -170853.95
-661703.70 -170924.95
-661818.70 -170924.95
-661818.70 -170995.95
-661703.70 -170995.95
-661703.70 -171066.95
-661818.70 -171066.95
-661818.70 -171137.95
-661703.70 -171137.95
-661703.70 -171208.95
-661818.70 -171208.95
-661818.70 -171279.95
-661703.70 -171279.95
-661703.70 -171350.95
-661818.70 -171350.95
-661818.70 -171421.95
-661703.70 -171421.95
-661703.70 -171492.95
-661818.70 -171492.95
-661818.70 -171563.95
-661703.70 -171563.95
-661703.70 -171634.95
-661818.70 -171634.95
-661818.70 -171705.95
-661703.70 -171705.95
-661703.70 -171776.95
-661818.70 -171776.95
-661818.70 -171847.95
-661703.70 -171847.95
-661703.70 -171918.95
-661818.70 -171918.95
-661818.70 -171989.95
-661703.70 -171989.95
-661703.70 -172060.95
-661818.70 -172060.95
-661818.70 -172131.95
-661703.70 -172131.95
-661703.70 -172202.95
-661818.70 -172202.95
-661818.70 -172273.95
-661703.70 -172273.95
-661703.70 -172344.95
-661818.70 -172344.95
-661818.70 -172415.95
-661703.70 -172415.95
-661703.70 -172486.95
-661818.70 -172486.95
-661818.70 -172557.95
-661703.70 -172557.95
-661703.70 -172628.95
-661818.70 -172628.95
-661818.70 -172699.95
-661703.70 -172699.95
-661703.70 -172770.95
-661818.70 -172770.95
-661818.70 -172841.95
-661703.70 -172841.95
-661703.70 -172912.95
-661818.70 -172912.95
-661818.70 -172983.95
-661703.70 -172983.95
-661703.70 -173054.95
-661818.70 -173054.95
-661818.70 -173125.95
-661703.70 -173125.95
-661703.70 -173196.95
-661818.70 -173196.95
-661818.70 -173267.95
-661703.70 -173267.95
-661703.70 -173338.95
-661818.70 -173338.95
-661818.70 -173409.95
-661703.70 -173409.95
-661703.70 -173480.95
-661818.70 -173480.95
-661818.70 -173551.95
-661703.70 -173551.95
-661703.70 -173622.95
-661818.70 -173622.95
-661818.70 -173693.95
-661703.70 -173693.95
-661703.70 -173764.95
-661818.70 -173764.95
-661818.70 -173835.95
-661703.70 -173835.95
-661703.70 -173906.95
-661818.70 -173906.95
-661818.70 -173977.95
-661703.70 -173977.95
-661703.70 -174048.95
-661818.70 -174048.95
-661818.70 -174119.95
-661703.70 -174119.95
-661703.70 -174190.95
-661818.70 -174190.95
-661818.70 -174261.95
-661703.70 -174261.95
-661703.70 -174332.95
-661818.70 -174332.95
-661818.70 -174403.95
-661703.70 -174403.95
-661703.70 -174474.95
-661818.70 -174474.95
-661818.70 -174545.95
-661703.70 -174545.95
-661703.70 -174616.95
-661818.70 -174616.95
-661818.70 -174687.95
-661703.70 -174687.95
-661703.70 -174758.95
-661818.70 -174758.95
-661818.70 -174829.95
-661703.70 -174829.95
-661703.70 -174900.95
-661818.70 -174900.95
-661818.70 -174971.95
-661703.70 -174971.95
-661703.70 -175042.95
-661818.70 -175042.95
-661818.70 -175113.95
-661703.70 -175113.95
-661703.70 -175184.95
-661818.70 -175184.95
-661818.70 -175255.95
-661703.70 -175255.95
-661703.70 -175326.95
-661818.70 -175326.95
-661818.70 -175397.95
-661703.70 -175397.95
-661703.70 -175468.95
-661818.70 -175468.95
-661818.70 -175539.95
-661703.70 -175539.95
-661703.70 -175610.95
-661818.70 -175610.95
-661818.70 -175681.95
-661703.70 -175681.95
-661703.70 -175752.95
-661818.70 -175752.95
-661818.70 -175823.95
-661703.70 -175823.95
-661703.70 -175894.95
-661818.70 -175894.95
-661818.70 -175965.95
-661703.70 -175965.95
-661703.70 -176036.95
-661818.70 -176036.95
-661818.70 -176107.95
-661703.70 -176107.95
-661703.70 -176178.95
-661818.70 -176178.95
-661818.70 -176249.95
-661703.70 -176249.95
-661703.70 -176320.95
-661818.70 -176320.95
-661818.70 -176391.95
-661703.70 -176391.95
-661703.70 -176462.95
-661818.70 -176462.95
-661818.70 -176533.95
-661703.70 -176533.95
-661703.70 -176604.95
-661818.70 -176604.95
-661818.70 -176675.95
-661703.70 -176675.95
-661703.70 -176746.95
-661818.70 -176746.95
-661818.70 -176817.95
-661703.70 -176817.95
-661703.70 -176888.95
-661818.70 -176888.95
-661818.70 -176959.95
-661703.70 -176959.95
-661703.70 -177030.95
-661818.70 -177030.95
-661818.70 -177101.95
-661703.70 -177101.95
-661703.70 -177172.95
-661818.70 -177172.95
-661818.70 -177243.95
-661703.70 -177243.95
-661703.70 -177314.95
-661818.70 -177314.95
-661818.70 -177385.95
-661703.70 -177385.95
-661703.70 -177456.95
-661818.70 -177456.95
-661818.70 -177527.95
-661703.70 -177527.95
-661703.70 -177598.95
-661818.70 -177598.95
-661818.70 -177669.95
-661703.70 -177669.95
-661703.70 -177740.95
-661818.70 -177740.95
-661818.70 -177811.95
-661703.70 -177811.95
-661703.70 -177882.95
-661818.70 -177882.95
-661818.70 -177953.95
-661703.70 -177953.95
-661703.70 -178024.95
-661818.70 -178024.95
-661818.70 -178095.95
-661703.70 -178095.95
-661703.70 -178166.95
-661818.70 -178166.95
-661818.70 -178237.95
-661703.70 -178237.95
-661703.70 -178308.95
-661818.70 -178308.95
-661818.70 -178379.95
-661761.20 -178379.95
-661761.20 -178404.45
31.00