-1030521.50 -157719.35
-1030521.50 -157743.87
-1030322.50 -157777.66
-1030090.21 -157817.10
-1029660.95 -157889.99
-1029405.31 -157933.40
-1029238.83 -157961.67
-1029016.40 -157999.44
-1028774.23 -158040.56
-1028587.83 -158072.21
-1027842.33 -158198.80
-1027711.19 -158221.07
-1027165.05 -158313.80
-1026769.70 -158380.93
-1026627.84 -158405.02
-1026487.87 -158428.79
-1026249.29 -158469.30
-1026240.90 -158470.73
-1025999.02 -158511.80
-1025717.30 -158559.63
-1025366.57 -158619.19
-1025229.49 -158642.46
-1024624.13 -158745.26
-1024557.87 -158756.51
-1023702.92 -158901.68
-1023612.32 -158917.06
-1022995.24 -159021.85
-1022092.18 -159175.19
-1021312.00 -159307.66
-1020348.89 -159471.20
-1020111.89 -159511.44
-1016212.68 -160173.54
-1007894.85 -161585.92
-1003934.81 -162258.35
-1003676.46 -162302.21
-1000556.64 -162831.97
-1000541.42 -162834.55
-999178.38 -163066.00
-997409.13 -163366.42
-996474.01 -163525.20
-992953.78 -164122.95
-991367.24 -164392.34
-991195.87 -164421.44
-990278.96 -164577.14
-989195.52 -164761.11
-988830.68 -164823.06
-988662.72 -164851.58
-986857.74 -165158.07
-985292.78 -165423.80
-983988.66 -165645.24
-983360.33 -165751.94
-982819.68 -165843.74
-980560.17 -166227.41
-980488.05 -166239.65
-979559.40 -166397.34
-978617.72 -166557.24
-978365.14 -166600.13
-977094.14 -166815.95
-976268.51 -166956.14
-975311.98 -167118.56
-974330.66 -167285.19
-973963.35 -167347.56
-973748.58 -167384.03
-973498.74 -167426.45
-973283.98 -167462.92
-973034.14 -167505.34
-972819.37 -167541.81
-972569.54 -167584.23
-972354.77 -167620.70
-972104.93 -167663.13
-971890.17 -167699.59
-971640.33 -167742.02
-971425.56 -167778.48
-971175.72 -167820.91
-970960.96 -167857.37
-970711.12 -167899.80
-970496.35 -167936.27
-970246.52 -167978.69
-970031.75 -168015.16
-969781.91 -168057.58
-969567.15 -168094.05
-969317.31 -168136.47
-969102.54 -168172.94
-968852.70 -168215.36
-968684.75 -168243.88
-968294.87 -168310.08
-965968.44 -168705.12
-965015.43 -168866.94
-964193.60 -169006.49
-964081.65 -169025.50
-964071.01 -169027.30
-931782.90 -174509.89
-931306.20 -174590.84
-931306.20 -174687.95
-931275.37 -174687.95
-931275.37 -174758.95
-931363.70 -174758.95
-931363.70 -174829.95
-931248.70 -174829.95
-931248.70 -174900.95
-931363.70 -174900.95
-931363.70 -174971.95
-931248.70 -174971.95
-931248.70 -175042.95
-931363.70 -175042.95
-931363.70 -175113.95
-931248.70 -175113.95
-931248.70 -175184.95
-931363.70 -175184.95
-931363.70 -175255.95
-931248.70 -175255.95
-931248.70 -175326.95
-931363.70 -175326.95
-931363.70 -175397.95
-931248.70 -175397.95
-931248.70 -175468.95
-931363.70 -175468.95
-931363.70 -175539.95
-931248.70 -175539.95
-931248.70 -175610.95
-931363.70 -175610.95
-931363.70 -175681.95
-931248.70 -175681.95
-931248.70 -175752.95
-931363.70 -175752.95
-931363.70 -175823.95
-931248.70 -175823.95
-931248.70 -175894.95
-931363.70 -175894.95
-931363.70 -175965.95
-931248.70 -175965.95
-931248.70 -176036.95
-931363.70 -176036.95
-931363.70 -176107.95
-931248.70 -176107.95
-931248.70 -176178.95
-931363.70 -176178.95
-931363.70 -176249.95
-931248.70 -176249.95
-931248.70 -176320.95
-931363.70 -176320.95
-931363.70 -176391.95
-931248.70 -176391.95
-931248.70 -176462.95
-931363.70 -176462.95
-931363.70 -176533.95
-931248.70 -176533.95
-931248.70 -176604.95
-931363.70 -176604.95
-931363.70 -176675.95
-931248.70 -176675.95
-931248.70 -176746.95
-931363.70 -176746.95
-931363.70 -176817.95
-931248.70 -176817.95
-931248.70 -176888.95
-931363.70 -176888.95
-931363.70 -176959.95
-931248.70 -176959.95
-931248.70 -177030.95
-931363.70 -177030.95
-931363.70 -177101.95
-931248.70 -177101.95
-931248.70 -177172.95
-931363.70 -177172.95
-931363.70 -177243.95
-931248.70 -177243.95
-931248.70 -177314.95
-931363.70 -177314.95
-931363.70 -177385.95
-931248.70 -177385.95
-931248.70 -177456.95
-931363.70 -177456.95
-931363.70 -177527.95
-931248.70 -177527.95
-931248.70 -177598.95
-931363.70 -177598.95
-931363.70 -177669.95
-931248.70 -177669.95
-931248.70 -177740.95
-931363.70 -177740.95
-931363.70 -177811.95
-931248.70 -177811.95
-931248.70 -177882.95
-931363.70 -177882.95
-931363.70 -177953.95
-931248.70 -177953.95
-931248.70 -178024.95
-931363.70 -178024.95
-931363.70 -178095.95
-931248.70 -178095.95
-931248.70 -178166.95
-931363.70 -178166.95
-931363.70 -178237.95
-931248.70 -178237.95
-931248.70 -178308.95
-931363.70 -178308.95
-931363.70 -178379.95
-931306.20 -178379.95
-931306.20 -178404.45
31.00