-442253.10 -156157.95
-442253.10 -156241.70
-442452.10 -156328.16
-442675.16 -156425.07
-442898.21 -156521.97
-443121.31 -156618.93
-443343.89 -156715.41
-443571.86 -156816.32
-443869.10 -156926.17
-444001.04 -157000.25
-444238.05 -157101.80
-444461.30 -157197.43
-444684.52 -157293.07
-444907.92 -157388.81
-445129.81 -157483.66
-445364.91 -157586.15
-445661.32 -157695.62
-445807.04 -157766.99
-446068.80 -157856.57
-446294.84 -157933.95
-446520.90 -158011.32
-446746.93 -158088.67
-446972.97 -158166.05
-447199.04 -158243.42
-447425.00 -158320.75
-447651.51 -158398.33
-447873.98 -158474.19
-448126.95 -158563.07
-448443.73 -158651.20
-448618.29 -158710.27
-448910.29 -158772.57
-449141.00 -158821.79
-449371.65 -158871.00
-449602.30 -158920.20
-449832.96 -158969.42
-450063.62 -159018.63
-450294.18 -159067.81
-450525.37 -159117.17
-450752.59 -159165.46
-451005.11 -159220.66
-451270.64 -159268.71
-451516.03 -159310.65
-451718.21 -159343.64
-451986.09 -159400.05
-452340.91 -159441.62
-467184.87 -161962.16
-471500.65 -162694.98
-471539.86 -162701.64
-476458.81 -163536.89
-476459.34 -163536.98
-478313.69 -163851.85
-478317.06 -163852.43
-481098.75 -164324.76
-481355.39 -164368.34
-482204.69 -164512.55
-484960.50 -164980.50
-485153.53 -165013.27
-492950.72 -166337.25
-492951.68 -166337.41
-497119.51 -167045.12
-497164.39 -167052.74
-498524.92 -167283.76
-498525.41 -167283.85
-512469.45 -169651.57
-512473.65 -169652.29
-521524.21 -171189.09
-526169.57 -171977.88
-526170.79 -171978.09
-531512.70 -172885.16
-531513.24 -172885.25
-549851.20 -175999.07
-549851.20 -176178.95
-549893.81 -176178.95
-549893.81 -176249.95
-549793.70 -176249.95
-549793.70 -176320.95
-549908.70 -176320.95
-549908.70 -176391.95
-549793.70 -176391.95
-549793.70 -176462.95
-549908.70 -176462.95
-549908.70 -176533.95
-549793.70 -176533.95
-549793.70 -176604.95
-549908.70 -176604.95
-549908.70 -176675.95
-549793.70 -176675.95
-549793.70 -176746.95
-549908.70 -176746.95
-549908.70 -176817.95
-549793.70 -176817.95
-549793.70 -176888.95
-549908.70 -176888.95
-549908.70 -176959.95
-549793.70 -176959.95
-549793.70 -177030.95
-549908.70 -177030.95
-549908.70 -177101.95
-549793.70 -177101.95
-549793.70 -177172.95
-549908.70 -177172.95
-549908.70 -177243.95
-549793.70 -177243.95
-549793.70 -177314.95
-549908.70 -177314.95
-549908.70 -177385.95
-549793.70 -177385.95
-549793.70 -177456.95
-549908.70 -177456.95
-549908.70 -177527.95
-549793.70 -177527.95
-549793.70 -177598.95
-549908.70 -177598.95
-549908.70 -177669.95
-549793.70 -177669.95
-549793.70 -177740.95
-549908.70 -177740.95
-549908.70 -177811.95
-549793.70 -177811.95
-549793.70 -177882.95
-549908.70 -177882.95
-549908.70 -177953.95
-549793.70 -177953.95
-549793.70 -178024.95
-549908.70 -178024.95
-549908.70 -178095.95
-549793.70 -178095.95
-549793.70 -178166.95
-549908.70 -178166.95
-549908.70 -178237.95
-549793.70 -178237.95
-549793.70 -178308.95
-549908.70 -178308.95
-549908.70 -178379.95
-549851.20 -178379.95
-549851.20 -178404.45
31.00