-708514.42 -149600.51
-709803.00 -149600.51
-709870.98 -149710.51
-709981.00 -150404.21
-710072.92 -150552.89
-710182.94 -151246.61
-710274.84 -151395.31
-710384.86 -152089.00
-710476.78 -152237.70
-710586.77 -152931.32
-710678.90 -153080.25
-710787.19 -153768.37
-710892.90 -153931.82
-710942.69 -154437.32
-710942.69 -154702.14
-710985.96 -154752.13
-710985.96 -155147.33
-710978.98 -155546.42
-711018.81 -155592.45
-711018.81 -156033.38
-711012.61 -156387.55
-711051.67 -156432.67
-711051.67 -156919.43
-711046.26 -157228.80
-711084.52 -157273.01
-711084.52 -157805.48
-711079.89 -158069.90
-711117.38 -158113.21
-711117.38 -158691.53
-711113.54 -158911.17
-711150.23 -158953.57
-711150.23 -159577.58
-711147.17 -159752.26
-711183.09 -159793.75
-711183.09 -160463.63
-711180.82 -160593.44
-711215.95 -160634.03
-711215.95 -161349.70
-711214.46 -161434.63
-711248.80 -161474.30
-711248.80 -162245.29
-711233.21 -162792.48
-711240.30 -162834.42
-711240.30 -163346.65
-711091.85 -163909.64
-711091.85 -164247.19
-710943.41 -164810.18
-710943.41 -165147.75
-710794.97 -165710.74
-710794.97 -166048.31
-710646.53 -166611.30
-710646.53 -166948.86
-710498.09 -167511.85
-710498.09 -167849.42
-710349.65 -168412.41
-710349.65 -168749.98
-710201.21 -169312.97
-710201.21 -169650.56
-710052.76 -170213.55
-710052.76 -170551.09
-709896.50 -171143.74
-709896.50 -171698.32
-709470.93 -172649.53
-709437.95 -172844.82
-709113.71 -173569.53
-709080.75 -173764.80
-708756.43 -174489.66
-708723.46 -174684.92
-708399.19 -175409.70
-708366.22 -175605.00
-708041.98 -176329.69
-708009.02 -176524.97
-707684.70 -177249.84
-707651.73 -177445.09
-707327.46 -178169.88
-707294.48 -178365.21
-706971.76 -179086.49
-706916.17 -179419.72
-706001.62 -181130.70
-705555.81 -181746.04
-705468.96 -181953.00
-704934.82 -182690.24
-704847.97 -182897.21
-704313.84 -183634.45
-704226.99 -183841.42
-703692.85 -184578.66
-703606.00 -184785.62
-703071.81 -185522.95
-702984.95 -185729.88
-702450.49 -186467.60
-702367.22 -186665.88
-701570.66 -187774.47
-701146.59 -188412.75
-700219.06 -189253.11
-700056.46 -189470.37
-699229.87 -190219.27
-699067.27 -190436.53
-698240.60 -191185.51
-698078.06 -191402.69
-697251.39 -192151.66
-697088.90 -192368.79
-696261.86 -193118.10
-696101.99 -193331.65
-695127.81 -194217.21
-694547.02 -194885.83
-692794.39 -195906.43
-692510.08 -196131.74
-691206.73 -196890.72
-690922.44 -197116.03
-689618.52 -197875.33
-689334.54 -198100.39
-688039.52 -198854.39
-687669.59 -199149.66
-686639.46 -199700.28
-684197.74 -200741.72
-681788.52 -201534.36
-681267.02 -201741.56
-681267.02 -209773.70
30.00