-968620.50 -157719.35
-968620.50 -157743.87
-968421.50 -157777.66
-968047.15 -157841.23
-967832.39 -157877.69
-967582.55 -157920.12
-967367.78 -157956.58
-967117.94 -157999.01
-966949.99 -158027.53
-966404.09 -158120.22
-966117.01 -158168.97
-965949.09 -158197.48
-965699.32 -158239.89
-965471.01 -158278.66
-965247.11 -158316.68
-965060.72 -158348.33
-964390.63 -158462.11
-964234.21 -158488.67
-963800.94 -158562.24
-963635.01 -158590.42
-963410.17 -158628.60
-962903.92 -158714.56
-962615.01 -158763.61
-962379.57 -158803.59
-962148.67 -158842.80
-937507.36 -163026.95
-935683.66 -163336.61
-935615.82 -163348.13
-934836.69 -163480.43
-926265.91 -164935.77
-926173.39 -164951.48
-925442.15 -165075.64
-924763.57 -165190.87
-924572.36 -165223.34
-924367.02 -165258.20
-924117.24 -165300.62
-923905.46 -165336.58
-923533.56 -165399.73
-923377.67 -165426.20
-921770.90 -165699.03
-921684.69 -165713.67
-921009.72 -165828.28
-919410.98 -166099.75
-919160.57 -166142.27
-917483.28 -166427.08
-917420.35 -166437.76
-917324.70 -166454.00
-915537.96 -166757.40
-915423.50 -166776.83
-915134.28 -166825.94
-914416.82 -166947.77
-913355.24 -167128.03
-913271.41 -167142.26
-912942.58 -167198.10
-912660.09 -167246.07
-912062.35 -167347.56
-911854.79 -167382.81
-910633.77 -167590.14
-910613.08 -167593.65
-910453.77 -167620.70
-910203.93 -167663.13
-909962.64 -167704.10
-909726.91 -167744.12
-909519.63 -167779.32
-909028.05 -167862.79
-908835.97 -167895.41
-908699.48 -167918.59
-908546.26 -167944.60
-908115.00 -168017.83
-907880.57 -168057.64
-905658.19 -168435.00
-904215.62 -168679.95
-904101.43 -168699.34
-902989.71 -168888.12
-899929.69 -169407.71
-897823.94 -169765.27
-894212.36 -170378.53
-891161.20 -170896.62
-891161.20 -170995.95
-891129.86 -170995.95
-891129.86 -171066.95
-891218.70 -171066.95
-891218.70 -171137.95
-891103.70 -171137.95
-891103.70 -171208.95
-891218.70 -171208.95
-891218.70 -171279.95
-891103.70 -171279.95
-891103.70 -171350.95
-891218.70 -171350.95
-891218.70 -171421.95
-891103.70 -171421.95
-891103.70 -171492.95
-891218.70 -171492.95
-891218.70 -171563.95
-891103.70 -171563.95
-891103.70 -171634.95
-891218.70 -171634.95
-891218.70 -171705.95
-891103.70 -171705.95
-891103.70 -171776.95
-891218.70 -171776.95
-891218.70 -171847.95
-891103.70 -171847.95
-891103.70 -171918.95
-891218.70 -171918.95
-891218.70 -171989.95
-891103.70 -171989.95
-891103.70 -172060.95
-891218.70 -172060.95
-891218.70 -172131.95
-891103.70 -172131.95
-891103.70 -172202.95
-891218.70 -172202.95
-891218.70 -172273.95
-891103.70 -172273.95
-891103.70 -172344.95
-891218.70 -172344.95
-891218.70 -172415.95
-891103.70 -172415.95
-891103.70 -172486.95
-891218.70 -172486.95
-891218.70 -172557.95
-891103.70 -172557.95
-891103.70 -172628.95
-891218.70 -172628.95
-891218.70 -172699.95
-891103.70 -172699.95
-891103.70 -172770.95
-891218.70 -172770.95
-891218.70 -172841.95
-891103.70 -172841.95
-891103.70 -172912.95
-891218.70 -172912.95
-891218.70 -172983.95
-891103.70 -172983.95
-891103.70 -173054.95
-891218.70 -173054.95
-891218.70 -173125.95
-891103.70 -173125.95
-891103.70 -173196.95
-891218.70 -173196.95
-891218.70 -173267.95
-891103.70 -173267.95
-891103.70 -173338.95
-891218.70 -173338.95
-891218.70 -173409.95
-891103.70 -173409.95
-891103.70 -173480.95
-891218.70 -173480.95
-891218.70 -173551.95
-891103.70 -173551.95
-891103.70 -173622.95
-891218.70 -173622.95
-891218.70 -173693.95
-891103.70 -173693.95
-891103.70 -173764.95
-891218.70 -173764.95
-891218.70 -173835.95
-891103.70 -173835.95
-891103.70 -173906.95
-891218.70 -173906.95
-891218.70 -173977.95
-891103.70 -173977.95
-891103.70 -174048.95
-891218.70 -174048.95
-891218.70 -174119.95
-891103.70 -174119.95
-891103.70 -174190.95
-891218.70 -174190.95
-891218.70 -174261.95
-891103.70 -174261.95
-891103.70 -174332.95
-891218.70 -174332.95
-891218.70 -174403.95
-891103.70 -174403.95
-891103.70 -174474.95
-891218.70 -174474.95
-891218.70 -174545.95
-891103.70 -174545.95
-891103.70 -174616.95
-891218.70 -174616.95
-891218.70 -174687.95
-891103.70 -174687.95
-891103.70 -174758.95
-891218.70 -174758.95
-891218.70 -174829.95
-891103.70 -174829.95
-891103.70 -174900.95
-891218.70 -174900.95
-891218.70 -174971.95
-891103.70 -174971.95
-891103.70 -175042.95
-891218.70 -175042.95
-891218.70 -175113.95
-891103.70 -175113.95
-891103.70 -175184.95
-891218.70 -175184.95
-891218.70 -175255.95
-891103.70 -175255.95
-891103.70 -175326.95
-891218.70 -175326.95
-891218.70 -175397.95
-891103.70 -175397.95
-891103.70 -175468.95
-891218.70 -175468.95
-891218.70 -175539.95
-891103.70 -175539.95
-891103.70 -175610.95
-891218.70 -175610.95
-891218.70 -175681.95
-891103.70 -175681.95
-891103.70 -175752.95
-891218.70 -175752.95
-891218.70 -175823.95
-891103.70 -175823.95
-891103.70 -175894.95
-891218.70 -175894.95
-891218.70 -175965.95
-891103.70 -175965.95
-891103.70 -176036.95
-891218.70 -176036.95
-891218.70 -176107.95
-891103.70 -176107.95
-891103.70 -176178.95
-891218.70 -176178.95
-891218.70 -176249.95
-891103.70 -176249.95
-891103.70 -176320.95
-891218.70 -176320.95
-891218.70 -176391.95
-891103.70 -176391.95
-891103.70 -176462.95
-891218.70 -176462.95
-891218.70 -176533.95
-891103.70 -176533.95
-891103.70 -176604.95
-891218.70 -176604.95
-891218.70 -176675.95
-891103.70 -176675.95
-891103.70 -176746.95
-891218.70 -176746.95
-891218.70 -176817.95
-891103.70 -176817.95
-891103.70 -176888.95
-891218.70 -176888.95
-891218.70 -176959.95
-891103.70 -176959.95
-891103.70 -177030.95
-891218.70 -177030.95
-891218.70 -177101.95
-891103.70 -177101.95
-891103.70 -177172.95
-891218.70 -177172.95
-891218.70 -177243.95
-891103.70 -177243.95
-891103.70 -177314.95
-891218.70 -177314.95
-891218.70 -177385.95
-891103.70 -177385.95
-891103.70 -177456.95
-891218.70 -177456.95
-891218.70 -177527.95
-891103.70 -177527.95
-891103.70 -177598.95
-891218.70 -177598.95
-891218.70 -177669.95
-891103.70 -177669.95
-891103.70 -177740.95
-891218.70 -177740.95
-891218.70 -177811.95
-891103.70 -177811.95
-891103.70 -177882.95
-891218.70 -177882.95
-891218.70 -177953.95
-891103.70 -177953.95
-891103.70 -178024.95
-891218.70 -178024.95
-891218.70 -178095.95
-891103.70 -178095.95
-891103.70 -178166.95
-891218.70 -178166.95
-891218.70 -178237.95
-891103.70 -178237.95
-891103.70 -178308.95
-891218.70 -178308.95
-891218.70 -178379.95
-891161.20 -178379.95
-891161.20 -178404.45
31.00