-711695.50 -157719.35
-711695.50 -157743.87
-711894.49 -157777.66
-712268.85 -157841.23
-712473.17 -157875.92
-712895.94 -157947.71
-713099.37 -157982.25
-713522.74 -158054.14
-713673.42 -158079.73
-713915.78 -158120.88
-714139.68 -158158.90
-714362.11 -158196.67
-714604.28 -158237.79
-714802.22 -158271.40
-715056.47 -158314.57
-715271.24 -158351.04
-715521.08 -158393.46
-715765.23 -158434.92
-716440.95 -158549.66
-716751.40 -158602.37
-717140.61 -158668.46
-717705.53 -158764.39
-718054.99 -158823.73
-719126.31 -159005.64
-719644.74 -159093.67
-721292.03 -159373.38
-722071.02 -159505.66
-722574.83 -159591.20
-722934.68 -159652.31
-723072.96 -159675.79
-724106.68 -159851.31
-724348.56 -159892.39
-724516.51 -159920.90
-724536.20 -159924.25
-724536.20 -160061.95
-724491.47 -160061.95
-724491.47 -160132.95
-724593.70 -160132.95
-724593.70 -160203.95
-724478.70 -160203.95
-724478.70 -160274.95
-724593.70 -160274.95
-724593.70 -160345.95
-724478.70 -160345.95
-724478.70 -160416.95
-724593.70 -160416.95
-724593.70 -160487.95
-724478.70 -160487.95
-724478.70 -160558.95
-724593.70 -160558.95
-724593.70 -160629.95
-724478.70 -160629.95
-724478.70 -160700.95
-724593.70 -160700.95
-724593.70 -160771.95
-724478.70 -160771.95
-724478.70 -160842.95
-724593.70 -160842.95
-724593.70 -160913.95
-724478.70 -160913.95
-724478.70 -160984.95
-724593.70 -160984.95
-724593.70 -161055.95
-724478.70 -161055.95
-724478.70 -161126.95
-724593.70 -161126.95
-724593.70 -161197.95
-724478.70 -161197.95
-724478.70 -161268.95
-724593.70 -161268.95
-724593.70 -161339.95
-724478.70 -161339.95
-724478.70 -161410.95
-724593.70 -161410.95
-724593.70 -161481.95
-724478.70 -161481.95
-724478.70 -161552.95
-724593.70 -161552.95
-724593.70 -161623.95
-724478.70 -161623.95
-724478.70 -161694.95
-724593.70 -161694.95
-724593.70 -161765.95
-724478.70 -161765.95
-724478.70 -161836.95
-724593.70 -161836.95
-724593.70 -161907.95
-724478.70 -161907.95
-724478.70 -161978.95
-724593.70 -161978.95
-724593.70 -162049.95
-724478.70 -162049.95
-724478.70 -162120.95
-724593.70 -162120.95
-724593.70 -162191.95
-724478.70 -162191.95
-724478.70 -162262.95
-724593.70 -162262.95
-724593.70 -162333.95
-724478.70 -162333.95
-724478.70 -162404.95
-724593.70 -162404.95
-724593.70 -162475.95
-724478.70 -162475.95
-724478.70 -162546.95
-724593.70 -162546.95
-724593.70 -162617.95
-724478.70 -162617.95
-724478.70 -162688.95
-724593.70 -162688.95
-724593.70 -162759.95
-724478.70 -162759.95
-724478.70 -162830.95
-724593.70 -162830.95
-724593.70 -162901.95
-724478.70 -162901.95
-724478.70 -162972.95
-724593.70 -162972.95
-724593.70 -163043.95
-724478.70 -163043.95
-724478.70 -163114.95
-724593.70 -163114.95
-724593.70 -163185.95
-724478.70 -163185.95
-724478.70 -163256.95
-724593.70 -163256.95
-724593.70 -163327.95
-724478.70 -163327.95
-724478.70 -163398.95
-724593.70 -163398.95
-724593.70 -163469.95
-724478.70 -163469.95
-724478.70 -163540.95
-724593.70 -163540.95
-724593.70 -163611.95
-724478.70 -163611.95
-724478.70 -163682.95
-724593.70 -163682.95
-724593.70 -163753.95
-724478.70 -163753.95
-724478.70 -163824.95
-724593.70 -163824.95
-724593.70 -163895.95
-724478.70 -163895.95
-724478.70 -163966.95
-724593.70 -163966.95
-724593.70 -164037.95
-724478.70 -164037.95
-724478.70 -164108.95
-724593.70 -164108.95
-724593.70 -164179.95
-724478.70 -164179.95
-724478.70 -164250.95
-724593.70 -164250.95
-724593.70 -164321.95
-724478.70 -164321.95
-724478.70 -164392.95
-724593.70 -164392.95
-724593.70 -164463.95
-724478.70 -164463.95
-724478.70 -164534.95
-724593.70 -164534.95
-724593.70 -164605.95
-724478.70 -164605.95
-724478.70 -164676.95
-724593.70 -164676.95
-724593.70 -164747.95
-724478.70 -164747.95
-724478.70 -164818.95
-724593.70 -164818.95
-724593.70 -164889.95
-724478.70 -164889.95
-724478.70 -164960.95
-724593.70 -164960.95
-724593.70 -165031.95
-724478.70 -165031.95
-724478.70 -165102.95
-724593.70 -165102.95
-724593.70 -165173.95
-724478.70 -165173.95
-724478.70 -165244.95
-724593.70 -165244.95
-724593.70 -165315.95
-724478.70 -165315.95
-724478.70 -165386.95
-724593.70 -165386.95
-724593.70 -165457.95
-724478.70 -165457.95
-724478.70 -165528.95
-724593.70 -165528.95
-724593.70 -165599.95
-724478.70 -165599.95
-724478.70 -165670.95
-724593.70 -165670.95
-724593.70 -165741.95
-724478.70 -165741.95
-724478.70 -165812.95
-724593.70 -165812.95
-724593.70 -165883.95
-724478.70 -165883.95
-724478.70 -165954.95
-724593.70 -165954.95
-724593.70 -166025.95
-724478.70 -166025.95
-724478.70 -166096.95
-724593.70 -166096.95
-724593.70 -166167.95
-724478.70 -166167.95
-724478.70 -166238.95
-724593.70 -166238.95
-724593.70 -166309.95
-724478.70 -166309.95
-724478.70 -166380.95
-724593.70 -166380.95
-724593.70 -166451.95
-724478.70 -166451.95
-724478.70 -166522.95
-724593.70 -166522.95
-724593.70 -166593.95
-724478.70 -166593.95
-724478.70 -166664.95
-724593.70 -166664.95
-724593.70 -166735.95
-724478.70 -166735.95
-724478.70 -166806.95
-724593.70 -166806.95
-724593.70 -166877.95
-724478.70 -166877.95
-724478.70 -166948.95
-724593.70 -166948.95
-724593.70 -167019.95
-724478.70 -167019.95
-724478.70 -167090.95
-724593.70 -167090.95
-724593.70 -167161.95
-724478.70 -167161.95
-724478.70 -167232.95
-724593.70 -167232.95
-724593.70 -167303.95
-724478.70 -167303.95
-724478.70 -167374.95
-724593.70 -167374.95
-724593.70 -167445.95
-724478.70 -167445.95
-724478.70 -167516.95
-724593.70 -167516.95
-724593.70 -167587.95
-724478.70 -167587.95
-724478.70 -167658.95
-724593.70 -167658.95
-724593.70 -167729.95
-724478.70 -167729.95
-724478.70 -167800.95
-724593.70 -167800.95
-724593.70 -167871.95
-724478.70 -167871.95
-724478.70 -167942.95
-724593.70 -167942.95
-724593.70 -168013.95
-724478.70 -168013.95
-724478.70 -168084.95
-724593.70 -168084.95
-724593.70 -168155.95
-724478.70 -168155.95
-724478.70 -168226.95
-724593.70 -168226.95
-724593.70 -168297.95
-724478.70 -168297.95
-724478.70 -168368.95
-724593.70 -168368.95
-724593.70 -168439.95
-724478.70 -168439.95
-724478.70 -168510.95
-724593.70 -168510.95
-724593.70 -168581.95
-724478.70 -168581.95
-724478.70 -168652.95
-724593.70 -168652.95
-724593.70 -168723.95
-724478.70 -168723.95
-724478.70 -168794.95
-724593.70 -168794.95
-724593.70 -168865.95
-724478.70 -168865.95
-724478.70 -168936.95
-724593.70 -168936.95
-724593.70 -169007.95
-724478.70 -169007.95
-724478.70 -169078.95
-724593.70 -169078.95
-724593.70 -169149.95
-724478.70 -169149.95
-724478.70 -169220.95
-724593.70 -169220.95
-724593.70 -169291.95
-724478.70 -169291.95
-724478.70 -169362.95
-724593.70 -169362.95
-724593.70 -169433.95
-724478.70 -169433.95
-724478.70 -169504.95
-724593.70 -169504.95
-724593.70 -169575.95
-724478.70 -169575.95
-724478.70 -169646.95
-724593.70 -169646.95
-724593.70 -169717.95
-724478.70 -169717.95
-724478.70 -169788.95
-724593.70 -169788.95
-724593.70 -169859.95
-724478.70 -169859.95
-724478.70 -169930.95
-724593.70 -169930.95
-724593.70 -170001.95
-724478.70 -170001.95
-724478.70 -170072.95
-724593.70 -170072.95
-724593.70 -170143.95
-724478.70 -170143.95
-724478.70 -170214.95
-724593.70 -170214.95
-724593.70 -170285.95
-724478.70 -170285.95
-724478.70 -170356.95
-724593.70 -170356.95
-724593.70 -170427.95
-724478.70 -170427.95
-724478.70 -170498.95
-724593.70 -170498.95
-724593.70 -170569.95
-724478.70 -170569.95
-724478.70 -170640.95
-724593.70 -170640.95
-724593.70 -170711.95
-724478.70 -170711.95
-724478.70 -170782.95
-724593.70 -170782.95
-724593.70 -170853.95
-724478.70 -170853.95
-724478.70 -170924.95
-724593.70 -170924.95
-724593.70 -170995.95
-724478.70 -170995.95
-724478.70 -171066.95
-724593.70 -171066.95
-724593.70 -171137.95
-724478.70 -171137.95
-724478.70 -171208.95
-724593.70 -171208.95
-724593.70 -171279.95
-724478.70 -171279.95
-724478.70 -171350.95
-724593.70 -171350.95
-724593.70 -171421.95
-724478.70 -171421.95
-724478.70 -171492.95
-724593.70 -171492.95
-724593.70 -171563.95
-724478.70 -171563.95
-724478.70 -171634.95
-724593.70 -171634.95
-724593.70 -171705.95
-724478.70 -171705.95
-724478.70 -171776.95
-724593.70 -171776.95
-724593.70 -171847.95
-724478.70 -171847.95
-724478.70 -171918.95
-724593.70 -171918.95
-724593.70 -171989.95
-724478.70 -171989.95
-724478.70 -172060.95
-724593.70 -172060.95
-724593.70 -172131.95
-724478.70 -172131.95
-724478.70 -172202.95
-724593.70 -172202.95
-724593.70 -172273.95
-724478.70 -172273.95
-724478.70 -172344.95
-724593.70 -172344.95
-724593.70 -172415.95
-724478.70 -172415.95
-724478.70 -172486.95
-724593.70 -172486.95
-724593.70 -172557.95
-724478.70 -172557.95
-724478.70 -172628.95
-724593.70 -172628.95
-724593.70 -172699.95
-724478.70 -172699.95
-724478.70 -172770.95
-724593.70 -172770.95
-724593.70 -172841.95
-724478.70 -172841.95
-724478.70 -172912.95
-724593.70 -172912.95
-724593.70 -172983.95
-724478.70 -172983.95
-724478.70 -173054.95
-724593.70 -173054.95
-724593.70 -173125.95
-724478.70 -173125.95
-724478.70 -173196.95
-724593.70 -173196.95
-724593.70 -173267.95
-724478.70 -173267.95
-724478.70 -173338.95
-724593.70 -173338.95
-724593.70 -173409.95
-724478.70 -173409.95
-724478.70 -173480.95
-724593.70 -173480.95
-724593.70 -173551.95
-724478.70 -173551.95
-724478.70 -173622.95
-724593.70 -173622.95
-724593.70 -173693.95
-724478.70 -173693.95
-724478.70 -173764.95
-724593.70 -173764.95
-724593.70 -173835.95
-724478.70 -173835.95
-724478.70 -173906.95
-724593.70 -173906.95
-724593.70 -173977.95
-724478.70 -173977.95
-724478.70 -174048.95
-724593.70 -174048.95
-724593.70 -174119.95
-724478.70 -174119.95
-724478.70 -174190.95
-724593.70 -174190.95
-724593.70 -174261.95
-724478.70 -174261.95
-724478.70 -174332.95
-724593.70 -174332.95
-724593.70 -174403.95
-724478.70 -174403.95
-724478.70 -174474.95
-724593.70 -174474.95
-724593.70 -174545.95
-724478.70 -174545.95
-724478.70 -174616.95
-724593.70 -174616.95
-724593.70 -174687.95
-724478.70 -174687.95
-724478.70 -174758.95
-724593.70 -174758.95
-724593.70 -174829.95
-724478.70 -174829.95
-724478.70 -174900.95
-724593.70 -174900.95
-724593.70 -174971.95
-724478.70 -174971.95
-724478.70 -175042.95
-724593.70 -175042.95
-724593.70 -175113.95
-724478.70 -175113.95
-724478.70 -175184.95
-724593.70 -175184.95
-724593.70 -175255.95
-724478.70 -175255.95
-724478.70 -175326.95
-724593.70 -175326.95
-724593.70 -175397.95
-724478.70 -175397.95
-724478.70 -175468.95
-724593.70 -175468.95
-724593.70 -175539.95
-724478.70 -175539.95
-724478.70 -175610.95
-724593.70 -175610.95
-724593.70 -175681.95
-724478.70 -175681.95
-724478.70 -175752.95
-724593.70 -175752.95
-724593.70 -175823.95
-724478.70 -175823.95
-724478.70 -175894.95
-724593.70 -175894.95
-724593.70 -175965.95
-724478.70 -175965.95
-724478.70 -176036.95
-724593.70 -176036.95
-724593.70 -176107.95
-724478.70 -176107.95
-724478.70 -176178.95
-724593.70 -176178.95
-724593.70 -176249.95
-724478.70 -176249.95
-724478.70 -176320.95
-724593.70 -176320.95
-724593.70 -176391.95
-724478.70 -176391.95
-724478.70 -176462.95
-724593.70 -176462.95
-724593.70 -176533.95
-724478.70 -176533.95
-724478.70 -176604.95
-724593.70 -176604.95
-724593.70 -176675.95
-724478.70 -176675.95
-724478.70 -176746.95
-724593.70 -176746.95
-724593.70 -176817.95
-724478.70 -176817.95
-724478.70 -176888.95
-724593.70 -176888.95
-724593.70 -176959.95
-724478.70 -176959.95
-724478.70 -177030.95
-724593.70 -177030.95
-724593.70 -177101.95
-724478.70 -177101.95
-724478.70 -177172.95
-724593.70 -177172.95
-724593.70 -177243.95
-724478.70 -177243.95
-724478.70 -177314.95
-724593.70 -177314.95
-724593.70 -177385.95
-724478.70 -177385.95
-724478.70 -177456.95
-724593.70 -177456.95
-724593.70 -177527.95
-724478.70 -177527.95
-724478.70 -177598.95
-724593.70 -177598.95
-724593.70 -177669.95
-724478.70 -177669.95
-724478.70 -177740.95
-724593.70 -177740.95
-724593.70 -177811.95
-724478.70 -177811.95
-724478.70 -177882.95
-724593.70 -177882.95
-724593.70 -177953.95
-724478.70 -177953.95
-724478.70 -178024.95
-724593.70 -178024.95
-724593.70 -178095.95
-724478.70 -178095.95
-724478.70 -178166.95
-724593.70 -178166.95
-724593.70 -178237.95
-724478.70 -178237.95
-724478.70 -178308.95
-724593.70 -178308.95
-724593.70 -178379.95
-724536.20 -178379.95
-724536.20 -178404.45
31.00