-495.14 3836.70
-495.14 3901.06
-491.14 3901.06
-430.83 3895.07
-370.35 3888.37
-309.78 3880.95
-249.11 3872.82
-188.35 3863.95
-127.49 3854.34
-66.54 3843.93
-5.50 3832.79
55.64 3820.88
116.87 3808.19
178.20 3794.73
239.63 3780.46
301.14 3765.38
362.76 3749.49
424.48 3732.75
486.29 3715.19
548.19 3696.75
610.18 3677.47
672.28 3657.30
734.47 3636.23
796.75 3614.27
859.14 3591.38
921.63 3567.53
984.21 3542.73
1046.88 3516.96
1109.66 3490.19
1172.53 3462.39
1235.51 3433.56
1298.59 3403.65
1361.75 3372.68
1425.01 3340.59
1488.39 3307.35
1551.83 3272.96
1616.97 3236.51
1679.58 3198.07
1932.98 3031.71
2018.40 2968.14
2370.10 2678.83
2497.53 2563.13
2622.22 2442.20
2688.60 2377.71
2769.60 2289.38
2942.45 2095.21
3070.53 1935.97
3198.11 1763.99
3323.84 1579.22
3434.94 1401.94
3572.01 1160.08
3650.44 993.50
3664.96 962.17
3679.27 930.77
3693.42 899.21
3707.38 867.54
3721.13 835.81
3734.66 804.01
3748.00 772.14
3761.16 740.13
3774.09 708.07
3786.83 675.93
3799.36 643.71
3811.66 611.52
3823.81 579.11
3835.75 546.59
3847.46 514.12
3858.97 481.55
3870.30 448.84
3881.44 416.01
3892.31 383.24
3902.98 350.46
3913.48 317.46
3923.76 284.43
3933.83 251.38
3943.68 218.27
3953.32 185.15
3962.79 151.84
3972.04 118.46
3981.06 85.12
3989.85 51.75
3998.49 18.22
4006.88 -15.35
4015.05 -48.87
4023.04 -82.57
4030.78 -116.21
4038.35 -149.97
4045.68 -183.82
4052.79 -217.53
4059.71 -251.43
4066.41 -285.38
4072.89 -319.34
4079.16 -353.34
4085.21 -387.30
4091.05 -421.35
4096.70 -455.58
4102.11 -489.72
4107.30 -523.89
4112.28 -558.08
4115.45 -580.87
6533.31 -580.87
2.00