-1426.72 3896.70
-1426.72 3966.91
-1370.72 3971.34
-1310.86 3975.66
-1302.98 3975.66
-1250.98 3979.03
-1243.03 3979.03
-1191.03 3981.73
-1183.03 3981.73
-1131.03 3983.75
-1122.97 3983.75
-1070.97 3985.07
-1062.87 3985.07
-1010.87 3985.71
-1002.71 3985.71
-941.68 3985.66
-881.68 3984.95
-821.31 3983.55
-760.64 3981.41
-709.53 3978.66
-702.88 3978.66
-679.30 3978.82
-669.47 3978.82
-607.23 3974.83
-546.32 3970.25
-485.27 3964.95
-424.13 3958.88
-362.92 3952.10
-301.62 3944.59
-240.21 3936.36
-178.71 3927.38
-117.09 3917.65
-55.38 3907.12
6.40 3895.84
68.29 3883.78
130.26 3870.93
192.34 3857.31
254.52 3842.86
316.79 3827.60
379.17 3811.52
441.64 3794.58
504.21 3776.79
566.87 3758.13
629.62 3738.61
692.48 3718.20
755.43 3696.87
818.46 3674.64
881.63 3651.47
944.89 3627.33
1008.23 3602.23
1071.67 3576.14
1135.22 3549.04
1198.86 3520.90
1262.61 3491.72
1326.46 3461.45
1390.39 3430.09
1454.42 3397.61
1518.57 3363.97
1582.79 3329.16
1649.43 3291.87
1713.98 3252.24
1969.77 3084.31
2057.95 3018.68
2412.07 2727.38
2541.43 2609.92
2666.91 2488.24
2734.64 2422.43
2817.21 2332.39
2991.44 2136.67
3121.32 1975.21
3250.42 1801.17
3377.56 1614.32
3490.06 1434.80
3629.02 1189.60
3708.57 1020.65
3723.25 988.96
3737.73 957.20
3752.05 925.28
3766.17 893.23
3780.09 861.12
3793.77 828.95
3807.26 796.72
3820.58 764.33
3833.67 731.89
3846.55 699.38
3859.23 666.79
3871.66 634.23
3883.96 601.44
3896.05 568.53
3907.89 535.69
3919.53 502.74
3931.00 469.65
3942.27 436.41
3953.27 403.27
3964.05 370.11
3974.68 336.72
3985.08 303.31
3995.27 269.87
4005.23 236.38
4014.98 202.89
4024.57 169.17
4033.92 135.40
4043.04 101.68
4051.94 67.93
4060.67 34.00
4069.17 0.03
4077.43 -33.87
4085.52 -67.98
4093.35 -102.00
4101.00 -136.15
4108.43 -170.41
4115.61 -204.50
4122.61 -238.80
4129.39 -273.16
4135.95 -307.50
4142.29 -341.90
4148.41 -376.25
4154.32 -410.70
4156.00 -420.87
6533.31 -420.87
2.00