-522646.50 -157719.35
-522646.50 -157743.87
-522845.50 -157777.66
-523774.71 -157935.44
-524239.30 -158014.33
-525168.53 -158172.12
-525168.57 -158172.12
-525633.13 -158251.01
-526762.47 -158442.77
-528420.58 -158724.32
-528420.70 -158724.34
-533763.74 -159631.60
-533763.83 -159631.62
-537248.23 -160223.27
-537712.82 -160302.16
-538316.46 -160404.66
-540035.85 -160696.62
-540500.45 -160775.51
-541866.84 -161007.52
-543554.33 -161294.06
-553974.07 -163063.36
-553974.30 -163063.40
-556603.57 -163509.85
-557094.15 -163593.15
-564659.92 -164877.84
-564661.96 -164878.18
-571992.22 -166122.88
-580132.05 -167505.04
-582778.95 -167954.49
-582781.43 -167954.91
-585103.35 -168349.17
-585103.51 -168349.20
-587191.41 -168703.73
-587191.60 -168703.76
-601931.20 -171206.58
-601931.20 -171350.95
-601988.70 -171350.95
-601988.70 -171421.95
-601873.70 -171421.95
-601873.70 -171492.95
-601988.70 -171492.95
-601988.70 -171563.95
-601873.70 -171563.95
-601873.70 -171634.95
-601988.70 -171634.95
-601988.70 -171705.95
-601873.70 -171705.95
-601873.70 -171776.95
-601988.70 -171776.95
-601988.70 -171847.95
-601873.70 -171847.95
-601873.70 -171918.95
-601988.70 -171918.95
-601988.70 -171989.95
-601873.70 -171989.95
-601873.70 -172060.95
-601988.70 -172060.95
-601988.70 -172131.95
-601873.70 -172131.95
-601873.70 -172202.95
-601988.70 -172202.95
-601988.70 -172273.95
-601873.70 -172273.95
-601873.70 -172344.95
-601988.70 -172344.95
-601988.70 -172415.95
-601873.70 -172415.95
-601873.70 -172486.95
-601988.70 -172486.95
-601988.70 -172557.95
-601873.70 -172557.95
-601873.70 -172628.95
-601988.70 -172628.95
-601988.70 -172699.95
-601873.70 -172699.95
-601873.70 -172770.95
-601988.70 -172770.95
-601988.70 -172841.95
-601873.70 -172841.95
-601873.70 -172912.95
-601988.70 -172912.95
-601988.70 -172983.95
-601873.70 -172983.95
-601873.70 -173054.95
-601988.70 -173054.95
-601988.70 -173125.95
-601873.70 -173125.95
-601873.70 -173196.95
-601988.70 -173196.95
-601988.70 -173267.95
-601873.70 -173267.95
-601873.70 -173338.95
-601988.70 -173338.95
-601988.70 -173409.95
-601873.70 -173409.95
-601873.70 -173480.95
-601988.70 -173480.95
-601988.70 -173551.95
-601873.70 -173551.95
-601873.70 -173622.95
-601988.70 -173622.95
-601988.70 -173693.95
-601873.70 -173693.95
-601873.70 -173764.95
-601988.70 -173764.95
-601988.70 -173835.95
-601873.70 -173835.95
-601873.70 -173906.95
-601988.70 -173906.95
-601988.70 -173977.95
-601873.70 -173977.95
-601873.70 -174048.95
-601988.70 -174048.95
-601988.70 -174119.95
-601873.70 -174119.95
-601873.70 -174190.95
-601988.70 -174190.95
-601988.70 -174261.95
-601873.70 -174261.95
-601873.70 -174332.95
-601988.70 -174332.95
-601988.70 -174403.95
-601873.70 -174403.95
-601873.70 -174474.95
-601988.70 -174474.95
-601988.70 -174545.95
-601873.70 -174545.95
-601873.70 -174616.95
-601988.70 -174616.95
-601988.70 -174687.95
-601873.70 -174687.95
-601873.70 -174758.95
-601988.70 -174758.95
-601988.70 -174829.95
-601873.70 -174829.95
-601873.70 -174900.95
-601988.70 -174900.95
-601988.70 -174971.95
-601873.70 -174971.95
-601873.70 -175042.95
-601988.70 -175042.95
-601988.70 -175113.95
-601873.70 -175113.95
-601873.70 -175184.95
-601988.70 -175184.95
-601988.70 -175255.95
-601873.70 -175255.95
-601873.70 -175326.95
-601988.70 -175326.95
-601988.70 -175397.95
-601873.70 -175397.95
-601873.70 -175468.95
-601988.70 -175468.95
-601988.70 -175539.95
-601873.70 -175539.95
-601873.70 -175610.95
-601988.70 -175610.95
-601988.70 -175681.95
-601873.70 -175681.95
-601873.70 -175752.95
-601988.70 -175752.95
-601988.70 -175823.95
-601873.70 -175823.95
-601873.70 -175894.95
-601988.70 -175894.95
-601988.70 -175965.95
-601873.70 -175965.95
-601873.70 -176036.95
-601988.70 -176036.95
-601988.70 -176107.95
-601873.70 -176107.95
-601873.70 -176178.95
-601988.70 -176178.95
-601988.70 -176249.95
-601873.70 -176249.95
-601873.70 -176320.95
-601988.70 -176320.95
-601988.70 -176391.95
-601873.70 -176391.95
-601873.70 -176462.95
-601988.70 -176462.95
-601988.70 -176533.95
-601873.70 -176533.95
-601873.70 -176604.95
-601988.70 -176604.95
-601988.70 -176675.95
-601873.70 -176675.95
-601873.70 -176746.95
-601988.70 -176746.95
-601988.70 -176817.95
-601873.70 -176817.95
-601873.70 -176888.95
-601988.70 -176888.95
-601988.70 -176959.95
-601873.70 -176959.95
-601873.70 -177030.95
-601988.70 -177030.95
-601988.70 -177101.95
-601873.70 -177101.95
-601873.70 -177172.95
-601988.70 -177172.95
-601988.70 -177243.95
-601873.70 -177243.95
-601873.70 -177314.95
-601988.70 -177314.95
-601988.70 -177385.95
-601873.70 -177385.95
-601873.70 -177456.95
-601988.70 -177456.95
-601988.70 -177527.95
-601873.70 -177527.95
-601873.70 -177598.95
-601988.70 -177598.95
-601988.70 -177669.95
-601873.70 -177669.95
-601873.70 -177740.95
-601988.70 -177740.95
-601988.70 -177811.95
-601873.70 -177811.95
-601873.70 -177882.95
-601988.70 -177882.95
-601988.70 -177953.95
-601873.70 -177953.95
-601873.70 -178024.95
-601988.70 -178024.95
-601988.70 -178095.95
-601873.70 -178095.95
-601873.70 -178166.95
-601988.70 -178166.95
-601988.70 -178237.95
-601873.70 -178237.95
-601873.70 -178308.95
-601988.70 -178308.95
-601988.70 -178379.95
-601931.20 -178379.95
-601931.20 -178404.45
31.00