-629001.50 -157719.35
-629001.50 -157743.87
-629200.49 -157777.66
-629432.80 -157817.11
-629897.40 -157896.00
-630129.71 -157935.44
-631523.51 -158172.11
-631523.56 -158172.12
-631988.13 -158251.01
-632452.72 -158329.89
-633707.53 -158542.96
-633741.06 -158548.66
-637512.48 -159189.05
-640902.31 -159764.65
-649515.10 -161227.12
-656040.63 -162335.17
-662125.83 -163368.45
-667888.15 -164346.91
-668733.86 -164490.51
-670906.20 -164859.38
-670906.20 -164960.95
-670935.21 -164960.95
-670935.21 -165031.95
-670848.70 -165031.95
-670848.70 -165102.95
-670963.70 -165102.95
-670963.70 -165173.95
-670848.70 -165173.95
-670848.70 -165244.95
-670963.70 -165244.95
-670963.70 -165315.95
-670848.70 -165315.95
-670848.70 -165386.95
-670963.70 -165386.95
-670963.70 -165457.95
-670848.70 -165457.95
-670848.70 -165528.95
-670963.70 -165528.95
-670963.70 -165599.95
-670848.70 -165599.95
-670848.70 -165670.95
-670963.70 -165670.95
-670963.70 -165741.95
-670848.70 -165741.95
-670848.70 -165812.95
-670963.70 -165812.95
-670963.70 -165883.95
-670848.70 -165883.95
-670848.70 -165954.95
-670963.70 -165954.95
-670963.70 -166025.95
-670848.70 -166025.95
-670848.70 -166096.95
-670963.70 -166096.95
-670963.70 -166167.95
-670848.70 -166167.95
-670848.70 -166238.95
-670963.70 -166238.95
-670963.70 -166309.95
-670848.70 -166309.95
-670848.70 -166380.95
-670963.70 -166380.95
-670963.70 -166451.95
-670848.70 -166451.95
-670848.70 -166522.95
-670963.70 -166522.95
-670963.70 -166593.95
-670848.70 -166593.95
-670848.70 -166664.95
-670963.70 -166664.95
-670963.70 -166735.95
-670848.70 -166735.95
-670848.70 -166806.95
-670963.70 -166806.95
-670963.70 -166877.95
-670848.70 -166877.95
-670848.70 -166948.95
-670963.70 -166948.95
-670963.70 -167019.95
-670848.70 -167019.95
-670848.70 -167090.95
-670963.70 -167090.95
-670963.70 -167161.95
-670848.70 -167161.95
-670848.70 -167232.95
-670963.70 -167232.95
-670963.70 -167303.95
-670848.70 -167303.95
-670848.70 -167374.95
-670963.70 -167374.95
-670963.70 -167445.95
-670848.70 -167445.95
-670848.70 -167516.95
-670963.70 -167516.95
-670963.70 -167587.95
-670848.70 -167587.95
-670848.70 -167658.95
-670963.70 -167658.95
-670963.70 -167729.95
-670848.70 -167729.95
-670848.70 -167800.95
-670963.70 -167800.95
-670963.70 -167871.95
-670848.70 -167871.95
-670848.70 -167942.95
-670963.70 -167942.95
-670963.70 -168013.95
-670848.70 -168013.95
-670848.70 -168084.95
-670963.70 -168084.95
-670963.70 -168155.95
-670848.70 -168155.95
-670848.70 -168226.95
-670963.70 -168226.95
-670963.70 -168297.95
-670848.70 -168297.95
-670848.70 -168368.95
-670963.70 -168368.95
-670963.70 -168439.95
-670848.70 -168439.95
-670848.70 -168510.95
-670963.70 -168510.95
-670963.70 -168581.95
-670848.70 -168581.95
-670848.70 -168652.95
-670963.70 -168652.95
-670963.70 -168723.95
-670848.70 -168723.95
-670848.70 -168794.95
-670963.70 -168794.95
-670963.70 -168865.95
-670848.70 -168865.95
-670848.70 -168936.95
-670963.70 -168936.95
-670963.70 -169007.95
-670848.70 -169007.95
-670848.70 -169078.95
-670963.70 -169078.95
-670963.70 -169149.95
-670848.70 -169149.95
-670848.70 -169220.95
-670963.70 -169220.95
-670963.70 -169291.95
-670848.70 -169291.95
-670848.70 -169362.95
-670963.70 -169362.95
-670963.70 -169433.95
-670848.70 -169433.95
-670848.70 -169504.95
-670963.70 -169504.95
-670963.70 -169575.95
-670848.70 -169575.95
-670848.70 -169646.95
-670963.70 -169646.95
-670963.70 -169717.95
-670848.70 -169717.95
-670848.70 -169788.95
-670963.70 -169788.95
-670963.70 -169859.95
-670848.70 -169859.95
-670848.70 -169930.95
-670963.70 -169930.95
-670963.70 -170001.95
-670848.70 -170001.95
-670848.70 -170072.95
-670963.70 -170072.95
-670963.70 -170143.95
-670848.70 -170143.95
-670848.70 -170214.95
-670963.70 -170214.95
-670963.70 -170285.95
-670848.70 -170285.95
-670848.70 -170356.95
-670963.70 -170356.95
-670963.70 -170427.95
-670848.70 -170427.95
-670848.70 -170498.95
-670963.70 -170498.95
-670963.70 -170569.95
-670848.70 -170569.95
-670848.70 -170640.95
-670963.70 -170640.95
-670963.70 -170711.95
-670848.70 -170711.95
-670848.70 -170782.95
-670963.70 -170782.95
-670963.70 -170853.95
-670848.70 -170853.95
-670848.70 -170924.95
-670963.70 -170924.95
-670963.70 -170995.95
-670848.70 -170995.95
-670848.70 -171066.95
-670963.70 -171066.95
-670963.70 -171137.95
-670848.70 -171137.95
-670848.70 -171208.95
-670963.70 -171208.95
-670963.70 -171279.95
-670848.70 -171279.95
-670848.70 -171350.95
-670963.70 -171350.95
-670963.70 -171421.95
-670848.70 -171421.95
-670848.70 -171492.95
-670963.70 -171492.95
-670963.70 -171563.95
-670848.70 -171563.95
-670848.70 -171634.95
-670963.70 -171634.95
-670963.70 -171705.95
-670848.70 -171705.95
-670848.70 -171776.95
-670963.70 -171776.95
-670963.70 -171847.95
-670848.70 -171847.95
-670848.70 -171918.95
-670963.70 -171918.95
-670963.70 -171989.95
-670848.70 -171989.95
-670848.70 -172060.95
-670963.70 -172060.95
-670963.70 -172131.95
-670848.70 -172131.95
-670848.70 -172202.95
-670963.70 -172202.95
-670963.70 -172273.95
-670848.70 -172273.95
-670848.70 -172344.95
-670963.70 -172344.95
-670963.70 -172415.95
-670848.70 -172415.95
-670848.70 -172486.95
-670963.70 -172486.95
-670963.70 -172557.95
-670848.70 -172557.95
-670848.70 -172628.95
-670963.70 -172628.95
-670963.70 -172699.95
-670848.70 -172699.95
-670848.70 -172770.95
-670963.70 -172770.95
-670963.70 -172841.95
-670848.70 -172841.95
-670848.70 -172912.95
-670963.70 -172912.95
-670963.70 -172983.95
-670848.70 -172983.95
-670848.70 -173054.95
-670963.70 -173054.95
-670963.70 -173125.95
-670848.70 -173125.95
-670848.70 -173196.95
-670963.70 -173196.95
-670963.70 -173267.95
-670848.70 -173267.95
-670848.70 -173338.95
-670963.70 -173338.95
-670963.70 -173409.95
-670848.70 -173409.95
-670848.70 -173480.95
-670963.70 -173480.95
-670963.70 -173551.95
-670848.70 -173551.95
-670848.70 -173622.95
-670963.70 -173622.95
-670963.70 -173693.95
-670848.70 -173693.95
-670848.70 -173764.95
-670963.70 -173764.95
-670963.70 -173835.95
-670848.70 -173835.95
-670848.70 -173906.95
-670963.70 -173906.95
-670963.70 -173977.95
-670848.70 -173977.95
-670848.70 -174048.95
-670963.70 -174048.95
-670963.70 -174119.95
-670848.70 -174119.95
-670848.70 -174190.95
-670963.70 -174190.95
-670963.70 -174261.95
-670848.70 -174261.95
-670848.70 -174332.95
-670963.70 -174332.95
-670963.70 -174403.95
-670848.70 -174403.95
-670848.70 -174474.95
-670963.70 -174474.95
-670963.70 -174545.95
-670848.70 -174545.95
-670848.70 -174616.95
-670963.70 -174616.95
-670963.70 -174687.95
-670848.70 -174687.95
-670848.70 -174758.95
-670963.70 -174758.95
-670963.70 -174829.95
-670848.70 -174829.95
-670848.70 -174900.95
-670963.70 -174900.95
-670963.70 -174971.95
-670848.70 -174971.95
-670848.70 -175042.95
-670963.70 -175042.95
-670963.70 -175113.95
-670848.70 -175113.95
-670848.70 -175184.95
-670963.70 -175184.95
-670963.70 -175255.95
-670848.70 -175255.95
-670848.70 -175326.95
-670963.70 -175326.95
-670963.70 -175397.95
-670848.70 -175397.95
-670848.70 -175468.95
-670963.70 -175468.95
-670963.70 -175539.95
-670848.70 -175539.95
-670848.70 -175610.95
-670963.70 -175610.95
-670963.70 -175681.95
-670848.70 -175681.95
-670848.70 -175752.95
-670963.70 -175752.95
-670963.70 -175823.95
-670848.70 -175823.95
-670848.70 -175894.95
-670963.70 -175894.95
-670963.70 -175965.95
-670848.70 -175965.95
-670848.70 -176036.95
-670963.70 -176036.95
-670963.70 -176107.95
-670848.70 -176107.95
-670848.70 -176178.95
-670963.70 -176178.95
-670963.70 -176249.95
-670848.70 -176249.95
-670848.70 -176320.95
-670963.70 -176320.95
-670963.70 -176391.95
-670848.70 -176391.95
-670848.70 -176462.95
-670963.70 -176462.95
-670963.70 -176533.95
-670848.70 -176533.95
-670848.70 -176604.95
-670963.70 -176604.95
-670963.70 -176675.95
-670848.70 -176675.95
-670848.70 -176746.95
-670963.70 -176746.95
-670963.70 -176817.95
-670848.70 -176817.95
-670848.70 -176888.95
-670963.70 -176888.95
-670963.70 -176959.95
-670848.70 -176959.95
-670848.70 -177030.95
-670963.70 -177030.95
-670963.70 -177101.95
-670848.70 -177101.95
-670848.70 -177172.95
-670963.70 -177172.95
-670963.70 -177243.95
-670848.70 -177243.95
-670848.70 -177314.95
-670963.70 -177314.95
-670963.70 -177385.95
-670848.70 -177385.95
-670848.70 -177456.95
-670963.70 -177456.95
-670963.70 -177527.95
-670848.70 -177527.95
-670848.70 -177598.95
-670963.70 -177598.95
-670963.70 -177669.95
-670848.70 -177669.95
-670848.70 -177740.95
-670963.70 -177740.95
-670963.70 -177811.95
-670848.70 -177811.95
-670848.70 -177882.95
-670963.70 -177882.95
-670963.70 -177953.95
-670848.70 -177953.95
-670848.70 -178024.95
-670963.70 -178024.95
-670963.70 -178095.95
-670848.70 -178095.95
-670848.70 -178166.95
-670963.70 -178166.95
-670963.70 -178237.95
-670848.70 -178237.95
-670848.70 -178308.95
-670963.70 -178308.95
-670963.70 -178379.95
-670906.20 -178379.95
-670906.20 -178404.45
31.00