-990130.50 -157719.35
-990130.50 -157743.87
-989931.50 -157777.66
-989566.27 -157839.68
-989375.86 -157872.01
-988974.31 -157940.19
-988712.64 -157984.63
-988423.12 -158033.79
-987913.57 -158120.31
-987763.80 -158145.74
-987698.74 -158156.79
-987530.78 -158185.31
-986789.38 -158311.20
-986783.84 -158312.14
-986344.09 -158386.81
-985958.01 -158452.37
-985034.47 -158609.19
-984927.82 -158627.30
-983584.01 -158855.48
-983118.08 -158934.59
-983106.54 -158936.55
-982856.71 -158978.97
-982228.38 -159085.67
-981687.73 -159177.47
-979428.22 -159561.14
-979356.10 -159573.38
-978427.46 -159731.07
-977471.85 -159893.34
-976982.57 -159976.42
-976902.42 -159990.03
-976683.32 -160027.23
-975543.92 -160220.70
-975518.16 -160225.08
-974909.77 -160328.38
-974180.03 -160452.29
-973198.72 -160618.92
-972831.40 -160681.29
-972616.64 -160717.76
-972366.80 -160760.18
-972152.03 -160796.65
-971902.19 -160839.07
-971687.43 -160875.54
-971437.59 -160917.97
-971222.82 -160954.43
-970972.99 -160996.86
-970758.22 -161033.32
-970508.38 -161075.75
-970293.62 -161112.21
-970043.78 -161154.64
-969829.01 -161191.11
-969579.17 -161233.53
-969364.41 -161270.00
-969114.57 -161312.42
-968899.80 -161348.89
-968649.96 -161391.31
-968435.20 -161427.78
-968185.36 -161470.20
-967970.60 -161506.67
-967720.76 -161549.09
-967552.80 -161577.61
-966609.94 -161737.71
-965466.73 -161931.83
-965383.64 -161945.94
-964278.24 -162133.64
-963722.60 -162227.99
-963171.62 -162321.54
-962966.41 -162356.39
-962749.21 -162393.27
-938794.55 -166460.82
-936286.47 -166886.70
-936218.63 -166898.22
-935439.51 -167030.52
-927511.72 -168376.67
-926776.21 -168501.56
-926406.94 -168564.26
-925366.39 -168740.95
-925175.17 -168773.42
-924969.83 -168808.29
-924720.06 -168850.70
-924508.28 -168886.66
-924136.37 -168949.81
-923980.49 -168976.28
-922373.72 -169249.11
-922287.50 -169263.75
-921612.53 -169378.36
-920781.61 -169519.46
-917909.04 -170007.22
-912784.78 -170877.34
-905111.20 -172180.33
-905111.20 -172273.95
-905084.26 -172273.95
-905084.26 -172344.95
-905168.70 -172344.95
-905168.70 -172415.95
-905053.70 -172415.95
-905053.70 -172486.95
-905168.70 -172486.95
-905168.70 -172557.95
-905053.70 -172557.95
-905053.70 -172628.95
-905168.70 -172628.95
-905168.70 -172699.95
-905053.70 -172699.95
-905053.70 -172770.95
-905168.70 -172770.95
-905168.70 -172841.95
-905053.70 -172841.95
-905053.70 -172912.95
-905168.70 -172912.95
-905168.70 -172983.95
-905053.70 -172983.95
-905053.70 -173054.95
-905168.70 -173054.95
-905168.70 -173125.95
-905053.70 -173125.95
-905053.70 -173196.95
-905168.70 -173196.95
-905168.70 -173267.95
-905053.70 -173267.95
-905053.70 -173338.95
-905168.70 -173338.95
-905168.70 -173409.95
-905053.70 -173409.95
-905053.70 -173480.95
-905168.70 -173480.95
-905168.70 -173551.95
-905053.70 -173551.95
-905053.70 -173622.95
-905168.70 -173622.95
-905168.70 -173693.95
-905053.70 -173693.95
-905053.70 -173764.95
-905168.70 -173764.95
-905168.70 -173835.95
-905053.70 -173835.95
-905053.70 -173906.95
-905168.70 -173906.95
-905168.70 -173977.95
-905053.70 -173977.95
-905053.70 -174048.95
-905168.70 -174048.95
-905168.70 -174119.95
-905053.70 -174119.95
-905053.70 -174190.95
-905168.70 -174190.95
-905168.70 -174261.95
-905053.70 -174261.95
-905053.70 -174332.95
-905168.70 -174332.95
-905168.70 -174403.95
-905053.70 -174403.95
-905053.70 -174474.95
-905168.70 -174474.95
-905168.70 -174545.95
-905053.70 -174545.95
-905053.70 -174616.95
-905168.70 -174616.95
-905168.70 -174687.95
-905053.70 -174687.95
-905053.70 -174758.95
-905168.70 -174758.95
-905168.70 -174829.95
-905053.70 -174829.95
-905053.70 -174900.95
-905168.70 -174900.95
-905168.70 -174971.95
-905053.70 -174971.95
-905053.70 -175042.95
-905168.70 -175042.95
-905168.70 -175113.95
-905053.70 -175113.95
-905053.70 -175184.95
-905168.70 -175184.95
-905168.70 -175255.95
-905053.70 -175255.95
-905053.70 -175326.95
-905168.70 -175326.95
-905168.70 -175397.95
-905053.70 -175397.95
-905053.70 -175468.95
-905168.70 -175468.95
-905168.70 -175539.95
-905053.70 -175539.95
-905053.70 -175610.95
-905168.70 -175610.95
-905168.70 -175681.95
-905053.70 -175681.95
-905053.70 -175752.95
-905168.70 -175752.95
-905168.70 -175823.95
-905053.70 -175823.95
-905053.70 -175894.95
-905168.70 -175894.95
-905168.70 -175965.95
-905053.70 -175965.95
-905053.70 -176036.95
-905168.70 -176036.95
-905168.70 -176107.95
-905053.70 -176107.95
-905053.70 -176178.95
-905168.70 -176178.95
-905168.70 -176249.95
-905053.70 -176249.95
-905053.70 -176320.95
-905168.70 -176320.95
-905168.70 -176391.95
-905053.70 -176391.95
-905053.70 -176462.95
-905168.70 -176462.95
-905168.70 -176533.95
-905053.70 -176533.95
-905053.70 -176604.95
-905168.70 -176604.95
-905168.70 -176675.95
-905053.70 -176675.95
-905053.70 -176746.95
-905168.70 -176746.95
-905168.70 -176817.95
-905053.70 -176817.95
-905053.70 -176888.95
-905168.70 -176888.95
-905168.70 -176959.95
-905053.70 -176959.95
-905053.70 -177030.95
-905168.70 -177030.95
-905168.70 -177101.95
-905053.70 -177101.95
-905053.70 -177172.95
-905168.70 -177172.95
-905168.70 -177243.95
-905053.70 -177243.95
-905053.70 -177314.95
-905168.70 -177314.95
-905168.70 -177385.95
-905053.70 -177385.95
-905053.70 -177456.95
-905168.70 -177456.95
-905168.70 -177527.95
-905053.70 -177527.95
-905053.70 -177598.95
-905168.70 -177598.95
-905168.70 -177669.95
-905053.70 -177669.95
-905053.70 -177740.95
-905168.70 -177740.95
-905168.70 -177811.95
-905053.70 -177811.95
-905053.70 -177882.95
-905168.70 -177882.95
-905168.70 -177953.95
-905053.70 -177953.95
-905053.70 -178024.95
-905168.70 -178024.95
-905168.70 -178095.95
-905053.70 -178095.95
-905053.70 -178166.95
-905168.70 -178166.95
-905168.70 -178237.95
-905053.70 -178237.95
-905053.70 -178308.95
-905168.70 -178308.95
-905168.70 -178379.95
-905111.20 -178379.95
-905111.20 -178404.45
31.00