-1335.52 1796.3
-611.95 1072.73
-610.4 1073.62
-608.71 1074.57
-607.07 1075.49
-605.44 1076.41
-600.48 1079.2
-597.15 1081.04
-597.14 1081.03
-595.49 1081.95
-593.84 1082.86
-592.18 1083.78
-590.5 1084.68
-587.2 1086.48
-583.84 1088.29
-582.18 1089.17
-580.51 1090.07
-577.15 1091.84
-575.49 1092.71
-573.8 1093.61
-570.45 1095.36
-563.72 1098.84
-560.34 1100.57
-560.33 1100.56
-558.66 1101.43
-556.94 1102.29
-553.59 1103.97
-551.89 1104.83
-545.1 1108.2
-541.69 1109.87
-539.99 1110.7
-536.57 1112.35
-536.56 1112.34
-534.88 1113.16
-533.16 1113.99
-526.32 1117.24
-522.88 1118.85
-522.88 1118.84
-521.17 1119.65
-519.43 1120.45
-517.72 1121.24
-514.29 1122.82
-512.57 1123.6
-510.85 1124.39
-509.11 1125.17
-507.4 1125.95
-505.64 1126.74
-503.93 1127.5
-502.22 1128.27
-500.48 1129.05
-498.74 1129.81
-497.02 1130.57
-495.27 1131.34
-493.51 1132.11
-491.79 1132.86
-491.78 1132.86
-488.32 1134.36
-486.57 1135.11
-486.56 1135.1
-484.84 1135.85
-483.08 1136.6
-481.35 1137.33
-479.62 1138.07
-476.12 1139.54
-472.61 1140.99
-470.88 1141.71
-469.11 1142.44
-462.09 1145.29
-456.83 1147.4
-453.28 1148.81
-449.76 1150.19
-448.01 1150.87
-446.26 1151.56
-444.47 1152.25
-442.69 1152.92
-440.94 1153.6
-439.16 1154.28
-437.4 1154.95
-435.62 1155.62
-430.3 1157.61
-428.52 1158.27
-424.96 1159.58
-421.41 1160.88
-419.62 1161.53
-417.83 1162.17
-416.05 1162.81
-410.7 1164.7
-407.14 1165.96
-405.35 1166.58
-403.55 1167.21
-396.38 1169.66
-394.57 1170.27
-387.4 1172.66
-383.79 1173.85
-382.01 1174.43
-380.2 1175.03
-372.98 1177.33
-369.36 1178.46
-365.75 1179.6
-360.31 1181.26
-358.51 1181.81
-356.7 1182.37
-354.86 1182.93
-351.24 1184
-343.97 1186.14
-340.34 1187.18
-338.51 1187.71
-333.04 1189.25
-331.24 1189.75
-329.4 1190.26
-327.57 1190.76
-325.75 1191.26
-323.9 1191.77
-320.23 1192.76
-318.42 1193.24
-316.61 1193.73
-314.77 1194.21
-312.92 1194.7
-307.4 1196.13
-305.58 1196.59
-303.76 1197.06
-300.09 1197.99
-296.4 1198.91
-294.56 1199.36
-292.74 1199.8
-290.9 1200.26
-289.02 1200.71
-287.19 1201.14
-285.37 1201.58
-281.67 1202.45
-277.98 1203.3
-270.6 1204.99
-268.73 1205.4
-266.9 1205.81
-265.04 1206.23
-263.19 1206.62
-261.35 1207.02
-257.63 1207.83
-255.79 1208.22
-253.92 1208.62
-248.37 1209.77
-244.64 1210.52
-240.97 1211.26
-239.1 1211.64
-237.2 1212.02
-235.36 1212.37
-231.62 1213.08
-224.2 1214.48
-222.31 1214.82
-220.47 1215.16
-218.62 1215.5
-216.74 1215.83
-211.14 1216.82
-209.26 1217.14
-207.39 1217.45
-205.53 1217.77
-201.81 1218.4
-199.93 1218.71
-198.05 1219.02
-194.31 1219.62
-192.45 1219.91
-190.6 1220.2
-186.82 1220.79
-184.94 1221.07
-183.09 1221.35
-177.46 1222.19
-175.58 1222.45
-173.71 1222.72
-169.96 1223.25
-164.33 1224.02
-160.58 1224.52
-156.81 1225.01
-154.95 1225.24
-153.05 1225.48
-151.17 1225.71
-149.31 1225.94
-147.41 1226.17
-139.88 1227.06
-136.13 1227.47
-134.24 1227.69
-132.36 1227.88
-130.49 1228.09
-128.59 1228.29
-122.94 1228.87
-121.04 1229.06
-119.16 1229.23
-117.29 1229.42
-113.5 1229.77
-109.74 1230.12
-102.18 1230.77
-94.64 1231.37
-90.85 1231.65
-85.16 1232.06
-83.29 1232.18
-81.42 1232.32
-77.62 1232.56
-73.84 1232.79
-68.17 1233.12
-64.41 1233.31
-62.51 1233.42
-60.58 1233.52
-58.7 1233.6
-56.83 1233.7
-54.91 1233.78
-53.03 1233.86
-49.24 1234.03
-45.45 1234.16
-43.57 1234.23
-41.69 1234.3
-39.77 1234.36
-35.98 1234.48
-28.43 1234.68
-26.52 1234.72
-20.84 1234.83
-18.92 1234.86
-17.04 1234.88
-15.16 1234.91
-11.37 1234.95
-9.45 1234.96
-7.57 1234.97
-5.69 1234.98
0 1235
5.69 1234.98
7.57 1234.97
9.45 1234.96
11.37 1234.95
15.16 1234.91
17.04 1234.88
18.92 1234.86
20.84 1234.83
26.52 1234.72
28.43 1234.68
35.98 1234.48
39.77 1234.36
41.69 1234.3
43.57 1234.23
45.45 1234.16
49.24 1234.03
53.03 1233.86
54.91 1233.78
56.83 1233.7
58.7 1233.6
60.58 1233.52
62.51 1233.42
64.41 1233.31
68.17 1233.12
73.84 1232.79
77.62 1232.56
81.42 1232.32
83.29 1232.18
85.16 1232.06
90.85 1231.65
94.64 1231.37
102.18 1230.77
109.74 1230.12
113.5 1229.77
117.29 1229.42
119.16 1229.23
121.04 1229.06
122.94 1228.87
128.59 1228.29
130.49 1228.09
132.36 1227.88
134.24 1227.69
136.13 1227.47
139.88 1227.06
147.41 1226.17
149.31 1225.94
151.17 1225.71
153.05 1225.48
154.95 1225.24
156.81 1225.01
160.58 1224.52
164.33 1224.02
169.96 1223.25
173.71 1222.72
175.58 1222.45
177.46 1222.19
183.09 1221.35
184.94 1221.07
186.82 1220.79
190.6 1220.2
192.45 1219.91
194.31 1219.62
198.05 1219.02
199.93 1218.71
201.81 1218.4
205.53 1217.77
207.39 1217.45
209.26 1217.14
211.14 1216.82
216.74 1215.83
218.62 1215.5
220.47 1215.16
222.31 1214.82
224.2 1214.48
231.62 1213.08
235.36 1212.37
237.2 1212.02
239.1 1211.64
240.97 1211.26
244.64 1210.52
248.37 1209.77
253.92 1208.62
255.79 1208.22
257.63 1207.83
261.35 1207.02
263.19 1206.62
265.04 1206.23
266.9 1205.81
268.73 1205.4
270.6 1204.99
277.98 1203.3
281.67 1202.45
285.37 1201.58
287.19 1201.14
289.02 1200.71
290.9 1200.26
292.74 1199.8
294.56 1199.36
296.4 1198.91
300.09 1197.99
303.76 1197.06
305.58 1196.59
307.4 1196.13
312.92 1194.7
314.77 1194.21
316.61 1193.73
318.42 1193.24
320.23 1192.76
323.9 1191.77
325.75 1191.26
327.57 1190.76
329.4 1190.26
331.24 1189.75
333.04 1189.25
338.51 1187.71
340.34 1187.18
343.97 1186.14
351.24 1184
354.86 1182.93
356.7 1182.37
358.51 1181.81
360.31 1181.26
365.75 1179.6
369.36 1178.46
372.98 1177.33
380.2 1175.03
382.01 1174.43
383.79 1173.85
387.4 1172.66
394.57 1170.27
396.38 1169.66
403.55 1167.21
405.35 1166.58
407.14 1165.96
410.7 1164.7
416.05 1162.81
417.83 1162.17
419.62 1161.53
421.41 1160.88
424.96 1159.58
428.52 1158.27
430.3 1157.61
435.62 1155.62
437.4 1154.95
439.16 1154.28
440.94 1153.6
442.69 1152.92
444.47 1152.25
446.26 1151.56
448.01 1150.87
449.76 1150.19
453.28 1148.81
456.83 1147.4
462.09 1145.29
469.11 1142.44
470.88 1141.71
472.61 1140.99
476.12 1139.54
479.62 1138.07
481.35 1137.33
483.08 1136.6
484.84 1135.85
486.56 1135.1
486.57 1135.11
488.32 1134.36
491.78 1132.86
491.79 1132.86
493.51 1132.11
495.27 1131.34
497.02 1130.57
498.74 1129.81
500.48 1129.05
502.22 1128.27
503.93 1127.5
505.64 1126.74
507.4 1125.95
509.11 1125.17
510.85 1124.39
512.57 1123.6
514.29 1122.82
517.72 1121.24
519.43 1120.45
521.17 1119.65
522.88 1118.84
522.88 1118.85
526.32 1117.24
533.16 1113.99
534.88 1113.16
536.56 1112.34
536.57 1112.35
539.99 1110.7
541.69 1109.87
545.1 1108.2
551.89 1104.83
553.59 1103.97
556.94 1102.29
558.66 1101.43
560.33 1100.56
560.34 1100.57
563.72 1098.84
570.45 1095.36
573.8 1093.61
575.49 1092.71
577.15 1091.84
580.51 1090.07
582.18 1089.17
583.84 1088.29
587.2 1086.48
590.5 1084.68
592.18 1083.78
593.84 1082.86
595.49 1081.95
597.14 1081.03
597.15 1081.04
600.48 1079.2
605.44 1076.41
607.07 1075.49
608.71 1074.57
610.4 1073.62
612.02 1072.69
613.66 1071.75
615.31 1070.8
616.96 1069.85
618.59 1068.91
620.22 1067.97
621.89 1067
625.13 1065.09
626.77 1064.14
630.04 1062.21
631.68 1061.23
634.92 1059.3
636.53 1058.32
639.8 1056.36
641.41 1055.38
643.01 1054.41
646.27 1052.42
647.88 1051.41
654.3 1047.44
655.92 1046.43
657.53 1045.41
659.12 1044.4
662.34 1042.38
663.92 1041.36
665.51 1040.36
668.73 1038.29
670.29 1037.27
671.88 1036.25
675.07 1034.17
681.4 1030.01
686.11 1026.87
687.7 1025.81
692.42 1022.64
697.13 1019.43
698.67 1018.37
700.22 1017.31
701.82 1016.21
703.33 1015.15
703.34 1015.16
704.91 1014.07
708.03 1011.89
709.57 1010.81
711.13 1009.71
712.68 1008.62
715.76 1006.44
718.87 1004.23
721.92 1002.02
726.52 998.7
729.59 996.45
735.67 991.98
737.19 990.85
740.26 988.56
747.8 982.87
750.83 980.55
758.31 974.78
761.31 972.44
768.73 966.58
771.72 964.2
779.07 958.28
782.02 955.86
789.32 949.86
790.79 948.62
792.21 947.42
793.68 946.2
798.03 942.54
803.8 937.62
808.1 933.91
813.82 928.95
816.68 926.42
818.06 925.2
819.49 923.93
822.34 921.4
827.97 916.35
829.34 915.1
830.78 913.81
832.17 912.54
833.57 911.26
837.77 907.4
841.93 903.53
847.46 898.36
852.95 893.15
855.7 890.52
857.03 889.22
858.41 887.91
859.8 886.56
861.12 885.26
862.49 883.93
865.22 881.27
866.52 879.97
867.89 878.64
869.26 877.28
870.59 875.95
871.93 874.63
874.63 871.93
875.95 870.59
877.28 869.26
878.64 867.89
879.97 866.52
881.27 865.22
883.93 862.49
885.26 861.12
886.56 859.8
887.91 858.41
889.22 857.03
890.52 855.7
893.15 852.95
898.36 847.46
903.53 841.93
907.4 837.77
911.26 833.57
912.54 832.17
913.81 830.78
915.1 829.34
916.35 827.97
921.4 822.34
923.93 819.49
925.2 818.06
926.42 816.68
928.95 813.82
933.91 808.1
937.62 803.8
942.54 798.03
946.2 793.68
947.42 792.21
948.62 790.79
949.86 789.32
955.86 782.02
958.28 779.07
964.2 771.72
966.58 768.73
972.44 761.31
974.78 758.31
980.55 750.83
982.87 747.8
988.56 740.26
990.85 737.19
991.98 735.67
996.45 729.59
998.7 726.52
1002.02 721.92
1004.23 718.87
1006.44 715.76
1008.62 712.68
1009.71 711.13
1010.81 709.57
1011.89 708.03
1014.07 704.91
1015.16 703.34
1015.15 703.33
1016.21 701.82
1017.31 700.22
1018.37 698.67
1019.43 697.13
1022.64 692.42
1025.81 687.7
1026.87 686.11
1030.01 681.4
1034.17 675.07
1036.25 671.88
1037.27 670.29
1038.29 668.73
1040.36 665.51
1041.36 663.92
1042.38 662.34
1044.4 659.12
1045.41 657.53
1046.43 655.92
1047.44 654.3
1051.41 647.88
1052.42 646.27
1054.41 643.01
1055.38 641.41
1056.36 639.8
1058.32 636.53
1059.3 634.92
1061.23 631.68
1062.21 630.04
1064.14 626.77
1065.09 625.13
1067 621.89
1067.97 620.22
1068.91 618.59
1069.85 616.96
1070.8 615.31
1071.75 613.66
1072.69 612.02
1073.62 610.4
1074.57 608.71
1075.49 607.07
1076.41 605.44
1079.2 600.48
1081.04 597.15
1081.03 597.14
1081.95 595.49
1082.86 593.84
1083.78 592.18
1084.68 590.5
1086.48 587.2
1088.29 583.84
1089.17 582.18
1090.07 580.51
1091.84 577.15
1092.71 575.49
1093.61 573.8
1095.36 570.45
1098.84 563.72
1100.57 560.34
1100.56 560.33
1101.43 558.66
1102.29 556.94
1103.97 553.59
1104.83 551.89
1108.2 545.1
1109.87 541.69
1110.7 539.99
1112.35 536.57
1112.34 536.56
1113.16 534.88
1113.99 533.16
1117.24 526.32
1118.85 522.88
1118.84 522.88
1119.65 521.17
1120.45 519.43
1121.24 517.72
1122.82 514.29
1123.6 512.57
1124.39 510.85
1125.17 509.11
1125.95 507.4
1126.74 505.64
1127.5 503.93
1128.27 502.22
1129.05 500.48
1129.81 498.74
1130.57 497.02
1131.34 495.27
1132.11 493.51
1132.86 491.79
1132.86 491.78
1134.36 488.32
1135.11 486.57
1135.1 486.56
1135.85 484.84
1136.6 483.08
1137.33 481.35
1138.07 479.62
1139.54 476.12
1140.99 472.61
1141.71 470.88
1142.44 469.11
1145.29 462.09
1147.4 456.83
1148.81 453.28
1150.19 449.76
1150.87 448.01
1151.56 446.26
1152.25 444.47
1152.92 442.69
1153.6 440.94
1154.28 439.16
1154.95 437.4
1155.62 435.62
1157.61 430.3
1158.27 428.52
1159.58 424.96
1160.88 421.41
1161.53 419.62
1162.17 417.83
1162.81 416.05
1164.7 410.7
1165.96 407.14
1166.58 405.35
1167.21 403.55
1169.66 396.38
1170.27 394.57
1172.66 387.4
1173.85 383.79
1174.43 382.01
1175.03 380.2
1177.33 372.98
1178.46 369.36
1179.6 365.75
1181.26 360.31
1181.81 358.51
1182.37 356.7
1182.93 354.86
1184 351.24
1186.14 343.97
1187.18 340.34
1187.71 338.51
1189.25 333.04
1189.75 331.24
1190.26 329.4
1190.76 327.57
1191.26 325.75
1191.77 323.9
1192.76 320.23
1193.24 318.42
1193.73 316.61
1194.21 314.77
1194.7 312.92
1196.13 307.4
1196.59 305.58
1197.06 303.76
1197.99 300.09
1198.91 296.4
1199.36 294.56
1199.8 292.74
1200.26 290.9
1200.71 289.02
1201.14 287.19
1201.58 285.37
1202.45 281.67
1203.3 277.98
1204.99 270.6
1205.4 268.73
1205.81 266.9
1206.23 265.04
1206.62 263.19
1207.02 261.35
1207.83 257.63
1208.22 255.79
1208.62 253.92
1209.77 248.37
1210.52 244.64
1211.26 240.97
1211.64 239.1
1212.02 237.2
1212.37 235.36
1213.08 231.62
1214.48 224.2
1214.82 222.31
1215.16 220.47
1215.5 218.62
1215.83 216.74
1216.82 211.14
1217.14 209.26
1217.45 207.39
1217.77 205.53
1218.4 201.81
1218.71 199.93
1219.02 198.05
1219.62 194.31
1219.91 192.45
1220.2 190.6
1220.79 186.82
1221.07 184.94
1221.35 183.09
1222.19 177.46
1222.45 175.58
1222.72 173.71
1223.25 169.96
1224.02 164.33
1224.52 160.58
1225.01 156.81
1225.24 154.95
1225.48 153.05
1225.71 151.17
1225.94 149.31
1226.17 147.41
1227.06 139.88
1227.47 136.13
1227.69 134.24
1227.88 132.36
1228.09 130.49
1228.29 128.59
1228.87 122.94
1229.06 121.04
1229.23 119.16
1229.42 117.29
1229.77 113.5
1230.12 109.74
1230.77 102.18
1231.37 94.64
1231.65 90.85
1232.06 85.16
1232.18 83.29
1232.32 81.42
1232.56 77.62
1232.79 73.84
1233.12 68.17
1233.31 64.41
1233.42 62.51
1233.52 60.58
1233.6 58.7
1233.7 56.83
1233.78 54.91
1233.86 53.03
1234.03 49.24
1234.16 45.45
1234.23 43.57
1234.3 41.69
1234.36 39.77
1234.48 35.98
1234.68 28.43
1234.72 26.52
1234.83 20.84
1234.86 18.92
1234.88 17.04
1234.91 15.16
1234.95 11.37
1234.96 9.45
1234.97 7.57
1234.98 5.69
1235 0
1234.98 -5.69
1234.97 -7.57
1234.96 -9.45
1234.95 -11.37
1234.91 -15.16
1234.88 -17.04
1234.86 -18.92
1234.83 -20.84
1234.72 -26.52
1234.68 -28.43
1234.48 -35.98
1234.36 -39.77
1234.3 -41.69
1234.23 -43.57
1234.16 -45.45
1234.03 -49.24
1233.86 -53.03
1233.78 -54.91
1233.7 -56.83
1233.6 -58.7
1233.52 -60.58
1233.42 -62.51
1233.31 -64.41
1233.12 -68.17
1232.79 -73.84
1232.56 -77.62
1232.32 -81.42
1232.18 -83.29
1232.06 -85.16
1231.65 -90.85
1231.37 -94.64
1230.77 -102.18
1230.12 -109.74
1229.77 -113.5
1229.42 -117.29
1229.23 -119.16
1229.06 -121.04
1228.87 -122.94
1228.29 -128.59
1228.09 -130.49
1227.88 -132.36
1227.69 -134.24
1227.47 -136.13
1227.06 -139.88
1226.17 -147.41
1225.94 -149.31
1225.71 -151.17
1225.48 -153.05
1225.24 -154.95
1225.01 -156.81
1224.52 -160.58
1224.02 -164.33
1223.25 -169.96
1222.72 -173.71
1222.45 -175.58
1222.19 -177.46
1221.35 -183.09
1221.07 -184.94
1220.79 -186.82
1220.2 -190.6
1219.91 -192.45
1219.62 -194.31
1219.02 -198.05
1218.71 -199.93
1218.4 -201.81
1217.77 -205.53
1217.45 -207.39
1217.14 -209.26
1216.82 -211.14
1215.83 -216.74
1215.5 -218.62
1215.16 -220.47
1214.82 -222.31
1214.48 -224.2
1213.08 -231.62
1212.37 -235.36
1212.02 -237.2
1211.64 -239.1
1211.26 -240.97
1210.52 -244.64
1209.77 -248.37
1208.62 -253.92
1208.22 -255.79
1207.83 -257.63
1207.02 -261.35
1206.62 -263.19
1206.23 -265.04
1205.81 -266.9
1205.4 -268.73
1204.99 -270.6
1203.3 -277.98
1202.45 -281.67
1201.58 -285.37
1201.14 -287.19
1200.71 -289.02
1200.26 -290.9
1199.8 -292.74
1199.36 -294.56
1198.91 -296.4
1197.99 -300.09
1197.06 -303.76
1196.59 -305.58
1196.13 -307.4
1194.7 -312.92
1194.21 -314.77
1193.73 -316.61
1193.24 -318.42
1192.76 -320.23
1191.77 -323.9
1191.26 -325.75
1190.76 -327.57
1190.26 -329.4
1189.75 -331.24
1189.25 -333.04
1187.71 -338.51
1187.18 -340.34
1186.14 -343.97
1184 -351.24
1182.93 -354.86
1182.37 -356.7
1181.81 -358.51
1181.26 -360.31
1179.6 -365.75
1178.46 -369.36
1177.33 -372.98
1175.03 -380.2
1174.43 -382.01
1173.85 -383.79
1172.66 -387.4
1170.27 -394.57
1169.66 -396.38
1167.21 -403.55
1166.58 -405.35
1165.96 -407.14
1164.7 -410.7
1162.81 -416.05
1162.17 -417.83
1161.53 -419.62
1160.88 -421.41
1159.58 -424.96
1158.27 -428.52
1157.61 -430.3
1155.62 -435.62
1154.95 -437.4
1154.28 -439.16
1153.6 -440.94
1152.92 -442.69
1152.25 -444.47
1151.56 -446.26
1150.87 -448.01
1150.19 -449.76
1148.81 -453.28
1147.4 -456.83
1145.29 -462.09
1142.44 -469.11
1141.71 -470.88
1140.99 -472.61
1139.54 -476.12
1138.07 -479.62
1137.33 -481.35
1136.6 -483.08
1135.85 -484.84
1135.1 -486.56
1135.11 -486.57
1134.36 -488.32
1132.86 -491.78
1132.86 -491.79
1132.11 -493.51
1131.34 -495.27
1130.57 -497.02
1129.81 -498.74
1129.05 -500.48
1128.27 -502.22
1127.5 -503.93
1126.74 -505.64
1125.95 -507.4
1125.17 -509.11
1124.39 -510.85
1123.6 -512.57
1122.82 -514.29
1121.24 -517.72
1120.45 -519.43
1119.65 -521.17
1118.84 -522.88
1118.85 -522.88
1117.24 -526.32
1113.99 -533.16
1113.16 -534.88
1112.34 -536.56
1112.35 -536.57
1110.7 -539.99
1109.87 -541.69
1108.2 -545.1
1104.83 -551.89
1103.97 -553.59
1102.29 -556.94
1101.43 -558.66
1100.56 -560.33
1100.57 -560.34
1098.84 -563.72
1095.36 -570.45
1093.61 -573.8
1092.71 -575.49
1091.84 -577.15
1090.07 -580.51
1089.17 -582.18
1088.29 -583.84
1086.48 -587.2
1084.68 -590.5
1083.78 -592.18
1082.86 -593.84
1081.95 -595.49
1081.03 -597.14
1081.04 -597.15
1079.2 -600.48
1076.41 -605.44
1075.49 -607.07
1074.57 -608.71
1073.62 -610.4
1072.73 -611.95
1793.43 -1332.65
20
