-700462.50 -157719.35
-700462.50 -157743.87
-700661.49 -157777.66
-700893.80 -157817.11
-701292.96 -157884.88
-701507.79 -157921.36
-701757.57 -157963.78
-701985.88 -158002.54
-702209.77 -158040.56
-702407.71 -158074.17
-702661.96 -158117.34
-702897.81 -158157.39
-703384.24 -158239.99
-703520.67 -158263.15
-703697.70 -158293.21
-703863.01 -158321.28
-704891.59 -158495.94
-705099.49 -158531.24
-705215.50 -158550.94
-705448.07 -158590.43
-706501.39 -158769.29
-706521.80 -158772.75
-707176.59 -158883.94
-707308.00 -158906.25
-707522.77 -158942.72
-707772.61 -158985.14
-707980.17 -159020.39
-709209.31 -159229.10
-710453.82 -159440.42
-710723.58 -159486.22
-710728.50 -159487.06
-710764.69 -159493.20
-711622.78 -159638.91
-711701.60 -159652.29
-711737.50 -159658.39
-712355.87 -159763.39
-712555.19 -159797.23
-712914.33 -159858.22
-713068.33 -159884.37
-713298.86 -159923.51
-714288.59 -160091.57
-714941.04 -160202.36
-715736.72 -160337.47
-716126.15 -160403.59
-716436.60 -160456.31
-716825.81 -160522.39
-717251.20 -160594.63
-717251.20 -160700.95
-717274.41 -160700.95
-717274.41 -160771.95
-717193.70 -160771.95
-717193.70 -160842.95
-717308.70 -160842.95
-717308.70 -160913.95
-717193.70 -160913.95
-717193.70 -160984.95
-717308.70 -160984.95
-717308.70 -161055.95
-717193.70 -161055.95
-717193.70 -161126.95
-717308.70 -161126.95
-717308.70 -161197.95
-717193.70 -161197.95
-717193.70 -161268.95
-717308.70 -161268.95
-717308.70 -161339.95
-717193.70 -161339.95
-717193.70 -161410.95
-717308.70 -161410.95
-717308.70 -161481.95
-717193.70 -161481.95
-717193.70 -161552.95
-717308.70 -161552.95
-717308.70 -161623.95
-717193.70 -161623.95
-717193.70 -161694.95
-717308.70 -161694.95
-717308.70 -161765.95
-717193.70 -161765.95
-717193.70 -161836.95
-717308.70 -161836.95
-717308.70 -161907.95
-717193.70 -161907.95
-717193.70 -161978.95
-717308.70 -161978.95
-717308.70 -162049.95
-717193.70 -162049.95
-717193.70 -162120.95
-717308.70 -162120.95
-717308.70 -162191.95
-717193.70 -162191.95
-717193.70 -162262.95
-717308.70 -162262.95
-717308.70 -162333.95
-717193.70 -162333.95
-717193.70 -162404.95
-717308.70 -162404.95
-717308.70 -162475.95
-717193.70 -162475.95
-717193.70 -162546.95
-717308.70 -162546.95
-717308.70 -162617.95
-717193.70 -162617.95
-717193.70 -162688.95
-717308.70 -162688.95
-717308.70 -162759.95
-717193.70 -162759.95
-717193.70 -162830.95
-717308.70 -162830.95
-717308.70 -162901.95
-717193.70 -162901.95
-717193.70 -162972.95
-717308.70 -162972.95
-717308.70 -163043.95
-717193.70 -163043.95
-717193.70 -163114.95
-717308.70 -163114.95
-717308.70 -163185.95
-717193.70 -163185.95
-717193.70 -163256.95
-717308.70 -163256.95
-717308.70 -163327.95
-717193.70 -163327.95
-717193.70 -163398.95
-717308.70 -163398.95
-717308.70 -163469.95
-717193.70 -163469.95
-717193.70 -163540.95
-717308.70 -163540.95
-717308.70 -163611.95
-717193.70 -163611.95
-717193.70 -163682.95
-717308.70 -163682.95
-717308.70 -163753.95
-717193.70 -163753.95
-717193.70 -163824.95
-717308.70 -163824.95
-717308.70 -163895.95
-717193.70 -163895.95
-717193.70 -163966.95
-717308.70 -163966.95
-717308.70 -164037.95
-717193.70 -164037.95
-717193.70 -164108.95
-717308.70 -164108.95
-717308.70 -164179.95
-717193.70 -164179.95
-717193.70 -164250.95
-717308.70 -164250.95
-717308.70 -164321.95
-717193.70 -164321.95
-717193.70 -164392.95
-717308.70 -164392.95
-717308.70 -164463.95
-717193.70 -164463.95
-717193.70 -164534.95
-717308.70 -164534.95
-717308.70 -164605.95
-717193.70 -164605.95
-717193.70 -164676.95
-717308.70 -164676.95
-717308.70 -164747.95
-717193.70 -164747.95
-717193.70 -164818.95
-717308.70 -164818.95
-717308.70 -164889.95
-717193.70 -164889.95
-717193.70 -164960.95
-717308.70 -164960.95
-717308.70 -165031.95
-717193.70 -165031.95
-717193.70 -165102.95
-717308.70 -165102.95
-717308.70 -165173.95
-717193.70 -165173.95
-717193.70 -165244.95
-717308.70 -165244.95
-717308.70 -165315.95
-717193.70 -165315.95
-717193.70 -165386.95
-717308.70 -165386.95
-717308.70 -165457.95
-717193.70 -165457.95
-717193.70 -165528.95
-717308.70 -165528.95
-717308.70 -165599.95
-717193.70 -165599.95
-717193.70 -165670.95
-717308.70 -165670.95
-717308.70 -165741.95
-717193.70 -165741.95
-717193.70 -165812.95
-717308.70 -165812.95
-717308.70 -165883.95
-717193.70 -165883.95
-717193.70 -165954.95
-717308.70 -165954.95
-717308.70 -166025.95
-717193.70 -166025.95
-717193.70 -166096.95
-717308.70 -166096.95
-717308.70 -166167.95
-717193.70 -166167.95
-717193.70 -166238.95
-717308.70 -166238.95
-717308.70 -166309.95
-717193.70 -166309.95
-717193.70 -166380.95
-717308.70 -166380.95
-717308.70 -166451.95
-717193.70 -166451.95
-717193.70 -166522.95
-717308.70 -166522.95
-717308.70 -166593.95
-717193.70 -166593.95
-717193.70 -166664.95
-717308.70 -166664.95
-717308.70 -166735.95
-717193.70 -166735.95
-717193.70 -166806.95
-717308.70 -166806.95
-717308.70 -166877.95
-717193.70 -166877.95
-717193.70 -166948.95
-717308.70 -166948.95
-717308.70 -167019.95
-717193.70 -167019.95
-717193.70 -167090.95
-717308.70 -167090.95
-717308.70 -167161.95
-717193.70 -167161.95
-717193.70 -167232.95
-717308.70 -167232.95
-717308.70 -167303.95
-717193.70 -167303.95
-717193.70 -167374.95
-717308.70 -167374.95
-717308.70 -167445.95
-717193.70 -167445.95
-717193.70 -167516.95
-717308.70 -167516.95
-717308.70 -167587.95
-717193.70 -167587.95
-717193.70 -167658.95
-717308.70 -167658.95
-717308.70 -167729.95
-717193.70 -167729.95
-717193.70 -167800.95
-717308.70 -167800.95
-717308.70 -167871.95
-717193.70 -167871.95
-717193.70 -167942.95
-717308.70 -167942.95
-717308.70 -168013.95
-717193.70 -168013.95
-717193.70 -168084.95
-717308.70 -168084.95
-717308.70 -168155.95
-717193.70 -168155.95
-717193.70 -168226.95
-717308.70 -168226.95
-717308.70 -168297.95
-717193.70 -168297.95
-717193.70 -168368.95
-717308.70 -168368.95
-717308.70 -168439.95
-717193.70 -168439.95
-717193.70 -168510.95
-717308.70 -168510.95
-717308.70 -168581.95
-717193.70 -168581.95
-717193.70 -168652.95
-717308.70 -168652.95
-717308.70 -168723.95
-717193.70 -168723.95
-717193.70 -168794.95
-717308.70 -168794.95
-717308.70 -168865.95
-717193.70 -168865.95
-717193.70 -168936.95
-717308.70 -168936.95
-717308.70 -169007.95
-717193.70 -169007.95
-717193.70 -169078.95
-717308.70 -169078.95
-717308.70 -169149.95
-717193.70 -169149.95
-717193.70 -169220.95
-717308.70 -169220.95
-717308.70 -169291.95
-717193.70 -169291.95
-717193.70 -169362.95
-717308.70 -169362.95
-717308.70 -169433.95
-717193.70 -169433.95
-717193.70 -169504.95
-717308.70 -169504.95
-717308.70 -169575.95
-717193.70 -169575.95
-717193.70 -169646.95
-717308.70 -169646.95
-717308.70 -169717.95
-717193.70 -169717.95
-717193.70 -169788.95
-717308.70 -169788.95
-717308.70 -169859.95
-717193.70 -169859.95
-717193.70 -169930.95
-717308.70 -169930.95
-717308.70 -170001.95
-717193.70 -170001.95
-717193.70 -170072.95
-717308.70 -170072.95
-717308.70 -170143.95
-717193.70 -170143.95
-717193.70 -170214.95
-717308.70 -170214.95
-717308.70 -170285.95
-717193.70 -170285.95
-717193.70 -170356.95
-717308.70 -170356.95
-717308.70 -170427.95
-717193.70 -170427.95
-717193.70 -170498.95
-717308.70 -170498.95
-717308.70 -170569.95
-717193.70 -170569.95
-717193.70 -170640.95
-717308.70 -170640.95
-717308.70 -170711.95
-717193.70 -170711.95
-717193.70 -170782.95
-717308.70 -170782.95
-717308.70 -170853.95
-717193.70 -170853.95
-717193.70 -170924.95
-717308.70 -170924.95
-717308.70 -170995.95
-717193.70 -170995.95
-717193.70 -171066.95
-717308.70 -171066.95
-717308.70 -171137.95
-717193.70 -171137.95
-717193.70 -171208.95
-717308.70 -171208.95
-717308.70 -171279.95
-717193.70 -171279.95
-717193.70 -171350.95
-717308.70 -171350.95
-717308.70 -171421.95
-717193.70 -171421.95
-717193.70 -171492.95
-717308.70 -171492.95
-717308.70 -171563.95
-717193.70 -171563.95
-717193.70 -171634.95
-717308.70 -171634.95
-717308.70 -171705.95
-717193.70 -171705.95
-717193.70 -171776.95
-717308.70 -171776.95
-717308.70 -171847.95
-717193.70 -171847.95
-717193.70 -171918.95
-717308.70 -171918.95
-717308.70 -171989.95
-717193.70 -171989.95
-717193.70 -172060.95
-717308.70 -172060.95
-717308.70 -172131.95
-717193.70 -172131.95
-717193.70 -172202.95
-717308.70 -172202.95
-717308.70 -172273.95
-717193.70 -172273.95
-717193.70 -172344.95
-717308.70 -172344.95
-717308.70 -172415.95
-717193.70 -172415.95
-717193.70 -172486.95
-717308.70 -172486.95
-717308.70 -172557.95
-717193.70 -172557.95
-717193.70 -172628.95
-717308.70 -172628.95
-717308.70 -172699.95
-717193.70 -172699.95
-717193.70 -172770.95
-717308.70 -172770.95
-717308.70 -172841.95
-717193.70 -172841.95
-717193.70 -172912.95
-717308.70 -172912.95
-717308.70 -172983.95
-717193.70 -172983.95
-717193.70 -173054.95
-717308.70 -173054.95
-717308.70 -173125.95
-717193.70 -173125.95
-717193.70 -173196.95
-717308.70 -173196.95
-717308.70 -173267.95
-717193.70 -173267.95
-717193.70 -173338.95
-717308.70 -173338.95
-717308.70 -173409.95
-717193.70 -173409.95
-717193.70 -173480.95
-717308.70 -173480.95
-717308.70 -173551.95
-717193.70 -173551.95
-717193.70 -173622.95
-717308.70 -173622.95
-717308.70 -173693.95
-717193.70 -173693.95
-717193.70 -173764.95
-717308.70 -173764.95
-717308.70 -173835.95
-717193.70 -173835.95
-717193.70 -173906.95
-717308.70 -173906.95
-717308.70 -173977.95
-717193.70 -173977.95
-717193.70 -174048.95
-717308.70 -174048.95
-717308.70 -174119.95
-717193.70 -174119.95
-717193.70 -174190.95
-717308.70 -174190.95
-717308.70 -174261.95
-717193.70 -174261.95
-717193.70 -174332.95
-717308.70 -174332.95
-717308.70 -174403.95
-717193.70 -174403.95
-717193.70 -174474.95
-717308.70 -174474.95
-717308.70 -174545.95
-717193.70 -174545.95
-717193.70 -174616.95
-717308.70 -174616.95
-717308.70 -174687.95
-717193.70 -174687.95
-717193.70 -174758.95
-717308.70 -174758.95
-717308.70 -174829.95
-717193.70 -174829.95
-717193.70 -174900.95
-717308.70 -174900.95
-717308.70 -174971.95
-717193.70 -174971.95
-717193.70 -175042.95
-717308.70 -175042.95
-717308.70 -175113.95
-717193.70 -175113.95
-717193.70 -175184.95
-717308.70 -175184.95
-717308.70 -175255.95
-717193.70 -175255.95
-717193.70 -175326.95
-717308.70 -175326.95
-717308.70 -175397.95
-717193.70 -175397.95
-717193.70 -175468.95
-717308.70 -175468.95
-717308.70 -175539.95
-717193.70 -175539.95
-717193.70 -175610.95
-717308.70 -175610.95
-717308.70 -175681.95
-717193.70 -175681.95
-717193.70 -175752.95
-717308.70 -175752.95
-717308.70 -175823.95
-717193.70 -175823.95
-717193.70 -175894.95
-717308.70 -175894.95
-717308.70 -175965.95
-717193.70 -175965.95
-717193.70 -176036.95
-717308.70 -176036.95
-717308.70 -176107.95
-717193.70 -176107.95
-717193.70 -176178.95
-717308.70 -176178.95
-717308.70 -176249.95
-717193.70 -176249.95
-717193.70 -176320.95
-717308.70 -176320.95
-717308.70 -176391.95
-717193.70 -176391.95
-717193.70 -176462.95
-717308.70 -176462.95
-717308.70 -176533.95
-717193.70 -176533.95
-717193.70 -176604.95
-717308.70 -176604.95
-717308.70 -176675.95
-717193.70 -176675.95
-717193.70 -176746.95
-717308.70 -176746.95
-717308.70 -176817.95
-717193.70 -176817.95
-717193.70 -176888.95
-717308.70 -176888.95
-717308.70 -176959.95
-717193.70 -176959.95
-717193.70 -177030.95
-717308.70 -177030.95
-717308.70 -177101.95
-717193.70 -177101.95
-717193.70 -177172.95
-717308.70 -177172.95
-717308.70 -177243.95
-717193.70 -177243.95
-717193.70 -177314.95
-717308.70 -177314.95
-717308.70 -177385.95
-717193.70 -177385.95
-717193.70 -177456.95
-717308.70 -177456.95
-717308.70 -177527.95
-717193.70 -177527.95
-717193.70 -177598.95
-717308.70 -177598.95
-717308.70 -177669.95
-717193.70 -177669.95
-717193.70 -177740.95
-717308.70 -177740.95
-717308.70 -177811.95
-717193.70 -177811.95
-717193.70 -177882.95
-717308.70 -177882.95
-717308.70 -177953.95
-717193.70 -177953.95
-717193.70 -178024.95
-717308.70 -178024.95
-717308.70 -178095.95
-717193.70 -178095.95
-717193.70 -178166.95
-717308.70 -178166.95
-717308.70 -178237.95
-717193.70 -178237.95
-717193.70 -178308.95
-717308.70 -178308.95
-717308.70 -178379.95
-717251.20 -178379.95
-717251.20 -178404.45
31.00