-839321.50 -157719.35
-839321.50 -157743.87
-839122.50 -157777.66
-838748.15 -157841.23
-838533.39 -157877.69
-838283.55 -157920.12
-838068.78 -157956.58
-837818.94 -157999.01
-837577.65 -158039.98
-837341.93 -158080.01
-837168.85 -158109.39
-836588.44 -158207.95
-836530.47 -158217.79
-836464.14 -158229.06
-836096.76 -158291.44
-835960.53 -158314.57
-835745.76 -158351.04
-835495.92 -158393.46
-835288.36 -158428.71
-834166.32 -158619.23
-834115.78 -158627.81
-833710.80 -158696.58
-833301.43 -158766.09
-832980.89 -158820.52
-832402.42 -158918.74
-832020.23 -158983.64
-830364.72 -159264.75
-829397.84 -159428.93
-829304.05 -159444.85
-828240.72 -159625.41
-827754.78 -159707.92
-827597.65 -159734.60
-827356.36 -159775.58
-827120.63 -159815.60
-826923.73 -159849.04
-826246.28 -159964.07
-825989.49 -160007.67
-824615.64 -160240.96
-824535.95 -160254.49
-824374.26 -160281.94
-823347.38 -160456.31
-823059.60 -160505.17
-822943.38 -160524.91
-821682.68 -160738.98
-821580.13 -160756.39
-821121.27 -160834.31
-821018.62 -160851.74
-820801.02 -160888.69
-820168.80 -160996.04
-819455.23 -161117.20
-818634.55 -161256.56
-818271.88 -161318.14
-816532.29 -161613.53
-816504.20 -161618.30
-816499.57 -161619.08
-816421.80 -161632.29
-816236.80 -161663.70
-815982.55 -161706.87
-815767.78 -161743.34
-815517.94 -161785.76
-815342.57 -161815.54
-813107.02 -162195.14
-812746.55 -162256.35
-809898.86 -162739.90
-807306.20 -163180.13
-807306.20 -163327.95
-807248.70 -163327.95
-807248.70 -163398.95
-807363.70 -163398.95
-807363.70 -163469.95
-807248.70 -163469.95
-807248.70 -163540.95
-807363.70 -163540.95
-807363.70 -163611.95
-807248.70 -163611.95
-807248.70 -163682.95
-807363.70 -163682.95
-807363.70 -163753.95
-807248.70 -163753.95
-807248.70 -163824.95
-807363.70 -163824.95
-807363.70 -163895.95
-807248.70 -163895.95
-807248.70 -163966.95
-807363.70 -163966.95
-807363.70 -164037.95
-807248.70 -164037.95
-807248.70 -164108.95
-807363.70 -164108.95
-807363.70 -164179.95
-807248.70 -164179.95
-807248.70 -164250.95
-807363.70 -164250.95
-807363.70 -164321.95
-807248.70 -164321.95
-807248.70 -164392.95
-807363.70 -164392.95
-807363.70 -164463.95
-807248.70 -164463.95
-807248.70 -164534.95
-807363.70 -164534.95
-807363.70 -164605.95
-807248.70 -164605.95
-807248.70 -164676.95
-807363.70 -164676.95
-807363.70 -164747.95
-807248.70 -164747.95
-807248.70 -164818.95
-807363.70 -164818.95
-807363.70 -164889.95
-807248.70 -164889.95
-807248.70 -164960.95
-807363.70 -164960.95
-807363.70 -165031.95
-807248.70 -165031.95
-807248.70 -165102.95
-807363.70 -165102.95
-807363.70 -165173.95
-807248.70 -165173.95
-807248.70 -165244.95
-807363.70 -165244.95
-807363.70 -165315.95
-807248.70 -165315.95
-807248.70 -165386.95
-807363.70 -165386.95
-807363.70 -165457.95
-807248.70 -165457.95
-807248.70 -165528.95
-807363.70 -165528.95
-807363.70 -165599.95
-807248.70 -165599.95
-807248.70 -165670.95
-807363.70 -165670.95
-807363.70 -165741.95
-807248.70 -165741.95
-807248.70 -165812.95
-807363.70 -165812.95
-807363.70 -165883.95
-807248.70 -165883.95
-807248.70 -165954.95
-807363.70 -165954.95
-807363.70 -166025.95
-807248.70 -166025.95
-807248.70 -166096.95
-807363.70 -166096.95
-807363.70 -166167.95
-807248.70 -166167.95
-807248.70 -166238.95
-807363.70 -166238.95
-807363.70 -166309.95
-807248.70 -166309.95
-807248.70 -166380.95
-807363.70 -166380.95
-807363.70 -166451.95
-807248.70 -166451.95
-807248.70 -166522.95
-807363.70 -166522.95
-807363.70 -166593.95
-807248.70 -166593.95
-807248.70 -166664.95
-807363.70 -166664.95
-807363.70 -166735.95
-807248.70 -166735.95
-807248.70 -166806.95
-807363.70 -166806.95
-807363.70 -166877.95
-807248.70 -166877.95
-807248.70 -166948.95
-807363.70 -166948.95
-807363.70 -167019.95
-807248.70 -167019.95
-807248.70 -167090.95
-807363.70 -167090.95
-807363.70 -167161.95
-807248.70 -167161.95
-807248.70 -167232.95
-807363.70 -167232.95
-807363.70 -167303.95
-807248.70 -167303.95
-807248.70 -167374.95
-807363.70 -167374.95
-807363.70 -167445.95
-807248.70 -167445.95
-807248.70 -167516.95
-807363.70 -167516.95
-807363.70 -167587.95
-807248.70 -167587.95
-807248.70 -167658.95
-807363.70 -167658.95
-807363.70 -167729.95
-807248.70 -167729.95
-807248.70 -167800.95
-807363.70 -167800.95
-807363.70 -167871.95
-807248.70 -167871.95
-807248.70 -167942.95
-807363.70 -167942.95
-807363.70 -168013.95
-807248.70 -168013.95
-807248.70 -168084.95
-807363.70 -168084.95
-807363.70 -168155.95
-807248.70 -168155.95
-807248.70 -168226.95
-807363.70 -168226.95
-807363.70 -168297.95
-807248.70 -168297.95
-807248.70 -168368.95
-807363.70 -168368.95
-807363.70 -168439.95
-807248.70 -168439.95
-807248.70 -168510.95
-807363.70 -168510.95
-807363.70 -168581.95
-807248.70 -168581.95
-807248.70 -168652.95
-807363.70 -168652.95
-807363.70 -168723.95
-807248.70 -168723.95
-807248.70 -168794.95
-807363.70 -168794.95
-807363.70 -168865.95
-807248.70 -168865.95
-807248.70 -168936.95
-807363.70 -168936.95
-807363.70 -169007.95
-807248.70 -169007.95
-807248.70 -169078.95
-807363.70 -169078.95
-807363.70 -169149.95
-807248.70 -169149.95
-807248.70 -169220.95
-807363.70 -169220.95
-807363.70 -169291.95
-807248.70 -169291.95
-807248.70 -169362.95
-807363.70 -169362.95
-807363.70 -169433.95
-807248.70 -169433.95
-807248.70 -169504.95
-807363.70 -169504.95
-807363.70 -169575.95
-807248.70 -169575.95
-807248.70 -169646.95
-807363.70 -169646.95
-807363.70 -169717.95
-807248.70 -169717.95
-807248.70 -169788.95
-807363.70 -169788.95
-807363.70 -169859.95
-807248.70 -169859.95
-807248.70 -169930.95
-807363.70 -169930.95
-807363.70 -170001.95
-807248.70 -170001.95
-807248.70 -170072.95
-807363.70 -170072.95
-807363.70 -170143.95
-807248.70 -170143.95
-807248.70 -170214.95
-807363.70 -170214.95
-807363.70 -170285.95
-807248.70 -170285.95
-807248.70 -170356.95
-807363.70 -170356.95
-807363.70 -170427.95
-807248.70 -170427.95
-807248.70 -170498.95
-807363.70 -170498.95
-807363.70 -170569.95
-807248.70 -170569.95
-807248.70 -170640.95
-807363.70 -170640.95
-807363.70 -170711.95
-807248.70 -170711.95
-807248.70 -170782.95
-807363.70 -170782.95
-807363.70 -170853.95
-807248.70 -170853.95
-807248.70 -170924.95
-807363.70 -170924.95
-807363.70 -170995.95
-807248.70 -170995.95
-807248.70 -171066.95
-807363.70 -171066.95
-807363.70 -171137.95
-807248.70 -171137.95
-807248.70 -171208.95
-807363.70 -171208.95
-807363.70 -171279.95
-807248.70 -171279.95
-807248.70 -171350.95
-807363.70 -171350.95
-807363.70 -171421.95
-807248.70 -171421.95
-807248.70 -171492.95
-807363.70 -171492.95
-807363.70 -171563.95
-807248.70 -171563.95
-807248.70 -171634.95
-807363.70 -171634.95
-807363.70 -171705.95
-807248.70 -171705.95
-807248.70 -171776.95
-807363.70 -171776.95
-807363.70 -171847.95
-807248.70 -171847.95
-807248.70 -171918.95
-807363.70 -171918.95
-807363.70 -171989.95
-807248.70 -171989.95
-807248.70 -172060.95
-807363.70 -172060.95
-807363.70 -172131.95
-807248.70 -172131.95
-807248.70 -172202.95
-807363.70 -172202.95
-807363.70 -172273.95
-807248.70 -172273.95
-807248.70 -172344.95
-807363.70 -172344.95
-807363.70 -172415.95
-807248.70 -172415.95
-807248.70 -172486.95
-807363.70 -172486.95
-807363.70 -172557.95
-807248.70 -172557.95
-807248.70 -172628.95
-807363.70 -172628.95
-807363.70 -172699.95
-807248.70 -172699.95
-807248.70 -172770.95
-807363.70 -172770.95
-807363.70 -172841.95
-807248.70 -172841.95
-807248.70 -172912.95
-807363.70 -172912.95
-807363.70 -172983.95
-807248.70 -172983.95
-807248.70 -173054.95
-807363.70 -173054.95
-807363.70 -173125.95
-807248.70 -173125.95
-807248.70 -173196.95
-807363.70 -173196.95
-807363.70 -173267.95
-807248.70 -173267.95
-807248.70 -173338.95
-807363.70 -173338.95
-807363.70 -173409.95
-807248.70 -173409.95
-807248.70 -173480.95
-807363.70 -173480.95
-807363.70 -173551.95
-807248.70 -173551.95
-807248.70 -173622.95
-807363.70 -173622.95
-807363.70 -173693.95
-807248.70 -173693.95
-807248.70 -173764.95
-807363.70 -173764.95
-807363.70 -173835.95
-807248.70 -173835.95
-807248.70 -173906.95
-807363.70 -173906.95
-807363.70 -173977.95
-807248.70 -173977.95
-807248.70 -174048.95
-807363.70 -174048.95
-807363.70 -174119.95
-807248.70 -174119.95
-807248.70 -174190.95
-807363.70 -174190.95
-807363.70 -174261.95
-807248.70 -174261.95
-807248.70 -174332.95
-807363.70 -174332.95
-807363.70 -174403.95
-807248.70 -174403.95
-807248.70 -174474.95
-807363.70 -174474.95
-807363.70 -174545.95
-807248.70 -174545.95
-807248.70 -174616.95
-807363.70 -174616.95
-807363.70 -174687.95
-807248.70 -174687.95
-807248.70 -174758.95
-807363.70 -174758.95
-807363.70 -174829.95
-807248.70 -174829.95
-807248.70 -174900.95
-807363.70 -174900.95
-807363.70 -174971.95
-807248.70 -174971.95
-807248.70 -175042.95
-807363.70 -175042.95
-807363.70 -175113.95
-807248.70 -175113.95
-807248.70 -175184.95
-807363.70 -175184.95
-807363.70 -175255.95
-807248.70 -175255.95
-807248.70 -175326.95
-807363.70 -175326.95
-807363.70 -175397.95
-807248.70 -175397.95
-807248.70 -175468.95
-807363.70 -175468.95
-807363.70 -175539.95
-807248.70 -175539.95
-807248.70 -175610.95
-807363.70 -175610.95
-807363.70 -175681.95
-807248.70 -175681.95
-807248.70 -175752.95
-807363.70 -175752.95
-807363.70 -175823.95
-807248.70 -175823.95
-807248.70 -175894.95
-807363.70 -175894.95
-807363.70 -175965.95
-807248.70 -175965.95
-807248.70 -176036.95
-807363.70 -176036.95
-807363.70 -176107.95
-807248.70 -176107.95
-807248.70 -176178.95
-807363.70 -176178.95
-807363.70 -176249.95
-807248.70 -176249.95
-807248.70 -176320.95
-807363.70 -176320.95
-807363.70 -176391.95
-807248.70 -176391.95
-807248.70 -176462.95
-807363.70 -176462.95
-807363.70 -176533.95
-807248.70 -176533.95
-807248.70 -176604.95
-807363.70 -176604.95
-807363.70 -176675.95
-807248.70 -176675.95
-807248.70 -176746.95
-807363.70 -176746.95
-807363.70 -176817.95
-807248.70 -176817.95
-807248.70 -176888.95
-807363.70 -176888.95
-807363.70 -176959.95
-807248.70 -176959.95
-807248.70 -177030.95
-807363.70 -177030.95
-807363.70 -177101.95
-807248.70 -177101.95
-807248.70 -177172.95
-807363.70 -177172.95
-807363.70 -177243.95
-807248.70 -177243.95
-807248.70 -177314.95
-807363.70 -177314.95
-807363.70 -177385.95
-807248.70 -177385.95
-807248.70 -177456.95
-807363.70 -177456.95
-807363.70 -177527.95
-807248.70 -177527.95
-807248.70 -177598.95
-807363.70 -177598.95
-807363.70 -177669.95
-807248.70 -177669.95
-807248.70 -177740.95
-807363.70 -177740.95
-807363.70 -177811.95
-807248.70 -177811.95
-807248.70 -177882.95
-807363.70 -177882.95
-807363.70 -177953.95
-807248.70 -177953.95
-807248.70 -178024.95
-807363.70 -178024.95
-807363.70 -178095.95
-807248.70 -178095.95
-807248.70 -178166.95
-807363.70 -178166.95
-807363.70 -178237.95
-807248.70 -178237.95
-807248.70 -178308.95
-807363.70 -178308.95
-807363.70 -178379.95
-807306.20 -178379.95
-807306.20 -178404.45
31.00