-438907.10 -154723.95
-438907.10 -155154.55
-439190.10 -155282.08
-439324.92 -155370.24
-439547.39 -155485.07
-439768.07 -155599.01
-439988.32 -155712.53
-440213.53 -155830.46
-440508.40 -155963.34
-440637.86 -156047.98
-440871.27 -156168.47
-441092.01 -156282.44
-441311.72 -156395.69
-441541.79 -156516.04
-441836.76 -156650.32
-441977.21 -156732.56
-442228.89 -156841.91
-442451.96 -156938.82
-442674.98 -157035.71
-442898.29 -157132.76
-443119.14 -157228.49
-443361.21 -157335.64
-443633.44 -157436.24
-443752.92 -157503.33
-444017.47 -157616.68
-444240.72 -157712.31
-444463.90 -157807.93
-444687.51 -157903.76
-444907.80 -157997.93
-445155.78 -158106.03
-445440.53 -158211.20
-445592.32 -158285.54
-445887.41 -158386.53
-446113.44 -158463.90
-446339.52 -158541.28
-446565.54 -158618.63
-446791.57 -158696.00
-447017.66 -158773.39
-447243.58 -158850.70
-447470.37 -158928.37
-447690.74 -159003.52
-447958.87 -159097.72
-448278.77 -159186.71
-448469.58 -159251.29
-448793.38 -159320.37
-449024.12 -159369.60
-449254.78 -159418.81
-449485.42 -159468.02
-449716.08 -159517.23
-449946.75 -159566.44
-450177.28 -159615.62
-450408.68 -159665.02
-450634.56 -159713.02
-450895.39 -159770.04
-451173.58 -159820.38
-451423.75 -159863.14
-451615.35 -159894.40
-451895.60 -159953.42
-452261.38 -159996.27
-470000.58 -163008.43
-471406.88 -163247.22
-471446.09 -163253.88
-476365.19 -164089.15
-476365.72 -164089.24
-478219.67 -164404.05
-478223.41 -164404.68
-481004.98 -164877.00
-481261.62 -164920.58
-482110.92 -165064.79
-484866.73 -165532.73
-485059.76 -165565.51
-492857.02 -166889.50
-492857.98 -166889.66
-497025.39 -167597.30
-497071.93 -167605.20
-498431.14 -167836.00
-498431.55 -167836.07
-512375.39 -170203.76
-512379.59 -170204.47
-521430.44 -171741.33
-526075.84 -172530.12
-526077.05 -172530.33
-531418.92 -173437.39
-531419.46 -173437.48
-547681.20 -176198.76
-547681.20 -176675.95
-547640.93 -176675.95
-547640.93 -176746.95
-547738.70 -176746.95
-547738.70 -176817.95
-547623.70 -176817.95
-547623.70 -176888.95
-547738.70 -176888.95
-547738.70 -176959.95
-547623.70 -176959.95
-547623.70 -177030.95
-547738.70 -177030.95
-547738.70 -177101.95
-547623.70 -177101.95
-547623.70 -177172.95
-547738.70 -177172.95
-547738.70 -177243.95
-547623.70 -177243.95
-547623.70 -177314.95
-547738.70 -177314.95
-547738.70 -177385.95
-547623.70 -177385.95
-547623.70 -177456.95
-547738.70 -177456.95
-547738.70 -177527.95
-547623.70 -177527.95
-547623.70 -177598.95
-547738.70 -177598.95
-547738.70 -177669.95
-547623.70 -177669.95
-547623.70 -177740.95
-547738.70 -177740.95
-547738.70 -177811.95
-547623.70 -177811.95
-547623.70 -177882.95
-547738.70 -177882.95
-547738.70 -177953.95
-547623.70 -177953.95
-547623.70 -178024.95
-547738.70 -178024.95
-547738.70 -178095.95
-547623.70 -178095.95
-547623.70 -178166.95
-547738.70 -178166.95
-547738.70 -178237.95
-547623.70 -178237.95
-547623.70 -178308.95
-547738.70 -178308.95
-547738.70 -178379.95
-547681.20 -178379.95
-547681.20 -178404.45
31.00