-475802.50 -157719.35
-475802.50 -157743.87
-476001.50 -157777.66
-477130.85 -157969.43
-477289.75 -157996.41
-477395.28 -158014.33
-477395.31 -158014.33
-477859.92 -158093.22
-478324.51 -158172.11
-479253.49 -158329.86
-479253.73 -158329.90
-481397.21 -158693.86
-481813.90 -158764.62
-482421.77 -158867.84
-485460.02 -159383.74
-485558.32 -159400.43
-486190.63 -159507.80
-487269.12 -159690.93
-488471.05 -159895.02
-493888.33 -160814.88
-493888.89 -160814.98
-498068.32 -161524.65
-498083.58 -161527.24
-499463.30 -161761.52
-499464.00 -161761.64
-513403.28 -164128.56
-513405.02 -164128.86
-513409.16 -164129.56
-522461.92 -165666.74
-527107.22 -166455.52
-527108.29 -166455.70
-532450.62 -167362.84
-532451.12 -167362.92
-552661.26 -170794.65
-552661.75 -170794.73
-555290.78 -171241.15
-555781.36 -171324.45
-563344.15 -172608.62
-563349.14 -172609.47
-570679.43 -173854.17
-571551.20 -174002.20
-571551.20 -174119.95
-571508.91 -174119.95
-571508.91 -174190.95
-571608.70 -174190.95
-571608.70 -174261.95
-571493.70 -174261.95
-571493.70 -174332.95
-571608.70 -174332.95
-571608.70 -174403.95
-571493.70 -174403.95
-571493.70 -174474.95
-571608.70 -174474.95
-571608.70 -174545.95
-571493.70 -174545.95
-571493.70 -174616.95
-571608.70 -174616.95
-571608.70 -174687.95
-571493.70 -174687.95
-571493.70 -174758.95
-571608.70 -174758.95
-571608.70 -174829.95
-571493.70 -174829.95
-571493.70 -174900.95
-571608.70 -174900.95
-571608.70 -174971.95
-571493.70 -174971.95
-571493.70 -175042.95
-571608.70 -175042.95
-571608.70 -175113.95
-571493.70 -175113.95
-571493.70 -175184.95
-571608.70 -175184.95
-571608.70 -175255.95
-571493.70 -175255.95
-571493.70 -175326.95
-571608.70 -175326.95
-571608.70 -175397.95
-571493.70 -175397.95
-571493.70 -175468.95
-571608.70 -175468.95
-571608.70 -175539.95
-571493.70 -175539.95
-571493.70 -175610.95
-571608.70 -175610.95
-571608.70 -175681.95
-571493.70 -175681.95
-571493.70 -175752.95
-571608.70 -175752.95
-571608.70 -175823.95
-571493.70 -175823.95
-571493.70 -175894.95
-571608.70 -175894.95
-571608.70 -175965.95
-571493.70 -175965.95
-571493.70 -176036.95
-571608.70 -176036.95
-571608.70 -176107.95
-571493.70 -176107.95
-571493.70 -176178.95
-571608.70 -176178.95
-571608.70 -176249.95
-571493.70 -176249.95
-571493.70 -176320.95
-571608.70 -176320.95
-571608.70 -176391.95
-571493.70 -176391.95
-571493.70 -176462.95
-571608.70 -176462.95
-571608.70 -176533.95
-571493.70 -176533.95
-571493.70 -176604.95
-571608.70 -176604.95
-571608.70 -176675.95
-571493.70 -176675.95
-571493.70 -176746.95
-571608.70 -176746.95
-571608.70 -176817.95
-571493.70 -176817.95
-571493.70 -176888.95
-571608.70 -176888.95
-571608.70 -176959.95
-571493.70 -176959.95
-571493.70 -177030.95
-571608.70 -177030.95
-571608.70 -177101.95
-571493.70 -177101.95
-571493.70 -177172.95
-571608.70 -177172.95
-571608.70 -177243.95
-571493.70 -177243.95
-571493.70 -177314.95
-571608.70 -177314.95
-571608.70 -177385.95
-571493.70 -177385.95
-571493.70 -177456.95
-571608.70 -177456.95
-571608.70 -177527.95
-571493.70 -177527.95
-571493.70 -177598.95
-571608.70 -177598.95
-571608.70 -177669.95
-571493.70 -177669.95
-571493.70 -177740.95
-571608.70 -177740.95
-571608.70 -177811.95
-571493.70 -177811.95
-571493.70 -177882.95
-571608.70 -177882.95
-571608.70 -177953.95
-571493.70 -177953.95
-571493.70 -178024.95
-571608.70 -178024.95
-571608.70 -178095.95
-571493.70 -178095.95
-571493.70 -178166.95
-571608.70 -178166.95
-571608.70 -178237.95
-571493.70 -178237.95
-571493.70 -178308.95
-571608.70 -178308.95
-571608.70 -178379.95
-571551.20 -178379.95
-571551.20 -178404.45
31.00