-543678.50 -157719.35
-543678.50 -157743.87
-543877.49 -157777.66
-544643.57 -157907.74
-544669.82 -157912.20
-547594.33 -158408.79
-552864.67 -159303.70
-554563.51 -159592.17
-554563.61 -159592.18
-555028.00 -159671.04
-555492.59 -159749.93
-557235.10 -160045.81
-557897.61 -160158.31
-559741.54 -160471.41
-564983.45 -161361.50
-565249.93 -161406.74
-565250.05 -161406.76
-565713.90 -161485.53
-566178.49 -161564.42
-567307.85 -161756.18
-568481.18 -161955.42
-572330.03 -162608.96
-576265.22 -163277.16
-583369.47 -164483.48
-583371.59 -164483.84
-583833.46 -164562.27
-584298.05 -164641.16
-585692.81 -164877.99
-585692.90 -164878.00
-586430.00 -165003.16
-587780.67 -165232.51
-587781.05 -165232.58
-615571.20 -169951.40
-615571.20 -170072.95
-615613.95 -170072.95
-615613.95 -170143.95
-615513.70 -170143.95
-615513.70 -170214.95
-615628.70 -170214.95
-615628.70 -170285.95
-615513.70 -170285.95
-615513.70 -170356.95
-615628.70 -170356.95
-615628.70 -170427.95
-615513.70 -170427.95
-615513.70 -170498.95
-615628.70 -170498.95
-615628.70 -170569.95
-615513.70 -170569.95
-615513.70 -170640.95
-615628.70 -170640.95
-615628.70 -170711.95
-615513.70 -170711.95
-615513.70 -170782.95
-615628.70 -170782.95
-615628.70 -170853.95
-615513.70 -170853.95
-615513.70 -170924.95
-615628.70 -170924.95
-615628.70 -170995.95
-615513.70 -170995.95
-615513.70 -171066.95
-615628.70 -171066.95
-615628.70 -171137.95
-615513.70 -171137.95
-615513.70 -171208.95
-615628.70 -171208.95
-615628.70 -171279.95
-615513.70 -171279.95
-615513.70 -171350.95
-615628.70 -171350.95
-615628.70 -171421.95
-615513.70 -171421.95
-615513.70 -171492.95
-615628.70 -171492.95
-615628.70 -171563.95
-615513.70 -171563.95
-615513.70 -171634.95
-615628.70 -171634.95
-615628.70 -171705.95
-615513.70 -171705.95
-615513.70 -171776.95
-615628.70 -171776.95
-615628.70 -171847.95
-615513.70 -171847.95
-615513.70 -171918.95
-615628.70 -171918.95
-615628.70 -171989.95
-615513.70 -171989.95
-615513.70 -172060.95
-615628.70 -172060.95
-615628.70 -172131.95
-615513.70 -172131.95
-615513.70 -172202.95
-615628.70 -172202.95
-615628.70 -172273.95
-615513.70 -172273.95
-615513.70 -172344.95
-615628.70 -172344.95
-615628.70 -172415.95
-615513.70 -172415.95
-615513.70 -172486.95
-615628.70 -172486.95
-615628.70 -172557.95
-615513.70 -172557.95
-615513.70 -172628.95
-615628.70 -172628.95
-615628.70 -172699.95
-615513.70 -172699.95
-615513.70 -172770.95
-615628.70 -172770.95
-615628.70 -172841.95
-615513.70 -172841.95
-615513.70 -172912.95
-615628.70 -172912.95
-615628.70 -172983.95
-615513.70 -172983.95
-615513.70 -173054.95
-615628.70 -173054.95
-615628.70 -173125.95
-615513.70 -173125.95
-615513.70 -173196.95
-615628.70 -173196.95
-615628.70 -173267.95
-615513.70 -173267.95
-615513.70 -173338.95
-615628.70 -173338.95
-615628.70 -173409.95
-615513.70 -173409.95
-615513.70 -173480.95
-615628.70 -173480.95
-615628.70 -173551.95
-615513.70 -173551.95
-615513.70 -173622.95
-615628.70 -173622.95
-615628.70 -173693.95
-615513.70 -173693.95
-615513.70 -173764.95
-615628.70 -173764.95
-615628.70 -173835.95
-615513.70 -173835.95
-615513.70 -173906.95
-615628.70 -173906.95
-615628.70 -173977.95
-615513.70 -173977.95
-615513.70 -174048.95
-615628.70 -174048.95
-615628.70 -174119.95
-615513.70 -174119.95
-615513.70 -174190.95
-615628.70 -174190.95
-615628.70 -174261.95
-615513.70 -174261.95
-615513.70 -174332.95
-615628.70 -174332.95
-615628.70 -174403.95
-615513.70 -174403.95
-615513.70 -174474.95
-615628.70 -174474.95
-615628.70 -174545.95
-615513.70 -174545.95
-615513.70 -174616.95
-615628.70 -174616.95
-615628.70 -174687.95
-615513.70 -174687.95
-615513.70 -174758.95
-615628.70 -174758.95
-615628.70 -174829.95
-615513.70 -174829.95
-615513.70 -174900.95
-615628.70 -174900.95
-615628.70 -174971.95
-615513.70 -174971.95
-615513.70 -175042.95
-615628.70 -175042.95
-615628.70 -175113.95
-615513.70 -175113.95
-615513.70 -175184.95
-615628.70 -175184.95
-615628.70 -175255.95
-615513.70 -175255.95
-615513.70 -175326.95
-615628.70 -175326.95
-615628.70 -175397.95
-615513.70 -175397.95
-615513.70 -175468.95
-615628.70 -175468.95
-615628.70 -175539.95
-615513.70 -175539.95
-615513.70 -175610.95
-615628.70 -175610.95
-615628.70 -175681.95
-615513.70 -175681.95
-615513.70 -175752.95
-615628.70 -175752.95
-615628.70 -175823.95
-615513.70 -175823.95
-615513.70 -175894.95
-615628.70 -175894.95
-615628.70 -175965.95
-615513.70 -175965.95
-615513.70 -176036.95
-615628.70 -176036.95
-615628.70 -176107.95
-615513.70 -176107.95
-615513.70 -176178.95
-615628.70 -176178.95
-615628.70 -176249.95
-615513.70 -176249.95
-615513.70 -176320.95
-615628.70 -176320.95
-615628.70 -176391.95
-615513.70 -176391.95
-615513.70 -176462.95
-615628.70 -176462.95
-615628.70 -176533.95
-615513.70 -176533.95
-615513.70 -176604.95
-615628.70 -176604.95
-615628.70 -176675.95
-615513.70 -176675.95
-615513.70 -176746.95
-615628.70 -176746.95
-615628.70 -176817.95
-615513.70 -176817.95
-615513.70 -176888.95
-615628.70 -176888.95
-615628.70 -176959.95
-615513.70 -176959.95
-615513.70 -177030.95
-615628.70 -177030.95
-615628.70 -177101.95
-615513.70 -177101.95
-615513.70 -177172.95
-615628.70 -177172.95
-615628.70 -177243.95
-615513.70 -177243.95
-615513.70 -177314.95
-615628.70 -177314.95
-615628.70 -177385.95
-615513.70 -177385.95
-615513.70 -177456.95
-615628.70 -177456.95
-615628.70 -177527.95
-615513.70 -177527.95
-615513.70 -177598.95
-615628.70 -177598.95
-615628.70 -177669.95
-615513.70 -177669.95
-615513.70 -177740.95
-615628.70 -177740.95
-615628.70 -177811.95
-615513.70 -177811.95
-615513.70 -177882.95
-615628.70 -177882.95
-615628.70 -177953.95
-615513.70 -177953.95
-615513.70 -178024.95
-615628.70 -178024.95
-615628.70 -178095.95
-615513.70 -178095.95
-615513.70 -178166.95
-615628.70 -178166.95
-615628.70 -178237.95
-615513.70 -178237.95
-615513.70 -178308.95
-615628.70 -178308.95
-615628.70 -178379.95
-615571.20 -178379.95
-615571.20 -178404.45
31.00