-845774.50 -157719.35
-845774.50 -157743.87
-845575.51 -157777.66
-845343.20 -157817.11
-844918.33 -157889.25
-844654.38 -157934.07
-844128.17 -158023.42
-844079.67 -158031.66
-843714.89 -158093.60
-843516.98 -158127.20
-843118.89 -158194.80
-842888.90 -158233.85
-842621.02 -158279.34
-842474.84 -158304.16
-841789.23 -158420.58
-841540.61 -158462.79
-840799.52 -158588.63
-840664.15 -158611.62
-839654.17 -158783.11
-839644.64 -158784.73
-839368.79 -158831.57
-839170.88 -158865.18
-838929.00 -158906.25
-838714.23 -158942.72
-838464.39 -158985.14
-838249.63 -159021.61
-837999.79 -159064.03
-837758.49 -159105.00
-837522.77 -159145.03
-837349.69 -159174.42
-836737.89 -159278.30
-835909.38 -159418.99
-835541.64 -159481.43
-834443.52 -159667.89
-834110.55 -159724.43
-833673.34 -159798.67
-833482.27 -159831.12
-833161.73 -159885.54
-832583.26 -159983.77
-832201.07 -160048.67
-829081.24 -160578.42
-828750.14 -160634.64
-828034.91 -160756.09
-827778.50 -160799.63
-827537.20 -160840.60
-827301.48 -160880.63
-827104.57 -160914.06
-826427.13 -161029.09
-826170.34 -161072.70
-824857.22 -161295.67
-824672.46 -161327.04
-823528.23 -161521.33
-823332.19 -161554.62
-823223.00 -161573.16
-821863.26 -161804.05
-821862.86 -161804.12
-821387.32 -161884.86
-821270.74 -161904.66
-821132.02 -161928.22
-820349.65 -162061.06
-819636.07 -162182.23
-819052.62 -162281.30
-818650.19 -162349.63
-816685.72 -162683.21
-816678.76 -162684.39
-816583.61 -162700.54
-816417.65 -162728.73
-816163.39 -162771.90
-815948.63 -162808.37
-815698.79 -162850.79
-815523.42 -162880.57
-813287.87 -163260.17
-812927.39 -163321.38
-811491.20 -163565.25
-811491.20 -163682.95
-811526.96 -163682.95
-811526.96 -163753.95
-811433.70 -163753.95
-811433.70 -163824.95
-811548.70 -163824.95
-811548.70 -163895.95
-811433.70 -163895.95
-811433.70 -163966.95
-811548.70 -163966.95
-811548.70 -164037.95
-811433.70 -164037.95
-811433.70 -164108.95
-811548.70 -164108.95
-811548.70 -164179.95
-811433.70 -164179.95
-811433.70 -164250.95
-811548.70 -164250.95
-811548.70 -164321.95
-811433.70 -164321.95
-811433.70 -164392.95
-811548.70 -164392.95
-811548.70 -164463.95
-811433.70 -164463.95
-811433.70 -164534.95
-811548.70 -164534.95
-811548.70 -164605.95
-811433.70 -164605.95
-811433.70 -164676.95
-811548.70 -164676.95
-811548.70 -164747.95
-811433.70 -164747.95
-811433.70 -164818.95
-811548.70 -164818.95
-811548.70 -164889.95
-811433.70 -164889.95
-811433.70 -164960.95
-811548.70 -164960.95
-811548.70 -165031.95
-811433.70 -165031.95
-811433.70 -165102.95
-811548.70 -165102.95
-811548.70 -165173.95
-811433.70 -165173.95
-811433.70 -165244.95
-811548.70 -165244.95
-811548.70 -165315.95
-811433.70 -165315.95
-811433.70 -165386.95
-811548.70 -165386.95
-811548.70 -165457.95
-811433.70 -165457.95
-811433.70 -165528.95
-811548.70 -165528.95
-811548.70 -165599.95
-811433.70 -165599.95
-811433.70 -165670.95
-811548.70 -165670.95
-811548.70 -165741.95
-811433.70 -165741.95
-811433.70 -165812.95
-811548.70 -165812.95
-811548.70 -165883.95
-811433.70 -165883.95
-811433.70 -165954.95
-811548.70 -165954.95
-811548.70 -166025.95
-811433.70 -166025.95
-811433.70 -166096.95
-811548.70 -166096.95
-811548.70 -166167.95
-811433.70 -166167.95
-811433.70 -166238.95
-811548.70 -166238.95
-811548.70 -166309.95
-811433.70 -166309.95
-811433.70 -166380.95
-811548.70 -166380.95
-811548.70 -166451.95
-811433.70 -166451.95
-811433.70 -166522.95
-811548.70 -166522.95
-811548.70 -166593.95
-811433.70 -166593.95
-811433.70 -166664.95
-811548.70 -166664.95
-811548.70 -166735.95
-811433.70 -166735.95
-811433.70 -166806.95
-811548.70 -166806.95
-811548.70 -166877.95
-811433.70 -166877.95
-811433.70 -166948.95
-811548.70 -166948.95
-811548.70 -167019.95
-811433.70 -167019.95
-811433.70 -167090.95
-811548.70 -167090.95
-811548.70 -167161.95
-811433.70 -167161.95
-811433.70 -167232.95
-811548.70 -167232.95
-811548.70 -167303.95
-811433.70 -167303.95
-811433.70 -167374.95
-811548.70 -167374.95
-811548.70 -167445.95
-811433.70 -167445.95
-811433.70 -167516.95
-811548.70 -167516.95
-811548.70 -167587.95
-811433.70 -167587.95
-811433.70 -167658.95
-811548.70 -167658.95
-811548.70 -167729.95
-811433.70 -167729.95
-811433.70 -167800.95
-811548.70 -167800.95
-811548.70 -167871.95
-811433.70 -167871.95
-811433.70 -167942.95
-811548.70 -167942.95
-811548.70 -168013.95
-811433.70 -168013.95
-811433.70 -168084.95
-811548.70 -168084.95
-811548.70 -168155.95
-811433.70 -168155.95
-811433.70 -168226.95
-811548.70 -168226.95
-811548.70 -168297.95
-811433.70 -168297.95
-811433.70 -168368.95
-811548.70 -168368.95
-811548.70 -168439.95
-811433.70 -168439.95
-811433.70 -168510.95
-811548.70 -168510.95
-811548.70 -168581.95
-811433.70 -168581.95
-811433.70 -168652.95
-811548.70 -168652.95
-811548.70 -168723.95
-811433.70 -168723.95
-811433.70 -168794.95
-811548.70 -168794.95
-811548.70 -168865.95
-811433.70 -168865.95
-811433.70 -168936.95
-811548.70 -168936.95
-811548.70 -169007.95
-811433.70 -169007.95
-811433.70 -169078.95
-811548.70 -169078.95
-811548.70 -169149.95
-811433.70 -169149.95
-811433.70 -169220.95
-811548.70 -169220.95
-811548.70 -169291.95
-811433.70 -169291.95
-811433.70 -169362.95
-811548.70 -169362.95
-811548.70 -169433.95
-811433.70 -169433.95
-811433.70 -169504.95
-811548.70 -169504.95
-811548.70 -169575.95
-811433.70 -169575.95
-811433.70 -169646.95
-811548.70 -169646.95
-811548.70 -169717.95
-811433.70 -169717.95
-811433.70 -169788.95
-811548.70 -169788.95
-811548.70 -169859.95
-811433.70 -169859.95
-811433.70 -169930.95
-811548.70 -169930.95
-811548.70 -170001.95
-811433.70 -170001.95
-811433.70 -170072.95
-811548.70 -170072.95
-811548.70 -170143.95
-811433.70 -170143.95
-811433.70 -170214.95
-811548.70 -170214.95
-811548.70 -170285.95
-811433.70 -170285.95
-811433.70 -170356.95
-811548.70 -170356.95
-811548.70 -170427.95
-811433.70 -170427.95
-811433.70 -170498.95
-811548.70 -170498.95
-811548.70 -170569.95
-811433.70 -170569.95
-811433.70 -170640.95
-811548.70 -170640.95
-811548.70 -170711.95
-811433.70 -170711.95
-811433.70 -170782.95
-811548.70 -170782.95
-811548.70 -170853.95
-811433.70 -170853.95
-811433.70 -170924.95
-811548.70 -170924.95
-811548.70 -170995.95
-811433.70 -170995.95
-811433.70 -171066.95
-811548.70 -171066.95
-811548.70 -171137.95
-811433.70 -171137.95
-811433.70 -171208.95
-811548.70 -171208.95
-811548.70 -171279.95
-811433.70 -171279.95
-811433.70 -171350.95
-811548.70 -171350.95
-811548.70 -171421.95
-811433.70 -171421.95
-811433.70 -171492.95
-811548.70 -171492.95
-811548.70 -171563.95
-811433.70 -171563.95
-811433.70 -171634.95
-811548.70 -171634.95
-811548.70 -171705.95
-811433.70 -171705.95
-811433.70 -171776.95
-811548.70 -171776.95
-811548.70 -171847.95
-811433.70 -171847.95
-811433.70 -171918.95
-811548.70 -171918.95
-811548.70 -171989.95
-811433.70 -171989.95
-811433.70 -172060.95
-811548.70 -172060.95
-811548.70 -172131.95
-811433.70 -172131.95
-811433.70 -172202.95
-811548.70 -172202.95
-811548.70 -172273.95
-811433.70 -172273.95
-811433.70 -172344.95
-811548.70 -172344.95
-811548.70 -172415.95
-811433.70 -172415.95
-811433.70 -172486.95
-811548.70 -172486.95
-811548.70 -172557.95
-811433.70 -172557.95
-811433.70 -172628.95
-811548.70 -172628.95
-811548.70 -172699.95
-811433.70 -172699.95
-811433.70 -172770.95
-811548.70 -172770.95
-811548.70 -172841.95
-811433.70 -172841.95
-811433.70 -172912.95
-811548.70 -172912.95
-811548.70 -172983.95
-811433.70 -172983.95
-811433.70 -173054.95
-811548.70 -173054.95
-811548.70 -173125.95
-811433.70 -173125.95
-811433.70 -173196.95
-811548.70 -173196.95
-811548.70 -173267.95
-811433.70 -173267.95
-811433.70 -173338.95
-811548.70 -173338.95
-811548.70 -173409.95
-811433.70 -173409.95
-811433.70 -173480.95
-811548.70 -173480.95
-811548.70 -173551.95
-811433.70 -173551.95
-811433.70 -173622.95
-811548.70 -173622.95
-811548.70 -173693.95
-811433.70 -173693.95
-811433.70 -173764.95
-811548.70 -173764.95
-811548.70 -173835.95
-811433.70 -173835.95
-811433.70 -173906.95
-811548.70 -173906.95
-811548.70 -173977.95
-811433.70 -173977.95
-811433.70 -174048.95
-811548.70 -174048.95
-811548.70 -174119.95
-811433.70 -174119.95
-811433.70 -174190.95
-811548.70 -174190.95
-811548.70 -174261.95
-811433.70 -174261.95
-811433.70 -174332.95
-811548.70 -174332.95
-811548.70 -174403.95
-811433.70 -174403.95
-811433.70 -174474.95
-811548.70 -174474.95
-811548.70 -174545.95
-811433.70 -174545.95
-811433.70 -174616.95
-811548.70 -174616.95
-811548.70 -174687.95
-811433.70 -174687.95
-811433.70 -174758.95
-811548.70 -174758.95
-811548.70 -174829.95
-811433.70 -174829.95
-811433.70 -174900.95
-811548.70 -174900.95
-811548.70 -174971.95
-811433.70 -174971.95
-811433.70 -175042.95
-811548.70 -175042.95
-811548.70 -175113.95
-811433.70 -175113.95
-811433.70 -175184.95
-811548.70 -175184.95
-811548.70 -175255.95
-811433.70 -175255.95
-811433.70 -175326.95
-811548.70 -175326.95
-811548.70 -175397.95
-811433.70 -175397.95
-811433.70 -175468.95
-811548.70 -175468.95
-811548.70 -175539.95
-811433.70 -175539.95
-811433.70 -175610.95
-811548.70 -175610.95
-811548.70 -175681.95
-811433.70 -175681.95
-811433.70 -175752.95
-811548.70 -175752.95
-811548.70 -175823.95
-811433.70 -175823.95
-811433.70 -175894.95
-811548.70 -175894.95
-811548.70 -175965.95
-811433.70 -175965.95
-811433.70 -176036.95
-811548.70 -176036.95
-811548.70 -176107.95
-811433.70 -176107.95
-811433.70 -176178.95
-811548.70 -176178.95
-811548.70 -176249.95
-811433.70 -176249.95
-811433.70 -176320.95
-811548.70 -176320.95
-811548.70 -176391.95
-811433.70 -176391.95
-811433.70 -176462.95
-811548.70 -176462.95
-811548.70 -176533.95
-811433.70 -176533.95
-811433.70 -176604.95
-811548.70 -176604.95
-811548.70 -176675.95
-811433.70 -176675.95
-811433.70 -176746.95
-811548.70 -176746.95
-811548.70 -176817.95
-811433.70 -176817.95
-811433.70 -176888.95
-811548.70 -176888.95
-811548.70 -176959.95
-811433.70 -176959.95
-811433.70 -177030.95
-811548.70 -177030.95
-811548.70 -177101.95
-811433.70 -177101.95
-811433.70 -177172.95
-811548.70 -177172.95
-811548.70 -177243.95
-811433.70 -177243.95
-811433.70 -177314.95
-811548.70 -177314.95
-811548.70 -177385.95
-811433.70 -177385.95
-811433.70 -177456.95
-811548.70 -177456.95
-811548.70 -177527.95
-811433.70 -177527.95
-811433.70 -177598.95
-811548.70 -177598.95
-811548.70 -177669.95
-811433.70 -177669.95
-811433.70 -177740.95
-811548.70 -177740.95
-811548.70 -177811.95
-811433.70 -177811.95
-811433.70 -177882.95
-811548.70 -177882.95
-811548.70 -177953.95
-811433.70 -177953.95
-811433.70 -178024.95
-811548.70 -178024.95
-811548.70 -178095.95
-811433.70 -178095.95
-811433.70 -178166.95
-811548.70 -178166.95
-811548.70 -178237.95
-811433.70 -178237.95
-811433.70 -178308.95
-811548.70 -178308.95
-811548.70 -178379.95
-811491.20 -178379.95
-811491.20 -178404.45
31.00