-28300.00 -34515.00
-28300.00 -35017.85
-28065.00 -35282.74
-27814.85 -35564.71
-27564.75 -35846.63
-27314.67 -36128.52
-27064.56 -36410.44
-26814.46 -36692.36
-26564.35 -36974.29
-26314.22 -37256.24
-26064.43 -37537.72
-25808.67 -37827.23
-25521.64 -38130.65
-25139.35 -38434.30
-24964.64 -38573.07
-24714.54 -38771.72
-24457.52 -38975.87
-24199.86 -39180.53
-23942.19 -39385.20
-23684.51 -39589.87
-23426.84 -39794.54
-23169.18 -39999.19
-22911.50 -40203.88
-21107.87 -41636.49
-20850.10 -41841.23
-20592.40 -42045.92
-20334.73 -42250.59
-20077.05 -42455.26
-19819.38 -42659.93
-19561.80 -42864.52
-19303.17 -43070.00
-19055.68 -43266.10
-18692.63 -43561.97
-18248.40 -43830.74
-17929.12 -44001.23
-17662.38 -44143.66
-17395.61 -44286.10
-17128.87 -44428.52
-16862.17 -44570.93
-16595.44 -44713.35
-16328.67 -44855.80
-16061.94 -44998.21
-15795.24 -45140.62
-15528.46 -45283.07
-15261.72 -45425.49
-14995.03 -45567.89
-14728.30 -45710.32
-14461.52 -45852.77
-14194.79 -45995.18
-13928.09 -46137.59
-13661.37 -46280.01
-13394.59 -46422.46
-13127.84 -46564.88
-12861.16 -46707.28
-12594.44 -46849.70
-12327.65 -46992.16
-12060.92 -47134.57
-11794.14 -47277.02
-11528.12 -47419.05
-11255.63 -47564.70
-11032.51 -47682.83
-10456.99 -48009.79
-9779.21 -48223.37
-9495.98 -48311.61
-9218.83 -48397.96
-8941.68 -48484.30
-8664.53 -48570.66
-8387.39 -48657.00
-8110.23 -48743.36
-7833.08 -48829.70
-7555.93 -48916.05
-7278.78 -49002.39
-7001.63 -49088.75
-6724.48 -49175.09
-6447.34 -49261.44
-6170.18 -49347.79
-5893.03 -49434.15
-5615.88 -49520.49
-5591.06 -49528.22
-5591.06 -55615.95
30.00