-932531.50 -157719.35
-932531.50 -157743.87
-932332.50 -157777.66
-931967.27 -157839.68
-931750.63 -157876.46
-931387.02 -157938.21
-931221.71 -157966.28
-930784.99 -158040.43
-930524.72 -158084.63
-930453.70 -158096.69
-930300.48 -158122.70
-929869.22 -158195.93
-929634.79 -158235.74
-928958.91 -158350.50
-928558.72 -158418.46
-928379.69 -158448.86
-927916.93 -158527.43
-927776.72 -158551.24
-927561.95 -158587.71
-927135.49 -158660.12
-926291.77 -158803.39
-925691.87 -158905.25
-925254.09 -158979.59
-925150.05 -158997.26
-925114.06 -159003.37
-924887.19 -159041.89
-924043.91 -159185.08
-923950.00 -159201.03
-923752.19 -159234.62
-923560.98 -159267.08
-923355.63 -159301.95
-923105.86 -159344.36
-922894.08 -159380.32
-922522.18 -159443.47
-922366.29 -159469.94
-920759.52 -159742.78
-920673.30 -159757.42
-919998.34 -159872.03
-919734.12 -159916.89
-917151.20 -160355.48
-916481.15 -160469.25
-916391.08 -160484.55
-916245.16 -160509.32
-915365.48 -160658.70
-914526.57 -160801.14
-914412.11 -160820.58
-913022.25 -161056.58
-912823.47 -161090.33
-912717.78 -161108.28
-912248.77 -161187.92
-912166.31 -161201.92
-911540.49 -161308.19
-911330.18 -161343.90
-911050.96 -161391.31
-910843.40 -161426.55
-909622.38 -161633.89
-909601.70 -161637.40
-909442.39 -161664.45
-909192.55 -161706.87
-908951.25 -161747.85
-908715.53 -161787.87
-908508.25 -161823.07
-908016.66 -161906.54
-907824.59 -161939.16
-907688.09 -161962.33
-907534.88 -161988.35
-907103.62 -162061.58
-906869.18 -162101.39
-903450.27 -162681.92
-903180.34 -162727.76
-903100.40 -162741.33
-902036.32 -162922.01
-901724.89 -162974.90
-897489.95 -163694.00
-896648.23 -163836.92
-896406.94 -163877.90
-896171.22 -163917.92
-895973.28 -163951.53
-895719.03 -163994.71
-895549.79 -164023.44
-894810.49 -164148.98
-893555.40 -164362.09
-880685.65 -166547.40
-880256.06 -166620.35
-880081.92 -166649.92
-877847.16 -167029.39
-877651.60 -167062.59
-877414.39 -167102.87
-877183.86 -167142.02
-876404.39 -167274.37
-876314.39 -167289.65
-875413.03 -167442.71
-874853.13 -167537.78
-873952.86 -167690.65
-873074.34 -167839.82
-870648.01 -168251.82
-870407.57 -168292.64
-870278.41 -168314.58
-869454.50 -168454.48
-869344.73 -168473.12
-867756.20 -168742.85
-867756.20 -168865.95
-867717.13 -168865.95
-867717.13 -168936.95
-867813.70 -168936.95
-867813.70 -169007.95
-867698.70 -169007.95
-867698.70 -169078.95
-867813.70 -169078.95
-867813.70 -169149.95
-867698.70 -169149.95
-867698.70 -169220.95
-867813.70 -169220.95
-867813.70 -169291.95
-867698.70 -169291.95
-867698.70 -169362.95
-867813.70 -169362.95
-867813.70 -169433.95
-867698.70 -169433.95
-867698.70 -169504.95
-867813.70 -169504.95
-867813.70 -169575.95
-867698.70 -169575.95
-867698.70 -169646.95
-867813.70 -169646.95
-867813.70 -169717.95
-867698.70 -169717.95
-867698.70 -169788.95
-867813.70 -169788.95
-867813.70 -169859.95
-867698.70 -169859.95
-867698.70 -169930.95
-867813.70 -169930.95
-867813.70 -170001.95
-867698.70 -170001.95
-867698.70 -170072.95
-867813.70 -170072.95
-867813.70 -170143.95
-867698.70 -170143.95
-867698.70 -170214.95
-867813.70 -170214.95
-867813.70 -170285.95
-867698.70 -170285.95
-867698.70 -170356.95
-867813.70 -170356.95
-867813.70 -170427.95
-867698.70 -170427.95
-867698.70 -170498.95
-867813.70 -170498.95
-867813.70 -170569.95
-867698.70 -170569.95
-867698.70 -170640.95
-867813.70 -170640.95
-867813.70 -170711.95
-867698.70 -170711.95
-867698.70 -170782.95
-867813.70 -170782.95
-867813.70 -170853.95
-867698.70 -170853.95
-867698.70 -170924.95
-867813.70 -170924.95
-867813.70 -170995.95
-867698.70 -170995.95
-867698.70 -171066.95
-867813.70 -171066.95
-867813.70 -171137.95
-867698.70 -171137.95
-867698.70 -171208.95
-867813.70 -171208.95
-867813.70 -171279.95
-867698.70 -171279.95
-867698.70 -171350.95
-867813.70 -171350.95
-867813.70 -171421.95
-867698.70 -171421.95
-867698.70 -171492.95
-867813.70 -171492.95
-867813.70 -171563.95
-867698.70 -171563.95
-867698.70 -171634.95
-867813.70 -171634.95
-867813.70 -171705.95
-867698.70 -171705.95
-867698.70 -171776.95
-867813.70 -171776.95
-867813.70 -171847.95
-867698.70 -171847.95
-867698.70 -171918.95
-867813.70 -171918.95
-867813.70 -171989.95
-867698.70 -171989.95
-867698.70 -172060.95
-867813.70 -172060.95
-867813.70 -172131.95
-867698.70 -172131.95
-867698.70 -172202.95
-867813.70 -172202.95
-867813.70 -172273.95
-867698.70 -172273.95
-867698.70 -172344.95
-867813.70 -172344.95
-867813.70 -172415.95
-867698.70 -172415.95
-867698.70 -172486.95
-867813.70 -172486.95
-867813.70 -172557.95
-867698.70 -172557.95
-867698.70 -172628.95
-867813.70 -172628.95
-867813.70 -172699.95
-867698.70 -172699.95
-867698.70 -172770.95
-867813.70 -172770.95
-867813.70 -172841.95
-867698.70 -172841.95
-867698.70 -172912.95
-867813.70 -172912.95
-867813.70 -172983.95
-867698.70 -172983.95
-867698.70 -173054.95
-867813.70 -173054.95
-867813.70 -173125.95
-867698.70 -173125.95
-867698.70 -173196.95
-867813.70 -173196.95
-867813.70 -173267.95
-867698.70 -173267.95
-867698.70 -173338.95
-867813.70 -173338.95
-867813.70 -173409.95
-867698.70 -173409.95
-867698.70 -173480.95
-867813.70 -173480.95
-867813.70 -173551.95
-867698.70 -173551.95
-867698.70 -173622.95
-867813.70 -173622.95
-867813.70 -173693.95
-867698.70 -173693.95
-867698.70 -173764.95
-867813.70 -173764.95
-867813.70 -173835.95
-867698.70 -173835.95
-867698.70 -173906.95
-867813.70 -173906.95
-867813.70 -173977.95
-867698.70 -173977.95
-867698.70 -174048.95
-867813.70 -174048.95
-867813.70 -174119.95
-867698.70 -174119.95
-867698.70 -174190.95
-867813.70 -174190.95
-867813.70 -174261.95
-867698.70 -174261.95
-867698.70 -174332.95
-867813.70 -174332.95
-867813.70 -174403.95
-867698.70 -174403.95
-867698.70 -174474.95
-867813.70 -174474.95
-867813.70 -174545.95
-867698.70 -174545.95
-867698.70 -174616.95
-867813.70 -174616.95
-867813.70 -174687.95
-867698.70 -174687.95
-867698.70 -174758.95
-867813.70 -174758.95
-867813.70 -174829.95
-867698.70 -174829.95
-867698.70 -174900.95
-867813.70 -174900.95
-867813.70 -174971.95
-867698.70 -174971.95
-867698.70 -175042.95
-867813.70 -175042.95
-867813.70 -175113.95
-867698.70 -175113.95
-867698.70 -175184.95
-867813.70 -175184.95
-867813.70 -175255.95
-867698.70 -175255.95
-867698.70 -175326.95
-867813.70 -175326.95
-867813.70 -175397.95
-867698.70 -175397.95
-867698.70 -175468.95
-867813.70 -175468.95
-867813.70 -175539.95
-867698.70 -175539.95
-867698.70 -175610.95
-867813.70 -175610.95
-867813.70 -175681.95
-867698.70 -175681.95
-867698.70 -175752.95
-867813.70 -175752.95
-867813.70 -175823.95
-867698.70 -175823.95
-867698.70 -175894.95
-867813.70 -175894.95
-867813.70 -175965.95
-867698.70 -175965.95
-867698.70 -176036.95
-867813.70 -176036.95
-867813.70 -176107.95
-867698.70 -176107.95
-867698.70 -176178.95
-867813.70 -176178.95
-867813.70 -176249.95
-867698.70 -176249.95
-867698.70 -176320.95
-867813.70 -176320.95
-867813.70 -176391.95
-867698.70 -176391.95
-867698.70 -176462.95
-867813.70 -176462.95
-867813.70 -176533.95
-867698.70 -176533.95
-867698.70 -176604.95
-867813.70 -176604.95
-867813.70 -176675.95
-867698.70 -176675.95
-867698.70 -176746.95
-867813.70 -176746.95
-867813.70 -176817.95
-867698.70 -176817.95
-867698.70 -176888.95
-867813.70 -176888.95
-867813.70 -176959.95
-867698.70 -176959.95
-867698.70 -177030.95
-867813.70 -177030.95
-867813.70 -177101.95
-867698.70 -177101.95
-867698.70 -177172.95
-867813.70 -177172.95
-867813.70 -177243.95
-867698.70 -177243.95
-867698.70 -177314.95
-867813.70 -177314.95
-867813.70 -177385.95
-867698.70 -177385.95
-867698.70 -177456.95
-867813.70 -177456.95
-867813.70 -177527.95
-867698.70 -177527.95
-867698.70 -177598.95
-867813.70 -177598.95
-867813.70 -177669.95
-867698.70 -177669.95
-867698.70 -177740.95
-867813.70 -177740.95
-867813.70 -177811.95
-867698.70 -177811.95
-867698.70 -177882.95
-867813.70 -177882.95
-867813.70 -177953.95
-867698.70 -177953.95
-867698.70 -178024.95
-867813.70 -178024.95
-867813.70 -178095.95
-867698.70 -178095.95
-867698.70 -178166.95
-867813.70 -178166.95
-867813.70 -178237.95
-867698.70 -178237.95
-867698.70 -178308.95
-867813.70 -178308.95
-867813.70 -178379.95
-867756.20 -178379.95
-867756.20 -178404.45
31.00