-1019766.50 -157719.35
-1019766.50 -157743.87
-1019567.51 -157777.66
-1019193.15 -157841.23
-1018972.48 -157878.70
-1018487.33 -157961.08
-1018372.87 -157980.51
-1018082.95 -158029.74
-1017876.11 -158064.86
-1017799.34 -158077.90
-1017584.57 -158114.37
-1017334.74 -158156.79
-1017119.97 -158193.26
-1016870.13 -158235.68
-1016628.84 -158276.65
-1016393.11 -158316.68
-1016170.68 -158354.45
-1015928.51 -158395.57
-1015759.15 -158424.33
-1015263.10 -158508.56
-1015013.64 -158550.91
-1014675.07 -158608.41
-1014197.96 -158689.42
-1013170.95 -158863.81
-1012399.95 -158994.73
-1012391.24 -158996.20
-1011709.44 -159111.98
-1010416.65 -159331.49
-1008215.41 -159705.27
-1007035.53 -159905.62
-1004860.52 -160274.94
-1004683.61 -160304.98
-1002406.96 -160691.56
-1001791.38 -160796.08
-999506.93 -161183.99
-999367.17 -161207.72
-998589.14 -161339.83
-997463.88 -161530.90
-997163.03 -161581.99
-996504.80 -161693.76
-995835.66 -161807.38
-992505.29 -162372.88
-991861.15 -162482.26
-991852.77 -162483.68
-991799.71 -162492.69
-991502.31 -162543.19
-990165.70 -162770.15
-989354.37 -162907.91
-989204.79 -162933.31
-988529.28 -163048.02
-988361.32 -163076.54
-986237.50 -163437.16
-984746.27 -163690.38
-983687.25 -163870.20
-983058.92 -163976.89
-982518.27 -164068.70
-980258.76 -164452.37
-980186.65 -164464.61
-979258.00 -164622.30
-978214.52 -164799.48
-977959.27 -164842.82
-976397.30 -165108.05
-975655.86 -165233.95
-975010.57 -165343.52
-974029.26 -165510.15
-973661.94 -165572.52
-973447.18 -165608.99
-973197.34 -165651.41
-972982.57 -165687.88
-972732.73 -165730.30
-972517.97 -165766.77
-972268.13 -165809.19
-972053.36 -165845.66
-971803.53 -165888.08
-971588.76 -165924.55
-971338.92 -165966.97
-971124.16 -166003.44
-970874.32 -166045.86
-970659.55 -166082.33
-970409.71 -166124.76
-970194.95 -166161.22
-969945.11 -166203.65
-969730.34 -166240.11
-969480.51 -166282.54
-969265.74 -166319.00
-969015.90 -166361.43
-968801.14 -166397.90
-968551.30 -166440.32
-968383.34 -166468.84
-967440.48 -166628.94
-967336.22 -166646.64
-965437.87 -166968.99
-964817.56 -167074.32
-963931.04 -167224.85
-963782.10 -167250.14
-963776.50 -167251.09
-936270.05 -171921.74
-930638.39 -172878.01
-928502.12 -173240.75
-926196.93 -173632.18
-926005.71 -173664.65
-925800.37 -173699.52
-925550.60 -173741.93
-925338.82 -173777.89
-924966.91 -173841.04
-924811.03 -173867.51
-924331.20 -173948.98
-924331.20 -174048.95
-924360.27 -174048.95
-924360.27 -174119.95
-924273.70 -174119.95
-924273.70 -174190.95
-924388.70 -174190.95
-924388.70 -174261.95
-924273.70 -174261.95
-924273.70 -174332.95
-924388.70 -174332.95
-924388.70 -174403.95
-924273.70 -174403.95
-924273.70 -174474.95
-924388.70 -174474.95
-924388.70 -174545.95
-924273.70 -174545.95
-924273.70 -174616.95
-924388.70 -174616.95
-924388.70 -174687.95
-924273.70 -174687.95
-924273.70 -174758.95
-924388.70 -174758.95
-924388.70 -174829.95
-924273.70 -174829.95
-924273.70 -174900.95
-924388.70 -174900.95
-924388.70 -174971.95
-924273.70 -174971.95
-924273.70 -175042.95
-924388.70 -175042.95
-924388.70 -175113.95
-924273.70 -175113.95
-924273.70 -175184.95
-924388.70 -175184.95
-924388.70 -175255.95
-924273.70 -175255.95
-924273.70 -175326.95
-924388.70 -175326.95
-924388.70 -175397.95
-924273.70 -175397.95
-924273.70 -175468.95
-924388.70 -175468.95
-924388.70 -175539.95
-924273.70 -175539.95
-924273.70 -175610.95
-924388.70 -175610.95
-924388.70 -175681.95
-924273.70 -175681.95
-924273.70 -175752.95
-924388.70 -175752.95
-924388.70 -175823.95
-924273.70 -175823.95
-924273.70 -175894.95
-924388.70 -175894.95
-924388.70 -175965.95
-924273.70 -175965.95
-924273.70 -176036.95
-924388.70 -176036.95
-924388.70 -176107.95
-924273.70 -176107.95
-924273.70 -176178.95
-924388.70 -176178.95
-924388.70 -176249.95
-924273.70 -176249.95
-924273.70 -176320.95
-924388.70 -176320.95
-924388.70 -176391.95
-924273.70 -176391.95
-924273.70 -176462.95
-924388.70 -176462.95
-924388.70 -176533.95
-924273.70 -176533.95
-924273.70 -176604.95
-924388.70 -176604.95
-924388.70 -176675.95
-924273.70 -176675.95
-924273.70 -176746.95
-924388.70 -176746.95
-924388.70 -176817.95
-924273.70 -176817.95
-924273.70 -176888.95
-924388.70 -176888.95
-924388.70 -176959.95
-924273.70 -176959.95
-924273.70 -177030.95
-924388.70 -177030.95
-924388.70 -177101.95
-924273.70 -177101.95
-924273.70 -177172.95
-924388.70 -177172.95
-924388.70 -177243.95
-924273.70 -177243.95
-924273.70 -177314.95
-924388.70 -177314.95
-924388.70 -177385.95
-924273.70 -177385.95
-924273.70 -177456.95
-924388.70 -177456.95
-924388.70 -177527.95
-924273.70 -177527.95
-924273.70 -177598.95
-924388.70 -177598.95
-924388.70 -177669.95
-924273.70 -177669.95
-924273.70 -177740.95
-924388.70 -177740.95
-924388.70 -177811.95
-924273.70 -177811.95
-924273.70 -177882.95
-924388.70 -177882.95
-924388.70 -177953.95
-924273.70 -177953.95
-924273.70 -178024.95
-924388.70 -178024.95
-924388.70 -178095.95
-924273.70 -178095.95
-924273.70 -178166.95
-924388.70 -178166.95
-924388.70 -178237.95
-924273.70 -178237.95
-924273.70 -178308.95
-924388.70 -178308.95
-924388.70 -178379.95
-924331.20 -178379.95
-924331.20 -178404.45
31.00