-512130.50 -157719.35
-512130.50 -157743.87
-512329.49 -157777.66
-513458.85 -157969.43
-513810.70 -158029.17
-514420.29 -158132.68
-514420.36 -158132.69
-523480.00 -159671.04
-523944.59 -159749.93
-524874.36 -159907.80
-524874.40 -159907.81
-525338.42 -159986.60
-528125.76 -160459.90
-528126.10 -160459.96
-533468.95 -161367.18
-533469.23 -161367.23
-540236.54 -162516.33
-541572.13 -162743.12
-543259.62 -163029.66
-553679.27 -164798.94
-553679.64 -164799.00
-556308.86 -165245.45
-556799.44 -165328.75
-564364.44 -166613.30
-564368.28 -166613.96
-571697.52 -167858.47
-580077.03 -169281.33
-582483.97 -169690.04
-582486.45 -169690.46
-584808.56 -170084.76
-584808.59 -170084.76
-586896.97 -170439.37
-586897.00 -170439.38
-595111.20 -171834.17
-595111.20 -171918.95
-595133.19 -171918.95
-595133.19 -171989.95
-595053.70 -171989.95
-595053.70 -172060.95
-595168.70 -172060.95
-595168.70 -172131.95
-595053.70 -172131.95
-595053.70 -172202.95
-595168.70 -172202.95
-595168.70 -172273.95
-595053.70 -172273.95
-595053.70 -172344.95
-595168.70 -172344.95
-595168.70 -172415.95
-595053.70 -172415.95
-595053.70 -172486.95
-595168.70 -172486.95
-595168.70 -172557.95
-595053.70 -172557.95
-595053.70 -172628.95
-595168.70 -172628.95
-595168.70 -172699.95
-595053.70 -172699.95
-595053.70 -172770.95
-595168.70 -172770.95
-595168.70 -172841.95
-595053.70 -172841.95
-595053.70 -172912.95
-595168.70 -172912.95
-595168.70 -172983.95
-595053.70 -172983.95
-595053.70 -173054.95
-595168.70 -173054.95
-595168.70 -173125.95
-595053.70 -173125.95
-595053.70 -173196.95
-595168.70 -173196.95
-595168.70 -173267.95
-595053.70 -173267.95
-595053.70 -173338.95
-595168.70 -173338.95
-595168.70 -173409.95
-595053.70 -173409.95
-595053.70 -173480.95
-595168.70 -173480.95
-595168.70 -173551.95
-595053.70 -173551.95
-595053.70 -173622.95
-595168.70 -173622.95
-595168.70 -173693.95
-595053.70 -173693.95
-595053.70 -173764.95
-595168.70 -173764.95
-595168.70 -173835.95
-595053.70 -173835.95
-595053.70 -173906.95
-595168.70 -173906.95
-595168.70 -173977.95
-595053.70 -173977.95
-595053.70 -174048.95
-595168.70 -174048.95
-595168.70 -174119.95
-595053.70 -174119.95
-595053.70 -174190.95
-595168.70 -174190.95
-595168.70 -174261.95
-595053.70 -174261.95
-595053.70 -174332.95
-595168.70 -174332.95
-595168.70 -174403.95
-595053.70 -174403.95
-595053.70 -174474.95
-595168.70 -174474.95
-595168.70 -174545.95
-595053.70 -174545.95
-595053.70 -174616.95
-595168.70 -174616.95
-595168.70 -174687.95
-595053.70 -174687.95
-595053.70 -174758.95
-595168.70 -174758.95
-595168.70 -174829.95
-595053.70 -174829.95
-595053.70 -174900.95
-595168.70 -174900.95
-595168.70 -174971.95
-595053.70 -174971.95
-595053.70 -175042.95
-595168.70 -175042.95
-595168.70 -175113.95
-595053.70 -175113.95
-595053.70 -175184.95
-595168.70 -175184.95
-595168.70 -175255.95
-595053.70 -175255.95
-595053.70 -175326.95
-595168.70 -175326.95
-595168.70 -175397.95
-595053.70 -175397.95
-595053.70 -175468.95
-595168.70 -175468.95
-595168.70 -175539.95
-595053.70 -175539.95
-595053.70 -175610.95
-595168.70 -175610.95
-595168.70 -175681.95
-595053.70 -175681.95
-595053.70 -175752.95
-595168.70 -175752.95
-595168.70 -175823.95
-595053.70 -175823.95
-595053.70 -175894.95
-595168.70 -175894.95
-595168.70 -175965.95
-595053.70 -175965.95
-595053.70 -176036.95
-595168.70 -176036.95
-595168.70 -176107.95
-595053.70 -176107.95
-595053.70 -176178.95
-595168.70 -176178.95
-595168.70 -176249.95
-595053.70 -176249.95
-595053.70 -176320.95
-595168.70 -176320.95
-595168.70 -176391.95
-595053.70 -176391.95
-595053.70 -176462.95
-595168.70 -176462.95
-595168.70 -176533.95
-595053.70 -176533.95
-595053.70 -176604.95
-595168.70 -176604.95
-595168.70 -176675.95
-595053.70 -176675.95
-595053.70 -176746.95
-595168.70 -176746.95
-595168.70 -176817.95
-595053.70 -176817.95
-595053.70 -176888.95
-595168.70 -176888.95
-595168.70 -176959.95
-595053.70 -176959.95
-595053.70 -177030.95
-595168.70 -177030.95
-595168.70 -177101.95
-595053.70 -177101.95
-595053.70 -177172.95
-595168.70 -177172.95
-595168.70 -177243.95
-595053.70 -177243.95
-595053.70 -177314.95
-595168.70 -177314.95
-595168.70 -177385.95
-595053.70 -177385.95
-595053.70 -177456.95
-595168.70 -177456.95
-595168.70 -177527.95
-595053.70 -177527.95
-595053.70 -177598.95
-595168.70 -177598.95
-595168.70 -177669.95
-595053.70 -177669.95
-595053.70 -177740.95
-595168.70 -177740.95
-595168.70 -177811.95
-595053.70 -177811.95
-595053.70 -177882.95
-595168.70 -177882.95
-595168.70 -177953.95
-595053.70 -177953.95
-595053.70 -178024.95
-595168.70 -178024.95
-595168.70 -178095.95
-595053.70 -178095.95
-595053.70 -178166.95
-595168.70 -178166.95
-595168.70 -178237.95
-595053.70 -178237.95
-595053.70 -178308.95
-595168.70 -178308.95
-595168.70 -178379.95
-595111.20 -178379.95
-595111.20 -178404.45
31.00