-573314.50 -157719.35
-573314.50 -157743.87
-573513.50 -157777.66
-574442.70 -157935.44
-575572.06 -158127.21
-575924.73 -158187.09
-576582.36 -158298.76
-576827.15 -158340.33
-580819.53 -159018.24
-581760.45 -159178.01
-583879.99 -159537.91
-584199.69 -159592.20
-584199.81 -159592.22
-584664.00 -159671.04
-585128.59 -159749.93
-586522.74 -159986.66
-586522.82 -159986.67
-586987.02 -160065.49
-587451.62 -160144.38
-587683.93 -160183.83
-588148.52 -160262.72
-588611.39 -160341.31
-588611.41 -160341.32
-591768.63 -160877.42
-617710.37 -165282.38
-618348.75 -165390.78
-618348.96 -165390.82
-618812.41 -165469.51
-619899.77 -165654.15
-623458.44 -166258.42
-624587.80 -166450.18
-625098.91 -166536.97
-627049.55 -166868.19
-629963.15 -167362.93
-629963.25 -167362.95
-634791.20 -168182.74
-634791.20 -168297.95
-634753.60 -168297.95
-634753.60 -168368.95
-634848.70 -168368.95
-634848.70 -168439.95
-634733.70 -168439.95
-634733.70 -168510.95
-634848.70 -168510.95
-634848.70 -168581.95
-634733.70 -168581.95
-634733.70 -168652.95
-634848.70 -168652.95
-634848.70 -168723.95
-634733.70 -168723.95
-634733.70 -168794.95
-634848.70 -168794.95
-634848.70 -168865.95
-634733.70 -168865.95
-634733.70 -168936.95
-634848.70 -168936.95
-634848.70 -169007.95
-634733.70 -169007.95
-634733.70 -169078.95
-634848.70 -169078.95
-634848.70 -169149.95
-634733.70 -169149.95
-634733.70 -169220.95
-634848.70 -169220.95
-634848.70 -169291.95
-634733.70 -169291.95
-634733.70 -169362.95
-634848.70 -169362.95
-634848.70 -169433.95
-634733.70 -169433.95
-634733.70 -169504.95
-634848.70 -169504.95
-634848.70 -169575.95
-634733.70 -169575.95
-634733.70 -169646.95
-634848.70 -169646.95
-634848.70 -169717.95
-634733.70 -169717.95
-634733.70 -169788.95
-634848.70 -169788.95
-634848.70 -169859.95
-634733.70 -169859.95
-634733.70 -169930.95
-634848.70 -169930.95
-634848.70 -170001.95
-634733.70 -170001.95
-634733.70 -170072.95
-634848.70 -170072.95
-634848.70 -170143.95
-634733.70 -170143.95
-634733.70 -170214.95
-634848.70 -170214.95
-634848.70 -170285.95
-634733.70 -170285.95
-634733.70 -170356.95
-634848.70 -170356.95
-634848.70 -170427.95
-634733.70 -170427.95
-634733.70 -170498.95
-634848.70 -170498.95
-634848.70 -170569.95
-634733.70 -170569.95
-634733.70 -170640.95
-634848.70 -170640.95
-634848.70 -170711.95
-634733.70 -170711.95
-634733.70 -170782.95
-634848.70 -170782.95
-634848.70 -170853.95
-634733.70 -170853.95
-634733.70 -170924.95
-634848.70 -170924.95
-634848.70 -170995.95
-634733.70 -170995.95
-634733.70 -171066.95
-634848.70 -171066.95
-634848.70 -171137.95
-634733.70 -171137.95
-634733.70 -171208.95
-634848.70 -171208.95
-634848.70 -171279.95
-634733.70 -171279.95
-634733.70 -171350.95
-634848.70 -171350.95
-634848.70 -171421.95
-634733.70 -171421.95
-634733.70 -171492.95
-634848.70 -171492.95
-634848.70 -171563.95
-634733.70 -171563.95
-634733.70 -171634.95
-634848.70 -171634.95
-634848.70 -171705.95
-634733.70 -171705.95
-634733.70 -171776.95
-634848.70 -171776.95
-634848.70 -171847.95
-634733.70 -171847.95
-634733.70 -171918.95
-634848.70 -171918.95
-634848.70 -171989.95
-634733.70 -171989.95
-634733.70 -172060.95
-634848.70 -172060.95
-634848.70 -172131.95
-634733.70 -172131.95
-634733.70 -172202.95
-634848.70 -172202.95
-634848.70 -172273.95
-634733.70 -172273.95
-634733.70 -172344.95
-634848.70 -172344.95
-634848.70 -172415.95
-634733.70 -172415.95
-634733.70 -172486.95
-634848.70 -172486.95
-634848.70 -172557.95
-634733.70 -172557.95
-634733.70 -172628.95
-634848.70 -172628.95
-634848.70 -172699.95
-634733.70 -172699.95
-634733.70 -172770.95
-634848.70 -172770.95
-634848.70 -172841.95
-634733.70 -172841.95
-634733.70 -172912.95
-634848.70 -172912.95
-634848.70 -172983.95
-634733.70 -172983.95
-634733.70 -173054.95
-634848.70 -173054.95
-634848.70 -173125.95
-634733.70 -173125.95
-634733.70 -173196.95
-634848.70 -173196.95
-634848.70 -173267.95
-634733.70 -173267.95
-634733.70 -173338.95
-634848.70 -173338.95
-634848.70 -173409.95
-634733.70 -173409.95
-634733.70 -173480.95
-634848.70 -173480.95
-634848.70 -173551.95
-634733.70 -173551.95
-634733.70 -173622.95
-634848.70 -173622.95
-634848.70 -173693.95
-634733.70 -173693.95
-634733.70 -173764.95
-634848.70 -173764.95
-634848.70 -173835.95
-634733.70 -173835.95
-634733.70 -173906.95
-634848.70 -173906.95
-634848.70 -173977.95
-634733.70 -173977.95
-634733.70 -174048.95
-634848.70 -174048.95
-634848.70 -174119.95
-634733.70 -174119.95
-634733.70 -174190.95
-634848.70 -174190.95
-634848.70 -174261.95
-634733.70 -174261.95
-634733.70 -174332.95
-634848.70 -174332.95
-634848.70 -174403.95
-634733.70 -174403.95
-634733.70 -174474.95
-634848.70 -174474.95
-634848.70 -174545.95
-634733.70 -174545.95
-634733.70 -174616.95
-634848.70 -174616.95
-634848.70 -174687.95
-634733.70 -174687.95
-634733.70 -174758.95
-634848.70 -174758.95
-634848.70 -174829.95
-634733.70 -174829.95
-634733.70 -174900.95
-634848.70 -174900.95
-634848.70 -174971.95
-634733.70 -174971.95
-634733.70 -175042.95
-634848.70 -175042.95
-634848.70 -175113.95
-634733.70 -175113.95
-634733.70 -175184.95
-634848.70 -175184.95
-634848.70 -175255.95
-634733.70 -175255.95
-634733.70 -175326.95
-634848.70 -175326.95
-634848.70 -175397.95
-634733.70 -175397.95
-634733.70 -175468.95
-634848.70 -175468.95
-634848.70 -175539.95
-634733.70 -175539.95
-634733.70 -175610.95
-634848.70 -175610.95
-634848.70 -175681.95
-634733.70 -175681.95
-634733.70 -175752.95
-634848.70 -175752.95
-634848.70 -175823.95
-634733.70 -175823.95
-634733.70 -175894.95
-634848.70 -175894.95
-634848.70 -175965.95
-634733.70 -175965.95
-634733.70 -176036.95
-634848.70 -176036.95
-634848.70 -176107.95
-634733.70 -176107.95
-634733.70 -176178.95
-634848.70 -176178.95
-634848.70 -176249.95
-634733.70 -176249.95
-634733.70 -176320.95
-634848.70 -176320.95
-634848.70 -176391.95
-634733.70 -176391.95
-634733.70 -176462.95
-634848.70 -176462.95
-634848.70 -176533.95
-634733.70 -176533.95
-634733.70 -176604.95
-634848.70 -176604.95
-634848.70 -176675.95
-634733.70 -176675.95
-634733.70 -176746.95
-634848.70 -176746.95
-634848.70 -176817.95
-634733.70 -176817.95
-634733.70 -176888.95
-634848.70 -176888.95
-634848.70 -176959.95
-634733.70 -176959.95
-634733.70 -177030.95
-634848.70 -177030.95
-634848.70 -177101.95
-634733.70 -177101.95
-634733.70 -177172.95
-634848.70 -177172.95
-634848.70 -177243.95
-634733.70 -177243.95
-634733.70 -177314.95
-634848.70 -177314.95
-634848.70 -177385.95
-634733.70 -177385.95
-634733.70 -177456.95
-634848.70 -177456.95
-634848.70 -177527.95
-634733.70 -177527.95
-634733.70 -177598.95
-634848.70 -177598.95
-634848.70 -177669.95
-634733.70 -177669.95
-634733.70 -177740.95
-634848.70 -177740.95
-634848.70 -177811.95
-634733.70 -177811.95
-634733.70 -177882.95
-634848.70 -177882.95
-634848.70 -177953.95
-634733.70 -177953.95
-634733.70 -178024.95
-634848.70 -178024.95
-634848.70 -178095.95
-634733.70 -178095.95
-634733.70 -178166.95
-634848.70 -178166.95
-634848.70 -178237.95
-634733.70 -178237.95
-634733.70 -178308.95
-634848.70 -178308.95
-634848.70 -178379.95
-634791.20 -178379.95
-634791.20 -178404.45
31.00