-717431.50 -157719.35
-717431.50 -157743.87
-717630.49 -157777.66
-718029.66 -157845.44
-718215.74 -157877.04
-718631.94 -157947.71
-718835.37 -157982.25
-719258.74 -158054.14
-719409.42 -158079.73
-719651.78 -158120.88
-719875.68 -158158.90
-720073.61 -158192.51
-720327.87 -158235.68
-720495.83 -158264.20
-721312.01 -158402.79
-721899.79 -158502.60
-721962.90 -158513.31
-722077.36 -158532.75
-722592.94 -158620.29
-722720.78 -158642.00
-722890.37 -158670.80
-723225.14 -158727.64
-723447.79 -158765.45
-724267.43 -158904.62
-724509.31 -158945.70
-724677.26 -158974.22
-726247.85 -159240.90
-726272.09 -159245.02
-726763.84 -159328.52
-727102.99 -159386.11
-727905.87 -159522.44
-728256.20 -159581.93
-728256.20 -159706.95
-728293.25 -159706.95
-728293.25 -159777.95
-728198.70 -159777.95
-728198.70 -159848.95
-728313.70 -159848.95
-728313.70 -159919.95
-728198.70 -159919.95
-728198.70 -159990.95
-728313.70 -159990.95
-728313.70 -160061.95
-728198.70 -160061.95
-728198.70 -160132.95
-728313.70 -160132.95
-728313.70 -160203.95
-728198.70 -160203.95
-728198.70 -160274.95
-728313.70 -160274.95
-728313.70 -160345.95
-728198.70 -160345.95
-728198.70 -160416.95
-728313.70 -160416.95
-728313.70 -160487.95
-728198.70 -160487.95
-728198.70 -160558.95
-728313.70 -160558.95
-728313.70 -160629.95
-728198.70 -160629.95
-728198.70 -160700.95
-728313.70 -160700.95
-728313.70 -160771.95
-728198.70 -160771.95
-728198.70 -160842.95
-728313.70 -160842.95
-728313.70 -160913.95
-728198.70 -160913.95
-728198.70 -160984.95
-728313.70 -160984.95
-728313.70 -161055.95
-728198.70 -161055.95
-728198.70 -161126.95
-728313.70 -161126.95
-728313.70 -161197.95
-728198.70 -161197.95
-728198.70 -161268.95
-728313.70 -161268.95
-728313.70 -161339.95
-728198.70 -161339.95
-728198.70 -161410.95
-728313.70 -161410.95
-728313.70 -161481.95
-728198.70 -161481.95
-728198.70 -161552.95
-728313.70 -161552.95
-728313.70 -161623.95
-728198.70 -161623.95
-728198.70 -161694.95
-728313.70 -161694.95
-728313.70 -161765.95
-728198.70 -161765.95
-728198.70 -161836.95
-728313.70 -161836.95
-728313.70 -161907.95
-728198.70 -161907.95
-728198.70 -161978.95
-728313.70 -161978.95
-728313.70 -162049.95
-728198.70 -162049.95
-728198.70 -162120.95
-728313.70 -162120.95
-728313.70 -162191.95
-728198.70 -162191.95
-728198.70 -162262.95
-728313.70 -162262.95
-728313.70 -162333.95
-728198.70 -162333.95
-728198.70 -162404.95
-728313.70 -162404.95
-728313.70 -162475.95
-728198.70 -162475.95
-728198.70 -162546.95
-728313.70 -162546.95
-728313.70 -162617.95
-728198.70 -162617.95
-728198.70 -162688.95
-728313.70 -162688.95
-728313.70 -162759.95
-728198.70 -162759.95
-728198.70 -162830.95
-728313.70 -162830.95
-728313.70 -162901.95
-728198.70 -162901.95
-728198.70 -162972.95
-728313.70 -162972.95
-728313.70 -163043.95
-728198.70 -163043.95
-728198.70 -163114.95
-728313.70 -163114.95
-728313.70 -163185.95
-728198.70 -163185.95
-728198.70 -163256.95
-728313.70 -163256.95
-728313.70 -163327.95
-728198.70 -163327.95
-728198.70 -163398.95
-728313.70 -163398.95
-728313.70 -163469.95
-728198.70 -163469.95
-728198.70 -163540.95
-728313.70 -163540.95
-728313.70 -163611.95
-728198.70 -163611.95
-728198.70 -163682.95
-728313.70 -163682.95
-728313.70 -163753.95
-728198.70 -163753.95
-728198.70 -163824.95
-728313.70 -163824.95
-728313.70 -163895.95
-728198.70 -163895.95
-728198.70 -163966.95
-728313.70 -163966.95
-728313.70 -164037.95
-728198.70 -164037.95
-728198.70 -164108.95
-728313.70 -164108.95
-728313.70 -164179.95
-728198.70 -164179.95
-728198.70 -164250.95
-728313.70 -164250.95
-728313.70 -164321.95
-728198.70 -164321.95
-728198.70 -164392.95
-728313.70 -164392.95
-728313.70 -164463.95
-728198.70 -164463.95
-728198.70 -164534.95
-728313.70 -164534.95
-728313.70 -164605.95
-728198.70 -164605.95
-728198.70 -164676.95
-728313.70 -164676.95
-728313.70 -164747.95
-728198.70 -164747.95
-728198.70 -164818.95
-728313.70 -164818.95
-728313.70 -164889.95
-728198.70 -164889.95
-728198.70 -164960.95
-728313.70 -164960.95
-728313.70 -165031.95
-728198.70 -165031.95
-728198.70 -165102.95
-728313.70 -165102.95
-728313.70 -165173.95
-728198.70 -165173.95
-728198.70 -165244.95
-728313.70 -165244.95
-728313.70 -165315.95
-728198.70 -165315.95
-728198.70 -165386.95
-728313.70 -165386.95
-728313.70 -165457.95
-728198.70 -165457.95
-728198.70 -165528.95
-728313.70 -165528.95
-728313.70 -165599.95
-728198.70 -165599.95
-728198.70 -165670.95
-728313.70 -165670.95
-728313.70 -165741.95
-728198.70 -165741.95
-728198.70 -165812.95
-728313.70 -165812.95
-728313.70 -165883.95
-728198.70 -165883.95
-728198.70 -165954.95
-728313.70 -165954.95
-728313.70 -166025.95
-728198.70 -166025.95
-728198.70 -166096.95
-728313.70 -166096.95
-728313.70 -166167.95
-728198.70 -166167.95
-728198.70 -166238.95
-728313.70 -166238.95
-728313.70 -166309.95
-728198.70 -166309.95
-728198.70 -166380.95
-728313.70 -166380.95
-728313.70 -166451.95
-728198.70 -166451.95
-728198.70 -166522.95
-728313.70 -166522.95
-728313.70 -166593.95
-728198.70 -166593.95
-728198.70 -166664.95
-728313.70 -166664.95
-728313.70 -166735.95
-728198.70 -166735.95
-728198.70 -166806.95
-728313.70 -166806.95
-728313.70 -166877.95
-728198.70 -166877.95
-728198.70 -166948.95
-728313.70 -166948.95
-728313.70 -167019.95
-728198.70 -167019.95
-728198.70 -167090.95
-728313.70 -167090.95
-728313.70 -167161.95
-728198.70 -167161.95
-728198.70 -167232.95
-728313.70 -167232.95
-728313.70 -167303.95
-728198.70 -167303.95
-728198.70 -167374.95
-728313.70 -167374.95
-728313.70 -167445.95
-728198.70 -167445.95
-728198.70 -167516.95
-728313.70 -167516.95
-728313.70 -167587.95
-728198.70 -167587.95
-728198.70 -167658.95
-728313.70 -167658.95
-728313.70 -167729.95
-728198.70 -167729.95
-728198.70 -167800.95
-728313.70 -167800.95
-728313.70 -167871.95
-728198.70 -167871.95
-728198.70 -167942.95
-728313.70 -167942.95
-728313.70 -168013.95
-728198.70 -168013.95
-728198.70 -168084.95
-728313.70 -168084.95
-728313.70 -168155.95
-728198.70 -168155.95
-728198.70 -168226.95
-728313.70 -168226.95
-728313.70 -168297.95
-728198.70 -168297.95
-728198.70 -168368.95
-728313.70 -168368.95
-728313.70 -168439.95
-728198.70 -168439.95
-728198.70 -168510.95
-728313.70 -168510.95
-728313.70 -168581.95
-728198.70 -168581.95
-728198.70 -168652.95
-728313.70 -168652.95
-728313.70 -168723.95
-728198.70 -168723.95
-728198.70 -168794.95
-728313.70 -168794.95
-728313.70 -168865.95
-728198.70 -168865.95
-728198.70 -168936.95
-728313.70 -168936.95
-728313.70 -169007.95
-728198.70 -169007.95
-728198.70 -169078.95
-728313.70 -169078.95
-728313.70 -169149.95
-728198.70 -169149.95
-728198.70 -169220.95
-728313.70 -169220.95
-728313.70 -169291.95
-728198.70 -169291.95
-728198.70 -169362.95
-728313.70 -169362.95
-728313.70 -169433.95
-728198.70 -169433.95
-728198.70 -169504.95
-728313.70 -169504.95
-728313.70 -169575.95
-728198.70 -169575.95
-728198.70 -169646.95
-728313.70 -169646.95
-728313.70 -169717.95
-728198.70 -169717.95
-728198.70 -169788.95
-728313.70 -169788.95
-728313.70 -169859.95
-728198.70 -169859.95
-728198.70 -169930.95
-728313.70 -169930.95
-728313.70 -170001.95
-728198.70 -170001.95
-728198.70 -170072.95
-728313.70 -170072.95
-728313.70 -170143.95
-728198.70 -170143.95
-728198.70 -170214.95
-728313.70 -170214.95
-728313.70 -170285.95
-728198.70 -170285.95
-728198.70 -170356.95
-728313.70 -170356.95
-728313.70 -170427.95
-728198.70 -170427.95
-728198.70 -170498.95
-728313.70 -170498.95
-728313.70 -170569.95
-728198.70 -170569.95
-728198.70 -170640.95
-728313.70 -170640.95
-728313.70 -170711.95
-728198.70 -170711.95
-728198.70 -170782.95
-728313.70 -170782.95
-728313.70 -170853.95
-728198.70 -170853.95
-728198.70 -170924.95
-728313.70 -170924.95
-728313.70 -170995.95
-728198.70 -170995.95
-728198.70 -171066.95
-728313.70 -171066.95
-728313.70 -171137.95
-728198.70 -171137.95
-728198.70 -171208.95
-728313.70 -171208.95
-728313.70 -171279.95
-728198.70 -171279.95
-728198.70 -171350.95
-728313.70 -171350.95
-728313.70 -171421.95
-728198.70 -171421.95
-728198.70 -171492.95
-728313.70 -171492.95
-728313.70 -171563.95
-728198.70 -171563.95
-728198.70 -171634.95
-728313.70 -171634.95
-728313.70 -171705.95
-728198.70 -171705.95
-728198.70 -171776.95
-728313.70 -171776.95
-728313.70 -171847.95
-728198.70 -171847.95
-728198.70 -171918.95
-728313.70 -171918.95
-728313.70 -171989.95
-728198.70 -171989.95
-728198.70 -172060.95
-728313.70 -172060.95
-728313.70 -172131.95
-728198.70 -172131.95
-728198.70 -172202.95
-728313.70 -172202.95
-728313.70 -172273.95
-728198.70 -172273.95
-728198.70 -172344.95
-728313.70 -172344.95
-728313.70 -172415.95
-728198.70 -172415.95
-728198.70 -172486.95
-728313.70 -172486.95
-728313.70 -172557.95
-728198.70 -172557.95
-728198.70 -172628.95
-728313.70 -172628.95
-728313.70 -172699.95
-728198.70 -172699.95
-728198.70 -172770.95
-728313.70 -172770.95
-728313.70 -172841.95
-728198.70 -172841.95
-728198.70 -172912.95
-728313.70 -172912.95
-728313.70 -172983.95
-728198.70 -172983.95
-728198.70 -173054.95
-728313.70 -173054.95
-728313.70 -173125.95
-728198.70 -173125.95
-728198.70 -173196.95
-728313.70 -173196.95
-728313.70 -173267.95
-728198.70 -173267.95
-728198.70 -173338.95
-728313.70 -173338.95
-728313.70 -173409.95
-728198.70 -173409.95
-728198.70 -173480.95
-728313.70 -173480.95
-728313.70 -173551.95
-728198.70 -173551.95
-728198.70 -173622.95
-728313.70 -173622.95
-728313.70 -173693.95
-728198.70 -173693.95
-728198.70 -173764.95
-728313.70 -173764.95
-728313.70 -173835.95
-728198.70 -173835.95
-728198.70 -173906.95
-728313.70 -173906.95
-728313.70 -173977.95
-728198.70 -173977.95
-728198.70 -174048.95
-728313.70 -174048.95
-728313.70 -174119.95
-728198.70 -174119.95
-728198.70 -174190.95
-728313.70 -174190.95
-728313.70 -174261.95
-728198.70 -174261.95
-728198.70 -174332.95
-728313.70 -174332.95
-728313.70 -174403.95
-728198.70 -174403.95
-728198.70 -174474.95
-728313.70 -174474.95
-728313.70 -174545.95
-728198.70 -174545.95
-728198.70 -174616.95
-728313.70 -174616.95
-728313.70 -174687.95
-728198.70 -174687.95
-728198.70 -174758.95
-728313.70 -174758.95
-728313.70 -174829.95
-728198.70 -174829.95
-728198.70 -174900.95
-728313.70 -174900.95
-728313.70 -174971.95
-728198.70 -174971.95
-728198.70 -175042.95
-728313.70 -175042.95
-728313.70 -175113.95
-728198.70 -175113.95
-728198.70 -175184.95
-728313.70 -175184.95
-728313.70 -175255.95
-728198.70 -175255.95
-728198.70 -175326.95
-728313.70 -175326.95
-728313.70 -175397.95
-728198.70 -175397.95
-728198.70 -175468.95
-728313.70 -175468.95
-728313.70 -175539.95
-728198.70 -175539.95
-728198.70 -175610.95
-728313.70 -175610.95
-728313.70 -175681.95
-728198.70 -175681.95
-728198.70 -175752.95
-728313.70 -175752.95
-728313.70 -175823.95
-728198.70 -175823.95
-728198.70 -175894.95
-728313.70 -175894.95
-728313.70 -175965.95
-728198.70 -175965.95
-728198.70 -176036.95
-728313.70 -176036.95
-728313.70 -176107.95
-728198.70 -176107.95
-728198.70 -176178.95
-728313.70 -176178.95
-728313.70 -176249.95
-728198.70 -176249.95
-728198.70 -176320.95
-728313.70 -176320.95
-728313.70 -176391.95
-728198.70 -176391.95
-728198.70 -176462.95
-728313.70 -176462.95
-728313.70 -176533.95
-728198.70 -176533.95
-728198.70 -176604.95
-728313.70 -176604.95
-728313.70 -176675.95
-728198.70 -176675.95
-728198.70 -176746.95
-728313.70 -176746.95
-728313.70 -176817.95
-728198.70 -176817.95
-728198.70 -176888.95
-728313.70 -176888.95
-728313.70 -176959.95
-728198.70 -176959.95
-728198.70 -177030.95
-728313.70 -177030.95
-728313.70 -177101.95
-728198.70 -177101.95
-728198.70 -177172.95
-728313.70 -177172.95
-728313.70 -177243.95
-728198.70 -177243.95
-728198.70 -177314.95
-728313.70 -177314.95
-728313.70 -177385.95
-728198.70 -177385.95
-728198.70 -177456.95
-728313.70 -177456.95
-728313.70 -177527.95
-728198.70 -177527.95
-728198.70 -177598.95
-728313.70 -177598.95
-728313.70 -177669.95
-728198.70 -177669.95
-728198.70 -177740.95
-728313.70 -177740.95
-728313.70 -177811.95
-728198.70 -177811.95
-728198.70 -177882.95
-728313.70 -177882.95
-728313.70 -177953.95
-728198.70 -177953.95
-728198.70 -178024.95
-728313.70 -178024.95
-728313.70 -178095.95
-728198.70 -178095.95
-728198.70 -178166.95
-728313.70 -178166.95
-728313.70 -178237.95
-728198.70 -178237.95
-728198.70 -178308.95
-728313.70 -178308.95
-728313.70 -178379.95
-728256.20 -178379.95
-728256.20 -178404.45
31.00