-424567.10 -148031.95
-424567.10 -148357.29
-424850.10 -148591.49
-424977.84 -148720.91
-425192.10 -148903.46
-425407.08 -149087.86
-425699.31 -149315.68
-425826.61 -149445.44
-426050.08 -149624.83
-426269.74 -149800.15
-426556.78 -150007.12
-426686.07 -150131.02
-426984.35 -150346.24
-427116.56 -150471.46
-427359.06 -150640.13
-427585.25 -150798.97
-427864.83 -150974.34
-427985.26 -151076.12
-428223.39 -151241.74
-428452.68 -151402.76
-428726.19 -151574.34
-428843.71 -151673.65
-429087.70 -151843.35
-429320.11 -152006.56
-429587.54 -152174.31
-429702.14 -152271.17
-429952.04 -152444.97
-430187.53 -152610.35
-430448.90 -152774.31
-430560.60 -152868.70
-430816.35 -153046.58
-431054.97 -153214.16
-431310.27 -153374.30
-431419.04 -153466.22
-431680.67 -153648.19
-431922.39 -153817.94
-432171.61 -153974.28
-432277.51 -154063.78
-432544.60 -154249.52
-432794.33 -154425.16
-433072.31 -154596.39
-433205.55 -154697.35
-433487.57 -154870.53
-433716.02 -155011.30
-433945.58 -155147.60
-434204.96 -155301.90
-434434.92 -155421.80
-434531.96 -155492.65
-434822.84 -155663.47
-435081.62 -155817.75
-435323.65 -155944.15
-435443.96 -156028.18
-435759.55 -156199.98
-435979.93 -156319.97
-436194.83 -156436.80
-436462.54 -156584.46
-436675.07 -156686.16
-436782.45 -156759.37
-437122.31 -156934.81
-437343.60 -157049.05
-437558.24 -157159.68
-437833.72 -157303.94
-438033.06 -157393.77
-438114.30 -157446.89
-438446.20 -157618.20
-438667.51 -157732.46
-438881.57 -157842.80
-439162.64 -157989.98
-439351.43 -158075.06
-439427.27 -158124.64
-439770.04 -158301.58
-439991.39 -158415.87
-440205.41 -158526.19
-440487.35 -158673.66
-440730.06 -158784.16
-440888.51 -158876.93
-441272.28 -159043.68
-441495.42 -159140.62
-441718.28 -159237.44
-441942.48 -159334.88
-442155.93 -159427.40
-442458.41 -159561.29
-442623.45 -159622.28
-442689.53 -159659.38
-443072.11 -159823.30
-443295.38 -159918.94
-443518.41 -160014.49
-443742.89 -160110.70
-443956.33 -160201.94
-444259.55 -160334.12
-444494.32 -160420.83
-444672.10 -160507.90
-445110.02 -160657.77
-445336.05 -160735.14
-445562.18 -160812.54
-445788.15 -160889.87
-446014.17 -160967.24
-446240.34 -161044.65
-446466.04 -161121.89
-446694.05 -161199.98
-446905.45 -161272.07
-447238.52 -161389.08
-447571.77 -161481.79
-447832.24 -161569.94
-448292.33 -161668.10
-448523.23 -161717.36
-449215.18 -161864.99
-449445.88 -161914.21
-449676.26 -161963.35
-449908.57 -162012.95
-450128.71 -162059.73
-450425.16 -162124.53
-450757.60 -162184.70
-451028.26 -162230.96
-451174.52 -162254.82
-451507.77 -162325.00
-451920.54 -162373.36
-474429.50 -166195.43
-475964.08 -166456.01
-475964.61 -166456.09
-477816.73 -166770.59
-477821.99 -166771.48
-480800.17 -167277.18
-480859.75 -167287.30
-481709.05 -167431.51
-484464.85 -167899.45
-484657.89 -167932.23
-492455.40 -169256.27
-492456.36 -169256.43
-496617.89 -169963.07
-496665.01 -169971.07
-498029.46 -170202.75
-498029.87 -170202.82
-511972.37 -172570.29
-511976.57 -172571.00
-521028.57 -174108.05
-525674.03 -174896.86
-525675.24 -174897.06
-531016.98 -175804.10
-531017.52 -175804.19
-538381.20 -177054.56
-538381.20 -177456.95
-538426.00 -177456.95
-538426.00 -177527.95
-538323.70 -177527.95
-538323.70 -177598.95
-538438.70 -177598.95
-538438.70 -177669.95
-538323.70 -177669.95
-538323.70 -177740.95
-538438.70 -177740.95
-538438.70 -177811.95
-538323.70 -177811.95
-538323.70 -177882.95
-538438.70 -177882.95
-538438.70 -177953.95
-538323.70 -177953.95
-538323.70 -178024.95
-538438.70 -178024.95
-538438.70 -178095.95
-538323.70 -178095.95
-538323.70 -178166.95
-538438.70 -178166.95
-538438.70 -178237.95
-538323.70 -178237.95
-538323.70 -178308.95
-538438.70 -178308.95
-538438.70 -178379.95
-538381.20 -178379.95
-538381.20 -178404.45
31.00