-31146.59 4246.57
-31146.59 192.04
-31146.69 188.38
-31147.06 171.53
-31147.32 154.62
-31147.47 137.76
-31147.52 120.91
-31147.47 104.06
-31147.32 87.20
-31147.06 70.29
-31146.69 53.44
-31146.23 36.59
-31145.66 19.74
-31144.99 2.90
-31144.21 -13.99
-31143.33 -30.82
-31142.35 -47.65
-31141.26 -64.48
-31140.08 -81.28
-31138.78 -98.15
-31137.38 -114.95
-31135.88 -131.74
-31134.28 -148.53
-31132.58 -165.24
-31130.78 -182.07
-31128.85 -198.88
-31126.85 -215.56
-31124.74 -232.28
-31122.52 -249.00
-31120.20 -265.71
-31117.77 -282.46
-31115.24 -299.14
-31112.62 -315.74
-31109.89 -332.39
-31107.06 -349.01
-31104.12 -365.64
-31101.07 -382.28
-31097.94 -398.81
-31094.71 -415.32
-31091.36 -431.91
-31087.91 -448.44
-31084.38 -464.87
-31080.73 -481.36
-31076.98 -497.83
-31073.14 -514.20
-31069.19 -530.61
-31065.14 -547.01
-31061.00 -563.33
-31056.75 -579.66
-31052.39 -595.99
-31047.94 -612.24
-31043.41 -628.45
-31038.75 -644.69
-31033.99 -660.91
-31029.15 -677.03
-31024.22 -693.13
-31019.18 -709.21
-31014.03 -725.32
-31008.78 -741.34
-31003.45 -757.34
-30997.99 -773.34
-30992.47 -789.24
-30986.83 -805.15
-30981.10 -821.02
-30975.29 -836.77
-30969.38 -852.57
-30963.33 -868.39
-30957.21 -884.11
-30950.99 -899.80
-30944.69 -915.39
-30938.28 -931.02
-30931.77 -946.58
-30925.20 -962.06
-30918.50 -977.57
-30911.70 -993.04
-30904.80 -1008.47
-30897.84 -1023.77
-30890.78 -1039.07
-30883.59 -1054.39
-30876.34 -1069.59
-30869.01 -1084.74
-30861.56 -1099.88
-30854.03 -1114.97
-30846.39 -1130.03
-30838.66 -1145.03
-30830.85 -1159.98
-30822.94 -1174.88
-30814.94 -1189.73
-30806.85 -1204.53
-30798.70 -1219.24
-30790.42 -1233.97
-30782.04 -1248.64
-30773.60 -1263.24
-30765.06 -1277.77
-30756.47 -1292.21
-30747.74 -1306.69
-30738.90 -1321.13
-30730.01 -1335.44
-30721.05 -1349.70
-30711.99 -1363.90
-30702.86 -1378.05
-30693.58 -1392.22
-30684.27 -1406.24
-30674.85 -1420.24
-30665.33 -1434.20
-30655.77 -1448.05
-30646.10 -1461.86
-30636.37 -1475.60
-30626.52 -1489.32
-30616.57 -1503.00
-30606.56 -1516.58
-30596.47 -1530.10
-30586.31 -1543.52
-30576.07 -1556.91
-30565.72 -1570.24
-30555.34 -1583.47
-30544.80 -1596.72
-30534.23 -1609.85
-30523.57 -1622.92
-30512.83 -1635.92
-30502.01 -1648.86
-30491.08 -1661.77
-30480.11 -1674.56
-30469.09 -1687.26
-30457.96 -1699.93
-30446.75 -1712.53
-30435.47 -1725.06
-30424.08 -1737.55
-30412.61 -1749.97
-30401.10 -1762.28
-30389.54 -1774.49
-30377.87 -1786.67
-30366.14 -1798.78
-30354.30 -1810.84
-30342.41 -1822.79
-30330.46 -1834.68
-30318.40 -1846.52
-30306.29 -1858.25
-30294.11 -1869.92
-30281.90 -1881.48
-30269.59 -1892.99
-30257.17 -1904.46
-30244.68 -1915.85
-30232.15 -1927.13
-30219.55 -1938.34
-30206.88 -1949.47
-30194.18 -1960.49
-30181.39 -1971.46
-30168.48 -1982.39
-30155.54 -1993.21
-30142.54 -2003.95
-30129.47 -2014.61
-30116.34 -2025.18
-30103.09 -2035.72
-30089.86 -2046.10
-30076.53 -2056.45
-30063.14 -2066.69
-30049.72 -2076.85
-30036.20 -2086.94
-30022.62 -2096.95
-30008.94 -2106.90
-29995.22 -2116.75
-29981.48 -2126.48
-29967.67 -2136.15
-29953.82 -2145.71
-29939.86 -2155.23
-29925.86 -2164.65
-29911.84 -2173.96
-29897.67 -2183.24
-29883.52 -2192.37
-29869.32 -2201.43
-29855.06 -2210.39
-29840.75 -2219.28
-29826.31 -2228.12
-29811.83 -2236.85
-29797.39 -2245.44
-29782.86 -2253.98
-29768.26 -2262.42
-29753.59 -2270.80
-29738.86 -2279.08
-29724.15 -2287.23
-29709.35 -2295.32
-29694.50 -2303.32
-29679.60 -2311.23
-29664.65 -2319.04
-29649.65 -2326.77
-29634.59 -2334.41
-29619.50 -2341.94
-29604.36 -2349.39
-29589.21 -2356.72
-29574.01 -2363.97
-29558.69 -2371.16
-29543.39 -2378.22
-29528.09 -2385.18
-29512.66 -2392.08
-29497.19 -2398.88
-29481.68 -2405.58
-29466.20 -2412.15
-29450.64 -2418.66
-29435.01 -2425.07
-29419.42 -2431.37
-29403.73 -2437.59
-29388.01 -2443.71
-29384.63 -2445.00
-29384.63 -4524.34
3
