25095.00 -36285.00
25095.00 -37636.91
24860.00 -37823.57
24602.67 -38027.97
24344.87 -38232.73
24086.99 -38437.57
23829.30 -38642.25
23571.62 -38846.92
23313.95 -39051.59
23056.27 -39256.26
22798.61 -39460.92
22540.92 -39665.61
22091.54 -40022.55
21250.69 -40690.44
20995.22 -40893.35
20737.35 -41098.18
20479.49 -41302.99
20221.83 -41507.65
19706.49 -41916.99
19448.82 -42121.65
19191.17 -42326.29
18933.01 -42531.39
18680.74 -42731.39
18366.14 -42986.29
17981.36 -43234.24
17658.16 -43406.82
17391.43 -43549.23
17124.71 -43691.65
16857.98 -43834.07
16591.22 -43976.52
16324.48 -44118.93
16057.78 -44261.34
15791.06 -44403.76
15524.28 -44546.21
15257.54 -44688.63
14990.84 -44831.04
14724.11 -44973.46
14457.34 -45115.91
14190.60 -45258.33
13923.91 -45400.73
13657.17 -45543.16
13390.40 -45685.60
13123.66 -45828.02
12856.97 -45970.43
12590.20 -46112.87
12323.46 -46255.29
12056.77 -46397.69
11790.04 -46540.12
11523.20 -46682.60
11256.98 -46824.73
10986.38 -46969.35
10749.34 -47095.04
10269.33 -47364.82
9671.29 -47574.11
9339.62 -47677.44
9062.47 -47763.79
8785.32 -47850.13
8508.17 -47936.49
8231.02 -48022.83
7953.88 -48109.18
7676.72 -48195.53
7399.58 -48281.88
7122.43 -48368.22
6845.28 -48454.58
6568.13 -48540.92
6290.99 -48627.27
6013.83 -48713.62
5736.68 -48799.98
5459.53 -48886.32
5268.94 -48945.70
5268.94 -55615.95
30.00