-708514.42 -156850.51
-710031.50 -156850.51
-710031.50 -156910.51
-710021.09 -157505.50
-710021.09 -157603.15
-710064.35 -157653.14
-710064.35 -157796.56
-710053.94 -158391.55
-710053.94 -158443.42
-710097.21 -158493.41
-710097.21 -158682.61
-710086.80 -159277.60
-710086.80 -159283.71
-710130.06 -159333.70
-710130.06 -159568.66
-710120.33 -160124.75
-710162.92 -160173.95
-710162.92 -160454.71
-710153.98 -160965.92
-710195.78 -161014.22
-710195.78 -161340.76
-710187.61 -161807.10
-710228.63 -161854.49
-710228.63 -162230.77
-710211.68 -162825.76
-710211.68 -162870.04
-710220.13 -162920.03
-710220.13 -163214.41
-710069.86 -163784.29
-710071.68 -163795.05
-710071.68 -164114.96
-709923.24 -164677.95
-709923.24 -165015.52
-709774.80 -165578.51
-709774.80 -165916.08
-709626.36 -166479.07
-709626.36 -166816.63
-709477.92 -167379.62
-709477.92 -167717.19
-709329.48 -168280.18
-709329.48 -168617.75
-709181.04 -169180.74
-709181.04 -169518.32
-709032.59 -170081.31
-709032.59 -170418.86
-708876.33 -171011.51
-708876.33 -171480.51
-708486.63 -172351.53
-708453.66 -172546.82
-708129.40 -173271.55
-708096.44 -173466.82
-707772.14 -174191.66
-707739.17 -174386.92
-707414.90 -175111.71
-707381.93 -175307.00
-707057.67 -176031.72
-707024.71 -176226.99
-706700.41 -176951.84
-706667.44 -177147.10
-706343.17 -177871.88
-706310.19 -178067.20
-705987.05 -178789.41
-705937.47 -179086.58
-705134.69 -180588.47
-704660.64 -181242.78
-704573.79 -181449.75
-704039.66 -182186.99
-703952.80 -182393.95
-703418.67 -183131.19
-703331.82 -183338.16
-702797.69 -184075.40
-702710.83 -184282.37
-702176.65 -185019.67
-702089.80 -185226.61
-701555.41 -185964.23
-701471.35 -186164.37
-700731.28 -187194.35
-700367.30 -187742.19
-699461.22 -188563.11
-699298.65 -188780.33
-698472.01 -189529.28
-698309.39 -189746.58
-697482.76 -190495.51
-697320.25 -190712.65
-696493.54 -191461.66
-696331.01 -191678.83
-695504.07 -192428.05
-695343.69 -192642.29
-694397.08 -193502.78
-693887.64 -194089.27
-692217.96 -195061.57
-691933.76 -195286.79
-690630.22 -196045.88
-690345.92 -196271.19
-689042.07 -197030.45
-688758.01 -197255.58
-687461.57 -198010.40
-687106.24 -198294.02
-686198.04 -198779.47
-683837.55 -199786.26
-681440.44 -200574.91
-680843.84 -200811.96
-680247.02 -200993.00
-680247.02 -209773.70
30.00