-788175.50 -157719.35
-788175.50 -157743.87
-787976.50 -157777.66
-787744.20 -157817.11
-787357.44 -157882.78
-787147.45 -157918.44
-786463.81 -158034.52
-786375.85 -158049.45
-786132.95 -158090.70
-785942.53 -158123.03
-785511.43 -158196.23
-785343.51 -158224.75
-785007.64 -158281.78
-784827.04 -158312.45
-784332.12 -158396.48
-784071.88 -158440.67
-783894.90 -158470.73
-783653.02 -158511.80
-783411.72 -158552.77
-783176.00 -158592.80
-782982.33 -158625.68
-782376.06 -158728.63
-782338.33 -158735.03
-781748.82 -158835.13
-780695.06 -159014.07
-780557.82 -159037.37
-780473.49 -159051.69
-779331.56 -159245.59
-777566.80 -159545.25
-777334.36 -159584.72
-776061.39 -159800.87
-775987.18 -159813.47
-775767.32 -159850.80
-775766.82 -159850.89
-774984.26 -159983.77
-774602.07 -160048.67
-774136.20 -160127.77
-774136.20 -160274.95
-774193.70 -160274.95
-774193.70 -160345.95
-774078.70 -160345.95
-774078.70 -160416.95
-774193.70 -160416.95
-774193.70 -160487.95
-774078.70 -160487.95
-774078.70 -160558.95
-774193.70 -160558.95
-774193.70 -160629.95
-774078.70 -160629.95
-774078.70 -160700.95
-774193.70 -160700.95
-774193.70 -160771.95
-774078.70 -160771.95
-774078.70 -160842.95
-774193.70 -160842.95
-774193.70 -160913.95
-774078.70 -160913.95
-774078.70 -160984.95
-774193.70 -160984.95
-774193.70 -161055.95
-774078.70 -161055.95
-774078.70 -161126.95
-774193.70 -161126.95
-774193.70 -161197.95
-774078.70 -161197.95
-774078.70 -161268.95
-774193.70 -161268.95
-774193.70 -161339.95
-774078.70 -161339.95
-774078.70 -161410.95
-774193.70 -161410.95
-774193.70 -161481.95
-774078.70 -161481.95
-774078.70 -161552.95
-774193.70 -161552.95
-774193.70 -161623.95
-774078.70 -161623.95
-774078.70 -161694.95
-774193.70 -161694.95
-774193.70 -161765.95
-774078.70 -161765.95
-774078.70 -161836.95
-774193.70 -161836.95
-774193.70 -161907.95
-774078.70 -161907.95
-774078.70 -161978.95
-774193.70 -161978.95
-774193.70 -162049.95
-774078.70 -162049.95
-774078.70 -162120.95
-774193.70 -162120.95
-774193.70 -162191.95
-774078.70 -162191.95
-774078.70 -162262.95
-774193.70 -162262.95
-774193.70 -162333.95
-774078.70 -162333.95
-774078.70 -162404.95
-774193.70 -162404.95
-774193.70 -162475.95
-774078.70 -162475.95
-774078.70 -162546.95
-774193.70 -162546.95
-774193.70 -162617.95
-774078.70 -162617.95
-774078.70 -162688.95
-774193.70 -162688.95
-774193.70 -162759.95
-774078.70 -162759.95
-774078.70 -162830.95
-774193.70 -162830.95
-774193.70 -162901.95
-774078.70 -162901.95
-774078.70 -162972.95
-774193.70 -162972.95
-774193.70 -163043.95
-774078.70 -163043.95
-774078.70 -163114.95
-774193.70 -163114.95
-774193.70 -163185.95
-774078.70 -163185.95
-774078.70 -163256.95
-774193.70 -163256.95
-774193.70 -163327.95
-774078.70 -163327.95
-774078.70 -163398.95
-774193.70 -163398.95
-774193.70 -163469.95
-774078.70 -163469.95
-774078.70 -163540.95
-774193.70 -163540.95
-774193.70 -163611.95
-774078.70 -163611.95
-774078.70 -163682.95
-774193.70 -163682.95
-774193.70 -163753.95
-774078.70 -163753.95
-774078.70 -163824.95
-774193.70 -163824.95
-774193.70 -163895.95
-774078.70 -163895.95
-774078.70 -163966.95
-774193.70 -163966.95
-774193.70 -164037.95
-774078.70 -164037.95
-774078.70 -164108.95
-774193.70 -164108.95
-774193.70 -164179.95
-774078.70 -164179.95
-774078.70 -164250.95
-774193.70 -164250.95
-774193.70 -164321.95
-774078.70 -164321.95
-774078.70 -164392.95
-774193.70 -164392.95
-774193.70 -164463.95
-774078.70 -164463.95
-774078.70 -164534.95
-774193.70 -164534.95
-774193.70 -164605.95
-774078.70 -164605.95
-774078.70 -164676.95
-774193.70 -164676.95
-774193.70 -164747.95
-774078.70 -164747.95
-774078.70 -164818.95
-774193.70 -164818.95
-774193.70 -164889.95
-774078.70 -164889.95
-774078.70 -164960.95
-774193.70 -164960.95
-774193.70 -165031.95
-774078.70 -165031.95
-774078.70 -165102.95
-774193.70 -165102.95
-774193.70 -165173.95
-774078.70 -165173.95
-774078.70 -165244.95
-774193.70 -165244.95
-774193.70 -165315.95
-774078.70 -165315.95
-774078.70 -165386.95
-774193.70 -165386.95
-774193.70 -165457.95
-774078.70 -165457.95
-774078.70 -165528.95
-774193.70 -165528.95
-774193.70 -165599.95
-774078.70 -165599.95
-774078.70 -165670.95
-774193.70 -165670.95
-774193.70 -165741.95
-774078.70 -165741.95
-774078.70 -165812.95
-774193.70 -165812.95
-774193.70 -165883.95
-774078.70 -165883.95
-774078.70 -165954.95
-774193.70 -165954.95
-774193.70 -166025.95
-774078.70 -166025.95
-774078.70 -166096.95
-774193.70 -166096.95
-774193.70 -166167.95
-774078.70 -166167.95
-774078.70 -166238.95
-774193.70 -166238.95
-774193.70 -166309.95
-774078.70 -166309.95
-774078.70 -166380.95
-774193.70 -166380.95
-774193.70 -166451.95
-774078.70 -166451.95
-774078.70 -166522.95
-774193.70 -166522.95
-774193.70 -166593.95
-774078.70 -166593.95
-774078.70 -166664.95
-774193.70 -166664.95
-774193.70 -166735.95
-774078.70 -166735.95
-774078.70 -166806.95
-774193.70 -166806.95
-774193.70 -166877.95
-774078.70 -166877.95
-774078.70 -166948.95
-774193.70 -166948.95
-774193.70 -167019.95
-774078.70 -167019.95
-774078.70 -167090.95
-774193.70 -167090.95
-774193.70 -167161.95
-774078.70 -167161.95
-774078.70 -167232.95
-774193.70 -167232.95
-774193.70 -167303.95
-774078.70 -167303.95
-774078.70 -167374.95
-774193.70 -167374.95
-774193.70 -167445.95
-774078.70 -167445.95
-774078.70 -167516.95
-774193.70 -167516.95
-774193.70 -167587.95
-774078.70 -167587.95
-774078.70 -167658.95
-774193.70 -167658.95
-774193.70 -167729.95
-774078.70 -167729.95
-774078.70 -167800.95
-774193.70 -167800.95
-774193.70 -167871.95
-774078.70 -167871.95
-774078.70 -167942.95
-774193.70 -167942.95
-774193.70 -168013.95
-774078.70 -168013.95
-774078.70 -168084.95
-774193.70 -168084.95
-774193.70 -168155.95
-774078.70 -168155.95
-774078.70 -168226.95
-774193.70 -168226.95
-774193.70 -168297.95
-774078.70 -168297.95
-774078.70 -168368.95
-774193.70 -168368.95
-774193.70 -168439.95
-774078.70 -168439.95
-774078.70 -168510.95
-774193.70 -168510.95
-774193.70 -168581.95
-774078.70 -168581.95
-774078.70 -168652.95
-774193.70 -168652.95
-774193.70 -168723.95
-774078.70 -168723.95
-774078.70 -168794.95
-774193.70 -168794.95
-774193.70 -168865.95
-774078.70 -168865.95
-774078.70 -168936.95
-774193.70 -168936.95
-774193.70 -169007.95
-774078.70 -169007.95
-774078.70 -169078.95
-774193.70 -169078.95
-774193.70 -169149.95
-774078.70 -169149.95
-774078.70 -169220.95
-774193.70 -169220.95
-774193.70 -169291.95
-774078.70 -169291.95
-774078.70 -169362.95
-774193.70 -169362.95
-774193.70 -169433.95
-774078.70 -169433.95
-774078.70 -169504.95
-774193.70 -169504.95
-774193.70 -169575.95
-774078.70 -169575.95
-774078.70 -169646.95
-774193.70 -169646.95
-774193.70 -169717.95
-774078.70 -169717.95
-774078.70 -169788.95
-774193.70 -169788.95
-774193.70 -169859.95
-774078.70 -169859.95
-774078.70 -169930.95
-774193.70 -169930.95
-774193.70 -170001.95
-774078.70 -170001.95
-774078.70 -170072.95
-774193.70 -170072.95
-774193.70 -170143.95
-774078.70 -170143.95
-774078.70 -170214.95
-774193.70 -170214.95
-774193.70 -170285.95
-774078.70 -170285.95
-774078.70 -170356.95
-774193.70 -170356.95
-774193.70 -170427.95
-774078.70 -170427.95
-774078.70 -170498.95
-774193.70 -170498.95
-774193.70 -170569.95
-774078.70 -170569.95
-774078.70 -170640.95
-774193.70 -170640.95
-774193.70 -170711.95
-774078.70 -170711.95
-774078.70 -170782.95
-774193.70 -170782.95
-774193.70 -170853.95
-774078.70 -170853.95
-774078.70 -170924.95
-774193.70 -170924.95
-774193.70 -170995.95
-774078.70 -170995.95
-774078.70 -171066.95
-774193.70 -171066.95
-774193.70 -171137.95
-774078.70 -171137.95
-774078.70 -171208.95
-774193.70 -171208.95
-774193.70 -171279.95
-774078.70 -171279.95
-774078.70 -171350.95
-774193.70 -171350.95
-774193.70 -171421.95
-774078.70 -171421.95
-774078.70 -171492.95
-774193.70 -171492.95
-774193.70 -171563.95
-774078.70 -171563.95
-774078.70 -171634.95
-774193.70 -171634.95
-774193.70 -171705.95
-774078.70 -171705.95
-774078.70 -171776.95
-774193.70 -171776.95
-774193.70 -171847.95
-774078.70 -171847.95
-774078.70 -171918.95
-774193.70 -171918.95
-774193.70 -171989.95
-774078.70 -171989.95
-774078.70 -172060.95
-774193.70 -172060.95
-774193.70 -172131.95
-774078.70 -172131.95
-774078.70 -172202.95
-774193.70 -172202.95
-774193.70 -172273.95
-774078.70 -172273.95
-774078.70 -172344.95
-774193.70 -172344.95
-774193.70 -172415.95
-774078.70 -172415.95
-774078.70 -172486.95
-774193.70 -172486.95
-774193.70 -172557.95
-774078.70 -172557.95
-774078.70 -172628.95
-774193.70 -172628.95
-774193.70 -172699.95
-774078.70 -172699.95
-774078.70 -172770.95
-774193.70 -172770.95
-774193.70 -172841.95
-774078.70 -172841.95
-774078.70 -172912.95
-774193.70 -172912.95
-774193.70 -172983.95
-774078.70 -172983.95
-774078.70 -173054.95
-774193.70 -173054.95
-774193.70 -173125.95
-774078.70 -173125.95
-774078.70 -173196.95
-774193.70 -173196.95
-774193.70 -173267.95
-774078.70 -173267.95
-774078.70 -173338.95
-774193.70 -173338.95
-774193.70 -173409.95
-774078.70 -173409.95
-774078.70 -173480.95
-774193.70 -173480.95
-774193.70 -173551.95
-774078.70 -173551.95
-774078.70 -173622.95
-774193.70 -173622.95
-774193.70 -173693.95
-774078.70 -173693.95
-774078.70 -173764.95
-774193.70 -173764.95
-774193.70 -173835.95
-774078.70 -173835.95
-774078.70 -173906.95
-774193.70 -173906.95
-774193.70 -173977.95
-774078.70 -173977.95
-774078.70 -174048.95
-774193.70 -174048.95
-774193.70 -174119.95
-774078.70 -174119.95
-774078.70 -174190.95
-774193.70 -174190.95
-774193.70 -174261.95
-774078.70 -174261.95
-774078.70 -174332.95
-774193.70 -174332.95
-774193.70 -174403.95
-774078.70 -174403.95
-774078.70 -174474.95
-774193.70 -174474.95
-774193.70 -174545.95
-774078.70 -174545.95
-774078.70 -174616.95
-774193.70 -174616.95
-774193.70 -174687.95
-774078.70 -174687.95
-774078.70 -174758.95
-774193.70 -174758.95
-774193.70 -174829.95
-774078.70 -174829.95
-774078.70 -174900.95
-774193.70 -174900.95
-774193.70 -174971.95
-774078.70 -174971.95
-774078.70 -175042.95
-774193.70 -175042.95
-774193.70 -175113.95
-774078.70 -175113.95
-774078.70 -175184.95
-774193.70 -175184.95
-774193.70 -175255.95
-774078.70 -175255.95
-774078.70 -175326.95
-774193.70 -175326.95
-774193.70 -175397.95
-774078.70 -175397.95
-774078.70 -175468.95
-774193.70 -175468.95
-774193.70 -175539.95
-774078.70 -175539.95
-774078.70 -175610.95
-774193.70 -175610.95
-774193.70 -175681.95
-774078.70 -175681.95
-774078.70 -175752.95
-774193.70 -175752.95
-774193.70 -175823.95
-774078.70 -175823.95
-774078.70 -175894.95
-774193.70 -175894.95
-774193.70 -175965.95
-774078.70 -175965.95
-774078.70 -176036.95
-774193.70 -176036.95
-774193.70 -176107.95
-774078.70 -176107.95
-774078.70 -176178.95
-774193.70 -176178.95
-774193.70 -176249.95
-774078.70 -176249.95
-774078.70 -176320.95
-774193.70 -176320.95
-774193.70 -176391.95
-774078.70 -176391.95
-774078.70 -176462.95
-774193.70 -176462.95
-774193.70 -176533.95
-774078.70 -176533.95
-774078.70 -176604.95
-774193.70 -176604.95
-774193.70 -176675.95
-774078.70 -176675.95
-774078.70 -176746.95
-774193.70 -176746.95
-774193.70 -176817.95
-774078.70 -176817.95
-774078.70 -176888.95
-774193.70 -176888.95
-774193.70 -176959.95
-774078.70 -176959.95
-774078.70 -177030.95
-774193.70 -177030.95
-774193.70 -177101.95
-774078.70 -177101.95
-774078.70 -177172.95
-774193.70 -177172.95
-774193.70 -177243.95
-774078.70 -177243.95
-774078.70 -177314.95
-774193.70 -177314.95
-774193.70 -177385.95
-774078.70 -177385.95
-774078.70 -177456.95
-774193.70 -177456.95
-774193.70 -177527.95
-774078.70 -177527.95
-774078.70 -177598.95
-774193.70 -177598.95
-774193.70 -177669.95
-774078.70 -177669.95
-774078.70 -177740.95
-774193.70 -177740.95
-774193.70 -177811.95
-774078.70 -177811.95
-774078.70 -177882.95
-774193.70 -177882.95
-774193.70 -177953.95
-774078.70 -177953.95
-774078.70 -178024.95
-774193.70 -178024.95
-774193.70 -178095.95
-774078.70 -178095.95
-774078.70 -178166.95
-774193.70 -178166.95
-774193.70 -178237.95
-774078.70 -178237.95
-774078.70 -178308.95
-774193.70 -178308.95
-774193.70 -178379.95
-774136.20 -178379.95
-774136.20 -178404.45
31.00