644.86 -6203.30
644.86 -6251.39
648.86 -6251.39
709.57 -6230.82
770.96 -6209.17
832.44 -6186.62
894.01 -6163.12
955.68 -6138.68
1017.45 -6113.28
1079.31 -6086.90
1141.27 -6059.51
1203.33 -6031.10
1265.49 -6001.63
1327.74 -5971.09
1390.09 -5939.47
1452.54 -5906.72
1515.08 -5872.82
1577.73 -5837.73
1640.48 -5801.41
1703.32 -5763.85
1766.27 -5724.99
1829.30 -5684.84
1892.45 -5643.31
1955.68 -5600.35
2020.58 -5554.91
2171.38 -5435.65
2205.61 -5411.52
2270.88 -5359.54
2334.69 -5306.99
2398.58 -5252.67
2462.58 -5196.39
2526.69 -5138.13
2590.89 -5077.74
2655.20 -5015.17
2719.63 -4950.22
2784.14 -4882.79
2848.74 -4812.80
2913.47 -4740.00
2978.30 -4664.23
3043.24 -4585.24
3108.28 -4502.81
3173.43 -4416.66
3238.67 -4326.47
3304.03 -4231.87
3369.50 -4132.34
3435.08 -4027.40
3500.77 -3916.27
3566.56 -3798.23
3632.46 -3672.21
3698.49 -3536.78
3764.63 -3389.96
3830.88 -3229.30
3897.27 -3050.75
3963.65 -2848.43
4018.26 -2656.36
4034.75 -2586.76
4042.51 -2553.05
4050.09 -2519.22
4057.45 -2485.30
4064.57 -2451.51
4071.50 -2417.54
4078.22 -2383.51
4084.71 -2349.48
4091.00 -2315.41
4097.06 -2281.37
4102.92 -2247.25
4108.58 -2212.94
4113.99 -2178.73
4119.20 -2144.48
4124.19 -2110.22
4128.96 -2075.96
4133.53 -2041.64
4137.88 -2007.25
4142.02 -1972.75
4145.93 -1938.30
4149.62 -1903.88
4153.09 -1869.50
4156.36 -1834.99
4159.41 -1800.42
4162.23 -1765.96
4164.85 -1731.46
4167.26 -1696.81
4169.43 -1662.21
4171.39 -1627.65
4172.74 -1600.87
6533.31 -1600.87
2.00