-1044054.30 -157591.95
-1044054.30 -157737.56
-1043855.30 -157769.91
-1043622.44 -157819.78
-1043239.09 -157857.03
-1042776.76 -157935.53
-1042610.43 -157963.78
-1042412.52 -157997.38
-1042170.64 -158038.45
-1041929.35 -158079.42
-1041693.62 -158119.45
-1041524.27 -158148.21
-1040835.30 -158265.20
-1040580.86 -158308.40
-1040046.39 -158399.16
-1038999.83 -158576.86
-1038918.41 -158590.69
-1038674.26 -158632.15
-1037862.06 -158770.06
-1037789.33 -158782.41
-1037783.32 -158783.43
-1036559.44 -158991.25
-1036424.40 -159014.18
-1034415.54 -159355.28
-1033678.04 -159480.51
-1033141.26 -159571.66
-1032446.36 -159689.66
-1031340.93 -159877.36
-1030926.72 -159947.69
-1030517.92 -160017.11
-1030071.97 -160092.83
-1029838.05 -160132.55
-1029391.48 -160208.38
-1029149.31 -160249.50
-1028962.91 -160281.15
-1027712.07 -160493.55
-1026958.87 -160621.44
-1026355.89 -160723.83
-1026192.48 -160751.58
-1024938.26 -160964.55
-1024660.70 -161011.68
-1024280.20 -161076.29
-1024183.78 -161092.66
-1023370.32 -161230.79
-1022467.26 -161384.13
-1021687.08 -161516.60
-1020411.66 -161733.17
-1014975.07 -162656.32
-1008269.93 -163794.86
-1002811.42 -164721.73
-1001099.14 -165012.48
-999953.00 -165207.10
-998178.57 -165508.40
-997261.84 -165664.06
-993328.87 -166331.89
-991872.96 -166579.10
-989761.10 -166937.70
-989202.66 -167032.53
-989200.05 -167032.97
-988709.87 -167116.20
-987645.09 -167297.01
-985983.30 -167579.18
-984363.74 -167854.19
-983735.41 -167960.88
-983194.76 -168052.68
-980935.25 -168436.35
-979934.49 -168606.28
-979276.93 -168717.94
-979035.32 -168758.96
-977824.10 -168964.63
-976960.05 -169111.35
-975687.06 -169327.50
-974705.75 -169494.13
-974338.43 -169556.50
-974123.67 -169592.97
-973873.83 -169635.39
-973659.06 -169671.86
-973409.22 -169714.29
-973194.46 -169750.75
-972944.62 -169793.18
-972729.85 -169829.64
-972480.01 -169872.07
-972265.25 -169908.53
-972015.41 -169950.96
-971800.65 -169987.43
-971550.81 -170029.85
-971336.04 -170066.32
-971086.20 -170108.74
-970871.44 -170145.21
-970621.60 -170187.63
-970406.83 -170224.10
-970156.99 -170266.52
-970120.77 -170272.67
-969455.14 -170385.70
-966778.26 -170840.24
-965110.19 -171123.48
-964507.08 -171225.89
-964457.16 -171234.36
-964436.84 -171237.82
-939986.20 -175389.58
-939986.20 -175681.95
-939941.56 -175681.95
-939941.56 -175752.95
-940043.70 -175752.95
-940043.70 -175823.95
-939928.70 -175823.95
-939928.70 -175894.95
-940043.70 -175894.95
-940043.70 -175965.95
-939928.70 -175965.95
-939928.70 -176036.95
-940043.70 -176036.95
-940043.70 -176107.95
-939928.70 -176107.95
-939928.70 -176178.95
-940043.70 -176178.95
-940043.70 -176249.95
-939928.70 -176249.95
-939928.70 -176320.95
-940043.70 -176320.95
-940043.70 -176391.95
-939928.70 -176391.95
-939928.70 -176462.95
-940043.70 -176462.95
-940043.70 -176533.95
-939928.70 -176533.95
-939928.70 -176604.95
-940043.70 -176604.95
-940043.70 -176675.95
-939928.70 -176675.95
-939928.70 -176746.95
-940043.70 -176746.95
-940043.70 -176817.95
-939928.70 -176817.95
-939928.70 -176888.95
-940043.70 -176888.95
-940043.70 -176959.95
-939928.70 -176959.95
-939928.70 -177030.95
-940043.70 -177030.95
-940043.70 -177101.95
-939928.70 -177101.95
-939928.70 -177172.95
-940043.70 -177172.95
-940043.70 -177243.95
-939928.70 -177243.95
-939928.70 -177314.95
-940043.70 -177314.95
-940043.70 -177385.95
-939928.70 -177385.95
-939928.70 -177456.95
-940043.70 -177456.95
-940043.70 -177527.95
-939928.70 -177527.95
-939928.70 -177598.95
-940043.70 -177598.95
-940043.70 -177669.95
-939928.70 -177669.95
-939928.70 -177740.95
-940043.70 -177740.95
-940043.70 -177811.95
-939928.70 -177811.95
-939928.70 -177882.95
-940043.70 -177882.95
-940043.70 -177953.95
-939928.70 -177953.95
-939928.70 -178024.95
-940043.70 -178024.95
-940043.70 -178095.95
-939928.70 -178095.95
-939928.70 -178166.95
-940043.70 -178166.95
-940043.70 -178237.95
-939928.70 -178237.95
-939928.70 -178308.95
-940043.70 -178308.95
-940043.70 -178379.95
-939986.20 -178379.95
-939986.20 -178404.45
31.00