-831195.50 -157719.35
-831195.50 -157743.87
-830996.50 -157777.66
-830609.74 -157843.33
-830439.94 -157872.17
-830041.84 -157939.76
-829816.64 -157978.00
-829473.99 -158036.19
-829306.70 -158064.59
-829228.34 -158077.90
-829020.78 -158113.14
-828129.83 -158264.43
-828009.07 -158284.93
-827647.08 -158346.40
-827469.94 -158376.48
-827369.92 -158393.46
-827128.63 -158434.43
-826892.91 -158474.46
-826696.00 -158507.89
-826018.56 -158622.93
-825801.20 -158659.83
-825766.57 -158665.71
-825271.86 -158749.72
-825022.09 -158792.13
-824824.18 -158825.73
-824582.30 -158866.81
-824414.38 -158895.32
-824185.31 -158934.21
-824005.59 -158964.73
-823119.65 -159115.17
-822783.91 -159172.18
-822677.93 -159190.17
-822581.83 -159206.49
-821454.95 -159397.84
-821291.66 -159425.56
-820893.72 -159493.13
-820655.60 -159533.57
-820323.80 -159589.91
-819941.07 -159654.89
-819227.50 -159776.06
-818042.87 -159977.21
-817780.38 -160021.79
-816568.05 -160227.64
-816276.24 -160277.19
-816273.41 -160277.67
-816217.00 -160287.25
-816009.07 -160322.56
-815754.82 -160365.73
-815540.05 -160402.20
-815290.21 -160444.62
-815114.84 -160474.40
-813482.99 -160751.49
-813195.12 -160800.37
-809671.13 -161398.75
-806087.93 -162007.19
-805893.66 -162040.18
-805743.87 -162065.61
-805324.21 -162136.87
-804646.76 -162251.90
-804229.79 -162322.70
-803371.95 -162468.37
-803367.42 -162469.14
-803177.00 -162501.47
-802745.90 -162574.67
-802531.14 -162611.14
-802281.30 -162653.56
-802113.34 -162682.08
-802036.20 -162695.18
-802036.20 -162830.95
-802083.41 -162830.95
-802083.41 -162901.95
-801978.70 -162901.95
-801978.70 -162972.95
-802093.70 -162972.95
-802093.70 -163043.95
-801978.70 -163043.95
-801978.70 -163114.95
-802093.70 -163114.95
-802093.70 -163185.95
-801978.70 -163185.95
-801978.70 -163256.95
-802093.70 -163256.95
-802093.70 -163327.95
-801978.70 -163327.95
-801978.70 -163398.95
-802093.70 -163398.95
-802093.70 -163469.95
-801978.70 -163469.95
-801978.70 -163540.95
-802093.70 -163540.95
-802093.70 -163611.95
-801978.70 -163611.95
-801978.70 -163682.95
-802093.70 -163682.95
-802093.70 -163753.95
-801978.70 -163753.95
-801978.70 -163824.95
-802093.70 -163824.95
-802093.70 -163895.95
-801978.70 -163895.95
-801978.70 -163966.95
-802093.70 -163966.95
-802093.70 -164037.95
-801978.70 -164037.95
-801978.70 -164108.95
-802093.70 -164108.95
-802093.70 -164179.95
-801978.70 -164179.95
-801978.70 -164250.95
-802093.70 -164250.95
-802093.70 -164321.95
-801978.70 -164321.95
-801978.70 -164392.95
-802093.70 -164392.95
-802093.70 -164463.95
-801978.70 -164463.95
-801978.70 -164534.95
-802093.70 -164534.95
-802093.70 -164605.95
-801978.70 -164605.95
-801978.70 -164676.95
-802093.70 -164676.95
-802093.70 -164747.95
-801978.70 -164747.95
-801978.70 -164818.95
-802093.70 -164818.95
-802093.70 -164889.95
-801978.70 -164889.95
-801978.70 -164960.95
-802093.70 -164960.95
-802093.70 -165031.95
-801978.70 -165031.95
-801978.70 -165102.95
-802093.70 -165102.95
-802093.70 -165173.95
-801978.70 -165173.95
-801978.70 -165244.95
-802093.70 -165244.95
-802093.70 -165315.95
-801978.70 -165315.95
-801978.70 -165386.95
-802093.70 -165386.95
-802093.70 -165457.95
-801978.70 -165457.95
-801978.70 -165528.95
-802093.70 -165528.95
-802093.70 -165599.95
-801978.70 -165599.95
-801978.70 -165670.95
-802093.70 -165670.95
-802093.70 -165741.95
-801978.70 -165741.95
-801978.70 -165812.95
-802093.70 -165812.95
-802093.70 -165883.95
-801978.70 -165883.95
-801978.70 -165954.95
-802093.70 -165954.95
-802093.70 -166025.95
-801978.70 -166025.95
-801978.70 -166096.95
-802093.70 -166096.95
-802093.70 -166167.95
-801978.70 -166167.95
-801978.70 -166238.95
-802093.70 -166238.95
-802093.70 -166309.95
-801978.70 -166309.95
-801978.70 -166380.95
-802093.70 -166380.95
-802093.70 -166451.95
-801978.70 -166451.95
-801978.70 -166522.95
-802093.70 -166522.95
-802093.70 -166593.95
-801978.70 -166593.95
-801978.70 -166664.95
-802093.70 -166664.95
-802093.70 -166735.95
-801978.70 -166735.95
-801978.70 -166806.95
-802093.70 -166806.95
-802093.70 -166877.95
-801978.70 -166877.95
-801978.70 -166948.95
-802093.70 -166948.95
-802093.70 -167019.95
-801978.70 -167019.95
-801978.70 -167090.95
-802093.70 -167090.95
-802093.70 -167161.95
-801978.70 -167161.95
-801978.70 -167232.95
-802093.70 -167232.95
-802093.70 -167303.95
-801978.70 -167303.95
-801978.70 -167374.95
-802093.70 -167374.95
-802093.70 -167445.95
-801978.70 -167445.95
-801978.70 -167516.95
-802093.70 -167516.95
-802093.70 -167587.95
-801978.70 -167587.95
-801978.70 -167658.95
-802093.70 -167658.95
-802093.70 -167729.95
-801978.70 -167729.95
-801978.70 -167800.95
-802093.70 -167800.95
-802093.70 -167871.95
-801978.70 -167871.95
-801978.70 -167942.95
-802093.70 -167942.95
-802093.70 -168013.95
-801978.70 -168013.95
-801978.70 -168084.95
-802093.70 -168084.95
-802093.70 -168155.95
-801978.70 -168155.95
-801978.70 -168226.95
-802093.70 -168226.95
-802093.70 -168297.95
-801978.70 -168297.95
-801978.70 -168368.95
-802093.70 -168368.95
-802093.70 -168439.95
-801978.70 -168439.95
-801978.70 -168510.95
-802093.70 -168510.95
-802093.70 -168581.95
-801978.70 -168581.95
-801978.70 -168652.95
-802093.70 -168652.95
-802093.70 -168723.95
-801978.70 -168723.95
-801978.70 -168794.95
-802093.70 -168794.95
-802093.70 -168865.95
-801978.70 -168865.95
-801978.70 -168936.95
-802093.70 -168936.95
-802093.70 -169007.95
-801978.70 -169007.95
-801978.70 -169078.95
-802093.70 -169078.95
-802093.70 -169149.95
-801978.70 -169149.95
-801978.70 -169220.95
-802093.70 -169220.95
-802093.70 -169291.95
-801978.70 -169291.95
-801978.70 -169362.95
-802093.70 -169362.95
-802093.70 -169433.95
-801978.70 -169433.95
-801978.70 -169504.95
-802093.70 -169504.95
-802093.70 -169575.95
-801978.70 -169575.95
-801978.70 -169646.95
-802093.70 -169646.95
-802093.70 -169717.95
-801978.70 -169717.95
-801978.70 -169788.95
-802093.70 -169788.95
-802093.70 -169859.95
-801978.70 -169859.95
-801978.70 -169930.95
-802093.70 -169930.95
-802093.70 -170001.95
-801978.70 -170001.95
-801978.70 -170072.95
-802093.70 -170072.95
-802093.70 -170143.95
-801978.70 -170143.95
-801978.70 -170214.95
-802093.70 -170214.95
-802093.70 -170285.95
-801978.70 -170285.95
-801978.70 -170356.95
-802093.70 -170356.95
-802093.70 -170427.95
-801978.70 -170427.95
-801978.70 -170498.95
-802093.70 -170498.95
-802093.70 -170569.95
-801978.70 -170569.95
-801978.70 -170640.95
-802093.70 -170640.95
-802093.70 -170711.95
-801978.70 -170711.95
-801978.70 -170782.95
-802093.70 -170782.95
-802093.70 -170853.95
-801978.70 -170853.95
-801978.70 -170924.95
-802093.70 -170924.95
-802093.70 -170995.95
-801978.70 -170995.95
-801978.70 -171066.95
-802093.70 -171066.95
-802093.70 -171137.95
-801978.70 -171137.95
-801978.70 -171208.95
-802093.70 -171208.95
-802093.70 -171279.95
-801978.70 -171279.95
-801978.70 -171350.95
-802093.70 -171350.95
-802093.70 -171421.95
-801978.70 -171421.95
-801978.70 -171492.95
-802093.70 -171492.95
-802093.70 -171563.95
-801978.70 -171563.95
-801978.70 -171634.95
-802093.70 -171634.95
-802093.70 -171705.95
-801978.70 -171705.95
-801978.70 -171776.95
-802093.70 -171776.95
-802093.70 -171847.95
-801978.70 -171847.95
-801978.70 -171918.95
-802093.70 -171918.95
-802093.70 -171989.95
-801978.70 -171989.95
-801978.70 -172060.95
-802093.70 -172060.95
-802093.70 -172131.95
-801978.70 -172131.95
-801978.70 -172202.95
-802093.70 -172202.95
-802093.70 -172273.95
-801978.70 -172273.95
-801978.70 -172344.95
-802093.70 -172344.95
-802093.70 -172415.95
-801978.70 -172415.95
-801978.70 -172486.95
-802093.70 -172486.95
-802093.70 -172557.95
-801978.70 -172557.95
-801978.70 -172628.95
-802093.70 -172628.95
-802093.70 -172699.95
-801978.70 -172699.95
-801978.70 -172770.95
-802093.70 -172770.95
-802093.70 -172841.95
-801978.70 -172841.95
-801978.70 -172912.95
-802093.70 -172912.95
-802093.70 -172983.95
-801978.70 -172983.95
-801978.70 -173054.95
-802093.70 -173054.95
-802093.70 -173125.95
-801978.70 -173125.95
-801978.70 -173196.95
-802093.70 -173196.95
-802093.70 -173267.95
-801978.70 -173267.95
-801978.70 -173338.95
-802093.70 -173338.95
-802093.70 -173409.95
-801978.70 -173409.95
-801978.70 -173480.95
-802093.70 -173480.95
-802093.70 -173551.95
-801978.70 -173551.95
-801978.70 -173622.95
-802093.70 -173622.95
-802093.70 -173693.95
-801978.70 -173693.95
-801978.70 -173764.95
-802093.70 -173764.95
-802093.70 -173835.95
-801978.70 -173835.95
-801978.70 -173906.95
-802093.70 -173906.95
-802093.70 -173977.95
-801978.70 -173977.95
-801978.70 -174048.95
-802093.70 -174048.95
-802093.70 -174119.95
-801978.70 -174119.95
-801978.70 -174190.95
-802093.70 -174190.95
-802093.70 -174261.95
-801978.70 -174261.95
-801978.70 -174332.95
-802093.70 -174332.95
-802093.70 -174403.95
-801978.70 -174403.95
-801978.70 -174474.95
-802093.70 -174474.95
-802093.70 -174545.95
-801978.70 -174545.95
-801978.70 -174616.95
-802093.70 -174616.95
-802093.70 -174687.95
-801978.70 -174687.95
-801978.70 -174758.95
-802093.70 -174758.95
-802093.70 -174829.95
-801978.70 -174829.95
-801978.70 -174900.95
-802093.70 -174900.95
-802093.70 -174971.95
-801978.70 -174971.95
-801978.70 -175042.95
-802093.70 -175042.95
-802093.70 -175113.95
-801978.70 -175113.95
-801978.70 -175184.95
-802093.70 -175184.95
-802093.70 -175255.95
-801978.70 -175255.95
-801978.70 -175326.95
-802093.70 -175326.95
-802093.70 -175397.95
-801978.70 -175397.95
-801978.70 -175468.95
-802093.70 -175468.95
-802093.70 -175539.95
-801978.70 -175539.95
-801978.70 -175610.95
-802093.70 -175610.95
-802093.70 -175681.95
-801978.70 -175681.95
-801978.70 -175752.95
-802093.70 -175752.95
-802093.70 -175823.95
-801978.70 -175823.95
-801978.70 -175894.95
-802093.70 -175894.95
-802093.70 -175965.95
-801978.70 -175965.95
-801978.70 -176036.95
-802093.70 -176036.95
-802093.70 -176107.95
-801978.70 -176107.95
-801978.70 -176178.95
-802093.70 -176178.95
-802093.70 -176249.95
-801978.70 -176249.95
-801978.70 -176320.95
-802093.70 -176320.95
-802093.70 -176391.95
-801978.70 -176391.95
-801978.70 -176462.95
-802093.70 -176462.95
-802093.70 -176533.95
-801978.70 -176533.95
-801978.70 -176604.95
-802093.70 -176604.95
-802093.70 -176675.95
-801978.70 -176675.95
-801978.70 -176746.95
-802093.70 -176746.95
-802093.70 -176817.95
-801978.70 -176817.95
-801978.70 -176888.95
-802093.70 -176888.95
-802093.70 -176959.95
-801978.70 -176959.95
-801978.70 -177030.95
-802093.70 -177030.95
-802093.70 -177101.95
-801978.70 -177101.95
-801978.70 -177172.95
-802093.70 -177172.95
-802093.70 -177243.95
-801978.70 -177243.95
-801978.70 -177314.95
-802093.70 -177314.95
-802093.70 -177385.95
-801978.70 -177385.95
-801978.70 -177456.95
-802093.70 -177456.95
-802093.70 -177527.95
-801978.70 -177527.95
-801978.70 -177598.95
-802093.70 -177598.95
-802093.70 -177669.95
-801978.70 -177669.95
-801978.70 -177740.95
-802093.70 -177740.95
-802093.70 -177811.95
-801978.70 -177811.95
-801978.70 -177882.95
-802093.70 -177882.95
-802093.70 -177953.95
-801978.70 -177953.95
-801978.70 -178024.95
-802093.70 -178024.95
-802093.70 -178095.95
-801978.70 -178095.95
-801978.70 -178166.95
-802093.70 -178166.95
-802093.70 -178237.95
-801978.70 -178237.95
-801978.70 -178308.95
-802093.70 -178308.95
-802093.70 -178379.95
-802036.20 -178379.95
-802036.20 -178404.45
31.00