-663417.50 -157719.35
-663417.50 -157743.87
-663616.50 -157777.66
-663848.79 -157817.10
-665407.38 -158081.76
-665812.05 -158150.47
-668376.14 -158585.86
-668905.35 -158675.72
-668959.53 -158684.92
-668959.59 -158684.93
-669424.05 -158763.80
-670571.43 -158958.62
-670907.62 -159015.71
-672990.17 -159369.33
-673316.14 -159424.68
-673966.14 -159535.05
-674368.46 -159603.37
-674634.30 -159648.51
-675431.76 -159783.92
-675447.24 -159786.55
-676070.56 -159892.39
-677622.74 -160155.95
-677902.73 -160203.49
-679775.99 -160521.58
-680749.93 -160686.95
-681044.90 -160737.04
-681408.61 -160798.80
-682751.96 -161026.90
-682798.33 -161034.78
-683090.94 -161084.46
-683114.69 -161088.49
-683644.88 -161178.52
-684038.13 -161245.30
-684279.78 -161286.33
-684902.64 -161392.09
-685429.66 -161481.58
-685482.70 -161490.59
-686344.58 -161636.94
-686684.15 -161694.60
-686700.08 -161697.30
-687120.20 -161768.64
-687924.79 -161905.26
-688680.32 -162033.55
-689319.12 -162142.02
-689568.89 -162184.43
-689771.48 -162218.83
-691098.23 -162444.12
-691107.19 -162445.64
-692985.76 -162764.62
-693226.20 -162805.45
-693226.20 -162972.95
-693283.70 -162972.95
-693283.70 -163043.95
-693168.70 -163043.95
-693168.70 -163114.95
-693283.70 -163114.95
-693283.70 -163185.95
-693168.70 -163185.95
-693168.70 -163256.95
-693283.70 -163256.95
-693283.70 -163327.95
-693168.70 -163327.95
-693168.70 -163398.95
-693283.70 -163398.95
-693283.70 -163469.95
-693168.70 -163469.95
-693168.70 -163540.95
-693283.70 -163540.95
-693283.70 -163611.95
-693168.70 -163611.95
-693168.70 -163682.95
-693283.70 -163682.95
-693283.70 -163753.95
-693168.70 -163753.95
-693168.70 -163824.95
-693283.70 -163824.95
-693283.70 -163895.95
-693168.70 -163895.95
-693168.70 -163966.95
-693283.70 -163966.95
-693283.70 -164037.95
-693168.70 -164037.95
-693168.70 -164108.95
-693283.70 -164108.95
-693283.70 -164179.95
-693168.70 -164179.95
-693168.70 -164250.95
-693283.70 -164250.95
-693283.70 -164321.95
-693168.70 -164321.95
-693168.70 -164392.95
-693283.70 -164392.95
-693283.70 -164463.95
-693168.70 -164463.95
-693168.70 -164534.95
-693283.70 -164534.95
-693283.70 -164605.95
-693168.70 -164605.95
-693168.70 -164676.95
-693283.70 -164676.95
-693283.70 -164747.95
-693168.70 -164747.95
-693168.70 -164818.95
-693283.70 -164818.95
-693283.70 -164889.95
-693168.70 -164889.95
-693168.70 -164960.95
-693283.70 -164960.95
-693283.70 -165031.95
-693168.70 -165031.95
-693168.70 -165102.95
-693283.70 -165102.95
-693283.70 -165173.95
-693168.70 -165173.95
-693168.70 -165244.95
-693283.70 -165244.95
-693283.70 -165315.95
-693168.70 -165315.95
-693168.70 -165386.95
-693283.70 -165386.95
-693283.70 -165457.95
-693168.70 -165457.95
-693168.70 -165528.95
-693283.70 -165528.95
-693283.70 -165599.95
-693168.70 -165599.95
-693168.70 -165670.95
-693283.70 -165670.95
-693283.70 -165741.95
-693168.70 -165741.95
-693168.70 -165812.95
-693283.70 -165812.95
-693283.70 -165883.95
-693168.70 -165883.95
-693168.70 -165954.95
-693283.70 -165954.95
-693283.70 -166025.95
-693168.70 -166025.95
-693168.70 -166096.95
-693283.70 -166096.95
-693283.70 -166167.95
-693168.70 -166167.95
-693168.70 -166238.95
-693283.70 -166238.95
-693283.70 -166309.95
-693168.70 -166309.95
-693168.70 -166380.95
-693283.70 -166380.95
-693283.70 -166451.95
-693168.70 -166451.95
-693168.70 -166522.95
-693283.70 -166522.95
-693283.70 -166593.95
-693168.70 -166593.95
-693168.70 -166664.95
-693283.70 -166664.95
-693283.70 -166735.95
-693168.70 -166735.95
-693168.70 -166806.95
-693283.70 -166806.95
-693283.70 -166877.95
-693168.70 -166877.95
-693168.70 -166948.95
-693283.70 -166948.95
-693283.70 -167019.95
-693168.70 -167019.95
-693168.70 -167090.95
-693283.70 -167090.95
-693283.70 -167161.95
-693168.70 -167161.95
-693168.70 -167232.95
-693283.70 -167232.95
-693283.70 -167303.95
-693168.70 -167303.95
-693168.70 -167374.95
-693283.70 -167374.95
-693283.70 -167445.95
-693168.70 -167445.95
-693168.70 -167516.95
-693283.70 -167516.95
-693283.70 -167587.95
-693168.70 -167587.95
-693168.70 -167658.95
-693283.70 -167658.95
-693283.70 -167729.95
-693168.70 -167729.95
-693168.70 -167800.95
-693283.70 -167800.95
-693283.70 -167871.95
-693168.70 -167871.95
-693168.70 -167942.95
-693283.70 -167942.95
-693283.70 -168013.95
-693168.70 -168013.95
-693168.70 -168084.95
-693283.70 -168084.95
-693283.70 -168155.95
-693168.70 -168155.95
-693168.70 -168226.95
-693283.70 -168226.95
-693283.70 -168297.95
-693168.70 -168297.95
-693168.70 -168368.95
-693283.70 -168368.95
-693283.70 -168439.95
-693168.70 -168439.95
-693168.70 -168510.95
-693283.70 -168510.95
-693283.70 -168581.95
-693168.70 -168581.95
-693168.70 -168652.95
-693283.70 -168652.95
-693283.70 -168723.95
-693168.70 -168723.95
-693168.70 -168794.95
-693283.70 -168794.95
-693283.70 -168865.95
-693168.70 -168865.95
-693168.70 -168936.95
-693283.70 -168936.95
-693283.70 -169007.95
-693168.70 -169007.95
-693168.70 -169078.95
-693283.70 -169078.95
-693283.70 -169149.95
-693168.70 -169149.95
-693168.70 -169220.95
-693283.70 -169220.95
-693283.70 -169291.95
-693168.70 -169291.95
-693168.70 -169362.95
-693283.70 -169362.95
-693283.70 -169433.95
-693168.70 -169433.95
-693168.70 -169504.95
-693283.70 -169504.95
-693283.70 -169575.95
-693168.70 -169575.95
-693168.70 -169646.95
-693283.70 -169646.95
-693283.70 -169717.95
-693168.70 -169717.95
-693168.70 -169788.95
-693283.70 -169788.95
-693283.70 -169859.95
-693168.70 -169859.95
-693168.70 -169930.95
-693283.70 -169930.95
-693283.70 -170001.95
-693168.70 -170001.95
-693168.70 -170072.95
-693283.70 -170072.95
-693283.70 -170143.95
-693168.70 -170143.95
-693168.70 -170214.95
-693283.70 -170214.95
-693283.70 -170285.95
-693168.70 -170285.95
-693168.70 -170356.95
-693283.70 -170356.95
-693283.70 -170427.95
-693168.70 -170427.95
-693168.70 -170498.95
-693283.70 -170498.95
-693283.70 -170569.95
-693168.70 -170569.95
-693168.70 -170640.95
-693283.70 -170640.95
-693283.70 -170711.95
-693168.70 -170711.95
-693168.70 -170782.95
-693283.70 -170782.95
-693283.70 -170853.95
-693168.70 -170853.95
-693168.70 -170924.95
-693283.70 -170924.95
-693283.70 -170995.95
-693168.70 -170995.95
-693168.70 -171066.95
-693283.70 -171066.95
-693283.70 -171137.95
-693168.70 -171137.95
-693168.70 -171208.95
-693283.70 -171208.95
-693283.70 -171279.95
-693168.70 -171279.95
-693168.70 -171350.95
-693283.70 -171350.95
-693283.70 -171421.95
-693168.70 -171421.95
-693168.70 -171492.95
-693283.70 -171492.95
-693283.70 -171563.95
-693168.70 -171563.95
-693168.70 -171634.95
-693283.70 -171634.95
-693283.70 -171705.95
-693168.70 -171705.95
-693168.70 -171776.95
-693283.70 -171776.95
-693283.70 -171847.95
-693168.70 -171847.95
-693168.70 -171918.95
-693283.70 -171918.95
-693283.70 -171989.95
-693168.70 -171989.95
-693168.70 -172060.95
-693283.70 -172060.95
-693283.70 -172131.95
-693168.70 -172131.95
-693168.70 -172202.95
-693283.70 -172202.95
-693283.70 -172273.95
-693168.70 -172273.95
-693168.70 -172344.95
-693283.70 -172344.95
-693283.70 -172415.95
-693168.70 -172415.95
-693168.70 -172486.95
-693283.70 -172486.95
-693283.70 -172557.95
-693168.70 -172557.95
-693168.70 -172628.95
-693283.70 -172628.95
-693283.70 -172699.95
-693168.70 -172699.95
-693168.70 -172770.95
-693283.70 -172770.95
-693283.70 -172841.95
-693168.70 -172841.95
-693168.70 -172912.95
-693283.70 -172912.95
-693283.70 -172983.95
-693168.70 -172983.95
-693168.70 -173054.95
-693283.70 -173054.95
-693283.70 -173125.95
-693168.70 -173125.95
-693168.70 -173196.95
-693283.70 -173196.95
-693283.70 -173267.95
-693168.70 -173267.95
-693168.70 -173338.95
-693283.70 -173338.95
-693283.70 -173409.95
-693168.70 -173409.95
-693168.70 -173480.95
-693283.70 -173480.95
-693283.70 -173551.95
-693168.70 -173551.95
-693168.70 -173622.95
-693283.70 -173622.95
-693283.70 -173693.95
-693168.70 -173693.95
-693168.70 -173764.95
-693283.70 -173764.95
-693283.70 -173835.95
-693168.70 -173835.95
-693168.70 -173906.95
-693283.70 -173906.95
-693283.70 -173977.95
-693168.70 -173977.95
-693168.70 -174048.95
-693283.70 -174048.95
-693283.70 -174119.95
-693168.70 -174119.95
-693168.70 -174190.95
-693283.70 -174190.95
-693283.70 -174261.95
-693168.70 -174261.95
-693168.70 -174332.95
-693283.70 -174332.95
-693283.70 -174403.95
-693168.70 -174403.95
-693168.70 -174474.95
-693283.70 -174474.95
-693283.70 -174545.95
-693168.70 -174545.95
-693168.70 -174616.95
-693283.70 -174616.95
-693283.70 -174687.95
-693168.70 -174687.95
-693168.70 -174758.95
-693283.70 -174758.95
-693283.70 -174829.95
-693168.70 -174829.95
-693168.70 -174900.95
-693283.70 -174900.95
-693283.70 -174971.95
-693168.70 -174971.95
-693168.70 -175042.95
-693283.70 -175042.95
-693283.70 -175113.95
-693168.70 -175113.95
-693168.70 -175184.95
-693283.70 -175184.95
-693283.70 -175255.95
-693168.70 -175255.95
-693168.70 -175326.95
-693283.70 -175326.95
-693283.70 -175397.95
-693168.70 -175397.95
-693168.70 -175468.95
-693283.70 -175468.95
-693283.70 -175539.95
-693168.70 -175539.95
-693168.70 -175610.95
-693283.70 -175610.95
-693283.70 -175681.95
-693168.70 -175681.95
-693168.70 -175752.95
-693283.70 -175752.95
-693283.70 -175823.95
-693168.70 -175823.95
-693168.70 -175894.95
-693283.70 -175894.95
-693283.70 -175965.95
-693168.70 -175965.95
-693168.70 -176036.95
-693283.70 -176036.95
-693283.70 -176107.95
-693168.70 -176107.95
-693168.70 -176178.95
-693283.70 -176178.95
-693283.70 -176249.95
-693168.70 -176249.95
-693168.70 -176320.95
-693283.70 -176320.95
-693283.70 -176391.95
-693168.70 -176391.95
-693168.70 -176462.95
-693283.70 -176462.95
-693283.70 -176533.95
-693168.70 -176533.95
-693168.70 -176604.95
-693283.70 -176604.95
-693283.70 -176675.95
-693168.70 -176675.95
-693168.70 -176746.95
-693283.70 -176746.95
-693283.70 -176817.95
-693168.70 -176817.95
-693168.70 -176888.95
-693283.70 -176888.95
-693283.70 -176959.95
-693168.70 -176959.95
-693168.70 -177030.95
-693283.70 -177030.95
-693283.70 -177101.95
-693168.70 -177101.95
-693168.70 -177172.95
-693283.70 -177172.95
-693283.70 -177243.95
-693168.70 -177243.95
-693168.70 -177314.95
-693283.70 -177314.95
-693283.70 -177385.95
-693168.70 -177385.95
-693168.70 -177456.95
-693283.70 -177456.95
-693283.70 -177527.95
-693168.70 -177527.95
-693168.70 -177598.95
-693283.70 -177598.95
-693283.70 -177669.95
-693168.70 -177669.95
-693168.70 -177740.95
-693283.70 -177740.95
-693283.70 -177811.95
-693168.70 -177811.95
-693168.70 -177882.95
-693283.70 -177882.95
-693283.70 -177953.95
-693168.70 -177953.95
-693168.70 -178024.95
-693283.70 -178024.95
-693283.70 -178095.95
-693168.70 -178095.95
-693168.70 -178166.95
-693283.70 -178166.95
-693283.70 -178237.95
-693168.70 -178237.95
-693168.70 -178308.95
-693283.70 -178308.95
-693283.70 -178379.95
-693226.20 -178379.95
-693226.20 -178404.45
31.00