-1080552.30 -139905.95
-1080552.30 -140385.10
-1080269.30 -140787.53
-1080148.09 -140999.03
-1079858.91 -141410.24
-1079737.30 -141622.76
-1079445.24 -142026.44
-1079320.31 -142218.11
-1079029.80 -142577.36
-1078905.53 -142768.54
-1078609.76 -143118.32
-1078482.73 -143294.41
-1078190.82 -143617.27
-1078067.03 -143788.86
-1077775.48 -144111.29
-1077647.52 -144289.37
-1077243.00 -144713.21
-1077049.42 -144917.06
-1076943.51 -145047.44
-1076795.78 -145231.75
-1076502.52 -145519.88
-1076377.25 -145676.18
-1076084.23 -145964.07
-1075956.18 -146124.11
-1075653.45 -146415.27
-1075515.20 -146578.04
-1075102.72 -146942.97
-1074938.51 -147104.61
-1074844.57 -147213.18
-1074679.34 -147407.13
-1074385.17 -147676.68
-1074258.94 -147824.83
-1073966.95 -148092.27
-1073818.74 -148267.95
-1073366.31 -148638.80
-1073213.86 -148774.06
-1073132.58 -148859.34
-1072948.57 -149056.19
-1072655.37 -149297.24
-1072506.56 -149457.79
-1072037.32 -149811.56
-1071895.77 -149925.97
-1071826.62 -149992.54
-1071616.44 -150200.50
-1071164.67 -150525.23
-1071045.88 -150621.25
-1070981.85 -150682.91
-1070774.02 -150887.77
-1070478.56 -151108.15
-1070337.97 -151247.26
-1069874.19 -151580.70
-1069712.33 -151710.78
-1069610.50 -151795.26
-1069365.19 -152006.35
-1068882.17 -152297.73
-1068795.80 -152356.99
-1068757.80 -152388.53
-1068503.41 -152607.44
-1068012.83 -152903.37
-1067936.43 -152955.80
-1067905.10 -152981.79
-1067641.57 -153208.56
-1067143.54 -153508.99
-1067076.94 -153554.69
-1067052.39 -153575.05
-1066779.79 -153809.64
-1066274.19 -154114.63
-1066217.57 -154153.48
-1066199.69 -154168.31
-1065917.92 -154410.78
-1065404.92 -154720.23
-1065358.11 -154752.35
-1065346.98 -154761.58
-1065056.17 -155011.85
-1064535.56 -155325.88
-1064498.63 -155351.22
-1064494.76 -155354.44
-1064190.76 -155616.29
-1063572.15 -155986.38
-1063355.46 -156114.16
-1063116.62 -156255.30
-1063019.41 -156311.54
-1062704.02 -156547.44
-1062149.01 -156825.43
-1061831.82 -157062.68
-1061274.36 -157341.58
-1061165.20 -157405.90
-1060874.48 -157579.25
-1060704.38 -157668.84
-1060351.99 -157905.32
-1059767.41 -158156.33
-1059664.50 -158209.44
-1059428.47 -158331.58
-1059370.36 -158360.89
-1059033.22 -158587.14
-1058436.02 -158843.57
-1058340.79 -158892.72
-1058103.69 -159015.40
-1058057.70 -159038.60
-1057714.46 -159268.96
-1057104.48 -159530.87
-1057024.78 -159572.00
-1056778.90 -159699.23
-1056744.68 -159716.49
-1056399.90 -159947.63
-1055688.16 -160255.64
-1055461.45 -160360.06
-1055186.47 -160478.41
-1054965.90 -160573.30
-1054721.09 -160679.03
-1054717.19 -160680.66
-1054352.37 -160893.04
-1053689.41 -161122.69
-1053624.50 -161150.63
-1053400.98 -161246.83
-1053180.59 -161341.64
-1052948.39 -161441.92
-1052580.04 -161656.04
-1051791.15 -161932.18
-1051537.25 -162027.86
-1050772.84 -162285.23
-1050546.66 -162361.37
-1050357.66 -162425.01
-1050097.76 -162512.44
-1049904.93 -162577.72
-1049510.44 -162769.16
-1048685.68 -162981.97
-1048356.96 -163080.69
-1047917.58 -163176.56
-1047687.12 -163226.86
-1047456.63 -163277.16
-1047226.22 -163327.44
-1046995.41 -163377.81
-1046767.06 -163427.62
-1046403.70 -163507.20
-1046034.89 -163569.82
-1045802.67 -163609.25
-1045569.80 -163648.80
-1045340.90 -163687.62
-1045088.24 -163730.83
-1044980.74 -163748.31
-1044556.35 -163839.21
-1044043.19 -163889.06
-1038806.11 -164778.33
-1038155.87 -164888.74
-1026122.52 -166932.03
-1025459.05 -167044.69
-1025399.09 -167054.87
-1024388.40 -167226.48
-1023485.34 -167379.83
-1022705.16 -167512.30
-1021429.75 -167728.87
-1012638.13 -169221.71
-1010648.14 -169559.61
-1005150.17 -170493.18
-1002518.94 -170939.96
-1001182.58 -171166.88
-994346.95 -172327.59
-992891.05 -172574.80
-992203.48 -172691.55
-991536.01 -172804.89
-989926.51 -173078.19
-989538.03 -173144.15
-989533.75 -173144.88
-985381.82 -173849.88
-984753.49 -173956.58
-984212.85 -174048.38
-981953.33 -174432.05
-981587.19 -174494.22
-981425.68 -174521.64
-978842.19 -174960.33
-977978.14 -175107.05
-976705.14 -175323.20
-975723.83 -175489.83
-975356.51 -175552.20
-975141.75 -175588.67
-974891.91 -175631.09
-974677.14 -175667.56
-974427.31 -175709.98
-974212.54 -175746.45
-973962.70 -175788.87
-973747.94 -175825.34
-973498.10 -175867.76
-973283.33 -175904.23
-973033.49 -175946.66
-972818.73 -175983.12
-972568.89 -176025.55
-972354.12 -176062.01
-972343.34 -176063.85
-972082.53 -176108.13
-971326.78 -176236.46
-971175.11 -176262.21
-970473.22 -176381.39
-967796.34 -176835.93
-965522.81 -177221.99
-965491.74 -177227.26
-965425.48 -177238.51
-963546.20 -177557.62
-963546.20 -178024.95
-963568.39 -178024.95
-963568.39 -178095.95
-963488.70 -178095.95
-963488.70 -178166.95
-963603.70 -178166.95
-963603.70 -178237.95
-963488.70 -178237.95
-963488.70 -178308.95
-963603.70 -178308.95
-963603.70 -178379.95
-963546.20 -178379.95
-963546.20 -178404.45
31.00