-1050593.30 -156635.95
-1050593.30 -157026.09
-1050478.30 -157092.94
-1050082.97 -157231.32
-1049857.18 -157316.40
-1049629.60 -157393.03
-1049403.37 -157469.19
-1049177.13 -157545.37
-1048950.90 -157621.52
-1048724.64 -157697.70
-1048498.64 -157773.74
-1048270.47 -157850.97
-1048060.58 -157918.90
-1047949.80 -157967.46
-1047776.74 -158051.45
-1047341.14 -158163.84
-1047102.77 -158235.43
-1046851.26 -158290.31
-1046620.80 -158340.61
-1046390.32 -158390.90
-1046159.87 -158441.20
-1045929.34 -158491.50
-1045699.17 -158541.71
-1045449.59 -158596.37
-1045197.66 -158639.15
-1044965.36 -158678.59
-1044732.97 -158718.06
-1044501.23 -158757.36
-1044265.45 -158797.69
-1044055.21 -158831.86
-1043788.34 -158889.02
-1043381.92 -158928.51
-1041568.96 -159236.35
-1041300.46 -159281.94
-1040582.57 -159403.84
-1040227.23 -159464.18
-1039180.67 -159641.89
-1039099.26 -159655.71
-1038855.11 -159697.17
-1037977.72 -159846.15
-1037249.19 -159969.86
-1024922.28 -162062.99
-1024468.28 -162140.08
-1024373.33 -162156.21
-1023551.16 -162295.81
-1022648.10 -162449.15
-1021867.93 -162581.63
-1020592.51 -162798.20
-1014350.04 -163858.18
-1008450.77 -164859.89
-1004160.73 -165588.35
-1001279.98 -166077.51
-1000329.56 -166238.89
-998580.43 -166535.90
-997668.02 -166690.82
-993509.71 -167396.91
-992053.81 -167644.13
-989550.02 -168069.28
-989383.27 -168097.59
-989381.51 -168097.89
-988890.72 -168181.23
-988272.71 -168286.17
-986634.10 -168564.41
-984544.59 -168919.21
-983916.25 -169025.90
-983375.61 -169117.71
-981116.10 -169501.38
-980115.33 -169671.31
-979646.80 -169750.87
-979415.55 -169790.13
-978004.95 -170029.65
-977140.90 -170176.37
-975867.90 -170392.53
-974886.59 -170559.16
-974519.28 -170621.53
-974304.51 -170658.00
-974054.67 -170700.42
-973839.91 -170736.89
-973590.07 -170779.31
-973375.30 -170815.78
-973125.46 -170858.20
-972910.70 -170894.67
-972660.86 -170937.09
-972446.09 -170973.56
-972196.25 -171015.98
-971981.49 -171052.45
-971731.65 -171094.87
-971516.88 -171131.34
-971267.05 -171173.76
-971052.28 -171210.23
-970802.44 -171252.66
-970360.51 -171327.70
-970329.21 -171333.01
-969635.98 -171450.72
-966959.10 -171905.26
-965183.04 -172206.84
-964657.71 -172296.04
-964638.71 -172299.27
-964613.24 -172303.59
-944171.20 -175774.70
-944171.20 -176178.95
-944209.94 -176178.95
-944209.94 -176249.95
-944113.70 -176249.95
-944113.70 -176320.95
-944228.70 -176320.95
-944228.70 -176391.95
-944113.70 -176391.95
-944113.70 -176462.95
-944228.70 -176462.95
-944228.70 -176533.95
-944113.70 -176533.95
-944113.70 -176604.95
-944228.70 -176604.95
-944228.70 -176675.95
-944113.70 -176675.95
-944113.70 -176746.95
-944228.70 -176746.95
-944228.70 -176817.95
-944113.70 -176817.95
-944113.70 -176888.95
-944228.70 -176888.95
-944228.70 -176959.95
-944113.70 -176959.95
-944113.70 -177030.95
-944228.70 -177030.95
-944228.70 -177101.95
-944113.70 -177101.95
-944113.70 -177172.95
-944228.70 -177172.95
-944228.70 -177243.95
-944113.70 -177243.95
-944113.70 -177314.95
-944228.70 -177314.95
-944228.70 -177385.95
-944113.70 -177385.95
-944113.70 -177456.95
-944228.70 -177456.95
-944228.70 -177527.95
-944113.70 -177527.95
-944113.70 -177598.95
-944228.70 -177598.95
-944228.70 -177669.95
-944113.70 -177669.95
-944113.70 -177740.95
-944228.70 -177740.95
-944228.70 -177811.95
-944113.70 -177811.95
-944113.70 -177882.95
-944228.70 -177882.95
-944228.70 -177953.95
-944113.70 -177953.95
-944113.70 -178024.95
-944228.70 -178024.95
-944228.70 -178095.95
-944113.70 -178095.95
-944113.70 -178166.95
-944228.70 -178166.95
-944228.70 -178237.95
-944113.70 -178237.95
-944113.70 -178308.95
-944228.70 -178308.95
-944228.70 -178379.95
-944171.20 -178379.95
-944171.20 -178404.45
31.00