-1063652.30 -152333.95
-1063652.30 -152528.48
-1063539.30 -152622.22
-1063407.85 -152735.35
-1063018.64 -152970.12
-1062808.72 -153114.17
-1062686.62 -153215.46
-1062545.80 -153336.76
-1062141.89 -153578.40
-1061922.67 -153707.67
-1061702.87 -153837.56
-1061497.40 -153956.44
-1061385.27 -154036.37
-1061226.49 -154155.12
-1060813.23 -154362.12
-1060628.13 -154469.20
-1060523.67 -154543.67
-1060354.80 -154669.98
-1059935.36 -154879.83
-1059737.12 -154996.63
-1059503.77 -155135.77
-1059293.24 -155246.66
-1059196.25 -155308.02
-1059007.61 -155434.61
-1058571.24 -155621.98
-1058378.76 -155721.31
-1058154.19 -155837.51
-1057972.09 -155929.37
-1057893.33 -155979.20
-1057688.85 -156116.43
-1057239.79 -156309.24
-1057055.00 -156404.61
-1056829.42 -156521.34
-1056656.51 -156608.56
-1056590.41 -156650.37
-1056370.08 -156798.24
-1055908.31 -156996.52
-1055739.04 -157083.86
-1055504.64 -157205.16
-1055341.06 -157287.67
-1055287.23 -157321.73
-1055052.82 -157478.88
-1054545.98 -157698.22
-1054321.81 -157801.48
-1054079.50 -157905.76
-1053857.31 -158001.35
-1053625.78 -158101.34
-1053474.84 -158164.43
-1053445.49 -158180.26
-1053178.49 -158335.70
-1052676.12 -158509.72
-1052517.32 -158578.07
-1052294.00 -158674.18
-1052071.99 -158769.69
-1051838.95 -158870.34
-1051701.00 -158928.00
-1051689.53 -158934.18
-1051403.07 -159100.70
-1050834.57 -159299.70
-1050596.32 -159389.48
-1050048.40 -159573.96
-1049653.03 -159707.05
-1049426.60 -159783.29
-1049202.26 -159858.77
-1048961.32 -159940.32
-1048851.50 -159975.86
-1048539.56 -160127.24
-1047932.74 -160283.82
-1047654.62 -160367.35
-1047320.44 -160440.26
-1047089.98 -160490.56
-1046859.50 -160540.85
-1046629.06 -160591.15
-1046398.41 -160641.48
-1046169.04 -160691.51
-1045869.40 -160757.13
-1045566.04 -160808.64
-1045333.78 -160848.08
-1045101.18 -160887.59
-1044870.69 -160926.68
-1044627.48 -160968.27
-1044462.45 -160995.10
-1044126.26 -161067.10
-1043672.88 -161111.15
-1038358.51 -162013.54
-1037648.04 -162134.18
-1025451.36 -164205.20
-1024885.75 -164301.24
-1024800.18 -164315.77
-1023919.55 -164465.31
-1023016.49 -164618.65
-1022236.31 -164751.13
-1020960.89 -164967.69
-1013111.85 -166300.48
-1008819.16 -167029.39
-1007030.20 -167333.16
-1001648.36 -168247.00
-1001323.13 -168302.23
-999698.41 -168578.11
-998861.94 -168720.14
-993878.09 -169566.41
-992422.19 -169813.63
-990707.81 -170104.73
-990193.17 -170192.12
-989330.49 -170338.60
-989205.21 -170359.88
-987966.31 -170570.24
-984912.97 -171088.71
-984284.64 -171195.40
-983743.99 -171287.20
-981484.48 -171670.87
-980453.28 -171845.97
-980238.14 -171882.50
-978373.33 -172199.15
-977509.28 -172345.87
-976236.29 -172562.03
-975254.98 -172728.65
-974887.66 -172791.03
-974672.89 -172827.49
-974423.06 -172869.92
-974208.29 -172906.38
-973958.45 -172948.81
-973743.69 -172985.27
-973493.85 -173027.70
-973279.08 -173064.17
-973029.24 -173106.59
-972814.48 -173143.06
-972564.64 -173185.48
-972349.87 -173221.95
-972100.04 -173264.37
-971885.27 -173300.84
-971635.43 -173343.26
-971420.67 -173379.73
-971170.83 -173422.15
-970821.16 -173481.52
-970698.29 -173502.39
-970004.37 -173620.22
-967327.49 -174074.76
-965349.14 -174410.69
-965010.19 -174468.24
-964969.44 -174475.16
-952696.20 -176559.18
-952696.20 -176746.95
-952753.70 -176746.95
-952753.70 -176817.95
-952638.70 -176817.95
-952638.70 -176888.95
-952753.70 -176888.95
-952753.70 -176959.95
-952638.70 -176959.95
-952638.70 -177030.95
-952753.70 -177030.95
-952753.70 -177101.95
-952638.70 -177101.95
-952638.70 -177172.95
-952753.70 -177172.95
-952753.70 -177243.95
-952638.70 -177243.95
-952638.70 -177314.95
-952753.70 -177314.95
-952753.70 -177385.95
-952638.70 -177385.95
-952638.70 -177456.95
-952753.70 -177456.95
-952753.70 -177527.95
-952638.70 -177527.95
-952638.70 -177598.95
-952753.70 -177598.95
-952753.70 -177669.95
-952638.70 -177669.95
-952638.70 -177740.95
-952753.70 -177740.95
-952753.70 -177811.95
-952638.70 -177811.95
-952638.70 -177882.95
-952753.70 -177882.95
-952753.70 -177953.95
-952638.70 -177953.95
-952638.70 -178024.95
-952753.70 -178024.95
-952753.70 -178095.95
-952638.70 -178095.95
-952638.70 -178166.95
-952753.70 -178166.95
-952753.70 -178237.95
-952638.70 -178237.95
-952638.70 -178308.95
-952753.70 -178308.95
-952753.70 -178379.95
-952696.20 -178379.95
-952696.20 -178404.45
31.00