-987501.50 -157719.35
-987501.50 -157743.87
-987302.50 -157777.66
-987070.21 -157817.10
-986671.04 -157884.88
-986473.13 -157918.49
-986231.25 -157959.56
-986026.99 -157994.24
-985329.09 -158112.75
-985177.47 -158138.49
-985060.82 -158158.30
-984946.35 -158177.74
-984384.84 -158273.09
-984136.66 -158315.23
-983946.11 -158347.58
-983745.17 -158381.70
-983722.74 -158385.51
-983179.12 -158477.82
-983051.98 -158499.41
-983011.60 -158506.27
-982783.04 -158545.08
-982154.70 -158651.77
-981614.06 -158743.57
-979890.80 -159036.18
-979668.33 -159073.96
-978353.78 -159297.17
-977968.30 -159362.63
-977288.95 -159477.98
-976943.74 -159536.60
-976779.20 -159564.54
-976557.99 -159602.10
-975454.11 -159789.54
-975417.11 -159795.83
-974752.54 -159908.67
-974106.35 -160018.39
-973125.04 -160185.02
-972757.73 -160247.39
-972542.96 -160283.86
-972293.12 -160326.28
-972078.36 -160362.75
-971828.52 -160405.18
-971613.75 -160441.64
-971363.91 -160484.07
-971149.15 -160520.53
-970899.31 -160562.96
-970684.54 -160599.42
-970434.70 -160641.85
-970219.94 -160678.32
-969970.10 -160720.74
-969755.33 -160757.21
-969505.50 -160799.63
-969290.73 -160836.10
-969040.89 -160878.52
-968826.13 -160914.99
-968576.29 -160957.41
-968361.52 -160993.88
-968111.68 -161036.30
-967896.92 -161072.77
-967647.08 -161115.19
-967479.12 -161143.71
-966536.27 -161303.81
-965393.06 -161497.93
-965216.72 -161527.87
-964204.56 -161699.74
-963622.45 -161798.58
-963098.18 -161887.61
-962893.77 -161922.31
-962675.81 -161959.32
-938636.70 -166041.21
-936212.80 -166452.80
-936144.96 -166464.32
-935365.83 -166596.62
-927245.67 -167975.44
-926702.53 -168067.66
-926227.69 -168148.29
-925292.71 -168307.05
-925101.50 -168339.52
-924896.15 -168374.39
-924646.38 -168416.80
-924434.60 -168452.76
-924062.69 -168515.91
-923906.81 -168542.38
-922300.04 -168815.21
-922213.82 -168829.85
-921538.86 -168944.47
-920567.00 -169109.49
-917884.94 -169564.91
-912765.54 -170434.19
-903775.12 -171960.78
-903406.20 -172023.43
-903406.20 -172131.95
-903370.43 -172131.95
-903370.43 -172202.95
-903463.70 -172202.95
-903463.70 -172273.95
-903348.70 -172273.95
-903348.70 -172344.95
-903463.70 -172344.95
-903463.70 -172415.95
-903348.70 -172415.95
-903348.70 -172486.95
-903463.70 -172486.95
-903463.70 -172557.95
-903348.70 -172557.95
-903348.70 -172628.95
-903463.70 -172628.95
-903463.70 -172699.95
-903348.70 -172699.95
-903348.70 -172770.95
-903463.70 -172770.95
-903463.70 -172841.95
-903348.70 -172841.95
-903348.70 -172912.95
-903463.70 -172912.95
-903463.70 -172983.95
-903348.70 -172983.95
-903348.70 -173054.95
-903463.70 -173054.95
-903463.70 -173125.95
-903348.70 -173125.95
-903348.70 -173196.95
-903463.70 -173196.95
-903463.70 -173267.95
-903348.70 -173267.95
-903348.70 -173338.95
-903463.70 -173338.95
-903463.70 -173409.95
-903348.70 -173409.95
-903348.70 -173480.95
-903463.70 -173480.95
-903463.70 -173551.95
-903348.70 -173551.95
-903348.70 -173622.95
-903463.70 -173622.95
-903463.70 -173693.95
-903348.70 -173693.95
-903348.70 -173764.95
-903463.70 -173764.95
-903463.70 -173835.95
-903348.70 -173835.95
-903348.70 -173906.95
-903463.70 -173906.95
-903463.70 -173977.95
-903348.70 -173977.95
-903348.70 -174048.95
-903463.70 -174048.95
-903463.70 -174119.95
-903348.70 -174119.95
-903348.70 -174190.95
-903463.70 -174190.95
-903463.70 -174261.95
-903348.70 -174261.95
-903348.70 -174332.95
-903463.70 -174332.95
-903463.70 -174403.95
-903348.70 -174403.95
-903348.70 -174474.95
-903463.70 -174474.95
-903463.70 -174545.95
-903348.70 -174545.95
-903348.70 -174616.95
-903463.70 -174616.95
-903463.70 -174687.95
-903348.70 -174687.95
-903348.70 -174758.95
-903463.70 -174758.95
-903463.70 -174829.95
-903348.70 -174829.95
-903348.70 -174900.95
-903463.70 -174900.95
-903463.70 -174971.95
-903348.70 -174971.95
-903348.70 -175042.95
-903463.70 -175042.95
-903463.70 -175113.95
-903348.70 -175113.95
-903348.70 -175184.95
-903463.70 -175184.95
-903463.70 -175255.95
-903348.70 -175255.95
-903348.70 -175326.95
-903463.70 -175326.95
-903463.70 -175397.95
-903348.70 -175397.95
-903348.70 -175468.95
-903463.70 -175468.95
-903463.70 -175539.95
-903348.70 -175539.95
-903348.70 -175610.95
-903463.70 -175610.95
-903463.70 -175681.95
-903348.70 -175681.95
-903348.70 -175752.95
-903463.70 -175752.95
-903463.70 -175823.95
-903348.70 -175823.95
-903348.70 -175894.95
-903463.70 -175894.95
-903463.70 -175965.95
-903348.70 -175965.95
-903348.70 -176036.95
-903463.70 -176036.95
-903463.70 -176107.95
-903348.70 -176107.95
-903348.70 -176178.95
-903463.70 -176178.95
-903463.70 -176249.95
-903348.70 -176249.95
-903348.70 -176320.95
-903463.70 -176320.95
-903463.70 -176391.95
-903348.70 -176391.95
-903348.70 -176462.95
-903463.70 -176462.95
-903463.70 -176533.95
-903348.70 -176533.95
-903348.70 -176604.95
-903463.70 -176604.95
-903463.70 -176675.95
-903348.70 -176675.95
-903348.70 -176746.95
-903463.70 -176746.95
-903463.70 -176817.95
-903348.70 -176817.95
-903348.70 -176888.95
-903463.70 -176888.95
-903463.70 -176959.95
-903348.70 -176959.95
-903348.70 -177030.95
-903463.70 -177030.95
-903463.70 -177101.95
-903348.70 -177101.95
-903348.70 -177172.95
-903463.70 -177172.95
-903463.70 -177243.95
-903348.70 -177243.95
-903348.70 -177314.95
-903463.70 -177314.95
-903463.70 -177385.95
-903348.70 -177385.95
-903348.70 -177456.95
-903463.70 -177456.95
-903463.70 -177527.95
-903348.70 -177527.95
-903348.70 -177598.95
-903463.70 -177598.95
-903463.70 -177669.95
-903348.70 -177669.95
-903348.70 -177740.95
-903463.70 -177740.95
-903463.70 -177811.95
-903348.70 -177811.95
-903348.70 -177882.95
-903463.70 -177882.95
-903463.70 -177953.95
-903348.70 -177953.95
-903348.70 -178024.95
-903463.70 -178024.95
-903463.70 -178095.95
-903348.70 -178095.95
-903348.70 -178166.95
-903463.70 -178166.95
-903463.70 -178237.95
-903348.70 -178237.95
-903348.70 -178308.95
-903463.70 -178308.95
-903463.70 -178379.95
-903406.20 -178379.95
-903406.20 -178404.45
31.00