-821635.50 -157719.35
-821635.50 -157743.87
-821436.51 -157777.66
-821049.74 -157843.33
-820880.38 -157872.09
-820495.95 -157937.37
-820258.40 -157977.71
-819673.16 -158077.08
-818959.59 -158198.25
-818035.02 -158355.24
-818005.82 -158360.20
-817410.92 -158461.21
-817262.09 -158486.48
-816459.75 -158622.72
-816225.97 -158662.42
-815958.78 -158707.79
-815941.08 -158710.79
-815741.16 -158744.74
-815486.90 -158787.91
-815272.14 -158824.38
-815022.30 -158866.81
-814846.93 -158896.58
-813685.66 -159093.77
-813442.06 -159135.13
-811777.98 -159417.70
-811223.59 -159511.83
-810630.51 -159612.54
-810376.26 -159655.71
-810161.49 -159692.18
-809911.65 -159734.60
-809707.40 -159769.29
-808426.55 -159986.78
-808399.36 -159991.39
-808030.81 -160053.97
-806783.98 -160265.69
-806466.87 -160319.54
-805627.11 -160462.13
-805620.52 -160463.25
-805264.81 -160523.65
-805056.29 -160559.05
-804378.85 -160674.09
-803961.87 -160744.89
-803104.04 -160890.55
-803099.50 -160891.32
-802909.08 -160923.66
-802477.99 -160996.86
-802263.22 -161033.32
-802013.38 -161075.75
-801845.42 -161104.27
-801328.79 -161191.99
-801139.17 -161224.19
-798213.94 -161720.90
-796374.69 -162033.21
-796100.06 -162079.84
-795978.24 -162100.53
-795836.20 -162124.65
-795836.20 -162262.95
-795893.70 -162262.95
-795893.70 -162333.95
-795778.70 -162333.95
-795778.70 -162404.95
-795893.70 -162404.95
-795893.70 -162475.95
-795778.70 -162475.95
-795778.70 -162546.95
-795893.70 -162546.95
-795893.70 -162617.95
-795778.70 -162617.95
-795778.70 -162688.95
-795893.70 -162688.95
-795893.70 -162759.95
-795778.70 -162759.95
-795778.70 -162830.95
-795893.70 -162830.95
-795893.70 -162901.95
-795778.70 -162901.95
-795778.70 -162972.95
-795893.70 -162972.95
-795893.70 -163043.95
-795778.70 -163043.95
-795778.70 -163114.95
-795893.70 -163114.95
-795893.70 -163185.95
-795778.70 -163185.95
-795778.70 -163256.95
-795893.70 -163256.95
-795893.70 -163327.95
-795778.70 -163327.95
-795778.70 -163398.95
-795893.70 -163398.95
-795893.70 -163469.95
-795778.70 -163469.95
-795778.70 -163540.95
-795893.70 -163540.95
-795893.70 -163611.95
-795778.70 -163611.95
-795778.70 -163682.95
-795893.70 -163682.95
-795893.70 -163753.95
-795778.70 -163753.95
-795778.70 -163824.95
-795893.70 -163824.95
-795893.70 -163895.95
-795778.70 -163895.95
-795778.70 -163966.95
-795893.70 -163966.95
-795893.70 -164037.95
-795778.70 -164037.95
-795778.70 -164108.95
-795893.70 -164108.95
-795893.70 -164179.95
-795778.70 -164179.95
-795778.70 -164250.95
-795893.70 -164250.95
-795893.70 -164321.95
-795778.70 -164321.95
-795778.70 -164392.95
-795893.70 -164392.95
-795893.70 -164463.95
-795778.70 -164463.95
-795778.70 -164534.95
-795893.70 -164534.95
-795893.70 -164605.95
-795778.70 -164605.95
-795778.70 -164676.95
-795893.70 -164676.95
-795893.70 -164747.95
-795778.70 -164747.95
-795778.70 -164818.95
-795893.70 -164818.95
-795893.70 -164889.95
-795778.70 -164889.95
-795778.70 -164960.95
-795893.70 -164960.95
-795893.70 -165031.95
-795778.70 -165031.95
-795778.70 -165102.95
-795893.70 -165102.95
-795893.70 -165173.95
-795778.70 -165173.95
-795778.70 -165244.95
-795893.70 -165244.95
-795893.70 -165315.95
-795778.70 -165315.95
-795778.70 -165386.95
-795893.70 -165386.95
-795893.70 -165457.95
-795778.70 -165457.95
-795778.70 -165528.95
-795893.70 -165528.95
-795893.70 -165599.95
-795778.70 -165599.95
-795778.70 -165670.95
-795893.70 -165670.95
-795893.70 -165741.95
-795778.70 -165741.95
-795778.70 -165812.95
-795893.70 -165812.95
-795893.70 -165883.95
-795778.70 -165883.95
-795778.70 -165954.95
-795893.70 -165954.95
-795893.70 -166025.95
-795778.70 -166025.95
-795778.70 -166096.95
-795893.70 -166096.95
-795893.70 -166167.95
-795778.70 -166167.95
-795778.70 -166238.95
-795893.70 -166238.95
-795893.70 -166309.95
-795778.70 -166309.95
-795778.70 -166380.95
-795893.70 -166380.95
-795893.70 -166451.95
-795778.70 -166451.95
-795778.70 -166522.95
-795893.70 -166522.95
-795893.70 -166593.95
-795778.70 -166593.95
-795778.70 -166664.95
-795893.70 -166664.95
-795893.70 -166735.95
-795778.70 -166735.95
-795778.70 -166806.95
-795893.70 -166806.95
-795893.70 -166877.95
-795778.70 -166877.95
-795778.70 -166948.95
-795893.70 -166948.95
-795893.70 -167019.95
-795778.70 -167019.95
-795778.70 -167090.95
-795893.70 -167090.95
-795893.70 -167161.95
-795778.70 -167161.95
-795778.70 -167232.95
-795893.70 -167232.95
-795893.70 -167303.95
-795778.70 -167303.95
-795778.70 -167374.95
-795893.70 -167374.95
-795893.70 -167445.95
-795778.70 -167445.95
-795778.70 -167516.95
-795893.70 -167516.95
-795893.70 -167587.95
-795778.70 -167587.95
-795778.70 -167658.95
-795893.70 -167658.95
-795893.70 -167729.95
-795778.70 -167729.95
-795778.70 -167800.95
-795893.70 -167800.95
-795893.70 -167871.95
-795778.70 -167871.95
-795778.70 -167942.95
-795893.70 -167942.95
-795893.70 -168013.95
-795778.70 -168013.95
-795778.70 -168084.95
-795893.70 -168084.95
-795893.70 -168155.95
-795778.70 -168155.95
-795778.70 -168226.95
-795893.70 -168226.95
-795893.70 -168297.95
-795778.70 -168297.95
-795778.70 -168368.95
-795893.70 -168368.95
-795893.70 -168439.95
-795778.70 -168439.95
-795778.70 -168510.95
-795893.70 -168510.95
-795893.70 -168581.95
-795778.70 -168581.95
-795778.70 -168652.95
-795893.70 -168652.95
-795893.70 -168723.95
-795778.70 -168723.95
-795778.70 -168794.95
-795893.70 -168794.95
-795893.70 -168865.95
-795778.70 -168865.95
-795778.70 -168936.95
-795893.70 -168936.95
-795893.70 -169007.95
-795778.70 -169007.95
-795778.70 -169078.95
-795893.70 -169078.95
-795893.70 -169149.95
-795778.70 -169149.95
-795778.70 -169220.95
-795893.70 -169220.95
-795893.70 -169291.95
-795778.70 -169291.95
-795778.70 -169362.95
-795893.70 -169362.95
-795893.70 -169433.95
-795778.70 -169433.95
-795778.70 -169504.95
-795893.70 -169504.95
-795893.70 -169575.95
-795778.70 -169575.95
-795778.70 -169646.95
-795893.70 -169646.95
-795893.70 -169717.95
-795778.70 -169717.95
-795778.70 -169788.95
-795893.70 -169788.95
-795893.70 -169859.95
-795778.70 -169859.95
-795778.70 -169930.95
-795893.70 -169930.95
-795893.70 -170001.95
-795778.70 -170001.95
-795778.70 -170072.95
-795893.70 -170072.95
-795893.70 -170143.95
-795778.70 -170143.95
-795778.70 -170214.95
-795893.70 -170214.95
-795893.70 -170285.95
-795778.70 -170285.95
-795778.70 -170356.95
-795893.70 -170356.95
-795893.70 -170427.95
-795778.70 -170427.95
-795778.70 -170498.95
-795893.70 -170498.95
-795893.70 -170569.95
-795778.70 -170569.95
-795778.70 -170640.95
-795893.70 -170640.95
-795893.70 -170711.95
-795778.70 -170711.95
-795778.70 -170782.95
-795893.70 -170782.95
-795893.70 -170853.95
-795778.70 -170853.95
-795778.70 -170924.95
-795893.70 -170924.95
-795893.70 -170995.95
-795778.70 -170995.95
-795778.70 -171066.95
-795893.70 -171066.95
-795893.70 -171137.95
-795778.70 -171137.95
-795778.70 -171208.95
-795893.70 -171208.95
-795893.70 -171279.95
-795778.70 -171279.95
-795778.70 -171350.95
-795893.70 -171350.95
-795893.70 -171421.95
-795778.70 -171421.95
-795778.70 -171492.95
-795893.70 -171492.95
-795893.70 -171563.95
-795778.70 -171563.95
-795778.70 -171634.95
-795893.70 -171634.95
-795893.70 -171705.95
-795778.70 -171705.95
-795778.70 -171776.95
-795893.70 -171776.95
-795893.70 -171847.95
-795778.70 -171847.95
-795778.70 -171918.95
-795893.70 -171918.95
-795893.70 -171989.95
-795778.70 -171989.95
-795778.70 -172060.95
-795893.70 -172060.95
-795893.70 -172131.95
-795778.70 -172131.95
-795778.70 -172202.95
-795893.70 -172202.95
-795893.70 -172273.95
-795778.70 -172273.95
-795778.70 -172344.95
-795893.70 -172344.95
-795893.70 -172415.95
-795778.70 -172415.95
-795778.70 -172486.95
-795893.70 -172486.95
-795893.70 -172557.95
-795778.70 -172557.95
-795778.70 -172628.95
-795893.70 -172628.95
-795893.70 -172699.95
-795778.70 -172699.95
-795778.70 -172770.95
-795893.70 -172770.95
-795893.70 -172841.95
-795778.70 -172841.95
-795778.70 -172912.95
-795893.70 -172912.95
-795893.70 -172983.95
-795778.70 -172983.95
-795778.70 -173054.95
-795893.70 -173054.95
-795893.70 -173125.95
-795778.70 -173125.95
-795778.70 -173196.95
-795893.70 -173196.95
-795893.70 -173267.95
-795778.70 -173267.95
-795778.70 -173338.95
-795893.70 -173338.95
-795893.70 -173409.95
-795778.70 -173409.95
-795778.70 -173480.95
-795893.70 -173480.95
-795893.70 -173551.95
-795778.70 -173551.95
-795778.70 -173622.95
-795893.70 -173622.95
-795893.70 -173693.95
-795778.70 -173693.95
-795778.70 -173764.95
-795893.70 -173764.95
-795893.70 -173835.95
-795778.70 -173835.95
-795778.70 -173906.95
-795893.70 -173906.95
-795893.70 -173977.95
-795778.70 -173977.95
-795778.70 -174048.95
-795893.70 -174048.95
-795893.70 -174119.95
-795778.70 -174119.95
-795778.70 -174190.95
-795893.70 -174190.95
-795893.70 -174261.95
-795778.70 -174261.95
-795778.70 -174332.95
-795893.70 -174332.95
-795893.70 -174403.95
-795778.70 -174403.95
-795778.70 -174474.95
-795893.70 -174474.95
-795893.70 -174545.95
-795778.70 -174545.95
-795778.70 -174616.95
-795893.70 -174616.95
-795893.70 -174687.95
-795778.70 -174687.95
-795778.70 -174758.95
-795893.70 -174758.95
-795893.70 -174829.95
-795778.70 -174829.95
-795778.70 -174900.95
-795893.70 -174900.95
-795893.70 -174971.95
-795778.70 -174971.95
-795778.70 -175042.95
-795893.70 -175042.95
-795893.70 -175113.95
-795778.70 -175113.95
-795778.70 -175184.95
-795893.70 -175184.95
-795893.70 -175255.95
-795778.70 -175255.95
-795778.70 -175326.95
-795893.70 -175326.95
-795893.70 -175397.95
-795778.70 -175397.95
-795778.70 -175468.95
-795893.70 -175468.95
-795893.70 -175539.95
-795778.70 -175539.95
-795778.70 -175610.95
-795893.70 -175610.95
-795893.70 -175681.95
-795778.70 -175681.95
-795778.70 -175752.95
-795893.70 -175752.95
-795893.70 -175823.95
-795778.70 -175823.95
-795778.70 -175894.95
-795893.70 -175894.95
-795893.70 -175965.95
-795778.70 -175965.95
-795778.70 -176036.95
-795893.70 -176036.95
-795893.70 -176107.95
-795778.70 -176107.95
-795778.70 -176178.95
-795893.70 -176178.95
-795893.70 -176249.95
-795778.70 -176249.95
-795778.70 -176320.95
-795893.70 -176320.95
-795893.70 -176391.95
-795778.70 -176391.95
-795778.70 -176462.95
-795893.70 -176462.95
-795893.70 -176533.95
-795778.70 -176533.95
-795778.70 -176604.95
-795893.70 -176604.95
-795893.70 -176675.95
-795778.70 -176675.95
-795778.70 -176746.95
-795893.70 -176746.95
-795893.70 -176817.95
-795778.70 -176817.95
-795778.70 -176888.95
-795893.70 -176888.95
-795893.70 -176959.95
-795778.70 -176959.95
-795778.70 -177030.95
-795893.70 -177030.95
-795893.70 -177101.95
-795778.70 -177101.95
-795778.70 -177172.95
-795893.70 -177172.95
-795893.70 -177243.95
-795778.70 -177243.95
-795778.70 -177314.95
-795893.70 -177314.95
-795893.70 -177385.95
-795778.70 -177385.95
-795778.70 -177456.95
-795893.70 -177456.95
-795893.70 -177527.95
-795778.70 -177527.95
-795778.70 -177598.95
-795893.70 -177598.95
-795893.70 -177669.95
-795778.70 -177669.95
-795778.70 -177740.95
-795893.70 -177740.95
-795893.70 -177811.95
-795778.70 -177811.95
-795778.70 -177882.95
-795893.70 -177882.95
-795893.70 -177953.95
-795778.70 -177953.95
-795778.70 -178024.95
-795893.70 -178024.95
-795893.70 -178095.95
-795778.70 -178095.95
-795778.70 -178166.95
-795893.70 -178166.95
-795893.70 -178237.95
-795778.70 -178237.95
-795778.70 -178308.95
-795893.70 -178308.95
-795893.70 -178379.95
-795836.20 -178379.95
-795836.20 -178404.45
31.00