-708827.50 -157719.35
-708827.50 -157743.87
-709026.49 -157777.66
-709391.73 -157839.68
-709618.28 -157878.15
-710131.23 -157965.25
-710291.20 -157992.41
-710354.87 -158003.22
-710552.78 -158036.83
-710794.66 -158077.90
-711002.22 -158113.14
-711857.21 -158258.32
-711896.73 -158265.03
-711916.73 -158268.43
-712590.30 -158382.80
-712789.62 -158416.65
-713148.75 -158477.63
-713302.75 -158503.78
-713533.29 -158542.92
-714523.02 -158710.98
-715175.47 -158821.77
-715971.15 -158956.88
-716360.57 -159023.00
-716671.03 -159075.72
-717060.23 -159141.81
-717625.15 -159237.73
-717974.62 -159297.07
-719045.93 -159478.98
-719952.49 -159632.92
-722239.06 -160021.18
-722265.59 -160025.69
-722654.91 -160091.79
-722676.20 -160095.41
-722676.20 -160203.95
-722649.15 -160203.95
-722649.15 -160274.95
-722733.70 -160274.95
-722733.70 -160345.95
-722618.70 -160345.95
-722618.70 -160416.95
-722733.70 -160416.95
-722733.70 -160487.95
-722618.70 -160487.95
-722618.70 -160558.95
-722733.70 -160558.95
-722733.70 -160629.95
-722618.70 -160629.95
-722618.70 -160700.95
-722733.70 -160700.95
-722733.70 -160771.95
-722618.70 -160771.95
-722618.70 -160842.95
-722733.70 -160842.95
-722733.70 -160913.95
-722618.70 -160913.95
-722618.70 -160984.95
-722733.70 -160984.95
-722733.70 -161055.95
-722618.70 -161055.95
-722618.70 -161126.95
-722733.70 -161126.95
-722733.70 -161197.95
-722618.70 -161197.95
-722618.70 -161268.95
-722733.70 -161268.95
-722733.70 -161339.95
-722618.70 -161339.95
-722618.70 -161410.95
-722733.70 -161410.95
-722733.70 -161481.95
-722618.70 -161481.95
-722618.70 -161552.95
-722733.70 -161552.95
-722733.70 -161623.95
-722618.70 -161623.95
-722618.70 -161694.95
-722733.70 -161694.95
-722733.70 -161765.95
-722618.70 -161765.95
-722618.70 -161836.95
-722733.70 -161836.95
-722733.70 -161907.95
-722618.70 -161907.95
-722618.70 -161978.95
-722733.70 -161978.95
-722733.70 -162049.95
-722618.70 -162049.95
-722618.70 -162120.95
-722733.70 -162120.95
-722733.70 -162191.95
-722618.70 -162191.95
-722618.70 -162262.95
-722733.70 -162262.95
-722733.70 -162333.95
-722618.70 -162333.95
-722618.70 -162404.95
-722733.70 -162404.95
-722733.70 -162475.95
-722618.70 -162475.95
-722618.70 -162546.95
-722733.70 -162546.95
-722733.70 -162617.95
-722618.70 -162617.95
-722618.70 -162688.95
-722733.70 -162688.95
-722733.70 -162759.95
-722618.70 -162759.95
-722618.70 -162830.95
-722733.70 -162830.95
-722733.70 -162901.95
-722618.70 -162901.95
-722618.70 -162972.95
-722733.70 -162972.95
-722733.70 -163043.95
-722618.70 -163043.95
-722618.70 -163114.95
-722733.70 -163114.95
-722733.70 -163185.95
-722618.70 -163185.95
-722618.70 -163256.95
-722733.70 -163256.95
-722733.70 -163327.95
-722618.70 -163327.95
-722618.70 -163398.95
-722733.70 -163398.95
-722733.70 -163469.95
-722618.70 -163469.95
-722618.70 -163540.95
-722733.70 -163540.95
-722733.70 -163611.95
-722618.70 -163611.95
-722618.70 -163682.95
-722733.70 -163682.95
-722733.70 -163753.95
-722618.70 -163753.95
-722618.70 -163824.95
-722733.70 -163824.95
-722733.70 -163895.95
-722618.70 -163895.95
-722618.70 -163966.95
-722733.70 -163966.95
-722733.70 -164037.95
-722618.70 -164037.95
-722618.70 -164108.95
-722733.70 -164108.95
-722733.70 -164179.95
-722618.70 -164179.95
-722618.70 -164250.95
-722733.70 -164250.95
-722733.70 -164321.95
-722618.70 -164321.95
-722618.70 -164392.95
-722733.70 -164392.95
-722733.70 -164463.95
-722618.70 -164463.95
-722618.70 -164534.95
-722733.70 -164534.95
-722733.70 -164605.95
-722618.70 -164605.95
-722618.70 -164676.95
-722733.70 -164676.95
-722733.70 -164747.95
-722618.70 -164747.95
-722618.70 -164818.95
-722733.70 -164818.95
-722733.70 -164889.95
-722618.70 -164889.95
-722618.70 -164960.95
-722733.70 -164960.95
-722733.70 -165031.95
-722618.70 -165031.95
-722618.70 -165102.95
-722733.70 -165102.95
-722733.70 -165173.95
-722618.70 -165173.95
-722618.70 -165244.95
-722733.70 -165244.95
-722733.70 -165315.95
-722618.70 -165315.95
-722618.70 -165386.95
-722733.70 -165386.95
-722733.70 -165457.95
-722618.70 -165457.95
-722618.70 -165528.95
-722733.70 -165528.95
-722733.70 -165599.95
-722618.70 -165599.95
-722618.70 -165670.95
-722733.70 -165670.95
-722733.70 -165741.95
-722618.70 -165741.95
-722618.70 -165812.95
-722733.70 -165812.95
-722733.70 -165883.95
-722618.70 -165883.95
-722618.70 -165954.95
-722733.70 -165954.95
-722733.70 -166025.95
-722618.70 -166025.95
-722618.70 -166096.95
-722733.70 -166096.95
-722733.70 -166167.95
-722618.70 -166167.95
-722618.70 -166238.95
-722733.70 -166238.95
-722733.70 -166309.95
-722618.70 -166309.95
-722618.70 -166380.95
-722733.70 -166380.95
-722733.70 -166451.95
-722618.70 -166451.95
-722618.70 -166522.95
-722733.70 -166522.95
-722733.70 -166593.95
-722618.70 -166593.95
-722618.70 -166664.95
-722733.70 -166664.95
-722733.70 -166735.95
-722618.70 -166735.95
-722618.70 -166806.95
-722733.70 -166806.95
-722733.70 -166877.95
-722618.70 -166877.95
-722618.70 -166948.95
-722733.70 -166948.95
-722733.70 -167019.95
-722618.70 -167019.95
-722618.70 -167090.95
-722733.70 -167090.95
-722733.70 -167161.95
-722618.70 -167161.95
-722618.70 -167232.95
-722733.70 -167232.95
-722733.70 -167303.95
-722618.70 -167303.95
-722618.70 -167374.95
-722733.70 -167374.95
-722733.70 -167445.95
-722618.70 -167445.95
-722618.70 -167516.95
-722733.70 -167516.95
-722733.70 -167587.95
-722618.70 -167587.95
-722618.70 -167658.95
-722733.70 -167658.95
-722733.70 -167729.95
-722618.70 -167729.95
-722618.70 -167800.95
-722733.70 -167800.95
-722733.70 -167871.95
-722618.70 -167871.95
-722618.70 -167942.95
-722733.70 -167942.95
-722733.70 -168013.95
-722618.70 -168013.95
-722618.70 -168084.95
-722733.70 -168084.95
-722733.70 -168155.95
-722618.70 -168155.95
-722618.70 -168226.95
-722733.70 -168226.95
-722733.70 -168297.95
-722618.70 -168297.95
-722618.70 -168368.95
-722733.70 -168368.95
-722733.70 -168439.95
-722618.70 -168439.95
-722618.70 -168510.95
-722733.70 -168510.95
-722733.70 -168581.95
-722618.70 -168581.95
-722618.70 -168652.95
-722733.70 -168652.95
-722733.70 -168723.95
-722618.70 -168723.95
-722618.70 -168794.95
-722733.70 -168794.95
-722733.70 -168865.95
-722618.70 -168865.95
-722618.70 -168936.95
-722733.70 -168936.95
-722733.70 -169007.95
-722618.70 -169007.95
-722618.70 -169078.95
-722733.70 -169078.95
-722733.70 -169149.95
-722618.70 -169149.95
-722618.70 -169220.95
-722733.70 -169220.95
-722733.70 -169291.95
-722618.70 -169291.95
-722618.70 -169362.95
-722733.70 -169362.95
-722733.70 -169433.95
-722618.70 -169433.95
-722618.70 -169504.95
-722733.70 -169504.95
-722733.70 -169575.95
-722618.70 -169575.95
-722618.70 -169646.95
-722733.70 -169646.95
-722733.70 -169717.95
-722618.70 -169717.95
-722618.70 -169788.95
-722733.70 -169788.95
-722733.70 -169859.95
-722618.70 -169859.95
-722618.70 -169930.95
-722733.70 -169930.95
-722733.70 -170001.95
-722618.70 -170001.95
-722618.70 -170072.95
-722733.70 -170072.95
-722733.70 -170143.95
-722618.70 -170143.95
-722618.70 -170214.95
-722733.70 -170214.95
-722733.70 -170285.95
-722618.70 -170285.95
-722618.70 -170356.95
-722733.70 -170356.95
-722733.70 -170427.95
-722618.70 -170427.95
-722618.70 -170498.95
-722733.70 -170498.95
-722733.70 -170569.95
-722618.70 -170569.95
-722618.70 -170640.95
-722733.70 -170640.95
-722733.70 -170711.95
-722618.70 -170711.95
-722618.70 -170782.95
-722733.70 -170782.95
-722733.70 -170853.95
-722618.70 -170853.95
-722618.70 -170924.95
-722733.70 -170924.95
-722733.70 -170995.95
-722618.70 -170995.95
-722618.70 -171066.95
-722733.70 -171066.95
-722733.70 -171137.95
-722618.70 -171137.95
-722618.70 -171208.95
-722733.70 -171208.95
-722733.70 -171279.95
-722618.70 -171279.95
-722618.70 -171350.95
-722733.70 -171350.95
-722733.70 -171421.95
-722618.70 -171421.95
-722618.70 -171492.95
-722733.70 -171492.95
-722733.70 -171563.95
-722618.70 -171563.95
-722618.70 -171634.95
-722733.70 -171634.95
-722733.70 -171705.95
-722618.70 -171705.95
-722618.70 -171776.95
-722733.70 -171776.95
-722733.70 -171847.95
-722618.70 -171847.95
-722618.70 -171918.95
-722733.70 -171918.95
-722733.70 -171989.95
-722618.70 -171989.95
-722618.70 -172060.95
-722733.70 -172060.95
-722733.70 -172131.95
-722618.70 -172131.95
-722618.70 -172202.95
-722733.70 -172202.95
-722733.70 -172273.95
-722618.70 -172273.95
-722618.70 -172344.95
-722733.70 -172344.95
-722733.70 -172415.95
-722618.70 -172415.95
-722618.70 -172486.95
-722733.70 -172486.95
-722733.70 -172557.95
-722618.70 -172557.95
-722618.70 -172628.95
-722733.70 -172628.95
-722733.70 -172699.95
-722618.70 -172699.95
-722618.70 -172770.95
-722733.70 -172770.95
-722733.70 -172841.95
-722618.70 -172841.95
-722618.70 -172912.95
-722733.70 -172912.95
-722733.70 -172983.95
-722618.70 -172983.95
-722618.70 -173054.95
-722733.70 -173054.95
-722733.70 -173125.95
-722618.70 -173125.95
-722618.70 -173196.95
-722733.70 -173196.95
-722733.70 -173267.95
-722618.70 -173267.95
-722618.70 -173338.95
-722733.70 -173338.95
-722733.70 -173409.95
-722618.70 -173409.95
-722618.70 -173480.95
-722733.70 -173480.95
-722733.70 -173551.95
-722618.70 -173551.95
-722618.70 -173622.95
-722733.70 -173622.95
-722733.70 -173693.95
-722618.70 -173693.95
-722618.70 -173764.95
-722733.70 -173764.95
-722733.70 -173835.95
-722618.70 -173835.95
-722618.70 -173906.95
-722733.70 -173906.95
-722733.70 -173977.95
-722618.70 -173977.95
-722618.70 -174048.95
-722733.70 -174048.95
-722733.70 -174119.95
-722618.70 -174119.95
-722618.70 -174190.95
-722733.70 -174190.95
-722733.70 -174261.95
-722618.70 -174261.95
-722618.70 -174332.95
-722733.70 -174332.95
-722733.70 -174403.95
-722618.70 -174403.95
-722618.70 -174474.95
-722733.70 -174474.95
-722733.70 -174545.95
-722618.70 -174545.95
-722618.70 -174616.95
-722733.70 -174616.95
-722733.70 -174687.95
-722618.70 -174687.95
-722618.70 -174758.95
-722733.70 -174758.95
-722733.70 -174829.95
-722618.70 -174829.95
-722618.70 -174900.95
-722733.70 -174900.95
-722733.70 -174971.95
-722618.70 -174971.95
-722618.70 -175042.95
-722733.70 -175042.95
-722733.70 -175113.95
-722618.70 -175113.95
-722618.70 -175184.95
-722733.70 -175184.95
-722733.70 -175255.95
-722618.70 -175255.95
-722618.70 -175326.95
-722733.70 -175326.95
-722733.70 -175397.95
-722618.70 -175397.95
-722618.70 -175468.95
-722733.70 -175468.95
-722733.70 -175539.95
-722618.70 -175539.95
-722618.70 -175610.95
-722733.70 -175610.95
-722733.70 -175681.95
-722618.70 -175681.95
-722618.70 -175752.95
-722733.70 -175752.95
-722733.70 -175823.95
-722618.70 -175823.95
-722618.70 -175894.95
-722733.70 -175894.95
-722733.70 -175965.95
-722618.70 -175965.95
-722618.70 -176036.95
-722733.70 -176036.95
-722733.70 -176107.95
-722618.70 -176107.95
-722618.70 -176178.95
-722733.70 -176178.95
-722733.70 -176249.95
-722618.70 -176249.95
-722618.70 -176320.95
-722733.70 -176320.95
-722733.70 -176391.95
-722618.70 -176391.95
-722618.70 -176462.95
-722733.70 -176462.95
-722733.70 -176533.95
-722618.70 -176533.95
-722618.70 -176604.95
-722733.70 -176604.95
-722733.70 -176675.95
-722618.70 -176675.95
-722618.70 -176746.95
-722733.70 -176746.95
-722733.70 -176817.95
-722618.70 -176817.95
-722618.70 -176888.95
-722733.70 -176888.95
-722733.70 -176959.95
-722618.70 -176959.95
-722618.70 -177030.95
-722733.70 -177030.95
-722733.70 -177101.95
-722618.70 -177101.95
-722618.70 -177172.95
-722733.70 -177172.95
-722733.70 -177243.95
-722618.70 -177243.95
-722618.70 -177314.95
-722733.70 -177314.95
-722733.70 -177385.95
-722618.70 -177385.95
-722618.70 -177456.95
-722733.70 -177456.95
-722733.70 -177527.95
-722618.70 -177527.95
-722618.70 -177598.95
-722733.70 -177598.95
-722733.70 -177669.95
-722618.70 -177669.95
-722618.70 -177740.95
-722733.70 -177740.95
-722733.70 -177811.95
-722618.70 -177811.95
-722618.70 -177882.95
-722733.70 -177882.95
-722733.70 -177953.95
-722618.70 -177953.95
-722618.70 -178024.95
-722733.70 -178024.95
-722733.70 -178095.95
-722618.70 -178095.95
-722618.70 -178166.95
-722733.70 -178166.95
-722733.70 -178237.95
-722618.70 -178237.95
-722618.70 -178308.95
-722733.70 -178308.95
-722733.70 -178379.95
-722676.20 -178379.95
-722676.20 -178404.45
31.00