-49313.100028 102773.999972 
-52841.100000 99246.100000 
-53039.196254 99071.903294 
-53223.204930 98910.597464 
-53303.305873 98855.695974 
-53321.308259 98841.696371 
-53352.221356 98823.485911 
-53470.745691 98748.170130 
-53481.195329 98741.099601 
-53544.407984 98714.899388 
-53581.693413 98691.803066 
-53637.201550 98673.601865 
-53661.299547 98659.998646 
-53750.101387 98639.099078 
-53825.198829 98604.603262 
-53873.702850 98598.798931 
-53900.702417 98587.099288 
-53944.800579 98584.502008 
-53970.597597 98574.400000 
-54013.297813 98574.400000 
-54038.300256 98565.397692 
-54080.199407 98567.900495 
-54088.298932 98565.298766 
-54210.131430 98555.199493 
-54213.797957 98554.599516 
-54273.199492 98568.898109 
-54297.800261 98563.197680 
-54337.798406 98574.899616 
-54360.899098 98570.398075 
-54401.001372 98584.501539 
-54424.002055 98580.801475 
-54464.000476 98597.398351 
-54486.901809 98594.401770 
-54527.099924 98613.599730 
-54551.198679 98611.397656 
-54595.202122 98634.502514 
-54625.198553 98632.097432 
-54671.600222 98656.201932 
-54700.799726 98653.898467 
-54747.500079 98678.101432 
-54776.797802 98675.798734 
-54823.402025 98700.101176 
-54852.800101 98697.798266 
-54899.401048 98722.002331 
-54927.097988 98719.797522 
-54936.998251 98724.001102 
-54975.299817 98743.901757 
-55001.196227 98741.898577 
-55022.596727 98750.897033 
-55051.200799 98765.800379 
-55061.798737 98765.001263 
-55110.600000 98716.200000 
-3.000000 -3.000000 
