V 0 -29143.26 -2319.82
V 1 -29143.64 -2319.31
V 2 -29144.19 -2319.01
V 3 -29154.21 -2315.93
V 4 -29154.25 -2315.91
V 5 -29169.18 -2311.24
V 6 -29169.20 -2311.23
V 7 -29184.11 -2306.46
V 8 -29199.00 -2301.58
V 9 -29199.07 -2301.57
V 10 -29213.81 -2296.66
V 11 -29213.87 -2296.63
V 12 -29228.66 -2291.59
V 13 -29243.49 -2286.44
V 14 -29243.53 -2286.43
V 15 -29258.21 -2281.22
V 16 -29258.24 -2281.21
V 17 -29258.26 -2281.20
V 18 -29272.92 -2275.90
V 19 -29287.62 -2270.49
V 20 -29287.68 -2270.47
V 21 -29287.70 -2270.46
V 22 -29302.17 -2265.04
V 23 -29302.20 -2265.03
V 24 -29302.27 -2265.00
V 25 -29316.90 -2259.41
V 26 -29331.50 -2253.73
V 27 -29331.58 -2253.70
V 28 -29331.60 -2253.69
V 29 -29345.93 -2248.01
V 30 -29345.96 -2247.99
V 31 -29346.04 -2247.96
V 32 -29360.49 -2242.13
V 33 -29360.52 -2242.12
V 34 -29360.56 -2242.10
V 35 -29375.04 -2236.16
V 36 -29389.40 -2230.16
V 37 -29389.42 -2230.14
V 38 -29389.47 -2230.12
V 39 -29403.83 -2224.02
V 40 -29403.85 -2224.02
V 41 -29403.89 -2224.00
V 42 -29418.22 -2217.81
V 43 -29418.24 -2217.80
V 44 -29418.27 -2217.79
V 45 -29418.29 -2217.79
V 46 -29432.52 -2211.53
V 47 -29432.56 -2211.50
V 48 -29432.59 -2211.49
V 49 -29446.84 -2205.12
V 50 -29461.13 -2198.61
V 51 -29461.15 -2198.61
V 52 -29475.31 -2192.08
V 53 -29475.34 -2192.06
V 54 -29489.52 -2185.41
V 55 -29489.56 -2185.40
V 56 -29503.66 -2178.66
V 57 -29503.69 -2178.65
V 58 -29517.72 -2171.86
V 59 -29531.82 -2164.92
V 60 -29531.85 -2164.91
V 61 -29545.78 -2157.95
V 62 -29559.75 -2150.87
V 63 -29573.68 -2143.69
V 64 -29587.55 -2136.45
V 65 -29587.60 -2136.42
V 66 -29587.64 -2136.41
V 67 -29601.28 -2129.16
V 68 -29601.37 -2129.11
V 69 -29601.41 -2129.09
V 70 -29601.44 -2129.07
V 71 -29615.15 -2121.69
V 72 -29628.89 -2114.17
V 73 -29628.97 -2114.13
V 74 -29642.58 -2106.59
V 75 -29656.24 -2098.92
V 76 -29656.28 -2098.90
V 77 -29656.33 -2098.87
V 78 -29669.75 -2091.21
V 79 -29669.77 -2091.19
V 80 -29683.38 -2083.32
V 81 -29696.81 -2075.43
V 82 -29696.83 -2075.41
V 83 -29696.86 -2075.39
V 84 -29710.32 -2067.39
V 85 -29723.71 -2059.31
V 86 -29723.73 -2059.30
V 87 -29737.05 -2051.15
V 88 -29737.09 -2051.13
V 89 -29737.12 -2051.11
V 90 -29750.32 -2042.91
V 91 -29750.37 -2042.87
V 92 -29763.63 -2034.54
V 93 -29763.66 -2034.53
V 94 -29776.84 -2026.11
V 95 -29776.86 -2026.10
V 96 -29789.97 -2017.65
V 97 -29790.00 -2017.62
V 98 -29790.04 -2017.60
V 99 -29802.95 -2009.14
V 100 -29803.04 -2009.08
V 101 -29803.08 -2009.05
V 102 -29816.15 -2000.37
V 103 -29816.17 -2000.36
V 104 -29829.00 -1991.73
V 105 -29829.11 -1991.66
V 106 -29829.15 -1991.63
V 107 -29829.17 -1991.62
V 108 -29841.93 -1982.92
V 109 -29842.05 -1982.84
V 110 -29842.09 -1982.81
V 111 -29842.12 -1982.80
V 112 -29854.81 -1974.03
V 113 -29854.83 -1974.01
V 114 -29854.91 -1973.96
V 115 -29854.93 -1973.94
V 116 -29867.75 -1964.97
V 117 -29867.81 -1964.93
V 118 -29880.43 -1955.98
V 119 -29880.48 -1955.95
V 120 -29880.52 -1955.92
V 121 -29893.14 -1946.87
V 122 -29893.16 -1946.85
V 123 -29893.21 -1946.82
V 124 -29893.32 -1946.74
V 125 -29905.80 -1937.66
V 126 -29905.83 -1937.63
V 127 -29905.90 -1937.58
V 128 -29918.42 -1928.34
V 129 -29918.44 -1928.32
V 130 -29918.50 -1928.28
V 131 -29930.96 -1918.99
V 132 -29930.98 -1918.97
V 133 -29931.02 -1918.95
V 134 -29931.03 -1918.93
V 135 -29943.53 -1909.47
V 136 -29955.89 -1900.03
V 137 -29955.92 -1900.00
V 138 -29955.99 -1899.95
V 139 -29968.24 -1890.44
V 140 -29968.29 -1890.39
V 141 -29968.32 -1890.37
V 142 -29980.59 -1880.75
V 143 -29980.61 -1880.73
V 144 -29980.64 -1880.71
V 145 -29980.69 -1880.68
V 146 -29992.81 -1871.04
V 147 -29992.88 -1870.97
V 148 -29992.91 -1870.95
V 149 -30005.04 -1861.18
V 150 -30005.07 -1861.15
V 151 -30005.11 -1861.12
V 152 -30017.17 -1851.29
V 153 -30017.21 -1851.25
V 154 -30029.29 -1841.27
V 155 -30029.34 -1841.24
V 156 -30041.25 -1831.29
V 157 -30041.31 -1831.23
V 158 -30041.36 -1831.20
V 159 -30053.18 -1821.18
V 160 -30053.27 -1821.09
V 161 -30065.13 -1810.93
V 162 -30065.15 -1810.91
V 163 -30065.20 -1810.88
V 164 -30076.88 -1800.74
V 165 -30076.98 -1800.64
V 166 -30088.71 -1790.33
V 167 -30088.74 -1790.30
V 168 -30088.76 -1790.29
V 169 -30100.41 -1779.93
V 170 -30100.45 -1779.89
V 171 -30100.50 -1779.86
V 172 -30111.95 -1769.55
V 173 -30112.09 -1769.41
V 174 -30112.11 -1769.40
V 175 -30123.61 -1758.91
V 176 -30123.66 -1758.86
V 177 -30123.68 -1758.85
V 178 -30135.11 -1748.29
V 179 -30135.17 -1748.23
V 180 -30146.55 -1737.59
V 181 -30146.61 -1737.53
V 182 -30157.91 -1726.84
V 183 -30157.98 -1726.77
V 184 -30169.22 -1716.01
V 185 -30169.30 -1715.93
V 186 -30180.47 -1705.10
V 187 -30180.55 -1705.02
V 188 -30191.63 -1694.15
V 189 -30202.73 -1683.11
V 190 -30213.77 -1672.01
V 191 -30224.64 -1660.93
V 192 -30224.72 -1660.85
V 193 -30235.55 -1649.68
V 194 -30235.63 -1649.60
V 195 -30246.38 -1638.37
V 196 -30246.46 -1638.29
V 197 -30257.14 -1627.00
V 198 -30257.21 -1626.93
V 199 -30267.84 -1615.56
V 200 -30267.91 -1615.49
V 201 -30278.47 -1604.06
V 202 -30278.48 -1604.04
V 203 -30278.53 -1603.99
V 204 -30289.02 -1592.49
V 205 -30289.03 -1592.47
V 206 -30289.17 -1592.33
V 207 -30299.48 -1580.88
V 208 -30299.51 -1580.83
V 209 -30299.55 -1580.79
V 210 -30309.91 -1569.14
V 211 -30309.92 -1569.12
V 212 -30309.95 -1569.09
V 213 -30320.25 -1557.37
V 214 -30320.36 -1557.26
V 215 -30330.50 -1545.58
V 216 -30330.53 -1545.53
V 217 -30330.55 -1545.51
V 218 -30340.71 -1533.65
V 219 -30340.80 -1533.56
V 220 -30350.82 -1521.74
V 221 -30350.85 -1521.69
V 222 -30350.91 -1521.63
V 223 -30360.86 -1509.72
V 224 -30360.89 -1509.67
V 225 -30370.87 -1497.59
V 226 -30370.91 -1497.55
V 227 -30380.74 -1485.49
V 228 -30380.77 -1485.45
V 229 -30380.80 -1485.42
V 230 -30390.57 -1473.29
V 231 -30390.59 -1473.26
V 232 -30390.66 -1473.19
V 233 -30400.30 -1461.07
V 234 -30400.33 -1461.02
V 235 -30400.35 -1460.99
V 236 -30400.37 -1460.97
V 237 -30409.99 -1448.70
V 238 -30410.01 -1448.67
V 239 -30410.06 -1448.62
V 240 -30419.57 -1436.37
V 241 -30419.62 -1436.30
V 242 -30419.65 -1436.27
V 243 -30429.09 -1423.91
V 244 -30438.55 -1411.41
V 245 -30438.57 -1411.40
V 246 -30438.59 -1411.36
V 247 -30438.61 -1411.34
V 248 -30447.90 -1398.88
V 249 -30447.94 -1398.82
V 250 -30447.96 -1398.80
V 251 -30457.20 -1386.28
V 252 -30457.25 -1386.21
V 253 -30457.28 -1386.18
V 254 -30466.36 -1373.70
V 255 -30466.44 -1373.59
V 256 -30466.47 -1373.54
V 257 -30466.49 -1373.52
V 258 -30475.54 -1360.90
V 259 -30475.57 -1360.86
V 260 -30475.60 -1360.81
V 261 -30484.55 -1348.19
V 262 -30484.59 -1348.13
V 263 -30493.56 -1335.31
V 264 -30493.58 -1335.29
V 265 -30493.63 -1335.21
V 266 -30493.65 -1335.19
V 267 -30502.42 -1322.50
V 268 -30502.43 -1322.47
V 269 -30502.46 -1322.43
V 270 -30502.54 -1322.31
V 271 -30511.24 -1309.55
V 272 -30511.25 -1309.53
V 273 -30511.28 -1309.49
V 274 -30511.35 -1309.38
V 275 -30519.98 -1296.55
V 276 -30519.99 -1296.53
V 277 -30528.67 -1283.46
V 278 -30528.70 -1283.42
V 279 -30528.76 -1283.33
V 280 -30537.22 -1270.42
V 281 -30537.24 -1270.38
V 282 -30537.27 -1270.35
V 283 -30545.72 -1257.24
V 284 -30545.73 -1257.22
V 285 -30554.15 -1244.04
V 286 -30554.16 -1244.01
V 287 -30562.49 -1230.75
V 288 -30562.53 -1230.70
V 289 -30570.73 -1217.50
V 290 -30570.75 -1217.47
V 291 -30570.77 -1217.43
V 292 -30578.92 -1204.11
V 293 -30578.93 -1204.09
V 294 -30587.01 -1190.70
V 295 -30595.01 -1177.24
V 296 -30595.03 -1177.21
V 297 -30595.05 -1177.19
V 298 -30602.94 -1163.76
V 299 -30610.81 -1150.15
V 300 -30610.83 -1150.13
V 301 -30618.49 -1136.71
V 302 -30618.52 -1136.66
V 303 -30618.54 -1136.62
V 304 -30626.21 -1122.96
V 305 -30633.75 -1109.35
V 306 -30633.79 -1109.27
V 307 -30641.31 -1095.53
V 308 -30648.69 -1081.82
V 309 -30648.71 -1081.79
V 310 -30648.73 -1081.75
V 311 -30648.78 -1081.66
V 312 -30656.03 -1068.02
V 313 -30656.04 -1067.98
V 314 -30656.07 -1067.93
V 315 -30663.28 -1054.12
V 316 -30663.31 -1054.06
V 317 -30670.46 -1040.19
V 318 -30677.57 -1026.16
V 319 -30684.53 -1012.23
V 320 -30684.54 -1012.20
V 321 -30691.46 -998.14
V 322 -30698.27 -984.07
V 323 -30698.28 -984.04
V 324 -30705.02 -969.94
V 325 -30705.03 -969.90
V 326 -30711.68 -955.72
V 327 -30711.70 -955.69
V 328 -30718.23 -941.53
V 329 -30718.23 -941.51
V 330 -30724.72 -927.26
V 331 -30731.11 -912.97
V 332 -30731.12 -912.94
V 333 -30731.15 -912.90
V 334 -30737.41 -898.67
V 335 -30737.41 -898.65
V 336 -30737.42 -898.62
V 337 -30737.43 -898.60
V 338 -30743.62 -884.27
V 339 -30743.64 -884.23
V 340 -30743.64 -884.21
V 341 -30749.74 -869.85
V 342 -30749.76 -869.80
V 343 -30749.78 -869.78
V 344 -30755.78 -855.42
V 345 -30761.72 -840.94
V 346 -30761.74 -840.90
V 347 -30761.75 -840.87
V 348 -30767.58 -826.42
V 349 -30767.61 -826.34
V 350 -30767.63 -826.31
V 351 -30773.31 -811.98
V 352 -30773.32 -811.96
V 353 -30773.35 -811.88
V 354 -30779.03 -797.28
V 355 -30784.62 -782.65
V 356 -30784.65 -782.58
V 357 -30784.66 -782.55
V 358 -30790.08 -768.08
V 359 -30790.09 -768.06
V 360 -30790.11 -768.00
V 361 -30795.52 -753.30
V 362 -30800.82 -738.64
V 363 -30800.83 -738.62
V 364 -30800.84 -738.59
V 365 -30806.05 -723.91
V 366 -30806.06 -723.87
V 367 -30811.21 -709.04
V 368 -30816.25 -694.25
V 369 -30816.28 -694.19
V 370 -30821.19 -679.45
V 371 -30821.20 -679.38
V 372 -30826.08 -664.49
V 373 -30830.85 -649.58
V 374 -30830.86 -649.56
V 375 -30835.53 -634.63
V 376 -30835.55 -634.59
V 377 -30840.11 -619.73
V 378 -30840.12 -619.69
V 379 -30844.62 -604.68
V 380 -30844.63 -604.66
V 381 -30849.03 -589.67
V 382 -30849.04 -589.63
V 383 -30849.05 -589.60
V 384 -30853.34 -574.64
V 385 -30853.35 -574.57
V 386 -30853.36 -574.55
V 387 -30857.56 -559.55
V 388 -30861.69 -544.44
V 389 -30865.73 -529.31
V 390 -30865.75 -529.26
V 391 -30865.75 -529.24
V 392 -30869.69 -514.08
V 393 -30869.70 -514.06
V 394 -30873.52 -499.00
V 395 -30877.28 -483.80
V 396 -30880.94 -468.58
V 397 -30884.51 -453.34
V 398 -30888.02 -437.95
V 399 -30891.35 -422.92
V 400 -30891.37 -422.79
V 401 -30894.66 -407.48
V 402 -30897.86 -392.15
V 403 -30900.96 -376.81
V 404 -30903.94 -361.56
V 405 -30903.94 -361.53
V 406 -30903.96 -361.45
V 407 -30906.86 -346.18
V 408 -30906.86 -346.15
V 409 -30906.87 -346.07
V 410 -30909.70 -330.68
V 411 -30912.42 -315.26
V 412 -30915.05 -299.83
V 413 -30917.57 -284.46
V 414 -30917.57 -284.43
V 415 -30917.58 -284.40
V 416 -30917.58 -284.37
V 417 -30920.01 -268.96
V 418 -30920.03 -268.88
V 419 -30922.35 -253.57
V 420 -30922.36 -253.47
V 421 -30922.38 -253.40
V 422 -30924.61 -238.07
V 423 -30924.62 -237.97
V 424 -30924.62 -237.95
V 425 -30926.77 -222.43
V 426 -30928.83 -206.91
V 427 -30930.79 -191.37
V 428 -30932.65 -175.89
V 429 -30932.66 -175.83
V 430 -30932.66 -175.81
V 431 -30934.43 -160.38
V 432 -30934.44 -160.28
V 433 -30934.45 -160.25
V 434 -30936.10 -144.82
V 435 -30936.10 -144.80
V 436 -30936.11 -144.70
V 437 -30936.12 -144.67
V 438 -30937.68 -129.26
V 439 -30937.68 -129.22
V 440 -30937.69 -129.12
V 441 -30937.70 -129.08
V 442 -30939.17 -113.67
V 443 -30939.17 -113.62
V 444 -30939.18 -113.52
V 445 -30939.19 -113.48
V 446 -30940.56 -98.09
V 447 -30940.56 -98.02
V 448 -30940.57 -97.92
V 449 -30940.58 -97.88
V 450 -30941.87 -82.49
V 451 -30941.87 -82.39
V 452 -30943.07 -66.77
V 453 -30944.17 -51.15
V 454 -30945.18 -35.53
V 455 -30946.09 -19.89
V 456 -30946.91 -4.26
V 457 -30946.91 -4.23
V 458 -30947.63 11.37
V 459 -30947.63 11.41
V 460 -30948.25 27.00
V 461 -30948.25 27.05
V 462 -30948.78 42.65
V 463 -30948.78 42.71
V 464 -30949.21 58.30
V 465 -30949.21 58.37
V 466 -30949.55 73.95
V 467 -30949.55 74.02
V 468 -30949.79 89.60
V 469 -30949.79 89.68
V 470 -30949.93 105.26
V 471 -30949.93 105.34
V 472 -30949.98 120.91
V 473 -30949.93 136.48
V 474 -30949.93 136.56
V 475 -30949.79 152.14
V 476 -30949.79 152.22
V 477 -30949.55 167.80
V 478 -30949.55 167.87
V 479 -30949.21 183.45
V 480 -30949.21 183.52
V 481 -30948.78 199.11
V 482 -30948.78 199.17
V 483 -30948.25 214.77
V 484 -30948.25 214.82
V 485 -30947.63 230.41
V 486 -30947.63 230.45
V 487 -30946.91 246.05
V 488 -30946.91 246.08
V 489 -30946.09 261.71
V 490 -30945.18 277.35
V 491 -30944.17 292.97
V 492 -30943.07 308.59
V 493 -30941.87 324.21
V 494 -30941.87 324.31
V 495 -30940.58 339.70
V 496 -30940.57 339.74
V 497 -30940.56 339.84
V 498 -30940.56 339.91
V 499 -30939.19 355.30
V 500 -30939.18 355.34
V 501 -30939.17 355.44
V 502 -30939.17 355.49
V 503 -30937.70 370.90
V 504 -30937.69 370.94
V 505 -30937.68 371.04
V 506 -30937.68 371.08
V 507 -30936.12 386.49
V 508 -30936.11 386.52
V 509 -30936.10 386.62
V 510 -30936.10 386.64
V 511 -30934.45 402.07
V 512 -30934.44 402.10
V 513 -30934.43 402.20
V 514 -30932.66 417.63
V 515 -30932.66 417.65
V 516 -30932.65 417.71
V 517 -30930.79 433.19
V 518 -30928.83 448.73
V 519 -30926.77 464.25
V 520 -30924.62 479.77
V 521 -30924.62 479.79
V 522 -30924.61 479.89
V 523 -30922.38 495.22
V 524 -30922.36 495.29
V 525 -30922.35 495.39
V 526 -30920.03 510.70
V 527 -30920.01 510.78
V 528 -30917.58 526.19
V 529 -30917.58 526.22
V 530 -30917.57 526.25
V 531 -30917.57 526.28
V 532 -30915.05 541.65
V 533 -30912.42 557.08
V 534 -30909.70 572.50
V 535 -30906.87 587.89
V 536 -30906.86 587.97
V 537 -30906.86 588.00
V 538 -30905.12 597.16
V 539 -30905.10 597.25
V 540 -30905.09 597.35
V 541 -30905.09 4246.57
V 542 -30908.09 4246.57
V 543 -30908.09 597.56
V 544 -30909.83 588.43
V 545 -30912.66 573.04
V 546 -30915.38 557.60
V 547 -30918.01 542.15
V 548 -30918.01 542.12
V 549 -30918.02 542.09
V 550 -30918.02 542.06
V 551 -30920.54 526.68
V 552 -30920.55 526.63
V 553 -30922.99 511.16
V 554 -30923.00 511.06
V 555 -30925.32 495.75
V 556 -30925.34 495.67
V 557 -30925.35 495.57
V 558 -30927.58 480.24
V 559 -30927.60 480.19
V 560 -30929.75 464.67
V 561 -30931.81 449.13
V 562 -30933.77 433.58
V 563 -30933.78 433.52
V 564 -30935.64 418.04
V 565 -30935.65 417.93
V 566 -30937.42 402.50
V 567 -30937.42 402.48
V 568 -30937.43 402.38
V 569 -30937.43 402.36
V 570 -30939.08 386.93
V 571 -30939.09 386.90
V 572 -30939.10 386.80
V 573 -30939.10 386.76
V 574 -30940.66 371.35
V 575 -30940.67 371.32
V 576 -30940.68 371.22
V 577 -30940.68 371.17
V 578 -30942.15 355.76
V 579 -30942.16 355.72
V 580 -30942.17 355.62
V 581 -30942.17 355.55
V 582 -30943.54 340.16
V 583 -30943.55 340.12
V 584 -30943.56 340.02
V 585 -30943.56 339.94
V 586 -30944.85 324.55
V 587 -30944.86 324.51
V 588 -30944.87 324.43
V 589 -30946.07 308.81
V 590 -30947.17 293.19
V 591 -30948.18 277.55
V 592 -30949.09 261.90
V 593 -30949.91 246.26
V 594 -30949.91 246.23
V 595 -30950.63 230.63
V 596 -30950.63 230.58
V 597 -30951.25 214.99
V 598 -30951.25 214.93
V 599 -30951.78 199.33
V 600 -30951.78 199.26
V 601 -30952.21 183.67
V 602 -30952.21 183.59
V 603 -30952.55 168.01
V 604 -30952.55 167.92
V 605 -30952.79 152.34
V 606 -30952.79 152.25
V 607 -30952.93 136.67
V 608 -30952.93 136.57
V 609 -30952.98 121.00
V 610 -30952.98 120.82
V 611 -30952.93 105.25
V 612 -30952.93 105.15
V 613 -30952.79 89.57
V 614 -30952.79 89.48
V 615 -30952.55 73.90
V 616 -30952.55 73.81
V 617 -30952.21 58.23
V 618 -30952.21 58.15
V 619 -30951.78 42.56
V 620 -30951.78 42.49
V 621 -30951.25 26.89
V 622 -30951.25 26.83
V 623 -30950.63 11.24
V 624 -30950.63 11.19
V 625 -30949.91 -4.41
V 626 -30949.91 -4.44
V 627 -30949.09 -20.08
V 628 -30948.18 -35.73
V 629 -30947.17 -51.37
V 630 -30946.07 -66.99
V 631 -30944.87 -82.61
V 632 -30944.86 -82.69
V 633 -30944.85 -82.73
V 634 -30943.56 -98.12
V 635 -30943.56 -98.20
V 636 -30943.55 -98.30
V 637 -30943.54 -98.34
V 638 -30942.17 -113.73
V 639 -30942.17 -113.80
V 640 -30942.16 -113.90
V 641 -30942.15 -113.94
V 642 -30940.68 -129.35
V 643 -30940.68 -129.40
V 644 -30940.67 -129.50
V 645 -30940.66 -129.53
V 646 -30939.10 -144.94
V 647 -30939.10 -144.98
V 648 -30939.09 -145.08
V 649 -30939.08 -145.11
V 650 -30937.43 -160.54
V 651 -30937.43 -160.56
V 652 -30937.42 -160.66
V 653 -30937.42 -160.68
V 654 -30935.65 -176.11
V 655 -30935.64 -176.22
V 656 -30933.78 -191.70
V 657 -30933.77 -191.76
V 658 -30931.81 -207.31
V 659 -30929.75 -222.85
V 660 -30927.60 -238.37
V 661 -30927.58 -238.42
V 662 -30925.35 -253.75
V 663 -30925.34 -253.85
V 664 -30925.32 -253.93
V 665 -30923.00 -269.24
V 666 -30922.99 -269.34
V 667 -30920.55 -284.81
V 668 -30920.54 -284.86
V 669 -30918.02 -300.24
V 670 -30918.02 -300.27
V 671 -30918.01 -300.30
V 672 -30918.01 -300.33
V 673 -30915.38 -315.78
V 674 -30912.66 -331.22
V 675 -30909.83 -346.61
V 676 -30906.92 -361.90
V 677 -30906.92 -361.93
V 678 -30906.90 -362.03
V 679 -30903.92 -377.29
V 680 -30903.92 -377.32
V 681 -30903.91 -377.36
V 682 -30903.90 -377.41
V 683 -30900.80 -392.77
V 684 -30897.60 -408.12
V 685 -30894.31 -423.43
V 686 -30894.27 -423.57
V 687 -30890.94 -438.60
V 688 -30890.91 -438.74
V 689 -30887.43 -454.02
V 690 -30883.86 -469.28
V 691 -30880.20 -484.52
V 692 -30876.44 -499.72
V 693 -30876.41 -499.82
V 694 -30876.40 -499.84
V 695 -30872.56 -514.95
V 696 -30872.55 -514.98
V 697 -30872.55 -515.00
V 698 -30868.63 -530.09
V 699 -30864.59 -545.24
V 700 -30860.46 -560.35
V 701 -30860.44 -560.41
V 702 -30860.43 -560.43
V 703 -30856.21 -575.49
V 704 -30856.20 -575.52
V 705 -30851.91 -590.48
V 706 -30851.91 -590.53
V 707 -30851.90 -590.55
V 708 -30847.50 -605.55
V 709 -30842.99 -620.58
V 710 -30842.97 -620.62
V 711 -30838.41 -635.48
V 712 -30838.39 -635.55
V 713 -30838.38 -635.57
V 714 -30833.71 -650.50
V 715 -30828.94 -665.43
V 716 -30824.06 -680.32
V 717 -30824.03 -680.37
V 718 -30819.12 -695.11
V 719 -30819.11 -695.17
V 720 -30814.06 -709.99
V 721 -30814.05 -710.02
V 722 -30808.91 -724.82
V 723 -30808.89 -724.85
V 724 -30803.69 -739.52
V 725 -30803.68 -739.56
V 726 -30803.66 -739.61
V 727 -30798.36 -754.28
V 728 -30798.35 -754.30
V 729 -30798.34 -754.34
V 730 -30792.93 -769.04
V 731 -30792.88 -769.16
V 732 -30787.46 -783.63
V 733 -30787.45 -783.65
V 734 -30787.43 -783.70
V 735 -30787.42 -783.73
V 736 -30781.83 -798.36
V 737 -30776.15 -812.96
V 738 -30776.11 -813.06
V 739 -30776.09 -813.09
V 740 -30770.41 -827.42
V 741 -30770.36 -827.54
V 742 -30770.34 -827.59
V 743 -30770.33 -827.62
V 744 -30764.50 -842.08
V 745 -30758.56 -856.56
V 746 -30758.53 -856.63
V 747 -30758.51 -856.65
V 748 -30752.50 -871.03
V 749 -30752.48 -871.07
V 750 -30752.48 -871.09
V 751 -30746.38 -885.45
V 752 -30746.37 -885.48
V 753 -30746.36 -885.50
V 754 -30740.17 -899.84
V 755 -30740.15 -899.88
V 756 -30740.12 -899.92
V 757 -30733.86 -914.15
V 758 -30733.84 -914.22
V 759 -30727.46 -928.50
V 760 -30720.97 -942.76
V 761 -30720.94 -942.80
V 762 -30714.41 -956.96
V 763 -30714.40 -957.00
V 764 -30707.75 -971.18
V 765 -30701.01 -985.28
V 766 -30701.00 -985.32
V 767 -30694.19 -999.39
V 768 -30694.18 -999.42
V 769 -30687.25 -1013.50
V 770 -30687.24 -1013.52
V 771 -30680.28 -1027.45
V 772 -30680.27 -1027.48
V 773 -30680.25 -1027.52
V 774 -30673.17 -1041.49
V 775 -30665.99 -1055.42
V 776 -30658.74 -1069.30
V 777 -30658.71 -1069.34
V 778 -30658.67 -1069.42
V 779 -30651.42 -1083.06
V 780 -30651.41 -1083.10
V 781 -30651.37 -1083.17
V 782 -30643.99 -1096.89
V 783 -30643.97 -1096.92
V 784 -30643.95 -1096.97
V 785 -30636.43 -1110.71
V 786 -30628.83 -1124.42
V 787 -30621.16 -1138.08
V 788 -30621.12 -1138.15
V 789 -30621.10 -1138.17
V 790 -30613.44 -1151.59
V 791 -30613.38 -1151.70
V 792 -30605.54 -1165.26
V 793 -30605.51 -1165.31
V 794 -30605.49 -1165.33
V 795 -30597.59 -1178.78
V 796 -30589.59 -1192.24
V 797 -30589.57 -1192.27
V 798 -30581.48 -1205.67
V 799 -30581.46 -1205.71
V 800 -30573.31 -1219.03
V 801 -30573.30 -1219.05
V 802 -30573.26 -1219.10
V 803 -30565.03 -1232.35
V 804 -30556.68 -1245.64
V 805 -30548.28 -1258.79
V 806 -30548.27 -1258.82
V 807 -30548.24 -1258.85
V 808 -30539.79 -1271.96
V 809 -30539.78 -1271.98
V 810 -30539.71 -1272.08
V 811 -30539.67 -1272.14
V 812 -30531.21 -1285.05
V 813 -30531.19 -1285.09
V 814 -30522.51 -1298.16
V 815 -30522.43 -1298.28
V 816 -30513.80 -1311.11
V 817 -30513.79 -1311.13
V 818 -30513.76 -1311.17
V 819 -30513.68 -1311.29
V 820 -30504.98 -1324.05
V 821 -30504.97 -1324.07
V 822 -30504.91 -1324.15
V 823 -30504.86 -1324.23
V 824 -30504.84 -1324.25
V 825 -30496.07 -1336.94
V 826 -30496.06 -1336.97
V 827 -30496.02 -1337.03
V 828 -30487.05 -1349.85
V 829 -30487.01 -1349.90
V 830 -30486.98 -1349.95
V 831 -30478.03 -1362.57
V 832 -30477.98 -1362.64
V 833 -30477.95 -1362.68
V 834 -30477.92 -1362.73
V 835 -30477.90 -1362.75
V 836 -30468.85 -1375.37
V 837 -30468.79 -1375.46
V 838 -30468.76 -1375.49
V 839 -30459.68 -1387.97
V 840 -30459.58 -1388.12
V 841 -30459.56 -1388.14
V 842 -30450.32 -1400.66
V 843 -30450.29 -1400.69
V 844 -30450.27 -1400.73
V 845 -30450.25 -1400.75
V 846 -30440.95 -1413.23
V 847 -30431.49 -1425.73
V 848 -30431.45 -1425.78
V 849 -30431.42 -1425.81
V 850 -30421.98 -1438.16
V 851 -30421.94 -1438.22
V 852 -30421.89 -1438.27
V 853 -30412.35 -1450.56
V 854 -30412.33 -1450.59
V 855 -30412.31 -1450.61
V 856 -30402.69 -1462.88
V 857 -30402.67 -1462.91
V 858 -30402.60 -1462.98
V 859 -30392.96 -1475.10
V 860 -30392.91 -1475.18
V 861 -30392.88 -1475.21
V 862 -30383.11 -1487.34
V 863 -30383.09 -1487.37
V 864 -30383.05 -1487.41
V 865 -30373.22 -1499.47
V 866 -30373.19 -1499.51
V 867 -30363.21 -1511.59
V 868 -30363.15 -1511.65
V 869 -30353.20 -1523.56
V 870 -30353.17 -1523.61
V 871 -30353.09 -1523.69
V 872 -30343.07 -1535.51
V 873 -30343.04 -1535.56
V 874 -30343.02 -1535.58
V 875 -30332.86 -1547.44
V 876 -30332.75 -1547.55
V 877 -30322.61 -1559.23
V 878 -30322.58 -1559.28
V 879 -30322.55 -1559.31
V 880 -30312.24 -1571.04
V 881 -30312.20 -1571.08
V 882 -30301.84 -1582.73
V 883 -30301.83 -1582.75
V 884 -30301.69 -1582.89
V 885 -30291.38 -1594.34
V 886 -30291.35 -1594.39
V 887 -30291.30 -1594.44
V 888 -30280.81 -1605.94
V 889 -30280.80 -1605.96
V 890 -30280.74 -1606.02
V 891 -30270.18 -1617.45
V 892 -30270.17 -1617.47
V 893 -30270.11 -1617.53
V 894 -30259.47 -1628.91
V 895 -30259.40 -1628.98
V 896 -30248.71 -1640.28
V 897 -30248.63 -1640.36
V 898 -30237.87 -1651.60
V 899 -30237.79 -1651.68
V 900 -30226.96 -1662.85
V 901 -30226.87 -1662.94
V 902 -30216.00 -1674.02
V 903 -30204.75 -1685.33
V 904 -30193.64 -1696.38
V 905 -30182.56 -1707.25
V 906 -30182.47 -1707.34
V 907 -30171.30 -1718.17
V 908 -30171.21 -1718.26
V 909 -30159.98 -1729.01
V 910 -30159.89 -1729.10
V 911 -30148.60 -1739.78
V 912 -30148.52 -1739.86
V 913 -30137.15 -1750.49
V 914 -30137.09 -1750.55
V 915 -30137.07 -1750.56
V 916 -30125.64 -1761.12
V 917 -30125.58 -1761.18
V 918 -30125.56 -1761.19
V 919 -30114.06 -1771.68
V 920 -30114.01 -1771.73
V 921 -30113.96 -1771.76
V 922 -30102.51 -1782.07
V 923 -30102.37 -1782.21
V 924 -30102.35 -1782.22
V 925 -30090.70 -1792.58
V 926 -30090.65 -1792.63
V 927 -30078.93 -1802.93
V 928 -30078.90 -1802.96
V 929 -30078.85 -1802.99
V 930 -30067.17 -1813.13
V 931 -30067.06 -1813.24
V 932 -30055.20 -1823.40
V 933 -30055.18 -1823.42
V 934 -30055.13 -1823.45
V 935 -30043.31 -1833.47
V 936 -30043.23 -1833.55
V 937 -30043.18 -1833.58
V 938 -30031.27 -1843.53
V 939 -30031.21 -1843.59
V 940 -30019.13 -1853.57
V 941 -30019.09 -1853.60
V 942 -30007.03 -1863.43
V 943 -30006.99 -1863.47
V 944 -30006.96 -1863.49
V 945 -29994.83 -1873.26
V 946 -29994.80 -1873.29
V 947 -29994.72 -1873.34
V 948 -29982.60 -1882.98
V 949 -29982.53 -1883.05
V 950 -29982.50 -1883.07
V 951 -29970.23 -1892.69
V 952 -29970.21 -1892.71
V 953 -29970.18 -1892.73
V 954 -29957.89 -1902.27
V 955 -29957.84 -1902.32
V 956 -29957.78 -1902.36
V 957 -29945.43 -1911.80
V 958 -29945.40 -1911.83
V 959 -29945.35 -1911.87
V 960 -29932.85 -1921.33
V 961 -29920.37 -1930.63
V 962 -29920.35 -1930.65
V 963 -29920.31 -1930.67
V 964 -29920.28 -1930.70
V 965 -29907.76 -1939.94
V 966 -29907.74 -1939.96
V 967 -29907.59 -1940.06
V 968 -29895.11 -1949.14
V 969 -29895.08 -1949.17
V 970 -29894.99 -1949.23
V 971 -29882.37 -1958.28
V 972 -29882.35 -1958.30
V 973 -29882.30 -1958.33
V 974 -29882.26 -1958.36
V 975 -29882.19 -1958.41
V 976 -29869.57 -1967.36
V 977 -29869.52 -1967.39
V 978 -29869.47 -1967.43
V 979 -29856.65 -1976.40
V 980 -29856.59 -1976.44
V 981 -29856.56 -1976.45
V 982 -29843.87 -1985.22
V 983 -29843.85 -1985.24
V 984 -29843.77 -1985.29
V 985 -29843.69 -1985.35
V 986 -29843.67 -1985.36
V 987 -29830.91 -1994.06
V 988 -29830.79 -1994.14
V 989 -29830.75 -1994.17
V 990 -29830.73 -1994.18
V 991 -29817.90 -2002.81
V 992 -29817.78 -2002.89
V 993 -29804.71 -2011.57
V 994 -29804.67 -2011.59
V 995 -29791.76 -2020.05
V 996 -29791.67 -2020.11
V 997 -29791.60 -2020.16
V 998 -29791.58 -2020.17
V 999 -29778.47 -2028.62
V 1000 -29778.44 -2028.65
V 1001 -29778.41 -2028.66
V 1002 -29765.23 -2037.08
V 1003 -29751.97 -2045.41
V 1004 -29738.72 -2053.64
V 1005 -29738.67 -2053.68
V 1006 -29738.65 -2053.69
V 1007 -29725.33 -2061.84
V 1008 -29725.29 -2061.86
V 1009 -29711.89 -2069.95
V 1010 -29711.86 -2069.97
V 1011 -29698.40 -2077.97
V 1012 -29684.95 -2085.87
V 1013 -29684.93 -2085.89
V 1014 -29684.88 -2085.92
V 1015 -29671.32 -2093.76
V 1016 -29671.21 -2093.82
V 1017 -29657.79 -2101.48
V 1018 -29657.77 -2101.50
V 1019 -29657.70 -2101.54
V 1020 -29643.95 -2109.26
V 1021 -29630.33 -2116.81
V 1022 -29616.59 -2124.33
V 1023 -29616.54 -2124.35
V 1024 -29616.51 -2124.37
V 1025 -29602.79 -2131.75
V 1026 -29602.72 -2131.79
V 1027 -29602.68 -2131.80
V 1028 -29589.04 -2139.05
V 1029 -29588.96 -2139.09
V 1030 -29588.90 -2139.13
V 1031 -29588.86 -2139.15
V 1032 -29575.04 -2146.37
V 1033 -29561.11 -2153.55
V 1034 -29547.14 -2160.63
V 1035 -29547.10 -2160.65
V 1036 -29547.07 -2160.66
V 1037 -29533.14 -2167.62
V 1038 -29533.12 -2167.63
V 1039 -29519.04 -2174.56
V 1040 -29519.01 -2174.57
V 1041 -29504.94 -2181.38
V 1042 -29504.90 -2181.39
V 1043 -29490.80 -2188.13
V 1044 -29476.62 -2194.78
V 1045 -29476.58 -2194.79
V 1046 -29462.42 -2201.32
V 1047 -29462.38 -2201.35
V 1048 -29448.12 -2207.84
V 1049 -29433.84 -2214.22
V 1050 -29433.77 -2214.24
V 1051 -29419.54 -2220.50
V 1052 -29419.50 -2220.53
V 1053 -29419.46 -2220.55
V 1054 -29405.12 -2226.74
V 1055 -29405.10 -2226.75
V 1056 -29405.07 -2226.76
V 1057 -29390.71 -2232.86
V 1058 -29390.69 -2232.86
V 1059 -29390.65 -2232.88
V 1060 -29376.27 -2238.89
V 1061 -29376.25 -2238.91
V 1062 -29376.18 -2238.94
V 1063 -29361.70 -2244.88
V 1064 -29347.24 -2250.71
V 1065 -29347.21 -2250.72
V 1066 -29347.16 -2250.74
V 1067 -29347.04 -2250.79
V 1068 -29332.71 -2256.47
V 1069 -29332.68 -2256.49
V 1070 -29332.58 -2256.53
V 1071 -29317.98 -2262.21
V 1072 -29303.35 -2267.80
V 1073 -29303.32 -2267.81
V 1074 -29303.27 -2267.83
V 1075 -29303.25 -2267.84
V 1076 -29288.78 -2273.26
V 1077 -29288.66 -2273.31
V 1078 -29273.96 -2278.72
V 1079 -29273.92 -2278.73
V 1080 -29273.90 -2278.74
V 1081 -29259.23 -2284.04
V 1082 -29259.18 -2284.06
V 1083 -29259.14 -2284.07
V 1084 -29244.47 -2289.27
V 1085 -29244.44 -2289.29
V 1086 -29229.64 -2294.43
V 1087 -29229.61 -2294.44
V 1088 -29214.79 -2299.49
V 1089 -29214.73 -2299.50
V 1090 -29199.99 -2304.41
V 1091 -29199.94 -2304.44
V 1092 -29185.05 -2309.32
V 1093 -29170.09 -2314.10
V 1094 -29155.19 -2318.76
V 1095 -29155.17 -2318.77
V 1096 -29155.10 -2318.79
V 1097 -29146.13 -2321.54
V 1098 -29146.13 -4524.34
V 1099 -29143.13 -4524.34
V 1100 -29143.13 -2320.44
