-683558.807305 -114199.939050 
-691339.292863 -117695.001240 
-698500.294165 -122605.500437 
-704763.730512 -128783.698632 
-709903.638469 -136125.841339 
-713680.976010 -144479.402510 
-715856.538117 -153624.582715 
-716215.699075 -163274.551184 
-714551.260655 -173059.601618 
-710909.045098 -182549.714588 
-705107.447821 -191283.250803 
-697504.531364 -198705.340111 
-688327.708636 -204453.033679 
-686187.020000 -205195.618328 
-686187.020000 -209773.520000 

-683558.807305 -114199.939050 
-680167.310696 -113315.330000 
-673987.420000 -113315.330000 

