-29387.960000 -2443.727500 
-29384.630000 -2445.000671 
-29384.630000 -4524.340000 

-29387.960000 -2443.727500 
-29403.785000 -2437.565000 
-29419.385000 -2431.387500 
-29434.992500 -2425.077500 
-29450.662500 -2418.647500 
-29466.197500 -2412.155000 
-29481.677500 -2405.580000 
-29497.207500 -2398.872500 
-29512.640000 -2392.090000 
-29528.070000 -2385.190000 
-29543.410000 -2378.212500 
-29558.672500 -2371.167500 
-29574.020000 -2363.967500 
-29589.207500 -2356.720000 
-29604.332500 -2349.402500 
-29619.522500 -2341.930000 
-29634.572500 -2334.417500 
-29649.650000 -2326.770000 
-29664.650000 -2319.040000 
-29679.632500 -2311.215000 
-29694.467500 -2303.335000 
-29709.330000 -2295.330000 
-29724.170000 -2287.220000 
-29738.860000 -2279.080000 
-29753.635000 -2270.772500 
-29768.202500 -2262.455000 
-29782.877500 -2253.967500 
-29797.377500 -2245.450000 
-29811.882500 -2236.817500 
-29826.267500 -2228.147500 
-29840.765000 -2219.267500 
-29855.047500 -2210.400000 
-29869.327500 -2201.427500 
-29883.525000 -2192.362500 
-29897.685000 -2183.232500 
-29911.805000 -2173.982500 
-29925.912500 -2164.615000 
-29939.815000 -2155.260000 
-29953.872500 -2145.675000 
-29967.617500 -2136.185000 
-29981.520000 -2126.452500 
-29995.207500 -2116.757500 
-30008.960000 -2106.885000 
-30022.592500 -2096.970000 
-30036.202500 -2086.937500 
-30049.702500 -2076.865000 
-30063.162500 -2066.670000 
-30076.535000 -2056.445000 
-30089.852500 -2046.107500 
-30103.115000 -2035.700000 
-30116.317500 -2025.197500 
-30129.475000 -2014.605000 
-30142.520000 -2003.967500 
-30155.567500 -1993.187500 
-30168.485000 -1982.385000 
-30181.365000 -1971.480000 
-30194.210000 -1960.465000 
-30206.850000 -1949.495000 
-30219.555000 -1938.337500 
-30232.182500 -1927.100000 
-30244.650000 -1915.877500 
-30257.172500 -1904.457500 
-30269.585000 -1892.992500 
-30281.900000 -1881.480000 
-30294.110000 -1869.920000 
-30306.287500 -1858.252500 
-30318.402500 -1846.517500 
-30330.415000 -1834.725000 
-30342.360000 -1822.840000 
-30354.345000 -1810.795000 
-30366.137500 -1798.782500 
-30377.870000 -1786.670000 
-30389.535000 -1774.495000 
-30401.095000 -1762.285000 
-30412.610000 -1749.967500 
-30424.077500 -1737.552500 
-30435.497500 -1725.030000 
-30446.720000 -1712.562500 
-30457.955000 -1699.937500 
-30469.112500 -1687.232500 
-30480.085000 -1674.590000 
-30491.100000 -1661.745000 
-30502.005000 -1648.865000 
-30512.807500 -1635.947500 
-30523.587500 -1622.900000 
-30534.225000 -1609.855000 
-30544.817500 -1596.697500 
-30555.320000 -1583.495000 
-30565.727500 -1570.232500 
-30576.065000 -1556.915000 
-30586.290000 -1543.542500 
-30596.485000 -1530.082500 
-30606.557500 -1516.582500 
-30616.590000 -1502.972500 
-30626.505000 -1489.340000 
-30636.377500 -1475.587500 
-30646.072500 -1461.900000 
-30655.805000 -1447.997500 
-30665.295000 -1434.252500 
-30674.880000 -1420.195000 
-30684.235000 -1406.292500 
-30693.602500 -1392.185000 
-30702.847500 -1378.072500 
-30711.982500 -1363.905000 
-30721.037500 -1349.722500 
-30730.020000 -1335.427500 
-30738.895000 -1321.132500 
-30747.767500 -1306.647500 
-30756.437500 -1292.262500 
-30765.070000 -1277.757500 
-30773.587500 -1263.257500 
-30782.075000 -1248.582500 
-30790.392500 -1234.015000 
-30798.700000 -1219.240000 
-30806.840000 -1204.550000 
-30814.950000 -1189.710000 
-30822.955000 -1174.847500 
-30830.827500 -1160.027500 
-30838.652500 -1145.045000 
-30846.375000 -1130.060000 
-30854.037500 -1114.952500 
-30861.550000 -1099.902500 
-30869.012500 -1084.732500 
-30876.340000 -1069.587500 
-30883.587500 -1054.400000 
-30890.787500 -1039.052500 
-30897.832500 -1023.790000 
-30904.800000 -1008.470000 
-30911.710000 -993.020000 
-30918.492500 -977.587500 
-30925.200000 -962.057500 
-30931.775000 -946.577500 
-30938.267500 -931.042500 
-30944.697500 -915.372500 
-30951.007500 -899.765000 
-30957.185000 -884.165000 
-30963.330000 -868.390000 
-30969.400000 -852.517500 
-30975.270000 -836.822500 
-30981.105000 -821.005000 
-30986.832500 -805.140000 
-30992.457500 -789.272500 
-30997.992500 -773.332500 
-31003.460000 -757.310000 
-31008.770000 -741.370000 
-31014.030000 -725.320000 
-31019.182500 -709.205000 
-31024.227500 -693.107500 
-31029.137500 -677.065000 
-31033.992500 -660.900000 
-31038.752500 -644.675000 
-31043.355739 -628.653959 
-31047.927500 -612.280000 
-31052.390000 -595.990000 
-31056.755000 -579.642500 
-31061.002500 -563.317500 
-31065.225926 -546.662051 
-31069.190000 -530.610000 
-31073.140000 -514.200000 
-31076.980000 -497.830000 
-31080.745000 -481.295000 
-31084.239959 -465.521804 

-31084.239959 -465.521804 
-31087.910000 -448.440000 
-31091.360000 -431.910000 
-31094.685409 -415.441781 
-31097.868788 -399.172831 
-31100.917295 -383.113120 

-31100.917295 -383.113120 
-31104.120000 -365.640000 
-31107.060000 -349.010000 
-31109.823038 -332.783254 
-31112.588078 -315.943956 
-31115.274158 -298.923556 
-31117.859595 -281.859676 

-31117.859595 -281.859676 
-31120.263296 -265.254106 
-31122.520000 -249.000000 
-31124.740000 -232.280000 
-31126.877924 -215.333656 
-31128.821666 -199.109761 
-31130.783202 -182.058700 
-31132.647784 -164.586102 

-31132.647784 -164.586102 
-31134.315571 -148.166343 
-31135.904542 -131.472092 
-31137.395039 -114.774496 
-31138.785231 -98.082117 
-31140.080000 -81.280000 
-31141.260000 -64.480000 
-31142.350000 -47.650000 
-31143.330000 -30.815000 
-31144.197974 -14.229791 
-31144.990000 2.880000 
-31145.660000 19.715000 
-31146.590000 47.164211 
-31146.590000 4246.570000 

