V 0 1085836.72 -827.88
V 8 1085831.59 -771.43
V 16 1085831.59 -771.37
V 24 1085831.58 -771.26
V 32 1085825.52 -725.90
V 40 1085825.51 -725.87
V 48 1085823.40 -707.71
V 56 1085823.15 -707.03
V 64 1085822.61 -706.55
V 72 1085821.91 -706.38
V 80 1085735.66 -706.38
V 88 1085735.66 -709.38
V 96 1085820.57 -709.38
V 104 1085822.53 -726.19
V 112 1085822.54 -726.30
V 120 1085828.60 -771.66
V 128 1085833.86 -829.52
V 136 1085834.10 -830.21
V 144 1085834.64 -830.70
V 152 1085835.35 -830.88
V 160 1085839.86 -830.88
V 168 1085839.86 -827.88
