V 0 -813900.28 -164030.20
V 8 -813905.95 -164024.53
V 16 -813913.70 -164022.45
V 24 -814013.20 -164022.45
V 32 -814013.20 -163982.45
V 40 -813944.81 -163982.45
V 48 -813937.06 -163980.37
V 56 -813931.39 -163974.70
V 64 -813929.31 -163966.95
V 72 -813929.31 -163895.95
V 80 -813929.35 -163894.84
V 88 -813929.47 -163893.74
V 96 -813929.66 -163892.66
V 104 -813929.94 -163891.58
V 112 -813930.29 -163890.53
V 120 -813930.71 -163889.51
V 128 -813931.21 -163888.52
V 136 -813931.77 -163887.57
V 144 -813932.40 -163886.66
V 152 -813933.10 -163885.80
V 160 -813933.85 -163884.99
V 168 -813934.66 -163884.24
V 176 -813935.52 -163883.54
V 184 -813936.43 -163882.91
V 192 -813937.38 -163882.35
V 200 -813938.37 -163881.85
V 208 -813939.39 -163881.43
V 216 -813940.44 -163881.08
V 224 -813941.52 -163880.80
V 232 -813942.60 -163880.61
V 240 -813943.70 -163880.49
V 248 -813944.81 -163880.45
V 256 -813955.70 -163880.45
V 264 -813955.70 -163793.46
V 272 -813957.36 -163786.47
V 280 -813962.00 -163780.99
V 288 -813968.61 -163778.18
V 296 -815627.99 -163496.41
V 304 -815803.35 -163466.64
V 312 -816053.19 -163424.21
V 320 -816267.97 -163387.74
V 328 -816522.22 -163344.57
V 336 -816782.23 -163300.43
V 344 -816782.25 -163300.42
V 352 -816790.49 -163299.02
V 360 -816790.51 -163299.02
V 368 -818855.22 -162948.42
V 376 -819275.21 -162877.11
V 384 -819740.65 -162798.08
V 392 -820454.22 -162676.91
V 400 -821299.97 -162533.30
V 408 -821407.01 -162515.12
V 416 -821540.29 -162492.49
V 424 -821996.97 -162414.95
V 432 -823390.46 -162178.33
V 440 -823491.59 -162161.16
V 448 -823632.79 -162137.18
V 456 -825061.31 -161894.62
V 464 -826274.91 -161688.54
V 472 -826531.70 -161644.94
V 480 -827209.14 -161529.91
V 488 -827406.04 -161496.47
V 496 -827641.78 -161456.45
V 504 -827883.07 -161415.48
V 512 -828205.01 -161360.81
V 520 -829052.63 -161216.88
V 528 -831753.35 -160758.29
V 536 -834548.10 -160283.74
V 544 -834866.91 -160229.61
V 552 -835784.23 -160073.84
V 560 -836842.47 -159894.15
V 568 -837454.27 -159790.27
V 576 -837863.06 -159720.85
V 584 -838354.20 -159637.46
V 592 -838568.96 -159600.99
V 600 -838818.80 -159558.56
V 608 -839033.57 -159522.10
V 616 -839275.44 -159481.03
V 624 -839473.35 -159447.42
V 632 -839758.68 -159398.97
V 640 -839768.76 -159397.26
V 648 -840768.73 -159227.46
V 656 -840904.10 -159204.48
V 664 -841387.39 -159122.41
V 672 -841611.81 -159084.31
V 680 -842123.82 -158997.36
V 688 -843466.18 -158769.43
V 696 -843646.73 -158738.77
V 704 -844276.64 -158631.81
V 712 -845213.24 -158472.78
V 720 -845279.60 -158461.51
V 728 -845326.45 -158453.55
V 736 -846023.84 -158335.13
V 744 -846268.85 -158293.53
V 752 -846297.90 -158288.60
V 760 -846509.68 -158252.64
V 768 -847061.24 -158158.98
V 776 -848118.08 -157979.53
V 784 -848539.70 -157907.93
V 792 -849164.62 -157801.82
V 800 -849396.92 -157762.38
V 808 -849583.00 -157730.78
V 816 -849583.00 -157719.35
V 824 -849614.00 -157719.35
V 832 -849614.00 -157743.87
V 840 -849613.96 -157744.96
V 848 -849613.85 -157746.04
V 856 -849613.66 -157747.11
V 864 -849613.39 -157748.16
V 872 -849613.06 -157749.20
V 880 -849612.65 -157750.20
V 888 -849612.17 -157751.18
V 896 -849611.62 -157752.12
V 904 -849611.01 -157753.02
V 912 -849610.34 -157753.87
V 920 -849609.61 -157754.68
V 928 -849608.83 -157755.43
V 936 -849607.99 -157756.13
V 944 -849607.11 -157756.76
V 952 -849606.18 -157757.33
V 960 -849605.22 -157757.84
V 968 -849604.23 -157758.27
V 976 -849603.20 -157758.64
V 984 -849602.16 -157758.93
V 992 -849601.09 -157759.15
V 1000 -849402.10 -157792.94
V 1008 -849169.80 -157832.38
V 1016 -848755.37 -157902.75
V 1024 -848544.90 -157938.49
V 1032 -848123.28 -158010.09
V 1040 -847345.04 -158142.23
V 1048 -847066.42 -158189.54
V 1056 -846514.86 -158283.20
V 1064 -846303.08 -158319.16
V 1072 -846274.03 -158324.09
V 1080 -846029.02 -158365.69
V 1088 -845331.65 -158484.11
V 1096 -845284.80 -158492.07
V 1104 -844281.82 -158662.37
V 1112 -843651.91 -158769.33
V 1120 -843471.36 -158799.99
V 1128 -842129.02 -159027.92
V 1136 -841617.01 -159114.87
V 1144 -841392.57 -159152.97
V 1152 -840909.28 -159235.04
V 1160 -840773.91 -159258.02
V 1168 -839773.94 -159427.82
V 1176 -839763.86 -159429.53
V 1184 -839478.55 -159477.98
V 1192 -839280.64 -159511.59
V 1200 -839038.75 -159552.66
V 1208 -838824.00 -159589.12
V 1216 -838574.16 -159631.55
V 1224 -838359.38 -159668.02
V 1232 -838109.54 -159710.44
V 1240 -837868.26 -159751.41
V 1248 -837632.54 -159791.44
V 1256 -837459.45 -159820.83
V 1264 -836847.65 -159924.71
V 1272 -835789.41 -160104.40
V 1280 -834872.09 -160260.17
V 1288 -834553.28 -160314.30
V 1296 -831758.53 -160788.85
V 1304 -829057.81 -161247.44
V 1312 -828210.19 -161391.37
V 1320 -827888.25 -161446.04
V 1328 -827646.96 -161487.01
V 1336 -827411.24 -161527.03
V 1344 -827214.34 -161560.47
V 1352 -826536.88 -161675.50
V 1360 -826280.09 -161719.10
V 1368 -825066.49 -161925.18
V 1376 -823637.99 -162167.74
V 1384 -823496.79 -162191.72
V 1392 -823395.64 -162208.89
V 1400 -822002.15 -162445.51
V 1408 -821545.47 -162523.05
V 1416 -821412.21 -162545.68
V 1424 -821305.17 -162563.86
V 1432 -820459.40 -162707.47
V 1440 -819745.83 -162828.64
V 1448 -819280.39 -162907.67
V 1456 -818860.40 -162978.98
V 1464 -816795.71 -163329.57
V 1472 -816795.69 -163329.58
V 1480 -816787.45 -163330.98
V 1488 -816787.43 -163330.98
V 1496 -816681.73 -163348.93
V 1504 -816527.40 -163375.13
V 1512 -816273.15 -163418.30
V 1520 -816058.39 -163454.77
V 1528 -815808.55 -163497.20
V 1536 -815633.17 -163526.97
V 1544 -813986.70 -163806.55
V 1552 -813986.70 -163895.95
V 1560 -813986.66 -163897.06
V 1568 -813986.54 -163898.16
V 1576 -813986.35 -163899.24
V 1584 -813986.07 -163900.32
V 1592 -813985.72 -163901.37
V 1600 -813985.30 -163902.39
V 1608 -813984.80 -163903.38
V 1616 -813984.24 -163904.33
V 1624 -813983.61 -163905.24
V 1632 -813982.91 -163906.10
V 1640 -813982.16 -163906.91
V 1648 -813981.35 -163907.66
V 1656 -813980.49 -163908.36
V 1664 -813979.58 -163908.99
V 1672 -813978.63 -163909.55
V 1680 -813977.64 -163910.05
V 1688 -813976.62 -163910.47
V 1696 -813975.57 -163910.82
V 1704 -813974.49 -163911.10
V 1712 -813973.41 -163911.29
V 1720 -813972.31 -163911.41
V 1728 -813971.20 -163911.45
V 1736 -813960.31 -163911.45
V 1744 -813960.31 -163951.45
V 1752 -814028.70 -163951.45
V 1760 -814036.45 -163953.53
V 1768 -814042.12 -163959.20
V 1776 -814044.20 -163966.95
V 1784 -814044.20 -164037.95
V 1792 -814042.12 -164045.70
V 1800 -814036.45 -164051.37
V 1808 -814028.70 -164053.45
V 1816 -813929.20 -164053.45
V 1824 -813929.20 -164093.45
V 1832 -814028.70 -164093.45
V 1840 -814036.45 -164095.53
V 1848 -814042.12 -164101.20
V 1856 -814044.20 -164108.95
V 1864 -814044.20 -164179.95
V 1872 -814042.12 -164187.70
V 1880 -814036.45 -164193.37
V 1888 -814028.70 -164195.45
V 1896 -813929.20 -164195.45
V 1904 -813929.20 -164235.45
V 1912 -814028.70 -164235.45
V 1920 -814036.45 -164237.53
V 1928 -814042.12 -164243.20
V 1936 -814044.20 -164250.95
V 1944 -814044.20 -164321.95
V 1952 -814042.12 -164329.70
V 1960 -814036.45 -164335.37
V 1968 -814028.70 -164337.45
V 1976 -813929.20 -164337.45
V 1984 -813929.20 -164377.45
V 1992 -814028.70 -164377.45
V 2000 -814036.45 -164379.53
V 2008 -814042.12 -164385.20
V 2016 -814044.20 -164392.95
V 2024 -814044.20 -164463.95
V 2032 -814042.12 -164471.70
V 2040 -814036.45 -164477.37
V 2048 -814028.70 -164479.45
V 2056 -813929.20 -164479.45
V 2064 -813929.20 -164519.45
V 2072 -814028.70 -164519.45
V 2080 -814036.45 -164521.53
V 2088 -814042.12 -164527.20
V 2096 -814044.20 -164534.95
V 2104 -814044.20 -164605.95
V 2112 -814042.12 -164613.70
V 2120 -814036.45 -164619.37
V 2128 -814028.70 -164621.45
V 2136 -813929.20 -164621.45
V 2144 -813929.20 -164661.45
V 2152 -814028.70 -164661.45
V 2160 -814036.45 -164663.53
V 2168 -814042.12 -164669.20
V 2176 -814044.20 -164676.95
V 2184 -814044.20 -164747.95
V 2192 -814042.12 -164755.70
V 2200 -814036.45 -164761.37
V 2208 -814028.70 -164763.45
V 2216 -813929.20 -164763.45
V 2224 -813929.20 -164803.45
V 2232 -814028.70 -164803.45
V 2240 -814036.45 -164805.53
V 2248 -814042.12 -164811.20
V 2256 -814044.20 -164818.95
V 2264 -814044.20 -164889.95
V 2272 -814042.12 -164897.70
V 2280 -814036.45 -164903.37
V 2288 -814028.70 -164905.45
V 2296 -813929.20 -164905.45
V 2304 -813929.20 -164945.45
V 2312 -814028.70 -164945.45
V 2320 -814036.45 -164947.53
V 2328 -814042.12 -164953.20
V 2336 -814044.20 -164960.95
V 2344 -814044.20 -165031.95
V 2352 -814042.12 -165039.70
V 2360 -814036.45 -165045.37
V 2368 -814028.70 -165047.45
V 2376 -813929.20 -165047.45
V 2384 -813929.20 -165087.45
V 2392 -814028.70 -165087.45
V 2400 -814036.45 -165089.53
V 2408 -814042.12 -165095.20
V 2416 -814044.20 -165102.95
V 2424 -814044.20 -165173.95
V 2432 -814042.12 -165181.70
V 2440 -814036.45 -165187.37
V 2448 -814028.70 -165189.45
V 2456 -813929.20 -165189.45
V 2464 -813929.20 -165229.45
V 2472 -814028.70 -165229.45
V 2480 -814036.45 -165231.53
V 2488 -814042.12 -165237.20
V 2496 -814044.20 -165244.95
V 2504 -814044.20 -165315.95
V 2512 -814042.12 -165323.70
V 2520 -814036.45 -165329.37
V 2528 -814028.70 -165331.45
V 2536 -813929.20 -165331.45
V 2544 -813929.20 -165371.45
V 2552 -814028.70 -165371.45
V 2560 -814036.45 -165373.53
V 2568 -814042.12 -165379.20
V 2576 -814044.20 -165386.95
V 2584 -814044.20 -165457.95
V 2592 -814042.12 -165465.70
V 2600 -814036.45 -165471.37
V 2608 -814028.70 -165473.45
V 2616 -813929.20 -165473.45
V 2624 -813929.20 -165513.45
V 2632 -814028.70 -165513.45
V 2640 -814036.45 -165515.53
V 2648 -814042.12 -165521.20
V 2656 -814044.20 -165528.95
V 2664 -814044.20 -165599.95
V 2672 -814042.12 -165607.70
V 2680 -814036.45 -165613.37
V 2688 -814028.70 -165615.45
V 2696 -813929.20 -165615.45
V 2704 -813929.20 -165655.45
V 2712 -814028.70 -165655.45
V 2720 -814036.45 -165657.53
V 2728 -814042.12 -165663.20
V 2736 -814044.20 -165670.95
V 2744 -814044.20 -165741.95
V 2752 -814042.12 -165749.70
V 2760 -814036.45 -165755.37
V 2768 -814028.70 -165757.45
V 2776 -813929.20 -165757.45
V 2784 -813929.20 -165797.45
V 2792 -814028.70 -165797.45
V 2800 -814036.45 -165799.53
V 2808 -814042.12 -165805.20
V 2816 -814044.20 -165812.95
V 2824 -814044.20 -165883.95
V 2832 -814042.12 -165891.70
V 2840 -814036.45 -165897.37
V 2848 -814028.70 -165899.45
V 2856 -813929.20 -165899.45
V 2864 -813929.20 -165939.45
V 2872 -814028.70 -165939.45
V 2880 -814036.45 -165941.53
V 2888 -814042.12 -165947.20
V 2896 -814044.20 -165954.95
V 2904 -814044.20 -166025.95
V 2912 -814042.12 -166033.70
V 2920 -814036.45 -166039.37
V 2928 -814028.70 -166041.45
V 2936 -813929.20 -166041.45
V 2944 -813929.20 -166081.45
V 2952 -814028.70 -166081.45
V 2960 -814036.45 -166083.53
V 2968 -814042.12 -166089.20
V 2976 -814044.20 -166096.95
V 2984 -814044.20 -166167.95
V 2992 -814042.12 -166175.70
V 3000 -814036.45 -166181.37
V 3008 -814028.70 -166183.45
V 3016 -813929.20 -166183.45
V 3024 -813929.20 -166223.45
V 3032 -814028.70 -166223.45
V 3040 -814036.45 -166225.53
V 3048 -814042.12 -166231.20
V 3056 -814044.20 -166238.95
V 3064 -814044.20 -166309.95
V 3072 -814042.12 -166317.70
V 3080 -814036.45 -166323.37
V 3088 -814028.70 -166325.45
V 3096 -813929.20 -166325.45
V 3104 -813929.20 -166365.45
V 3112 -814028.70 -166365.45
V 3120 -814036.45 -166367.53
V 3128 -814042.12 -166373.20
V 3136 -814044.20 -166380.95
V 3144 -814044.20 -166451.95
V 3152 -814042.12 -166459.70
V 3160 -814036.45 -166465.37
V 3168 -814028.70 -166467.45
V 3176 -813929.20 -166467.45
V 3184 -813929.20 -166507.45
V 3192 -814028.70 -166507.45
V 3200 -814036.45 -166509.53
V 3208 -814042.12 -166515.20
V 3216 -814044.20 -166522.95
V 3224 -814044.20 -166593.95
V 3232 -814042.12 -166601.70
V 3240 -814036.45 -166607.37
V 3248 -814028.70 -166609.45
V 3256 -813929.20 -166609.45
V 3264 -813929.20 -166649.45
V 3272 -814028.70 -166649.45
V 3280 -814036.45 -166651.53
V 3288 -814042.12 -166657.20
V 3296 -814044.20 -166664.95
V 3304 -814044.20 -166735.95
V 3312 -814042.12 -166743.70
V 3320 -814036.45 -166749.37
V 3328 -814028.70 -166751.45
V 3336 -813929.20 -166751.45
V 3344 -813929.20 -166791.45
V 3352 -814028.70 -166791.45
V 3360 -814036.45 -166793.53
V 3368 -814042.12 -166799.20
V 3376 -814044.20 -166806.95
V 3384 -814044.20 -166877.95
V 3392 -814042.12 -166885.70
V 3400 -814036.45 -166891.37
V 3408 -814028.70 -166893.45
V 3416 -813929.20 -166893.45
V 3424 -813929.20 -166933.45
V 3432 -814028.70 -166933.45
V 3440 -814036.45 -166935.53
V 3448 -814042.12 -166941.20
V 3456 -814044.20 -166948.95
V 3464 -814044.20 -167019.95
V 3472 -814042.12 -167027.70
V 3480 -814036.45 -167033.37
V 3488 -814028.70 -167035.45
V 3496 -813929.20 -167035.45
V 3504 -813929.20 -167075.45
V 3512 -814028.70 -167075.45
V 3520 -814036.45 -167077.53
V 3528 -814042.12 -167083.20
V 3536 -814044.20 -167090.95
V 3544 -814044.20 -167161.95
V 3552 -814042.12 -167169.70
V 3560 -814036.45 -167175.37
V 3568 -814028.70 -167177.45
V 3576 -813929.20 -167177.45
V 3584 -813929.20 -167217.45
V 3592 -814028.70 -167217.45
V 3600 -814036.45 -167219.53
V 3608 -814042.12 -167225.20
V 3616 -814044.20 -167232.95
V 3624 -814044.20 -167303.95
V 3632 -814042.12 -167311.70
V 3640 -814036.45 -167317.37
V 3648 -814028.70 -167319.45
V 3656 -813929.20 -167319.45
V 3664 -813929.20 -167359.45
V 3672 -814028.70 -167359.45
V 3680 -814036.45 -167361.53
V 3688 -814042.12 -167367.20
V 3696 -814044.20 -167374.95
V 3704 -814044.20 -167445.95
V 3712 -814042.12 -167453.70
V 3720 -814036.45 -167459.37
V 3728 -814028.70 -167461.45
V 3736 -813929.20 -167461.45
V 3744 -813929.20 -167501.45
V 3752 -814028.70 -167501.45
V 3760 -814036.45 -167503.53
V 3768 -814042.12 -167509.20
V 3776 -814044.20 -167516.95
V 3784 -814044.20 -167587.95
V 3792 -814042.12 -167595.70
V 3800 -814036.45 -167601.37
V 3808 -814028.70 -167603.45
V 3816 -813929.20 -167603.45
V 3824 -813929.20 -167643.45
V 3832 -814028.70 -167643.45
V 3840 -814036.45 -167645.53
V 3848 -814042.12 -167651.20
V 3856 -814044.20 -167658.95
V 3864 -814044.20 -167729.95
V 3872 -814042.12 -167737.70
V 3880 -814036.45 -167743.37
V 3888 -814028.70 -167745.45
V 3896 -813929.20 -167745.45
V 3904 -813929.20 -167785.45
V 3912 -814028.70 -167785.45
V 3920 -814036.45 -167787.53
V 3928 -814042.12 -167793.20
V 3936 -814044.20 -167800.95
V 3944 -814044.20 -167871.95
V 3952 -814042.12 -167879.70
V 3960 -814036.45 -167885.37
V 3968 -814028.70 -167887.45
V 3976 -813929.20 -167887.45
V 3984 -813929.20 -167927.45
V 3992 -814028.70 -167927.45
V 4000 -814036.45 -167929.53
V 4008 -814042.12 -167935.20
V 4016 -814044.20 -167942.95
V 4024 -814044.20 -168013.95
V 4032 -814042.12 -168021.70
V 4040 -814036.45 -168027.37
V 4048 -814028.70 -168029.45
V 4056 -813929.20 -168029.45
V 4064 -813929.20 -168069.45
V 4072 -814028.70 -168069.45
V 4080 -814036.45 -168071.53
V 4088 -814042.12 -168077.20
V 4096 -814044.20 -168084.95
V 4104 -814044.20 -168155.95
V 4112 -814042.12 -168163.70
V 4120 -814036.45 -168169.37
V 4128 -814028.70 -168171.45
V 4136 -813929.20 -168171.45
V 4144 -813929.20 -168211.45
V 4152 -814028.70 -168211.45
V 4160 -814036.45 -168213.53
V 4168 -814042.12 -168219.20
V 4176 -814044.20 -168226.95
V 4184 -814044.20 -168297.95
V 4192 -814042.12 -168305.70
V 4200 -814036.45 -168311.37
V 4208 -814028.70 -168313.45
V 4216 -813929.20 -168313.45
V 4224 -813929.20 -168353.45
V 4232 -814028.70 -168353.45
V 4240 -814036.45 -168355.53
V 4248 -814042.12 -168361.20
V 4256 -814044.20 -168368.95
V 4264 -814044.20 -168439.95
V 4272 -814042.12 -168447.70
V 4280 -814036.45 -168453.37
V 4288 -814028.70 -168455.45
V 4296 -813929.20 -168455.45
V 4304 -813929.20 -168495.45
V 4312 -814028.70 -168495.45
V 4320 -814036.45 -168497.53
V 4328 -814042.12 -168503.20
V 4336 -814044.20 -168510.95
V 4344 -814044.20 -168581.95
V 4352 -814042.12 -168589.70
V 4360 -814036.45 -168595.37
V 4368 -814028.70 -168597.45
V 4376 -813929.20 -168597.45
V 4384 -813929.20 -168637.45
V 4392 -814028.70 -168637.45
V 4400 -814036.45 -168639.53
V 4408 -814042.12 -168645.20
V 4416 -814044.20 -168652.95
V 4424 -814044.20 -168723.95
V 4432 -814042.12 -168731.70
V 4440 -814036.45 -168737.37
V 4448 -814028.70 -168739.45
V 4456 -813929.20 -168739.45
V 4464 -813929.20 -168779.45
V 4472 -814028.70 -168779.45
V 4480 -814036.45 -168781.53
V 4488 -814042.12 -168787.20
V 4496 -814044.20 -168794.95
V 4504 -814044.20 -168865.95
V 4512 -814042.12 -168873.70
V 4520 -814036.45 -168879.37
V 4528 -814028.70 -168881.45
V 4536 -813929.20 -168881.45
V 4544 -813929.20 -168921.45
V 4552 -814028.70 -168921.45
V 4560 -814036.45 -168923.53
V 4568 -814042.12 -168929.20
V 4576 -814044.20 -168936.95
V 4584 -814044.20 -169007.95
V 4592 -814042.12 -169015.70
V 4600 -814036.45 -169021.37
V 4608 -814028.70 -169023.45
V 4616 -813929.20 -169023.45
V 4624 -813929.20 -169063.45
V 4632 -814028.70 -169063.45
V 4640 -814036.45 -169065.53
V 4648 -814042.12 -169071.20
V 4656 -814044.20 -169078.95
V 4664 -814044.20 -169149.95
V 4672 -814042.12 -169157.70
V 4680 -814036.45 -169163.37
V 4688 -814028.70 -169165.45
V 4696 -813929.20 -169165.45
V 4704 -813929.20 -169205.45
V 4712 -814028.70 -169205.45
V 4720 -814036.45 -169207.53
V 4728 -814042.12 -169213.20
V 4736 -814044.20 -169220.95
V 4744 -814044.20 -169291.95
V 4752 -814042.12 -169299.70
V 4760 -814036.45 -169305.37
V 4768 -814028.70 -169307.45
V 4776 -813929.20 -169307.45
V 4784 -813929.20 -169347.45
V 4792 -814028.70 -169347.45
V 4800 -814036.45 -169349.53
V 4808 -814042.12 -169355.20
V 4816 -814044.20 -169362.95
V 4824 -814044.20 -169433.95
V 4832 -814042.12 -169441.70
V 4840 -814036.45 -169447.37
V 4848 -814028.70 -169449.45
V 4856 -813929.20 -169449.45
V 4864 -813929.20 -169489.45
V 4872 -814028.70 -169489.45
V 4880 -814036.45 -169491.53
V 4888 -814042.12 -169497.20
V 4896 -814044.20 -169504.95
V 4904 -814044.20 -169575.95
V 4912 -814042.12 -169583.70
V 4920 -814036.45 -169589.37
V 4928 -814028.70 -169591.45
V 4936 -813929.20 -169591.45
V 4944 -813929.20 -169631.45
V 4952 -814028.70 -169631.45
V 4960 -814036.45 -169633.53
V 4968 -814042.12 -169639.20
V 4976 -814044.20 -169646.95
V 4984 -814044.20 -169717.95
V 4992 -814042.12 -169725.70
V 5000 -814036.45 -169731.37
V 5008 -814028.70 -169733.45
V 5016 -813929.20 -169733.45
V 5024 -813929.20 -169773.45
V 5032 -814028.70 -169773.45
V 5040 -814036.45 -169775.53
V 5048 -814042.12 -169781.20
V 5056 -814044.20 -169788.95
V 5064 -814044.20 -169859.95
V 5072 -814042.12 -169867.70
V 5080 -814036.45 -169873.37
V 5088 -814028.70 -169875.45
V 5096 -813929.20 -169875.45
V 5104 -813929.20 -169915.45
V 5112 -814028.70 -169915.45
V 5120 -814036.45 -169917.53
V 5128 -814042.12 -169923.20
V 5136 -814044.20 -169930.95
V 5144 -814044.20 -170001.95
V 5152 -814042.12 -170009.70
V 5160 -814036.45 -170015.37
V 5168 -814028.70 -170017.45
V 5176 -813929.20 -170017.45
V 5184 -813929.20 -170057.45
V 5192 -814028.70 -170057.45
V 5200 -814036.45 -170059.53
V 5208 -814042.12 -170065.20
V 5216 -814044.20 -170072.95
V 5224 -814044.20 -170143.95
V 5232 -814042.12 -170151.70
V 5240 -814036.45 -170157.37
V 5248 -814028.70 -170159.45
V 5256 -813929.20 -170159.45
V 5264 -813929.20 -170199.45
V 5272 -814028.70 -170199.45
V 5280 -814036.45 -170201.53
V 5288 -814042.12 -170207.20
V 5296 -814044.20 -170214.95
V 5304 -814044.20 -170285.95
V 5312 -814042.12 -170293.70
V 5320 -814036.45 -170299.37
V 5328 -814028.70 -170301.45
V 5336 -813929.20 -170301.45
V 5344 -813929.20 -170341.45
V 5352 -814028.70 -170341.45
V 5360 -814036.45 -170343.53
V 5368 -814042.12 -170349.20
V 5376 -814044.20 -170356.95
V 5384 -814044.20 -170427.95
V 5392 -814042.12 -170435.70
V 5400 -814036.45 -170441.37
V 5408 -814028.70 -170443.45
V 5416 -813929.20 -170443.45
V 5424 -813929.20 -170483.45
V 5432 -814028.70 -170483.45
V 5440 -814036.45 -170485.53
V 5448 -814042.12 -170491.20
V 5456 -814044.20 -170498.95
V 5464 -814044.20 -170569.95
V 5472 -814042.12 -170577.70
V 5480 -814036.45 -170583.37
V 5488 -814028.70 -170585.45
V 5496 -813929.20 -170585.45
V 5504 -813929.20 -170625.45
V 5512 -814028.70 -170625.45
V 5520 -814036.45 -170627.53
V 5528 -814042.12 -170633.20
V 5536 -814044.20 -170640.95
V 5544 -814044.20 -170711.95
V 5552 -814042.12 -170719.70
V 5560 -814036.45 -170725.37
V 5568 -814028.70 -170727.45
V 5576 -813929.20 -170727.45
V 5584 -813929.20 -170767.45
V 5592 -814028.70 -170767.45
V 5600 -814036.45 -170769.53
V 5608 -814042.12 -170775.20
V 5616 -814044.20 -170782.95
V 5624 -814044.20 -170853.95
V 5632 -814042.12 -170861.70
V 5640 -814036.45 -170867.37
V 5648 -814028.70 -170869.45
V 5656 -813929.20 -170869.45
V 5664 -813929.20 -170909.45
V 5672 -814028.70 -170909.45
V 5680 -814036.45 -170911.53
V 5688 -814042.12 -170917.20
V 5696 -814044.20 -170924.95
V 5704 -814044.20 -170995.95
V 5712 -814042.12 -171003.70
V 5720 -814036.45 -171009.37
V 5728 -814028.70 -171011.45
V 5736 -813929.20 -171011.45
V 5744 -813929.20 -171051.45
V 5752 -814028.70 -171051.45
V 5760 -814036.45 -171053.53
V 5768 -814042.12 -171059.20
V 5776 -814044.20 -171066.95
V 5784 -814044.20 -171137.95
V 5792 -814042.12 -171145.70
V 5800 -814036.45 -171151.37
V 5808 -814028.70 -171153.45
V 5816 -813929.20 -171153.45
V 5824 -813929.20 -171193.45
V 5832 -814028.70 -171193.45
V 5840 -814036.45 -171195.53
V 5848 -814042.12 -171201.20
V 5856 -814044.20 -171208.95
V 5864 -814044.20 -171279.95
V 5872 -814042.12 -171287.70
V 5880 -814036.45 -171293.37
V 5888 -814028.70 -171295.45
V 5896 -813929.20 -171295.45
V 5904 -813929.20 -171335.45
V 5912 -814028.70 -171335.45
V 5920 -814036.45 -171337.53
V 5928 -814042.12 -171343.20
V 5936 -814044.20 -171350.95
V 5944 -814044.20 -171421.95
V 5952 -814042.12 -171429.70
V 5960 -814036.45 -171435.37
V 5968 -814028.70 -171437.45
V 5976 -813929.20 -171437.45
V 5984 -813929.20 -171477.45
V 5992 -814028.70 -171477.45
V 6000 -814036.45 -171479.53
V 6008 -814042.12 -171485.20
V 6016 -814044.20 -171492.95
V 6024 -814044.20 -171563.95
V 6032 -814042.12 -171571.70
V 6040 -814036.45 -171577.37
V 6048 -814028.70 -171579.45
V 6056 -813929.20 -171579.45
V 6064 -813929.20 -171619.45
V 6072 -814028.70 -171619.45
V 6080 -814036.45 -171621.53
V 6088 -814042.12 -171627.20
V 6096 -814044.20 -171634.95
V 6104 -814044.20 -171705.95
V 6112 -814042.12 -171713.70
V 6120 -814036.45 -171719.37
V 6128 -814028.70 -171721.45
V 6136 -813929.20 -171721.45
V 6144 -813929.20 -171761.45
V 6152 -814028.70 -171761.45
V 6160 -814036.45 -171763.53
V 6168 -814042.12 -171769.20
V 6176 -814044.20 -171776.95
V 6184 -814044.20 -171847.95
V 6192 -814042.12 -171855.70
V 6200 -814036.45 -171861.37
V 6208 -814028.70 -171863.45
V 6216 -813929.20 -171863.45
V 6224 -813929.20 -171903.45
V 6232 -814028.70 -171903.45
V 6240 -814036.45 -171905.53
V 6248 -814042.12 -171911.20
V 6256 -814044.20 -171918.95
V 6264 -814044.20 -171989.95
V 6272 -814042.12 -171997.70
V 6280 -814036.45 -172003.37
V 6288 -814028.70 -172005.45
V 6296 -813929.20 -172005.45
V 6304 -813929.20 -172045.45
V 6312 -814028.70 -172045.45
V 6320 -814036.45 -172047.53
V 6328 -814042.12 -172053.20
V 6336 -814044.20 -172060.95
V 6344 -814044.20 -172131.95
V 6352 -814042.12 -172139.70
V 6360 -814036.45 -172145.37
V 6368 -814028.70 -172147.45
V 6376 -813929.20 -172147.45
V 6384 -813929.20 -172187.45
V 6392 -814028.70 -172187.45
V 6400 -814036.45 -172189.53
V 6408 -814042.12 -172195.20
V 6416 -814044.20 -172202.95
V 6424 -814044.20 -172273.95
V 6432 -814042.12 -172281.70
V 6440 -814036.45 -172287.37
V 6448 -814028.70 -172289.45
V 6456 -813929.20 -172289.45
V 6464 -813929.20 -172329.45
V 6472 -814028.70 -172329.45
V 6480 -814036.45 -172331.53
V 6488 -814042.12 -172337.20
V 6496 -814044.20 -172344.95
V 6504 -814044.20 -172415.95
V 6512 -814042.12 -172423.70
V 6520 -814036.45 -172429.37
V 6528 -814028.70 -172431.45
V 6536 -813929.20 -172431.45
V 6544 -813929.20 -172471.45
V 6552 -814028.70 -172471.45
V 6560 -814036.45 -172473.53
V 6568 -814042.12 -172479.20
V 6576 -814044.20 -172486.95
V 6584 -814044.20 -172557.95
V 6592 -814042.12 -172565.70
V 6600 -814036.45 -172571.37
V 6608 -814028.70 -172573.45
V 6616 -813929.20 -172573.45
V 6624 -813929.20 -172613.45
V 6632 -814028.70 -172613.45
V 6640 -814036.45 -172615.53
V 6648 -814042.12 -172621.20
V 6656 -814044.20 -172628.95
V 6664 -814044.20 -172699.95
V 6672 -814042.12 -172707.70
V 6680 -814036.45 -172713.37
V 6688 -814028.70 -172715.45
V 6696 -813929.20 -172715.45
V 6704 -813929.20 -172755.45
V 6712 -814028.70 -172755.45
V 6720 -814036.45 -172757.53
V 6728 -814042.12 -172763.20
V 6736 -814044.20 -172770.95
V 6744 -814044.20 -172841.95
V 6752 -814042.12 -172849.70
V 6760 -814036.45 -172855.37
V 6768 -814028.70 -172857.45
V 6776 -813929.20 -172857.45
V 6784 -813929.20 -172897.45
V 6792 -814028.70 -172897.45
V 6800 -814036.45 -172899.53
V 6808 -814042.12 -172905.20
V 6816 -814044.20 -172912.95
V 6824 -814044.20 -172983.95
V 6832 -814042.12 -172991.70
V 6840 -814036.45 -172997.37
V 6848 -814028.70 -172999.45
V 6856 -813929.20 -172999.45
V 6864 -813929.20 -173039.45
V 6872 -814028.70 -173039.45
V 6880 -814036.45 -173041.53
V 6888 -814042.12 -173047.20
V 6896 -814044.20 -173054.95
V 6904 -814044.20 -173125.95
V 6912 -814042.12 -173133.70
V 6920 -814036.45 -173139.37
V 6928 -814028.70 -173141.45
V 6936 -813929.20 -173141.45
V 6944 -813929.20 -173181.45
V 6952 -814028.70 -173181.45
V 6960 -814036.45 -173183.53
V 6968 -814042.12 -173189.20
V 6976 -814044.20 -173196.95
V 6984 -814044.20 -173267.95
V 6992 -814042.12 -173275.70
V 7000 -814036.45 -173281.37
V 7008 -814028.70 -173283.45
V 7016 -813929.20 -173283.45
V 7024 -813929.20 -173323.45
V 7032 -814028.70 -173323.45
V 7040 -814036.45 -173325.53
V 7048 -814042.12 -173331.20
V 7056 -814044.20 -173338.95
V 7064 -814044.20 -173409.95
V 7072 -814042.12 -173417.70
V 7080 -814036.45 -173423.37
V 7088 -814028.70 -173425.45
V 7096 -813929.20 -173425.45
V 7104 -813929.20 -173465.45
V 7112 -814028.70 -173465.45
V 7120 -814036.45 -173467.53
V 7128 -814042.12 -173473.20
V 7136 -814044.20 -173480.95
V 7144 -814044.20 -173551.95
V 7152 -814042.12 -173559.70
V 7160 -814036.45 -173565.37
V 7168 -814028.70 -173567.45
V 7176 -813929.20 -173567.45
V 7184 -813929.20 -173607.45
V 7192 -814028.70 -173607.45
V 7200 -814036.45 -173609.53
V 7208 -814042.12 -173615.20
V 7216 -814044.20 -173622.95
V 7224 -814044.20 -173693.95
V 7232 -814042.12 -173701.70
V 7240 -814036.45 -173707.37
V 7248 -814028.70 -173709.45
V 7256 -813929.20 -173709.45
V 7264 -813929.20 -173749.45
V 7272 -814028.70 -173749.45
V 7280 -814036.45 -173751.53
V 7288 -814042.12 -173757.20
V 7296 -814044.20 -173764.95
V 7304 -814044.20 -173835.95
V 7312 -814042.12 -173843.70
V 7320 -814036.45 -173849.37
V 7328 -814028.70 -173851.45
V 7336 -813929.20 -173851.45
V 7344 -813929.20 -173891.45
V 7352 -814028.70 -173891.45
V 7360 -814036.45 -173893.53
V 7368 -814042.12 -173899.20
V 7376 -814044.20 -173906.95
V 7384 -814044.20 -173977.95
V 7392 -814042.12 -173985.70
V 7400 -814036.45 -173991.37
V 7408 -814028.70 -173993.45
V 7416 -813929.20 -173993.45
V 7424 -813929.20 -174033.45
V 7432 -814028.70 -174033.45
V 7440 -814036.45 -174035.53
V 7448 -814042.12 -174041.20
V 7456 -814044.20 -174048.95
V 7464 -814044.20 -174119.95
V 7472 -814042.12 -174127.70
V 7480 -814036.45 -174133.37
V 7488 -814028.70 -174135.45
V 7496 -813929.20 -174135.45
V 7504 -813929.20 -174175.45
V 7512 -814028.70 -174175.45
V 7520 -814036.45 -174177.53
V 7528 -814042.12 -174183.20
V 7536 -814044.20 -174190.95
V 7544 -814044.20 -174261.95
V 7552 -814042.12 -174269.70
V 7560 -814036.45 -174275.37
V 7568 -814028.70 -174277.45
V 7576 -813929.20 -174277.45
V 7584 -813929.20 -174317.45
V 7592 -814028.70 -174317.45
V 7600 -814036.45 -174319.53
V 7608 -814042.12 -174325.20
V 7616 -814044.20 -174332.95
V 7624 -814044.20 -174403.95
V 7632 -814042.12 -174411.70
V 7640 -814036.45 -174417.37
V 7648 -814028.70 -174419.45
V 7656 -813929.20 -174419.45
V 7664 -813929.20 -174459.45
V 7672 -814028.70 -174459.45
V 7680 -814036.45 -174461.53
V 7688 -814042.12 -174467.20
V 7696 -814044.20 -174474.95
V 7704 -814044.20 -174545.95
V 7712 -814042.12 -174553.70
V 7720 -814036.45 -174559.37
V 7728 -814028.70 -174561.45
V 7736 -813929.20 -174561.45
V 7744 -813929.20 -174601.45
V 7752 -814028.70 -174601.45
V 7760 -814036.45 -174603.53
V 7768 -814042.12 -174609.20
V 7776 -814044.20 -174616.95
V 7784 -814044.20 -174687.95
V 7792 -814042.12 -174695.70
V 7800 -814036.45 -174701.37
V 7808 -814028.70 -174703.45
V 7816 -813929.20 -174703.45
V 7824 -813929.20 -174743.45
V 7832 -814028.70 -174743.45
V 7840 -814036.45 -174745.53
V 7848 -814042.12 -174751.20
V 7856 -814044.20 -174758.95
V 7864 -814044.20 -174829.95
V 7872 -814042.12 -174837.70
V 7880 -814036.45 -174843.37
V 7888 -814028.70 -174845.45
V 7896 -813929.20 -174845.45
V 7904 -813929.20 -174885.45
V 7912 -814028.70 -174885.45
V 7920 -814036.45 -174887.53
V 7928 -814042.12 -174893.20
V 7936 -814044.20 -174900.95
V 7944 -814044.20 -174971.95
V 7952 -814042.12 -174979.70
V 7960 -814036.45 -174985.37
V 7968 -814028.70 -174987.45
V 7976 -813929.20 -174987.45
V 7984 -813929.20 -175027.45
V 7992 -814028.70 -175027.45
V 8000 -814036.45 -175029.53
V 8008 -814042.12 -175035.20
V 8016 -814044.20 -175042.95
V 8024 -814044.20 -175113.95
V 8032 -814042.12 -175121.70
V 8040 -814036.45 -175127.37
V 8048 -814028.70 -175129.45
V 8056 -813929.20 -175129.45
V 8064 -813929.20 -175169.45
V 8072 -814028.70 -175169.45
V 8080 -814036.45 -175171.53
V 8088 -814042.12 -175177.20
V 8096 -814044.20 -175184.95
V 8104 -814044.20 -175255.95
V 8112 -814042.12 -175263.70
V 8120 -814036.45 -175269.37
V 8128 -814028.70 -175271.45
V 8136 -813929.20 -175271.45
V 8144 -813929.20 -175311.45
V 8152 -814028.70 -175311.45
V 8160 -814036.45 -175313.53
V 8168 -814042.12 -175319.20
V 8176 -814044.20 -175326.95
V 8184 -814044.20 -175397.95
V 8192 -814042.12 -175405.70
V 8200 -814036.45 -175411.37
V 8208 -814028.70 -175413.45
V 8216 -813929.20 -175413.45
V 8224 -813929.20 -175453.45
V 8232 -814028.70 -175453.45
V 8240 -814036.45 -175455.53
V 8248 -814042.12 -175461.20
V 8256 -814044.20 -175468.95
V 8264 -814044.20 -175539.95
V 8272 -814042.12 -175547.70
V 8280 -814036.45 -175553.37
V 8288 -814028.70 -175555.45
V 8296 -813929.20 -175555.45
V 8304 -813929.20 -175595.45
V 8312 -814028.70 -175595.45
V 8320 -814036.45 -175597.53
V 8328 -814042.12 -175603.20
V 8336 -814044.20 -175610.95
V 8344 -814044.20 -175681.95
V 8352 -814042.12 -175689.70
V 8360 -814036.45 -175695.37
V 8368 -814028.70 -175697.45
V 8376 -813929.20 -175697.45
V 8384 -813929.20 -175737.45
V 8392 -814028.70 -175737.45
V 8400 -814036.45 -175739.53
V 8408 -814042.12 -175745.20
V 8416 -814044.20 -175752.95
V 8424 -814044.20 -175823.95
V 8432 -814042.12 -175831.70
V 8440 -814036.45 -175837.37
V 8448 -814028.70 -175839.45
V 8456 -813929.20 -175839.45
V 8464 -813929.20 -175879.45
V 8472 -814028.70 -175879.45
V 8480 -814036.45 -175881.53
V 8488 -814042.12 -175887.20
V 8496 -814044.20 -175894.95
V 8504 -814044.20 -175965.95
V 8512 -814042.12 -175973.70
V 8520 -814036.45 -175979.37
V 8528 -814028.70 -175981.45
V 8536 -813929.20 -175981.45
V 8544 -813929.20 -176021.45
V 8552 -814028.70 -176021.45
V 8560 -814036.45 -176023.53
V 8568 -814042.12 -176029.20
V 8576 -814044.20 -176036.95
V 8584 -814044.20 -176107.95
V 8592 -814042.12 -176115.70
V 8600 -814036.45 -176121.37
V 8608 -814028.70 -176123.45
V 8616 -813929.20 -176123.45
V 8624 -813929.20 -176163.45
V 8632 -814028.70 -176163.45
V 8640 -814036.45 -176165.53
V 8648 -814042.12 -176171.20
V 8656 -814044.20 -176178.95
V 8664 -814044.20 -176249.95
V 8672 -814042.12 -176257.70
V 8680 -814036.45 -176263.37
V 8688 -814028.70 -176265.45
V 8696 -813929.20 -176265.45
V 8704 -813929.20 -176305.45
V 8712 -814028.70 -176305.45
V 8720 -814036.45 -176307.53
V 8728 -814042.12 -176313.20
V 8736 -814044.20 -176320.95
V 8744 -814044.20 -176391.95
V 8752 -814042.12 -176399.70
V 8760 -814036.45 -176405.37
V 8768 -814028.70 -176407.45
V 8776 -813929.20 -176407.45
V 8784 -813929.20 -176447.45
V 8792 -814028.70 -176447.45
V 8800 -814036.45 -176449.53
V 8808 -814042.12 -176455.20
V 8816 -814044.20 -176462.95
V 8824 -814044.20 -176533.95
V 8832 -814042.12 -176541.70
V 8840 -814036.45 -176547.37
V 8848 -814028.70 -176549.45
V 8856 -813929.20 -176549.45
V 8864 -813929.20 -176589.45
V 8872 -814028.70 -176589.45
V 8880 -814036.45 -176591.53
V 8888 -814042.12 -176597.20
V 8896 -814044.20 -176604.95
V 8904 -814044.20 -176675.95
V 8912 -814042.12 -176683.70
V 8920 -814036.45 -176689.37
V 8928 -814028.70 -176691.45
V 8936 -813929.20 -176691.45
V 8944 -813929.20 -176731.45
V 8952 -814028.70 -176731.45
V 8960 -814036.45 -176733.53
V 8968 -814042.12 -176739.20
V 8976 -814044.20 -176746.95
V 8984 -814044.20 -176817.95
V 8992 -814042.12 -176825.70
V 9000 -814036.45 -176831.37
V 9008 -814028.70 -176833.45
V 9016 -813929.20 -176833.45
V 9024 -813929.20 -176873.45
V 9032 -814028.70 -176873.45
V 9040 -814036.45 -176875.53
V 9048 -814042.12 -176881.20
V 9056 -814044.20 -176888.95
V 9064 -814044.20 -176959.95
V 9072 -814042.12 -176967.70
V 9080 -814036.45 -176973.37
V 9088 -814028.70 -176975.45
V 9096 -813929.20 -176975.45
V 9104 -813929.20 -177015.45
V 9112 -814028.70 -177015.45
V 9120 -814036.45 -177017.53
V 9128 -814042.12 -177023.20
V 9136 -814044.20 -177030.95
V 9144 -814044.20 -177101.95
V 9152 -814042.12 -177109.70
V 9160 -814036.45 -177115.37
V 9168 -814028.70 -177117.45
V 9176 -813929.20 -177117.45
V 9184 -813929.20 -177157.45
V 9192 -814028.70 -177157.45
V 9200 -814036.45 -177159.53
V 9208 -814042.12 -177165.20
V 9216 -814044.20 -177172.95
V 9224 -814044.20 -177243.95
V 9232 -814042.12 -177251.70
V 9240 -814036.45 -177257.37
V 9248 -814028.70 -177259.45
V 9256 -813929.20 -177259.45
V 9264 -813929.20 -177299.45
V 9272 -814028.70 -177299.45
V 9280 -814036.45 -177301.53
V 9288 -814042.12 -177307.20
V 9296 -814044.20 -177314.95
V 9304 -814044.20 -177385.95
V 9312 -814042.12 -177393.70
V 9320 -814036.45 -177399.37
V 9328 -814028.70 -177401.45
V 9336 -813929.20 -177401.45
V 9344 -813929.20 -177441.45
V 9352 -814028.70 -177441.45
V 9360 -814036.45 -177443.53
V 9368 -814042.12 -177449.20
V 9376 -814044.20 -177456.95
V 9384 -814044.20 -177527.95
V 9392 -814042.12 -177535.70
V 9400 -814036.45 -177541.37
V 9408 -814028.70 -177543.45
V 9416 -813929.20 -177543.45
V 9424 -813929.20 -177583.45
V 9432 -814028.70 -177583.45
V 9440 -814036.45 -177585.53
V 9448 -814042.12 -177591.20
V 9456 -814044.20 -177598.95
V 9464 -814044.20 -177669.95
V 9472 -814042.12 -177677.70
V 9480 -814036.45 -177683.37
V 9488 -814028.70 -177685.45
V 9496 -813929.20 -177685.45
V 9504 -813929.20 -177725.45
V 9512 -814028.70 -177725.45
V 9520 -814036.45 -177727.53
V 9528 -814042.12 -177733.20
V 9536 -814044.20 -177740.95
V 9544 -814044.20 -177811.95
V 9552 -814042.12 -177819.70
V 9560 -814036.45 -177825.37
V 9568 -814028.70 -177827.45
V 9576 -813929.20 -177827.45
V 9584 -813929.20 -177867.45
V 9592 -814028.70 -177867.45
V 9600 -814036.45 -177869.53
V 9608 -814042.12 -177875.20
V 9616 -814044.20 -177882.95
V 9624 -814044.20 -177953.95
V 9632 -814042.12 -177961.70
V 9640 -814036.45 -177967.37
V 9648 -814028.70 -177969.45
V 9656 -813929.20 -177969.45
V 9664 -813929.20 -178009.45
V 9672 -814028.70 -178009.45
V 9680 -814036.45 -178011.53
V 9688 -814042.12 -178017.20
V 9696 -814044.20 -178024.95
V 9704 -814044.20 -178095.95
V 9712 -814042.12 -178103.70
V 9720 -814036.45 -178109.37
V 9728 -814028.70 -178111.45
V 9736 -813929.20 -178111.45
V 9744 -813929.20 -178151.45
V 9752 -814028.70 -178151.45
V 9760 -814036.45 -178153.53
V 9768 -814042.12 -178159.20
V 9776 -814044.20 -178166.95
V 9784 -814044.20 -178237.95
V 9792 -814042.12 -178245.70
V 9800 -814036.45 -178251.37
V 9808 -814028.70 -178253.45
V 9816 -813929.20 -178253.45
V 9824 -813929.20 -178293.45
V 9832 -814028.70 -178293.45
V 9840 -814036.45 -178295.53
V 9848 -814042.12 -178301.20
V 9856 -814044.20 -178308.95
V 9864 -814044.20 -178379.95
V 9872 -814042.12 -178387.70
V 9880 -814036.45 -178393.37
V 9888 -814028.70 -178395.45
V 9896 -813986.70 -178395.45
V 9904 -813986.70 -178404.45
V 9912 -813955.70 -178404.45
V 9920 -813955.70 -178379.95
V 9928 -813955.74 -178378.84
V 9936 -813955.86 -178377.74
V 9944 -813956.05 -178376.66
V 9952 -813956.33 -178375.58
V 9960 -813956.68 -178374.53
V 9968 -813957.10 -178373.51
V 9976 -813957.60 -178372.52
V 9984 -813958.16 -178371.57
V 9992 -813958.79 -178370.66
V 10000 -813959.49 -178369.80
V 10008 -813960.24 -178368.99
V 10016 -813961.05 -178368.24
V 10024 -813961.91 -178367.54
V 10032 -813962.82 -178366.91
V 10040 -813963.77 -178366.35
V 10048 -813964.76 -178365.85
V 10056 -813965.78 -178365.43
V 10064 -813966.83 -178365.08
V 10072 -813967.91 -178364.80
V 10080 -813968.99 -178364.61
V 10088 -813970.09 -178364.49
V 10096 -813971.20 -178364.45
V 10104 -814013.20 -178364.45
V 10112 -814013.20 -178324.45
V 10120 -813913.70 -178324.45
V 10128 -813905.95 -178322.37
V 10136 -813900.28 -178316.70
V 10144 -813898.20 -178308.95
V 10152 -813898.20 -178237.95
V 10160 -813900.28 -178230.20
V 10168 -813905.95 -178224.53
V 10176 -813913.70 -178222.45
V 10184 -814013.20 -178222.45
V 10192 -814013.20 -178182.45
V 10200 -813913.70 -178182.45
V 10208 -813905.95 -178180.37
V 10216 -813900.28 -178174.70
V 10224 -813898.20 -178166.95
V 10232 -813898.20 -178095.95
V 10240 -813900.28 -178088.20
V 10248 -813905.95 -178082.53
V 10256 -813913.70 -178080.45
V 10264 -814013.20 -178080.45
V 10272 -814013.20 -178040.45
V 10280 -813913.70 -178040.45
V 10288 -813905.95 -178038.37
V 10296 -813900.28 -178032.70
V 10304 -813898.20 -178024.95
V 10312 -813898.20 -177953.95
V 10320 -813900.28 -177946.20
V 10328 -813905.95 -177940.53
V 10336 -813913.70 -177938.45
V 10344 -814013.20 -177938.45
V 10352 -814013.20 -177898.45
V 10360 -813913.70 -177898.45
V 10368 -813905.95 -177896.37
V 10376 -813900.28 -177890.70
V 10384 -813898.20 -177882.95
V 10392 -813898.20 -177811.95
V 10400 -813900.28 -177804.20
V 10408 -813905.95 -177798.53
V 10416 -813913.70 -177796.45
V 10424 -814013.20 -177796.45
V 10432 -814013.20 -177756.45
V 10440 -813913.70 -177756.45
V 10448 -813905.95 -177754.37
V 10456 -813900.28 -177748.70
V 10464 -813898.20 -177740.95
V 10472 -813898.20 -177669.95
V 10480 -813900.28 -177662.20
V 10488 -813905.95 -177656.53
V 10496 -813913.70 -177654.45
V 10504 -814013.20 -177654.45
V 10512 -814013.20 -177614.45
V 10520 -813913.70 -177614.45
V 10528 -813905.95 -177612.37
V 10536 -813900.28 -177606.70
V 10544 -813898.20 -177598.95
V 10552 -813898.20 -177527.95
V 10560 -813900.28 -177520.20
V 10568 -813905.95 -177514.53
V 10576 -813913.70 -177512.45
V 10584 -814013.20 -177512.45
V 10592 -814013.20 -177472.45
V 10600 -813913.70 -177472.45
V 10608 -813905.95 -177470.37
V 10616 -813900.28 -177464.70
V 10624 -813898.20 -177456.95
V 10632 -813898.20 -177385.95
V 10640 -813900.28 -177378.20
V 10648 -813905.95 -177372.53
V 10656 -813913.70 -177370.45
V 10664 -814013.20 -177370.45
V 10672 -814013.20 -177330.45
V 10680 -813913.70 -177330.45
V 10688 -813905.95 -177328.37
V 10696 -813900.28 -177322.70
V 10704 -813898.20 -177314.95
V 10712 -813898.20 -177243.95
V 10720 -813900.28 -177236.20
V 10728 -813905.95 -177230.53
V 10736 -813913.70 -177228.45
V 10744 -814013.20 -177228.45
V 10752 -814013.20 -177188.45
V 10760 -813913.70 -177188.45
V 10768 -813905.95 -177186.37
V 10776 -813900.28 -177180.70
V 10784 -813898.20 -177172.95
V 10792 -813898.20 -177101.95
V 10800 -813900.28 -177094.20
V 10808 -813905.95 -177088.53
V 10816 -813913.70 -177086.45
V 10824 -814013.20 -177086.45
V 10832 -814013.20 -177046.45
V 10840 -813913.70 -177046.45
V 10848 -813905.95 -177044.37
V 10856 -813900.28 -177038.70
V 10864 -813898.20 -177030.95
V 10872 -813898.20 -176959.95
V 10880 -813900.28 -176952.20
V 10888 -813905.95 -176946.53
V 10896 -813913.70 -176944.45
V 10904 -814013.20 -176944.45
V 10912 -814013.20 -176904.45
V 10920 -813913.70 -176904.45
V 10928 -813905.95 -176902.37
V 10936 -813900.28 -176896.70
V 10944 -813898.20 -176888.95
V 10952 -813898.20 -176817.95
V 10960 -813900.28 -176810.20
V 10968 -813905.95 -176804.53
V 10976 -813913.70 -176802.45
V 10984 -814013.20 -176802.45
V 10992 -814013.20 -176762.45
V 11000 -813913.70 -176762.45
V 11008 -813905.95 -176760.37
V 11016 -813900.28 -176754.70
V 11024 -813898.20 -176746.95
V 11032 -813898.20 -176675.95
V 11040 -813900.28 -176668.20
V 11048 -813905.95 -176662.53
V 11056 -813913.70 -176660.45
V 11064 -814013.20 -176660.45
V 11072 -814013.20 -176620.45
V 11080 -813913.70 -176620.45
V 11088 -813905.95 -176618.37
V 11096 -813900.28 -176612.70
V 11104 -813898.20 -176604.95
V 11112 -813898.20 -176533.95
V 11120 -813900.28 -176526.20
V 11128 -813905.95 -176520.53
V 11136 -813913.70 -176518.45
V 11144 -814013.20 -176518.45
V 11152 -814013.20 -176478.45
V 11160 -813913.70 -176478.45
V 11168 -813905.95 -176476.37
V 11176 -813900.28 -176470.70
V 11184 -813898.20 -176462.95
V 11192 -813898.20 -176391.95
V 11200 -813900.28 -176384.20
V 11208 -813905.95 -176378.53
V 11216 -813913.70 -176376.45
V 11224 -814013.20 -176376.45
V 11232 -814013.20 -176336.45
V 11240 -813913.70 -176336.45
V 11248 -813905.95 -176334.37
V 11256 -813900.28 -176328.70
V 11264 -813898.20 -176320.95
V 11272 -813898.20 -176249.95
V 11280 -813900.28 -176242.20
V 11288 -813905.95 -176236.53
V 11296 -813913.70 -176234.45
V 11304 -814013.20 -176234.45
V 11312 -814013.20 -176194.45
V 11320 -813913.70 -176194.45
V 11328 -813905.95 -176192.37
V 11336 -813900.28 -176186.70
V 11344 -813898.20 -176178.95
V 11352 -813898.20 -176107.95
V 11360 -813900.28 -176100.20
V 11368 -813905.95 -176094.53
V 11376 -813913.70 -176092.45
V 11384 -814013.20 -176092.45
V 11392 -814013.20 -176052.45
V 11400 -813913.70 -176052.45
V 11408 -813905.95 -176050.37
V 11416 -813900.28 -176044.70
V 11424 -813898.20 -176036.95
V 11432 -813898.20 -175965.95
V 11440 -813900.28 -175958.20
V 11448 -813905.95 -175952.53
V 11456 -813913.70 -175950.45
V 11464 -814013.20 -175950.45
V 11472 -814013.20 -175910.45
V 11480 -813913.70 -175910.45
V 11488 -813905.95 -175908.37
V 11496 -813900.28 -175902.70
V 11504 -813898.20 -175894.95
V 11512 -813898.20 -175823.95
V 11520 -813900.28 -175816.20
V 11528 -813905.95 -175810.53
V 11536 -813913.70 -175808.45
V 11544 -814013.20 -175808.45
V 11552 -814013.20 -175768.45
V 11560 -813913.70 -175768.45
V 11568 -813905.95 -175766.37
V 11576 -813900.28 -175760.70
V 11584 -813898.20 -175752.95
V 11592 -813898.20 -175681.95
V 11600 -813900.28 -175674.20
V 11608 -813905.95 -175668.53
V 11616 -813913.70 -175666.45
V 11624 -814013.20 -175666.45
V 11632 -814013.20 -175626.45
V 11640 -813913.70 -175626.45
V 11648 -813905.95 -175624.37
V 11656 -813900.28 -175618.70
V 11664 -813898.20 -175610.95
V 11672 -813898.20 -175539.95
V 11680 -813900.28 -175532.20
V 11688 -813905.95 -175526.53
V 11696 -813913.70 -175524.45
V 11704 -814013.20 -175524.45
V 11712 -814013.20 -175484.45
V 11720 -813913.70 -175484.45
V 11728 -813905.95 -175482.37
V 11736 -813900.28 -175476.70
V 11744 -813898.20 -175468.95
V 11752 -813898.20 -175397.95
V 11760 -813900.28 -175390.20
V 11768 -813905.95 -175384.53
V 11776 -813913.70 -175382.45
V 11784 -814013.20 -175382.45
V 11792 -814013.20 -175342.45
V 11800 -813913.70 -175342.45
V 11808 -813905.95 -175340.37
V 11816 -813900.28 -175334.70
V 11824 -813898.20 -175326.95
V 11832 -813898.20 -175255.95
V 11840 -813900.28 -175248.20
V 11848 -813905.95 -175242.53
V 11856 -813913.70 -175240.45
V 11864 -814013.20 -175240.45
V 11872 -814013.20 -175200.45
V 11880 -813913.70 -175200.45
V 11888 -813905.95 -175198.37
V 11896 -813900.28 -175192.70
V 11904 -813898.20 -175184.95
V 11912 -813898.20 -175113.95
V 11920 -813900.28 -175106.20
V 11928 -813905.95 -175100.53
V 11936 -813913.70 -175098.45
V 11944 -814013.20 -175098.45
V 11952 -814013.20 -175058.45
V 11960 -813913.70 -175058.45
V 11968 -813905.95 -175056.37
V 11976 -813900.28 -175050.70
V 11984 -813898.20 -175042.95
V 11992 -813898.20 -174971.95
V 12000 -813900.28 -174964.20
V 12008 -813905.95 -174958.53
V 12016 -813913.70 -174956.45
V 12024 -814013.20 -174956.45
V 12032 -814013.20 -174916.45
V 12040 -813913.70 -174916.45
V 12048 -813905.95 -174914.37
V 12056 -813900.28 -174908.70
V 12064 -813898.20 -174900.95
V 12072 -813898.20 -174829.95
V 12080 -813900.28 -174822.20
V 12088 -813905.95 -174816.53
V 12096 -813913.70 -174814.45
V 12104 -814013.20 -174814.45
V 12112 -814013.20 -174774.45
V 12120 -813913.70 -174774.45
V 12128 -813905.95 -174772.37
V 12136 -813900.28 -174766.70
V 12144 -813898.20 -174758.95
V 12152 -813898.20 -174687.95
V 12160 -813900.28 -174680.20
V 12168 -813905.95 -174674.53
V 12176 -813913.70 -174672.45
V 12184 -814013.20 -174672.45
V 12192 -814013.20 -174632.45
V 12200 -813913.70 -174632.45
V 12208 -813905.95 -174630.37
V 12216 -813900.28 -174624.70
V 12224 -813898.20 -174616.95
V 12232 -813898.20 -174545.95
V 12240 -813900.28 -174538.20
V 12248 -813905.95 -174532.53
V 12256 -813913.70 -174530.45
V 12264 -814013.20 -174530.45
V 12272 -814013.20 -174490.45
V 12280 -813913.70 -174490.45
V 12288 -813905.95 -174488.37
V 12296 -813900.28 -174482.70
V 12304 -813898.20 -174474.95
V 12312 -813898.20 -174403.95
V 12320 -813900.28 -174396.20
V 12328 -813905.95 -174390.53
V 12336 -813913.70 -174388.45
V 12344 -814013.20 -174388.45
V 12352 -814013.20 -174348.45
V 12360 -813913.70 -174348.45
V 12368 -813905.95 -174346.37
V 12376 -813900.28 -174340.70
V 12384 -813898.20 -174332.95
V 12392 -813898.20 -174261.95
V 12400 -813900.28 -174254.20
V 12408 -813905.95 -174248.53
V 12416 -813913.70 -174246.45
V 12424 -814013.20 -174246.45
V 12432 -814013.20 -174206.45
V 12440 -813913.70 -174206.45
V 12448 -813905.95 -174204.37
V 12456 -813900.28 -174198.70
V 12464 -813898.20 -174190.95
V 12472 -813898.20 -174119.95
V 12480 -813900.28 -174112.20
V 12488 -813905.95 -174106.53
V 12496 -813913.70 -174104.45
V 12504 -814013.20 -174104.45
V 12512 -814013.20 -174064.45
V 12520 -813913.70 -174064.45
V 12528 -813905.95 -174062.37
V 12536 -813900.28 -174056.70
V 12544 -813898.20 -174048.95
V 12552 -813898.20 -173977.95
V 12560 -813900.28 -173970.20
V 12568 -813905.95 -173964.53
V 12576 -813913.70 -173962.45
V 12584 -814013.20 -173962.45
V 12592 -814013.20 -173922.45
V 12600 -813913.70 -173922.45
V 12608 -813905.95 -173920.37
V 12616 -813900.28 -173914.70
V 12624 -813898.20 -173906.95
V 12632 -813898.20 -173835.95
V 12640 -813900.28 -173828.20
V 12648 -813905.95 -173822.53
V 12656 -813913.70 -173820.45
V 12664 -814013.20 -173820.45
V 12672 -814013.20 -173780.45
V 12680 -813913.70 -173780.45
V 12688 -813905.95 -173778.37
V 12696 -813900.28 -173772.70
V 12704 -813898.20 -173764.95
V 12712 -813898.20 -173693.95
V 12720 -813900.28 -173686.20
V 12728 -813905.95 -173680.53
V 12736 -813913.70 -173678.45
V 12744 -814013.20 -173678.45
V 12752 -814013.20 -173638.45
V 12760 -813913.70 -173638.45
V 12768 -813905.95 -173636.37
V 12776 -813900.28 -173630.70
V 12784 -813898.20 -173622.95
V 12792 -813898.20 -173551.95
V 12800 -813900.28 -173544.20
V 12808 -813905.95 -173538.53
V 12816 -813913.70 -173536.45
V 12824 -814013.20 -173536.45
V 12832 -814013.20 -173496.45
V 12840 -813913.70 -173496.45
V 12848 -813905.95 -173494.37
V 12856 -813900.28 -173488.70
V 12864 -813898.20 -173480.95
V 12872 -813898.20 -173409.95
V 12880 -813900.28 -173402.20
V 12888 -813905.95 -173396.53
V 12896 -813913.70 -173394.45
V 12904 -814013.20 -173394.45
V 12912 -814013.20 -173354.45
V 12920 -813913.70 -173354.45
V 12928 -813905.95 -173352.37
V 12936 -813900.28 -173346.70
V 12944 -813898.20 -173338.95
V 12952 -813898.20 -173267.95
V 12960 -813900.28 -173260.20
V 12968 -813905.95 -173254.53
V 12976 -813913.70 -173252.45
V 12984 -814013.20 -173252.45
V 12992 -814013.20 -173212.45
V 13000 -813913.70 -173212.45
V 13008 -813905.95 -173210.37
V 13016 -813900.28 -173204.70
V 13024 -813898.20 -173196.95
V 13032 -813898.20 -173125.95
V 13040 -813900.28 -173118.20
V 13048 -813905.95 -173112.53
V 13056 -813913.70 -173110.45
V 13064 -814013.20 -173110.45
V 13072 -814013.20 -173070.45
V 13080 -813913.70 -173070.45
V 13088 -813905.95 -173068.37
V 13096 -813900.28 -173062.70
V 13104 -813898.20 -173054.95
V 13112 -813898.20 -172983.95
V 13120 -813900.28 -172976.20
V 13128 -813905.95 -172970.53
V 13136 -813913.70 -172968.45
V 13144 -814013.20 -172968.45
V 13152 -814013.20 -172928.45
V 13160 -813913.70 -172928.45
V 13168 -813905.95 -172926.37
V 13176 -813900.28 -172920.70
V 13184 -813898.20 -172912.95
V 13192 -813898.20 -172841.95
V 13200 -813900.28 -172834.20
V 13208 -813905.95 -172828.53
V 13216 -813913.70 -172826.45
V 13224 -814013.20 -172826.45
V 13232 -814013.20 -172786.45
V 13240 -813913.70 -172786.45
V 13248 -813905.95 -172784.37
V 13256 -813900.28 -172778.70
V 13264 -813898.20 -172770.95
V 13272 -813898.20 -172699.95
V 13280 -813900.28 -172692.20
V 13288 -813905.95 -172686.53
V 13296 -813913.70 -172684.45
V 13304 -814013.20 -172684.45
V 13312 -814013.20 -172644.45
V 13320 -813913.70 -172644.45
V 13328 -813905.95 -172642.37
V 13336 -813900.28 -172636.70
V 13344 -813898.20 -172628.95
V 13352 -813898.20 -172557.95
V 13360 -813900.28 -172550.20
V 13368 -813905.95 -172544.53
V 13376 -813913.70 -172542.45
V 13384 -814013.20 -172542.45
V 13392 -814013.20 -172502.45
V 13400 -813913.70 -172502.45
V 13408 -813905.95 -172500.37
V 13416 -813900.28 -172494.70
V 13424 -813898.20 -172486.95
V 13432 -813898.20 -172415.95
V 13440 -813900.28 -172408.20
V 13448 -813905.95 -172402.53
V 13456 -813913.70 -172400.45
V 13464 -814013.20 -172400.45
V 13472 -814013.20 -172360.45
V 13480 -813913.70 -172360.45
V 13488 -813905.95 -172358.37
V 13496 -813900.28 -172352.70
V 13504 -813898.20 -172344.95
V 13512 -813898.20 -172273.95
V 13520 -813900.28 -172266.20
V 13528 -813905.95 -172260.53
V 13536 -813913.70 -172258.45
V 13544 -814013.20 -172258.45
V 13552 -814013.20 -172218.45
V 13560 -813913.70 -172218.45
V 13568 -813905.95 -172216.37
V 13576 -813900.28 -172210.70
V 13584 -813898.20 -172202.95
V 13592 -813898.20 -172131.95
V 13600 -813900.28 -172124.20
V 13608 -813905.95 -172118.53
V 13616 -813913.70 -172116.45
V 13624 -814013.20 -172116.45
V 13632 -814013.20 -172076.45
V 13640 -813913.70 -172076.45
V 13648 -813905.95 -172074.37
V 13656 -813900.28 -172068.70
V 13664 -813898.20 -172060.95
V 13672 -813898.20 -171989.95
V 13680 -813900.28 -171982.20
V 13688 -813905.95 -171976.53
V 13696 -813913.70 -171974.45
V 13704 -814013.20 -171974.45
V 13712 -814013.20 -171934.45
V 13720 -813913.70 -171934.45
V 13728 -813905.95 -171932.37
V 13736 -813900.28 -171926.70
V 13744 -813898.20 -171918.95
V 13752 -813898.20 -171847.95
V 13760 -813900.28 -171840.20
V 13768 -813905.95 -171834.53
V 13776 -813913.70 -171832.45
V 13784 -814013.20 -171832.45
V 13792 -814013.20 -171792.45
V 13800 -813913.70 -171792.45
V 13808 -813905.95 -171790.37
V 13816 -813900.28 -171784.70
V 13824 -813898.20 -171776.95
V 13832 -813898.20 -171705.95
V 13840 -813900.28 -171698.20
V 13848 -813905.95 -171692.53
V 13856 -813913.70 -171690.45
V 13864 -814013.20 -171690.45
V 13872 -814013.20 -171650.45
V 13880 -813913.70 -171650.45
V 13888 -813905.95 -171648.37
V 13896 -813900.28 -171642.70
V 13904 -813898.20 -171634.95
V 13912 -813898.20 -171563.95
V 13920 -813900.28 -171556.20
V 13928 -813905.95 -171550.53
V 13936 -813913.70 -171548.45
V 13944 -814013.20 -171548.45
V 13952 -814013.20 -171508.45
V 13960 -813913.70 -171508.45
V 13968 -813905.95 -171506.37
V 13976 -813900.28 -171500.70
V 13984 -813898.20 -171492.95
V 13992 -813898.20 -171421.95
V 14000 -813900.28 -171414.20
V 14008 -813905.95 -171408.53
V 14016 -813913.70 -171406.45
V 14024 -814013.20 -171406.45
V 14032 -814013.20 -171366.45
V 14040 -813913.70 -171366.45
V 14048 -813905.95 -171364.37
V 14056 -813900.28 -171358.70
V 14064 -813898.20 -171350.95
V 14072 -813898.20 -171279.95
V 14080 -813900.28 -171272.20
V 14088 -813905.95 -171266.53
V 14096 -813913.70 -171264.45
V 14104 -814013.20 -171264.45
V 14112 -814013.20 -171224.45
V 14120 -813913.70 -171224.45
V 14128 -813905.95 -171222.37
V 14136 -813900.28 -171216.70
V 14144 -813898.20 -171208.95
V 14152 -813898.20 -171137.95
V 14160 -813900.28 -171130.20
V 14168 -813905.95 -171124.53
V 14176 -813913.70 -171122.45
V 14184 -814013.20 -171122.45
V 14192 -814013.20 -171082.45
V 14200 -813913.70 -171082.45
V 14208 -813905.95 -171080.37
V 14216 -813900.28 -171074.70
V 14224 -813898.20 -171066.95
V 14232 -813898.20 -170995.95
V 14240 -813900.28 -170988.20
V 14248 -813905.95 -170982.53
V 14256 -813913.70 -170980.45
V 14264 -814013.20 -170980.45
V 14272 -814013.20 -170940.45
V 14280 -813913.70 -170940.45
V 14288 -813905.95 -170938.37
V 14296 -813900.28 -170932.70
V 14304 -813898.20 -170924.95
V 14312 -813898.20 -170853.95
V 14320 -813900.28 -170846.20
V 14328 -813905.95 -170840.53
V 14336 -813913.70 -170838.45
V 14344 -814013.20 -170838.45
V 14352 -814013.20 -170798.45
V 14360 -813913.70 -170798.45
V 14368 -813905.95 -170796.37
V 14376 -813900.28 -170790.70
V 14384 -813898.20 -170782.95
V 14392 -813898.20 -170711.95
V 14400 -813900.28 -170704.20
V 14408 -813905.95 -170698.53
V 14416 -813913.70 -170696.45
V 14424 -814013.20 -170696.45
V 14432 -814013.20 -170656.45
V 14440 -813913.70 -170656.45
V 14448 -813905.95 -170654.37
V 14456 -813900.28 -170648.70
V 14464 -813898.20 -170640.95
V 14472 -813898.20 -170569.95
V 14480 -813900.28 -170562.20
V 14488 -813905.95 -170556.53
V 14496 -813913.70 -170554.45
V 14504 -814013.20 -170554.45
V 14512 -814013.20 -170514.45
V 14520 -813913.70 -170514.45
V 14528 -813905.95 -170512.37
V 14536 -813900.28 -170506.70
V 14544 -813898.20 -170498.95
V 14552 -813898.20 -170427.95
V 14560 -813900.28 -170420.20
V 14568 -813905.95 -170414.53
V 14576 -813913.70 -170412.45
V 14584 -814013.20 -170412.45
V 14592 -814013.20 -170372.45
V 14600 -813913.70 -170372.45
V 14608 -813905.95 -170370.37
V 14616 -813900.28 -170364.70
V 14624 -813898.20 -170356.95
V 14632 -813898.20 -170285.95
V 14640 -813900.28 -170278.20
V 14648 -813905.95 -170272.53
V 14656 -813913.70 -170270.45
V 14664 -814013.20 -170270.45
V 14672 -814013.20 -170230.45
V 14680 -813913.70 -170230.45
V 14688 -813905.95 -170228.37
V 14696 -813900.28 -170222.70
V 14704 -813898.20 -170214.95
V 14712 -813898.20 -170143.95
V 14720 -813900.28 -170136.20
V 14728 -813905.95 -170130.53
V 14736 -813913.70 -170128.45
V 14744 -814013.20 -170128.45
V 14752 -814013.20 -170088.45
V 14760 -813913.70 -170088.45
V 14768 -813905.95 -170086.37
V 14776 -813900.28 -170080.70
V 14784 -813898.20 -170072.95
V 14792 -813898.20 -170001.95
V 14800 -813900.28 -169994.20
V 14808 -813905.95 -169988.53
V 14816 -813913.70 -169986.45
V 14824 -814013.20 -169986.45
V 14832 -814013.20 -169946.45
V 14840 -813913.70 -169946.45
V 14848 -813905.95 -169944.37
V 14856 -813900.28 -169938.70
V 14864 -813898.20 -169930.95
V 14872 -813898.20 -169859.95
V 14880 -813900.28 -169852.20
V 14888 -813905.95 -169846.53
V 14896 -813913.70 -169844.45
V 14904 -814013.20 -169844.45
V 14912 -814013.20 -169804.45
V 14920 -813913.70 -169804.45
V 14928 -813905.95 -169802.37
V 14936 -813900.28 -169796.70
V 14944 -813898.20 -169788.95
V 14952 -813898.20 -169717.95
V 14960 -813900.28 -169710.20
V 14968 -813905.95 -169704.53
V 14976 -813913.70 -169702.45
V 14984 -814013.20 -169702.45
V 14992 -814013.20 -169662.45
V 15000 -813913.70 -169662.45
V 15008 -813905.95 -169660.37
V 15016 -813900.28 -169654.70
V 15024 -813898.20 -169646.95
V 15032 -813898.20 -169575.95
V 15040 -813900.28 -169568.20
V 15048 -813905.95 -169562.53
V 15056 -813913.70 -169560.45
V 15064 -814013.20 -169560.45
V 15072 -814013.20 -169520.45
V 15080 -813913.70 -169520.45
V 15088 -813905.95 -169518.37
V 15096 -813900.28 -169512.70
V 15104 -813898.20 -169504.95
V 15112 -813898.20 -169433.95
V 15120 -813900.28 -169426.20
V 15128 -813905.95 -169420.53
V 15136 -813913.70 -169418.45
V 15144 -814013.20 -169418.45
V 15152 -814013.20 -169378.45
V 15160 -813913.70 -169378.45
V 15168 -813905.95 -169376.37
V 15176 -813900.28 -169370.70
V 15184 -813898.20 -169362.95
V 15192 -813898.20 -169291.95
V 15200 -813900.28 -169284.20
V 15208 -813905.95 -169278.53
V 15216 -813913.70 -169276.45
V 15224 -814013.20 -169276.45
V 15232 -814013.20 -169236.45
V 15240 -813913.70 -169236.45
V 15248 -813905.95 -169234.37
V 15256 -813900.28 -169228.70
V 15264 -813898.20 -169220.95
V 15272 -813898.20 -169149.95
V 15280 -813900.28 -169142.20
V 15288 -813905.95 -169136.53
V 15296 -813913.70 -169134.45
V 15304 -814013.20 -169134.45
V 15312 -814013.20 -169094.45
V 15320 -813913.70 -169094.45
V 15328 -813905.95 -169092.37
V 15336 -813900.28 -169086.70
V 15344 -813898.20 -169078.95
V 15352 -813898.20 -169007.95
V 15360 -813900.28 -169000.20
V 15368 -813905.95 -168994.53
V 15376 -813913.70 -168992.45
V 15384 -814013.20 -168992.45
V 15392 -814013.20 -168952.45
V 15400 -813913.70 -168952.45
V 15408 -813905.95 -168950.37
V 15416 -813900.28 -168944.70
V 15424 -813898.20 -168936.95
V 15432 -813898.20 -168865.95
V 15440 -813900.28 -168858.20
V 15448 -813905.95 -168852.53
V 15456 -813913.70 -168850.45
V 15464 -814013.20 -168850.45
V 15472 -814013.20 -168810.45
V 15480 -813913.70 -168810.45
V 15488 -813905.95 -168808.37
V 15496 -813900.28 -168802.70
V 15504 -813898.20 -168794.95
V 15512 -813898.20 -168723.95
V 15520 -813900.28 -168716.20
V 15528 -813905.95 -168710.53
V 15536 -813913.70 -168708.45
V 15544 -814013.20 -168708.45
V 15552 -814013.20 -168668.45
V 15560 -813913.70 -168668.45
V 15568 -813905.95 -168666.37
V 15576 -813900.28 -168660.70
V 15584 -813898.20 -168652.95
V 15592 -813898.20 -168581.95
V 15600 -813900.28 -168574.20
V 15608 -813905.95 -168568.53
V 15616 -813913.70 -168566.45
V 15624 -814013.20 -168566.45
V 15632 -814013.20 -168526.45
V 15640 -813913.70 -168526.45
V 15648 -813905.95 -168524.37
V 15656 -813900.28 -168518.70
V 15664 -813898.20 -168510.95
V 15672 -813898.20 -168439.95
V 15680 -813900.28 -168432.20
V 15688 -813905.95 -168426.53
V 15696 -813913.70 -168424.45
V 15704 -814013.20 -168424.45
V 15712 -814013.20 -168384.45
V 15720 -813913.70 -168384.45
V 15728 -813905.95 -168382.37
V 15736 -813900.28 -168376.70
V 15744 -813898.20 -168368.95
V 15752 -813898.20 -168297.95
V 15760 -813900.28 -168290.20
V 15768 -813905.95 -168284.53
V 15776 -813913.70 -168282.45
V 15784 -814013.20 -168282.45
V 15792 -814013.20 -168242.45
V 15800 -813913.70 -168242.45
V 15808 -813905.95 -168240.37
V 15816 -813900.28 -168234.70
V 15824 -813898.20 -168226.95
V 15832 -813898.20 -168155.95
V 15840 -813900.28 -168148.20
V 15848 -813905.95 -168142.53
V 15856 -813913.70 -168140.45
V 15864 -814013.20 -168140.45
V 15872 -814013.20 -168100.45
V 15880 -813913.70 -168100.45
V 15888 -813905.95 -168098.37
V 15896 -813900.28 -168092.70
V 15904 -813898.20 -168084.95
V 15912 -813898.20 -168013.95
V 15920 -813900.28 -168006.20
V 15928 -813905.95 -168000.53
V 15936 -813913.70 -167998.45
V 15944 -814013.20 -167998.45
V 15952 -814013.20 -167958.45
V 15960 -813913.70 -167958.45
V 15968 -813905.95 -167956.37
V 15976 -813900.28 -167950.70
V 15984 -813898.20 -167942.95
V 15992 -813898.20 -167871.95
V 16000 -813900.28 -167864.20
V 16008 -813905.95 -167858.53
V 16016 -813913.70 -167856.45
V 16024 -814013.20 -167856.45
V 16032 -814013.20 -167816.45
V 16040 -813913.70 -167816.45
V 16048 -813905.95 -167814.37
V 16056 -813900.28 -167808.70
V 16064 -813898.20 -167800.95
V 16072 -813898.20 -167729.95
V 16080 -813900.28 -167722.20
V 16088 -813905.95 -167716.53
V 16096 -813913.70 -167714.45
V 16104 -814013.20 -167714.45
V 16112 -814013.20 -167674.45
V 16120 -813913.70 -167674.45
V 16128 -813905.95 -167672.37
V 16136 -813900.28 -167666.70
V 16144 -813898.20 -167658.95
V 16152 -813898.20 -167587.95
V 16160 -813900.28 -167580.20
V 16168 -813905.95 -167574.53
V 16176 -813913.70 -167572.45
V 16184 -814013.20 -167572.45
V 16192 -814013.20 -167532.45
V 16200 -813913.70 -167532.45
V 16208 -813905.95 -167530.37
V 16216 -813900.28 -167524.70
V 16224 -813898.20 -167516.95
V 16232 -813898.20 -167445.95
V 16240 -813900.28 -167438.20
V 16248 -813905.95 -167432.53
V 16256 -813913.70 -167430.45
V 16264 -814013.20 -167430.45
V 16272 -814013.20 -167390.45
V 16280 -813913.70 -167390.45
V 16288 -813905.95 -167388.37
V 16296 -813900.28 -167382.70
V 16304 -813898.20 -167374.95
V 16312 -813898.20 -167303.95
V 16320 -813900.28 -167296.20
V 16328 -813905.95 -167290.53
V 16336 -813913.70 -167288.45
V 16344 -814013.20 -167288.45
V 16352 -814013.20 -167248.45
V 16360 -813913.70 -167248.45
V 16368 -813905.95 -167246.37
V 16376 -813900.28 -167240.70
V 16384 -813898.20 -167232.95
V 16392 -813898.20 -167161.95
V 16400 -813900.28 -167154.20
V 16408 -813905.95 -167148.53
V 16416 -813913.70 -167146.45
V 16424 -814013.20 -167146.45
V 16432 -814013.20 -167106.45
V 16440 -813913.70 -167106.45
V 16448 -813905.95 -167104.37
V 16456 -813900.28 -167098.70
V 16464 -813898.20 -167090.95
V 16472 -813898.20 -167019.95
V 16480 -813900.28 -167012.20
V 16488 -813905.95 -167006.53
V 16496 -813913.70 -167004.45
V 16504 -814013.20 -167004.45
V 16512 -814013.20 -166964.45
V 16520 -813913.70 -166964.45
V 16528 -813905.95 -166962.37
V 16536 -813900.28 -166956.70
V 16544 -813898.20 -166948.95
V 16552 -813898.20 -166877.95
V 16560 -813900.28 -166870.20
V 16568 -813905.95 -166864.53
V 16576 -813913.70 -166862.45
V 16584 -814013.20 -166862.45
V 16592 -814013.20 -166822.45
V 16600 -813913.70 -166822.45
V 16608 -813905.95 -166820.37
V 16616 -813900.28 -166814.70
V 16624 -813898.20 -166806.95
V 16632 -813898.20 -166735.95
V 16640 -813900.28 -166728.20
V 16648 -813905.95 -166722.53
V 16656 -813913.70 -166720.45
V 16664 -814013.20 -166720.45
V 16672 -814013.20 -166680.45
V 16680 -813913.70 -166680.45
V 16688 -813905.95 -166678.37
V 16696 -813900.28 -166672.70
V 16704 -813898.20 -166664.95
V 16712 -813898.20 -166593.95
V 16720 -813900.28 -166586.20
V 16728 -813905.95 -166580.53
V 16736 -813913.70 -166578.45
V 16744 -814013.20 -166578.45
V 16752 -814013.20 -166538.45
V 16760 -813913.70 -166538.45
V 16768 -813905.95 -166536.37
V 16776 -813900.28 -166530.70
V 16784 -813898.20 -166522.95
V 16792 -813898.20 -166451.95
V 16800 -813900.28 -166444.20
V 16808 -813905.95 -166438.53
V 16816 -813913.70 -166436.45
V 16824 -814013.20 -166436.45
V 16832 -814013.20 -166396.45
V 16840 -813913.70 -166396.45
V 16848 -813905.95 -166394.37
V 16856 -813900.28 -166388.70
V 16864 -813898.20 -166380.95
V 16872 -813898.20 -166309.95
V 16880 -813900.28 -166302.20
V 16888 -813905.95 -166296.53
V 16896 -813913.70 -166294.45
V 16904 -814013.20 -166294.45
V 16912 -814013.20 -166254.45
V 16920 -813913.70 -166254.45
V 16928 -813905.95 -166252.37
V 16936 -813900.28 -166246.70
V 16944 -813898.20 -166238.95
V 16952 -813898.20 -166167.95
V 16960 -813900.28 -166160.20
V 16968 -813905.95 -166154.53
V 16976 -813913.70 -166152.45
V 16984 -814013.20 -166152.45
V 16992 -814013.20 -166112.45
V 17000 -813913.70 -166112.45
V 17008 -813905.95 -166110.37
V 17016 -813900.28 -166104.70
V 17024 -813898.20 -166096.95
V 17032 -813898.20 -166025.95
V 17040 -813900.28 -166018.20
V 17048 -813905.95 -166012.53
V 17056 -813913.70 -166010.45
V 17064 -814013.20 -166010.45
V 17072 -814013.20 -165970.45
V 17080 -813913.70 -165970.45
V 17088 -813905.95 -165968.37
V 17096 -813900.28 -165962.70
V 17104 -813898.20 -165954.95
V 17112 -813898.20 -165883.95
V 17120 -813900.28 -165876.20
V 17128 -813905.95 -165870.53
V 17136 -813913.70 -165868.45
V 17144 -814013.20 -165868.45
V 17152 -814013.20 -165828.45
V 17160 -813913.70 -165828.45
V 17168 -813905.95 -165826.37
V 17176 -813900.28 -165820.70
V 17184 -813898.20 -165812.95
V 17192 -813898.20 -165741.95
V 17200 -813900.28 -165734.20
V 17208 -813905.95 -165728.53
V 17216 -813913.70 -165726.45
V 17224 -814013.20 -165726.45
V 17232 -814013.20 -165686.45
V 17240 -813913.70 -165686.45
V 17248 -813905.95 -165684.37
V 17256 -813900.28 -165678.70
V 17264 -813898.20 -165670.95
V 17272 -813898.20 -165599.95
V 17280 -813900.28 -165592.20
V 17288 -813905.95 -165586.53
V 17296 -813913.70 -165584.45
V 17304 -814013.20 -165584.45
V 17312 -814013.20 -165544.45
V 17320 -813913.70 -165544.45
V 17328 -813905.95 -165542.37
V 17336 -813900.28 -165536.70
V 17344 -813898.20 -165528.95
V 17352 -813898.20 -165457.95
V 17360 -813900.28 -165450.20
V 17368 -813905.95 -165444.53
V 17376 -813913.70 -165442.45
V 17384 -814013.20 -165442.45
V 17392 -814013.20 -165402.45
V 17400 -813913.70 -165402.45
V 17408 -813905.95 -165400.37
V 17416 -813900.28 -165394.70
V 17424 -813898.20 -165386.95
V 17432 -813898.20 -165315.95
V 17440 -813900.28 -165308.20
V 17448 -813905.95 -165302.53
V 17456 -813913.70 -165300.45
V 17464 -814013.20 -165300.45
V 17472 -814013.20 -165260.45
V 17480 -813913.70 -165260.45
V 17488 -813905.95 -165258.37
V 17496 -813900.28 -165252.70
V 17504 -813898.20 -165244.95
V 17512 -813898.20 -165173.95
V 17520 -813900.28 -165166.20
V 17528 -813905.95 -165160.53
V 17536 -813913.70 -165158.45
V 17544 -814013.20 -165158.45
V 17552 -814013.20 -165118.45
V 17560 -813913.70 -165118.45
V 17568 -813905.95 -165116.37
V 17576 -813900.28 -165110.70
V 17584 -813898.20 -165102.95
V 17592 -813898.20 -165031.95
V 17600 -813900.28 -165024.20
V 17608 -813905.95 -165018.53
V 17616 -813913.70 -165016.45
V 17624 -814013.20 -165016.45
V 17632 -814013.20 -164976.45
V 17640 -813913.70 -164976.45
V 17648 -813905.95 -164974.37
V 17656 -813900.28 -164968.70
V 17664 -813898.20 -164960.95
V 17672 -813898.20 -164889.95
V 17680 -813900.28 -164882.20
V 17688 -813905.95 -164876.53
V 17696 -813913.70 -164874.45
V 17704 -814013.20 -164874.45
V 17712 -814013.20 -164834.45
V 17720 -813913.70 -164834.45
V 17728 -813905.95 -164832.37
V 17736 -813900.28 -164826.70
V 17744 -813898.20 -164818.95
V 17752 -813898.20 -164747.95
V 17760 -813900.28 -164740.20
V 17768 -813905.95 -164734.53
V 17776 -813913.70 -164732.45
V 17784 -814013.20 -164732.45
V 17792 -814013.20 -164692.45
V 17800 -813913.70 -164692.45
V 17808 -813905.95 -164690.37
V 17816 -813900.28 -164684.70
V 17824 -813898.20 -164676.95
V 17832 -813898.20 -164605.95
V 17840 -813900.28 -164598.20
V 17848 -813905.95 -164592.53
V 17856 -813913.70 -164590.45
V 17864 -814013.20 -164590.45
V 17872 -814013.20 -164550.45
V 17880 -813913.70 -164550.45
V 17888 -813905.95 -164548.37
V 17896 -813900.28 -164542.70
V 17904 -813898.20 -164534.95
V 17912 -813898.20 -164463.95
V 17920 -813900.28 -164456.20
V 17928 -813905.95 -164450.53
V 17936 -813913.70 -164448.45
V 17944 -814013.20 -164448.45
V 17952 -814013.20 -164408.45
V 17960 -813913.70 -164408.45
V 17968 -813905.95 -164406.37
V 17976 -813900.28 -164400.70
V 17984 -813898.20 -164392.95
V 17992 -813898.20 -164321.95
V 18000 -813900.28 -164314.20
V 18008 -813905.95 -164308.53
V 18016 -813913.70 -164306.45
V 18024 -814013.20 -164306.45
V 18032 -814013.20 -164266.45
V 18040 -813913.70 -164266.45
V 18048 -813905.95 -164264.37
V 18056 -813900.28 -164258.70
V 18064 -813898.20 -164250.95
V 18072 -813898.20 -164179.95
V 18080 -813900.28 -164172.20
V 18088 -813905.95 -164166.53
V 18096 -813913.70 -164164.45
V 18104 -814013.20 -164164.45
V 18112 -814013.20 -164124.45
V 18120 -813913.70 -164124.45
V 18128 -813905.95 -164122.37
V 18136 -813900.28 -164116.70
V 18144 -813898.20 -164108.95
V 18152 -813898.20 -164037.95
