V 0 -1797.38 -46739.89
V 8 -1801.11 -46734.82
V 16 -1806.60 -46731.73
V 24 -1992.35 -46673.86
V 32 -1992.47 -46673.82
V 40 -1992.55 -46673.80
V 48 -2269.45 -46587.52
V 56 -2269.57 -46587.48
V 64 -2269.65 -46587.46
V 72 -2546.61 -46501.17
V 80 -2546.73 -46501.13
V 88 -2546.81 -46501.11
V 96 -2823.76 -46414.82
V 104 -2823.88 -46414.78
V 112 -2823.96 -46414.76
V 120 -3100.91 -46328.48
V 128 -3101.03 -46328.44
V 136 -3101.11 -46328.42
V 144 -3378.06 -46242.12
V 152 -3378.18 -46242.08
V 160 -3378.26 -46242.06
V 168 -3655.22 -46155.78
V 176 -3655.34 -46155.74
V 184 -3655.42 -46155.72
V 192 -3932.36 -46069.42
V 200 -3932.48 -46069.38
V 208 -3932.56 -46069.36
V 216 -4209.51 -45983.08
V 224 -4209.63 -45983.04
V 232 -4209.71 -45983.02
V 240 -5040.96 -45724.03
V 248 -5041.08 -45723.99
V 256 -5041.16 -45723.97
V 264 -5318.12 -45637.68
V 272 -5318.24 -45637.64
V 280 -5318.32 -45637.62
V 288 -5595.26 -45551.33
V 296 -5595.38 -45551.29
V 304 -5595.46 -45551.27
V 312 -5872.41 -45464.99
V 320 -5872.53 -45464.95
V 328 -5872.61 -45464.93
V 336 -6149.55 -45378.63
V 344 -6149.67 -45378.59
V 352 -6149.75 -45378.57
V 360 -6426.70 -45292.29
V 368 -6426.82 -45292.25
V 376 -6426.90 -45292.23
V 384 -6703.85 -45205.94
V 392 -6703.97 -45205.90
V 400 -6704.05 -45205.88
V 408 -6981.00 -45119.60
V 416 -6981.12 -45119.56
V 424 -6981.20 -45119.54
V 432 -7258.16 -45033.24
V 440 -7258.28 -45033.20
V 448 -7258.36 -45033.18
V 456 -7535.30 -44946.90
V 464 -7535.42 -44946.86
V 472 -7535.50 -44946.84
V 480 -7812.45 -44860.54
V 488 -7812.57 -44860.50
V 496 -7812.65 -44860.48
V 504 -8089.60 -44774.20
V 512 -8089.72 -44774.16
V 520 -8089.80 -44774.14
V 528 -8366.75 -44687.85
V 536 -8366.87 -44687.81
V 544 -8366.95 -44687.79
V 552 -8644.18 -44601.42
V 560 -8644.30 -44601.38
V 568 -8644.32 -44601.37
V 576 -8932.22 -44510.64
V 584 -9206.34 -44354.92
V 592 -9206.37 -44354.90
V 600 -9206.46 -44354.85
V 608 -9206.85 -44354.63
V 616 -9472.98 -44213.72
V 624 -9700.00 -44092.38
V 632 -9700.00 -43365.00
V 640 -9730.00 -43365.00
V 648 -9730.00 -44101.37
V 656 -9727.87 -44109.08
V 664 -9722.07 -44114.60
V 672 -9487.07 -44240.21
V 680 -9487.02 -44240.24
V 688 -9220.93 -44381.13
V 696 -8945.75 -44537.45
V 704 -8945.72 -44537.47
V 712 -8945.63 -44537.52
V 720 -8945.25 -44537.73
V 728 -8944.76 -44537.98
V 736 -8944.27 -44538.21
V 744 -8943.27 -44538.61
V 752 -8942.73 -44538.79
V 760 -8653.34 -44629.99
V 768 -8653.29 -44630.00
V 776 -8376.05 -44716.37
V 784 -8375.93 -44716.41
V 792 -8375.85 -44716.43
V 800 -8098.90 -44802.72
V 808 -8098.78 -44802.76
V 816 -8098.70 -44802.78
V 824 -7821.75 -44889.06
V 832 -7821.63 -44889.10
V 840 -7821.55 -44889.12
V 848 -7544.60 -44975.42
V 856 -7544.48 -44975.46
V 864 -7544.40 -44975.48
V 872 -7267.46 -45061.76
V 880 -7267.34 -45061.80
V 888 -7267.26 -45061.82
V 896 -6990.30 -45148.12
V 904 -6990.18 -45148.16
V 912 -6990.10 -45148.18
V 920 -6713.15 -45234.46
V 928 -6713.03 -45234.50
V 936 -6712.95 -45234.52
V 944 -6436.00 -45320.81
V 952 -6435.88 -45320.85
V 960 -6435.80 -45320.87
V 968 -6158.85 -45407.15
V 976 -6158.73 -45407.19
V 984 -6158.65 -45407.21
V 992 -5881.71 -45493.51
V 1000 -5881.59 -45493.55
V 1008 -5881.51 -45493.57
V 1016 -5604.56 -45579.85
V 1024 -5604.44 -45579.89
V 1032 -5604.36 -45579.91
V 1040 -5327.42 -45666.20
V 1048 -5327.30 -45666.24
V 1056 -5327.22 -45666.26
V 1064 -5050.26 -45752.55
V 1072 -5050.14 -45752.59
V 1080 -5050.06 -45752.61
V 1088 -4218.81 -46011.60
V 1096 -4218.69 -46011.64
V 1104 -4218.61 -46011.66
V 1112 -3941.66 -46097.94
V 1120 -3941.54 -46097.98
V 1128 -3941.46 -46098.00
V 1136 -3664.52 -46184.30
V 1144 -3664.40 -46184.34
V 1152 -3664.32 -46184.36
V 1160 -3387.36 -46270.64
V 1168 -3387.24 -46270.68
V 1176 -3387.16 -46270.70
V 1184 -3110.21 -46357.00
V 1192 -3110.09 -46357.04
V 1200 -3110.01 -46357.06
V 1208 -2833.06 -46443.34
V 1216 -2832.94 -46443.38
V 1224 -2832.86 -46443.40
V 1232 -2555.91 -46529.69
V 1240 -2555.79 -46529.73
V 1248 -2555.71 -46529.75
V 1256 -2278.75 -46616.04
V 1264 -2278.63 -46616.08
V 1272 -2278.55 -46616.10
V 1280 -2001.65 -46702.38
V 1288 -2001.53 -46702.42
V 1296 -2001.45 -46702.44
V 1304 -1826.06 -46757.09
V 1312 -1826.06 -55615.95
V 1320 -1796.06 -55615.95
V 1328 -1796.06 -46746.05
