V 0 -961305.28 -177804.20
V 8 -961310.95 -177798.53
V 16 -961318.70 -177796.45
V 24 -961418.20 -177796.45
V 32 -961418.20 -177756.45
V 40 -961352.18 -177756.45
V 48 -961344.43 -177754.37
V 56 -961338.76 -177748.70
V 64 -961336.68 -177740.95
V 72 -961336.68 -177669.95
V 80 -961336.72 -177668.84
V 88 -961336.84 -177667.74
V 96 -961337.03 -177666.66
V 104 -961337.31 -177665.58
V 112 -961337.66 -177664.53
V 120 -961338.08 -177663.51
V 128 -961338.58 -177662.52
V 136 -961339.14 -177661.57
V 144 -961339.77 -177660.66
V 152 -961340.47 -177659.80
V 160 -961341.22 -177658.99
V 168 -961342.03 -177658.24
V 176 -961342.89 -177657.54
V 184 -961343.80 -177656.91
V 192 -961344.75 -177656.35
V 200 -961345.74 -177655.85
V 208 -961346.76 -177655.43
V 216 -961347.81 -177655.08
V 224 -961348.89 -177654.80
V 232 -961349.97 -177654.61
V 240 -961351.07 -177654.49
V 248 -961352.18 -177654.45
V 256 -961360.70 -177654.45
V 264 -961360.70 -177357.93
V 272 -961362.36 -177350.94
V 280 -961367.00 -177345.46
V 288 -961373.61 -177342.65
V 296 -965330.86 -176670.70
V 304 -965391.91 -176660.33
V 312 -967699.98 -176268.42
V 320 -970376.86 -175813.88
V 328 -971077.11 -175694.98
V 336 -971986.16 -175540.62
V 344 -972163.02 -175510.58
V 352 -972257.76 -175494.50
V 360 -972472.53 -175458.03
V 368 -972722.36 -175415.61
V 376 -972937.12 -175379.14
V 384 -973186.97 -175336.72
V 392 -973401.74 -175300.25
V 400 -973651.57 -175257.83
V 408 -973866.33 -175221.36
V 416 -974116.17 -175178.94
V 424 -974330.93 -175142.47
V 432 -974580.77 -175100.04
V 440 -974795.54 -175063.58
V 448 -975045.38 -175021.15
V 456 -975260.15 -174984.69
V 464 -975627.47 -174922.32
V 472 -977881.77 -174539.53
V 480 -981171.76 -173980.88
V 488 -981353.24 -173950.07
V 496 -981856.97 -173864.53
V 504 -984116.48 -173480.86
V 512 -984657.13 -173389.06
V 520 -985285.46 -173282.37
V 528 -989278.10 -172604.41
V 536 -989467.18 -172572.30
V 544 -989804.73 -172514.99
V 552 -991267.05 -172266.68
V 560 -991910.89 -172157.36
V 568 -994250.59 -171760.07
V 576 -1001579.15 -170515.67
V 584 -1001948.56 -170452.94
V 592 -1004358.02 -170043.81
V 600 -1009916.04 -169100.04
V 608 -1012541.77 -168654.19
V 616 -1021333.39 -167161.36
V 624 -1022608.80 -166944.79
V 632 -1023388.98 -166812.31
V 640 -1024292.04 -166658.97
V 648 -1025293.89 -166488.85
V 656 -1025354.35 -166478.59
V 664 -1025985.54 -166371.41
V 672 -1038714.38 -164210.03
V 680 -1043966.54 -163318.20
V 688 -1043966.65 -163318.18
V 696 -1043966.92 -163318.14
V 704 -1043967.47 -163318.07
V 712 -1043967.51 -163318.07
V 720 -1043967.63 -163318.05
V 728 -1044467.93 -163269.44
V 736 -1044873.83 -163182.51
V 744 -1044874.59 -163182.37
V 752 -1044993.54 -163163.03
V 760 -1045244.25 -163120.15
V 768 -1045244.27 -163120.15
V 776 -1045473.48 -163081.28
V 784 -1045706.29 -163041.74
V 792 -1045938.52 -163002.31
V 800 -1046293.88 -162941.96
V 808 -1046644.01 -162865.29
V 816 -1046644.17 -162865.25
V 824 -1046644.41 -162865.21
V 832 -1046872.37 -162815.47
V 840 -1046872.72 -162815.39
V 848 -1046872.96 -162815.35
V 856 -1047103.15 -162765.11
V 864 -1047103.50 -162765.03
V 872 -1047103.74 -162764.99
V 880 -1047333.57 -162714.83
V 888 -1047333.92 -162714.75
V 896 -1047334.16 -162714.71
V 904 -1047564.05 -162664.53
V 912 -1047564.40 -162664.45
V 920 -1047564.57 -162664.42
V 928 -1047794.61 -162614.21
V 936 -1047794.86 -162614.15
V 944 -1047795.10 -162614.11
V 952 -1048212.48 -162523.04
V 960 -1048530.63 -162427.49
V 968 -1048531.22 -162427.33
V 976 -1049310.91 -162226.15
V 984 -1049685.02 -162044.59
V 992 -1049685.58 -162044.32
V 1000 -1049686.09 -162044.10
V 1008 -1049686.60 -162043.90
V 1016 -1049687.13 -162043.71
V 1024 -1049913.77 -161967.00
V 1032 -1049913.88 -161966.97
V 1040 -1050173.95 -161879.47
V 1048 -1050174.03 -161879.44
V 1056 -1050363.05 -161815.79
V 1064 -1050363.16 -161815.76
V 1072 -1050589.09 -161739.71
V 1080 -1050589.17 -161739.68
V 1088 -1051343.96 -161485.54
V 1096 -1051594.33 -161391.20
V 1104 -1051594.71 -161391.06
V 1112 -1052338.14 -161130.84
V 1120 -1052689.58 -160926.54
V 1128 -1052690.47 -160926.06
V 1136 -1052691.39 -160925.64
V 1144 -1052709.04 -160918.26
V 1152 -1052952.72 -160813.02
V 1160 -1052952.74 -160813.01
V 1168 -1053173.45 -160718.06
V 1176 -1053396.93 -160621.88
V 1184 -1053480.62 -160585.86
V 1192 -1053480.76 -160585.81
V 1200 -1053480.82 -160585.78
V 1208 -1053481.33 -160585.58
V 1216 -1053481.68 -160585.45
V 1224 -1054111.09 -160367.42
V 1232 -1054459.40 -160164.65
V 1240 -1054459.52 -160164.59
V 1248 -1054459.77 -160164.45
V 1256 -1054460.26 -160164.19
V 1264 -1054460.76 -160163.95
V 1272 -1054461.20 -160163.76
V 1280 -1054461.22 -160163.75
V 1288 -1054495.88 -160149.26
V 1296 -1054738.03 -160044.68
V 1304 -1054738.05 -160044.67
V 1312 -1054958.95 -159949.64
V 1320 -1055227.20 -159834.19
V 1328 -1055453.23 -159730.07
V 1336 -1055453.56 -159729.92
V 1344 -1056123.08 -159440.19
V 1352 -1056452.66 -159219.24
V 1360 -1056452.68 -159219.23
V 1368 -1056453.14 -159218.92
V 1376 -1056453.61 -159218.63
V 1384 -1056454.09 -159218.36
V 1392 -1056454.52 -159218.13
V 1400 -1056516.93 -159186.64
V 1408 -1056760.51 -159060.60
V 1416 -1056760.69 -159060.51
V 1424 -1056858.13 -159010.23
V 1432 -1056858.30 -159010.14
V 1440 -1056858.80 -159009.90
V 1448 -1056859.07 -159009.78
V 1456 -1056859.12 -159009.76
V 1464 -1057438.13 -158761.14
V 1472 -1057765.78 -158541.26
V 1480 -1057765.84 -158541.23
V 1488 -1057766.04 -158541.09
V 1496 -1057766.51 -158540.80
V 1504 -1057766.99 -158540.53
V 1512 -1057767.42 -158540.30
V 1520 -1057841.72 -158502.82
V 1528 -1058076.51 -158381.32
V 1536 -1058076.69 -158381.23
V 1544 -1058189.66 -158322.93
V 1552 -1058189.83 -158322.84
V 1560 -1058190.33 -158322.60
V 1568 -1058190.60 -158322.48
V 1576 -1058190.65 -158322.46
V 1584 -1058756.90 -158079.33
V 1592 -1059078.43 -157863.55
V 1600 -1059078.49 -157863.52
V 1608 -1059078.69 -157863.38
V 1616 -1059079.16 -157863.09
V 1624 -1059079.64 -157862.82
V 1632 -1059080.07 -157862.59
V 1640 -1059166.49 -157819.00
V 1648 -1059400.23 -157698.05
V 1656 -1059400.41 -157697.96
V 1664 -1059521.07 -157635.69
V 1672 -1059521.24 -157635.60
V 1680 -1059521.74 -157635.36
V 1688 -1059522.01 -157635.24
V 1696 -1059522.06 -157635.22
V 1704 -1060075.67 -157397.51
V 1712 -1060408.35 -157174.25
V 1720 -1060408.61 -157174.08
V 1728 -1060409.08 -157173.79
V 1736 -1060409.56 -157173.52
V 1744 -1060410.05 -157173.26
V 1752 -1060410.10 -157173.23
V 1760 -1060592.70 -157077.06
V 1768 -1060871.57 -156910.77
V 1776 -1060871.80 -156910.63
V 1784 -1060998.52 -156835.98
V 1792 -1060998.65 -156835.90
V 1800 -1060999.13 -156835.63
V 1808 -1060999.62 -156835.37
V 1816 -1061528.26 -156570.89
V 1824 -1061833.19 -156342.81
V 1832 -1061833.49 -156342.58
V 1840 -1061833.94 -156342.26
V 1848 -1061834.40 -156341.95
V 1856 -1061834.87 -156341.66
V 1864 -1061834.96 -156341.61
V 1872 -1061835.02 -156341.57
V 1880 -1061869.14 -156321.83
V 1888 -1061869.47 -156321.65
V 1896 -1061869.96 -156321.39
V 1904 -1062400.36 -156055.73
V 1912 -1062697.09 -155833.78
V 1920 -1062697.39 -155833.55
V 1928 -1062697.55 -155833.44
V 1936 -1062697.69 -155833.33
V 1944 -1062702.31 -155830.04
V 1952 -1062702.92 -155829.63
V 1960 -1062703.54 -155829.25
V 1968 -1062826.11 -155758.34
V 1976 -1063062.73 -155618.50
V 1984 -1063062.80 -155618.46
V 1992 -1063062.93 -155618.39
V 2000 -1063278.06 -155491.53
V 2008 -1063278.14 -155491.48
V 2016 -1063852.66 -155147.76
V 2024 -1064123.23 -154914.71
V 2032 -1064150.92 -154891.74
V 2040 -1064151.36 -154891.40
V 2048 -1064151.81 -154891.08
V 2056 -1064151.84 -154891.06
V 2064 -1064151.88 -154891.03
V 2072 -1064223.41 -154841.95
V 2080 -1064223.51 -154841.89
V 2088 -1064223.80 -154841.69
V 2096 -1064224.11 -154841.50
V 2104 -1064224.17 -154841.46
V 2112 -1064717.38 -154543.95
V 2120 -1064975.33 -154321.96
V 2128 -1064975.48 -154321.84
V 2136 -1064975.71 -154321.64
V 2144 -1064975.84 -154321.54
V 2152 -1065010.13 -154293.11
V 2160 -1065010.39 -154292.88
V 2168 -1065010.83 -154292.54
V 2176 -1065011.28 -154292.22
V 2184 -1065011.32 -154292.20
V 2192 -1065011.35 -154292.17
V 2200 -1065092.76 -154236.30
V 2208 -1065092.86 -154236.24
V 2216 -1065093.15 -154236.04
V 2224 -1065093.46 -154235.85
V 2232 -1065093.52 -154235.81
V 2240 -1065579.14 -153942.87
V 2248 -1065828.25 -153728.51
V 2256 -1065869.84 -153694.01
V 2264 -1065870.28 -153693.67
V 2272 -1065870.73 -153693.35
V 2280 -1065870.76 -153693.33
V 2288 -1065870.80 -153693.30
V 2296 -1065962.04 -153630.70
V 2304 -1065962.14 -153630.64
V 2312 -1065962.43 -153630.44
V 2320 -1065962.74 -153630.25
V 2328 -1065962.80 -153630.21
V 2336 -1066441.00 -153341.74
V 2344 -1066680.95 -153135.25
V 2352 -1066729.22 -153095.21
V 2360 -1066729.66 -153094.87
V 2368 -1066730.11 -153094.55
V 2376 -1066730.14 -153094.53
V 2384 -1066730.18 -153094.50
V 2392 -1066831.38 -153025.06
V 2400 -1066831.48 -153025.00
V 2408 -1066831.77 -153024.80
V 2416 -1066832.08 -153024.61
V 2424 -1066832.14 -153024.57
V 2432 -1067302.78 -152740.65
V 2440 -1067533.66 -152541.99
V 2448 -1067588.70 -152496.32
V 2456 -1067589.14 -152495.98
V 2464 -1067589.59 -152495.66
V 2472 -1067589.62 -152495.64
V 2480 -1067589.66 -152495.61
V 2488 -1067700.68 -152419.44
V 2496 -1067700.78 -152419.38
V 2504 -1067701.07 -152419.18
V 2512 -1067701.38 -152418.99
V 2520 -1067701.44 -152418.95
V 2528 -1068164.62 -152139.54
V 2536 -1068386.36 -151948.72
V 2544 -1068448.09 -151897.51
V 2552 -1068448.53 -151897.17
V 2560 -1068448.98 -151896.85
V 2568 -1068449.01 -151896.83
V 2576 -1068449.05 -151896.80
V 2584 -1068570.01 -151813.80
V 2592 -1068570.11 -151813.74
V 2600 -1068570.40 -151813.54
V 2608 -1068570.71 -151813.35
V 2616 -1068570.77 -151813.31
V 2624 -1069026.40 -151538.45
V 2632 -1069239.07 -151355.46
V 2640 -1069348.13 -151264.97
V 2648 -1069348.21 -151264.90
V 2656 -1069348.30 -151264.83
V 2664 -1069348.50 -151264.68
V 2672 -1069525.18 -151122.71
V 2680 -1069525.29 -151122.61
V 2688 -1069525.73 -151122.27
V 2696 -1069965.21 -150806.29
V 2704 -1070101.48 -150671.45
V 2712 -1070101.79 -150671.16
V 2720 -1070102.20 -150670.79
V 2728 -1070102.62 -150670.43
V 2736 -1070103.06 -150670.09
V 2744 -1070103.20 -150669.99
V 2752 -1070398.11 -150450.03
V 2760 -1070580.07 -150270.67
V 2768 -1070580.20 -150270.55
V 2776 -1070663.90 -150189.94
V 2784 -1070664.07 -150189.78
V 2792 -1070664.11 -150189.74
V 2800 -1070664.30 -150189.56
V 2808 -1070664.71 -150189.19
V 2816 -1070665.13 -150188.83
V 2824 -1070665.47 -150188.57
V 2832 -1070814.91 -150067.78
V 2840 -1070815.15 -150067.57
V 2848 -1070815.59 -150067.23
V 2856 -1070815.70 -150067.15
V 2864 -1070815.83 -150067.05
V 2872 -1071243.75 -149759.47
V 2880 -1071424.48 -149580.64
V 2888 -1071424.63 -149580.49
V 2896 -1071514.03 -149494.43
V 2904 -1071514.16 -149494.31
V 2912 -1071514.22 -149494.26
V 2920 -1071514.63 -149493.89
V 2928 -1071515.05 -149493.53
V 2936 -1071515.38 -149493.27
V 2944 -1071682.59 -149358.12
V 2952 -1071682.83 -149357.91
V 2960 -1071683.20 -149357.62
V 2968 -1071683.23 -149357.60
V 2976 -1072119.15 -149028.96
V 2984 -1072258.97 -148878.11
V 2992 -1072259.07 -148878.02
V 3000 -1072259.38 -148877.69
V 3008 -1072259.78 -148877.31
V 3016 -1072260.19 -148876.94
V 3024 -1072260.61 -148876.58
V 3032 -1072260.80 -148876.43
V 3040 -1072553.84 -148635.51
V 3048 -1072713.85 -148464.34
V 3056 -1072713.93 -148464.26
V 3064 -1072714.01 -148464.17
V 3072 -1072813.42 -148359.86
V 3080 -1072813.46 -148359.82
V 3088 -1072813.68 -148359.59
V 3096 -1072814.25 -148359.05
V 3104 -1072992.45 -148200.93
V 3112 -1072992.91 -148200.53
V 3120 -1073412.94 -147856.25
V 3128 -1073549.97 -147693.82
V 3136 -1073550.02 -147693.76
V 3144 -1073550.20 -147693.55
V 3152 -1073550.23 -147693.52
V 3160 -1073550.34 -147693.39
V 3168 -1073550.71 -147692.98
V 3176 -1073551.09 -147692.58
V 3184 -1073551.49 -147692.20
V 3192 -1073551.58 -147692.11
V 3200 -1073843.87 -147424.39
V 3208 -1073969.43 -147277.02
V 3216 -1073969.47 -147276.98
V 3224 -1073969.52 -147276.92
V 3232 -1073969.89 -147276.51
V 3240 -1073970.27 -147276.11
V 3248 -1073970.67 -147275.73
V 3256 -1073970.70 -147275.71
V 3264 -1073970.76 -147275.64
V 3272 -1074264.23 -147006.74
V 3280 -1074407.78 -146838.24
V 3288 -1074407.86 -146838.15
V 3296 -1074517.87 -146711.00
V 3304 -1074517.90 -146710.97
V 3312 -1074518.25 -146710.58
V 3320 -1074518.63 -146710.18
V 3328 -1074709.53 -146522.27
V 3336 -1074709.80 -146522.02
V 3344 -1074709.86 -146521.96
V 3352 -1074710.13 -146521.71
V 3360 -1075103.06 -146174.07
V 3368 -1075232.69 -146021.47
V 3376 -1075232.74 -146021.40
V 3384 -1075233.10 -146020.98
V 3392 -1075233.47 -146020.57
V 3400 -1075233.85 -146020.17
V 3408 -1075234.06 -146019.97
V 3416 -1075530.12 -145735.21
V 3424 -1075655.43 -145578.61
V 3432 -1075655.71 -145578.24
V 3440 -1075656.07 -145577.82
V 3448 -1075656.44 -145577.41
V 3456 -1075656.82 -145577.01
V 3464 -1075949.49 -145289.47
V 3472 -1076073.85 -145134.32
V 3480 -1076074.17 -145133.90
V 3488 -1076074.53 -145133.48
V 3496 -1076074.90 -145133.07
V 3504 -1076075.28 -145132.67
V 3512 -1076368.02 -144845.04
V 3520 -1076495.20 -144686.39
V 3528 -1076495.52 -144685.97
V 3536 -1076495.66 -144685.80
V 3544 -1076616.17 -144537.43
V 3552 -1076616.32 -144537.24
V 3560 -1076616.68 -144536.82
V 3568 -1076617.05 -144536.41
V 3576 -1076617.10 -144536.36
V 3584 -1076617.15 -144536.30
V 3592 -1076826.06 -144316.31
V 3600 -1077190.80 -143934.14
V 3608 -1077190.80 -143729.95
V 3616 -1077221.80 -143729.95
V 3624 -1077221.80 -143940.35
V 3632 -1077220.69 -143946.11
V 3640 -1077217.51 -143951.05
V 3648 -1076848.54 -144337.65
V 3656 -1076640.04 -144557.21
V 3664 -1076519.81 -144705.24
V 3672 -1076519.66 -144705.43
V 3680 -1076519.47 -144705.65
V 3688 -1076391.89 -144864.80
V 3696 -1076391.57 -144865.22
V 3704 -1076391.21 -144865.64
V 3712 -1076390.84 -144866.05
V 3720 -1076390.46 -144866.45
V 3728 -1076390.36 -144866.55
V 3736 -1076097.72 -145154.08
V 3744 -1075973.36 -145309.23
V 3752 -1075973.04 -145309.65
V 3760 -1075972.68 -145310.07
V 3768 -1075972.31 -145310.48
V 3776 -1075971.93 -145310.88
V 3784 -1075971.83 -145310.98
V 3792 -1075679.27 -145598.41
V 3800 -1075553.94 -145755.04
V 3808 -1075553.66 -145755.41
V 3816 -1075553.30 -145755.83
V 3824 -1075552.93 -145756.24
V 3832 -1075552.55 -145756.64
V 3840 -1075552.33 -145756.85
V 3848 -1075256.11 -146041.77
V 3856 -1075126.25 -146194.64
V 3864 -1075126.20 -146194.71
V 3872 -1075125.84 -146195.13
V 3880 -1075125.47 -146195.54
V 3888 -1075125.09 -146195.94
V 3896 -1075124.69 -146196.32
V 3904 -1075124.47 -146196.52
V 3912 -1075124.40 -146196.59
V 3920 -1074730.98 -146544.66
V 3928 -1074540.88 -146731.77
V 3936 -1074431.38 -146858.34
V 3944 -1074287.20 -147027.58
V 3952 -1074287.16 -147027.62
V 3960 -1074287.11 -147027.68
V 3968 -1074286.74 -147028.09
V 3976 -1074286.36 -147028.49
V 3984 -1074285.96 -147028.87
V 3992 -1074285.93 -147028.89
V 4000 -1074285.87 -147028.96
V 4008 -1073992.40 -147297.86
V 4016 -1073866.84 -147445.23
V 4024 -1073866.80 -147445.27
V 4032 -1073866.75 -147445.33
V 4040 -1073866.38 -147445.74
V 4048 -1073866.00 -147446.14
V 4056 -1073865.60 -147446.52
V 4064 -1073865.57 -147446.54
V 4072 -1073865.51 -147446.61
V 4080 -1073573.25 -147714.30
V 4088 -1073435.93 -147877.08
V 4096 -1073435.88 -147877.14
V 4104 -1073435.70 -147877.35
V 4112 -1073435.68 -147877.37
V 4120 -1073435.56 -147877.51
V 4128 -1073435.19 -147877.92
V 4136 -1073434.81 -147878.32
V 4144 -1073434.41 -147878.70
V 4152 -1073434.00 -147879.07
V 4160 -1073433.72 -147879.31
V 4168 -1073433.68 -147879.35
V 4176 -1073012.69 -148224.41
V 4184 -1072835.40 -148381.72
V 4192 -1072736.45 -148485.55
V 4200 -1072575.84 -148657.36
V 4208 -1072575.80 -148657.40
V 4216 -1072575.42 -148657.80
V 4224 -1072575.02 -148658.18
V 4232 -1072574.61 -148658.55
V 4240 -1072574.19 -148658.91
V 4248 -1072574.00 -148659.06
V 4256 -1072281.04 -148899.91
V 4264 -1072140.96 -149051.04
V 4272 -1072140.88 -149051.11
V 4280 -1072140.55 -149051.46
V 4288 -1072140.15 -149051.84
V 4296 -1072139.74 -149052.21
V 4304 -1072139.32 -149052.57
V 4312 -1072138.92 -149052.88
V 4320 -1071701.92 -149382.34
V 4328 -1071535.12 -149517.17
V 4336 -1071446.13 -149602.83
V 4344 -1071264.63 -149782.42
V 4352 -1071264.32 -149782.71
V 4360 -1071263.91 -149783.08
V 4368 -1071263.49 -149783.44
V 4376 -1071263.05 -149783.78
V 4384 -1071262.88 -149783.90
V 4392 -1071262.81 -149783.96
V 4400 -1070834.13 -150092.09
V 4408 -1070685.13 -150212.52
V 4416 -1070601.91 -150292.67
V 4424 -1070419.08 -150472.89
V 4432 -1070418.80 -150473.15
V 4440 -1070418.39 -150473.52
V 4448 -1070417.97 -150473.88
V 4456 -1070417.53 -150474.22
V 4464 -1070417.39 -150474.32
V 4472 -1070122.49 -150694.27
V 4480 -1069986.16 -150829.17
V 4488 -1069986.13 -150829.19
V 4496 -1069985.82 -150829.49
V 4504 -1069985.41 -150829.86
V 4512 -1069984.99 -150830.22
V 4520 -1069984.55 -150830.56
V 4528 -1069544.43 -151147.00
V 4536 -1069367.93 -151288.83
V 4544 -1069258.89 -151379.30
V 4552 -1069045.64 -151562.80
V 4560 -1069045.60 -151562.83
V 4568 -1069045.26 -151563.12
V 4576 -1069044.82 -151563.46
V 4584 -1069044.37 -151563.78
V 4592 -1069043.91 -151564.09
V 4600 -1069043.56 -151564.31
V 4608 -1069043.54 -151564.32
V 4616 -1068587.17 -151839.62
V 4624 -1068467.20 -151921.94
V 4632 -1068406.18 -151972.56
V 4640 -1068183.86 -152163.89
V 4648 -1068183.82 -152163.92
V 4656 -1068183.48 -152164.21
V 4664 -1068183.04 -152164.55
V 4672 -1068182.59 -152164.87
V 4680 -1068182.13 -152165.18
V 4688 -1068181.78 -152165.40
V 4696 -1068181.76 -152165.41
V 4704 -1067717.84 -152445.26
V 4712 -1067607.81 -152520.75
V 4720 -1067553.48 -152565.83
V 4728 -1067322.02 -152765.00
V 4736 -1067321.98 -152765.03
V 4744 -1067321.64 -152765.32
V 4752 -1067321.20 -152765.66
V 4760 -1067320.75 -152765.98
V 4768 -1067320.29 -152766.29
V 4776 -1067319.94 -152766.51
V 4784 -1067319.92 -152766.52
V 4792 -1066848.54 -153050.88
V 4800 -1066748.33 -153119.64
V 4808 -1066700.77 -153159.09
V 4816 -1066460.24 -153366.09
V 4824 -1066460.20 -153366.12
V 4832 -1066459.86 -153366.41
V 4840 -1066459.42 -153366.75
V 4848 -1066458.97 -153367.07
V 4856 -1066458.51 -153367.38
V 4864 -1066458.16 -153367.60
V 4872 -1066458.14 -153367.61
V 4880 -1065979.20 -153656.52
V 4888 -1065888.95 -153718.44
V 4896 -1065848.07 -153752.35
V 4904 -1065598.38 -153967.22
V 4912 -1065598.34 -153967.25
V 4920 -1065598.00 -153967.54
V 4928 -1065597.56 -153967.88
V 4936 -1065597.11 -153968.20
V 4944 -1065596.65 -153968.51
V 4952 -1065596.30 -153968.73
V 4960 -1065596.28 -153968.74
V 4968 -1065109.92 -154262.12
V 4976 -1065029.44 -154317.35
V 4984 -1064995.55 -154345.46
V 4992 -1064736.62 -154568.30
V 5000 -1064736.58 -154568.33
V 5008 -1064736.24 -154568.62
V 5016 -1064735.80 -154568.96
V 5024 -1064735.35 -154569.28
V 5032 -1064734.89 -154569.59
V 5040 -1064734.54 -154569.81
V 5048 -1064734.52 -154569.82
V 5056 -1064240.57 -154867.77
V 5064 -1064170.03 -154916.17
V 5072 -1064143.03 -154938.57
V 5080 -1063871.88 -155172.12
V 5088 -1063871.85 -155172.14
V 5096 -1063871.49 -155172.45
V 5104 -1063871.05 -155172.79
V 5112 -1063870.60 -155173.11
V 5120 -1063870.14 -155173.42
V 5128 -1063869.72 -155173.68
V 5136 -1063294.05 -155518.09
V 5144 -1063294.01 -155518.11
V 5152 -1063293.88 -155518.18
V 5160 -1063078.75 -155645.04
V 5168 -1063078.62 -155645.12
V 5176 -1063078.56 -155645.16
V 5184 -1062841.85 -155785.05
V 5192 -1062841.78 -155785.09
V 5200 -1062841.74 -155785.11
V 5208 -1062841.63 -155785.18
V 5216 -1062719.70 -155855.72
V 5224 -1062715.67 -155858.59
V 5232 -1062715.65 -155858.60
V 5240 -1062418.11 -156081.16
V 5248 -1062417.81 -156081.39
V 5256 -1062417.36 -156081.71
V 5264 -1062416.90 -156082.02
V 5272 -1062416.43 -156082.31
V 5280 -1062415.95 -156082.58
V 5288 -1062415.46 -156082.84
V 5296 -1061884.28 -156348.89
V 5304 -1061851.29 -156367.98
V 5312 -1061546.00 -156596.32
V 5320 -1061545.70 -156596.55
V 5328 -1061545.25 -156596.87
V 5336 -1061544.79 -156597.18
V 5344 -1061544.32 -156597.47
V 5352 -1061543.84 -156597.74
V 5360 -1061543.35 -156598.00
V 5368 -1061013.93 -156862.88
V 5376 -1060887.62 -156937.29
V 5384 -1060887.49 -156937.37
V 5392 -1060887.43 -156937.41
V 5400 -1060608.25 -157103.88
V 5408 -1060607.77 -157104.15
V 5416 -1060607.28 -157104.41
V 5424 -1060607.23 -157104.44
V 5432 -1060424.99 -157200.42
V 5440 -1060091.76 -157424.05
V 5448 -1060091.72 -157424.07
V 5456 -1060091.50 -157424.22
V 5464 -1060091.03 -157424.51
V 5472 -1060090.55 -157424.78
V 5480 -1060090.06 -157425.04
V 5488 -1060089.56 -157425.28
V 5496 -1060089.26 -157425.41
V 5504 -1060089.24 -157425.42
V 5512 -1059534.77 -157663.50
V 5520 -1059414.47 -157725.59
V 5528 -1059180.73 -157846.54
V 5536 -1059094.91 -157889.82
V 5544 -1058772.99 -158105.87
V 5552 -1058772.95 -158105.89
V 5560 -1058772.73 -158106.04
V 5568 -1058772.26 -158106.33
V 5576 -1058771.78 -158106.60
V 5584 -1058771.29 -158106.86
V 5592 -1058770.79 -158107.10
V 5600 -1058770.49 -158107.23
V 5608 -1058770.47 -158107.24
V 5616 -1058203.36 -158350.74
V 5624 -1058090.75 -158408.86
V 5632 -1057855.96 -158530.36
V 5640 -1057782.26 -158567.53
V 5648 -1057454.22 -158787.68
V 5656 -1057454.18 -158787.70
V 5664 -1057453.96 -158787.85
V 5672 -1057453.49 -158788.14
V 5680 -1057453.01 -158788.41
V 5688 -1057452.52 -158788.67
V 5696 -1057452.02 -158788.91
V 5704 -1057451.72 -158789.04
V 5712 -1057451.70 -158789.05
V 5720 -1056871.83 -159038.04
V 5728 -1056774.75 -159088.14
V 5736 -1056531.17 -159214.18
V 5744 -1056469.32 -159245.39
V 5752 -1056139.34 -159466.60
V 5760 -1056139.32 -159466.61
V 5768 -1056138.86 -159466.92
V 5776 -1056138.39 -159467.21
V 5784 -1056137.91 -159467.48
V 5792 -1056137.42 -159467.74
V 5800 -1056136.92 -159467.98
V 5808 -1056136.72 -159468.07
V 5816 -1056136.64 -159468.11
V 5824 -1055465.95 -159758.35
V 5832 -1055240.01 -159862.43
V 5840 -1055239.65 -159862.59
V 5848 -1054971.21 -159978.12
V 5856 -1054750.31 -160073.15
V 5864 -1054508.18 -160177.72
V 5872 -1054474.15 -160191.94
V 5880 -1054125.40 -160394.97
V 5888 -1054125.32 -160395.01
V 5896 -1054125.03 -160395.17
V 5904 -1054124.54 -160395.43
V 5912 -1054124.04 -160395.67
V 5920 -1054123.53 -160395.89
V 5928 -1054123.02 -160396.09
V 5936 -1054122.72 -160396.20
V 5944 -1054122.67 -160396.22
V 5952 -1053492.37 -160614.56
V 5960 -1053185.71 -160746.54
V 5968 -1052965.00 -160841.49
V 5976 -1052721.34 -160946.72
V 5984 -1052704.28 -160953.85
V 5992 -1052352.44 -161158.38
V 6000 -1052352.08 -161158.58
V 6008 -1052351.59 -161158.84
V 6016 -1052351.09 -161159.08
V 6024 -1052350.58 -161159.30
V 6032 -1052350.07 -161159.50
V 6040 -1052349.79 -161159.60
V 6048 -1052349.77 -161159.61
V 6056 -1051605.02 -161420.30
V 6064 -1051354.48 -161514.70
V 6072 -1051354.01 -161514.87
V 6080 -1050599.01 -161769.08
V 6088 -1050598.90 -161769.11
V 6096 -1050372.97 -161845.16
V 6104 -1050372.89 -161845.19
V 6112 -1050183.87 -161908.84
V 6120 -1050183.76 -161908.87
V 6128 -1049923.69 -161996.37
V 6136 -1049923.55 -161996.42
V 6144 -1049697.90 -162072.79
V 6152 -1049323.20 -162254.64
V 6160 -1049322.70 -162254.88
V 6168 -1049322.19 -162255.10
V 6176 -1049321.68 -162255.30
V 6184 -1049321.15 -162255.49
V 6192 -1049320.63 -162255.65
V 6200 -1049320.14 -162255.79
V 6208 -1048539.37 -162457.25
V 6216 -1048220.95 -162552.87
V 6224 -1048220.77 -162552.92
V 6232 -1048220.32 -162553.04
V 6240 -1048219.78 -162553.17
V 6248 -1048219.54 -162553.21
V 6256 -1047801.79 -162644.37
V 6264 -1047801.44 -162644.45
V 6272 -1047801.27 -162644.48
V 6280 -1047571.23 -162694.69
V 6288 -1047570.98 -162694.75
V 6296 -1047570.74 -162694.79
V 6304 -1047340.85 -162744.97
V 6312 -1047340.50 -162745.05
V 6320 -1047340.26 -162745.09
V 6328 -1047110.43 -162795.25
V 6336 -1047110.08 -162795.33
V 6344 -1047109.84 -162795.37
V 6352 -1046879.65 -162845.61
V 6360 -1046879.30 -162845.69
V 6368 -1046879.06 -162845.73
V 6376 -1046651.10 -162895.47
V 6384 -1046650.75 -162895.55
V 6392 -1046650.65 -162895.57
V 6400 -1046300.29 -162972.29
V 6408 -1046300.13 -162972.33
V 6416 -1046299.68 -162972.41
V 6424 -1046299.44 -162972.46
V 6432 -1045943.72 -163032.87
V 6440 -1045711.49 -163072.30
V 6448 -1045478.68 -163111.84
V 6456 -1045249.47 -163150.71
V 6464 -1044998.58 -163193.62
V 6472 -1044880.01 -163212.90
V 6480 -1044473.58 -163299.94
V 6488 -1044473.50 -163299.95
V 6496 -1044473.08 -163300.03
V 6504 -1044472.54 -163300.12
V 6512 -1044471.92 -163300.20
V 6520 -1044471.83 -163300.21
V 6528 -1043971.11 -163348.86
V 6536 -1038719.56 -164240.59
V 6544 -1025990.72 -166401.97
V 6552 -1025359.53 -166509.15
V 6560 -1025299.07 -166519.41
V 6568 -1024297.22 -166689.53
V 6576 -1023394.16 -166842.87
V 6584 -1022613.98 -166975.35
V 6592 -1021338.57 -167191.92
V 6600 -1012546.95 -168684.75
V 6608 -1009921.22 -169130.60
V 6616 -1004363.20 -170074.37
V 6624 -1001953.74 -170483.50
V 6632 -1001584.33 -170546.23
V 6640 -994255.77 -171790.63
V 6648 -991916.07 -172187.92
V 6656 -991272.23 -172297.24
V 6664 -989809.91 -172545.55
V 6672 -989472.38 -172602.86
V 6680 -989283.30 -172634.97
V 6688 -985290.64 -173312.93
V 6696 -984662.31 -173419.62
V 6704 -984121.66 -173511.42
V 6712 -981862.15 -173895.09
V 6720 -981358.42 -173980.63
V 6728 -981176.94 -174011.44
V 6736 -977886.95 -174570.09
V 6744 -975632.65 -174952.88
V 6752 -975265.33 -175015.25
V 6760 -975050.58 -175051.71
V 6768 -974800.74 -175094.14
V 6776 -974585.97 -175130.60
V 6784 -974336.13 -175173.03
V 6792 -974121.37 -175209.50
V 6800 -973871.53 -175251.92
V 6808 -973656.77 -175288.39
V 6816 -973406.92 -175330.81
V 6824 -973192.15 -175367.28
V 6832 -972942.32 -175409.70
V 6840 -972727.56 -175446.17
V 6848 -972477.71 -175488.59
V 6856 -972262.94 -175525.06
V 6864 -972168.22 -175541.14
V 6872 -971991.36 -175571.18
V 6880 -971082.29 -175725.54
V 6888 -970382.04 -175844.44
V 6896 -967705.16 -176298.98
V 6904 -965397.11 -176690.89
V 6912 -965336.06 -176701.26
V 6920 -961391.70 -177371.02
V 6928 -961391.70 -177669.95
V 6936 -961391.66 -177671.06
V 6944 -961391.54 -177672.16
V 6952 -961391.35 -177673.24
V 6960 -961391.07 -177674.32
V 6968 -961390.72 -177675.37
V 6976 -961390.30 -177676.39
V 6984 -961389.80 -177677.38
V 6992 -961389.24 -177678.33
V 7000 -961388.61 -177679.24
V 7008 -961387.91 -177680.10
V 7016 -961387.16 -177680.91
V 7024 -961386.35 -177681.66
V 7032 -961385.49 -177682.36
V 7040 -961384.58 -177682.99
V 7048 -961383.63 -177683.55
V 7056 -961382.64 -177684.05
V 7064 -961381.62 -177684.47
V 7072 -961380.57 -177684.82
V 7080 -961379.49 -177685.10
V 7088 -961378.41 -177685.29
V 7096 -961377.31 -177685.41
V 7104 -961376.20 -177685.45
V 7112 -961367.68 -177685.45
V 7120 -961367.68 -177725.45
V 7128 -961433.70 -177725.45
V 7136 -961441.45 -177727.53
V 7144 -961447.12 -177733.20
V 7152 -961449.20 -177740.95
V 7160 -961449.20 -177811.95
V 7168 -961447.12 -177819.70
V 7176 -961441.45 -177825.37
V 7184 -961433.70 -177827.45
V 7192 -961334.20 -177827.45
V 7200 -961334.20 -177867.45
V 7208 -961433.70 -177867.45
V 7216 -961441.45 -177869.53
V 7224 -961447.12 -177875.20
V 7232 -961449.20 -177882.95
V 7240 -961449.20 -177953.95
V 7248 -961447.12 -177961.70
V 7256 -961441.45 -177967.37
V 7264 -961433.70 -177969.45
V 7272 -961334.20 -177969.45
V 7280 -961334.20 -178009.45
V 7288 -961433.70 -178009.45
V 7296 -961441.45 -178011.53
V 7304 -961447.12 -178017.20
V 7312 -961449.20 -178024.95
V 7320 -961449.20 -178095.95
V 7328 -961447.12 -178103.70
V 7336 -961441.45 -178109.37
V 7344 -961433.70 -178111.45
V 7352 -961334.20 -178111.45
V 7360 -961334.20 -178151.45
V 7368 -961433.70 -178151.45
V 7376 -961441.45 -178153.53
V 7384 -961447.12 -178159.20
V 7392 -961449.20 -178166.95
V 7400 -961449.20 -178237.95
V 7408 -961447.12 -178245.70
V 7416 -961441.45 -178251.37
V 7424 -961433.70 -178253.45
V 7432 -961334.20 -178253.45
V 7440 -961334.20 -178293.45
V 7448 -961433.70 -178293.45
V 7456 -961441.45 -178295.53
V 7464 -961447.12 -178301.20
V 7472 -961449.20 -178308.95
V 7480 -961449.20 -178379.95
V 7488 -961447.12 -178387.70
V 7496 -961441.45 -178393.37
V 7504 -961433.70 -178395.45
V 7512 -961391.70 -178395.45
V 7520 -961391.70 -178404.45
V 7528 -961360.70 -178404.45
V 7536 -961360.70 -178379.95
V 7544 -961360.74 -178378.84
V 7552 -961360.86 -178377.74
V 7560 -961361.05 -178376.66
V 7568 -961361.33 -178375.58
V 7576 -961361.68 -178374.53
V 7584 -961362.10 -178373.51
V 7592 -961362.60 -178372.52
V 7600 -961363.16 -178371.57
V 7608 -961363.79 -178370.66
V 7616 -961364.49 -178369.80
V 7624 -961365.24 -178368.99
V 7632 -961366.05 -178368.24
V 7640 -961366.91 -178367.54
V 7648 -961367.82 -178366.91
V 7656 -961368.77 -178366.35
V 7664 -961369.76 -178365.85
V 7672 -961370.78 -178365.43
V 7680 -961371.83 -178365.08
V 7688 -961372.91 -178364.80
V 7696 -961373.99 -178364.61
V 7704 -961375.09 -178364.49
V 7712 -961376.20 -178364.45
V 7720 -961418.20 -178364.45
V 7728 -961418.20 -178324.45
V 7736 -961318.70 -178324.45
V 7744 -961310.95 -178322.37
V 7752 -961305.28 -178316.70
V 7760 -961303.20 -178308.95
V 7768 -961303.20 -178237.95
V 7776 -961305.28 -178230.20
V 7784 -961310.95 -178224.53
V 7792 -961318.70 -178222.45
V 7800 -961418.20 -178222.45
V 7808 -961418.20 -178182.45
V 7816 -961318.70 -178182.45
V 7824 -961310.95 -178180.37
V 7832 -961305.28 -178174.70
V 7840 -961303.20 -178166.95
V 7848 -961303.20 -178095.95
V 7856 -961305.28 -178088.20
V 7864 -961310.95 -178082.53
V 7872 -961318.70 -178080.45
V 7880 -961418.20 -178080.45
V 7888 -961418.20 -178040.45
V 7896 -961318.70 -178040.45
V 7904 -961310.95 -178038.37
V 7912 -961305.28 -178032.70
V 7920 -961303.20 -178024.95
V 7928 -961303.20 -177953.95
V 7936 -961305.28 -177946.20
V 7944 -961310.95 -177940.53
V 7952 -961318.70 -177938.45
V 7960 -961418.20 -177938.45
V 7968 -961418.20 -177898.45
V 7976 -961318.70 -177898.45
V 7984 -961310.95 -177896.37
V 7992 -961305.28 -177890.70
V 8000 -961303.20 -177882.95
V 8008 -961303.20 -177811.95
