V 0 -517165.00 -157719.35
V 8 -517165.00 -157730.78
V 16 -517351.09 -157762.38
V 24 -523623.25 -158827.41
V 32 -524087.84 -158906.29
V 40 -525017.38 -159064.13
V 48 -525017.47 -159064.15
V 56 -525017.54 -159064.16
V 64 -525017.56 -159064.16
V 72 -525481.66 -159142.97
V 80 -526611.01 -159334.73
V 88 -528269.06 -159616.27
V 96 -528269.19 -159616.29
V 104 -528269.22 -159616.30
V 112 -528269.64 -159616.38
V 120 -533612.22 -160523.55
V 128 -533612.67 -160523.63
V 136 -533612.75 -160523.65
V 144 -537096.77 -161115.24
V 152 -538165.00 -161296.63
V 160 -539884.39 -161588.58
V 168 -540348.99 -161667.47
V 176 -541715.38 -161899.49
V 184 -543402.87 -162186.03
V 192 -553822.56 -163955.31
V 200 -553822.60 -163955.32
V 208 -553822.72 -163955.34
V 216 -553822.77 -163955.35
V 224 -553822.85 -163955.36
V 232 -556452.11 -164401.82
V 240 -556942.69 -164485.12
V 248 -564507.92 -165769.71
V 256 -564507.99 -165769.72
V 264 -564510.97 -165770.22
V 272 -564511.04 -165770.24
V 280 -571840.76 -167014.84
V 288 -582627.24 -168846.41
V 296 -582629.72 -168846.83
V 304 -584951.83 -169241.13
V 312 -584952.02 -169241.16
V 320 -587040.22 -169595.74
V 328 -587040.26 -169595.75
V 336 -598368.79 -171519.36
V 344 -598375.40 -171522.17
V 352 -598380.04 -171527.65
V 360 -598381.70 -171534.64
V 368 -598381.70 -171619.45
V 376 -598396.79 -171619.45
V 384 -598397.90 -171619.49
V 392 -598399.00 -171619.61
V 400 -598400.08 -171619.80
V 408 -598401.16 -171620.08
V 416 -598402.21 -171620.43
V 424 -598403.23 -171620.85
V 432 -598404.22 -171621.35
V 440 -598405.17 -171621.91
V 448 -598406.08 -171622.54
V 456 -598406.94 -171623.24
V 464 -598407.75 -171623.99
V 472 -598408.50 -171624.80
V 480 -598409.20 -171625.66
V 488 -598409.83 -171626.57
V 496 -598410.39 -171627.52
V 504 -598410.89 -171628.51
V 512 -598411.31 -171629.53
V 520 -598411.66 -171630.58
V 528 -598411.94 -171631.66
V 536 -598412.13 -171632.74
V 544 -598412.25 -171633.84
V 552 -598412.29 -171634.95
V 560 -598412.29 -171705.95
V 568 -598410.21 -171713.70
V 576 -598404.54 -171719.37
V 584 -598396.79 -171721.45
V 592 -598324.20 -171721.45
V 600 -598324.20 -171761.45
V 608 -598423.70 -171761.45
V 616 -598431.45 -171763.53
V 624 -598437.12 -171769.20
V 632 -598439.20 -171776.95
V 640 -598439.20 -171847.95
V 648 -598437.12 -171855.70
V 656 -598431.45 -171861.37
V 664 -598423.70 -171863.45
V 672 -598324.20 -171863.45
V 680 -598324.20 -171903.45
V 688 -598423.70 -171903.45
V 696 -598431.45 -171905.53
V 704 -598437.12 -171911.20
V 712 -598439.20 -171918.95
V 720 -598439.20 -171989.95
V 728 -598437.12 -171997.70
V 736 -598431.45 -172003.37
V 744 -598423.70 -172005.45
V 752 -598324.20 -172005.45
V 760 -598324.20 -172045.45
V 768 -598423.70 -172045.45
V 776 -598431.45 -172047.53
V 784 -598437.12 -172053.20
V 792 -598439.20 -172060.95
V 800 -598439.20 -172131.95
V 808 -598437.12 -172139.70
V 816 -598431.45 -172145.37
V 824 -598423.70 -172147.45
V 832 -598324.20 -172147.45
V 840 -598324.20 -172187.45
V 848 -598423.70 -172187.45
V 856 -598431.45 -172189.53
V 864 -598437.12 -172195.20
V 872 -598439.20 -172202.95
V 880 -598439.20 -172273.95
V 888 -598437.12 -172281.70
V 896 -598431.45 -172287.37
V 904 -598423.70 -172289.45
V 912 -598324.20 -172289.45
V 920 -598324.20 -172329.45
V 928 -598423.70 -172329.45
V 936 -598431.45 -172331.53
V 944 -598437.12 -172337.20
V 952 -598439.20 -172344.95
V 960 -598439.20 -172415.95
V 968 -598437.12 -172423.70
V 976 -598431.45 -172429.37
V 984 -598423.70 -172431.45
V 992 -598324.20 -172431.45
V 1000 -598324.20 -172471.45
V 1008 -598423.70 -172471.45
V 1016 -598431.45 -172473.53
V 1024 -598437.12 -172479.20
V 1032 -598439.20 -172486.95
V 1040 -598439.20 -172557.95
V 1048 -598437.12 -172565.70
V 1056 -598431.45 -172571.37
V 1064 -598423.70 -172573.45
V 1072 -598324.20 -172573.45
V 1080 -598324.20 -172613.45
V 1088 -598423.70 -172613.45
V 1096 -598431.45 -172615.53
V 1104 -598437.12 -172621.20
V 1112 -598439.20 -172628.95
V 1120 -598439.20 -172699.95
V 1128 -598437.12 -172707.70
V 1136 -598431.45 -172713.37
V 1144 -598423.70 -172715.45
V 1152 -598324.20 -172715.45
V 1160 -598324.20 -172755.45
V 1168 -598423.70 -172755.45
V 1176 -598431.45 -172757.53
V 1184 -598437.12 -172763.20
V 1192 -598439.20 -172770.95
V 1200 -598439.20 -172841.95
V 1208 -598437.12 -172849.70
V 1216 -598431.45 -172855.37
V 1224 -598423.70 -172857.45
V 1232 -598324.20 -172857.45
V 1240 -598324.20 -172897.45
V 1248 -598423.70 -172897.45
V 1256 -598431.45 -172899.53
V 1264 -598437.12 -172905.20
V 1272 -598439.20 -172912.95
V 1280 -598439.20 -172983.95
V 1288 -598437.12 -172991.70
V 1296 -598431.45 -172997.37
V 1304 -598423.70 -172999.45
V 1312 -598324.20 -172999.45
V 1320 -598324.20 -173039.45
V 1328 -598423.70 -173039.45
V 1336 -598431.45 -173041.53
V 1344 -598437.12 -173047.20
V 1352 -598439.20 -173054.95
V 1360 -598439.20 -173125.95
V 1368 -598437.12 -173133.70
V 1376 -598431.45 -173139.37
V 1384 -598423.70 -173141.45
V 1392 -598324.20 -173141.45
V 1400 -598324.20 -173181.45
V 1408 -598423.70 -173181.45
V 1416 -598431.45 -173183.53
V 1424 -598437.12 -173189.20
V 1432 -598439.20 -173196.95
V 1440 -598439.20 -173267.95
V 1448 -598437.12 -173275.70
V 1456 -598431.45 -173281.37
V 1464 -598423.70 -173283.45
V 1472 -598324.20 -173283.45
V 1480 -598324.20 -173323.45
V 1488 -598423.70 -173323.45
V 1496 -598431.45 -173325.53
V 1504 -598437.12 -173331.20
V 1512 -598439.20 -173338.95
V 1520 -598439.20 -173409.95
V 1528 -598437.12 -173417.70
V 1536 -598431.45 -173423.37
V 1544 -598423.70 -173425.45
V 1552 -598324.20 -173425.45
V 1560 -598324.20 -173465.45
V 1568 -598423.70 -173465.45
V 1576 -598431.45 -173467.53
V 1584 -598437.12 -173473.20
V 1592 -598439.20 -173480.95
V 1600 -598439.20 -173551.95
V 1608 -598437.12 -173559.70
V 1616 -598431.45 -173565.37
V 1624 -598423.70 -173567.45
V 1632 -598324.20 -173567.45
V 1640 -598324.20 -173607.45
V 1648 -598423.70 -173607.45
V 1656 -598431.45 -173609.53
V 1664 -598437.12 -173615.20
V 1672 -598439.20 -173622.95
V 1680 -598439.20 -173693.95
V 1688 -598437.12 -173701.70
V 1696 -598431.45 -173707.37
V 1704 -598423.70 -173709.45
V 1712 -598324.20 -173709.45
V 1720 -598324.20 -173749.45
V 1728 -598423.70 -173749.45
V 1736 -598431.45 -173751.53
V 1744 -598437.12 -173757.20
V 1752 -598439.20 -173764.95
V 1760 -598439.20 -173835.95
V 1768 -598437.12 -173843.70
V 1776 -598431.45 -173849.37
V 1784 -598423.70 -173851.45
V 1792 -598324.20 -173851.45
V 1800 -598324.20 -173891.45
V 1808 -598423.70 -173891.45
V 1816 -598431.45 -173893.53
V 1824 -598437.12 -173899.20
V 1832 -598439.20 -173906.95
V 1840 -598439.20 -173977.95
V 1848 -598437.12 -173985.70
V 1856 -598431.45 -173991.37
V 1864 -598423.70 -173993.45
V 1872 -598324.20 -173993.45
V 1880 -598324.20 -174033.45
V 1888 -598423.70 -174033.45
V 1896 -598431.45 -174035.53
V 1904 -598437.12 -174041.20
V 1912 -598439.20 -174048.95
V 1920 -598439.20 -174119.95
V 1928 -598437.12 -174127.70
V 1936 -598431.45 -174133.37
V 1944 -598423.70 -174135.45
V 1952 -598324.20 -174135.45
V 1960 -598324.20 -174175.45
V 1968 -598423.70 -174175.45
V 1976 -598431.45 -174177.53
V 1984 -598437.12 -174183.20
V 1992 -598439.20 -174190.95
V 2000 -598439.20 -174261.95
V 2008 -598437.12 -174269.70
V 2016 -598431.45 -174275.37
V 2024 -598423.70 -174277.45
V 2032 -598324.20 -174277.45
V 2040 -598324.20 -174317.45
V 2048 -598423.70 -174317.45
V 2056 -598431.45 -174319.53
V 2064 -598437.12 -174325.20
V 2072 -598439.20 -174332.95
V 2080 -598439.20 -174403.95
V 2088 -598437.12 -174411.70
V 2096 -598431.45 -174417.37
V 2104 -598423.70 -174419.45
V 2112 -598324.20 -174419.45
V 2120 -598324.20 -174459.45
V 2128 -598423.70 -174459.45
V 2136 -598431.45 -174461.53
V 2144 -598437.12 -174467.20
V 2152 -598439.20 -174474.95
V 2160 -598439.20 -174545.95
V 2168 -598437.12 -174553.70
V 2176 -598431.45 -174559.37
V 2184 -598423.70 -174561.45
V 2192 -598324.20 -174561.45
V 2200 -598324.20 -174601.45
V 2208 -598423.70 -174601.45
V 2216 -598431.45 -174603.53
V 2224 -598437.12 -174609.20
V 2232 -598439.20 -174616.95
V 2240 -598439.20 -174687.95
V 2248 -598437.12 -174695.70
V 2256 -598431.45 -174701.37
V 2264 -598423.70 -174703.45
V 2272 -598324.20 -174703.45
V 2280 -598324.20 -174743.45
V 2288 -598423.70 -174743.45
V 2296 -598431.45 -174745.53
V 2304 -598437.12 -174751.20
V 2312 -598439.20 -174758.95
V 2320 -598439.20 -174829.95
V 2328 -598437.12 -174837.70
V 2336 -598431.45 -174843.37
V 2344 -598423.70 -174845.45
V 2352 -598324.20 -174845.45
V 2360 -598324.20 -174885.45
V 2368 -598423.70 -174885.45
V 2376 -598431.45 -174887.53
V 2384 -598437.12 -174893.20
V 2392 -598439.20 -174900.95
V 2400 -598439.20 -174971.95
V 2408 -598437.12 -174979.70
V 2416 -598431.45 -174985.37
V 2424 -598423.70 -174987.45
V 2432 -598324.20 -174987.45
V 2440 -598324.20 -175027.45
V 2448 -598423.70 -175027.45
V 2456 -598431.45 -175029.53
V 2464 -598437.12 -175035.20
V 2472 -598439.20 -175042.95
V 2480 -598439.20 -175113.95
V 2488 -598437.12 -175121.70
V 2496 -598431.45 -175127.37
V 2504 -598423.70 -175129.45
V 2512 -598324.20 -175129.45
V 2520 -598324.20 -175169.45
V 2528 -598423.70 -175169.45
V 2536 -598431.45 -175171.53
V 2544 -598437.12 -175177.20
V 2552 -598439.20 -175184.95
V 2560 -598439.20 -175255.95
V 2568 -598437.12 -175263.70
V 2576 -598431.45 -175269.37
V 2584 -598423.70 -175271.45
V 2592 -598324.20 -175271.45
V 2600 -598324.20 -175311.45
V 2608 -598423.70 -175311.45
V 2616 -598431.45 -175313.53
V 2624 -598437.12 -175319.20
V 2632 -598439.20 -175326.95
V 2640 -598439.20 -175397.95
V 2648 -598437.12 -175405.70
V 2656 -598431.45 -175411.37
V 2664 -598423.70 -175413.45
V 2672 -598324.20 -175413.45
V 2680 -598324.20 -175453.45
V 2688 -598423.70 -175453.45
V 2696 -598431.45 -175455.53
V 2704 -598437.12 -175461.20
V 2712 -598439.20 -175468.95
V 2720 -598439.20 -175539.95
V 2728 -598437.12 -175547.70
V 2736 -598431.45 -175553.37
V 2744 -598423.70 -175555.45
V 2752 -598324.20 -175555.45
V 2760 -598324.20 -175595.45
V 2768 -598423.70 -175595.45
V 2776 -598431.45 -175597.53
V 2784 -598437.12 -175603.20
V 2792 -598439.20 -175610.95
V 2800 -598439.20 -175681.95
V 2808 -598437.12 -175689.70
V 2816 -598431.45 -175695.37
V 2824 -598423.70 -175697.45
V 2832 -598324.20 -175697.45
V 2840 -598324.20 -175737.45
V 2848 -598423.70 -175737.45
V 2856 -598431.45 -175739.53
V 2864 -598437.12 -175745.20
V 2872 -598439.20 -175752.95
V 2880 -598439.20 -175823.95
V 2888 -598437.12 -175831.70
V 2896 -598431.45 -175837.37
V 2904 -598423.70 -175839.45
V 2912 -598324.20 -175839.45
V 2920 -598324.20 -175879.45
V 2928 -598423.70 -175879.45
V 2936 -598431.45 -175881.53
V 2944 -598437.12 -175887.20
V 2952 -598439.20 -175894.95
V 2960 -598439.20 -175965.95
V 2968 -598437.12 -175973.70
V 2976 -598431.45 -175979.37
V 2984 -598423.70 -175981.45
V 2992 -598324.20 -175981.45
V 3000 -598324.20 -176021.45
V 3008 -598423.70 -176021.45
V 3016 -598431.45 -176023.53
V 3024 -598437.12 -176029.20
V 3032 -598439.20 -176036.95
V 3040 -598439.20 -176107.95
V 3048 -598437.12 -176115.70
V 3056 -598431.45 -176121.37
V 3064 -598423.70 -176123.45
V 3072 -598324.20 -176123.45
V 3080 -598324.20 -176163.45
V 3088 -598423.70 -176163.45
V 3096 -598431.45 -176165.53
V 3104 -598437.12 -176171.20
V 3112 -598439.20 -176178.95
V 3120 -598439.20 -176249.95
V 3128 -598437.12 -176257.70
V 3136 -598431.45 -176263.37
V 3144 -598423.70 -176265.45
V 3152 -598324.20 -176265.45
V 3160 -598324.20 -176305.45
V 3168 -598423.70 -176305.45
V 3176 -598431.45 -176307.53
V 3184 -598437.12 -176313.20
V 3192 -598439.20 -176320.95
V 3200 -598439.20 -176391.95
V 3208 -598437.12 -176399.70
V 3216 -598431.45 -176405.37
V 3224 -598423.70 -176407.45
V 3232 -598324.20 -176407.45
V 3240 -598324.20 -176447.45
V 3248 -598423.70 -176447.45
V 3256 -598431.45 -176449.53
V 3264 -598437.12 -176455.20
V 3272 -598439.20 -176462.95
V 3280 -598439.20 -176533.95
V 3288 -598437.12 -176541.70
V 3296 -598431.45 -176547.37
V 3304 -598423.70 -176549.45
V 3312 -598324.20 -176549.45
V 3320 -598324.20 -176589.45
V 3328 -598423.70 -176589.45
V 3336 -598431.45 -176591.53
V 3344 -598437.12 -176597.20
V 3352 -598439.20 -176604.95
V 3360 -598439.20 -176675.95
V 3368 -598437.12 -176683.70
V 3376 -598431.45 -176689.37
V 3384 -598423.70 -176691.45
V 3392 -598324.20 -176691.45
V 3400 -598324.20 -176731.45
V 3408 -598423.70 -176731.45
V 3416 -598431.45 -176733.53
V 3424 -598437.12 -176739.20
V 3432 -598439.20 -176746.95
V 3440 -598439.20 -176817.95
V 3448 -598437.12 -176825.70
V 3456 -598431.45 -176831.37
V 3464 -598423.70 -176833.45
V 3472 -598324.20 -176833.45
V 3480 -598324.20 -176873.45
V 3488 -598423.70 -176873.45
V 3496 -598431.45 -176875.53
V 3504 -598437.12 -176881.20
V 3512 -598439.20 -176888.95
V 3520 -598439.20 -176959.95
V 3528 -598437.12 -176967.70
V 3536 -598431.45 -176973.37
V 3544 -598423.70 -176975.45
V 3552 -598324.20 -176975.45
V 3560 -598324.20 -177015.45
V 3568 -598423.70 -177015.45
V 3576 -598431.45 -177017.53
V 3584 -598437.12 -177023.20
V 3592 -598439.20 -177030.95
V 3600 -598439.20 -177101.95
V 3608 -598437.12 -177109.70
V 3616 -598431.45 -177115.37
V 3624 -598423.70 -177117.45
V 3632 -598324.20 -177117.45
V 3640 -598324.20 -177157.45
V 3648 -598423.70 -177157.45
V 3656 -598431.45 -177159.53
V 3664 -598437.12 -177165.20
V 3672 -598439.20 -177172.95
V 3680 -598439.20 -177243.95
V 3688 -598437.12 -177251.70
V 3696 -598431.45 -177257.37
V 3704 -598423.70 -177259.45
V 3712 -598324.20 -177259.45
V 3720 -598324.20 -177299.45
V 3728 -598423.70 -177299.45
V 3736 -598431.45 -177301.53
V 3744 -598437.12 -177307.20
V 3752 -598439.20 -177314.95
V 3760 -598439.20 -177385.95
V 3768 -598437.12 -177393.70
V 3776 -598431.45 -177399.37
V 3784 -598423.70 -177401.45
V 3792 -598324.20 -177401.45
V 3800 -598324.20 -177441.45
V 3808 -598423.70 -177441.45
V 3816 -598431.45 -177443.53
V 3824 -598437.12 -177449.20
V 3832 -598439.20 -177456.95
V 3840 -598439.20 -177527.95
V 3848 -598437.12 -177535.70
V 3856 -598431.45 -177541.37
V 3864 -598423.70 -177543.45
V 3872 -598324.20 -177543.45
V 3880 -598324.20 -177583.45
V 3888 -598423.70 -177583.45
V 3896 -598431.45 -177585.53
V 3904 -598437.12 -177591.20
V 3912 -598439.20 -177598.95
V 3920 -598439.20 -177669.95
V 3928 -598437.12 -177677.70
V 3936 -598431.45 -177683.37
V 3944 -598423.70 -177685.45
V 3952 -598324.20 -177685.45
V 3960 -598324.20 -177725.45
V 3968 -598423.70 -177725.45
V 3976 -598431.45 -177727.53
V 3984 -598437.12 -177733.20
V 3992 -598439.20 -177740.95
V 4000 -598439.20 -177811.95
V 4008 -598437.12 -177819.70
V 4016 -598431.45 -177825.37
V 4024 -598423.70 -177827.45
V 4032 -598324.20 -177827.45
V 4040 -598324.20 -177867.45
V 4048 -598423.70 -177867.45
V 4056 -598431.45 -177869.53
V 4064 -598437.12 -177875.20
V 4072 -598439.20 -177882.95
V 4080 -598439.20 -177953.95
V 4088 -598437.12 -177961.70
V 4096 -598431.45 -177967.37
V 4104 -598423.70 -177969.45
V 4112 -598324.20 -177969.45
V 4120 -598324.20 -178009.45
V 4128 -598423.70 -178009.45
V 4136 -598431.45 -178011.53
V 4144 -598437.12 -178017.20
V 4152 -598439.20 -178024.95
V 4160 -598439.20 -178095.95
V 4168 -598437.12 -178103.70
V 4176 -598431.45 -178109.37
V 4184 -598423.70 -178111.45
V 4192 -598324.20 -178111.45
V 4200 -598324.20 -178151.45
V 4208 -598423.70 -178151.45
V 4216 -598431.45 -178153.53
V 4224 -598437.12 -178159.20
V 4232 -598439.20 -178166.95
V 4240 -598439.20 -178237.95
V 4248 -598437.12 -178245.70
V 4256 -598431.45 -178251.37
V 4264 -598423.70 -178253.45
V 4272 -598324.20 -178253.45
V 4280 -598324.20 -178293.45
V 4288 -598423.70 -178293.45
V 4296 -598431.45 -178295.53
V 4304 -598437.12 -178301.20
V 4312 -598439.20 -178308.95
V 4320 -598439.20 -178379.95
V 4328 -598437.12 -178387.70
V 4336 -598431.45 -178393.37
V 4344 -598423.70 -178395.45
V 4352 -598381.70 -178395.45
V 4360 -598381.70 -178404.45
V 4368 -598350.70 -178404.45
V 4376 -598350.70 -178379.95
V 4384 -598350.74 -178378.84
V 4392 -598350.86 -178377.74
V 4400 -598351.05 -178376.66
V 4408 -598351.33 -178375.58
V 4416 -598351.68 -178374.53
V 4424 -598352.10 -178373.51
V 4432 -598352.60 -178372.52
V 4440 -598353.16 -178371.57
V 4448 -598353.79 -178370.66
V 4456 -598354.49 -178369.80
V 4464 -598355.24 -178368.99
V 4472 -598356.05 -178368.24
V 4480 -598356.91 -178367.54
V 4488 -598357.82 -178366.91
V 4496 -598358.77 -178366.35
V 4504 -598359.76 -178365.85
V 4512 -598360.78 -178365.43
V 4520 -598361.83 -178365.08
V 4528 -598362.91 -178364.80
V 4536 -598363.99 -178364.61
V 4544 -598365.09 -178364.49
V 4552 -598366.20 -178364.45
V 4560 -598408.20 -178364.45
V 4568 -598408.20 -178324.45
V 4576 -598308.70 -178324.45
V 4584 -598300.95 -178322.37
V 4592 -598295.28 -178316.70
V 4600 -598293.20 -178308.95
V 4608 -598293.20 -178237.95
V 4616 -598295.28 -178230.20
V 4624 -598300.95 -178224.53
V 4632 -598308.70 -178222.45
V 4640 -598408.20 -178222.45
V 4648 -598408.20 -178182.45
V 4656 -598308.70 -178182.45
V 4664 -598300.95 -178180.37
V 4672 -598295.28 -178174.70
V 4680 -598293.20 -178166.95
V 4688 -598293.20 -178095.95
V 4696 -598295.28 -178088.20
V 4704 -598300.95 -178082.53
V 4712 -598308.70 -178080.45
V 4720 -598408.20 -178080.45
V 4728 -598408.20 -178040.45
V 4736 -598308.70 -178040.45
V 4744 -598300.95 -178038.37
V 4752 -598295.28 -178032.70
V 4760 -598293.20 -178024.95
V 4768 -598293.20 -177953.95
V 4776 -598295.28 -177946.20
V 4784 -598300.95 -177940.53
V 4792 -598308.70 -177938.45
V 4800 -598408.20 -177938.45
V 4808 -598408.20 -177898.45
V 4816 -598308.70 -177898.45
V 4824 -598300.95 -177896.37
V 4832 -598295.28 -177890.70
V 4840 -598293.20 -177882.95
V 4848 -598293.20 -177811.95
V 4856 -598295.28 -177804.20
V 4864 -598300.95 -177798.53
V 4872 -598308.70 -177796.45
V 4880 -598408.20 -177796.45
V 4888 -598408.20 -177756.45
V 4896 -598308.70 -177756.45
V 4904 -598300.95 -177754.37
V 4912 -598295.28 -177748.70
V 4920 -598293.20 -177740.95
V 4928 -598293.20 -177669.95
V 4936 -598295.28 -177662.20
V 4944 -598300.95 -177656.53
V 4952 -598308.70 -177654.45
V 4960 -598408.20 -177654.45
V 4968 -598408.20 -177614.45
V 4976 -598308.70 -177614.45
V 4984 -598300.95 -177612.37
V 4992 -598295.28 -177606.70
V 5000 -598293.20 -177598.95
V 5008 -598293.20 -177527.95
V 5016 -598295.28 -177520.20
V 5024 -598300.95 -177514.53
V 5032 -598308.70 -177512.45
V 5040 -598408.20 -177512.45
V 5048 -598408.20 -177472.45
V 5056 -598308.70 -177472.45
V 5064 -598300.95 -177470.37
V 5072 -598295.28 -177464.70
V 5080 -598293.20 -177456.95
V 5088 -598293.20 -177385.95
V 5096 -598295.28 -177378.20
V 5104 -598300.95 -177372.53
V 5112 -598308.70 -177370.45
V 5120 -598408.20 -177370.45
V 5128 -598408.20 -177330.45
V 5136 -598308.70 -177330.45
V 5144 -598300.95 -177328.37
V 5152 -598295.28 -177322.70
V 5160 -598293.20 -177314.95
V 5168 -598293.20 -177243.95
V 5176 -598295.28 -177236.20
V 5184 -598300.95 -177230.53
V 5192 -598308.70 -177228.45
V 5200 -598408.20 -177228.45
V 5208 -598408.20 -177188.45
V 5216 -598308.70 -177188.45
V 5224 -598300.95 -177186.37
V 5232 -598295.28 -177180.70
V 5240 -598293.20 -177172.95
V 5248 -598293.20 -177101.95
V 5256 -598295.28 -177094.20
V 5264 -598300.95 -177088.53
V 5272 -598308.70 -177086.45
V 5280 -598408.20 -177086.45
V 5288 -598408.20 -177046.45
V 5296 -598308.70 -177046.45
V 5304 -598300.95 -177044.37
V 5312 -598295.28 -177038.70
V 5320 -598293.20 -177030.95
V 5328 -598293.20 -176959.95
V 5336 -598295.28 -176952.20
V 5344 -598300.95 -176946.53
V 5352 -598308.70 -176944.45
V 5360 -598408.20 -176944.45
V 5368 -598408.20 -176904.45
V 5376 -598308.70 -176904.45
V 5384 -598300.95 -176902.37
V 5392 -598295.28 -176896.70
V 5400 -598293.20 -176888.95
V 5408 -598293.20 -176817.95
V 5416 -598295.28 -176810.20
V 5424 -598300.95 -176804.53
V 5432 -598308.70 -176802.45
V 5440 -598408.20 -176802.45
V 5448 -598408.20 -176762.45
V 5456 -598308.70 -176762.45
V 5464 -598300.95 -176760.37
V 5472 -598295.28 -176754.70
V 5480 -598293.20 -176746.95
V 5488 -598293.20 -176675.95
V 5496 -598295.28 -176668.20
V 5504 -598300.95 -176662.53
V 5512 -598308.70 -176660.45
V 5520 -598408.20 -176660.45
V 5528 -598408.20 -176620.45
V 5536 -598308.70 -176620.45
V 5544 -598300.95 -176618.37
V 5552 -598295.28 -176612.70
V 5560 -598293.20 -176604.95
V 5568 -598293.20 -176533.95
V 5576 -598295.28 -176526.20
V 5584 -598300.95 -176520.53
V 5592 -598308.70 -176518.45
V 5600 -598408.20 -176518.45
V 5608 -598408.20 -176478.45
V 5616 -598308.70 -176478.45
V 5624 -598300.95 -176476.37
V 5632 -598295.28 -176470.70
V 5640 -598293.20 -176462.95
V 5648 -598293.20 -176391.95
V 5656 -598295.28 -176384.20
V 5664 -598300.95 -176378.53
V 5672 -598308.70 -176376.45
V 5680 -598408.20 -176376.45
V 5688 -598408.20 -176336.45
V 5696 -598308.70 -176336.45
V 5704 -598300.95 -176334.37
V 5712 -598295.28 -176328.70
V 5720 -598293.20 -176320.95
V 5728 -598293.20 -176249.95
V 5736 -598295.28 -176242.20
V 5744 -598300.95 -176236.53
V 5752 -598308.70 -176234.45
V 5760 -598408.20 -176234.45
V 5768 -598408.20 -176194.45
V 5776 -598308.70 -176194.45
V 5784 -598300.95 -176192.37
V 5792 -598295.28 -176186.70
V 5800 -598293.20 -176178.95
V 5808 -598293.20 -176107.95
V 5816 -598295.28 -176100.20
V 5824 -598300.95 -176094.53
V 5832 -598308.70 -176092.45
V 5840 -598408.20 -176092.45
V 5848 -598408.20 -176052.45
V 5856 -598308.70 -176052.45
V 5864 -598300.95 -176050.37
V 5872 -598295.28 -176044.70
V 5880 -598293.20 -176036.95
V 5888 -598293.20 -175965.95
V 5896 -598295.28 -175958.20
V 5904 -598300.95 -175952.53
V 5912 -598308.70 -175950.45
V 5920 -598408.20 -175950.45
V 5928 -598408.20 -175910.45
V 5936 -598308.70 -175910.45
V 5944 -598300.95 -175908.37
V 5952 -598295.28 -175902.70
V 5960 -598293.20 -175894.95
V 5968 -598293.20 -175823.95
V 5976 -598295.28 -175816.20
V 5984 -598300.95 -175810.53
V 5992 -598308.70 -175808.45
V 6000 -598408.20 -175808.45
V 6008 -598408.20 -175768.45
V 6016 -598308.70 -175768.45
V 6024 -598300.95 -175766.37
V 6032 -598295.28 -175760.70
V 6040 -598293.20 -175752.95
V 6048 -598293.20 -175681.95
V 6056 -598295.28 -175674.20
V 6064 -598300.95 -175668.53
V 6072 -598308.70 -175666.45
V 6080 -598408.20 -175666.45
V 6088 -598408.20 -175626.45
V 6096 -598308.70 -175626.45
V 6104 -598300.95 -175624.37
V 6112 -598295.28 -175618.70
V 6120 -598293.20 -175610.95
V 6128 -598293.20 -175539.95
V 6136 -598295.28 -175532.20
V 6144 -598300.95 -175526.53
V 6152 -598308.70 -175524.45
V 6160 -598408.20 -175524.45
V 6168 -598408.20 -175484.45
V 6176 -598308.70 -175484.45
V 6184 -598300.95 -175482.37
V 6192 -598295.28 -175476.70
V 6200 -598293.20 -175468.95
V 6208 -598293.20 -175397.95
V 6216 -598295.28 -175390.20
V 6224 -598300.95 -175384.53
V 6232 -598308.70 -175382.45
V 6240 -598408.20 -175382.45
V 6248 -598408.20 -175342.45
V 6256 -598308.70 -175342.45
V 6264 -598300.95 -175340.37
V 6272 -598295.28 -175334.70
V 6280 -598293.20 -175326.95
V 6288 -598293.20 -175255.95
V 6296 -598295.28 -175248.20
V 6304 -598300.95 -175242.53
V 6312 -598308.70 -175240.45
V 6320 -598408.20 -175240.45
V 6328 -598408.20 -175200.45
V 6336 -598308.70 -175200.45
V 6344 -598300.95 -175198.37
V 6352 -598295.28 -175192.70
V 6360 -598293.20 -175184.95
V 6368 -598293.20 -175113.95
V 6376 -598295.28 -175106.20
V 6384 -598300.95 -175100.53
V 6392 -598308.70 -175098.45
V 6400 -598408.20 -175098.45
V 6408 -598408.20 -175058.45
V 6416 -598308.70 -175058.45
V 6424 -598300.95 -175056.37
V 6432 -598295.28 -175050.70
V 6440 -598293.20 -175042.95
V 6448 -598293.20 -174971.95
V 6456 -598295.28 -174964.20
V 6464 -598300.95 -174958.53
V 6472 -598308.70 -174956.45
V 6480 -598408.20 -174956.45
V 6488 -598408.20 -174916.45
V 6496 -598308.70 -174916.45
V 6504 -598300.95 -174914.37
V 6512 -598295.28 -174908.70
V 6520 -598293.20 -174900.95
V 6528 -598293.20 -174829.95
V 6536 -598295.28 -174822.20
V 6544 -598300.95 -174816.53
V 6552 -598308.70 -174814.45
V 6560 -598408.20 -174814.45
V 6568 -598408.20 -174774.45
V 6576 -598308.70 -174774.45
V 6584 -598300.95 -174772.37
V 6592 -598295.28 -174766.70
V 6600 -598293.20 -174758.95
V 6608 -598293.20 -174687.95
V 6616 -598295.28 -174680.20
V 6624 -598300.95 -174674.53
V 6632 -598308.70 -174672.45
V 6640 -598408.20 -174672.45
V 6648 -598408.20 -174632.45
V 6656 -598308.70 -174632.45
V 6664 -598300.95 -174630.37
V 6672 -598295.28 -174624.70
V 6680 -598293.20 -174616.95
V 6688 -598293.20 -174545.95
V 6696 -598295.28 -174538.20
V 6704 -598300.95 -174532.53
V 6712 -598308.70 -174530.45
V 6720 -598408.20 -174530.45
V 6728 -598408.20 -174490.45
V 6736 -598308.70 -174490.45
V 6744 -598300.95 -174488.37
V 6752 -598295.28 -174482.70
V 6760 -598293.20 -174474.95
V 6768 -598293.20 -174403.95
V 6776 -598295.28 -174396.20
V 6784 -598300.95 -174390.53
V 6792 -598308.70 -174388.45
V 6800 -598408.20 -174388.45
V 6808 -598408.20 -174348.45
V 6816 -598308.70 -174348.45
V 6824 -598300.95 -174346.37
V 6832 -598295.28 -174340.70
V 6840 -598293.20 -174332.95
V 6848 -598293.20 -174261.95
V 6856 -598295.28 -174254.20
V 6864 -598300.95 -174248.53
V 6872 -598308.70 -174246.45
V 6880 -598408.20 -174246.45
V 6888 -598408.20 -174206.45
V 6896 -598308.70 -174206.45
V 6904 -598300.95 -174204.37
V 6912 -598295.28 -174198.70
V 6920 -598293.20 -174190.95
V 6928 -598293.20 -174119.95
V 6936 -598295.28 -174112.20
V 6944 -598300.95 -174106.53
V 6952 -598308.70 -174104.45
V 6960 -598408.20 -174104.45
V 6968 -598408.20 -174064.45
V 6976 -598308.70 -174064.45
V 6984 -598300.95 -174062.37
V 6992 -598295.28 -174056.70
V 7000 -598293.20 -174048.95
V 7008 -598293.20 -173977.95
V 7016 -598295.28 -173970.20
V 7024 -598300.95 -173964.53
V 7032 -598308.70 -173962.45
V 7040 -598408.20 -173962.45
V 7048 -598408.20 -173922.45
V 7056 -598308.70 -173922.45
V 7064 -598300.95 -173920.37
V 7072 -598295.28 -173914.70
V 7080 -598293.20 -173906.95
V 7088 -598293.20 -173835.95
V 7096 -598295.28 -173828.20
V 7104 -598300.95 -173822.53
V 7112 -598308.70 -173820.45
V 7120 -598408.20 -173820.45
V 7128 -598408.20 -173780.45
V 7136 -598308.70 -173780.45
V 7144 -598300.95 -173778.37
V 7152 -598295.28 -173772.70
V 7160 -598293.20 -173764.95
V 7168 -598293.20 -173693.95
V 7176 -598295.28 -173686.20
V 7184 -598300.95 -173680.53
V 7192 -598308.70 -173678.45
V 7200 -598408.20 -173678.45
V 7208 -598408.20 -173638.45
V 7216 -598308.70 -173638.45
V 7224 -598300.95 -173636.37
V 7232 -598295.28 -173630.70
V 7240 -598293.20 -173622.95
V 7248 -598293.20 -173551.95
V 7256 -598295.28 -173544.20
V 7264 -598300.95 -173538.53
V 7272 -598308.70 -173536.45
V 7280 -598408.20 -173536.45
V 7288 -598408.20 -173496.45
V 7296 -598308.70 -173496.45
V 7304 -598300.95 -173494.37
V 7312 -598295.28 -173488.70
V 7320 -598293.20 -173480.95
V 7328 -598293.20 -173409.95
V 7336 -598295.28 -173402.20
V 7344 -598300.95 -173396.53
V 7352 -598308.70 -173394.45
V 7360 -598408.20 -173394.45
V 7368 -598408.20 -173354.45
V 7376 -598308.70 -173354.45
V 7384 -598300.95 -173352.37
V 7392 -598295.28 -173346.70
V 7400 -598293.20 -173338.95
V 7408 -598293.20 -173267.95
V 7416 -598295.28 -173260.20
V 7424 -598300.95 -173254.53
V 7432 -598308.70 -173252.45
V 7440 -598408.20 -173252.45
V 7448 -598408.20 -173212.45
V 7456 -598308.70 -173212.45
V 7464 -598300.95 -173210.37
V 7472 -598295.28 -173204.70
V 7480 -598293.20 -173196.95
V 7488 -598293.20 -173125.95
V 7496 -598295.28 -173118.20
V 7504 -598300.95 -173112.53
V 7512 -598308.70 -173110.45
V 7520 -598408.20 -173110.45
V 7528 -598408.20 -173070.45
V 7536 -598308.70 -173070.45
V 7544 -598300.95 -173068.37
V 7552 -598295.28 -173062.70
V 7560 -598293.20 -173054.95
V 7568 -598293.20 -172983.95
V 7576 -598295.28 -172976.20
V 7584 -598300.95 -172970.53
V 7592 -598308.70 -172968.45
V 7600 -598408.20 -172968.45
V 7608 -598408.20 -172928.45
V 7616 -598308.70 -172928.45
V 7624 -598300.95 -172926.37
V 7632 -598295.28 -172920.70
V 7640 -598293.20 -172912.95
V 7648 -598293.20 -172841.95
V 7656 -598295.28 -172834.20
V 7664 -598300.95 -172828.53
V 7672 -598308.70 -172826.45
V 7680 -598408.20 -172826.45
V 7688 -598408.20 -172786.45
V 7696 -598308.70 -172786.45
V 7704 -598300.95 -172784.37
V 7712 -598295.28 -172778.70
V 7720 -598293.20 -172770.95
V 7728 -598293.20 -172699.95
V 7736 -598295.28 -172692.20
V 7744 -598300.95 -172686.53
V 7752 -598308.70 -172684.45
V 7760 -598408.20 -172684.45
V 7768 -598408.20 -172644.45
V 7776 -598308.70 -172644.45
V 7784 -598300.95 -172642.37
V 7792 -598295.28 -172636.70
V 7800 -598293.20 -172628.95
V 7808 -598293.20 -172557.95
V 7816 -598295.28 -172550.20
V 7824 -598300.95 -172544.53
V 7832 -598308.70 -172542.45
V 7840 -598408.20 -172542.45
V 7848 -598408.20 -172502.45
V 7856 -598308.70 -172502.45
V 7864 -598300.95 -172500.37
V 7872 -598295.28 -172494.70
V 7880 -598293.20 -172486.95
V 7888 -598293.20 -172415.95
V 7896 -598295.28 -172408.20
V 7904 -598300.95 -172402.53
V 7912 -598308.70 -172400.45
V 7920 -598408.20 -172400.45
V 7928 -598408.20 -172360.45
V 7936 -598308.70 -172360.45
V 7944 -598300.95 -172358.37
V 7952 -598295.28 -172352.70
V 7960 -598293.20 -172344.95
V 7968 -598293.20 -172273.95
V 7976 -598295.28 -172266.20
V 7984 -598300.95 -172260.53
V 7992 -598308.70 -172258.45
V 8000 -598408.20 -172258.45
V 8008 -598408.20 -172218.45
V 8016 -598308.70 -172218.45
V 8024 -598300.95 -172216.37
V 8032 -598295.28 -172210.70
V 8040 -598293.20 -172202.95
V 8048 -598293.20 -172131.95
V 8056 -598295.28 -172124.20
V 8064 -598300.95 -172118.53
V 8072 -598308.70 -172116.45
V 8080 -598408.20 -172116.45
V 8088 -598408.20 -172076.45
V 8096 -598308.70 -172076.45
V 8104 -598300.95 -172074.37
V 8112 -598295.28 -172068.70
V 8120 -598293.20 -172060.95
V 8128 -598293.20 -171989.95
V 8136 -598295.28 -171982.20
V 8144 -598300.95 -171976.53
V 8152 -598308.70 -171974.45
V 8160 -598408.20 -171974.45
V 8168 -598408.20 -171934.45
V 8176 -598308.70 -171934.45
V 8184 -598300.95 -171932.37
V 8192 -598295.28 -171926.70
V 8200 -598293.20 -171918.95
V 8208 -598293.20 -171847.95
V 8216 -598295.28 -171840.20
V 8224 -598300.95 -171834.53
V 8232 -598308.70 -171832.45
V 8240 -598408.20 -171832.45
V 8248 -598408.20 -171792.45
V 8256 -598308.70 -171792.45
V 8264 -598300.95 -171790.37
V 8272 -598295.28 -171784.70
V 8280 -598293.20 -171776.95
V 8288 -598293.20 -171705.95
V 8296 -598295.28 -171698.20
V 8304 -598300.95 -171692.53
V 8312 -598308.70 -171690.45
V 8320 -598381.29 -171690.45
V 8328 -598381.29 -171650.45
V 8336 -598366.20 -171650.45
V 8344 -598365.09 -171650.41
V 8352 -598363.99 -171650.29
V 8360 -598362.91 -171650.10
V 8368 -598361.83 -171649.82
V 8376 -598360.78 -171649.47
V 8384 -598359.76 -171649.05
V 8392 -598358.77 -171648.55
V 8400 -598357.82 -171647.99
V 8408 -598356.91 -171647.36
V 8416 -598356.05 -171646.66
V 8424 -598355.24 -171645.91
V 8432 -598354.49 -171645.10
V 8440 -598353.79 -171644.24
V 8448 -598353.16 -171643.33
V 8456 -598352.60 -171642.38
V 8464 -598352.10 -171641.39
V 8472 -598351.68 -171640.37
V 8480 -598351.33 -171639.32
V 8488 -598351.05 -171638.24
V 8496 -598350.86 -171637.16
V 8504 -598350.74 -171636.06
V 8512 -598350.70 -171634.95
V 8520 -598350.70 -171547.73
V 8528 -587034.89 -169626.28
V 8536 -587034.85 -169626.27
V 8544 -584946.70 -169271.70
V 8552 -584946.51 -169271.67
V 8560 -582624.54 -168877.39
V 8568 -582622.06 -168876.97
V 8576 -571835.58 -167045.40
V 8584 -564505.92 -165800.81
V 8592 -564505.85 -165800.80
V 8600 -564502.87 -165800.30
V 8608 -564502.80 -165800.28
V 8616 -556937.51 -164515.68
V 8624 -556446.93 -164432.38
V 8632 -553817.67 -163985.92
V 8640 -553817.63 -163985.91
V 8648 -553817.51 -163985.89
V 8656 -553817.46 -163985.88
V 8664 -553817.38 -163985.87
V 8672 -543397.69 -162216.59
V 8680 -541710.20 -161930.05
V 8688 -540343.81 -161698.03
V 8696 -539879.21 -161619.14
V 8704 -538159.82 -161327.19
V 8712 -537091.59 -161145.80
V 8720 -533607.24 -160554.15
V 8728 -533606.79 -160554.07
V 8736 -533606.71 -160554.05
V 8744 -528264.12 -159646.88
V 8752 -528263.99 -159646.86
V 8760 -528263.96 -159646.85
V 8768 -528263.54 -159646.77
V 8776 -526605.83 -159365.29
V 8784 -525476.48 -159173.53
V 8792 -525012.24 -159094.70
V 8800 -525012.15 -159094.68
V 8808 -525012.08 -159094.67
V 8816 -525012.06 -159094.67
V 8824 -524082.66 -158936.85
V 8832 -523618.07 -158857.97
V 8840 -517146.91 -157759.15
V 8848 -517145.84 -157758.93
V 8856 -517144.80 -157758.64
V 8864 -517143.77 -157758.27
V 8872 -517142.78 -157757.84
V 8880 -517141.82 -157757.33
V 8888 -517140.89 -157756.76
V 8896 -517140.01 -157756.13
V 8904 -517139.17 -157755.43
V 8912 -517138.39 -157754.68
V 8920 -517137.66 -157753.87
V 8928 -517136.99 -157753.02
V 8936 -517136.38 -157752.12
V 8944 -517135.83 -157751.18
V 8952 -517135.35 -157750.20
V 8960 -517134.94 -157749.20
V 8968 -517134.61 -157748.16
V 8976 -517134.34 -157747.11
V 8984 -517134.15 -157746.04
V 8992 -517134.04 -157744.96
V 9000 -517134.00 -157743.87
V 9008 -517134.00 -157719.35
