V 0 1090724.21 91711.09
V 8 1090724.21 91761.65
V 16 1090724.01 91762.40
V 24 1090723.46 91762.95
V 32 1090722.71 91763.15
V 40 1090594.29 91763.15
V 48 1090589.56 91765.69
V 56 1090588.14 91763.05
V 64 1090593.21 91760.33
V 72 1090593.28 91760.29
V 80 1090593.37 91760.26
V 88 1090593.46 91760.22
V 96 1090593.73 91760.16
V 104 1090593.83 91760.15
V 112 1090721.21 91760.15
V 120 1090721.21 91709.59
V 128 1090721.41 91708.84
V 136 1090721.96 91708.29
V 144 1090722.71 91708.09
V 152 1090740.36 91708.09
V 160 1090740.36 91711.09
