V 0 1085836.72 53259.12
V 8 1085831.59 53315.57
V 16 1085831.59 53315.63
V 24 1085831.58 53315.74
V 32 1085825.52 53361.10
V 40 1085825.51 53361.13
V 48 1085823.40 53379.29
V 56 1085823.15 53379.97
V 64 1085822.61 53380.45
V 72 1085821.91 53380.62
V 80 1085735.66 53380.62
V 88 1085735.66 53377.62
V 96 1085820.57 53377.62
V 104 1085822.53 53360.81
V 112 1085822.54 53360.70
V 120 1085828.60 53315.34
V 128 1085833.86 53257.48
V 136 1085834.10 53256.79
V 144 1085834.64 53256.30
V 152 1085835.35 53256.12
V 160 1085839.86 53256.12
V 168 1085839.86 53259.12
