V 0 1085836.67 -40149.45
V 8 1085831.49 -40110.66
V 16 1085831.48 -40110.63
V 24 1085826.35 -40066.47
V 32 1085826.34 -40066.37
V 40 1085826.30 -40066.16
V 48 1085825.42 -40062.98
V 56 1085825.12 -40062.41
V 64 1085824.60 -40062.02
V 72 1085823.97 -40061.88
V 80 1085735.66 -40061.88
V 88 1085735.66 -40064.88
V 96 1085822.82 -40064.88
V 104 1085823.37 -40066.85
V 112 1085828.50 -40110.95
V 120 1085828.51 -40111.06
V 128 1085833.86 -40151.15
V 136 1085834.12 -40151.81
V 144 1085834.66 -40152.28
V 152 1085835.35 -40152.45
V 160 1085839.86 -40152.45
V 168 1085839.86 -40149.45
