V 0 -744215.00 -157719.35
V 8 -744215.00 -157730.78
V 16 -744401.09 -157762.38
V 24 -744631.03 -157801.42
V 32 -744631.14 -157801.44
V 40 -744866.92 -157841.48
V 48 -745098.36 -157880.78
V 56 -745330.20 -157920.14
V 64 -745330.31 -157920.16
V 72 -745618.79 -157969.15
V 80 -745625.40 -157971.96
V 88 -745630.04 -157977.44
V 96 -745631.70 -157984.43
V 104 -745631.70 -158129.45
V 112 -745673.70 -158129.45
V 120 -745681.45 -158131.53
V 128 -745687.12 -158137.20
V 136 -745689.20 -158144.95
V 144 -745689.20 -158215.95
V 152 -745687.12 -158223.70
V 160 -745681.45 -158229.37
V 168 -745673.70 -158231.45
V 176 -745574.20 -158231.45
V 184 -745574.20 -158271.45
V 192 -745673.70 -158271.45
V 200 -745681.45 -158273.53
V 208 -745687.12 -158279.20
V 216 -745689.20 -158286.95
V 224 -745689.20 -158357.95
V 232 -745687.12 -158365.70
V 240 -745681.45 -158371.37
V 248 -745673.70 -158373.45
V 256 -745574.20 -158373.45
V 264 -745574.20 -158413.45
V 272 -745673.70 -158413.45
V 280 -745681.45 -158415.53
V 288 -745687.12 -158421.20
V 296 -745689.20 -158428.95
V 304 -745689.20 -158499.95
V 312 -745687.12 -158507.70
V 320 -745681.45 -158513.37
V 328 -745673.70 -158515.45
V 336 -745574.20 -158515.45
V 344 -745574.20 -158555.45
V 352 -745673.70 -158555.45
V 360 -745681.45 -158557.53
V 368 -745687.12 -158563.20
V 376 -745689.20 -158570.95
V 384 -745689.20 -158641.95
V 392 -745687.12 -158649.70
V 400 -745681.45 -158655.37
V 408 -745673.70 -158657.45
V 416 -745574.20 -158657.45
V 424 -745574.20 -158697.45
V 432 -745673.70 -158697.45
V 440 -745681.45 -158699.53
V 448 -745687.12 -158705.20
V 456 -745689.20 -158712.95
V 464 -745689.20 -158783.95
V 472 -745687.12 -158791.70
V 480 -745681.45 -158797.37
V 488 -745673.70 -158799.45
V 496 -745574.20 -158799.45
V 504 -745574.20 -158839.45
V 512 -745673.70 -158839.45
V 520 -745681.45 -158841.53
V 528 -745687.12 -158847.20
V 536 -745689.20 -158854.95
V 544 -745689.20 -158925.95
V 552 -745687.12 -158933.70
V 560 -745681.45 -158939.37
V 568 -745673.70 -158941.45
V 576 -745574.20 -158941.45
V 584 -745574.20 -158981.45
V 592 -745673.70 -158981.45
V 600 -745681.45 -158983.53
V 608 -745687.12 -158989.20
V 616 -745689.20 -158996.95
V 624 -745689.20 -159067.95
V 632 -745687.12 -159075.70
V 640 -745681.45 -159081.37
V 648 -745673.70 -159083.45
V 656 -745574.20 -159083.45
V 664 -745574.20 -159123.45
V 672 -745673.70 -159123.45
V 680 -745681.45 -159125.53
V 688 -745687.12 -159131.20
V 696 -745689.20 -159138.95
V 704 -745689.20 -159209.95
V 712 -745687.12 -159217.70
V 720 -745681.45 -159223.37
V 728 -745673.70 -159225.45
V 736 -745574.20 -159225.45
V 744 -745574.20 -159265.45
V 752 -745673.70 -159265.45
V 760 -745681.45 -159267.53
V 768 -745687.12 -159273.20
V 776 -745689.20 -159280.95
V 784 -745689.20 -159351.95
V 792 -745687.12 -159359.70
V 800 -745681.45 -159365.37
V 808 -745673.70 -159367.45
V 816 -745574.20 -159367.45
V 824 -745574.20 -159407.45
V 832 -745673.70 -159407.45
V 840 -745681.45 -159409.53
V 848 -745687.12 -159415.20
V 856 -745689.20 -159422.95
V 864 -745689.20 -159493.95
V 872 -745687.12 -159501.70
V 880 -745681.45 -159507.37
V 888 -745673.70 -159509.45
V 896 -745574.20 -159509.45
V 904 -745574.20 -159549.45
V 912 -745673.70 -159549.45
V 920 -745681.45 -159551.53
V 928 -745687.12 -159557.20
V 936 -745689.20 -159564.95
V 944 -745689.20 -159635.95
V 952 -745687.12 -159643.70
V 960 -745681.45 -159649.37
V 968 -745673.70 -159651.45
V 976 -745574.20 -159651.45
V 984 -745574.20 -159691.45
V 992 -745673.70 -159691.45
V 1000 -745681.45 -159693.53
V 1008 -745687.12 -159699.20
V 1016 -745689.20 -159706.95
V 1024 -745689.20 -159777.95
V 1032 -745687.12 -159785.70
V 1040 -745681.45 -159791.37
V 1048 -745673.70 -159793.45
V 1056 -745574.20 -159793.45
V 1064 -745574.20 -159833.45
V 1072 -745673.70 -159833.45
V 1080 -745681.45 -159835.53
V 1088 -745687.12 -159841.20
V 1096 -745689.20 -159848.95
V 1104 -745689.20 -159919.95
V 1112 -745687.12 -159927.70
V 1120 -745681.45 -159933.37
V 1128 -745673.70 -159935.45
V 1136 -745574.20 -159935.45
V 1144 -745574.20 -159975.45
V 1152 -745673.70 -159975.45
V 1160 -745681.45 -159977.53
V 1168 -745687.12 -159983.20
V 1176 -745689.20 -159990.95
V 1184 -745689.20 -160061.95
V 1192 -745687.12 -160069.70
V 1200 -745681.45 -160075.37
V 1208 -745673.70 -160077.45
V 1216 -745574.20 -160077.45
V 1224 -745574.20 -160117.45
V 1232 -745673.70 -160117.45
V 1240 -745681.45 -160119.53
V 1248 -745687.12 -160125.20
V 1256 -745689.20 -160132.95
V 1264 -745689.20 -160203.95
V 1272 -745687.12 -160211.70
V 1280 -745681.45 -160217.37
V 1288 -745673.70 -160219.45
V 1296 -745574.20 -160219.45
V 1304 -745574.20 -160259.45
V 1312 -745673.70 -160259.45
V 1320 -745681.45 -160261.53
V 1328 -745687.12 -160267.20
V 1336 -745689.20 -160274.95
V 1344 -745689.20 -160345.95
V 1352 -745687.12 -160353.70
V 1360 -745681.45 -160359.37
V 1368 -745673.70 -160361.45
V 1376 -745574.20 -160361.45
V 1384 -745574.20 -160401.45
V 1392 -745673.70 -160401.45
V 1400 -745681.45 -160403.53
V 1408 -745687.12 -160409.20
V 1416 -745689.20 -160416.95
V 1424 -745689.20 -160487.95
V 1432 -745687.12 -160495.70
V 1440 -745681.45 -160501.37
V 1448 -745673.70 -160503.45
V 1456 -745574.20 -160503.45
V 1464 -745574.20 -160543.45
V 1472 -745673.70 -160543.45
V 1480 -745681.45 -160545.53
V 1488 -745687.12 -160551.20
V 1496 -745689.20 -160558.95
V 1504 -745689.20 -160629.95
V 1512 -745687.12 -160637.70
V 1520 -745681.45 -160643.37
V 1528 -745673.70 -160645.45
V 1536 -745574.20 -160645.45
V 1544 -745574.20 -160685.45
V 1552 -745673.70 -160685.45
V 1560 -745681.45 -160687.53
V 1568 -745687.12 -160693.20
V 1576 -745689.20 -160700.95
V 1584 -745689.20 -160771.95
V 1592 -745687.12 -160779.70
V 1600 -745681.45 -160785.37
V 1608 -745673.70 -160787.45
V 1616 -745574.20 -160787.45
V 1624 -745574.20 -160827.45
V 1632 -745673.70 -160827.45
V 1640 -745681.45 -160829.53
V 1648 -745687.12 -160835.20
V 1656 -745689.20 -160842.95
V 1664 -745689.20 -160913.95
V 1672 -745687.12 -160921.70
V 1680 -745681.45 -160927.37
V 1688 -745673.70 -160929.45
V 1696 -745574.20 -160929.45
V 1704 -745574.20 -160969.45
V 1712 -745673.70 -160969.45
V 1720 -745681.45 -160971.53
V 1728 -745687.12 -160977.20
V 1736 -745689.20 -160984.95
V 1744 -745689.20 -161055.95
V 1752 -745687.12 -161063.70
V 1760 -745681.45 -161069.37
V 1768 -745673.70 -161071.45
V 1776 -745574.20 -161071.45
V 1784 -745574.20 -161111.45
V 1792 -745673.70 -161111.45
V 1800 -745681.45 -161113.53
V 1808 -745687.12 -161119.20
V 1816 -745689.20 -161126.95
V 1824 -745689.20 -161197.95
V 1832 -745687.12 -161205.70
V 1840 -745681.45 -161211.37
V 1848 -745673.70 -161213.45
V 1856 -745574.20 -161213.45
V 1864 -745574.20 -161253.45
V 1872 -745673.70 -161253.45
V 1880 -745681.45 -161255.53
V 1888 -745687.12 -161261.20
V 1896 -745689.20 -161268.95
V 1904 -745689.20 -161339.95
V 1912 -745687.12 -161347.70
V 1920 -745681.45 -161353.37
V 1928 -745673.70 -161355.45
V 1936 -745574.20 -161355.45
V 1944 -745574.20 -161395.45
V 1952 -745673.70 -161395.45
V 1960 -745681.45 -161397.53
V 1968 -745687.12 -161403.20
V 1976 -745689.20 -161410.95
V 1984 -745689.20 -161481.95
V 1992 -745687.12 -161489.70
V 2000 -745681.45 -161495.37
V 2008 -745673.70 -161497.45
V 2016 -745574.20 -161497.45
V 2024 -745574.20 -161537.45
V 2032 -745673.70 -161537.45
V 2040 -745681.45 -161539.53
V 2048 -745687.12 -161545.20
V 2056 -745689.20 -161552.95
V 2064 -745689.20 -161623.95
V 2072 -745687.12 -161631.70
V 2080 -745681.45 -161637.37
V 2088 -745673.70 -161639.45
V 2096 -745574.20 -161639.45
V 2104 -745574.20 -161679.45
V 2112 -745673.70 -161679.45
V 2120 -745681.45 -161681.53
V 2128 -745687.12 -161687.20
V 2136 -745689.20 -161694.95
V 2144 -745689.20 -161765.95
V 2152 -745687.12 -161773.70
V 2160 -745681.45 -161779.37
V 2168 -745673.70 -161781.45
V 2176 -745574.20 -161781.45
V 2184 -745574.20 -161821.45
V 2192 -745673.70 -161821.45
V 2200 -745681.45 -161823.53
V 2208 -745687.12 -161829.20
V 2216 -745689.20 -161836.95
V 2224 -745689.20 -161907.95
V 2232 -745687.12 -161915.70
V 2240 -745681.45 -161921.37
V 2248 -745673.70 -161923.45
V 2256 -745574.20 -161923.45
V 2264 -745574.20 -161963.45
V 2272 -745673.70 -161963.45
V 2280 -745681.45 -161965.53
V 2288 -745687.12 -161971.20
V 2296 -745689.20 -161978.95
V 2304 -745689.20 -162049.95
V 2312 -745687.12 -162057.70
V 2320 -745681.45 -162063.37
V 2328 -745673.70 -162065.45
V 2336 -745574.20 -162065.45
V 2344 -745574.20 -162105.45
V 2352 -745673.70 -162105.45
V 2360 -745681.45 -162107.53
V 2368 -745687.12 -162113.20
V 2376 -745689.20 -162120.95
V 2384 -745689.20 -162191.95
V 2392 -745687.12 -162199.70
V 2400 -745681.45 -162205.37
V 2408 -745673.70 -162207.45
V 2416 -745574.20 -162207.45
V 2424 -745574.20 -162247.45
V 2432 -745673.70 -162247.45
V 2440 -745681.45 -162249.53
V 2448 -745687.12 -162255.20
V 2456 -745689.20 -162262.95
V 2464 -745689.20 -162333.95
V 2472 -745687.12 -162341.70
V 2480 -745681.45 -162347.37
V 2488 -745673.70 -162349.45
V 2496 -745574.20 -162349.45
V 2504 -745574.20 -162389.45
V 2512 -745673.70 -162389.45
V 2520 -745681.45 -162391.53
V 2528 -745687.12 -162397.20
V 2536 -745689.20 -162404.95
V 2544 -745689.20 -162475.95
V 2552 -745687.12 -162483.70
V 2560 -745681.45 -162489.37
V 2568 -745673.70 -162491.45
V 2576 -745574.20 -162491.45
V 2584 -745574.20 -162531.45
V 2592 -745673.70 -162531.45
V 2600 -745681.45 -162533.53
V 2608 -745687.12 -162539.20
V 2616 -745689.20 -162546.95
V 2624 -745689.20 -162617.95
V 2632 -745687.12 -162625.70
V 2640 -745681.45 -162631.37
V 2648 -745673.70 -162633.45
V 2656 -745574.20 -162633.45
V 2664 -745574.20 -162673.45
V 2672 -745673.70 -162673.45
V 2680 -745681.45 -162675.53
V 2688 -745687.12 -162681.20
V 2696 -745689.20 -162688.95
V 2704 -745689.20 -162759.95
V 2712 -745687.12 -162767.70
V 2720 -745681.45 -162773.37
V 2728 -745673.70 -162775.45
V 2736 -745574.20 -162775.45
V 2744 -745574.20 -162815.45
V 2752 -745673.70 -162815.45
V 2760 -745681.45 -162817.53
V 2768 -745687.12 -162823.20
V 2776 -745689.20 -162830.95
V 2784 -745689.20 -162901.95
V 2792 -745687.12 -162909.70
V 2800 -745681.45 -162915.37
V 2808 -745673.70 -162917.45
V 2816 -745574.20 -162917.45
V 2824 -745574.20 -162957.45
V 2832 -745673.70 -162957.45
V 2840 -745681.45 -162959.53
V 2848 -745687.12 -162965.20
V 2856 -745689.20 -162972.95
V 2864 -745689.20 -163043.95
V 2872 -745687.12 -163051.70
V 2880 -745681.45 -163057.37
V 2888 -745673.70 -163059.45
V 2896 -745574.20 -163059.45
V 2904 -745574.20 -163099.45
V 2912 -745673.70 -163099.45
V 2920 -745681.45 -163101.53
V 2928 -745687.12 -163107.20
V 2936 -745689.20 -163114.95
V 2944 -745689.20 -163185.95
V 2952 -745687.12 -163193.70
V 2960 -745681.45 -163199.37
V 2968 -745673.70 -163201.45
V 2976 -745574.20 -163201.45
V 2984 -745574.20 -163241.45
V 2992 -745673.70 -163241.45
V 3000 -745681.45 -163243.53
V 3008 -745687.12 -163249.20
V 3016 -745689.20 -163256.95
V 3024 -745689.20 -163327.95
V 3032 -745687.12 -163335.70
V 3040 -745681.45 -163341.37
V 3048 -745673.70 -163343.45
V 3056 -745574.20 -163343.45
V 3064 -745574.20 -163383.45
V 3072 -745673.70 -163383.45
V 3080 -745681.45 -163385.53
V 3088 -745687.12 -163391.20
V 3096 -745689.20 -163398.95
V 3104 -745689.20 -163469.95
V 3112 -745687.12 -163477.70
V 3120 -745681.45 -163483.37
V 3128 -745673.70 -163485.45
V 3136 -745574.20 -163485.45
V 3144 -745574.20 -163525.45
V 3152 -745673.70 -163525.45
V 3160 -745681.45 -163527.53
V 3168 -745687.12 -163533.20
V 3176 -745689.20 -163540.95
V 3184 -745689.20 -163611.95
V 3192 -745687.12 -163619.70
V 3200 -745681.45 -163625.37
V 3208 -745673.70 -163627.45
V 3216 -745574.20 -163627.45
V 3224 -745574.20 -163667.45
V 3232 -745673.70 -163667.45
V 3240 -745681.45 -163669.53
V 3248 -745687.12 -163675.20
V 3256 -745689.20 -163682.95
V 3264 -745689.20 -163753.95
V 3272 -745687.12 -163761.70
V 3280 -745681.45 -163767.37
V 3288 -745673.70 -163769.45
V 3296 -745574.20 -163769.45
V 3304 -745574.20 -163809.45
V 3312 -745673.70 -163809.45
V 3320 -745681.45 -163811.53
V 3328 -745687.12 -163817.20
V 3336 -745689.20 -163824.95
V 3344 -745689.20 -163895.95
V 3352 -745687.12 -163903.70
V 3360 -745681.45 -163909.37
V 3368 -745673.70 -163911.45
V 3376 -745574.20 -163911.45
V 3384 -745574.20 -163951.45
V 3392 -745673.70 -163951.45
V 3400 -745681.45 -163953.53
V 3408 -745687.12 -163959.20
V 3416 -745689.20 -163966.95
V 3424 -745689.20 -164037.95
V 3432 -745687.12 -164045.70
V 3440 -745681.45 -164051.37
V 3448 -745673.70 -164053.45
V 3456 -745574.20 -164053.45
V 3464 -745574.20 -164093.45
V 3472 -745673.70 -164093.45
V 3480 -745681.45 -164095.53
V 3488 -745687.12 -164101.20
V 3496 -745689.20 -164108.95
V 3504 -745689.20 -164179.95
V 3512 -745687.12 -164187.70
V 3520 -745681.45 -164193.37
V 3528 -745673.70 -164195.45
V 3536 -745574.20 -164195.45
V 3544 -745574.20 -164235.45
V 3552 -745673.70 -164235.45
V 3560 -745681.45 -164237.53
V 3568 -745687.12 -164243.20
V 3576 -745689.20 -164250.95
V 3584 -745689.20 -164321.95
V 3592 -745687.12 -164329.70
V 3600 -745681.45 -164335.37
V 3608 -745673.70 -164337.45
V 3616 -745574.20 -164337.45
V 3624 -745574.20 -164377.45
V 3632 -745673.70 -164377.45
V 3640 -745681.45 -164379.53
V 3648 -745687.12 -164385.20
V 3656 -745689.20 -164392.95
V 3664 -745689.20 -164463.95
V 3672 -745687.12 -164471.70
V 3680 -745681.45 -164477.37
V 3688 -745673.70 -164479.45
V 3696 -745574.20 -164479.45
V 3704 -745574.20 -164519.45
V 3712 -745673.70 -164519.45
V 3720 -745681.45 -164521.53
V 3728 -745687.12 -164527.20
V 3736 -745689.20 -164534.95
V 3744 -745689.20 -164605.95
V 3752 -745687.12 -164613.70
V 3760 -745681.45 -164619.37
V 3768 -745673.70 -164621.45
V 3776 -745574.20 -164621.45
V 3784 -745574.20 -164661.45
V 3792 -745673.70 -164661.45
V 3800 -745681.45 -164663.53
V 3808 -745687.12 -164669.20
V 3816 -745689.20 -164676.95
V 3824 -745689.20 -164747.95
V 3832 -745687.12 -164755.70
V 3840 -745681.45 -164761.37
V 3848 -745673.70 -164763.45
V 3856 -745574.20 -164763.45
V 3864 -745574.20 -164803.45
V 3872 -745673.70 -164803.45
V 3880 -745681.45 -164805.53
V 3888 -745687.12 -164811.20
V 3896 -745689.20 -164818.95
V 3904 -745689.20 -164889.95
V 3912 -745687.12 -164897.70
V 3920 -745681.45 -164903.37
V 3928 -745673.70 -164905.45
V 3936 -745574.20 -164905.45
V 3944 -745574.20 -164945.45
V 3952 -745673.70 -164945.45
V 3960 -745681.45 -164947.53
V 3968 -745687.12 -164953.20
V 3976 -745689.20 -164960.95
V 3984 -745689.20 -165031.95
V 3992 -745687.12 -165039.70
V 4000 -745681.45 -165045.37
V 4008 -745673.70 -165047.45
V 4016 -745574.20 -165047.45
V 4024 -745574.20 -165087.45
V 4032 -745673.70 -165087.45
V 4040 -745681.45 -165089.53
V 4048 -745687.12 -165095.20
V 4056 -745689.20 -165102.95
V 4064 -745689.20 -165173.95
V 4072 -745687.12 -165181.70
V 4080 -745681.45 -165187.37
V 4088 -745673.70 -165189.45
V 4096 -745574.20 -165189.45
V 4104 -745574.20 -165229.45
V 4112 -745673.70 -165229.45
V 4120 -745681.45 -165231.53
V 4128 -745687.12 -165237.20
V 4136 -745689.20 -165244.95
V 4144 -745689.20 -165315.95
V 4152 -745687.12 -165323.70
V 4160 -745681.45 -165329.37
V 4168 -745673.70 -165331.45
V 4176 -745574.20 -165331.45
V 4184 -745574.20 -165371.45
V 4192 -745673.70 -165371.45
V 4200 -745681.45 -165373.53
V 4208 -745687.12 -165379.20
V 4216 -745689.20 -165386.95
V 4224 -745689.20 -165457.95
V 4232 -745687.12 -165465.70
V 4240 -745681.45 -165471.37
V 4248 -745673.70 -165473.45
V 4256 -745574.20 -165473.45
V 4264 -745574.20 -165513.45
V 4272 -745673.70 -165513.45
V 4280 -745681.45 -165515.53
V 4288 -745687.12 -165521.20
V 4296 -745689.20 -165528.95
V 4304 -745689.20 -165599.95
V 4312 -745687.12 -165607.70
V 4320 -745681.45 -165613.37
V 4328 -745673.70 -165615.45
V 4336 -745574.20 -165615.45
V 4344 -745574.20 -165655.45
V 4352 -745673.70 -165655.45
V 4360 -745681.45 -165657.53
V 4368 -745687.12 -165663.20
V 4376 -745689.20 -165670.95
V 4384 -745689.20 -165741.95
V 4392 -745687.12 -165749.70
V 4400 -745681.45 -165755.37
V 4408 -745673.70 -165757.45
V 4416 -745574.20 -165757.45
V 4424 -745574.20 -165797.45
V 4432 -745673.70 -165797.45
V 4440 -745681.45 -165799.53
V 4448 -745687.12 -165805.20
V 4456 -745689.20 -165812.95
V 4464 -745689.20 -165883.95
V 4472 -745687.12 -165891.70
V 4480 -745681.45 -165897.37
V 4488 -745673.70 -165899.45
V 4496 -745574.20 -165899.45
V 4504 -745574.20 -165939.45
V 4512 -745673.70 -165939.45
V 4520 -745681.45 -165941.53
V 4528 -745687.12 -165947.20
V 4536 -745689.20 -165954.95
V 4544 -745689.20 -166025.95
V 4552 -745687.12 -166033.70
V 4560 -745681.45 -166039.37
V 4568 -745673.70 -166041.45
V 4576 -745574.20 -166041.45
V 4584 -745574.20 -166081.45
V 4592 -745673.70 -166081.45
V 4600 -745681.45 -166083.53
V 4608 -745687.12 -166089.20
V 4616 -745689.20 -166096.95
V 4624 -745689.20 -166167.95
V 4632 -745687.12 -166175.70
V 4640 -745681.45 -166181.37
V 4648 -745673.70 -166183.45
V 4656 -745574.20 -166183.45
V 4664 -745574.20 -166223.45
V 4672 -745673.70 -166223.45
V 4680 -745681.45 -166225.53
V 4688 -745687.12 -166231.20
V 4696 -745689.20 -166238.95
V 4704 -745689.20 -166309.95
V 4712 -745687.12 -166317.70
V 4720 -745681.45 -166323.37
V 4728 -745673.70 -166325.45
V 4736 -745574.20 -166325.45
V 4744 -745574.20 -166365.45
V 4752 -745673.70 -166365.45
V 4760 -745681.45 -166367.53
V 4768 -745687.12 -166373.20
V 4776 -745689.20 -166380.95
V 4784 -745689.20 -166451.95
V 4792 -745687.12 -166459.70
V 4800 -745681.45 -166465.37
V 4808 -745673.70 -166467.45
V 4816 -745574.20 -166467.45
V 4824 -745574.20 -166507.45
V 4832 -745673.70 -166507.45
V 4840 -745681.45 -166509.53
V 4848 -745687.12 -166515.20
V 4856 -745689.20 -166522.95
V 4864 -745689.20 -166593.95
V 4872 -745687.12 -166601.70
V 4880 -745681.45 -166607.37
V 4888 -745673.70 -166609.45
V 4896 -745574.20 -166609.45
V 4904 -745574.20 -166649.45
V 4912 -745673.70 -166649.45
V 4920 -745681.45 -166651.53
V 4928 -745687.12 -166657.20
V 4936 -745689.20 -166664.95
V 4944 -745689.20 -166735.95
V 4952 -745687.12 -166743.70
V 4960 -745681.45 -166749.37
V 4968 -745673.70 -166751.45
V 4976 -745574.20 -166751.45
V 4984 -745574.20 -166791.45
V 4992 -745673.70 -166791.45
V 5000 -745681.45 -166793.53
V 5008 -745687.12 -166799.20
V 5016 -745689.20 -166806.95
V 5024 -745689.20 -166877.95
V 5032 -745687.12 -166885.70
V 5040 -745681.45 -166891.37
V 5048 -745673.70 -166893.45
V 5056 -745574.20 -166893.45
V 5064 -745574.20 -166933.45
V 5072 -745673.70 -166933.45
V 5080 -745681.45 -166935.53
V 5088 -745687.12 -166941.20
V 5096 -745689.20 -166948.95
V 5104 -745689.20 -167019.95
V 5112 -745687.12 -167027.70
V 5120 -745681.45 -167033.37
V 5128 -745673.70 -167035.45
V 5136 -745574.20 -167035.45
V 5144 -745574.20 -167075.45
V 5152 -745673.70 -167075.45
V 5160 -745681.45 -167077.53
V 5168 -745687.12 -167083.20
V 5176 -745689.20 -167090.95
V 5184 -745689.20 -167161.95
V 5192 -745687.12 -167169.70
V 5200 -745681.45 -167175.37
V 5208 -745673.70 -167177.45
V 5216 -745574.20 -167177.45
V 5224 -745574.20 -167217.45
V 5232 -745673.70 -167217.45
V 5240 -745681.45 -167219.53
V 5248 -745687.12 -167225.20
V 5256 -745689.20 -167232.95
V 5264 -745689.20 -167303.95
V 5272 -745687.12 -167311.70
V 5280 -745681.45 -167317.37
V 5288 -745673.70 -167319.45
V 5296 -745574.20 -167319.45
V 5304 -745574.20 -167359.45
V 5312 -745673.70 -167359.45
V 5320 -745681.45 -167361.53
V 5328 -745687.12 -167367.20
V 5336 -745689.20 -167374.95
V 5344 -745689.20 -167445.95
V 5352 -745687.12 -167453.70
V 5360 -745681.45 -167459.37
V 5368 -745673.70 -167461.45
V 5376 -745574.20 -167461.45
V 5384 -745574.20 -167501.45
V 5392 -745673.70 -167501.45
V 5400 -745681.45 -167503.53
V 5408 -745687.12 -167509.20
V 5416 -745689.20 -167516.95
V 5424 -745689.20 -167587.95
V 5432 -745687.12 -167595.70
V 5440 -745681.45 -167601.37
V 5448 -745673.70 -167603.45
V 5456 -745574.20 -167603.45
V 5464 -745574.20 -167643.45
V 5472 -745673.70 -167643.45
V 5480 -745681.45 -167645.53
V 5488 -745687.12 -167651.20
V 5496 -745689.20 -167658.95
V 5504 -745689.20 -167729.95
V 5512 -745687.12 -167737.70
V 5520 -745681.45 -167743.37
V 5528 -745673.70 -167745.45
V 5536 -745574.20 -167745.45
V 5544 -745574.20 -167785.45
V 5552 -745673.70 -167785.45
V 5560 -745681.45 -167787.53
V 5568 -745687.12 -167793.20
V 5576 -745689.20 -167800.95
V 5584 -745689.20 -167871.95
V 5592 -745687.12 -167879.70
V 5600 -745681.45 -167885.37
V 5608 -745673.70 -167887.45
V 5616 -745574.20 -167887.45
V 5624 -745574.20 -167927.45
V 5632 -745673.70 -167927.45
V 5640 -745681.45 -167929.53
V 5648 -745687.12 -167935.20
V 5656 -745689.20 -167942.95
V 5664 -745689.20 -168013.95
V 5672 -745687.12 -168021.70
V 5680 -745681.45 -168027.37
V 5688 -745673.70 -168029.45
V 5696 -745574.20 -168029.45
V 5704 -745574.20 -168069.45
V 5712 -745673.70 -168069.45
V 5720 -745681.45 -168071.53
V 5728 -745687.12 -168077.20
V 5736 -745689.20 -168084.95
V 5744 -745689.20 -168155.95
V 5752 -745687.12 -168163.70
V 5760 -745681.45 -168169.37
V 5768 -745673.70 -168171.45
V 5776 -745574.20 -168171.45
V 5784 -745574.20 -168211.45
V 5792 -745673.70 -168211.45
V 5800 -745681.45 -168213.53
V 5808 -745687.12 -168219.20
V 5816 -745689.20 -168226.95
V 5824 -745689.20 -168297.95
V 5832 -745687.12 -168305.70
V 5840 -745681.45 -168311.37
V 5848 -745673.70 -168313.45
V 5856 -745574.20 -168313.45
V 5864 -745574.20 -168353.45
V 5872 -745673.70 -168353.45
V 5880 -745681.45 -168355.53
V 5888 -745687.12 -168361.20
V 5896 -745689.20 -168368.95
V 5904 -745689.20 -168439.95
V 5912 -745687.12 -168447.70
V 5920 -745681.45 -168453.37
V 5928 -745673.70 -168455.45
V 5936 -745574.20 -168455.45
V 5944 -745574.20 -168495.45
V 5952 -745673.70 -168495.45
V 5960 -745681.45 -168497.53
V 5968 -745687.12 -168503.20
V 5976 -745689.20 -168510.95
V 5984 -745689.20 -168581.95
V 5992 -745687.12 -168589.70
V 6000 -745681.45 -168595.37
V 6008 -745673.70 -168597.45
V 6016 -745574.20 -168597.45
V 6024 -745574.20 -168637.45
V 6032 -745673.70 -168637.45
V 6040 -745681.45 -168639.53
V 6048 -745687.12 -168645.20
V 6056 -745689.20 -168652.95
V 6064 -745689.20 -168723.95
V 6072 -745687.12 -168731.70
V 6080 -745681.45 -168737.37
V 6088 -745673.70 -168739.45
V 6096 -745574.20 -168739.45
V 6104 -745574.20 -168779.45
V 6112 -745673.70 -168779.45
V 6120 -745681.45 -168781.53
V 6128 -745687.12 -168787.20
V 6136 -745689.20 -168794.95
V 6144 -745689.20 -168865.95
V 6152 -745687.12 -168873.70
V 6160 -745681.45 -168879.37
V 6168 -745673.70 -168881.45
V 6176 -745574.20 -168881.45
V 6184 -745574.20 -168921.45
V 6192 -745673.70 -168921.45
V 6200 -745681.45 -168923.53
V 6208 -745687.12 -168929.20
V 6216 -745689.20 -168936.95
V 6224 -745689.20 -169007.95
V 6232 -745687.12 -169015.70
V 6240 -745681.45 -169021.37
V 6248 -745673.70 -169023.45
V 6256 -745574.20 -169023.45
V 6264 -745574.20 -169063.45
V 6272 -745673.70 -169063.45
V 6280 -745681.45 -169065.53
V 6288 -745687.12 -169071.20
V 6296 -745689.20 -169078.95
V 6304 -745689.20 -169149.95
V 6312 -745687.12 -169157.70
V 6320 -745681.45 -169163.37
V 6328 -745673.70 -169165.45
V 6336 -745574.20 -169165.45
V 6344 -745574.20 -169205.45
V 6352 -745673.70 -169205.45
V 6360 -745681.45 -169207.53
V 6368 -745687.12 -169213.20
V 6376 -745689.20 -169220.95
V 6384 -745689.20 -169291.95
V 6392 -745687.12 -169299.70
V 6400 -745681.45 -169305.37
V 6408 -745673.70 -169307.45
V 6416 -745574.20 -169307.45
V 6424 -745574.20 -169347.45
V 6432 -745673.70 -169347.45
V 6440 -745681.45 -169349.53
V 6448 -745687.12 -169355.20
V 6456 -745689.20 -169362.95
V 6464 -745689.20 -169433.95
V 6472 -745687.12 -169441.70
V 6480 -745681.45 -169447.37
V 6488 -745673.70 -169449.45
V 6496 -745574.20 -169449.45
V 6504 -745574.20 -169489.45
V 6512 -745673.70 -169489.45
V 6520 -745681.45 -169491.53
V 6528 -745687.12 -169497.20
V 6536 -745689.20 -169504.95
V 6544 -745689.20 -169575.95
V 6552 -745687.12 -169583.70
V 6560 -745681.45 -169589.37
V 6568 -745673.70 -169591.45
V 6576 -745574.20 -169591.45
V 6584 -745574.20 -169631.45
V 6592 -745673.70 -169631.45
V 6600 -745681.45 -169633.53
V 6608 -745687.12 -169639.20
V 6616 -745689.20 -169646.95
V 6624 -745689.20 -169717.95
V 6632 -745687.12 -169725.70
V 6640 -745681.45 -169731.37
V 6648 -745673.70 -169733.45
V 6656 -745574.20 -169733.45
V 6664 -745574.20 -169773.45
V 6672 -745673.70 -169773.45
V 6680 -745681.45 -169775.53
V 6688 -745687.12 -169781.20
V 6696 -745689.20 -169788.95
V 6704 -745689.20 -169859.95
V 6712 -745687.12 -169867.70
V 6720 -745681.45 -169873.37
V 6728 -745673.70 -169875.45
V 6736 -745574.20 -169875.45
V 6744 -745574.20 -169915.45
V 6752 -745673.70 -169915.45
V 6760 -745681.45 -169917.53
V 6768 -745687.12 -169923.20
V 6776 -745689.20 -169930.95
V 6784 -745689.20 -170001.95
V 6792 -745687.12 -170009.70
V 6800 -745681.45 -170015.37
V 6808 -745673.70 -170017.45
V 6816 -745574.20 -170017.45
V 6824 -745574.20 -170057.45
V 6832 -745673.70 -170057.45
V 6840 -745681.45 -170059.53
V 6848 -745687.12 -170065.20
V 6856 -745689.20 -170072.95
V 6864 -745689.20 -170143.95
V 6872 -745687.12 -170151.70
V 6880 -745681.45 -170157.37
V 6888 -745673.70 -170159.45
V 6896 -745574.20 -170159.45
V 6904 -745574.20 -170199.45
V 6912 -745673.70 -170199.45
V 6920 -745681.45 -170201.53
V 6928 -745687.12 -170207.20
V 6936 -745689.20 -170214.95
V 6944 -745689.20 -170285.95
V 6952 -745687.12 -170293.70
V 6960 -745681.45 -170299.37
V 6968 -745673.70 -170301.45
V 6976 -745574.20 -170301.45
V 6984 -745574.20 -170341.45
V 6992 -745673.70 -170341.45
V 7000 -745681.45 -170343.53
V 7008 -745687.12 -170349.20
V 7016 -745689.20 -170356.95
V 7024 -745689.20 -170427.95
V 7032 -745687.12 -170435.70
V 7040 -745681.45 -170441.37
V 7048 -745673.70 -170443.45
V 7056 -745574.20 -170443.45
V 7064 -745574.20 -170483.45
V 7072 -745673.70 -170483.45
V 7080 -745681.45 -170485.53
V 7088 -745687.12 -170491.20
V 7096 -745689.20 -170498.95
V 7104 -745689.20 -170569.95
V 7112 -745687.12 -170577.70
V 7120 -745681.45 -170583.37
V 7128 -745673.70 -170585.45
V 7136 -745574.20 -170585.45
V 7144 -745574.20 -170625.45
V 7152 -745673.70 -170625.45
V 7160 -745681.45 -170627.53
V 7168 -745687.12 -170633.20
V 7176 -745689.20 -170640.95
V 7184 -745689.20 -170711.95
V 7192 -745687.12 -170719.70
V 7200 -745681.45 -170725.37
V 7208 -745673.70 -170727.45
V 7216 -745574.20 -170727.45
V 7224 -745574.20 -170767.45
V 7232 -745673.70 -170767.45
V 7240 -745681.45 -170769.53
V 7248 -745687.12 -170775.20
V 7256 -745689.20 -170782.95
V 7264 -745689.20 -170853.95
V 7272 -745687.12 -170861.70
V 7280 -745681.45 -170867.37
V 7288 -745673.70 -170869.45
V 7296 -745574.20 -170869.45
V 7304 -745574.20 -170909.45
V 7312 -745673.70 -170909.45
V 7320 -745681.45 -170911.53
V 7328 -745687.12 -170917.20
V 7336 -745689.20 -170924.95
V 7344 -745689.20 -170995.95
V 7352 -745687.12 -171003.70
V 7360 -745681.45 -171009.37
V 7368 -745673.70 -171011.45
V 7376 -745574.20 -171011.45
V 7384 -745574.20 -171051.45
V 7392 -745673.70 -171051.45
V 7400 -745681.45 -171053.53
V 7408 -745687.12 -171059.20
V 7416 -745689.20 -171066.95
V 7424 -745689.20 -171137.95
V 7432 -745687.12 -171145.70
V 7440 -745681.45 -171151.37
V 7448 -745673.70 -171153.45
V 7456 -745574.20 -171153.45
V 7464 -745574.20 -171193.45
V 7472 -745673.70 -171193.45
V 7480 -745681.45 -171195.53
V 7488 -745687.12 -171201.20
V 7496 -745689.20 -171208.95
V 7504 -745689.20 -171279.95
V 7512 -745687.12 -171287.70
V 7520 -745681.45 -171293.37
V 7528 -745673.70 -171295.45
V 7536 -745574.20 -171295.45
V 7544 -745574.20 -171335.45
V 7552 -745673.70 -171335.45
V 7560 -745681.45 -171337.53
V 7568 -745687.12 -171343.20
V 7576 -745689.20 -171350.95
V 7584 -745689.20 -171421.95
V 7592 -745687.12 -171429.70
V 7600 -745681.45 -171435.37
V 7608 -745673.70 -171437.45
V 7616 -745574.20 -171437.45
V 7624 -745574.20 -171477.45
V 7632 -745673.70 -171477.45
V 7640 -745681.45 -171479.53
V 7648 -745687.12 -171485.20
V 7656 -745689.20 -171492.95
V 7664 -745689.20 -171563.95
V 7672 -745687.12 -171571.70
V 7680 -745681.45 -171577.37
V 7688 -745673.70 -171579.45
V 7696 -745574.20 -171579.45
V 7704 -745574.20 -171619.45
V 7712 -745673.70 -171619.45
V 7720 -745681.45 -171621.53
V 7728 -745687.12 -171627.20
V 7736 -745689.20 -171634.95
V 7744 -745689.20 -171705.95
V 7752 -745687.12 -171713.70
V 7760 -745681.45 -171719.37
V 7768 -745673.70 -171721.45
V 7776 -745574.20 -171721.45
V 7784 -745574.20 -171761.45
V 7792 -745673.70 -171761.45
V 7800 -745681.45 -171763.53
V 7808 -745687.12 -171769.20
V 7816 -745689.20 -171776.95
V 7824 -745689.20 -171847.95
V 7832 -745687.12 -171855.70
V 7840 -745681.45 -171861.37
V 7848 -745673.70 -171863.45
V 7856 -745574.20 -171863.45
V 7864 -745574.20 -171903.45
V 7872 -745673.70 -171903.45
V 7880 -745681.45 -171905.53
V 7888 -745687.12 -171911.20
V 7896 -745689.20 -171918.95
V 7904 -745689.20 -171989.95
V 7912 -745687.12 -171997.70
V 7920 -745681.45 -172003.37
V 7928 -745673.70 -172005.45
V 7936 -745574.20 -172005.45
V 7944 -745574.20 -172045.45
V 7952 -745673.70 -172045.45
V 7960 -745681.45 -172047.53
V 7968 -745687.12 -172053.20
V 7976 -745689.20 -172060.95
V 7984 -745689.20 -172131.95
V 7992 -745687.12 -172139.70
V 8000 -745681.45 -172145.37
V 8008 -745673.70 -172147.45
V 8016 -745574.20 -172147.45
V 8024 -745574.20 -172187.45
V 8032 -745673.70 -172187.45
V 8040 -745681.45 -172189.53
V 8048 -745687.12 -172195.20
V 8056 -745689.20 -172202.95
V 8064 -745689.20 -172273.95
V 8072 -745687.12 -172281.70
V 8080 -745681.45 -172287.37
V 8088 -745673.70 -172289.45
V 8096 -745574.20 -172289.45
V 8104 -745574.20 -172329.45
V 8112 -745673.70 -172329.45
V 8120 -745681.45 -172331.53
V 8128 -745687.12 -172337.20
V 8136 -745689.20 -172344.95
V 8144 -745689.20 -172415.95
V 8152 -745687.12 -172423.70
V 8160 -745681.45 -172429.37
V 8168 -745673.70 -172431.45
V 8176 -745574.20 -172431.45
V 8184 -745574.20 -172471.45
V 8192 -745673.70 -172471.45
V 8200 -745681.45 -172473.53
V 8208 -745687.12 -172479.20
V 8216 -745689.20 -172486.95
V 8224 -745689.20 -172557.95
V 8232 -745687.12 -172565.70
V 8240 -745681.45 -172571.37
V 8248 -745673.70 -172573.45
V 8256 -745574.20 -172573.45
V 8264 -745574.20 -172613.45
V 8272 -745673.70 -172613.45
V 8280 -745681.45 -172615.53
V 8288 -745687.12 -172621.20
V 8296 -745689.20 -172628.95
V 8304 -745689.20 -172699.95
V 8312 -745687.12 -172707.70
V 8320 -745681.45 -172713.37
V 8328 -745673.70 -172715.45
V 8336 -745574.20 -172715.45
V 8344 -745574.20 -172755.45
V 8352 -745673.70 -172755.45
V 8360 -745681.45 -172757.53
V 8368 -745687.12 -172763.20
V 8376 -745689.20 -172770.95
V 8384 -745689.20 -172841.95
V 8392 -745687.12 -172849.70
V 8400 -745681.45 -172855.37
V 8408 -745673.70 -172857.45
V 8416 -745574.20 -172857.45
V 8424 -745574.20 -172897.45
V 8432 -745673.70 -172897.45
V 8440 -745681.45 -172899.53
V 8448 -745687.12 -172905.20
V 8456 -745689.20 -172912.95
V 8464 -745689.20 -172983.95
V 8472 -745687.12 -172991.70
V 8480 -745681.45 -172997.37
V 8488 -745673.70 -172999.45
V 8496 -745574.20 -172999.45
V 8504 -745574.20 -173039.45
V 8512 -745673.70 -173039.45
V 8520 -745681.45 -173041.53
V 8528 -745687.12 -173047.20
V 8536 -745689.20 -173054.95
V 8544 -745689.20 -173125.95
V 8552 -745687.12 -173133.70
V 8560 -745681.45 -173139.37
V 8568 -745673.70 -173141.45
V 8576 -745574.20 -173141.45
V 8584 -745574.20 -173181.45
V 8592 -745673.70 -173181.45
V 8600 -745681.45 -173183.53
V 8608 -745687.12 -173189.20
V 8616 -745689.20 -173196.95
V 8624 -745689.20 -173267.95
V 8632 -745687.12 -173275.70
V 8640 -745681.45 -173281.37
V 8648 -745673.70 -173283.45
V 8656 -745574.20 -173283.45
V 8664 -745574.20 -173323.45
V 8672 -745673.70 -173323.45
V 8680 -745681.45 -173325.53
V 8688 -745687.12 -173331.20
V 8696 -745689.20 -173338.95
V 8704 -745689.20 -173409.95
V 8712 -745687.12 -173417.70
V 8720 -745681.45 -173423.37
V 8728 -745673.70 -173425.45
V 8736 -745574.20 -173425.45
V 8744 -745574.20 -173465.45
V 8752 -745673.70 -173465.45
V 8760 -745681.45 -173467.53
V 8768 -745687.12 -173473.20
V 8776 -745689.20 -173480.95
V 8784 -745689.20 -173551.95
V 8792 -745687.12 -173559.70
V 8800 -745681.45 -173565.37
V 8808 -745673.70 -173567.45
V 8816 -745574.20 -173567.45
V 8824 -745574.20 -173607.45
V 8832 -745673.70 -173607.45
V 8840 -745681.45 -173609.53
V 8848 -745687.12 -173615.20
V 8856 -745689.20 -173622.95
V 8864 -745689.20 -173693.95
V 8872 -745687.12 -173701.70
V 8880 -745681.45 -173707.37
V 8888 -745673.70 -173709.45
V 8896 -745574.20 -173709.45
V 8904 -745574.20 -173749.45
V 8912 -745673.70 -173749.45
V 8920 -745681.45 -173751.53
V 8928 -745687.12 -173757.20
V 8936 -745689.20 -173764.95
V 8944 -745689.20 -173835.95
V 8952 -745687.12 -173843.70
V 8960 -745681.45 -173849.37
V 8968 -745673.70 -173851.45
V 8976 -745574.20 -173851.45
V 8984 -745574.20 -173891.45
V 8992 -745673.70 -173891.45
V 9000 -745681.45 -173893.53
V 9008 -745687.12 -173899.20
V 9016 -745689.20 -173906.95
V 9024 -745689.20 -173977.95
V 9032 -745687.12 -173985.70
V 9040 -745681.45 -173991.37
V 9048 -745673.70 -173993.45
V 9056 -745574.20 -173993.45
V 9064 -745574.20 -174033.45
V 9072 -745673.70 -174033.45
V 9080 -745681.45 -174035.53
V 9088 -745687.12 -174041.20
V 9096 -745689.20 -174048.95
V 9104 -745689.20 -174119.95
V 9112 -745687.12 -174127.70
V 9120 -745681.45 -174133.37
V 9128 -745673.70 -174135.45
V 9136 -745574.20 -174135.45
V 9144 -745574.20 -174175.45
V 9152 -745673.70 -174175.45
V 9160 -745681.45 -174177.53
V 9168 -745687.12 -174183.20
V 9176 -745689.20 -174190.95
V 9184 -745689.20 -174261.95
V 9192 -745687.12 -174269.70
V 9200 -745681.45 -174275.37
V 9208 -745673.70 -174277.45
V 9216 -745574.20 -174277.45
V 9224 -745574.20 -174317.45
V 9232 -745673.70 -174317.45
V 9240 -745681.45 -174319.53
V 9248 -745687.12 -174325.20
V 9256 -745689.20 -174332.95
V 9264 -745689.20 -174403.95
V 9272 -745687.12 -174411.70
V 9280 -745681.45 -174417.37
V 9288 -745673.70 -174419.45
V 9296 -745574.20 -174419.45
V 9304 -745574.20 -174459.45
V 9312 -745673.70 -174459.45
V 9320 -745681.45 -174461.53
V 9328 -745687.12 -174467.20
V 9336 -745689.20 -174474.95
V 9344 -745689.20 -174545.95
V 9352 -745687.12 -174553.70
V 9360 -745681.45 -174559.37
V 9368 -745673.70 -174561.45
V 9376 -745574.20 -174561.45
V 9384 -745574.20 -174601.45
V 9392 -745673.70 -174601.45
V 9400 -745681.45 -174603.53
V 9408 -745687.12 -174609.20
V 9416 -745689.20 -174616.95
V 9424 -745689.20 -174687.95
V 9432 -745687.12 -174695.70
V 9440 -745681.45 -174701.37
V 9448 -745673.70 -174703.45
V 9456 -745574.20 -174703.45
V 9464 -745574.20 -174743.45
V 9472 -745673.70 -174743.45
V 9480 -745681.45 -174745.53
V 9488 -745687.12 -174751.20
V 9496 -745689.20 -174758.95
V 9504 -745689.20 -174829.95
V 9512 -745687.12 -174837.70
V 9520 -745681.45 -174843.37
V 9528 -745673.70 -174845.45
V 9536 -745574.20 -174845.45
V 9544 -745574.20 -174885.45
V 9552 -745673.70 -174885.45
V 9560 -745681.45 -174887.53
V 9568 -745687.12 -174893.20
V 9576 -745689.20 -174900.95
V 9584 -745689.20 -174971.95
V 9592 -745687.12 -174979.70
V 9600 -745681.45 -174985.37
V 9608 -745673.70 -174987.45
V 9616 -745574.20 -174987.45
V 9624 -745574.20 -175027.45
V 9632 -745673.70 -175027.45
V 9640 -745681.45 -175029.53
V 9648 -745687.12 -175035.20
V 9656 -745689.20 -175042.95
V 9664 -745689.20 -175113.95
V 9672 -745687.12 -175121.70
V 9680 -745681.45 -175127.37
V 9688 -745673.70 -175129.45
V 9696 -745574.20 -175129.45
V 9704 -745574.20 -175169.45
V 9712 -745673.70 -175169.45
V 9720 -745681.45 -175171.53
V 9728 -745687.12 -175177.20
V 9736 -745689.20 -175184.95
V 9744 -745689.20 -175255.95
V 9752 -745687.12 -175263.70
V 9760 -745681.45 -175269.37
V 9768 -745673.70 -175271.45
V 9776 -745574.20 -175271.45
V 9784 -745574.20 -175311.45
V 9792 -745673.70 -175311.45
V 9800 -745681.45 -175313.53
V 9808 -745687.12 -175319.20
V 9816 -745689.20 -175326.95
V 9824 -745689.20 -175397.95
V 9832 -745687.12 -175405.70
V 9840 -745681.45 -175411.37
V 9848 -745673.70 -175413.45
V 9856 -745574.20 -175413.45
V 9864 -745574.20 -175453.45
V 9872 -745673.70 -175453.45
V 9880 -745681.45 -175455.53
V 9888 -745687.12 -175461.20
V 9896 -745689.20 -175468.95
V 9904 -745689.20 -175539.95
V 9912 -745687.12 -175547.70
V 9920 -745681.45 -175553.37
V 9928 -745673.70 -175555.45
V 9936 -745574.20 -175555.45
V 9944 -745574.20 -175595.45
V 9952 -745673.70 -175595.45
V 9960 -745681.45 -175597.53
V 9968 -745687.12 -175603.20
V 9976 -745689.20 -175610.95
V 9984 -745689.20 -175681.95
V 9992 -745687.12 -175689.70
V 10000 -745681.45 -175695.37
V 10008 -745673.70 -175697.45
V 10016 -745574.20 -175697.45
V 10024 -745574.20 -175737.45
V 10032 -745673.70 -175737.45
V 10040 -745681.45 -175739.53
V 10048 -745687.12 -175745.20
V 10056 -745689.20 -175752.95
V 10064 -745689.20 -175823.95
V 10072 -745687.12 -175831.70
V 10080 -745681.45 -175837.37
V 10088 -745673.70 -175839.45
V 10096 -745574.20 -175839.45
V 10104 -745574.20 -175879.45
V 10112 -745673.70 -175879.45
V 10120 -745681.45 -175881.53
V 10128 -745687.12 -175887.20
V 10136 -745689.20 -175894.95
V 10144 -745689.20 -175965.95
V 10152 -745687.12 -175973.70
V 10160 -745681.45 -175979.37
V 10168 -745673.70 -175981.45
V 10176 -745574.20 -175981.45
V 10184 -745574.20 -176021.45
V 10192 -745673.70 -176021.45
V 10200 -745681.45 -176023.53
V 10208 -745687.12 -176029.20
V 10216 -745689.20 -176036.95
V 10224 -745689.20 -176107.95
V 10232 -745687.12 -176115.70
V 10240 -745681.45 -176121.37
V 10248 -745673.70 -176123.45
V 10256 -745574.20 -176123.45
V 10264 -745574.20 -176163.45
V 10272 -745673.70 -176163.45
V 10280 -745681.45 -176165.53
V 10288 -745687.12 -176171.20
V 10296 -745689.20 -176178.95
V 10304 -745689.20 -176249.95
V 10312 -745687.12 -176257.70
V 10320 -745681.45 -176263.37
V 10328 -745673.70 -176265.45
V 10336 -745574.20 -176265.45
V 10344 -745574.20 -176305.45
V 10352 -745673.70 -176305.45
V 10360 -745681.45 -176307.53
V 10368 -745687.12 -176313.20
V 10376 -745689.20 -176320.95
V 10384 -745689.20 -176391.95
V 10392 -745687.12 -176399.70
V 10400 -745681.45 -176405.37
V 10408 -745673.70 -176407.45
V 10416 -745574.20 -176407.45
V 10424 -745574.20 -176447.45
V 10432 -745673.70 -176447.45
V 10440 -745681.45 -176449.53
V 10448 -745687.12 -176455.20
V 10456 -745689.20 -176462.95
V 10464 -745689.20 -176533.95
V 10472 -745687.12 -176541.70
V 10480 -745681.45 -176547.37
V 10488 -745673.70 -176549.45
V 10496 -745574.20 -176549.45
V 10504 -745574.20 -176589.45
V 10512 -745673.70 -176589.45
V 10520 -745681.45 -176591.53
V 10528 -745687.12 -176597.20
V 10536 -745689.20 -176604.95
V 10544 -745689.20 -176675.95
V 10552 -745687.12 -176683.70
V 10560 -745681.45 -176689.37
V 10568 -745673.70 -176691.45
V 10576 -745574.20 -176691.45
V 10584 -745574.20 -176731.45
V 10592 -745673.70 -176731.45
V 10600 -745681.45 -176733.53
V 10608 -745687.12 -176739.20
V 10616 -745689.20 -176746.95
V 10624 -745689.20 -176817.95
V 10632 -745687.12 -176825.70
V 10640 -745681.45 -176831.37
V 10648 -745673.70 -176833.45
V 10656 -745574.20 -176833.45
V 10664 -745574.20 -176873.45
V 10672 -745673.70 -176873.45
V 10680 -745681.45 -176875.53
V 10688 -745687.12 -176881.20
V 10696 -745689.20 -176888.95
V 10704 -745689.20 -176959.95
V 10712 -745687.12 -176967.70
V 10720 -745681.45 -176973.37
V 10728 -745673.70 -176975.45
V 10736 -745574.20 -176975.45
V 10744 -745574.20 -177015.45
V 10752 -745673.70 -177015.45
V 10760 -745681.45 -177017.53
V 10768 -745687.12 -177023.20
V 10776 -745689.20 -177030.95
V 10784 -745689.20 -177101.95
V 10792 -745687.12 -177109.70
V 10800 -745681.45 -177115.37
V 10808 -745673.70 -177117.45
V 10816 -745574.20 -177117.45
V 10824 -745574.20 -177157.45
V 10832 -745673.70 -177157.45
V 10840 -745681.45 -177159.53
V 10848 -745687.12 -177165.20
V 10856 -745689.20 -177172.95
V 10864 -745689.20 -177243.95
V 10872 -745687.12 -177251.70
V 10880 -745681.45 -177257.37
V 10888 -745673.70 -177259.45
V 10896 -745574.20 -177259.45
V 10904 -745574.20 -177299.45
V 10912 -745673.70 -177299.45
V 10920 -745681.45 -177301.53
V 10928 -745687.12 -177307.20
V 10936 -745689.20 -177314.95
V 10944 -745689.20 -177385.95
V 10952 -745687.12 -177393.70
V 10960 -745681.45 -177399.37
V 10968 -745673.70 -177401.45
V 10976 -745574.20 -177401.45
V 10984 -745574.20 -177441.45
V 10992 -745673.70 -177441.45
V 11000 -745681.45 -177443.53
V 11008 -745687.12 -177449.20
V 11016 -745689.20 -177456.95
V 11024 -745689.20 -177527.95
V 11032 -745687.12 -177535.70
V 11040 -745681.45 -177541.37
V 11048 -745673.70 -177543.45
V 11056 -745574.20 -177543.45
V 11064 -745574.20 -177583.45
V 11072 -745673.70 -177583.45
V 11080 -745681.45 -177585.53
V 11088 -745687.12 -177591.20
V 11096 -745689.20 -177598.95
V 11104 -745689.20 -177669.95
V 11112 -745687.12 -177677.70
V 11120 -745681.45 -177683.37
V 11128 -745673.70 -177685.45
V 11136 -745574.20 -177685.45
V 11144 -745574.20 -177725.45
V 11152 -745673.70 -177725.45
V 11160 -745681.45 -177727.53
V 11168 -745687.12 -177733.20
V 11176 -745689.20 -177740.95
V 11184 -745689.20 -177811.95
V 11192 -745687.12 -177819.70
V 11200 -745681.45 -177825.37
V 11208 -745673.70 -177827.45
V 11216 -745574.20 -177827.45
V 11224 -745574.20 -177867.45
V 11232 -745673.70 -177867.45
V 11240 -745681.45 -177869.53
V 11248 -745687.12 -177875.20
V 11256 -745689.20 -177882.95
V 11264 -745689.20 -177953.95
V 11272 -745687.12 -177961.70
V 11280 -745681.45 -177967.37
V 11288 -745673.70 -177969.45
V 11296 -745574.20 -177969.45
V 11304 -745574.20 -178009.45
V 11312 -745673.70 -178009.45
V 11320 -745681.45 -178011.53
V 11328 -745687.12 -178017.20
V 11336 -745689.20 -178024.95
V 11344 -745689.20 -178095.95
V 11352 -745687.12 -178103.70
V 11360 -745681.45 -178109.37
V 11368 -745673.70 -178111.45
V 11376 -745574.20 -178111.45
V 11384 -745574.20 -178151.45
V 11392 -745673.70 -178151.45
V 11400 -745681.45 -178153.53
V 11408 -745687.12 -178159.20
V 11416 -745689.20 -178166.95
V 11424 -745689.20 -178237.95
V 11432 -745687.12 -178245.70
V 11440 -745681.45 -178251.37
V 11448 -745673.70 -178253.45
V 11456 -745574.20 -178253.45
V 11464 -745574.20 -178293.45
V 11472 -745673.70 -178293.45
V 11480 -745681.45 -178295.53
V 11488 -745687.12 -178301.20
V 11496 -745689.20 -178308.95
V 11504 -745689.20 -178379.95
V 11512 -745687.12 -178387.70
V 11520 -745681.45 -178393.37
V 11528 -745673.70 -178395.45
V 11536 -745631.70 -178395.45
V 11544 -745631.70 -178404.45
V 11552 -745600.70 -178404.45
V 11560 -745600.70 -178379.95
V 11568 -745600.74 -178378.84
V 11576 -745600.86 -178377.74
V 11584 -745601.05 -178376.66
V 11592 -745601.33 -178375.58
V 11600 -745601.68 -178374.53
V 11608 -745602.10 -178373.51
V 11616 -745602.60 -178372.52
V 11624 -745603.16 -178371.57
V 11632 -745603.79 -178370.66
V 11640 -745604.49 -178369.80
V 11648 -745605.24 -178368.99
V 11656 -745606.05 -178368.24
V 11664 -745606.91 -178367.54
V 11672 -745607.82 -178366.91
V 11680 -745608.77 -178366.35
V 11688 -745609.76 -178365.85
V 11696 -745610.78 -178365.43
V 11704 -745611.83 -178365.08
V 11712 -745612.91 -178364.80
V 11720 -745613.99 -178364.61
V 11728 -745615.09 -178364.49
V 11736 -745616.20 -178364.45
V 11744 -745658.20 -178364.45
V 11752 -745658.20 -178324.45
V 11760 -745558.70 -178324.45
V 11768 -745550.95 -178322.37
V 11776 -745545.28 -178316.70
V 11784 -745543.20 -178308.95
V 11792 -745543.20 -178237.95
V 11800 -745545.28 -178230.20
V 11808 -745550.95 -178224.53
V 11816 -745558.70 -178222.45
V 11824 -745658.20 -178222.45
V 11832 -745658.20 -178182.45
V 11840 -745558.70 -178182.45
V 11848 -745550.95 -178180.37
V 11856 -745545.28 -178174.70
V 11864 -745543.20 -178166.95
V 11872 -745543.20 -178095.95
V 11880 -745545.28 -178088.20
V 11888 -745550.95 -178082.53
V 11896 -745558.70 -178080.45
V 11904 -745658.20 -178080.45
V 11912 -745658.20 -178040.45
V 11920 -745558.70 -178040.45
V 11928 -745550.95 -178038.37
V 11936 -745545.28 -178032.70
V 11944 -745543.20 -178024.95
V 11952 -745543.20 -177953.95
V 11960 -745545.28 -177946.20
V 11968 -745550.95 -177940.53
V 11976 -745558.70 -177938.45
V 11984 -745658.20 -177938.45
V 11992 -745658.20 -177898.45
V 12000 -745558.70 -177898.45
V 12008 -745550.95 -177896.37
V 12016 -745545.28 -177890.70
V 12024 -745543.20 -177882.95
V 12032 -745543.20 -177811.95
V 12040 -745545.28 -177804.20
V 12048 -745550.95 -177798.53
V 12056 -745558.70 -177796.45
V 12064 -745658.20 -177796.45
V 12072 -745658.20 -177756.45
V 12080 -745558.70 -177756.45
V 12088 -745550.95 -177754.37
V 12096 -745545.28 -177748.70
V 12104 -745543.20 -177740.95
V 12112 -745543.20 -177669.95
V 12120 -745545.28 -177662.20
V 12128 -745550.95 -177656.53
V 12136 -745558.70 -177654.45
V 12144 -745658.20 -177654.45
V 12152 -745658.20 -177614.45
V 12160 -745558.70 -177614.45
V 12168 -745550.95 -177612.37
V 12176 -745545.28 -177606.70
V 12184 -745543.20 -177598.95
V 12192 -745543.20 -177527.95
V 12200 -745545.28 -177520.20
V 12208 -745550.95 -177514.53
V 12216 -745558.70 -177512.45
V 12224 -745658.20 -177512.45
V 12232 -745658.20 -177472.45
V 12240 -745558.70 -177472.45
V 12248 -745550.95 -177470.37
V 12256 -745545.28 -177464.70
V 12264 -745543.20 -177456.95
V 12272 -745543.20 -177385.95
V 12280 -745545.28 -177378.20
V 12288 -745550.95 -177372.53
V 12296 -745558.70 -177370.45
V 12304 -745658.20 -177370.45
V 12312 -745658.20 -177330.45
V 12320 -745558.70 -177330.45
V 12328 -745550.95 -177328.37
V 12336 -745545.28 -177322.70
V 12344 -745543.20 -177314.95
V 12352 -745543.20 -177243.95
V 12360 -745545.28 -177236.20
V 12368 -745550.95 -177230.53
V 12376 -745558.70 -177228.45
V 12384 -745658.20 -177228.45
V 12392 -745658.20 -177188.45
V 12400 -745558.70 -177188.45
V 12408 -745550.95 -177186.37
V 12416 -745545.28 -177180.70
V 12424 -745543.20 -177172.95
V 12432 -745543.20 -177101.95
V 12440 -745545.28 -177094.20
V 12448 -745550.95 -177088.53
V 12456 -745558.70 -177086.45
V 12464 -745658.20 -177086.45
V 12472 -745658.20 -177046.45
V 12480 -745558.70 -177046.45
V 12488 -745550.95 -177044.37
V 12496 -745545.28 -177038.70
V 12504 -745543.20 -177030.95
V 12512 -745543.20 -176959.95
V 12520 -745545.28 -176952.20
V 12528 -745550.95 -176946.53
V 12536 -745558.70 -176944.45
V 12544 -745658.20 -176944.45
V 12552 -745658.20 -176904.45
V 12560 -745558.70 -176904.45
V 12568 -745550.95 -176902.37
V 12576 -745545.28 -176896.70
V 12584 -745543.20 -176888.95
V 12592 -745543.20 -176817.95
V 12600 -745545.28 -176810.20
V 12608 -745550.95 -176804.53
V 12616 -745558.70 -176802.45
V 12624 -745658.20 -176802.45
V 12632 -745658.20 -176762.45
V 12640 -745558.70 -176762.45
V 12648 -745550.95 -176760.37
V 12656 -745545.28 -176754.70
V 12664 -745543.20 -176746.95
V 12672 -745543.20 -176675.95
V 12680 -745545.28 -176668.20
V 12688 -745550.95 -176662.53
V 12696 -745558.70 -176660.45
V 12704 -745658.20 -176660.45
V 12712 -745658.20 -176620.45
V 12720 -745558.70 -176620.45
V 12728 -745550.95 -176618.37
V 12736 -745545.28 -176612.70
V 12744 -745543.20 -176604.95
V 12752 -745543.20 -176533.95
V 12760 -745545.28 -176526.20
V 12768 -745550.95 -176520.53
V 12776 -745558.70 -176518.45
V 12784 -745658.20 -176518.45
V 12792 -745658.20 -176478.45
V 12800 -745558.70 -176478.45
V 12808 -745550.95 -176476.37
V 12816 -745545.28 -176470.70
V 12824 -745543.20 -176462.95
V 12832 -745543.20 -176391.95
V 12840 -745545.28 -176384.20
V 12848 -745550.95 -176378.53
V 12856 -745558.70 -176376.45
V 12864 -745658.20 -176376.45
V 12872 -745658.20 -176336.45
V 12880 -745558.70 -176336.45
V 12888 -745550.95 -176334.37
V 12896 -745545.28 -176328.70
V 12904 -745543.20 -176320.95
V 12912 -745543.20 -176249.95
V 12920 -745545.28 -176242.20
V 12928 -745550.95 -176236.53
V 12936 -745558.70 -176234.45
V 12944 -745658.20 -176234.45
V 12952 -745658.20 -176194.45
V 12960 -745558.70 -176194.45
V 12968 -745550.95 -176192.37
V 12976 -745545.28 -176186.70
V 12984 -745543.20 -176178.95
V 12992 -745543.20 -176107.95
V 13000 -745545.28 -176100.20
V 13008 -745550.95 -176094.53
V 13016 -745558.70 -176092.45
V 13024 -745658.20 -176092.45
V 13032 -745658.20 -176052.45
V 13040 -745558.70 -176052.45
V 13048 -745550.95 -176050.37
V 13056 -745545.28 -176044.70
V 13064 -745543.20 -176036.95
V 13072 -745543.20 -175965.95
V 13080 -745545.28 -175958.20
V 13088 -745550.95 -175952.53
V 13096 -745558.70 -175950.45
V 13104 -745658.20 -175950.45
V 13112 -745658.20 -175910.45
V 13120 -745558.70 -175910.45
V 13128 -745550.95 -175908.37
V 13136 -745545.28 -175902.70
V 13144 -745543.20 -175894.95
V 13152 -745543.20 -175823.95
V 13160 -745545.28 -175816.20
V 13168 -745550.95 -175810.53
V 13176 -745558.70 -175808.45
V 13184 -745658.20 -175808.45
V 13192 -745658.20 -175768.45
V 13200 -745558.70 -175768.45
V 13208 -745550.95 -175766.37
V 13216 -745545.28 -175760.70
V 13224 -745543.20 -175752.95
V 13232 -745543.20 -175681.95
V 13240 -745545.28 -175674.20
V 13248 -745550.95 -175668.53
V 13256 -745558.70 -175666.45
V 13264 -745658.20 -175666.45
V 13272 -745658.20 -175626.45
V 13280 -745558.70 -175626.45
V 13288 -745550.95 -175624.37
V 13296 -745545.28 -175618.70
V 13304 -745543.20 -175610.95
V 13312 -745543.20 -175539.95
V 13320 -745545.28 -175532.20
V 13328 -745550.95 -175526.53
V 13336 -745558.70 -175524.45
V 13344 -745658.20 -175524.45
V 13352 -745658.20 -175484.45
V 13360 -745558.70 -175484.45
V 13368 -745550.95 -175482.37
V 13376 -745545.28 -175476.70
V 13384 -745543.20 -175468.95
V 13392 -745543.20 -175397.95
V 13400 -745545.28 -175390.20
V 13408 -745550.95 -175384.53
V 13416 -745558.70 -175382.45
V 13424 -745658.20 -175382.45
V 13432 -745658.20 -175342.45
V 13440 -745558.70 -175342.45
V 13448 -745550.95 -175340.37
V 13456 -745545.28 -175334.70
V 13464 -745543.20 -175326.95
V 13472 -745543.20 -175255.95
V 13480 -745545.28 -175248.20
V 13488 -745550.95 -175242.53
V 13496 -745558.70 -175240.45
V 13504 -745658.20 -175240.45
V 13512 -745658.20 -175200.45
V 13520 -745558.70 -175200.45
V 13528 -745550.95 -175198.37
V 13536 -745545.28 -175192.70
V 13544 -745543.20 -175184.95
V 13552 -745543.20 -175113.95
V 13560 -745545.28 -175106.20
V 13568 -745550.95 -175100.53
V 13576 -745558.70 -175098.45
V 13584 -745658.20 -175098.45
V 13592 -745658.20 -175058.45
V 13600 -745558.70 -175058.45
V 13608 -745550.95 -175056.37
V 13616 -745545.28 -175050.70
V 13624 -745543.20 -175042.95
V 13632 -745543.20 -174971.95
V 13640 -745545.28 -174964.20
V 13648 -745550.95 -174958.53
V 13656 -745558.70 -174956.45
V 13664 -745658.20 -174956.45
V 13672 -745658.20 -174916.45
V 13680 -745558.70 -174916.45
V 13688 -745550.95 -174914.37
V 13696 -745545.28 -174908.70
V 13704 -745543.20 -174900.95
V 13712 -745543.20 -174829.95
V 13720 -745545.28 -174822.20
V 13728 -745550.95 -174816.53
V 13736 -745558.70 -174814.45
V 13744 -745658.20 -174814.45
V 13752 -745658.20 -174774.45
V 13760 -745558.70 -174774.45
V 13768 -745550.95 -174772.37
V 13776 -745545.28 -174766.70
V 13784 -745543.20 -174758.95
V 13792 -745543.20 -174687.95
V 13800 -745545.28 -174680.20
V 13808 -745550.95 -174674.53
V 13816 -745558.70 -174672.45
V 13824 -745658.20 -174672.45
V 13832 -745658.20 -174632.45
V 13840 -745558.70 -174632.45
V 13848 -745550.95 -174630.37
V 13856 -745545.28 -174624.70
V 13864 -745543.20 -174616.95
V 13872 -745543.20 -174545.95
V 13880 -745545.28 -174538.20
V 13888 -745550.95 -174532.53
V 13896 -745558.70 -174530.45
V 13904 -745658.20 -174530.45
V 13912 -745658.20 -174490.45
V 13920 -745558.70 -174490.45
V 13928 -745550.95 -174488.37
V 13936 -745545.28 -174482.70
V 13944 -745543.20 -174474.95
V 13952 -745543.20 -174403.95
V 13960 -745545.28 -174396.20
V 13968 -745550.95 -174390.53
V 13976 -745558.70 -174388.45
V 13984 -745658.20 -174388.45
V 13992 -745658.20 -174348.45
V 14000 -745558.70 -174348.45
V 14008 -745550.95 -174346.37
V 14016 -745545.28 -174340.70
V 14024 -745543.20 -174332.95
V 14032 -745543.20 -174261.95
V 14040 -745545.28 -174254.20
V 14048 -745550.95 -174248.53
V 14056 -745558.70 -174246.45
V 14064 -745658.20 -174246.45
V 14072 -745658.20 -174206.45
V 14080 -745558.70 -174206.45
V 14088 -745550.95 -174204.37
V 14096 -745545.28 -174198.70
V 14104 -745543.20 -174190.95
V 14112 -745543.20 -174119.95
V 14120 -745545.28 -174112.20
V 14128 -745550.95 -174106.53
V 14136 -745558.70 -174104.45
V 14144 -745658.20 -174104.45
V 14152 -745658.20 -174064.45
V 14160 -745558.70 -174064.45
V 14168 -745550.95 -174062.37
V 14176 -745545.28 -174056.70
V 14184 -745543.20 -174048.95
V 14192 -745543.20 -173977.95
V 14200 -745545.28 -173970.20
V 14208 -745550.95 -173964.53
V 14216 -745558.70 -173962.45
V 14224 -745658.20 -173962.45
V 14232 -745658.20 -173922.45
V 14240 -745558.70 -173922.45
V 14248 -745550.95 -173920.37
V 14256 -745545.28 -173914.70
V 14264 -745543.20 -173906.95
V 14272 -745543.20 -173835.95
V 14280 -745545.28 -173828.20
V 14288 -745550.95 -173822.53
V 14296 -745558.70 -173820.45
V 14304 -745658.20 -173820.45
V 14312 -745658.20 -173780.45
V 14320 -745558.70 -173780.45
V 14328 -745550.95 -173778.37
V 14336 -745545.28 -173772.70
V 14344 -745543.20 -173764.95
V 14352 -745543.20 -173693.95
V 14360 -745545.28 -173686.20
V 14368 -745550.95 -173680.53
V 14376 -745558.70 -173678.45
V 14384 -745658.20 -173678.45
V 14392 -745658.20 -173638.45
V 14400 -745558.70 -173638.45
V 14408 -745550.95 -173636.37
V 14416 -745545.28 -173630.70
V 14424 -745543.20 -173622.95
V 14432 -745543.20 -173551.95
V 14440 -745545.28 -173544.20
V 14448 -745550.95 -173538.53
V 14456 -745558.70 -173536.45
V 14464 -745658.20 -173536.45
V 14472 -745658.20 -173496.45
V 14480 -745558.70 -173496.45
V 14488 -745550.95 -173494.37
V 14496 -745545.28 -173488.70
V 14504 -745543.20 -173480.95
V 14512 -745543.20 -173409.95
V 14520 -745545.28 -173402.20
V 14528 -745550.95 -173396.53
V 14536 -745558.70 -173394.45
V 14544 -745658.20 -173394.45
V 14552 -745658.20 -173354.45
V 14560 -745558.70 -173354.45
V 14568 -745550.95 -173352.37
V 14576 -745545.28 -173346.70
V 14584 -745543.20 -173338.95
V 14592 -745543.20 -173267.95
V 14600 -745545.28 -173260.20
V 14608 -745550.95 -173254.53
V 14616 -745558.70 -173252.45
V 14624 -745658.20 -173252.45
V 14632 -745658.20 -173212.45
V 14640 -745558.70 -173212.45
V 14648 -745550.95 -173210.37
V 14656 -745545.28 -173204.70
V 14664 -745543.20 -173196.95
V 14672 -745543.20 -173125.95
V 14680 -745545.28 -173118.20
V 14688 -745550.95 -173112.53
V 14696 -745558.70 -173110.45
V 14704 -745658.20 -173110.45
V 14712 -745658.20 -173070.45
V 14720 -745558.70 -173070.45
V 14728 -745550.95 -173068.37
V 14736 -745545.28 -173062.70
V 14744 -745543.20 -173054.95
V 14752 -745543.20 -172983.95
V 14760 -745545.28 -172976.20
V 14768 -745550.95 -172970.53
V 14776 -745558.70 -172968.45
V 14784 -745658.20 -172968.45
V 14792 -745658.20 -172928.45
V 14800 -745558.70 -172928.45
V 14808 -745550.95 -172926.37
V 14816 -745545.28 -172920.70
V 14824 -745543.20 -172912.95
V 14832 -745543.20 -172841.95
V 14840 -745545.28 -172834.20
V 14848 -745550.95 -172828.53
V 14856 -745558.70 -172826.45
V 14864 -745658.20 -172826.45
V 14872 -745658.20 -172786.45
V 14880 -745558.70 -172786.45
V 14888 -745550.95 -172784.37
V 14896 -745545.28 -172778.70
V 14904 -745543.20 -172770.95
V 14912 -745543.20 -172699.95
V 14920 -745545.28 -172692.20
V 14928 -745550.95 -172686.53
V 14936 -745558.70 -172684.45
V 14944 -745658.20 -172684.45
V 14952 -745658.20 -172644.45
V 14960 -745558.70 -172644.45
V 14968 -745550.95 -172642.37
V 14976 -745545.28 -172636.70
V 14984 -745543.20 -172628.95
V 14992 -745543.20 -172557.95
V 15000 -745545.28 -172550.20
V 15008 -745550.95 -172544.53
V 15016 -745558.70 -172542.45
V 15024 -745658.20 -172542.45
V 15032 -745658.20 -172502.45
V 15040 -745558.70 -172502.45
V 15048 -745550.95 -172500.37
V 15056 -745545.28 -172494.70
V 15064 -745543.20 -172486.95
V 15072 -745543.20 -172415.95
V 15080 -745545.28 -172408.20
V 15088 -745550.95 -172402.53
V 15096 -745558.70 -172400.45
V 15104 -745658.20 -172400.45
V 15112 -745658.20 -172360.45
V 15120 -745558.70 -172360.45
V 15128 -745550.95 -172358.37
V 15136 -745545.28 -172352.70
V 15144 -745543.20 -172344.95
V 15152 -745543.20 -172273.95
V 15160 -745545.28 -172266.20
V 15168 -745550.95 -172260.53
V 15176 -745558.70 -172258.45
V 15184 -745658.20 -172258.45
V 15192 -745658.20 -172218.45
V 15200 -745558.70 -172218.45
V 15208 -745550.95 -172216.37
V 15216 -745545.28 -172210.70
V 15224 -745543.20 -172202.95
V 15232 -745543.20 -172131.95
V 15240 -745545.28 -172124.20
V 15248 -745550.95 -172118.53
V 15256 -745558.70 -172116.45
V 15264 -745658.20 -172116.45
V 15272 -745658.20 -172076.45
V 15280 -745558.70 -172076.45
V 15288 -745550.95 -172074.37
V 15296 -745545.28 -172068.70
V 15304 -745543.20 -172060.95
V 15312 -745543.20 -171989.95
V 15320 -745545.28 -171982.20
V 15328 -745550.95 -171976.53
V 15336 -745558.70 -171974.45
V 15344 -745658.20 -171974.45
V 15352 -745658.20 -171934.45
V 15360 -745558.70 -171934.45
V 15368 -745550.95 -171932.37
V 15376 -745545.28 -171926.70
V 15384 -745543.20 -171918.95
V 15392 -745543.20 -171847.95
V 15400 -745545.28 -171840.20
V 15408 -745550.95 -171834.53
V 15416 -745558.70 -171832.45
V 15424 -745658.20 -171832.45
V 15432 -745658.20 -171792.45
V 15440 -745558.70 -171792.45
V 15448 -745550.95 -171790.37
V 15456 -745545.28 -171784.70
V 15464 -745543.20 -171776.95
V 15472 -745543.20 -171705.95
V 15480 -745545.28 -171698.20
V 15488 -745550.95 -171692.53
V 15496 -745558.70 -171690.45
V 15504 -745658.20 -171690.45
V 15512 -745658.20 -171650.45
V 15520 -745558.70 -171650.45
V 15528 -745550.95 -171648.37
V 15536 -745545.28 -171642.70
V 15544 -745543.20 -171634.95
V 15552 -745543.20 -171563.95
V 15560 -745545.28 -171556.20
V 15568 -745550.95 -171550.53
V 15576 -745558.70 -171548.45
V 15584 -745658.20 -171548.45
V 15592 -745658.20 -171508.45
V 15600 -745558.70 -171508.45
V 15608 -745550.95 -171506.37
V 15616 -745545.28 -171500.70
V 15624 -745543.20 -171492.95
V 15632 -745543.20 -171421.95
V 15640 -745545.28 -171414.20
V 15648 -745550.95 -171408.53
V 15656 -745558.70 -171406.45
V 15664 -745658.20 -171406.45
V 15672 -745658.20 -171366.45
V 15680 -745558.70 -171366.45
V 15688 -745550.95 -171364.37
V 15696 -745545.28 -171358.70
V 15704 -745543.20 -171350.95
V 15712 -745543.20 -171279.95
V 15720 -745545.28 -171272.20
V 15728 -745550.95 -171266.53
V 15736 -745558.70 -171264.45
V 15744 -745658.20 -171264.45
V 15752 -745658.20 -171224.45
V 15760 -745558.70 -171224.45
V 15768 -745550.95 -171222.37
V 15776 -745545.28 -171216.70
V 15784 -745543.20 -171208.95
V 15792 -745543.20 -171137.95
V 15800 -745545.28 -171130.20
V 15808 -745550.95 -171124.53
V 15816 -745558.70 -171122.45
V 15824 -745658.20 -171122.45
V 15832 -745658.20 -171082.45
V 15840 -745558.70 -171082.45
V 15848 -745550.95 -171080.37
V 15856 -745545.28 -171074.70
V 15864 -745543.20 -171066.95
V 15872 -745543.20 -170995.95
V 15880 -745545.28 -170988.20
V 15888 -745550.95 -170982.53
V 15896 -745558.70 -170980.45
V 15904 -745658.20 -170980.45
V 15912 -745658.20 -170940.45
V 15920 -745558.70 -170940.45
V 15928 -745550.95 -170938.37
V 15936 -745545.28 -170932.70
V 15944 -745543.20 -170924.95
V 15952 -745543.20 -170853.95
V 15960 -745545.28 -170846.20
V 15968 -745550.95 -170840.53
V 15976 -745558.70 -170838.45
V 15984 -745658.20 -170838.45
V 15992 -745658.20 -170798.45
V 16000 -745558.70 -170798.45
V 16008 -745550.95 -170796.37
V 16016 -745545.28 -170790.70
V 16024 -745543.20 -170782.95
V 16032 -745543.20 -170711.95
V 16040 -745545.28 -170704.20
V 16048 -745550.95 -170698.53
V 16056 -745558.70 -170696.45
V 16064 -745658.20 -170696.45
V 16072 -745658.20 -170656.45
V 16080 -745558.70 -170656.45
V 16088 -745550.95 -170654.37
V 16096 -745545.28 -170648.70
V 16104 -745543.20 -170640.95
V 16112 -745543.20 -170569.95
V 16120 -745545.28 -170562.20
V 16128 -745550.95 -170556.53
V 16136 -745558.70 -170554.45
V 16144 -745658.20 -170554.45
V 16152 -745658.20 -170514.45
V 16160 -745558.70 -170514.45
V 16168 -745550.95 -170512.37
V 16176 -745545.28 -170506.70
V 16184 -745543.20 -170498.95
V 16192 -745543.20 -170427.95
V 16200 -745545.28 -170420.20
V 16208 -745550.95 -170414.53
V 16216 -745558.70 -170412.45
V 16224 -745658.20 -170412.45
V 16232 -745658.20 -170372.45
V 16240 -745558.70 -170372.45
V 16248 -745550.95 -170370.37
V 16256 -745545.28 -170364.70
V 16264 -745543.20 -170356.95
V 16272 -745543.20 -170285.95
V 16280 -745545.28 -170278.20
V 16288 -745550.95 -170272.53
V 16296 -745558.70 -170270.45
V 16304 -745658.20 -170270.45
V 16312 -745658.20 -170230.45
V 16320 -745558.70 -170230.45
V 16328 -745550.95 -170228.37
V 16336 -745545.28 -170222.70
V 16344 -745543.20 -170214.95
V 16352 -745543.20 -170143.95
V 16360 -745545.28 -170136.20
V 16368 -745550.95 -170130.53
V 16376 -745558.70 -170128.45
V 16384 -745658.20 -170128.45
V 16392 -745658.20 -170088.45
V 16400 -745558.70 -170088.45
V 16408 -745550.95 -170086.37
V 16416 -745545.28 -170080.70
V 16424 -745543.20 -170072.95
V 16432 -745543.20 -170001.95
V 16440 -745545.28 -169994.20
V 16448 -745550.95 -169988.53
V 16456 -745558.70 -169986.45
V 16464 -745658.20 -169986.45
V 16472 -745658.20 -169946.45
V 16480 -745558.70 -169946.45
V 16488 -745550.95 -169944.37
V 16496 -745545.28 -169938.70
V 16504 -745543.20 -169930.95
V 16512 -745543.20 -169859.95
V 16520 -745545.28 -169852.20
V 16528 -745550.95 -169846.53
V 16536 -745558.70 -169844.45
V 16544 -745658.20 -169844.45
V 16552 -745658.20 -169804.45
V 16560 -745558.70 -169804.45
V 16568 -745550.95 -169802.37
V 16576 -745545.28 -169796.70
V 16584 -745543.20 -169788.95
V 16592 -745543.20 -169717.95
V 16600 -745545.28 -169710.20
V 16608 -745550.95 -169704.53
V 16616 -745558.70 -169702.45
V 16624 -745658.20 -169702.45
V 16632 -745658.20 -169662.45
V 16640 -745558.70 -169662.45
V 16648 -745550.95 -169660.37
V 16656 -745545.28 -169654.70
V 16664 -745543.20 -169646.95
V 16672 -745543.20 -169575.95
V 16680 -745545.28 -169568.20
V 16688 -745550.95 -169562.53
V 16696 -745558.70 -169560.45
V 16704 -745658.20 -169560.45
V 16712 -745658.20 -169520.45
V 16720 -745558.70 -169520.45
V 16728 -745550.95 -169518.37
V 16736 -745545.28 -169512.70
V 16744 -745543.20 -169504.95
V 16752 -745543.20 -169433.95
V 16760 -745545.28 -169426.20
V 16768 -745550.95 -169420.53
V 16776 -745558.70 -169418.45
V 16784 -745658.20 -169418.45
V 16792 -745658.20 -169378.45
V 16800 -745558.70 -169378.45
V 16808 -745550.95 -169376.37
V 16816 -745545.28 -169370.70
V 16824 -745543.20 -169362.95
V 16832 -745543.20 -169291.95
V 16840 -745545.28 -169284.20
V 16848 -745550.95 -169278.53
V 16856 -745558.70 -169276.45
V 16864 -745658.20 -169276.45
V 16872 -745658.20 -169236.45
V 16880 -745558.70 -169236.45
V 16888 -745550.95 -169234.37
V 16896 -745545.28 -169228.70
V 16904 -745543.20 -169220.95
V 16912 -745543.20 -169149.95
V 16920 -745545.28 -169142.20
V 16928 -745550.95 -169136.53
V 16936 -745558.70 -169134.45
V 16944 -745658.20 -169134.45
V 16952 -745658.20 -169094.45
V 16960 -745558.70 -169094.45
V 16968 -745550.95 -169092.37
V 16976 -745545.28 -169086.70
V 16984 -745543.20 -169078.95
V 16992 -745543.20 -169007.95
V 17000 -745545.28 -169000.20
V 17008 -745550.95 -168994.53
V 17016 -745558.70 -168992.45
V 17024 -745658.20 -168992.45
V 17032 -745658.20 -168952.45
V 17040 -745558.70 -168952.45
V 17048 -745550.95 -168950.37
V 17056 -745545.28 -168944.70
V 17064 -745543.20 -168936.95
V 17072 -745543.20 -168865.95
V 17080 -745545.28 -168858.20
V 17088 -745550.95 -168852.53
V 17096 -745558.70 -168850.45
V 17104 -745658.20 -168850.45
V 17112 -745658.20 -168810.45
V 17120 -745558.70 -168810.45
V 17128 -745550.95 -168808.37
V 17136 -745545.28 -168802.70
V 17144 -745543.20 -168794.95
V 17152 -745543.20 -168723.95
V 17160 -745545.28 -168716.20
V 17168 -745550.95 -168710.53
V 17176 -745558.70 -168708.45
V 17184 -745658.20 -168708.45
V 17192 -745658.20 -168668.45
V 17200 -745558.70 -168668.45
V 17208 -745550.95 -168666.37
V 17216 -745545.28 -168660.70
V 17224 -745543.20 -168652.95
V 17232 -745543.20 -168581.95
V 17240 -745545.28 -168574.20
V 17248 -745550.95 -168568.53
V 17256 -745558.70 -168566.45
V 17264 -745658.20 -168566.45
V 17272 -745658.20 -168526.45
V 17280 -745558.70 -168526.45
V 17288 -745550.95 -168524.37
V 17296 -745545.28 -168518.70
V 17304 -745543.20 -168510.95
V 17312 -745543.20 -168439.95
V 17320 -745545.28 -168432.20
V 17328 -745550.95 -168426.53
V 17336 -745558.70 -168424.45
V 17344 -745658.20 -168424.45
V 17352 -745658.20 -168384.45
V 17360 -745558.70 -168384.45
V 17368 -745550.95 -168382.37
V 17376 -745545.28 -168376.70
V 17384 -745543.20 -168368.95
V 17392 -745543.20 -168297.95
V 17400 -745545.28 -168290.20
V 17408 -745550.95 -168284.53
V 17416 -745558.70 -168282.45
V 17424 -745658.20 -168282.45
V 17432 -745658.20 -168242.45
V 17440 -745558.70 -168242.45
V 17448 -745550.95 -168240.37
V 17456 -745545.28 -168234.70
V 17464 -745543.20 -168226.95
V 17472 -745543.20 -168155.95
V 17480 -745545.28 -168148.20
V 17488 -745550.95 -168142.53
V 17496 -745558.70 -168140.45
V 17504 -745658.20 -168140.45
V 17512 -745658.20 -168100.45
V 17520 -745558.70 -168100.45
V 17528 -745550.95 -168098.37
V 17536 -745545.28 -168092.70
V 17544 -745543.20 -168084.95
V 17552 -745543.20 -168013.95
V 17560 -745545.28 -168006.20
V 17568 -745550.95 -168000.53
V 17576 -745558.70 -167998.45
V 17584 -745658.20 -167998.45
V 17592 -745658.20 -167958.45
V 17600 -745558.70 -167958.45
V 17608 -745550.95 -167956.37
V 17616 -745545.28 -167950.70
V 17624 -745543.20 -167942.95
V 17632 -745543.20 -167871.95
V 17640 -745545.28 -167864.20
V 17648 -745550.95 -167858.53
V 17656 -745558.70 -167856.45
V 17664 -745658.20 -167856.45
V 17672 -745658.20 -167816.45
V 17680 -745558.70 -167816.45
V 17688 -745550.95 -167814.37
V 17696 -745545.28 -167808.70
V 17704 -745543.20 -167800.95
V 17712 -745543.20 -167729.95
V 17720 -745545.28 -167722.20
V 17728 -745550.95 -167716.53
V 17736 -745558.70 -167714.45
V 17744 -745658.20 -167714.45
V 17752 -745658.20 -167674.45
V 17760 -745558.70 -167674.45
V 17768 -745550.95 -167672.37
V 17776 -745545.28 -167666.70
V 17784 -745543.20 -167658.95
V 17792 -745543.20 -167587.95
V 17800 -745545.28 -167580.20
V 17808 -745550.95 -167574.53
V 17816 -745558.70 -167572.45
V 17824 -745658.20 -167572.45
V 17832 -745658.20 -167532.45
V 17840 -745558.70 -167532.45
V 17848 -745550.95 -167530.37
V 17856 -745545.28 -167524.70
V 17864 -745543.20 -167516.95
V 17872 -745543.20 -167445.95
V 17880 -745545.28 -167438.20
V 17888 -745550.95 -167432.53
V 17896 -745558.70 -167430.45
V 17904 -745658.20 -167430.45
V 17912 -745658.20 -167390.45
V 17920 -745558.70 -167390.45
V 17928 -745550.95 -167388.37
V 17936 -745545.28 -167382.70
V 17944 -745543.20 -167374.95
V 17952 -745543.20 -167303.95
V 17960 -745545.28 -167296.20
V 17968 -745550.95 -167290.53
V 17976 -745558.70 -167288.45
V 17984 -745658.20 -167288.45
V 17992 -745658.20 -167248.45
V 18000 -745558.70 -167248.45
V 18008 -745550.95 -167246.37
V 18016 -745545.28 -167240.70
V 18024 -745543.20 -167232.95
V 18032 -745543.20 -167161.95
V 18040 -745545.28 -167154.20
V 18048 -745550.95 -167148.53
V 18056 -745558.70 -167146.45
V 18064 -745658.20 -167146.45
V 18072 -745658.20 -167106.45
V 18080 -745558.70 -167106.45
V 18088 -745550.95 -167104.37
V 18096 -745545.28 -167098.70
V 18104 -745543.20 -167090.95
V 18112 -745543.20 -167019.95
V 18120 -745545.28 -167012.20
V 18128 -745550.95 -167006.53
V 18136 -745558.70 -167004.45
V 18144 -745658.20 -167004.45
V 18152 -745658.20 -166964.45
V 18160 -745558.70 -166964.45
V 18168 -745550.95 -166962.37
V 18176 -745545.28 -166956.70
V 18184 -745543.20 -166948.95
V 18192 -745543.20 -166877.95
V 18200 -745545.28 -166870.20
V 18208 -745550.95 -166864.53
V 18216 -745558.70 -166862.45
V 18224 -745658.20 -166862.45
V 18232 -745658.20 -166822.45
V 18240 -745558.70 -166822.45
V 18248 -745550.95 -166820.37
V 18256 -745545.28 -166814.70
V 18264 -745543.20 -166806.95
V 18272 -745543.20 -166735.95
V 18280 -745545.28 -166728.20
V 18288 -745550.95 -166722.53
V 18296 -745558.70 -166720.45
V 18304 -745658.20 -166720.45
V 18312 -745658.20 -166680.45
V 18320 -745558.70 -166680.45
V 18328 -745550.95 -166678.37
V 18336 -745545.28 -166672.70
V 18344 -745543.20 -166664.95
V 18352 -745543.20 -166593.95
V 18360 -745545.28 -166586.20
V 18368 -745550.95 -166580.53
V 18376 -745558.70 -166578.45
V 18384 -745658.20 -166578.45
V 18392 -745658.20 -166538.45
V 18400 -745558.70 -166538.45
V 18408 -745550.95 -166536.37
V 18416 -745545.28 -166530.70
V 18424 -745543.20 -166522.95
V 18432 -745543.20 -166451.95
V 18440 -745545.28 -166444.20
V 18448 -745550.95 -166438.53
V 18456 -745558.70 -166436.45
V 18464 -745658.20 -166436.45
V 18472 -745658.20 -166396.45
V 18480 -745558.70 -166396.45
V 18488 -745550.95 -166394.37
V 18496 -745545.28 -166388.70
V 18504 -745543.20 -166380.95
V 18512 -745543.20 -166309.95
V 18520 -745545.28 -166302.20
V 18528 -745550.95 -166296.53
V 18536 -745558.70 -166294.45
V 18544 -745658.20 -166294.45
V 18552 -745658.20 -166254.45
V 18560 -745558.70 -166254.45
V 18568 -745550.95 -166252.37
V 18576 -745545.28 -166246.70
V 18584 -745543.20 -166238.95
V 18592 -745543.20 -166167.95
V 18600 -745545.28 -166160.20
V 18608 -745550.95 -166154.53
V 18616 -745558.70 -166152.45
V 18624 -745658.20 -166152.45
V 18632 -745658.20 -166112.45
V 18640 -745558.70 -166112.45
V 18648 -745550.95 -166110.37
V 18656 -745545.28 -166104.70
V 18664 -745543.20 -166096.95
V 18672 -745543.20 -166025.95
V 18680 -745545.28 -166018.20
V 18688 -745550.95 -166012.53
V 18696 -745558.70 -166010.45
V 18704 -745658.20 -166010.45
V 18712 -745658.20 -165970.45
V 18720 -745558.70 -165970.45
V 18728 -745550.95 -165968.37
V 18736 -745545.28 -165962.70
V 18744 -745543.20 -165954.95
V 18752 -745543.20 -165883.95
V 18760 -745545.28 -165876.20
V 18768 -745550.95 -165870.53
V 18776 -745558.70 -165868.45
V 18784 -745658.20 -165868.45
V 18792 -745658.20 -165828.45
V 18800 -745558.70 -165828.45
V 18808 -745550.95 -165826.37
V 18816 -745545.28 -165820.70
V 18824 -745543.20 -165812.95
V 18832 -745543.20 -165741.95
V 18840 -745545.28 -165734.20
V 18848 -745550.95 -165728.53
V 18856 -745558.70 -165726.45
V 18864 -745658.20 -165726.45
V 18872 -745658.20 -165686.45
V 18880 -745558.70 -165686.45
V 18888 -745550.95 -165684.37
V 18896 -745545.28 -165678.70
V 18904 -745543.20 -165670.95
V 18912 -745543.20 -165599.95
V 18920 -745545.28 -165592.20
V 18928 -745550.95 -165586.53
V 18936 -745558.70 -165584.45
V 18944 -745658.20 -165584.45
V 18952 -745658.20 -165544.45
V 18960 -745558.70 -165544.45
V 18968 -745550.95 -165542.37
V 18976 -745545.28 -165536.70
V 18984 -745543.20 -165528.95
V 18992 -745543.20 -165457.95
V 19000 -745545.28 -165450.20
V 19008 -745550.95 -165444.53
V 19016 -745558.70 -165442.45
V 19024 -745658.20 -165442.45
V 19032 -745658.20 -165402.45
V 19040 -745558.70 -165402.45
V 19048 -745550.95 -165400.37
V 19056 -745545.28 -165394.70
V 19064 -745543.20 -165386.95
V 19072 -745543.20 -165315.95
V 19080 -745545.28 -165308.20
V 19088 -745550.95 -165302.53
V 19096 -745558.70 -165300.45
V 19104 -745658.20 -165300.45
V 19112 -745658.20 -165260.45
V 19120 -745558.70 -165260.45
V 19128 -745550.95 -165258.37
V 19136 -745545.28 -165252.70
V 19144 -745543.20 -165244.95
V 19152 -745543.20 -165173.95
V 19160 -745545.28 -165166.20
V 19168 -745550.95 -165160.53
V 19176 -745558.70 -165158.45
V 19184 -745658.20 -165158.45
V 19192 -745658.20 -165118.45
V 19200 -745558.70 -165118.45
V 19208 -745550.95 -165116.37
V 19216 -745545.28 -165110.70
V 19224 -745543.20 -165102.95
V 19232 -745543.20 -165031.95
V 19240 -745545.28 -165024.20
V 19248 -745550.95 -165018.53
V 19256 -745558.70 -165016.45
V 19264 -745658.20 -165016.45
V 19272 -745658.20 -164976.45
V 19280 -745558.70 -164976.45
V 19288 -745550.95 -164974.37
V 19296 -745545.28 -164968.70
V 19304 -745543.20 -164960.95
V 19312 -745543.20 -164889.95
V 19320 -745545.28 -164882.20
V 19328 -745550.95 -164876.53
V 19336 -745558.70 -164874.45
V 19344 -745658.20 -164874.45
V 19352 -745658.20 -164834.45
V 19360 -745558.70 -164834.45
V 19368 -745550.95 -164832.37
V 19376 -745545.28 -164826.70
V 19384 -745543.20 -164818.95
V 19392 -745543.20 -164747.95
V 19400 -745545.28 -164740.20
V 19408 -745550.95 -164734.53
V 19416 -745558.70 -164732.45
V 19424 -745658.20 -164732.45
V 19432 -745658.20 -164692.45
V 19440 -745558.70 -164692.45
V 19448 -745550.95 -164690.37
V 19456 -745545.28 -164684.70
V 19464 -745543.20 -164676.95
V 19472 -745543.20 -164605.95
V 19480 -745545.28 -164598.20
V 19488 -745550.95 -164592.53
V 19496 -745558.70 -164590.45
V 19504 -745658.20 -164590.45
V 19512 -745658.20 -164550.45
V 19520 -745558.70 -164550.45
V 19528 -745550.95 -164548.37
V 19536 -745545.28 -164542.70
V 19544 -745543.20 -164534.95
V 19552 -745543.20 -164463.95
V 19560 -745545.28 -164456.20
V 19568 -745550.95 -164450.53
V 19576 -745558.70 -164448.45
V 19584 -745658.20 -164448.45
V 19592 -745658.20 -164408.45
V 19600 -745558.70 -164408.45
V 19608 -745550.95 -164406.37
V 19616 -745545.28 -164400.70
V 19624 -745543.20 -164392.95
V 19632 -745543.20 -164321.95
V 19640 -745545.28 -164314.20
V 19648 -745550.95 -164308.53
V 19656 -745558.70 -164306.45
V 19664 -745658.20 -164306.45
V 19672 -745658.20 -164266.45
V 19680 -745558.70 -164266.45
V 19688 -745550.95 -164264.37
V 19696 -745545.28 -164258.70
V 19704 -745543.20 -164250.95
V 19712 -745543.20 -164179.95
V 19720 -745545.28 -164172.20
V 19728 -745550.95 -164166.53
V 19736 -745558.70 -164164.45
V 19744 -745658.20 -164164.45
V 19752 -745658.20 -164124.45
V 19760 -745558.70 -164124.45
V 19768 -745550.95 -164122.37
V 19776 -745545.28 -164116.70
V 19784 -745543.20 -164108.95
V 19792 -745543.20 -164037.95
V 19800 -745545.28 -164030.20
V 19808 -745550.95 -164024.53
V 19816 -745558.70 -164022.45
V 19824 -745658.20 -164022.45
V 19832 -745658.20 -163982.45
V 19840 -745558.70 -163982.45
V 19848 -745550.95 -163980.37
V 19856 -745545.28 -163974.70
V 19864 -745543.20 -163966.95
V 19872 -745543.20 -163895.95
V 19880 -745545.28 -163888.20
V 19888 -745550.95 -163882.53
V 19896 -745558.70 -163880.45
V 19904 -745658.20 -163880.45
V 19912 -745658.20 -163840.45
V 19920 -745558.70 -163840.45
V 19928 -745550.95 -163838.37
V 19936 -745545.28 -163832.70
V 19944 -745543.20 -163824.95
V 19952 -745543.20 -163753.95
V 19960 -745545.28 -163746.20
V 19968 -745550.95 -163740.53
V 19976 -745558.70 -163738.45
V 19984 -745658.20 -163738.45
V 19992 -745658.20 -163698.45
V 20000 -745558.70 -163698.45
V 20008 -745550.95 -163696.37
V 20016 -745545.28 -163690.70
V 20024 -745543.20 -163682.95
V 20032 -745543.20 -163611.95
V 20040 -745545.28 -163604.20
V 20048 -745550.95 -163598.53
V 20056 -745558.70 -163596.45
V 20064 -745658.20 -163596.45
V 20072 -745658.20 -163556.45
V 20080 -745558.70 -163556.45
V 20088 -745550.95 -163554.37
V 20096 -745545.28 -163548.70
V 20104 -745543.20 -163540.95
V 20112 -745543.20 -163469.95
V 20120 -745545.28 -163462.20
V 20128 -745550.95 -163456.53
V 20136 -745558.70 -163454.45
V 20144 -745658.20 -163454.45
V 20152 -745658.20 -163414.45
V 20160 -745558.70 -163414.45
V 20168 -745550.95 -163412.37
V 20176 -745545.28 -163406.70
V 20184 -745543.20 -163398.95
V 20192 -745543.20 -163327.95
V 20200 -745545.28 -163320.20
V 20208 -745550.95 -163314.53
V 20216 -745558.70 -163312.45
V 20224 -745658.20 -163312.45
V 20232 -745658.20 -163272.45
V 20240 -745558.70 -163272.45
V 20248 -745550.95 -163270.37
V 20256 -745545.28 -163264.70
V 20264 -745543.20 -163256.95
V 20272 -745543.20 -163185.95
V 20280 -745545.28 -163178.20
V 20288 -745550.95 -163172.53
V 20296 -745558.70 -163170.45
V 20304 -745658.20 -163170.45
V 20312 -745658.20 -163130.45
V 20320 -745558.70 -163130.45
V 20328 -745550.95 -163128.37
V 20336 -745545.28 -163122.70
V 20344 -745543.20 -163114.95
V 20352 -745543.20 -163043.95
V 20360 -745545.28 -163036.20
V 20368 -745550.95 -163030.53
V 20376 -745558.70 -163028.45
V 20384 -745658.20 -163028.45
V 20392 -745658.20 -162988.45
V 20400 -745558.70 -162988.45
V 20408 -745550.95 -162986.37
V 20416 -745545.28 -162980.70
V 20424 -745543.20 -162972.95
V 20432 -745543.20 -162901.95
V 20440 -745545.28 -162894.20
V 20448 -745550.95 -162888.53
V 20456 -745558.70 -162886.45
V 20464 -745658.20 -162886.45
V 20472 -745658.20 -162846.45
V 20480 -745558.70 -162846.45
V 20488 -745550.95 -162844.37
V 20496 -745545.28 -162838.70
V 20504 -745543.20 -162830.95
V 20512 -745543.20 -162759.95
V 20520 -745545.28 -162752.20
V 20528 -745550.95 -162746.53
V 20536 -745558.70 -162744.45
V 20544 -745658.20 -162744.45
V 20552 -745658.20 -162704.45
V 20560 -745558.70 -162704.45
V 20568 -745550.95 -162702.37
V 20576 -745545.28 -162696.70
V 20584 -745543.20 -162688.95
V 20592 -745543.20 -162617.95
V 20600 -745545.28 -162610.20
V 20608 -745550.95 -162604.53
V 20616 -745558.70 -162602.45
V 20624 -745658.20 -162602.45
V 20632 -745658.20 -162562.45
V 20640 -745558.70 -162562.45
V 20648 -745550.95 -162560.37
V 20656 -745545.28 -162554.70
V 20664 -745543.20 -162546.95
V 20672 -745543.20 -162475.95
V 20680 -745545.28 -162468.20
V 20688 -745550.95 -162462.53
V 20696 -745558.70 -162460.45
V 20704 -745658.20 -162460.45
V 20712 -745658.20 -162420.45
V 20720 -745558.70 -162420.45
V 20728 -745550.95 -162418.37
V 20736 -745545.28 -162412.70
V 20744 -745543.20 -162404.95
V 20752 -745543.20 -162333.95
V 20760 -745545.28 -162326.20
V 20768 -745550.95 -162320.53
V 20776 -745558.70 -162318.45
V 20784 -745658.20 -162318.45
V 20792 -745658.20 -162278.45
V 20800 -745558.70 -162278.45
V 20808 -745550.95 -162276.37
V 20816 -745545.28 -162270.70
V 20824 -745543.20 -162262.95
V 20832 -745543.20 -162191.95
V 20840 -745545.28 -162184.20
V 20848 -745550.95 -162178.53
V 20856 -745558.70 -162176.45
V 20864 -745658.20 -162176.45
V 20872 -745658.20 -162136.45
V 20880 -745558.70 -162136.45
V 20888 -745550.95 -162134.37
V 20896 -745545.28 -162128.70
V 20904 -745543.20 -162120.95
V 20912 -745543.20 -162049.95
V 20920 -745545.28 -162042.20
V 20928 -745550.95 -162036.53
V 20936 -745558.70 -162034.45
V 20944 -745658.20 -162034.45
V 20952 -745658.20 -161994.45
V 20960 -745558.70 -161994.45
V 20968 -745550.95 -161992.37
V 20976 -745545.28 -161986.70
V 20984 -745543.20 -161978.95
V 20992 -745543.20 -161907.95
V 21000 -745545.28 -161900.20
V 21008 -745550.95 -161894.53
V 21016 -745558.70 -161892.45
V 21024 -745658.20 -161892.45
V 21032 -745658.20 -161852.45
V 21040 -745558.70 -161852.45
V 21048 -745550.95 -161850.37
V 21056 -745545.28 -161844.70
V 21064 -745543.20 -161836.95
V 21072 -745543.20 -161765.95
V 21080 -745545.28 -161758.20
V 21088 -745550.95 -161752.53
V 21096 -745558.70 -161750.45
V 21104 -745658.20 -161750.45
V 21112 -745658.20 -161710.45
V 21120 -745558.70 -161710.45
V 21128 -745550.95 -161708.37
V 21136 -745545.28 -161702.70
V 21144 -745543.20 -161694.95
V 21152 -745543.20 -161623.95
V 21160 -745545.28 -161616.20
V 21168 -745550.95 -161610.53
V 21176 -745558.70 -161608.45
V 21184 -745658.20 -161608.45
V 21192 -745658.20 -161568.45
V 21200 -745558.70 -161568.45
V 21208 -745550.95 -161566.37
V 21216 -745545.28 -161560.70
V 21224 -745543.20 -161552.95
V 21232 -745543.20 -161481.95
V 21240 -745545.28 -161474.20
V 21248 -745550.95 -161468.53
V 21256 -745558.70 -161466.45
V 21264 -745658.20 -161466.45
V 21272 -745658.20 -161426.45
V 21280 -745558.70 -161426.45
V 21288 -745550.95 -161424.37
V 21296 -745545.28 -161418.70
V 21304 -745543.20 -161410.95
V 21312 -745543.20 -161339.95
V 21320 -745545.28 -161332.20
V 21328 -745550.95 -161326.53
V 21336 -745558.70 -161324.45
V 21344 -745658.20 -161324.45
V 21352 -745658.20 -161284.45
V 21360 -745558.70 -161284.45
V 21368 -745550.95 -161282.37
V 21376 -745545.28 -161276.70
V 21384 -745543.20 -161268.95
V 21392 -745543.20 -161197.95
V 21400 -745545.28 -161190.20
V 21408 -745550.95 -161184.53
V 21416 -745558.70 -161182.45
V 21424 -745658.20 -161182.45
V 21432 -745658.20 -161142.45
V 21440 -745558.70 -161142.45
V 21448 -745550.95 -161140.37
V 21456 -745545.28 -161134.70
V 21464 -745543.20 -161126.95
V 21472 -745543.20 -161055.95
V 21480 -745545.28 -161048.20
V 21488 -745550.95 -161042.53
V 21496 -745558.70 -161040.45
V 21504 -745658.20 -161040.45
V 21512 -745658.20 -161000.45
V 21520 -745558.70 -161000.45
V 21528 -745550.95 -160998.37
V 21536 -745545.28 -160992.70
V 21544 -745543.20 -160984.95
V 21552 -745543.20 -160913.95
V 21560 -745545.28 -160906.20
V 21568 -745550.95 -160900.53
V 21576 -745558.70 -160898.45
V 21584 -745658.20 -160898.45
V 21592 -745658.20 -160858.45
V 21600 -745558.70 -160858.45
V 21608 -745550.95 -160856.37
V 21616 -745545.28 -160850.70
V 21624 -745543.20 -160842.95
V 21632 -745543.20 -160771.95
V 21640 -745545.28 -160764.20
V 21648 -745550.95 -160758.53
V 21656 -745558.70 -160756.45
V 21664 -745658.20 -160756.45
V 21672 -745658.20 -160716.45
V 21680 -745558.70 -160716.45
V 21688 -745550.95 -160714.37
V 21696 -745545.28 -160708.70
V 21704 -745543.20 -160700.95
V 21712 -745543.20 -160629.95
V 21720 -745545.28 -160622.20
V 21728 -745550.95 -160616.53
V 21736 -745558.70 -160614.45
V 21744 -745658.20 -160614.45
V 21752 -745658.20 -160574.45
V 21760 -745558.70 -160574.45
V 21768 -745550.95 -160572.37
V 21776 -745545.28 -160566.70
V 21784 -745543.20 -160558.95
V 21792 -745543.20 -160487.95
V 21800 -745545.28 -160480.20
V 21808 -745550.95 -160474.53
V 21816 -745558.70 -160472.45
V 21824 -745658.20 -160472.45
V 21832 -745658.20 -160432.45
V 21840 -745558.70 -160432.45
V 21848 -745550.95 -160430.37
V 21856 -745545.28 -160424.70
V 21864 -745543.20 -160416.95
V 21872 -745543.20 -160345.95
V 21880 -745545.28 -160338.20
V 21888 -745550.95 -160332.53
V 21896 -745558.70 -160330.45
V 21904 -745658.20 -160330.45
V 21912 -745658.20 -160290.45
V 21920 -745558.70 -160290.45
V 21928 -745550.95 -160288.37
V 21936 -745545.28 -160282.70
V 21944 -745543.20 -160274.95
V 21952 -745543.20 -160203.95
V 21960 -745545.28 -160196.20
V 21968 -745550.95 -160190.53
V 21976 -745558.70 -160188.45
V 21984 -745658.20 -160188.45
V 21992 -745658.20 -160148.45
V 22000 -745558.70 -160148.45
V 22008 -745550.95 -160146.37
V 22016 -745545.28 -160140.70
V 22024 -745543.20 -160132.95
V 22032 -745543.20 -160061.95
V 22040 -745545.28 -160054.20
V 22048 -745550.95 -160048.53
V 22056 -745558.70 -160046.45
V 22064 -745658.20 -160046.45
V 22072 -745658.20 -160006.45
V 22080 -745558.70 -160006.45
V 22088 -745550.95 -160004.37
V 22096 -745545.28 -159998.70
V 22104 -745543.20 -159990.95
V 22112 -745543.20 -159919.95
V 22120 -745545.28 -159912.20
V 22128 -745550.95 -159906.53
V 22136 -745558.70 -159904.45
V 22144 -745658.20 -159904.45
V 22152 -745658.20 -159864.45
V 22160 -745558.70 -159864.45
V 22168 -745550.95 -159862.37
V 22176 -745545.28 -159856.70
V 22184 -745543.20 -159848.95
V 22192 -745543.20 -159777.95
V 22200 -745545.28 -159770.20
V 22208 -745550.95 -159764.53
V 22216 -745558.70 -159762.45
V 22224 -745658.20 -159762.45
V 22232 -745658.20 -159722.45
V 22240 -745558.70 -159722.45
V 22248 -745550.95 -159720.37
V 22256 -745545.28 -159714.70
V 22264 -745543.20 -159706.95
V 22272 -745543.20 -159635.95
V 22280 -745545.28 -159628.20
V 22288 -745550.95 -159622.53
V 22296 -745558.70 -159620.45
V 22304 -745658.20 -159620.45
V 22312 -745658.20 -159580.45
V 22320 -745558.70 -159580.45
V 22328 -745550.95 -159578.37
V 22336 -745545.28 -159572.70
V 22344 -745543.20 -159564.95
V 22352 -745543.20 -159493.95
V 22360 -745545.28 -159486.20
V 22368 -745550.95 -159480.53
V 22376 -745558.70 -159478.45
V 22384 -745658.20 -159478.45
V 22392 -745658.20 -159438.45
V 22400 -745558.70 -159438.45
V 22408 -745550.95 -159436.37
V 22416 -745545.28 -159430.70
V 22424 -745543.20 -159422.95
V 22432 -745543.20 -159351.95
V 22440 -745545.28 -159344.20
V 22448 -745550.95 -159338.53
V 22456 -745558.70 -159336.45
V 22464 -745658.20 -159336.45
V 22472 -745658.20 -159296.45
V 22480 -745558.70 -159296.45
V 22488 -745550.95 -159294.37
V 22496 -745545.28 -159288.70
V 22504 -745543.20 -159280.95
V 22512 -745543.20 -159209.95
V 22520 -745545.28 -159202.20
V 22528 -745550.95 -159196.53
V 22536 -745558.70 -159194.45
V 22544 -745658.20 -159194.45
V 22552 -745658.20 -159154.45
V 22560 -745558.70 -159154.45
V 22568 -745550.95 -159152.37
V 22576 -745545.28 -159146.70
V 22584 -745543.20 -159138.95
V 22592 -745543.20 -159067.95
V 22600 -745545.28 -159060.20
V 22608 -745550.95 -159054.53
V 22616 -745558.70 -159052.45
V 22624 -745658.20 -159052.45
V 22632 -745658.20 -159012.45
V 22640 -745558.70 -159012.45
V 22648 -745550.95 -159010.37
V 22656 -745545.28 -159004.70
V 22664 -745543.20 -158996.95
V 22672 -745543.20 -158925.95
V 22680 -745545.28 -158918.20
V 22688 -745550.95 -158912.53
V 22696 -745558.70 -158910.45
V 22704 -745658.20 -158910.45
V 22712 -745658.20 -158870.45
V 22720 -745558.70 -158870.45
V 22728 -745550.95 -158868.37
V 22736 -745545.28 -158862.70
V 22744 -745543.20 -158854.95
V 22752 -745543.20 -158783.95
V 22760 -745545.28 -158776.20
V 22768 -745550.95 -158770.53
V 22776 -745558.70 -158768.45
V 22784 -745658.20 -158768.45
V 22792 -745658.20 -158728.45
V 22800 -745558.70 -158728.45
V 22808 -745550.95 -158726.37
V 22816 -745545.28 -158720.70
V 22824 -745543.20 -158712.95
V 22832 -745543.20 -158641.95
V 22840 -745545.28 -158634.20
V 22848 -745550.95 -158628.53
V 22856 -745558.70 -158626.45
V 22864 -745658.20 -158626.45
V 22872 -745658.20 -158586.45
V 22880 -745558.70 -158586.45
V 22888 -745550.95 -158584.37
V 22896 -745545.28 -158578.70
V 22904 -745543.20 -158570.95
V 22912 -745543.20 -158499.95
V 22920 -745545.28 -158492.20
V 22928 -745550.95 -158486.53
V 22936 -745558.70 -158484.45
V 22944 -745658.20 -158484.45
V 22952 -745658.20 -158444.45
V 22960 -745558.70 -158444.45
V 22968 -745550.95 -158442.37
V 22976 -745545.28 -158436.70
V 22984 -745543.20 -158428.95
V 22992 -745543.20 -158357.95
V 23000 -745545.28 -158350.20
V 23008 -745550.95 -158344.53
V 23016 -745558.70 -158342.45
V 23024 -745658.20 -158342.45
V 23032 -745658.20 -158302.45
V 23040 -745558.70 -158302.45
V 23048 -745550.95 -158300.37
V 23056 -745545.28 -158294.70
V 23064 -745543.20 -158286.95
V 23072 -745543.20 -158215.95
V 23080 -745545.28 -158208.20
V 23088 -745550.95 -158202.53
V 23096 -745558.70 -158200.45
V 23104 -745658.20 -158200.45
V 23112 -745658.20 -158160.45
V 23120 -745616.20 -158160.45
V 23128 -745608.45 -158158.37
V 23136 -745602.78 -158152.70
V 23144 -745600.70 -158144.95
V 23152 -745600.70 -157997.52
V 23160 -745557.41 -157990.17
V 23168 -745557.26 -157990.14
V 23176 -745325.11 -157950.72
V 23184 -745324.96 -157950.69
V 23192 -745093.31 -157911.36
V 23200 -745093.23 -157911.35
V 23208 -745093.02 -157911.31
V 23216 -744861.86 -157872.06
V 23224 -744861.78 -157872.05
V 23232 -744861.72 -157872.04
V 23240 -744861.57 -157872.01
V 23248 -744625.94 -157832.00
V 23256 -744625.79 -157831.97
V 23264 -744396.04 -157792.96
V 23272 -744395.96 -157792.95
V 23280 -744395.75 -157792.91
V 23288 -744196.91 -157759.15
V 23296 -744195.84 -157758.93
V 23304 -744194.80 -157758.64
V 23312 -744193.77 -157758.27
V 23320 -744192.78 -157757.84
V 23328 -744191.82 -157757.33
V 23336 -744190.89 -157756.76
V 23344 -744190.01 -157756.13
V 23352 -744189.17 -157755.43
V 23360 -744188.39 -157754.68
V 23368 -744187.66 -157753.87
V 23376 -744186.99 -157753.02
V 23384 -744186.38 -157752.12
V 23392 -744185.83 -157751.18
V 23400 -744185.35 -157750.20
V 23408 -744184.94 -157749.20
V 23416 -744184.61 -157748.16
V 23424 -744184.34 -157747.11
V 23432 -744184.15 -157746.04
V 23440 -744184.04 -157744.96
V 23448 -744184.00 -157743.87
V 23456 -744184.00 -157719.35
