V 0 1085836.69 55910.14
V 8 1085832.26 55948.18
V 16 1085832.25 55948.28
V 24 1085832.21 55948.49
V 32 1085825.39 55973.36
V 40 1085824.77 55980.26
V 48 1085824.53 55980.95
V 56 1085823.99 55981.44
V 64 1085823.28 55981.62
V 72 1085735.66 55981.62
V 80 1085735.66 55978.62
V 88 1085821.91 55978.62
V 96 1085822.42 55973.02
V 104 1085822.42 55972.96
V 112 1085822.43 55972.86
V 120 1085822.46 55972.75
V 128 1085822.47 55972.65
V 136 1085829.28 55947.80
V 144 1085833.86 55908.47
V 152 1085834.11 55907.79
V 160 1085834.65 55907.31
V 168 1085835.35 55907.14
V 176 1085839.86 55907.14
V 184 1085839.86 55910.14
