V 0 -573569.00 -157719.35
V 8 -573569.00 -157730.78
V 16 -573755.10 -157762.38
V 24 -573987.40 -157801.83
V 32 -574451.99 -157880.72
V 40 -575581.34 -158072.48
V 48 -575934.02 -158132.37
V 56 -576591.64 -158244.03
V 64 -576836.44 -158285.60
V 72 -580828.82 -158963.52
V 80 -581769.74 -159123.28
V 88 -583889.27 -159483.19
V 96 -584209.15 -159537.50
V 104 -584209.27 -159537.52
V 112 -584673.29 -159616.31
V 120 -586532.14 -159931.95
V 128 -586532.18 -159931.96
V 136 -587460.90 -160089.66
V 144 -587693.22 -160129.10
V 152 -588620.70 -160286.59
V 160 -588620.92 -160286.63
V 168 -591777.91 -160822.69
V 176 -617477.73 -165186.58
V 184 -618358.04 -165336.05
V 192 -618358.35 -165336.10
V 200 -618358.56 -165336.14
V 208 -618358.59 -165336.15
V 216 -618821.70 -165414.78
V 224 -619909.06 -165599.42
V 232 -623467.73 -166203.69
V 240 -624597.08 -166395.46
V 248 -627058.83 -166813.47
V 256 -629972.56 -167308.22
V 264 -629972.60 -167308.23
V 272 -634948.79 -168153.20
V 280 -634955.40 -168156.01
V 288 -634960.04 -168161.49
V 296 -634961.70 -168168.48
V 304 -634961.70 -168297.95
V 312 -634959.62 -168305.70
V 320 -634953.95 -168311.37
V 328 -634946.20 -168313.45
V 336 -634915.42 -168313.45
V 344 -634915.42 -168353.45
V 352 -635003.70 -168353.45
V 360 -635011.45 -168355.53
V 368 -635017.12 -168361.20
V 376 -635019.20 -168368.95
V 384 -635019.20 -168439.95
V 392 -635017.12 -168447.70
V 400 -635011.45 -168453.37
V 408 -635003.70 -168455.45
V 416 -634904.20 -168455.45
V 424 -634904.20 -168495.45
V 432 -635003.70 -168495.45
V 440 -635011.45 -168497.53
V 448 -635017.12 -168503.20
V 456 -635019.20 -168510.95
V 464 -635019.20 -168581.95
V 472 -635017.12 -168589.70
V 480 -635011.45 -168595.37
V 488 -635003.70 -168597.45
V 496 -634904.20 -168597.45
V 504 -634904.20 -168637.45
V 512 -635003.70 -168637.45
V 520 -635011.45 -168639.53
V 528 -635017.12 -168645.20
V 536 -635019.20 -168652.95
V 544 -635019.20 -168723.95
V 552 -635017.12 -168731.70
V 560 -635011.45 -168737.37
V 568 -635003.70 -168739.45
V 576 -634904.20 -168739.45
V 584 -634904.20 -168779.45
V 592 -635003.70 -168779.45
V 600 -635011.45 -168781.53
V 608 -635017.12 -168787.20
V 616 -635019.20 -168794.95
V 624 -635019.20 -168865.95
V 632 -635017.12 -168873.70
V 640 -635011.45 -168879.37
V 648 -635003.70 -168881.45
V 656 -634904.20 -168881.45
V 664 -634904.20 -168921.45
V 672 -635003.70 -168921.45
V 680 -635011.45 -168923.53
V 688 -635017.12 -168929.20
V 696 -635019.20 -168936.95
V 704 -635019.20 -169007.95
V 712 -635017.12 -169015.70
V 720 -635011.45 -169021.37
V 728 -635003.70 -169023.45
V 736 -634904.20 -169023.45
V 744 -634904.20 -169063.45
V 752 -635003.70 -169063.45
V 760 -635011.45 -169065.53
V 768 -635017.12 -169071.20
V 776 -635019.20 -169078.95
V 784 -635019.20 -169149.95
V 792 -635017.12 -169157.70
V 800 -635011.45 -169163.37
V 808 -635003.70 -169165.45
V 816 -634904.20 -169165.45
V 824 -634904.20 -169205.45
V 832 -635003.70 -169205.45
V 840 -635011.45 -169207.53
V 848 -635017.12 -169213.20
V 856 -635019.20 -169220.95
V 864 -635019.20 -169291.95
V 872 -635017.12 -169299.70
V 880 -635011.45 -169305.37
V 888 -635003.70 -169307.45
V 896 -634904.20 -169307.45
V 904 -634904.20 -169347.45
V 912 -635003.70 -169347.45
V 920 -635011.45 -169349.53
V 928 -635017.12 -169355.20
V 936 -635019.20 -169362.95
V 944 -635019.20 -169433.95
V 952 -635017.12 -169441.70
V 960 -635011.45 -169447.37
V 968 -635003.70 -169449.45
V 976 -634904.20 -169449.45
V 984 -634904.20 -169489.45
V 992 -635003.70 -169489.45
V 1000 -635011.45 -169491.53
V 1008 -635017.12 -169497.20
V 1016 -635019.20 -169504.95
V 1024 -635019.20 -169575.95
V 1032 -635017.12 -169583.70
V 1040 -635011.45 -169589.37
V 1048 -635003.70 -169591.45
V 1056 -634904.20 -169591.45
V 1064 -634904.20 -169631.45
V 1072 -635003.70 -169631.45
V 1080 -635011.45 -169633.53
V 1088 -635017.12 -169639.20
V 1096 -635019.20 -169646.95
V 1104 -635019.20 -169717.95
V 1112 -635017.12 -169725.70
V 1120 -635011.45 -169731.37
V 1128 -635003.70 -169733.45
V 1136 -634904.20 -169733.45
V 1144 -634904.20 -169773.45
V 1152 -635003.70 -169773.45
V 1160 -635011.45 -169775.53
V 1168 -635017.12 -169781.20
V 1176 -635019.20 -169788.95
V 1184 -635019.20 -169859.95
V 1192 -635017.12 -169867.70
V 1200 -635011.45 -169873.37
V 1208 -635003.70 -169875.45
V 1216 -634904.20 -169875.45
V 1224 -634904.20 -169915.45
V 1232 -635003.70 -169915.45
V 1240 -635011.45 -169917.53
V 1248 -635017.12 -169923.20
V 1256 -635019.20 -169930.95
V 1264 -635019.20 -170001.95
V 1272 -635017.12 -170009.70
V 1280 -635011.45 -170015.37
V 1288 -635003.70 -170017.45
V 1296 -634904.20 -170017.45
V 1304 -634904.20 -170057.45
V 1312 -635003.70 -170057.45
V 1320 -635011.45 -170059.53
V 1328 -635017.12 -170065.20
V 1336 -635019.20 -170072.95
V 1344 -635019.20 -170143.95
V 1352 -635017.12 -170151.70
V 1360 -635011.45 -170157.37
V 1368 -635003.70 -170159.45
V 1376 -634904.20 -170159.45
V 1384 -634904.20 -170199.45
V 1392 -635003.70 -170199.45
V 1400 -635011.45 -170201.53
V 1408 -635017.12 -170207.20
V 1416 -635019.20 -170214.95
V 1424 -635019.20 -170285.95
V 1432 -635017.12 -170293.70
V 1440 -635011.45 -170299.37
V 1448 -635003.70 -170301.45
V 1456 -634904.20 -170301.45
V 1464 -634904.20 -170341.45
V 1472 -635003.70 -170341.45
V 1480 -635011.45 -170343.53
V 1488 -635017.12 -170349.20
V 1496 -635019.20 -170356.95
V 1504 -635019.20 -170427.95
V 1512 -635017.12 -170435.70
V 1520 -635011.45 -170441.37
V 1528 -635003.70 -170443.45
V 1536 -634904.20 -170443.45
V 1544 -634904.20 -170483.45
V 1552 -635003.70 -170483.45
V 1560 -635011.45 -170485.53
V 1568 -635017.12 -170491.20
V 1576 -635019.20 -170498.95
V 1584 -635019.20 -170569.95
V 1592 -635017.12 -170577.70
V 1600 -635011.45 -170583.37
V 1608 -635003.70 -170585.45
V 1616 -634904.20 -170585.45
V 1624 -634904.20 -170625.45
V 1632 -635003.70 -170625.45
V 1640 -635011.45 -170627.53
V 1648 -635017.12 -170633.20
V 1656 -635019.20 -170640.95
V 1664 -635019.20 -170711.95
V 1672 -635017.12 -170719.70
V 1680 -635011.45 -170725.37
V 1688 -635003.70 -170727.45
V 1696 -634904.20 -170727.45
V 1704 -634904.20 -170767.45
V 1712 -635003.70 -170767.45
V 1720 -635011.45 -170769.53
V 1728 -635017.12 -170775.20
V 1736 -635019.20 -170782.95
V 1744 -635019.20 -170853.95
V 1752 -635017.12 -170861.70
V 1760 -635011.45 -170867.37
V 1768 -635003.70 -170869.45
V 1776 -634904.20 -170869.45
V 1784 -634904.20 -170909.45
V 1792 -635003.70 -170909.45
V 1800 -635011.45 -170911.53
V 1808 -635017.12 -170917.20
V 1816 -635019.20 -170924.95
V 1824 -635019.20 -170995.95
V 1832 -635017.12 -171003.70
V 1840 -635011.45 -171009.37
V 1848 -635003.70 -171011.45
V 1856 -634904.20 -171011.45
V 1864 -634904.20 -171051.45
V 1872 -635003.70 -171051.45
V 1880 -635011.45 -171053.53
V 1888 -635017.12 -171059.20
V 1896 -635019.20 -171066.95
V 1904 -635019.20 -171137.95
V 1912 -635017.12 -171145.70
V 1920 -635011.45 -171151.37
V 1928 -635003.70 -171153.45
V 1936 -634904.20 -171153.45
V 1944 -634904.20 -171193.45
V 1952 -635003.70 -171193.45
V 1960 -635011.45 -171195.53
V 1968 -635017.12 -171201.20
V 1976 -635019.20 -171208.95
V 1984 -635019.20 -171279.95
V 1992 -635017.12 -171287.70
V 2000 -635011.45 -171293.37
V 2008 -635003.70 -171295.45
V 2016 -634904.20 -171295.45
V 2024 -634904.20 -171335.45
V 2032 -635003.70 -171335.45
V 2040 -635011.45 -171337.53
V 2048 -635017.12 -171343.20
V 2056 -635019.20 -171350.95
V 2064 -635019.20 -171421.95
V 2072 -635017.12 -171429.70
V 2080 -635011.45 -171435.37
V 2088 -635003.70 -171437.45
V 2096 -634904.20 -171437.45
V 2104 -634904.20 -171477.45
V 2112 -635003.70 -171477.45
V 2120 -635011.45 -171479.53
V 2128 -635017.12 -171485.20
V 2136 -635019.20 -171492.95
V 2144 -635019.20 -171563.95
V 2152 -635017.12 -171571.70
V 2160 -635011.45 -171577.37
V 2168 -635003.70 -171579.45
V 2176 -634904.20 -171579.45
V 2184 -634904.20 -171619.45
V 2192 -635003.70 -171619.45
V 2200 -635011.45 -171621.53
V 2208 -635017.12 -171627.20
V 2216 -635019.20 -171634.95
V 2224 -635019.20 -171705.95
V 2232 -635017.12 -171713.70
V 2240 -635011.45 -171719.37
V 2248 -635003.70 -171721.45
V 2256 -634904.20 -171721.45
V 2264 -634904.20 -171761.45
V 2272 -635003.70 -171761.45
V 2280 -635011.45 -171763.53
V 2288 -635017.12 -171769.20
V 2296 -635019.20 -171776.95
V 2304 -635019.20 -171847.95
V 2312 -635017.12 -171855.70
V 2320 -635011.45 -171861.37
V 2328 -635003.70 -171863.45
V 2336 -634904.20 -171863.45
V 2344 -634904.20 -171903.45
V 2352 -635003.70 -171903.45
V 2360 -635011.45 -171905.53
V 2368 -635017.12 -171911.20
V 2376 -635019.20 -171918.95
V 2384 -635019.20 -171989.95
V 2392 -635017.12 -171997.70
V 2400 -635011.45 -172003.37
V 2408 -635003.70 -172005.45
V 2416 -634904.20 -172005.45
V 2424 -634904.20 -172045.45
V 2432 -635003.70 -172045.45
V 2440 -635011.45 -172047.53
V 2448 -635017.12 -172053.20
V 2456 -635019.20 -172060.95
V 2464 -635019.20 -172131.95
V 2472 -635017.12 -172139.70
V 2480 -635011.45 -172145.37
V 2488 -635003.70 -172147.45
V 2496 -634904.20 -172147.45
V 2504 -634904.20 -172187.45
V 2512 -635003.70 -172187.45
V 2520 -635011.45 -172189.53
V 2528 -635017.12 -172195.20
V 2536 -635019.20 -172202.95
V 2544 -635019.20 -172273.95
V 2552 -635017.12 -172281.70
V 2560 -635011.45 -172287.37
V 2568 -635003.70 -172289.45
V 2576 -634904.20 -172289.45
V 2584 -634904.20 -172329.45
V 2592 -635003.70 -172329.45
V 2600 -635011.45 -172331.53
V 2608 -635017.12 -172337.20
V 2616 -635019.20 -172344.95
V 2624 -635019.20 -172415.95
V 2632 -635017.12 -172423.70
V 2640 -635011.45 -172429.37
V 2648 -635003.70 -172431.45
V 2656 -634904.20 -172431.45
V 2664 -634904.20 -172471.45
V 2672 -635003.70 -172471.45
V 2680 -635011.45 -172473.53
V 2688 -635017.12 -172479.20
V 2696 -635019.20 -172486.95
V 2704 -635019.20 -172557.95
V 2712 -635017.12 -172565.70
V 2720 -635011.45 -172571.37
V 2728 -635003.70 -172573.45
V 2736 -634904.20 -172573.45
V 2744 -634904.20 -172613.45
V 2752 -635003.70 -172613.45
V 2760 -635011.45 -172615.53
V 2768 -635017.12 -172621.20
V 2776 -635019.20 -172628.95
V 2784 -635019.20 -172699.95
V 2792 -635017.12 -172707.70
V 2800 -635011.45 -172713.37
V 2808 -635003.70 -172715.45
V 2816 -634904.20 -172715.45
V 2824 -634904.20 -172755.45
V 2832 -635003.70 -172755.45
V 2840 -635011.45 -172757.53
V 2848 -635017.12 -172763.20
V 2856 -635019.20 -172770.95
V 2864 -635019.20 -172841.95
V 2872 -635017.12 -172849.70
V 2880 -635011.45 -172855.37
V 2888 -635003.70 -172857.45
V 2896 -634904.20 -172857.45
V 2904 -634904.20 -172897.45
V 2912 -635003.70 -172897.45
V 2920 -635011.45 -172899.53
V 2928 -635017.12 -172905.20
V 2936 -635019.20 -172912.95
V 2944 -635019.20 -172983.95
V 2952 -635017.12 -172991.70
V 2960 -635011.45 -172997.37
V 2968 -635003.70 -172999.45
V 2976 -634904.20 -172999.45
V 2984 -634904.20 -173039.45
V 2992 -635003.70 -173039.45
V 3000 -635011.45 -173041.53
V 3008 -635017.12 -173047.20
V 3016 -635019.20 -173054.95
V 3024 -635019.20 -173125.95
V 3032 -635017.12 -173133.70
V 3040 -635011.45 -173139.37
V 3048 -635003.70 -173141.45
V 3056 -634904.20 -173141.45
V 3064 -634904.20 -173181.45
V 3072 -635003.70 -173181.45
V 3080 -635011.45 -173183.53
V 3088 -635017.12 -173189.20
V 3096 -635019.20 -173196.95
V 3104 -635019.20 -173267.95
V 3112 -635017.12 -173275.70
V 3120 -635011.45 -173281.37
V 3128 -635003.70 -173283.45
V 3136 -634904.20 -173283.45
V 3144 -634904.20 -173323.45
V 3152 -635003.70 -173323.45
V 3160 -635011.45 -173325.53
V 3168 -635017.12 -173331.20
V 3176 -635019.20 -173338.95
V 3184 -635019.20 -173409.95
V 3192 -635017.12 -173417.70
V 3200 -635011.45 -173423.37
V 3208 -635003.70 -173425.45
V 3216 -634904.20 -173425.45
V 3224 -634904.20 -173465.45
V 3232 -635003.70 -173465.45
V 3240 -635011.45 -173467.53
V 3248 -635017.12 -173473.20
V 3256 -635019.20 -173480.95
V 3264 -635019.20 -173551.95
V 3272 -635017.12 -173559.70
V 3280 -635011.45 -173565.37
V 3288 -635003.70 -173567.45
V 3296 -634904.20 -173567.45
V 3304 -634904.20 -173607.45
V 3312 -635003.70 -173607.45
V 3320 -635011.45 -173609.53
V 3328 -635017.12 -173615.20
V 3336 -635019.20 -173622.95
V 3344 -635019.20 -173693.95
V 3352 -635017.12 -173701.70
V 3360 -635011.45 -173707.37
V 3368 -635003.70 -173709.45
V 3376 -634904.20 -173709.45
V 3384 -634904.20 -173749.45
V 3392 -635003.70 -173749.45
V 3400 -635011.45 -173751.53
V 3408 -635017.12 -173757.20
V 3416 -635019.20 -173764.95
V 3424 -635019.20 -173835.95
V 3432 -635017.12 -173843.70
V 3440 -635011.45 -173849.37
V 3448 -635003.70 -173851.45
V 3456 -634904.20 -173851.45
V 3464 -634904.20 -173891.45
V 3472 -635003.70 -173891.45
V 3480 -635011.45 -173893.53
V 3488 -635017.12 -173899.20
V 3496 -635019.20 -173906.95
V 3504 -635019.20 -173977.95
V 3512 -635017.12 -173985.70
V 3520 -635011.45 -173991.37
V 3528 -635003.70 -173993.45
V 3536 -634904.20 -173993.45
V 3544 -634904.20 -174033.45
V 3552 -635003.70 -174033.45
V 3560 -635011.45 -174035.53
V 3568 -635017.12 -174041.20
V 3576 -635019.20 -174048.95
V 3584 -635019.20 -174119.95
V 3592 -635017.12 -174127.70
V 3600 -635011.45 -174133.37
V 3608 -635003.70 -174135.45
V 3616 -634904.20 -174135.45
V 3624 -634904.20 -174175.45
V 3632 -635003.70 -174175.45
V 3640 -635011.45 -174177.53
V 3648 -635017.12 -174183.20
V 3656 -635019.20 -174190.95
V 3664 -635019.20 -174261.95
V 3672 -635017.12 -174269.70
V 3680 -635011.45 -174275.37
V 3688 -635003.70 -174277.45
V 3696 -634904.20 -174277.45
V 3704 -634904.20 -174317.45
V 3712 -635003.70 -174317.45
V 3720 -635011.45 -174319.53
V 3728 -635017.12 -174325.20
V 3736 -635019.20 -174332.95
V 3744 -635019.20 -174403.95
V 3752 -635017.12 -174411.70
V 3760 -635011.45 -174417.37
V 3768 -635003.70 -174419.45
V 3776 -634904.20 -174419.45
V 3784 -634904.20 -174459.45
V 3792 -635003.70 -174459.45
V 3800 -635011.45 -174461.53
V 3808 -635017.12 -174467.20
V 3816 -635019.20 -174474.95
V 3824 -635019.20 -174545.95
V 3832 -635017.12 -174553.70
V 3840 -635011.45 -174559.37
V 3848 -635003.70 -174561.45
V 3856 -634904.20 -174561.45
V 3864 -634904.20 -174601.45
V 3872 -635003.70 -174601.45
V 3880 -635011.45 -174603.53
V 3888 -635017.12 -174609.20
V 3896 -635019.20 -174616.95
V 3904 -635019.20 -174687.95
V 3912 -635017.12 -174695.70
V 3920 -635011.45 -174701.37
V 3928 -635003.70 -174703.45
V 3936 -634904.20 -174703.45
V 3944 -634904.20 -174743.45
V 3952 -635003.70 -174743.45
V 3960 -635011.45 -174745.53
V 3968 -635017.12 -174751.20
V 3976 -635019.20 -174758.95
V 3984 -635019.20 -174829.95
V 3992 -635017.12 -174837.70
V 4000 -635011.45 -174843.37
V 4008 -635003.70 -174845.45
V 4016 -634904.20 -174845.45
V 4024 -634904.20 -174885.45
V 4032 -635003.70 -174885.45
V 4040 -635011.45 -174887.53
V 4048 -635017.12 -174893.20
V 4056 -635019.20 -174900.95
V 4064 -635019.20 -174971.95
V 4072 -635017.12 -174979.70
V 4080 -635011.45 -174985.37
V 4088 -635003.70 -174987.45
V 4096 -634904.20 -174987.45
V 4104 -634904.20 -175027.45
V 4112 -635003.70 -175027.45
V 4120 -635011.45 -175029.53
V 4128 -635017.12 -175035.20
V 4136 -635019.20 -175042.95
V 4144 -635019.20 -175113.95
V 4152 -635017.12 -175121.70
V 4160 -635011.45 -175127.37
V 4168 -635003.70 -175129.45
V 4176 -634904.20 -175129.45
V 4184 -634904.20 -175169.45
V 4192 -635003.70 -175169.45
V 4200 -635011.45 -175171.53
V 4208 -635017.12 -175177.20
V 4216 -635019.20 -175184.95
V 4224 -635019.20 -175255.95
V 4232 -635017.12 -175263.70
V 4240 -635011.45 -175269.37
V 4248 -635003.70 -175271.45
V 4256 -634904.20 -175271.45
V 4264 -634904.20 -175311.45
V 4272 -635003.70 -175311.45
V 4280 -635011.45 -175313.53
V 4288 -635017.12 -175319.20
V 4296 -635019.20 -175326.95
V 4304 -635019.20 -175397.95
V 4312 -635017.12 -175405.70
V 4320 -635011.45 -175411.37
V 4328 -635003.70 -175413.45
V 4336 -634904.20 -175413.45
V 4344 -634904.20 -175453.45
V 4352 -635003.70 -175453.45
V 4360 -635011.45 -175455.53
V 4368 -635017.12 -175461.20
V 4376 -635019.20 -175468.95
V 4384 -635019.20 -175539.95
V 4392 -635017.12 -175547.70
V 4400 -635011.45 -175553.37
V 4408 -635003.70 -175555.45
V 4416 -634904.20 -175555.45
V 4424 -634904.20 -175595.45
V 4432 -635003.70 -175595.45
V 4440 -635011.45 -175597.53
V 4448 -635017.12 -175603.20
V 4456 -635019.20 -175610.95
V 4464 -635019.20 -175681.95
V 4472 -635017.12 -175689.70
V 4480 -635011.45 -175695.37
V 4488 -635003.70 -175697.45
V 4496 -634904.20 -175697.45
V 4504 -634904.20 -175737.45
V 4512 -635003.70 -175737.45
V 4520 -635011.45 -175739.53
V 4528 -635017.12 -175745.20
V 4536 -635019.20 -175752.95
V 4544 -635019.20 -175823.95
V 4552 -635017.12 -175831.70
V 4560 -635011.45 -175837.37
V 4568 -635003.70 -175839.45
V 4576 -634904.20 -175839.45
V 4584 -634904.20 -175879.45
V 4592 -635003.70 -175879.45
V 4600 -635011.45 -175881.53
V 4608 -635017.12 -175887.20
V 4616 -635019.20 -175894.95
V 4624 -635019.20 -175965.95
V 4632 -635017.12 -175973.70
V 4640 -635011.45 -175979.37
V 4648 -635003.70 -175981.45
V 4656 -634904.20 -175981.45
V 4664 -634904.20 -176021.45
V 4672 -635003.70 -176021.45
V 4680 -635011.45 -176023.53
V 4688 -635017.12 -176029.20
V 4696 -635019.20 -176036.95
V 4704 -635019.20 -176107.95
V 4712 -635017.12 -176115.70
V 4720 -635011.45 -176121.37
V 4728 -635003.70 -176123.45
V 4736 -634904.20 -176123.45
V 4744 -634904.20 -176163.45
V 4752 -635003.70 -176163.45
V 4760 -635011.45 -176165.53
V 4768 -635017.12 -176171.20
V 4776 -635019.20 -176178.95
V 4784 -635019.20 -176249.95
V 4792 -635017.12 -176257.70
V 4800 -635011.45 -176263.37
V 4808 -635003.70 -176265.45
V 4816 -634904.20 -176265.45
V 4824 -634904.20 -176305.45
V 4832 -635003.70 -176305.45
V 4840 -635011.45 -176307.53
V 4848 -635017.12 -176313.20
V 4856 -635019.20 -176320.95
V 4864 -635019.20 -176391.95
V 4872 -635017.12 -176399.70
V 4880 -635011.45 -176405.37
V 4888 -635003.70 -176407.45
V 4896 -634904.20 -176407.45
V 4904 -634904.20 -176447.45
V 4912 -635003.70 -176447.45
V 4920 -635011.45 -176449.53
V 4928 -635017.12 -176455.20
V 4936 -635019.20 -176462.95
V 4944 -635019.20 -176533.95
V 4952 -635017.12 -176541.70
V 4960 -635011.45 -176547.37
V 4968 -635003.70 -176549.45
V 4976 -634904.20 -176549.45
V 4984 -634904.20 -176589.45
V 4992 -635003.70 -176589.45
V 5000 -635011.45 -176591.53
V 5008 -635017.12 -176597.20
V 5016 -635019.20 -176604.95
V 5024 -635019.20 -176675.95
V 5032 -635017.12 -176683.70
V 5040 -635011.45 -176689.37
V 5048 -635003.70 -176691.45
V 5056 -634904.20 -176691.45
V 5064 -634904.20 -176731.45
V 5072 -635003.70 -176731.45
V 5080 -635011.45 -176733.53
V 5088 -635017.12 -176739.20
V 5096 -635019.20 -176746.95
V 5104 -635019.20 -176817.95
V 5112 -635017.12 -176825.70
V 5120 -635011.45 -176831.37
V 5128 -635003.70 -176833.45
V 5136 -634904.20 -176833.45
V 5144 -634904.20 -176873.45
V 5152 -635003.70 -176873.45
V 5160 -635011.45 -176875.53
V 5168 -635017.12 -176881.20
V 5176 -635019.20 -176888.95
V 5184 -635019.20 -176959.95
V 5192 -635017.12 -176967.70
V 5200 -635011.45 -176973.37
V 5208 -635003.70 -176975.45
V 5216 -634904.20 -176975.45
V 5224 -634904.20 -177015.45
V 5232 -635003.70 -177015.45
V 5240 -635011.45 -177017.53
V 5248 -635017.12 -177023.20
V 5256 -635019.20 -177030.95
V 5264 -635019.20 -177101.95
V 5272 -635017.12 -177109.70
V 5280 -635011.45 -177115.37
V 5288 -635003.70 -177117.45
V 5296 -634904.20 -177117.45
V 5304 -634904.20 -177157.45
V 5312 -635003.70 -177157.45
V 5320 -635011.45 -177159.53
V 5328 -635017.12 -177165.20
V 5336 -635019.20 -177172.95
V 5344 -635019.20 -177243.95
V 5352 -635017.12 -177251.70
V 5360 -635011.45 -177257.37
V 5368 -635003.70 -177259.45
V 5376 -634904.20 -177259.45
V 5384 -634904.20 -177299.45
V 5392 -635003.70 -177299.45
V 5400 -635011.45 -177301.53
V 5408 -635017.12 -177307.20
V 5416 -635019.20 -177314.95
V 5424 -635019.20 -177385.95
V 5432 -635017.12 -177393.70
V 5440 -635011.45 -177399.37
V 5448 -635003.70 -177401.45
V 5456 -634904.20 -177401.45
V 5464 -634904.20 -177441.45
V 5472 -635003.70 -177441.45
V 5480 -635011.45 -177443.53
V 5488 -635017.12 -177449.20
V 5496 -635019.20 -177456.95
V 5504 -635019.20 -177527.95
V 5512 -635017.12 -177535.70
V 5520 -635011.45 -177541.37
V 5528 -635003.70 -177543.45
V 5536 -634904.20 -177543.45
V 5544 -634904.20 -177583.45
V 5552 -635003.70 -177583.45
V 5560 -635011.45 -177585.53
V 5568 -635017.12 -177591.20
V 5576 -635019.20 -177598.95
V 5584 -635019.20 -177669.95
V 5592 -635017.12 -177677.70
V 5600 -635011.45 -177683.37
V 5608 -635003.70 -177685.45
V 5616 -634904.20 -177685.45
V 5624 -634904.20 -177725.45
V 5632 -635003.70 -177725.45
V 5640 -635011.45 -177727.53
V 5648 -635017.12 -177733.20
V 5656 -635019.20 -177740.95
V 5664 -635019.20 -177811.95
V 5672 -635017.12 -177819.70
V 5680 -635011.45 -177825.37
V 5688 -635003.70 -177827.45
V 5696 -634904.20 -177827.45
V 5704 -634904.20 -177867.45
V 5712 -635003.70 -177867.45
V 5720 -635011.45 -177869.53
V 5728 -635017.12 -177875.20
V 5736 -635019.20 -177882.95
V 5744 -635019.20 -177953.95
V 5752 -635017.12 -177961.70
V 5760 -635011.45 -177967.37
V 5768 -635003.70 -177969.45
V 5776 -634904.20 -177969.45
V 5784 -634904.20 -178009.45
V 5792 -635003.70 -178009.45
V 5800 -635011.45 -178011.53
V 5808 -635017.12 -178017.20
V 5816 -635019.20 -178024.95
V 5824 -635019.20 -178095.95
V 5832 -635017.12 -178103.70
V 5840 -635011.45 -178109.37
V 5848 -635003.70 -178111.45
V 5856 -634904.20 -178111.45
V 5864 -634904.20 -178151.45
V 5872 -635003.70 -178151.45
V 5880 -635011.45 -178153.53
V 5888 -635017.12 -178159.20
V 5896 -635019.20 -178166.95
V 5904 -635019.20 -178237.95
V 5912 -635017.12 -178245.70
V 5920 -635011.45 -178251.37
V 5928 -635003.70 -178253.45
V 5936 -634904.20 -178253.45
V 5944 -634904.20 -178293.45
V 5952 -635003.70 -178293.45
V 5960 -635011.45 -178295.53
V 5968 -635017.12 -178301.20
V 5976 -635019.20 -178308.95
V 5984 -635019.20 -178379.95
V 5992 -635017.12 -178387.70
V 6000 -635011.45 -178393.37
V 6008 -635003.70 -178395.45
V 6016 -634961.70 -178395.45
V 6024 -634961.70 -178404.45
V 6032 -634930.70 -178404.45
V 6040 -634930.70 -178379.95
V 6048 -634930.74 -178378.84
V 6056 -634930.86 -178377.74
V 6064 -634931.05 -178376.66
V 6072 -634931.33 -178375.58
V 6080 -634931.68 -178374.53
V 6088 -634932.10 -178373.51
V 6096 -634932.60 -178372.52
V 6104 -634933.16 -178371.57
V 6112 -634933.79 -178370.66
V 6120 -634934.49 -178369.80
V 6128 -634935.24 -178368.99
V 6136 -634936.05 -178368.24
V 6144 -634936.91 -178367.54
V 6152 -634937.82 -178366.91
V 6160 -634938.77 -178366.35
V 6168 -634939.76 -178365.85
V 6176 -634940.78 -178365.43
V 6184 -634941.83 -178365.08
V 6192 -634942.91 -178364.80
V 6200 -634943.99 -178364.61
V 6208 -634945.09 -178364.49
V 6216 -634946.20 -178364.45
V 6224 -634988.20 -178364.45
V 6232 -634988.20 -178324.45
V 6240 -634888.70 -178324.45
V 6248 -634880.95 -178322.37
V 6256 -634875.28 -178316.70
V 6264 -634873.20 -178308.95
V 6272 -634873.20 -178237.95
V 6280 -634875.28 -178230.20
V 6288 -634880.95 -178224.53
V 6296 -634888.70 -178222.45
V 6304 -634988.20 -178222.45
V 6312 -634988.20 -178182.45
V 6320 -634888.70 -178182.45
V 6328 -634880.95 -178180.37
V 6336 -634875.28 -178174.70
V 6344 -634873.20 -178166.95
V 6352 -634873.20 -178095.95
V 6360 -634875.28 -178088.20
V 6368 -634880.95 -178082.53
V 6376 -634888.70 -178080.45
V 6384 -634988.20 -178080.45
V 6392 -634988.20 -178040.45
V 6400 -634888.70 -178040.45
V 6408 -634880.95 -178038.37
V 6416 -634875.28 -178032.70
V 6424 -634873.20 -178024.95
V 6432 -634873.20 -177953.95
V 6440 -634875.28 -177946.20
V 6448 -634880.95 -177940.53
V 6456 -634888.70 -177938.45
V 6464 -634988.20 -177938.45
V 6472 -634988.20 -177898.45
V 6480 -634888.70 -177898.45
V 6488 -634880.95 -177896.37
V 6496 -634875.28 -177890.70
V 6504 -634873.20 -177882.95
V 6512 -634873.20 -177811.95
V 6520 -634875.28 -177804.20
V 6528 -634880.95 -177798.53
V 6536 -634888.70 -177796.45
V 6544 -634988.20 -177796.45
V 6552 -634988.20 -177756.45
V 6560 -634888.70 -177756.45
V 6568 -634880.95 -177754.37
V 6576 -634875.28 -177748.70
V 6584 -634873.20 -177740.95
V 6592 -634873.20 -177669.95
V 6600 -634875.28 -177662.20
V 6608 -634880.95 -177656.53
V 6616 -634888.70 -177654.45
V 6624 -634988.20 -177654.45
V 6632 -634988.20 -177614.45
V 6640 -634888.70 -177614.45
V 6648 -634880.95 -177612.37
V 6656 -634875.28 -177606.70
V 6664 -634873.20 -177598.95
V 6672 -634873.20 -177527.95
V 6680 -634875.28 -177520.20
V 6688 -634880.95 -177514.53
V 6696 -634888.70 -177512.45
V 6704 -634988.20 -177512.45
V 6712 -634988.20 -177472.45
V 6720 -634888.70 -177472.45
V 6728 -634880.95 -177470.37
V 6736 -634875.28 -177464.70
V 6744 -634873.20 -177456.95
V 6752 -634873.20 -177385.95
V 6760 -634875.28 -177378.20
V 6768 -634880.95 -177372.53
V 6776 -634888.70 -177370.45
V 6784 -634988.20 -177370.45
V 6792 -634988.20 -177330.45
V 6800 -634888.70 -177330.45
V 6808 -634880.95 -177328.37
V 6816 -634875.28 -177322.70
V 6824 -634873.20 -177314.95
V 6832 -634873.20 -177243.95
V 6840 -634875.28 -177236.20
V 6848 -634880.95 -177230.53
V 6856 -634888.70 -177228.45
V 6864 -634988.20 -177228.45
V 6872 -634988.20 -177188.45
V 6880 -634888.70 -177188.45
V 6888 -634880.95 -177186.37
V 6896 -634875.28 -177180.70
V 6904 -634873.20 -177172.95
V 6912 -634873.20 -177101.95
V 6920 -634875.28 -177094.20
V 6928 -634880.95 -177088.53
V 6936 -634888.70 -177086.45
V 6944 -634988.20 -177086.45
V 6952 -634988.20 -177046.45
V 6960 -634888.70 -177046.45
V 6968 -634880.95 -177044.37
V 6976 -634875.28 -177038.70
V 6984 -634873.20 -177030.95
V 6992 -634873.20 -176959.95
V 7000 -634875.28 -176952.20
V 7008 -634880.95 -176946.53
V 7016 -634888.70 -176944.45
V 7024 -634988.20 -176944.45
V 7032 -634988.20 -176904.45
V 7040 -634888.70 -176904.45
V 7048 -634880.95 -176902.37
V 7056 -634875.28 -176896.70
V 7064 -634873.20 -176888.95
V 7072 -634873.20 -176817.95
V 7080 -634875.28 -176810.20
V 7088 -634880.95 -176804.53
V 7096 -634888.70 -176802.45
V 7104 -634988.20 -176802.45
V 7112 -634988.20 -176762.45
V 7120 -634888.70 -176762.45
V 7128 -634880.95 -176760.37
V 7136 -634875.28 -176754.70
V 7144 -634873.20 -176746.95
V 7152 -634873.20 -176675.95
V 7160 -634875.28 -176668.20
V 7168 -634880.95 -176662.53
V 7176 -634888.70 -176660.45
V 7184 -634988.20 -176660.45
V 7192 -634988.20 -176620.45
V 7200 -634888.70 -176620.45
V 7208 -634880.95 -176618.37
V 7216 -634875.28 -176612.70
V 7224 -634873.20 -176604.95
V 7232 -634873.20 -176533.95
V 7240 -634875.28 -176526.20
V 7248 -634880.95 -176520.53
V 7256 -634888.70 -176518.45
V 7264 -634988.20 -176518.45
V 7272 -634988.20 -176478.45
V 7280 -634888.70 -176478.45
V 7288 -634880.95 -176476.37
V 7296 -634875.28 -176470.70
V 7304 -634873.20 -176462.95
V 7312 -634873.20 -176391.95
V 7320 -634875.28 -176384.20
V 7328 -634880.95 -176378.53
V 7336 -634888.70 -176376.45
V 7344 -634988.20 -176376.45
V 7352 -634988.20 -176336.45
V 7360 -634888.70 -176336.45
V 7368 -634880.95 -176334.37
V 7376 -634875.28 -176328.70
V 7384 -634873.20 -176320.95
V 7392 -634873.20 -176249.95
V 7400 -634875.28 -176242.20
V 7408 -634880.95 -176236.53
V 7416 -634888.70 -176234.45
V 7424 -634988.20 -176234.45
V 7432 -634988.20 -176194.45
V 7440 -634888.70 -176194.45
V 7448 -634880.95 -176192.37
V 7456 -634875.28 -176186.70
V 7464 -634873.20 -176178.95
V 7472 -634873.20 -176107.95
V 7480 -634875.28 -176100.20
V 7488 -634880.95 -176094.53
V 7496 -634888.70 -176092.45
V 7504 -634988.20 -176092.45
V 7512 -634988.20 -176052.45
V 7520 -634888.70 -176052.45
V 7528 -634880.95 -176050.37
V 7536 -634875.28 -176044.70
V 7544 -634873.20 -176036.95
V 7552 -634873.20 -175965.95
V 7560 -634875.28 -175958.20
V 7568 -634880.95 -175952.53
V 7576 -634888.70 -175950.45
V 7584 -634988.20 -175950.45
V 7592 -634988.20 -175910.45
V 7600 -634888.70 -175910.45
V 7608 -634880.95 -175908.37
V 7616 -634875.28 -175902.70
V 7624 -634873.20 -175894.95
V 7632 -634873.20 -175823.95
V 7640 -634875.28 -175816.20
V 7648 -634880.95 -175810.53
V 7656 -634888.70 -175808.45
V 7664 -634988.20 -175808.45
V 7672 -634988.20 -175768.45
V 7680 -634888.70 -175768.45
V 7688 -634880.95 -175766.37
V 7696 -634875.28 -175760.70
V 7704 -634873.20 -175752.95
V 7712 -634873.20 -175681.95
V 7720 -634875.28 -175674.20
V 7728 -634880.95 -175668.53
V 7736 -634888.70 -175666.45
V 7744 -634988.20 -175666.45
V 7752 -634988.20 -175626.45
V 7760 -634888.70 -175626.45
V 7768 -634880.95 -175624.37
V 7776 -634875.28 -175618.70
V 7784 -634873.20 -175610.95
V 7792 -634873.20 -175539.95
V 7800 -634875.28 -175532.20
V 7808 -634880.95 -175526.53
V 7816 -634888.70 -175524.45
V 7824 -634988.20 -175524.45
V 7832 -634988.20 -175484.45
V 7840 -634888.70 -175484.45
V 7848 -634880.95 -175482.37
V 7856 -634875.28 -175476.70
V 7864 -634873.20 -175468.95
V 7872 -634873.20 -175397.95
V 7880 -634875.28 -175390.20
V 7888 -634880.95 -175384.53
V 7896 -634888.70 -175382.45
V 7904 -634988.20 -175382.45
V 7912 -634988.20 -175342.45
V 7920 -634888.70 -175342.45
V 7928 -634880.95 -175340.37
V 7936 -634875.28 -175334.70
V 7944 -634873.20 -175326.95
V 7952 -634873.20 -175255.95
V 7960 -634875.28 -175248.20
V 7968 -634880.95 -175242.53
V 7976 -634888.70 -175240.45
V 7984 -634988.20 -175240.45
V 7992 -634988.20 -175200.45
V 8000 -634888.70 -175200.45
V 8008 -634880.95 -175198.37
V 8016 -634875.28 -175192.70
V 8024 -634873.20 -175184.95
V 8032 -634873.20 -175113.95
V 8040 -634875.28 -175106.20
V 8048 -634880.95 -175100.53
V 8056 -634888.70 -175098.45
V 8064 -634988.20 -175098.45
V 8072 -634988.20 -175058.45
V 8080 -634888.70 -175058.45
V 8088 -634880.95 -175056.37
V 8096 -634875.28 -175050.70
V 8104 -634873.20 -175042.95
V 8112 -634873.20 -174971.95
V 8120 -634875.28 -174964.20
V 8128 -634880.95 -174958.53
V 8136 -634888.70 -174956.45
V 8144 -634988.20 -174956.45
V 8152 -634988.20 -174916.45
V 8160 -634888.70 -174916.45
V 8168 -634880.95 -174914.37
V 8176 -634875.28 -174908.70
V 8184 -634873.20 -174900.95
V 8192 -634873.20 -174829.95
V 8200 -634875.28 -174822.20
V 8208 -634880.95 -174816.53
V 8216 -634888.70 -174814.45
V 8224 -634988.20 -174814.45
V 8232 -634988.20 -174774.45
V 8240 -634888.70 -174774.45
V 8248 -634880.95 -174772.37
V 8256 -634875.28 -174766.70
V 8264 -634873.20 -174758.95
V 8272 -634873.20 -174687.95
V 8280 -634875.28 -174680.20
V 8288 -634880.95 -174674.53
V 8296 -634888.70 -174672.45
V 8304 -634988.20 -174672.45
V 8312 -634988.20 -174632.45
V 8320 -634888.70 -174632.45
V 8328 -634880.95 -174630.37
V 8336 -634875.28 -174624.70
V 8344 -634873.20 -174616.95
V 8352 -634873.20 -174545.95
V 8360 -634875.28 -174538.20
V 8368 -634880.95 -174532.53
V 8376 -634888.70 -174530.45
V 8384 -634988.20 -174530.45
V 8392 -634988.20 -174490.45
V 8400 -634888.70 -174490.45
V 8408 -634880.95 -174488.37
V 8416 -634875.28 -174482.70
V 8424 -634873.20 -174474.95
V 8432 -634873.20 -174403.95
V 8440 -634875.28 -174396.20
V 8448 -634880.95 -174390.53
V 8456 -634888.70 -174388.45
V 8464 -634988.20 -174388.45
V 8472 -634988.20 -174348.45
V 8480 -634888.70 -174348.45
V 8488 -634880.95 -174346.37
V 8496 -634875.28 -174340.70
V 8504 -634873.20 -174332.95
V 8512 -634873.20 -174261.95
V 8520 -634875.28 -174254.20
V 8528 -634880.95 -174248.53
V 8536 -634888.70 -174246.45
V 8544 -634988.20 -174246.45
V 8552 -634988.20 -174206.45
V 8560 -634888.70 -174206.45
V 8568 -634880.95 -174204.37
V 8576 -634875.28 -174198.70
V 8584 -634873.20 -174190.95
V 8592 -634873.20 -174119.95
V 8600 -634875.28 -174112.20
V 8608 -634880.95 -174106.53
V 8616 -634888.70 -174104.45
V 8624 -634988.20 -174104.45
V 8632 -634988.20 -174064.45
V 8640 -634888.70 -174064.45
V 8648 -634880.95 -174062.37
V 8656 -634875.28 -174056.70
V 8664 -634873.20 -174048.95
V 8672 -634873.20 -173977.95
V 8680 -634875.28 -173970.20
V 8688 -634880.95 -173964.53
V 8696 -634888.70 -173962.45
V 8704 -634988.20 -173962.45
V 8712 -634988.20 -173922.45
V 8720 -634888.70 -173922.45
V 8728 -634880.95 -173920.37
V 8736 -634875.28 -173914.70
V 8744 -634873.20 -173906.95
V 8752 -634873.20 -173835.95
V 8760 -634875.28 -173828.20
V 8768 -634880.95 -173822.53
V 8776 -634888.70 -173820.45
V 8784 -634988.20 -173820.45
V 8792 -634988.20 -173780.45
V 8800 -634888.70 -173780.45
V 8808 -634880.95 -173778.37
V 8816 -634875.28 -173772.70
V 8824 -634873.20 -173764.95
V 8832 -634873.20 -173693.95
V 8840 -634875.28 -173686.20
V 8848 -634880.95 -173680.53
V 8856 -634888.70 -173678.45
V 8864 -634988.20 -173678.45
V 8872 -634988.20 -173638.45
V 8880 -634888.70 -173638.45
V 8888 -634880.95 -173636.37
V 8896 -634875.28 -173630.70
V 8904 -634873.20 -173622.95
V 8912 -634873.20 -173551.95
V 8920 -634875.28 -173544.20
V 8928 -634880.95 -173538.53
V 8936 -634888.70 -173536.45
V 8944 -634988.20 -173536.45
V 8952 -634988.20 -173496.45
V 8960 -634888.70 -173496.45
V 8968 -634880.95 -173494.37
V 8976 -634875.28 -173488.70
V 8984 -634873.20 -173480.95
V 8992 -634873.20 -173409.95
V 9000 -634875.28 -173402.20
V 9008 -634880.95 -173396.53
V 9016 -634888.70 -173394.45
V 9024 -634988.20 -173394.45
V 9032 -634988.20 -173354.45
V 9040 -634888.70 -173354.45
V 9048 -634880.95 -173352.37
V 9056 -634875.28 -173346.70
V 9064 -634873.20 -173338.95
V 9072 -634873.20 -173267.95
V 9080 -634875.28 -173260.20
V 9088 -634880.95 -173254.53
V 9096 -634888.70 -173252.45
V 9104 -634988.20 -173252.45
V 9112 -634988.20 -173212.45
V 9120 -634888.70 -173212.45
V 9128 -634880.95 -173210.37
V 9136 -634875.28 -173204.70
V 9144 -634873.20 -173196.95
V 9152 -634873.20 -173125.95
V 9160 -634875.28 -173118.20
V 9168 -634880.95 -173112.53
V 9176 -634888.70 -173110.45
V 9184 -634988.20 -173110.45
V 9192 -634988.20 -173070.45
V 9200 -634888.70 -173070.45
V 9208 -634880.95 -173068.37
V 9216 -634875.28 -173062.70
V 9224 -634873.20 -173054.95
V 9232 -634873.20 -172983.95
V 9240 -634875.28 -172976.20
V 9248 -634880.95 -172970.53
V 9256 -634888.70 -172968.45
V 9264 -634988.20 -172968.45
V 9272 -634988.20 -172928.45
V 9280 -634888.70 -172928.45
V 9288 -634880.95 -172926.37
V 9296 -634875.28 -172920.70
V 9304 -634873.20 -172912.95
V 9312 -634873.20 -172841.95
V 9320 -634875.28 -172834.20
V 9328 -634880.95 -172828.53
V 9336 -634888.70 -172826.45
V 9344 -634988.20 -172826.45
V 9352 -634988.20 -172786.45
V 9360 -634888.70 -172786.45
V 9368 -634880.95 -172784.37
V 9376 -634875.28 -172778.70
V 9384 -634873.20 -172770.95
V 9392 -634873.20 -172699.95
V 9400 -634875.28 -172692.20
V 9408 -634880.95 -172686.53
V 9416 -634888.70 -172684.45
V 9424 -634988.20 -172684.45
V 9432 -634988.20 -172644.45
V 9440 -634888.70 -172644.45
V 9448 -634880.95 -172642.37
V 9456 -634875.28 -172636.70
V 9464 -634873.20 -172628.95
V 9472 -634873.20 -172557.95
V 9480 -634875.28 -172550.20
V 9488 -634880.95 -172544.53
V 9496 -634888.70 -172542.45
V 9504 -634988.20 -172542.45
V 9512 -634988.20 -172502.45
V 9520 -634888.70 -172502.45
V 9528 -634880.95 -172500.37
V 9536 -634875.28 -172494.70
V 9544 -634873.20 -172486.95
V 9552 -634873.20 -172415.95
V 9560 -634875.28 -172408.20
V 9568 -634880.95 -172402.53
V 9576 -634888.70 -172400.45
V 9584 -634988.20 -172400.45
V 9592 -634988.20 -172360.45
V 9600 -634888.70 -172360.45
V 9608 -634880.95 -172358.37
V 9616 -634875.28 -172352.70
V 9624 -634873.20 -172344.95
V 9632 -634873.20 -172273.95
V 9640 -634875.28 -172266.20
V 9648 -634880.95 -172260.53
V 9656 -634888.70 -172258.45
V 9664 -634988.20 -172258.45
V 9672 -634988.20 -172218.45
V 9680 -634888.70 -172218.45
V 9688 -634880.95 -172216.37
V 9696 -634875.28 -172210.70
V 9704 -634873.20 -172202.95
V 9712 -634873.20 -172131.95
V 9720 -634875.28 -172124.20
V 9728 -634880.95 -172118.53
V 9736 -634888.70 -172116.45
V 9744 -634988.20 -172116.45
V 9752 -634988.20 -172076.45
V 9760 -634888.70 -172076.45
V 9768 -634880.95 -172074.37
V 9776 -634875.28 -172068.70
V 9784 -634873.20 -172060.95
V 9792 -634873.20 -171989.95
V 9800 -634875.28 -171982.20
V 9808 -634880.95 -171976.53
V 9816 -634888.70 -171974.45
V 9824 -634988.20 -171974.45
V 9832 -634988.20 -171934.45
V 9840 -634888.70 -171934.45
V 9848 -634880.95 -171932.37
V 9856 -634875.28 -171926.70
V 9864 -634873.20 -171918.95
V 9872 -634873.20 -171847.95
V 9880 -634875.28 -171840.20
V 9888 -634880.95 -171834.53
V 9896 -634888.70 -171832.45
V 9904 -634988.20 -171832.45
V 9912 -634988.20 -171792.45
V 9920 -634888.70 -171792.45
V 9928 -634880.95 -171790.37
V 9936 -634875.28 -171784.70
V 9944 -634873.20 -171776.95
V 9952 -634873.20 -171705.95
V 9960 -634875.28 -171698.20
V 9968 -634880.95 -171692.53
V 9976 -634888.70 -171690.45
V 9984 -634988.20 -171690.45
V 9992 -634988.20 -171650.45
V 10000 -634888.70 -171650.45
V 10008 -634880.95 -171648.37
V 10016 -634875.28 -171642.70
V 10024 -634873.20 -171634.95
V 10032 -634873.20 -171563.95
V 10040 -634875.28 -171556.20
V 10048 -634880.95 -171550.53
V 10056 -634888.70 -171548.45
V 10064 -634988.20 -171548.45
V 10072 -634988.20 -171508.45
V 10080 -634888.70 -171508.45
V 10088 -634880.95 -171506.37
V 10096 -634875.28 -171500.70
V 10104 -634873.20 -171492.95
V 10112 -634873.20 -171421.95
V 10120 -634875.28 -171414.20
V 10128 -634880.95 -171408.53
V 10136 -634888.70 -171406.45
V 10144 -634988.20 -171406.45
V 10152 -634988.20 -171366.45
V 10160 -634888.70 -171366.45
V 10168 -634880.95 -171364.37
V 10176 -634875.28 -171358.70
V 10184 -634873.20 -171350.95
V 10192 -634873.20 -171279.95
V 10200 -634875.28 -171272.20
V 10208 -634880.95 -171266.53
V 10216 -634888.70 -171264.45
V 10224 -634988.20 -171264.45
V 10232 -634988.20 -171224.45
V 10240 -634888.70 -171224.45
V 10248 -634880.95 -171222.37
V 10256 -634875.28 -171216.70
V 10264 -634873.20 -171208.95
V 10272 -634873.20 -171137.95
V 10280 -634875.28 -171130.20
V 10288 -634880.95 -171124.53
V 10296 -634888.70 -171122.45
V 10304 -634988.20 -171122.45
V 10312 -634988.20 -171082.45
V 10320 -634888.70 -171082.45
V 10328 -634880.95 -171080.37
V 10336 -634875.28 -171074.70
V 10344 -634873.20 -171066.95
V 10352 -634873.20 -170995.95
V 10360 -634875.28 -170988.20
V 10368 -634880.95 -170982.53
V 10376 -634888.70 -170980.45
V 10384 -634988.20 -170980.45
V 10392 -634988.20 -170940.45
V 10400 -634888.70 -170940.45
V 10408 -634880.95 -170938.37
V 10416 -634875.28 -170932.70
V 10424 -634873.20 -170924.95
V 10432 -634873.20 -170853.95
V 10440 -634875.28 -170846.20
V 10448 -634880.95 -170840.53
V 10456 -634888.70 -170838.45
V 10464 -634988.20 -170838.45
V 10472 -634988.20 -170798.45
V 10480 -634888.70 -170798.45
V 10488 -634880.95 -170796.37
V 10496 -634875.28 -170790.70
V 10504 -634873.20 -170782.95
V 10512 -634873.20 -170711.95
V 10520 -634875.28 -170704.20
V 10528 -634880.95 -170698.53
V 10536 -634888.70 -170696.45
V 10544 -634988.20 -170696.45
V 10552 -634988.20 -170656.45
V 10560 -634888.70 -170656.45
V 10568 -634880.95 -170654.37
V 10576 -634875.28 -170648.70
V 10584 -634873.20 -170640.95
V 10592 -634873.20 -170569.95
V 10600 -634875.28 -170562.20
V 10608 -634880.95 -170556.53
V 10616 -634888.70 -170554.45
V 10624 -634988.20 -170554.45
V 10632 -634988.20 -170514.45
V 10640 -634888.70 -170514.45
V 10648 -634880.95 -170512.37
V 10656 -634875.28 -170506.70
V 10664 -634873.20 -170498.95
V 10672 -634873.20 -170427.95
V 10680 -634875.28 -170420.20
V 10688 -634880.95 -170414.53
V 10696 -634888.70 -170412.45
V 10704 -634988.20 -170412.45
V 10712 -634988.20 -170372.45
V 10720 -634888.70 -170372.45
V 10728 -634880.95 -170370.37
V 10736 -634875.28 -170364.70
V 10744 -634873.20 -170356.95
V 10752 -634873.20 -170285.95
V 10760 -634875.28 -170278.20
V 10768 -634880.95 -170272.53
V 10776 -634888.70 -170270.45
V 10784 -634988.20 -170270.45
V 10792 -634988.20 -170230.45
V 10800 -634888.70 -170230.45
V 10808 -634880.95 -170228.37
V 10816 -634875.28 -170222.70
V 10824 -634873.20 -170214.95
V 10832 -634873.20 -170143.95
V 10840 -634875.28 -170136.20
V 10848 -634880.95 -170130.53
V 10856 -634888.70 -170128.45
V 10864 -634988.20 -170128.45
V 10872 -634988.20 -170088.45
V 10880 -634888.70 -170088.45
V 10888 -634880.95 -170086.37
V 10896 -634875.28 -170080.70
V 10904 -634873.20 -170072.95
V 10912 -634873.20 -170001.95
V 10920 -634875.28 -169994.20
V 10928 -634880.95 -169988.53
V 10936 -634888.70 -169986.45
V 10944 -634988.20 -169986.45
V 10952 -634988.20 -169946.45
V 10960 -634888.70 -169946.45
V 10968 -634880.95 -169944.37
V 10976 -634875.28 -169938.70
V 10984 -634873.20 -169930.95
V 10992 -634873.20 -169859.95
V 11000 -634875.28 -169852.20
V 11008 -634880.95 -169846.53
V 11016 -634888.70 -169844.45
V 11024 -634988.20 -169844.45
V 11032 -634988.20 -169804.45
V 11040 -634888.70 -169804.45
V 11048 -634880.95 -169802.37
V 11056 -634875.28 -169796.70
V 11064 -634873.20 -169788.95
V 11072 -634873.20 -169717.95
V 11080 -634875.28 -169710.20
V 11088 -634880.95 -169704.53
V 11096 -634888.70 -169702.45
V 11104 -634988.20 -169702.45
V 11112 -634988.20 -169662.45
V 11120 -634888.70 -169662.45
V 11128 -634880.95 -169660.37
V 11136 -634875.28 -169654.70
V 11144 -634873.20 -169646.95
V 11152 -634873.20 -169575.95
V 11160 -634875.28 -169568.20
V 11168 -634880.95 -169562.53
V 11176 -634888.70 -169560.45
V 11184 -634988.20 -169560.45
V 11192 -634988.20 -169520.45
V 11200 -634888.70 -169520.45
V 11208 -634880.95 -169518.37
V 11216 -634875.28 -169512.70
V 11224 -634873.20 -169504.95
V 11232 -634873.20 -169433.95
V 11240 -634875.28 -169426.20
V 11248 -634880.95 -169420.53
V 11256 -634888.70 -169418.45
V 11264 -634988.20 -169418.45
V 11272 -634988.20 -169378.45
V 11280 -634888.70 -169378.45
V 11288 -634880.95 -169376.37
V 11296 -634875.28 -169370.70
V 11304 -634873.20 -169362.95
V 11312 -634873.20 -169291.95
V 11320 -634875.28 -169284.20
V 11328 -634880.95 -169278.53
V 11336 -634888.70 -169276.45
V 11344 -634988.20 -169276.45
V 11352 -634988.20 -169236.45
V 11360 -634888.70 -169236.45
V 11368 -634880.95 -169234.37
V 11376 -634875.28 -169228.70
V 11384 -634873.20 -169220.95
V 11392 -634873.20 -169149.95
V 11400 -634875.28 -169142.20
V 11408 -634880.95 -169136.53
V 11416 -634888.70 -169134.45
V 11424 -634988.20 -169134.45
V 11432 -634988.20 -169094.45
V 11440 -634888.70 -169094.45
V 11448 -634880.95 -169092.37
V 11456 -634875.28 -169086.70
V 11464 -634873.20 -169078.95
V 11472 -634873.20 -169007.95
V 11480 -634875.28 -169000.20
V 11488 -634880.95 -168994.53
V 11496 -634888.70 -168992.45
V 11504 -634988.20 -168992.45
V 11512 -634988.20 -168952.45
V 11520 -634888.70 -168952.45
V 11528 -634880.95 -168950.37
V 11536 -634875.28 -168944.70
V 11544 -634873.20 -168936.95
V 11552 -634873.20 -168865.95
V 11560 -634875.28 -168858.20
V 11568 -634880.95 -168852.53
V 11576 -634888.70 -168850.45
V 11584 -634988.20 -168850.45
V 11592 -634988.20 -168810.45
V 11600 -634888.70 -168810.45
V 11608 -634880.95 -168808.37
V 11616 -634875.28 -168802.70
V 11624 -634873.20 -168794.95
V 11632 -634873.20 -168723.95
V 11640 -634875.28 -168716.20
V 11648 -634880.95 -168710.53
V 11656 -634888.70 -168708.45
V 11664 -634988.20 -168708.45
V 11672 -634988.20 -168668.45
V 11680 -634888.70 -168668.45
V 11688 -634880.95 -168666.37
V 11696 -634875.28 -168660.70
V 11704 -634873.20 -168652.95
V 11712 -634873.20 -168581.95
V 11720 -634875.28 -168574.20
V 11728 -634880.95 -168568.53
V 11736 -634888.70 -168566.45
V 11744 -634988.20 -168566.45
V 11752 -634988.20 -168526.45
V 11760 -634888.70 -168526.45
V 11768 -634880.95 -168524.37
V 11776 -634875.28 -168518.70
V 11784 -634873.20 -168510.95
V 11792 -634873.20 -168439.95
V 11800 -634875.28 -168432.20
V 11808 -634880.95 -168426.53
V 11816 -634888.70 -168424.45
V 11824 -634988.20 -168424.45
V 11832 -634988.20 -168384.45
V 11840 -634899.92 -168384.45
V 11848 -634892.17 -168382.37
V 11856 -634886.50 -168376.70
V 11864 -634884.42 -168368.95
V 11872 -634884.42 -168297.95
V 11880 -634886.50 -168290.20
V 11888 -634892.17 -168284.53
V 11896 -634899.92 -168282.45
V 11904 -634930.70 -168282.45
V 11912 -634930.70 -168181.57
V 11920 -629967.23 -167338.76
V 11928 -629967.19 -167338.75
V 11936 -627053.65 -166844.03
V 11944 -624591.90 -166426.02
V 11952 -623462.55 -166234.25
V 11960 -619903.88 -165629.98
V 11968 -618816.52 -165445.34
V 11976 -618353.07 -165366.65
V 11984 -618352.76 -165366.60
V 11992 -618352.55 -165366.56
V 12000 -618352.52 -165366.55
V 12008 -617472.55 -165217.14
V 12016 -591772.73 -160853.25
V 12024 -588615.54 -160317.16
V 12032 -588615.32 -160317.12
V 12040 -588152.63 -160238.55
V 12048 -587688.04 -160159.66
V 12056 -587455.72 -160120.22
V 12064 -586991.13 -160041.33
V 12072 -586526.81 -159962.49
V 12080 -586526.77 -159962.48
V 12088 -584668.11 -159646.87
V 12096 -584203.72 -159568.02
V 12104 -584203.60 -159568.00
V 12112 -583884.09 -159513.75
V 12120 -581764.56 -159153.84
V 12128 -580823.64 -158994.08
V 12136 -576831.26 -158316.16
V 12144 -576586.46 -158274.59
V 12152 -575928.84 -158162.93
V 12160 -575576.16 -158103.04
V 12168 -574446.81 -157911.28
V 12176 -573982.20 -157832.39
V 12184 -573749.90 -157792.94
V 12192 -573550.91 -157759.15
V 12200 -573549.84 -157758.93
V 12208 -573548.80 -157758.64
V 12216 -573547.77 -157758.27
V 12224 -573546.78 -157757.84
V 12232 -573545.82 -157757.33
V 12240 -573544.89 -157756.76
V 12248 -573544.01 -157756.13
V 12256 -573543.17 -157755.43
V 12264 -573542.39 -157754.68
V 12272 -573541.66 -157753.87
V 12280 -573540.99 -157753.02
V 12288 -573540.38 -157752.12
V 12296 -573539.83 -157751.18
V 12304 -573539.35 -157750.20
V 12312 -573538.94 -157749.20
V 12320 -573538.61 -157748.16
V 12328 -573538.34 -157747.11
V 12336 -573538.15 -157746.04
V 12344 -573538.04 -157744.96
V 12352 -573538.00 -157743.87
V 12360 -573538.00 -157719.35
