V 0 1085836.69 -32480.36
V 8 1085832.26 -32442.32
V 16 1085832.25 -32442.22
V 24 1085832.21 -32442.01
V 32 1085825.39 -32417.14
V 40 1085824.77 -32410.24
V 48 1085824.53 -32409.55
V 56 1085823.99 -32409.06
V 64 1085823.28 -32408.88
V 72 1085735.66 -32408.88
V 80 1085735.66 -32411.88
V 88 1085821.91 -32411.88
V 96 1085822.42 -32417.48
V 104 1085822.42 -32417.54
V 112 1085822.43 -32417.64
V 120 1085822.46 -32417.75
V 128 1085822.47 -32417.85
V 136 1085829.28 -32442.70
V 144 1085833.86 -32482.03
V 152 1085834.11 -32482.71
V 160 1085834.65 -32483.19
V 168 1085835.35 -32483.36
V 176 1085839.86 -32483.36
V 184 1085839.86 -32480.36
