V 0 1085836.69 22332.64
V 8 1085832.26 22370.68
V 16 1085832.25 22370.78
V 24 1085832.21 22370.99
V 32 1085825.39 22395.86
V 40 1085824.77 22402.76
V 48 1085824.53 22403.45
V 56 1085823.99 22403.94
V 64 1085823.28 22404.12
V 72 1085735.66 22404.12
V 80 1085735.66 22401.12
V 88 1085821.91 22401.12
V 96 1085822.42 22395.52
V 104 1085822.42 22395.46
V 112 1085822.43 22395.36
V 120 1085822.46 22395.25
V 128 1085822.47 22395.15
V 136 1085829.28 22370.30
V 144 1085833.86 22330.97
V 152 1085834.11 22330.29
V 160 1085834.65 22329.81
V 168 1085835.35 22329.64
V 176 1085839.86 22329.64
V 184 1085839.86 22332.64
