V 0 -684013.31 -203697.83
V 8 -684016.95 -203692.79
V 16 -684022.33 -203689.66
V 24 -685167.08 -203313.03
V 32 -687827.40 -202178.36
V 40 -689185.67 -201452.33
V 48 -689593.98 -201126.44
V 56 -689594.10 -201126.34
V 64 -689594.53 -201126.02
V 72 -689594.97 -201125.70
V 80 -689595.83 -201125.16
V 88 -689595.86 -201125.15
V 96 -689595.92 -201125.11
V 104 -690885.72 -200374.16
V 112 -691168.98 -200149.67
V 120 -691169.02 -200149.65
V 128 -691169.44 -200149.33
V 136 -691169.88 -200149.01
V 144 -691170.74 -200148.47
V 152 -691170.77 -200148.46
V 160 -691170.83 -200148.42
V 168 -692473.72 -199389.72
V 176 -692757.15 -199165.09
V 184 -692757.19 -199165.07
V 192 -692757.61 -199164.75
V 200 -692758.05 -199164.43
V 208 -692758.91 -199163.89
V 216 -692758.94 -199163.88
V 224 -692759.00 -199163.84
V 232 -694061.35 -198405.45
V 240 -694344.90 -198180.74
V 248 -694344.94 -198180.72
V 256 -694345.36 -198180.40
V 264 -694345.80 -198180.08
V 272 -694346.66 -198179.54
V 280 -694346.69 -198179.53
V 288 -694346.75 -198179.49
V 296 -696321.53 -197029.53
V 304 -697093.60 -196140.70
V 312 -697093.82 -196140.43
V 320 -697094.19 -196140.03
V 328 -697094.57 -196139.65
V 336 -697094.96 -196139.28
V 344 -697094.99 -196139.25
V 352 -698142.68 -195186.86
V 360 -698300.32 -194976.30
V 368 -698300.34 -194976.28
V 376 -698300.39 -194976.21
V 384 -698300.72 -194975.79
V 392 -698301.07 -194975.37
V 400 -698301.44 -194974.97
V 408 -698301.82 -194974.59
V 416 -698302.21 -194974.22
V 424 -698302.26 -194974.17
V 432 -699128.42 -194225.66
V 440 -699290.04 -194009.69
V 448 -699290.06 -194009.67
V 456 -699290.11 -194009.60
V 464 -699290.44 -194009.18
V 472 -699290.79 -194008.76
V 480 -699291.16 -194008.36
V 488 -699291.54 -194007.98
V 496 -699291.93 -194007.61
V 504 -699291.98 -194007.56
V 512 -700117.54 -193259.60
V 520 -700279.18 -193043.62
V 528 -700279.20 -193043.60
V 536 -700279.25 -193043.53
V 544 -700279.58 -193043.11
V 552 -700279.93 -193042.69
V 560 -700280.30 -193042.29
V 568 -700280.68 -193041.91
V 576 -700281.07 -193041.54
V 584 -700281.12 -193041.49
V 592 -701106.79 -192293.42
V 600 -701268.55 -192077.27
V 608 -701268.57 -192077.25
V 616 -701268.62 -192077.18
V 624 -701268.95 -192076.76
V 632 -701269.30 -192076.34
V 640 -701269.67 -192075.94
V 648 -701270.05 -192075.56
V 656 -701270.44 -192075.19
V 664 -701270.49 -192075.14
V 672 -702095.97 -191327.24
V 680 -702257.68 -191111.18
V 688 -702257.70 -191111.16
V 696 -702257.75 -191111.09
V 704 -702258.08 -191110.67
V 712 -702258.43 -191110.25
V 720 -702258.80 -191109.85
V 728 -702259.18 -191109.47
V 736 -702259.57 -191109.10
V 744 -702259.62 -191109.05
V 752 -703243.79 -190217.38
V 760 -703829.37 -189335.99
V 768 -703829.68 -189335.54
V 776 -704778.14 -188015.54
V 784 -704858.65 -187823.85
V 792 -704858.67 -187823.81
V 800 -704858.87 -187823.36
V 808 -704859.10 -187822.87
V 816 -704859.36 -187822.40
V 824 -704859.63 -187821.93
V 832 -704859.91 -187821.47
V 840 -704860.22 -187821.02
V 848 -704860.31 -187820.90
V 856 -704860.33 -187820.86
V 864 -705393.99 -187084.25
V 872 -705480.15 -186878.95
V 880 -705480.37 -186878.45
V 888 -705480.60 -186877.96
V 896 -705480.86 -186877.49
V 904 -705481.13 -186877.02
V 912 -705481.41 -186876.56
V 920 -705481.72 -186876.11
V 928 -705481.81 -186875.99
V 936 -705481.83 -186875.95
V 944 -706015.07 -186139.95
V 952 -706101.24 -185934.61
V 960 -706101.46 -185934.11
V 968 -706101.69 -185933.62
V 976 -706101.95 -185933.15
V 984 -706102.22 -185932.68
V 992 -706102.50 -185932.22
V 1000 -706102.81 -185931.77
V 1008 -706102.90 -185931.65
V 1016 -706102.92 -185931.61
V 1024 -706636.05 -185195.75
V 1032 -706722.22 -184990.40
V 1040 -706722.44 -184989.90
V 1048 -706722.67 -184989.41
V 1056 -706722.93 -184988.94
V 1064 -706723.20 -184988.47
V 1072 -706723.48 -184988.01
V 1080 -706723.79 -184987.56
V 1088 -706723.88 -184987.44
V 1096 -706723.90 -184987.40
V 1104 -707257.04 -184251.54
V 1112 -707343.21 -184046.20
V 1120 -707343.43 -184045.70
V 1128 -707343.66 -184045.21
V 1136 -707343.92 -184044.74
V 1144 -707344.19 -184044.27
V 1152 -707344.47 -184043.81
V 1160 -707344.78 -184043.36
V 1168 -707344.87 -184043.24
V 1176 -707344.89 -184043.20
V 1184 -707878.02 -183307.34
V 1192 -707964.20 -183101.99
V 1200 -707964.42 -183101.49
V 1208 -707964.65 -183101.00
V 1216 -707964.91 -183100.53
V 1224 -707965.18 -183100.06
V 1232 -707965.46 -183099.60
V 1240 -707965.77 -183099.15
V 1248 -707965.86 -183099.03
V 1256 -707965.88 -183098.99
V 1264 -708334.70 -182589.93
V 1272 -709550.00 -180316.25
V 1280 -709621.46 -179887.88
V 1288 -709621.47 -179887.84
V 1296 -709621.50 -179887.66
V 1304 -709621.61 -179887.13
V 1312 -709621.74 -179886.60
V 1320 -709621.88 -179886.08
V 1328 -709622.05 -179885.56
V 1336 -709622.23 -179885.05
V 1344 -709622.43 -179884.55
V 1352 -709622.56 -179884.26
V 1360 -709622.57 -179884.22
V 1368 -709943.39 -179167.21
V 1376 -709976.06 -178973.70
V 1384 -709976.09 -178973.52
V 1392 -709976.20 -178972.99
V 1400 -709976.33 -178972.46
V 1408 -709976.47 -178971.94
V 1416 -709976.64 -178971.42
V 1424 -709976.82 -178970.91
V 1432 -709977.02 -178970.41
V 1440 -709977.15 -178970.12
V 1448 -709977.16 -178970.08
V 1456 -710300.65 -178247.05
V 1464 -710333.29 -178053.68
V 1472 -710333.32 -178053.50
V 1480 -710333.43 -178052.97
V 1488 -710333.56 -178052.44
V 1496 -710333.70 -178051.92
V 1504 -710333.87 -178051.40
V 1512 -710334.05 -178050.89
V 1520 -710334.25 -178050.39
V 1528 -710334.38 -178050.10
V 1536 -710334.39 -178050.06
V 1544 -710657.96 -177326.88
V 1552 -710690.60 -177133.47
V 1560 -710690.63 -177133.29
V 1568 -710690.74 -177132.76
V 1576 -710690.87 -177132.23
V 1584 -710691.01 -177131.71
V 1592 -710691.18 -177131.19
V 1600 -710691.36 -177130.68
V 1608 -710691.56 -177130.18
V 1616 -710691.69 -177129.89
V 1624 -710691.70 -177129.85
V 1632 -711015.13 -176406.97
V 1640 -711047.79 -176213.53
V 1648 -711047.82 -176213.35
V 1656 -711047.93 -176212.82
V 1664 -711048.06 -176212.29
V 1672 -711048.20 -176211.77
V 1680 -711048.37 -176211.25
V 1688 -711048.55 -176210.74
V 1696 -711048.75 -176210.24
V 1704 -711048.88 -176209.95
V 1712 -711048.89 -176209.91
V 1720 -711372.38 -175486.88
V 1728 -711405.03 -175293.51
V 1736 -711405.06 -175293.33
V 1744 -711405.17 -175292.80
V 1752 -711405.30 -175292.27
V 1760 -711405.44 -175291.75
V 1768 -711405.61 -175291.23
V 1776 -711405.79 -175290.72
V 1784 -711405.99 -175290.22
V 1792 -711406.12 -175289.93
V 1800 -711406.13 -175289.89
V 1808 -711729.69 -174566.71
V 1816 -711762.33 -174373.31
V 1824 -711762.36 -174373.13
V 1832 -711762.47 -174372.60
V 1840 -711762.60 -174372.07
V 1848 -711762.74 -174371.55
V 1856 -711762.91 -174371.03
V 1864 -711763.09 -174370.52
V 1872 -711763.29 -174370.02
V 1880 -711763.42 -174369.73
V 1888 -711763.43 -174369.69
V 1896 -712086.87 -173646.80
V 1904 -712119.52 -173453.36
V 1912 -712119.55 -173453.18
V 1920 -712119.66 -173452.65
V 1928 -712119.79 -173452.12
V 1936 -712119.93 -173451.60
V 1944 -712120.10 -173451.08
V 1952 -712120.28 -173450.57
V 1960 -712120.48 -173450.07
V 1968 -712120.61 -173449.78
V 1976 -712120.62 -173449.74
V 1984 -712641.96 -172284.49
V 1992 -712641.96 -171501.54
V 2000 -712641.97 -171501.00
V 2008 -712642.00 -171500.46
V 2016 -712642.05 -171499.92
V 2024 -712642.12 -171499.38
V 2032 -712642.20 -171498.85
V 2040 -712642.31 -171498.32
V 2048 -712642.51 -171497.51
V 2056 -712798.22 -170906.97
V 2064 -712798.22 -170571.37
V 2072 -712798.23 -170570.83
V 2080 -712798.26 -170570.29
V 2088 -712798.31 -170569.75
V 2096 -712798.38 -170569.21
V 2104 -712798.46 -170568.68
V 2112 -712798.57 -170568.15
V 2120 -712798.77 -170567.34
V 2128 -712946.67 -170006.46
V 2136 -712946.67 -169670.77
V 2144 -712946.68 -169670.23
V 2152 -712946.71 -169669.69
V 2160 -712946.76 -169669.15
V 2168 -712946.83 -169668.61
V 2176 -712946.91 -169668.08
V 2184 -712947.02 -169667.55
V 2192 -712947.22 -169666.74
V 2200 -713095.11 -169105.86
V 2208 -713095.11 -168770.21
V 2216 -713095.12 -168769.67
V 2224 -713095.15 -168769.13
V 2232 -713095.20 -168768.59
V 2240 -713095.27 -168768.05
V 2248 -713095.35 -168767.52
V 2256 -713095.46 -168766.99
V 2264 -713095.66 -168766.18
V 2272 -713243.55 -168205.30
V 2280 -713243.55 -167869.66
V 2288 -713243.56 -167869.12
V 2296 -713243.59 -167868.58
V 2304 -713243.64 -167868.04
V 2312 -713243.71 -167867.50
V 2320 -713243.79 -167866.97
V 2328 -713243.90 -167866.44
V 2336 -713244.10 -167865.63
V 2344 -713391.99 -167304.75
V 2352 -713391.99 -166969.10
V 2360 -713392.00 -166968.56
V 2368 -713392.03 -166968.02
V 2376 -713392.08 -166967.48
V 2384 -713392.15 -166966.94
V 2392 -713392.23 -166966.41
V 2400 -713392.34 -166965.88
V 2408 -713392.54 -166965.07
V 2416 -713540.43 -166404.19
V 2424 -713540.43 -166068.54
V 2432 -713540.44 -166068.00
V 2440 -713540.47 -166067.46
V 2448 -713540.52 -166066.92
V 2456 -713540.59 -166066.38
V 2464 -713540.67 -166065.85
V 2472 -713540.78 -166065.32
V 2480 -713540.98 -166064.51
V 2488 -713688.87 -165503.63
V 2496 -713688.87 -165167.99
V 2504 -713688.88 -165167.45
V 2512 -713688.91 -165166.91
V 2520 -713688.96 -165166.37
V 2528 -713689.03 -165165.83
V 2536 -713689.11 -165165.30
V 2544 -713689.22 -165164.77
V 2552 -713689.42 -165163.96
V 2560 -713837.31 -164603.08
V 2568 -713837.31 -164267.47
V 2576 -713837.32 -164266.93
V 2584 -713837.35 -164266.39
V 2592 -713837.40 -164265.85
V 2600 -713837.47 -164265.31
V 2608 -713837.55 -164264.78
V 2616 -713837.66 -164264.25
V 2624 -713837.86 -164263.44
V 2632 -713985.76 -163702.56
V 2640 -713985.76 -162603.99
V 2648 -713985.49 -162602.39
V 2656 -713985.36 -162601.42
V 2664 -713985.29 -162600.45
V 2672 -713985.29 -162599.47
V 2680 -713994.26 -162284.53
V 2688 -713994.26 -160451.13
V 2696 -713965.07 -160417.40
V 2704 -713962.35 -160412.82
V 2712 -713961.41 -160407.58
V 2720 -713961.41 -159610.85
V 2728 -713932.21 -159577.12
V 2736 -713929.49 -159572.54
V 2744 -713928.55 -159567.30
V 2752 -713928.55 -158770.58
V 2760 -713899.35 -158736.85
V 2768 -713896.63 -158732.27
V 2776 -713895.69 -158727.03
V 2784 -713895.69 -157930.58
V 2792 -713866.50 -157896.85
V 2800 -713863.78 -157892.27
V 2808 -713862.84 -157887.03
V 2816 -713862.84 -157090.04
V 2824 -713833.64 -157056.31
V 2832 -713830.92 -157051.73
V 2840 -713829.98 -157046.49
V 2848 -713829.98 -156250.02
V 2856 -713800.79 -156216.29
V 2864 -713798.07 -156211.71
V 2872 -713797.13 -156206.47
V 2880 -713797.13 -155409.50
V 2888 -713767.93 -155375.77
V 2896 -713765.21 -155371.19
V 2904 -713764.27 -155365.95
V 2912 -713764.27 -154569.46
V 2920 -713735.08 -154535.73
V 2928 -713732.36 -154531.15
V 2936 -713731.42 -154525.91
V 2944 -713731.42 -153728.96
V 2952 -713621.98 -153602.52
V 2960 -713619.54 -153598.62
V 2968 -713618.39 -153594.17
V 2976 -713559.87 -152999.98
V 2984 -713410.47 -152769.00
V 2992 -713410.46 -152768.98
V 3000 -713410.22 -152768.58
V 3008 -713409.95 -152768.11
V 3016 -713409.69 -152767.64
V 3024 -713409.46 -152767.15
V 3032 -713409.24 -152766.65
V 3040 -713409.04 -152766.15
V 3048 -713408.86 -152765.64
V 3056 -713408.69 -152765.12
V 3064 -713408.55 -152764.60
V 3072 -713408.42 -152764.07
V 3080 -713408.31 -152763.54
V 3088 -713408.26 -152763.20
V 3096 -713408.25 -152763.18
V 3104 -713304.93 -152106.61
V 3112 -713213.49 -151958.81
V 3120 -713213.48 -151958.78
V 3128 -713213.40 -151958.65
V 3136 -713213.13 -151958.18
V 3144 -713212.87 -151957.71
V 3152 -713212.64 -151957.22
V 3160 -713212.42 -151956.72
V 3168 -713212.22 -151956.22
V 3176 -713212.04 -151955.71
V 3184 -713211.87 -151955.19
V 3192 -713211.73 -151954.67
V 3200 -713211.60 -151954.14
V 3208 -713211.49 -151953.61
V 3216 -713102.00 -151263.16
V 3224 -713011.65 -151116.99
V 3232 -713011.64 -151116.96
V 3240 -713011.56 -151116.83
V 3248 -713011.29 -151116.36
V 3256 -713011.03 -151115.89
V 3264 -713010.80 -151115.40
V 3272 -713010.58 -151114.90
V 3280 -713010.38 -151114.40
V 3288 -713010.20 -151113.89
V 3296 -713010.03 -151113.37
V 3304 -713009.89 -151112.85
V 3312 -713009.76 -151112.32
V 3320 -713009.65 -151111.79
V 3328 -712900.07 -150420.85
V 3336 -712809.74 -150274.70
V 3344 -712809.73 -150274.67
V 3352 -712809.65 -150274.54
V 3360 -712809.38 -150274.07
V 3368 -712809.12 -150273.60
V 3376 -712808.89 -150273.11
V 3384 -712808.67 -150272.61
V 3392 -712808.47 -150272.11
V 3400 -712808.29 -150271.60
V 3408 -712808.12 -150271.08
V 3416 -712807.98 -150270.56
V 3424 -712807.85 -150270.03
V 3432 -712807.74 -150269.50
V 3440 -712698.12 -149578.30
V 3448 -712607.79 -149432.17
V 3456 -712607.78 -149432.14
V 3464 -712607.70 -149432.01
V 3472 -712607.43 -149431.54
V 3480 -712607.17 -149431.07
V 3488 -712606.94 -149430.58
V 3496 -712606.72 -149430.08
V 3504 -712606.52 -149429.58
V 3512 -712606.34 -149429.07
V 3520 -712606.17 -149428.55
V 3528 -712606.03 -149428.03
V 3536 -712605.90 -149427.50
V 3544 -712605.79 -149426.97
V 3552 -712496.21 -148736.05
V 3560 -712405.89 -148589.90
V 3568 -712405.88 -148589.87
V 3576 -712405.80 -148589.74
V 3584 -712405.53 -148589.27
V 3592 -712405.27 -148588.80
V 3600 -712405.04 -148588.31
V 3608 -712404.82 -148587.81
V 3616 -712404.62 -148587.31
V 3624 -712404.44 -148586.80
V 3632 -712404.27 -148586.28
V 3640 -712404.13 -148585.76
V 3648 -712404.00 -148585.23
V 3656 -712403.89 -148584.70
V 3664 -712294.27 -147893.56
V 3672 -712203.94 -147747.41
V 3680 -712203.93 -147747.38
V 3688 -712203.85 -147747.25
V 3696 -712203.58 -147746.78
V 3704 -712203.32 -147746.31
V 3712 -712203.09 -147745.82
V 3720 -712202.87 -147745.32
V 3728 -712202.67 -147744.82
V 3736 -712202.49 -147744.31
V 3744 -712202.32 -147743.79
V 3752 -712202.18 -147743.27
V 3760 -712202.05 -147742.74
V 3768 -712201.94 -147742.21
V 3776 -712092.35 -147051.20
V 3784 -712002.02 -146905.06
V 3792 -712002.01 -146905.03
V 3800 -712001.93 -146904.90
V 3808 -712001.66 -146904.43
V 3816 -712001.40 -146903.96
V 3824 -712001.17 -146903.47
V 3832 -712000.95 -146902.97
V 3840 -712000.75 -146902.47
V 3848 -712000.57 -146901.96
V 3856 -712000.40 -146901.44
V 3864 -712000.26 -146900.92
V 3872 -712000.13 -146900.39
V 3880 -712000.02 -146899.86
V 3888 -711890.42 -146208.80
V 3896 -711800.09 -146062.65
V 3904 -711800.08 -146062.62
V 3912 -711800.00 -146062.49
V 3920 -711799.73 -146062.02
V 3928 -711799.47 -146061.55
V 3936 -711799.24 -146061.06
V 3944 -711799.02 -146060.56
V 3952 -711798.82 -146060.06
V 3960 -711798.64 -146059.55
V 3968 -711798.47 -146059.03
V 3976 -711798.33 -146058.51
V 3984 -711798.20 -146057.98
V 3992 -711798.09 -146057.45
V 4000 -711688.48 -145366.39
V 4008 -711495.82 -145054.67
V 4016 -711495.76 -145054.56
V 4024 -711495.49 -145054.09
V 4032 -711495.23 -145053.62
V 4040 -711495.00 -145053.13
V 4048 -711494.78 -145052.63
V 4056 -711494.58 -145052.13
V 4064 -711494.44 -145051.73
V 4072 -711494.41 -145051.67
V 4080 -711204.87 -144201.57
V 4088 -711066.35 -144040.38
V 4096 -711066.23 -144040.24
V 4104 -711066.01 -144039.97
V 4112 -711065.68 -144039.55
V 4120 -711065.36 -144039.11
V 4128 -711065.05 -144038.66
V 4136 -711064.77 -144038.20
V 4144 -711064.50 -144037.73
V 4152 -711064.24 -144037.26
V 4160 -711064.01 -144036.77
V 4168 -711063.79 -144036.27
V 4176 -711063.57 -144035.72
V 4184 -710811.68 -143360.85
V 4192 -710695.46 -143223.71
V 4200 -710695.38 -143223.63
V 4208 -710695.03 -143223.21
V 4216 -710694.70 -143222.79
V 4224 -710694.38 -143222.35
V 4232 -710694.07 -143221.90
V 4240 -710693.79 -143221.44
V 4248 -710693.52 -143220.97
V 4256 -710693.26 -143220.50
V 4264 -710693.03 -143220.01
V 4272 -710692.81 -143219.51
V 4280 -710692.59 -143218.96
V 4288 -710437.93 -142537.29
V 4296 -710321.93 -142400.40
V 4304 -710321.85 -142400.32
V 4312 -710321.50 -142399.90
V 4320 -710321.17 -142399.48
V 4328 -710320.85 -142399.04
V 4336 -710320.54 -142398.59
V 4344 -710320.26 -142398.13
V 4352 -710319.99 -142397.66
V 4360 -710319.73 -142397.19
V 4368 -710319.50 -142396.70
V 4376 -710319.28 -142396.20
V 4384 -710319.06 -142395.65
V 4392 -710064.36 -141713.90
V 4400 -709948.37 -141577.02
V 4408 -709948.29 -141576.94
V 4416 -709947.94 -141576.52
V 4424 -709947.61 -141576.10
V 4432 -709947.29 -141575.66
V 4440 -709946.98 -141575.21
V 4448 -709946.70 -141574.75
V 4456 -709946.43 -141574.28
V 4464 -709946.17 -141573.81
V 4472 -709945.94 -141573.32
V 4480 -709945.72 -141572.82
V 4488 -709945.50 -141572.27
V 4496 -709690.80 -140890.52
V 4504 -709574.80 -140753.64
V 4512 -709574.72 -140753.56
V 4520 -709574.37 -140753.14
V 4528 -709574.04 -140752.72
V 4536 -709573.72 -140752.28
V 4544 -709573.41 -140751.83
V 4552 -709573.13 -140751.37
V 4560 -709572.86 -140750.90
V 4568 -709572.60 -140750.43
V 4576 -709572.37 -140749.94
V 4584 -709572.15 -140749.44
V 4592 -709571.93 -140748.89
V 4600 -709317.25 -140067.17
V 4608 -709201.25 -139930.28
V 4616 -709201.17 -139930.20
V 4624 -709200.82 -139929.78
V 4632 -709200.49 -139929.36
V 4640 -709200.17 -139928.92
V 4648 -709199.86 -139928.47
V 4656 -709199.58 -139928.01
V 4664 -709199.31 -139927.54
V 4672 -709199.05 -139927.07
V 4680 -709198.82 -139926.58
V 4688 -709198.60 -139926.08
V 4696 -709198.38 -139925.53
V 4704 -708943.69 -139243.79
V 4712 -708827.68 -139106.89
V 4720 -708827.60 -139106.81
V 4728 -708827.25 -139106.39
V 4736 -708826.92 -139105.97
V 4744 -708826.60 -139105.53
V 4752 -708826.29 -139105.08
V 4760 -708826.01 -139104.62
V 4768 -708825.74 -139104.15
V 4776 -708825.48 -139103.68
V 4784 -708825.25 -139103.19
V 4792 -708825.03 -139102.69
V 4800 -708824.81 -139102.14
V 4808 -708570.12 -138420.44
V 4816 -708454.13 -138283.54
V 4824 -708454.05 -138283.46
V 4832 -708453.70 -138283.04
V 4840 -708453.37 -138282.62
V 4848 -708453.05 -138282.18
V 4856 -708452.74 -138281.73
V 4864 -708452.46 -138281.27
V 4872 -708452.19 -138280.80
V 4880 -708451.93 -138280.33
V 4888 -708451.70 -138279.84
V 4896 -708451.48 -138279.34
V 4904 -708451.26 -138278.79
V 4912 -708232.52 -137693.30
V 4920 -707622.08 -136635.51
V 4928 -707462.14 -136495.36
V 4936 -707462.11 -136495.33
V 4944 -707461.91 -136495.15
V 4952 -707461.52 -136494.78
V 4960 -707461.14 -136494.40
V 4968 -707460.77 -136494.00
V 4976 -707460.42 -136493.58
V 4984 -707460.09 -136493.16
V 4992 -707459.77 -136492.72
V 5000 -707459.46 -136492.27
V 5008 -707459.30 -136492.00
V 5016 -707459.27 -136491.97
V 5024 -707044.04 -135820.01
V 5032 -706897.47 -135690.35
V 5040 -706897.08 -135689.98
V 5048 -706896.70 -135689.60
V 5056 -706896.33 -135689.20
V 5064 -706895.98 -135688.78
V 5072 -706895.65 -135688.36
V 5080 -706895.33 -135687.92
V 5088 -706895.02 -135687.47
V 5096 -706894.86 -135687.20
V 5104 -706894.83 -135687.17
V 5112 -706478.14 -135013.13
V 5120 -706331.67 -134883.53
V 5128 -706331.28 -134883.16
V 5136 -706330.90 -134882.78
V 5144 -706330.53 -134882.38
V 5152 -706330.18 -134881.96
V 5160 -706329.85 -134881.54
V 5168 -706329.53 -134881.10
V 5176 -706329.22 -134880.65
V 5184 -706329.06 -134880.38
V 5192 -706329.03 -134880.35
V 5200 -705912.31 -134206.29
V 5208 -705765.83 -134076.69
V 5216 -705765.44 -134076.32
V 5224 -705765.06 -134075.94
V 5232 -705764.69 -134075.54
V 5240 -705764.34 -134075.12
V 5248 -705764.01 -134074.70
V 5256 -705763.69 -134074.26
V 5264 -705763.38 -134073.81
V 5272 -705763.22 -134073.54
V 5280 -705763.19 -134073.51
V 5288 -705346.49 -133399.46
V 5296 -705200.01 -133269.85
V 5304 -705199.62 -133269.48
V 5312 -705199.24 -133269.10
V 5320 -705198.87 -133268.70
V 5328 -705198.52 -133268.28
V 5336 -705198.19 -133267.86
V 5344 -705197.87 -133267.42
V 5352 -705197.56 -133266.97
V 5360 -705197.40 -133266.70
V 5368 -705197.37 -133266.67
V 5376 -704780.66 -132592.62
V 5384 -704634.19 -132463.02
V 5392 -704633.80 -132462.65
V 5400 -704633.42 -132462.27
V 5408 -704633.05 -132461.87
V 5416 -704632.70 -132461.45
V 5424 -704632.37 -132461.03
V 5432 -704632.05 -132460.59
V 5440 -704631.74 -132460.14
V 5448 -704631.58 -132459.87
V 5456 -704631.55 -132459.84
V 5464 -704214.83 -131785.78
V 5472 -704068.35 -131656.17
V 5480 -704067.96 -131655.80
V 5488 -704067.58 -131655.42
V 5496 -704067.21 -131655.02
V 5504 -704066.86 -131654.60
V 5512 -704066.53 -131654.18
V 5520 -704066.21 -131653.74
V 5528 -704065.90 -131653.29
V 5536 -704065.74 -131653.02
V 5544 -704065.71 -131652.99
V 5552 -703373.42 -130533.14
V 5560 -703068.40 -130161.46
V 5568 -702878.30 -130036.92
V 5576 -702878.28 -130036.90
V 5584 -702878.10 -130036.79
V 5592 -702877.66 -130036.47
V 5600 -702877.23 -130036.15
V 5608 -702876.81 -130035.80
V 5616 -702876.40 -130035.44
V 5624 -702876.01 -130035.07
V 5632 -702875.63 -130034.69
V 5640 -702259.20 -129367.00
V 5648 -702098.70 -129260.51
V 5656 -700549.42 -129260.51
V 5664 -700549.42 -129230.51
V 5672 -702103.22 -129230.51
V 5680 -702107.55 -129231.15
V 5688 -702111.51 -129233.01
V 5696 -702277.24 -129342.97
V 5704 -702277.43 -129343.09
V 5712 -702277.87 -129343.41
V 5720 -702278.30 -129343.73
V 5728 -702278.72 -129344.08
V 5736 -702279.13 -129344.44
V 5744 -702279.52 -129344.81
V 5752 -702279.90 -129345.19
V 5760 -702896.29 -130012.83
V 5768 -703086.77 -130137.63
V 5776 -703086.97 -130137.76
V 5784 -703087.41 -130138.08
V 5792 -703087.84 -130138.40
V 5800 -703088.26 -130138.75
V 5808 -703088.67 -130139.11
V 5816 -703089.06 -130139.48
V 5824 -703089.44 -130139.86
V 5832 -703089.81 -130140.26
V 5840 -703090.12 -130140.64
V 5848 -703090.15 -130140.66
V 5856 -703397.24 -130514.85
V 5864 -703397.29 -130514.93
V 5872 -703397.58 -130515.29
V 5880 -703397.90 -130515.73
V 5888 -703398.21 -130516.18
V 5896 -703398.35 -130516.41
V 5904 -703398.40 -130516.48
V 5912 -704090.08 -131635.34
V 5920 -704236.56 -131764.95
V 5928 -704236.95 -131765.32
V 5936 -704237.33 -131765.70
V 5944 -704237.70 -131766.10
V 5952 -704238.05 -131766.52
V 5960 -704238.38 -131766.94
V 5968 -704238.70 -131767.38
V 5976 -704239.01 -131767.83
V 5984 -704239.17 -131768.10
V 5992 -704239.20 -131768.13
V 6000 -704655.92 -132442.20
V 6008 -704802.39 -132571.80
V 6016 -704802.78 -132572.17
V 6024 -704803.16 -132572.55
V 6032 -704803.53 -132572.95
V 6040 -704803.88 -132573.37
V 6048 -704804.21 -132573.79
V 6056 -704804.53 -132574.23
V 6064 -704804.84 -132574.68
V 6072 -704805.00 -132574.95
V 6080 -704805.03 -132574.98
V 6088 -705221.74 -133249.02
V 6096 -705368.22 -133378.63
V 6104 -705368.61 -133379.00
V 6112 -705368.99 -133379.38
V 6120 -705369.36 -133379.78
V 6128 -705369.71 -133380.20
V 6136 -705370.04 -133380.62
V 6144 -705370.36 -133381.06
V 6152 -705370.67 -133381.51
V 6160 -705370.83 -133381.78
V 6168 -705370.86 -133381.81
V 6176 -705787.56 -134055.86
V 6184 -705934.04 -134185.46
V 6192 -705934.43 -134185.83
V 6200 -705934.81 -134186.21
V 6208 -705935.18 -134186.61
V 6216 -705935.53 -134187.03
V 6224 -705935.86 -134187.45
V 6232 -705936.18 -134187.89
V 6240 -705936.49 -134188.34
V 6248 -705936.65 -134188.61
V 6256 -705936.68 -134188.64
V 6264 -706353.40 -134862.71
V 6272 -706499.87 -134992.31
V 6280 -706500.26 -134992.68
V 6288 -706500.64 -134993.06
V 6296 -706501.01 -134993.46
V 6304 -706501.36 -134993.88
V 6312 -706501.69 -134994.30
V 6320 -706502.01 -134994.74
V 6328 -706502.32 -134995.19
V 6336 -706502.48 -134995.46
V 6344 -706502.51 -134995.49
V 6352 -706919.20 -135669.52
V 6360 -707065.77 -135799.19
V 6368 -707066.16 -135799.56
V 6376 -707066.54 -135799.94
V 6384 -707066.91 -135800.34
V 6392 -707067.26 -135800.76
V 6400 -707067.59 -135801.18
V 6408 -707067.91 -135801.62
V 6416 -707068.22 -135802.07
V 6424 -707068.38 -135802.34
V 6432 -707068.41 -135802.37
V 6440 -707483.61 -136474.28
V 6448 -707643.72 -136614.58
V 6456 -707643.74 -136614.61
V 6464 -707643.95 -136614.79
V 6472 -707644.34 -136615.16
V 6480 -707644.72 -136615.54
V 6488 -707645.09 -136615.94
V 6496 -707645.44 -136616.36
V 6504 -707645.77 -136616.78
V 6512 -707646.09 -136617.22
V 6520 -707646.40 -136617.67
V 6528 -707646.68 -136618.13
V 6536 -707646.79 -136618.33
V 6544 -707646.82 -136618.36
V 6552 -708259.12 -137679.38
V 6560 -708259.16 -137679.46
V 6568 -708259.51 -137680.09
V 6576 -708259.74 -137680.58
V 6584 -708259.96 -137681.08
V 6592 -708260.16 -137681.58
V 6600 -708260.17 -137681.61
V 6608 -708260.18 -137681.63
V 6616 -708478.44 -138265.84
V 6624 -708594.43 -138402.74
V 6632 -708594.51 -138402.82
V 6640 -708594.86 -138403.24
V 6648 -708595.19 -138403.66
V 6656 -708595.51 -138404.10
V 6664 -708595.82 -138404.55
V 6672 -708596.10 -138405.01
V 6680 -708596.37 -138405.48
V 6688 -708596.63 -138405.95
V 6696 -708596.86 -138406.44
V 6704 -708597.08 -138406.94
V 6712 -708597.30 -138407.49
V 6720 -708851.99 -139089.19
V 6728 -708968.00 -139226.09
V 6736 -708968.08 -139226.17
V 6744 -708968.43 -139226.59
V 6752 -708968.76 -139227.01
V 6760 -708969.08 -139227.45
V 6768 -708969.39 -139227.90
V 6776 -708969.67 -139228.36
V 6784 -708969.94 -139228.83
V 6792 -708970.20 -139229.30
V 6800 -708970.43 -139229.79
V 6808 -708970.65 -139230.29
V 6816 -708970.87 -139230.84
V 6824 -709225.56 -139912.58
V 6832 -709341.56 -140049.47
V 6840 -709341.64 -140049.55
V 6848 -709341.99 -140049.97
V 6856 -709342.32 -140050.39
V 6864 -709342.64 -140050.83
V 6872 -709342.95 -140051.28
V 6880 -709343.23 -140051.74
V 6888 -709343.50 -140052.21
V 6896 -709343.76 -140052.68
V 6904 -709343.99 -140053.17
V 6912 -709344.21 -140053.67
V 6920 -709344.43 -140054.22
V 6928 -709599.11 -140735.94
V 6936 -709715.11 -140872.82
V 6944 -709715.19 -140872.90
V 6952 -709715.54 -140873.32
V 6960 -709715.87 -140873.74
V 6968 -709716.19 -140874.18
V 6976 -709716.50 -140874.63
V 6984 -709716.78 -140875.09
V 6992 -709717.05 -140875.56
V 7000 -709717.31 -140876.03
V 7008 -709717.54 -140876.52
V 7016 -709717.76 -140877.02
V 7024 -709717.98 -140877.57
V 7032 -709972.68 -141559.32
V 7040 -710088.67 -141696.20
V 7048 -710088.75 -141696.28
V 7056 -710089.10 -141696.70
V 7064 -710089.43 -141697.12
V 7072 -710089.75 -141697.56
V 7080 -710090.06 -141698.01
V 7088 -710090.34 -141698.47
V 7096 -710090.61 -141698.94
V 7104 -710090.87 -141699.41
V 7112 -710091.10 -141699.90
V 7120 -710091.32 -141700.40
V 7128 -710091.54 -141700.95
V 7136 -710346.24 -142382.70
V 7144 -710462.24 -142519.59
V 7152 -710462.32 -142519.67
V 7160 -710462.67 -142520.09
V 7168 -710463.00 -142520.51
V 7176 -710463.32 -142520.95
V 7184 -710463.63 -142521.40
V 7192 -710463.91 -142521.86
V 7200 -710464.18 -142522.33
V 7208 -710464.44 -142522.80
V 7216 -710464.67 -142523.29
V 7224 -710464.89 -142523.79
V 7232 -710465.11 -142524.34
V 7240 -710719.77 -143206.01
V 7248 -710836.00 -143343.15
V 7256 -710836.08 -143343.23
V 7264 -710836.43 -143343.65
V 7272 -710836.76 -143344.07
V 7280 -710837.08 -143344.51
V 7288 -710837.39 -143344.96
V 7296 -710837.67 -143345.42
V 7304 -710837.94 -143345.89
V 7312 -710838.20 -143346.36
V 7320 -710838.43 -143346.85
V 7328 -710838.65 -143347.35
V 7336 -710838.87 -143347.90
V 7344 -711090.73 -144022.70
V 7352 -711229.40 -144184.07
V 7360 -711229.52 -144184.21
V 7368 -711229.74 -144184.48
V 7376 -711230.07 -144184.90
V 7384 -711230.39 -144185.34
V 7392 -711230.70 -144185.79
V 7400 -711230.98 -144186.25
V 7408 -711231.25 -144186.72
V 7416 -711231.51 -144187.19
V 7424 -711231.74 -144187.68
V 7432 -711231.96 -144188.18
V 7440 -711232.16 -144188.68
V 7448 -711232.31 -144189.10
V 7456 -711232.33 -144189.14
V 7464 -711522.26 -145040.39
V 7472 -711715.58 -145353.16
V 7480 -711715.59 -145353.19
V 7488 -711715.67 -145353.32
V 7496 -711715.94 -145353.79
V 7504 -711716.20 -145354.26
V 7512 -711716.43 -145354.75
V 7520 -711716.65 -145355.25
V 7528 -711716.85 -145355.75
V 7536 -711717.03 -145356.26
V 7544 -711717.20 -145356.78
V 7552 -711717.34 -145357.30
V 7560 -711717.47 -145357.83
V 7568 -711717.58 -145358.36
V 7576 -711827.19 -146049.42
V 7584 -711917.52 -146195.57
V 7592 -711917.53 -146195.60
V 7600 -711917.61 -146195.73
V 7608 -711917.88 -146196.20
V 7616 -711918.14 -146196.67
V 7624 -711918.37 -146197.16
V 7632 -711918.59 -146197.66
V 7640 -711918.79 -146198.16
V 7648 -711918.97 -146198.67
V 7656 -711919.14 -146199.19
V 7664 -711919.28 -146199.71
V 7672 -711919.41 -146200.24
V 7680 -711919.52 -146200.77
V 7688 -712029.12 -146891.83
V 7696 -712119.45 -147037.97
V 7704 -712119.46 -147038.00
V 7712 -712119.54 -147038.13
V 7720 -712119.81 -147038.60
V 7728 -712120.07 -147039.07
V 7736 -712120.30 -147039.56
V 7744 -712120.52 -147040.06
V 7752 -712120.72 -147040.56
V 7760 -712120.90 -147041.07
V 7768 -712121.07 -147041.59
V 7776 -712121.21 -147042.11
V 7784 -712121.34 -147042.64
V 7792 -712121.45 -147043.17
V 7800 -712231.04 -147734.18
V 7808 -712321.37 -147880.33
V 7816 -712321.38 -147880.36
V 7824 -712321.46 -147880.49
V 7832 -712321.73 -147880.96
V 7840 -712321.99 -147881.43
V 7848 -712322.22 -147881.92
V 7856 -712322.44 -147882.42
V 7864 -712322.64 -147882.92
V 7872 -712322.82 -147883.43
V 7880 -712322.99 -147883.95
V 7888 -712323.13 -147884.47
V 7896 -712323.26 -147885.00
V 7904 -712323.37 -147885.53
V 7912 -712432.99 -148576.67
V 7920 -712523.31 -148722.82
V 7928 -712523.32 -148722.85
V 7936 -712523.40 -148722.98
V 7944 -712523.67 -148723.45
V 7952 -712523.93 -148723.92
V 7960 -712524.16 -148724.41
V 7968 -712524.38 -148724.91
V 7976 -712524.58 -148725.41
V 7984 -712524.76 -148725.92
V 7992 -712524.93 -148726.44
V 8000 -712525.07 -148726.96
V 8008 -712525.20 -148727.49
V 8016 -712525.31 -148728.02
V 8024 -712634.89 -149418.94
V 8032 -712725.22 -149565.07
V 8040 -712725.23 -149565.10
V 8048 -712725.31 -149565.23
V 8056 -712725.58 -149565.70
V 8064 -712725.84 -149566.17
V 8072 -712726.07 -149566.66
V 8080 -712726.29 -149567.16
V 8088 -712726.49 -149567.66
V 8096 -712726.67 -149568.17
V 8104 -712726.84 -149568.69
V 8112 -712726.98 -149569.21
V 8120 -712727.11 -149569.74
V 8128 -712727.22 -149570.27
V 8136 -712836.84 -150261.47
V 8144 -712927.17 -150407.62
V 8152 -712927.18 -150407.65
V 8160 -712927.26 -150407.78
V 8168 -712927.53 -150408.25
V 8176 -712927.79 -150408.72
V 8184 -712928.02 -150409.21
V 8192 -712928.24 -150409.71
V 8200 -712928.44 -150410.21
V 8208 -712928.62 -150410.72
V 8216 -712928.79 -150411.24
V 8224 -712928.93 -150411.76
V 8232 -712929.06 -150412.29
V 8240 -712929.17 -150412.82
V 8248 -713038.75 -151103.76
V 8256 -713129.10 -151249.93
V 8264 -713129.11 -151249.96
V 8272 -713129.19 -151250.09
V 8280 -713129.46 -151250.56
V 8288 -713129.72 -151251.03
V 8296 -713129.95 -151251.52
V 8304 -713130.17 -151252.02
V 8312 -713130.37 -151252.52
V 8320 -713130.55 -151253.03
V 8328 -713130.72 -151253.55
V 8336 -713130.86 -151254.07
V 8344 -713130.99 -151254.60
V 8352 -713131.10 -151255.13
V 8360 -713240.59 -151945.58
V 8368 -713332.04 -152093.40
V 8376 -713332.05 -152093.43
V 8384 -713332.13 -152093.56
V 8392 -713332.40 -152094.03
V 8400 -713332.66 -152094.50
V 8408 -713332.89 -152094.99
V 8416 -713333.11 -152095.49
V 8424 -713333.31 -152095.99
V 8432 -713333.49 -152096.50
V 8440 -713333.66 -152097.02
V 8448 -713333.80 -152097.54
V 8456 -713333.93 -152098.07
V 8464 -713334.04 -152098.60
V 8472 -713334.09 -152098.93
V 8480 -713334.10 -152098.96
V 8488 -713437.39 -152755.36
V 8496 -713587.04 -152986.73
V 8504 -713587.05 -152986.75
V 8512 -713587.29 -152987.15
V 8520 -713587.56 -152987.62
V 8528 -713587.82 -152988.09
V 8536 -713588.05 -152988.58
V 8544 -713588.27 -152989.08
V 8552 -713588.47 -152989.58
V 8560 -713588.65 -152990.09
V 8568 -713588.82 -152990.61
V 8576 -713588.96 -152991.13
V 8584 -713589.09 -152991.66
V 8592 -713589.20 -152992.19
V 8600 -713589.28 -152992.72
V 8608 -713589.35 -152993.26
V 8616 -713589.36 -152993.39
V 8624 -713589.37 -152993.41
V 8632 -713647.78 -153586.49
V 8640 -713757.76 -153713.55
V 8648 -713760.48 -153718.13
V 8656 -713761.42 -153723.37
V 8664 -713761.42 -154520.32
V 8672 -713790.61 -154554.05
V 8680 -713793.33 -154558.63
V 8688 -713794.27 -154563.87
V 8696 -713794.27 -155360.36
V 8704 -713823.47 -155394.09
V 8712 -713826.19 -155398.67
V 8720 -713827.13 -155403.91
V 8728 -713827.13 -156200.88
V 8736 -713856.32 -156234.61
V 8744 -713859.04 -156239.19
V 8752 -713859.98 -156244.43
V 8760 -713859.98 -157040.90
V 8768 -713889.18 -157074.63
V 8776 -713891.90 -157079.21
V 8784 -713892.84 -157084.45
V 8792 -713892.84 -157881.44
V 8800 -713922.03 -157915.17
V 8808 -713924.75 -157919.75
V 8816 -713925.69 -157924.99
V 8824 -713925.69 -158721.44
V 8832 -713954.89 -158755.17
V 8840 -713957.61 -158759.75
V 8848 -713958.55 -158764.99
V 8856 -713958.55 -159561.71
V 8864 -713987.75 -159595.44
V 8872 -713990.47 -159600.02
V 8880 -713991.41 -159605.26
V 8888 -713991.41 -160401.99
V 8896 -714020.60 -160435.72
V 8904 -714023.32 -160440.30
V 8912 -714024.26 -160445.54
V 8920 -714024.26 -162284.61
V 8928 -714024.25 -162285.15
V 8936 -714024.24 -162285.27
V 8944 -714015.31 -162598.85
V 8952 -714015.55 -162600.26
V 8960 -714015.67 -162601.09
V 8968 -714015.74 -162601.92
V 8976 -714015.76 -162602.75
V 8984 -714015.76 -163704.48
V 8992 -714015.75 -163705.02
V 9000 -714015.72 -163705.56
V 9008 -714015.67 -163706.10
V 9016 -714015.60 -163706.64
V 9024 -714015.52 -163707.17
V 9032 -714015.41 -163707.70
V 9040 -714015.21 -163708.51
V 9048 -713867.31 -164269.39
V 9056 -713867.31 -164605.00
V 9064 -713867.30 -164605.54
V 9072 -713867.27 -164606.08
V 9080 -713867.22 -164606.62
V 9088 -713867.15 -164607.16
V 9096 -713867.07 -164607.69
V 9104 -713866.96 -164608.22
V 9112 -713866.76 -164609.03
V 9120 -713718.87 -165169.91
V 9128 -713718.87 -165505.55
V 9136 -713718.86 -165506.09
V 9144 -713718.83 -165506.63
V 9152 -713718.78 -165507.17
V 9160 -713718.71 -165507.71
V 9168 -713718.63 -165508.24
V 9176 -713718.52 -165508.77
V 9184 -713718.32 -165509.58
V 9192 -713570.43 -166070.46
V 9200 -713570.43 -166406.11
V 9208 -713570.42 -166406.65
V 9216 -713570.39 -166407.19
V 9224 -713570.34 -166407.73
V 9232 -713570.27 -166408.27
V 9240 -713570.19 -166408.80
V 9248 -713570.08 -166409.33
V 9256 -713569.88 -166410.14
V 9264 -713421.99 -166971.02
V 9272 -713421.99 -167306.67
V 9280 -713421.98 -167307.21
V 9288 -713421.95 -167307.75
V 9296 -713421.90 -167308.29
V 9304 -713421.83 -167308.83
V 9312 -713421.75 -167309.36
V 9320 -713421.64 -167309.89
V 9328 -713421.44 -167310.70
V 9336 -713273.55 -167871.58
V 9344 -713273.55 -168207.22
V 9352 -713273.54 -168207.76
V 9360 -713273.51 -168208.30
V 9368 -713273.46 -168208.84
V 9376 -713273.39 -168209.38
V 9384 -713273.31 -168209.91
V 9392 -713273.20 -168210.44
V 9400 -713273.00 -168211.25
V 9408 -713125.11 -168772.13
V 9416 -713125.11 -169107.78
V 9424 -713125.10 -169108.32
V 9432 -713125.07 -169108.86
V 9440 -713125.02 -169109.40
V 9448 -713124.95 -169109.94
V 9456 -713124.87 -169110.47
V 9464 -713124.76 -169111.00
V 9472 -713124.56 -169111.81
V 9480 -712976.67 -169672.69
V 9488 -712976.67 -170008.38
V 9496 -712976.66 -170008.92
V 9504 -712976.63 -170009.46
V 9512 -712976.58 -170010.00
V 9520 -712976.51 -170010.54
V 9528 -712976.43 -170011.07
V 9536 -712976.32 -170011.60
V 9544 -712976.12 -170012.41
V 9552 -712828.22 -170573.29
V 9560 -712828.22 -170908.89
V 9568 -712828.21 -170909.43
V 9576 -712828.18 -170909.97
V 9584 -712828.13 -170910.51
V 9592 -712828.06 -170911.05
V 9600 -712827.98 -170911.58
V 9608 -712827.87 -170912.11
V 9616 -712827.67 -170912.92
V 9624 -712671.96 -171503.46
V 9632 -712671.96 -172287.69
V 9640 -712671.95 -172288.23
V 9648 -712671.92 -172288.77
V 9656 -712671.87 -172289.31
V 9664 -712671.80 -172289.85
V 9672 -712671.72 -172290.38
V 9680 -712671.61 -172290.91
V 9688 -712671.48 -172291.44
V 9696 -712671.34 -172291.96
V 9704 -712671.17 -172292.48
V 9712 -712670.99 -172292.99
V 9720 -712670.79 -172293.49
V 9728 -712670.65 -172293.80
V 9736 -712670.65 -172293.82
V 9744 -712148.78 -173460.25
V 9752 -712116.13 -173653.69
V 9760 -712116.10 -173653.87
V 9768 -712115.99 -173654.40
V 9776 -712115.86 -173654.93
V 9784 -712115.72 -173655.45
V 9792 -712115.55 -173655.97
V 9800 -712115.37 -173656.48
V 9808 -712115.17 -173656.98
V 9816 -712115.04 -173657.27
V 9824 -712115.03 -173657.31
V 9832 -711791.59 -174380.20
V 9840 -711758.95 -174573.60
V 9848 -711758.92 -174573.78
V 9856 -711758.81 -174574.31
V 9864 -711758.68 -174574.84
V 9872 -711758.54 -174575.36
V 9880 -711758.37 -174575.88
V 9888 -711758.19 -174576.39
V 9896 -711757.99 -174576.89
V 9904 -711757.86 -174577.18
V 9912 -711757.85 -174577.22
V 9920 -711434.29 -175300.40
V 9928 -711401.64 -175493.77
V 9936 -711401.61 -175493.95
V 9944 -711401.50 -175494.48
V 9952 -711401.37 -175495.01
V 9960 -711401.23 -175495.53
V 9968 -711401.06 -175496.05
V 9976 -711400.88 -175496.56
V 9984 -711400.68 -175497.06
V 9992 -711400.55 -175497.35
V 10000 -711400.54 -175497.39
V 10008 -711077.05 -176220.42
V 10016 -711044.39 -176413.86
V 10024 -711044.36 -176414.04
V 10032 -711044.25 -176414.57
V 10040 -711044.12 -176415.10
V 10048 -711043.98 -176415.62
V 10056 -711043.81 -176416.14
V 10064 -711043.63 -176416.65
V 10072 -711043.43 -176417.15
V 10080 -711043.30 -176417.44
V 10088 -711043.29 -176417.48
V 10096 -710719.86 -177140.36
V 10104 -710687.22 -177333.77
V 10112 -710687.19 -177333.95
V 10120 -710687.08 -177334.48
V 10128 -710686.95 -177335.01
V 10136 -710686.81 -177335.53
V 10144 -710686.64 -177336.05
V 10152 -710686.46 -177336.56
V 10160 -710686.26 -177337.06
V 10168 -710686.13 -177337.35
V 10176 -710686.12 -177337.39
V 10184 -710362.55 -178060.57
V 10192 -710329.91 -178253.94
V 10200 -710329.88 -178254.12
V 10208 -710329.77 -178254.65
V 10216 -710329.64 -178255.18
V 10224 -710329.50 -178255.70
V 10232 -710329.33 -178256.22
V 10240 -710329.15 -178256.73
V 10248 -710328.95 -178257.23
V 10256 -710328.82 -178257.52
V 10264 -710328.81 -178257.56
V 10272 -710005.32 -178980.59
V 10280 -709972.65 -179174.10
V 10288 -709972.62 -179174.28
V 10296 -709972.51 -179174.81
V 10304 -709972.38 -179175.34
V 10312 -709972.24 -179175.86
V 10320 -709972.07 -179176.38
V 10328 -709971.89 -179176.89
V 10336 -709971.69 -179177.39
V 10344 -709971.56 -179177.68
V 10352 -709971.55 -179177.72
V 10360 -709650.75 -179894.70
V 10368 -709579.20 -180323.61
V 10376 -709579.19 -180323.65
V 10384 -709579.16 -180323.83
V 10392 -709579.05 -180324.36
V 10400 -709578.92 -180324.89
V 10408 -709578.78 -180325.41
V 10416 -709578.61 -180325.93
V 10424 -709578.43 -180326.44
V 10432 -709578.23 -180326.94
V 10440 -709578.01 -180327.44
V 10448 -709577.78 -180327.93
V 10456 -708360.82 -182604.70
V 10464 -708360.67 -182604.98
V 10472 -708360.29 -182605.64
V 10480 -708360.01 -182606.10
V 10488 -708359.63 -182606.65
V 10496 -708359.59 -182606.71
V 10504 -707991.18 -183115.21
V 10512 -707905.00 -183320.56
V 10520 -707904.78 -183321.06
V 10528 -707904.55 -183321.55
V 10536 -707904.29 -183322.02
V 10544 -707904.02 -183322.49
V 10552 -707903.74 -183322.95
V 10560 -707903.43 -183323.40
V 10568 -707903.34 -183323.52
V 10576 -707903.32 -183323.56
V 10584 -707370.19 -184059.42
V 10592 -707284.02 -184264.76
V 10600 -707283.80 -184265.26
V 10608 -707283.57 -184265.75
V 10616 -707283.31 -184266.22
V 10624 -707283.04 -184266.69
V 10632 -707282.76 -184267.15
V 10640 -707282.45 -184267.60
V 10648 -707282.36 -184267.72
V 10656 -707282.34 -184267.76
V 10664 -706749.20 -185003.62
V 10672 -706663.03 -185208.97
V 10680 -706662.81 -185209.47
V 10688 -706662.58 -185209.96
V 10696 -706662.32 -185210.43
V 10704 -706662.05 -185210.90
V 10712 -706661.77 -185211.36
V 10720 -706661.46 -185211.81
V 10728 -706661.37 -185211.93
V 10736 -706661.35 -185211.97
V 10744 -706128.22 -185947.83
V 10752 -706042.05 -186153.17
V 10760 -706041.83 -186153.67
V 10768 -706041.60 -186154.16
V 10776 -706041.34 -186154.63
V 10784 -706041.07 -186155.10
V 10792 -706040.79 -186155.56
V 10800 -706040.48 -186156.01
V 10808 -706040.39 -186156.13
V 10816 -706040.37 -186156.17
V 10824 -705507.13 -186892.17
V 10832 -705420.97 -187097.47
V 10840 -705420.75 -187097.97
V 10848 -705420.52 -187098.46
V 10856 -705420.26 -187098.93
V 10864 -705419.99 -187099.40
V 10872 -705419.71 -187099.86
V 10880 -705419.40 -187100.31
V 10888 -705419.31 -187100.43
V 10896 -705419.29 -187100.47
V 10904 -704885.64 -187837.07
V 10912 -704805.15 -188028.71
V 10920 -704805.13 -188028.75
V 10928 -704804.93 -188029.20
V 10936 -704804.70 -188029.69
V 10944 -704804.44 -188030.16
V 10952 -704804.17 -188030.63
V 10960 -704803.89 -188031.09
V 10968 -704803.58 -188031.54
V 10976 -703854.27 -189352.73
V 10984 -703267.80 -190235.45
V 10992 -703267.49 -190235.90
V 11000 -703267.17 -190236.34
V 11008 -703266.84 -190236.76
V 11016 -703266.49 -190237.18
V 11024 -703266.12 -190237.58
V 11032 -703265.74 -190237.96
V 11040 -703265.35 -190238.33
V 11048 -703265.30 -190238.38
V 11056 -702280.83 -191130.32
V 11064 -702119.12 -191346.38
V 11072 -702119.10 -191346.40
V 11080 -702119.05 -191346.47
V 11088 -702118.72 -191346.89
V 11096 -702118.37 -191347.31
V 11104 -702118.00 -191347.71
V 11112 -702117.62 -191348.09
V 11120 -702117.18 -191348.51
V 11128 -701291.70 -192096.41
V 11136 -701129.94 -192312.56
V 11144 -701129.92 -192312.58
V 11152 -701129.87 -192312.65
V 11160 -701129.54 -192313.07
V 11168 -701129.19 -192313.49
V 11176 -701128.82 -192313.89
V 11184 -701128.44 -192314.27
V 11192 -701128.00 -192314.69
V 11200 -700302.33 -193062.76
V 11208 -700140.69 -193278.74
V 11216 -700140.67 -193278.76
V 11224 -700140.62 -193278.83
V 11232 -700140.29 -193279.25
V 11240 -700139.94 -193279.67
V 11248 -700139.57 -193280.07
V 11256 -700139.19 -193280.45
V 11264 -700138.75 -193280.87
V 11272 -699313.19 -194028.83
V 11280 -699151.57 -194244.80
V 11288 -699151.55 -194244.82
V 11296 -699151.50 -194244.89
V 11304 -699151.17 -194245.31
V 11312 -699150.82 -194245.73
V 11320 -699150.45 -194246.13
V 11328 -699150.07 -194246.51
V 11336 -699149.63 -194246.93
V 11344 -698323.47 -194995.44
V 11352 -698165.85 -195205.98
V 11360 -698165.83 -195206.00
V 11368 -698165.78 -195206.07
V 11376 -698165.45 -195206.49
V 11384 -698165.10 -195206.91
V 11392 -698164.73 -195207.31
V 11400 -698164.35 -195207.69
V 11408 -698163.93 -195208.09
V 11416 -697115.81 -196160.86
V 11424 -696342.70 -197050.89
V 11432 -696342.48 -197051.16
V 11440 -696342.11 -197051.56
V 11448 -696341.73 -197051.94
V 11456 -696341.34 -197052.31
V 11464 -696340.93 -197052.67
V 11472 -696340.51 -197053.02
V 11480 -696340.08 -197053.34
V 11488 -696339.64 -197053.66
V 11496 -696339.18 -197053.95
V 11504 -696338.77 -197054.20
V 11512 -696338.75 -197054.21
V 11520 -696338.69 -197054.25
V 11528 -694362.73 -198204.90
V 11536 -694079.18 -198429.61
V 11544 -694079.14 -198429.63
V 11552 -694078.72 -198429.95
V 11560 -694078.28 -198430.27
V 11568 -694077.42 -198430.81
V 11576 -694077.39 -198430.82
V 11584 -694077.33 -198430.86
V 11592 -692774.98 -199189.25
V 11600 -692491.55 -199413.88
V 11608 -692491.51 -199413.90
V 11616 -692491.09 -199414.22
V 11624 -692490.65 -199414.54
V 11632 -692489.79 -199415.08
V 11640 -692489.76 -199415.09
V 11648 -692489.70 -199415.13
V 11656 -691186.81 -200173.83
V 11664 -690903.55 -200398.32
V 11672 -690903.51 -200398.34
V 11680 -690903.09 -200398.66
V 11688 -690902.65 -200398.98
V 11696 -690901.79 -200399.52
V 11704 -690901.76 -200399.53
V 11712 -690901.70 -200399.57
V 11720 -689611.89 -201150.53
V 11728 -689203.36 -201476.60
V 11736 -689203.24 -201476.70
V 11744 -689202.81 -201477.02
V 11752 -689202.37 -201477.34
V 11760 -689201.91 -201477.63
V 11768 -689201.45 -201477.91
V 11776 -689201.04 -201478.14
V 11784 -687840.96 -202205.13
V 11792 -687840.92 -202205.15
V 11800 -687840.43 -202205.40
V 11808 -687839.94 -202205.63
V 11816 -687839.80 -202205.69
V 11824 -687839.77 -202205.70
V 11832 -685178.47 -203340.79
V 11840 -685178.41 -203340.82
V 11848 -685178.32 -203340.86
V 11856 -685178.24 -203340.89
V 11864 -685178.15 -203340.92
V 11872 -685177.41 -203341.22
V 11880 -685177.10 -203341.32
V 11888 -685177.05 -203341.34
V 11896 -684042.02 -203714.77
V 11904 -684042.02 -209773.70
V 11912 -684012.02 -209773.70
V 11920 -684012.02 -203703.91
