V 0 1097367.07 -82620.45
V 8 1097309.23 -82580.62
V 16 1097309.18 -82580.59
V 24 1097309.15 -82580.58
V 32 1097250.79 -82540.33
V 40 1097250.77 -82540.31
V 48 1097250.69 -82540.26
V 56 1097250.61 -82540.20
V 64 1097250.58 -82540.18
V 72 1097219.75 -82521.90
V 80 1097219.73 -82521.89
V 88 1097219.70 -82521.88
V 96 1097219.62 -82521.83
V 104 1097219.53 -82521.80
V 112 1097219.44 -82521.76
V 120 1097219.17 -82521.70
V 128 1097219.07 -82521.69
V 136 1097025.01 -82521.69
V 144 1097024.37 -82521.83
V 152 1097023.85 -82522.24
V 160 1097020.21 -82526.69
V 168 1097022.53 -82528.59
V 176 1097025.72 -82524.69
V 184 1097218.56 -82524.69
V 192 1097249.04 -82542.76
V 200 1097307.40 -82583.00
V 208 1097307.42 -82583.02
V 216 1097307.53 -82583.10
V 224 1097365.75 -82623.19
V 232 1097366.16 -82623.39
V 240 1097366.60 -82623.45
V 248 1097455.86 -82623.45
V 256 1097455.86 -82620.45
