V 0 -560902.00 -157719.35
V 8 -560902.00 -157730.78
V 16 -561552.68 -157841.27
V 24 -565414.72 -158497.05
V 32 -565734.37 -158551.33
V 40 -565734.49 -158551.35
V 48 -566198.74 -158630.18
V 56 -567792.69 -158900.84
V 64 -568966.02 -159100.07
V 72 -572814.87 -159753.61
V 80 -573214.31 -159821.44
V 88 -573423.62 -159856.98
V 96 -580184.70 -161005.03
V 104 -580473.83 -161054.12
V 112 -583854.76 -161628.21
V 120 -583854.83 -161628.22
V 128 -583855.01 -161628.25
V 136 -583855.21 -161628.28
V 144 -584318.30 -161706.92
V 152 -584782.89 -161785.81
V 160 -586177.49 -162022.61
V 168 -586177.53 -162022.62
V 176 -586641.32 -162101.37
V 184 -588122.42 -162352.87
V 192 -588265.29 -162377.12
V 200 -588265.61 -162377.17
V 208 -588265.75 -162377.20
V 216 -610067.78 -166079.24
V 224 -618003.05 -167426.66
V 232 -618003.37 -167426.71
V 240 -618003.51 -167426.74
V 248 -618466.71 -167505.39
V 256 -619554.07 -167690.03
V 264 -623112.74 -168294.30
V 272 -624242.10 -168486.06
V 280 -624753.21 -168572.85
V 288 -626703.86 -168904.07
V 296 -626733.80 -168909.16
V 304 -626734.86 -168909.38
V 312 -626735.91 -168909.67
V 320 -626736.93 -168910.04
V 328 -626737.93 -168910.48
V 336 -626738.89 -168910.98
V 344 -626739.81 -168911.55
V 352 -626740.70 -168912.19
V 360 -626741.53 -168912.88
V 368 -626742.31 -168913.64
V 376 -626743.04 -168914.44
V 384 -626743.72 -168915.30
V 392 -626744.33 -168916.19
V 400 -626744.87 -168917.13
V 408 -626745.35 -168918.11
V 416 -626745.76 -168919.12
V 424 -626746.09 -168920.15
V 432 -626746.36 -168921.20
V 440 -626746.55 -168922.27
V 448 -626746.66 -168923.35
V 456 -626746.70 -168924.44
V 464 -626746.70 -169063.45
V 472 -626788.70 -169063.45
V 480 -626796.45 -169065.53
V 488 -626802.12 -169071.20
V 496 -626804.20 -169078.95
V 504 -626804.20 -169149.95
V 512 -626802.12 -169157.70
V 520 -626796.45 -169163.37
V 528 -626788.70 -169165.45
V 536 -626689.20 -169165.45
V 544 -626689.20 -169205.45
V 552 -626788.70 -169205.45
V 560 -626796.45 -169207.53
V 568 -626802.12 -169213.20
V 576 -626804.20 -169220.95
V 584 -626804.20 -169291.95
V 592 -626802.12 -169299.70
V 600 -626796.45 -169305.37
V 608 -626788.70 -169307.45
V 616 -626689.20 -169307.45
V 624 -626689.20 -169347.45
V 632 -626788.70 -169347.45
V 640 -626796.45 -169349.53
V 648 -626802.12 -169355.20
V 656 -626804.20 -169362.95
V 664 -626804.20 -169433.95
V 672 -626802.12 -169441.70
V 680 -626796.45 -169447.37
V 688 -626788.70 -169449.45
V 696 -626689.20 -169449.45
V 704 -626689.20 -169489.45
V 712 -626788.70 -169489.45
V 720 -626796.45 -169491.53
V 728 -626802.12 -169497.20
V 736 -626804.20 -169504.95
V 744 -626804.20 -169575.95
V 752 -626802.12 -169583.70
V 760 -626796.45 -169589.37
V 768 -626788.70 -169591.45
V 776 -626689.20 -169591.45
V 784 -626689.20 -169631.45
V 792 -626788.70 -169631.45
V 800 -626796.45 -169633.53
V 808 -626802.12 -169639.20
V 816 -626804.20 -169646.95
V 824 -626804.20 -169717.95
V 832 -626802.12 -169725.70
V 840 -626796.45 -169731.37
V 848 -626788.70 -169733.45
V 856 -626689.20 -169733.45
V 864 -626689.20 -169773.45
V 872 -626788.70 -169773.45
V 880 -626796.45 -169775.53
V 888 -626802.12 -169781.20
V 896 -626804.20 -169788.95
V 904 -626804.20 -169859.95
V 912 -626802.12 -169867.70
V 920 -626796.45 -169873.37
V 928 -626788.70 -169875.45
V 936 -626689.20 -169875.45
V 944 -626689.20 -169915.45
V 952 -626788.70 -169915.45
V 960 -626796.45 -169917.53
V 968 -626802.12 -169923.20
V 976 -626804.20 -169930.95
V 984 -626804.20 -170001.95
V 992 -626802.12 -170009.70
V 1000 -626796.45 -170015.37
V 1008 -626788.70 -170017.45
V 1016 -626689.20 -170017.45
V 1024 -626689.20 -170057.45
V 1032 -626788.70 -170057.45
V 1040 -626796.45 -170059.53
V 1048 -626802.12 -170065.20
V 1056 -626804.20 -170072.95
V 1064 -626804.20 -170143.95
V 1072 -626802.12 -170151.70
V 1080 -626796.45 -170157.37
V 1088 -626788.70 -170159.45
V 1096 -626689.20 -170159.45
V 1104 -626689.20 -170199.45
V 1112 -626788.70 -170199.45
V 1120 -626796.45 -170201.53
V 1128 -626802.12 -170207.20
V 1136 -626804.20 -170214.95
V 1144 -626804.20 -170285.95
V 1152 -626802.12 -170293.70
V 1160 -626796.45 -170299.37
V 1168 -626788.70 -170301.45
V 1176 -626689.20 -170301.45
V 1184 -626689.20 -170341.45
V 1192 -626788.70 -170341.45
V 1200 -626796.45 -170343.53
V 1208 -626802.12 -170349.20
V 1216 -626804.20 -170356.95
V 1224 -626804.20 -170427.95
V 1232 -626802.12 -170435.70
V 1240 -626796.45 -170441.37
V 1248 -626788.70 -170443.45
V 1256 -626689.20 -170443.45
V 1264 -626689.20 -170483.45
V 1272 -626788.70 -170483.45
V 1280 -626796.45 -170485.53
V 1288 -626802.12 -170491.20
V 1296 -626804.20 -170498.95
V 1304 -626804.20 -170569.95
V 1312 -626802.12 -170577.70
V 1320 -626796.45 -170583.37
V 1328 -626788.70 -170585.45
V 1336 -626689.20 -170585.45
V 1344 -626689.20 -170625.45
V 1352 -626788.70 -170625.45
V 1360 -626796.45 -170627.53
V 1368 -626802.12 -170633.20
V 1376 -626804.20 -170640.95
V 1384 -626804.20 -170711.95
V 1392 -626802.12 -170719.70
V 1400 -626796.45 -170725.37
V 1408 -626788.70 -170727.45
V 1416 -626689.20 -170727.45
V 1424 -626689.20 -170767.45
V 1432 -626788.70 -170767.45
V 1440 -626796.45 -170769.53
V 1448 -626802.12 -170775.20
V 1456 -626804.20 -170782.95
V 1464 -626804.20 -170853.95
V 1472 -626802.12 -170861.70
V 1480 -626796.45 -170867.37
V 1488 -626788.70 -170869.45
V 1496 -626689.20 -170869.45
V 1504 -626689.20 -170909.45
V 1512 -626788.70 -170909.45
V 1520 -626796.45 -170911.53
V 1528 -626802.12 -170917.20
V 1536 -626804.20 -170924.95
V 1544 -626804.20 -170995.95
V 1552 -626802.12 -171003.70
V 1560 -626796.45 -171009.37
V 1568 -626788.70 -171011.45
V 1576 -626689.20 -171011.45
V 1584 -626689.20 -171051.45
V 1592 -626788.70 -171051.45
V 1600 -626796.45 -171053.53
V 1608 -626802.12 -171059.20
V 1616 -626804.20 -171066.95
V 1624 -626804.20 -171137.95
V 1632 -626802.12 -171145.70
V 1640 -626796.45 -171151.37
V 1648 -626788.70 -171153.45
V 1656 -626689.20 -171153.45
V 1664 -626689.20 -171193.45
V 1672 -626788.70 -171193.45
V 1680 -626796.45 -171195.53
V 1688 -626802.12 -171201.20
V 1696 -626804.20 -171208.95
V 1704 -626804.20 -171279.95
V 1712 -626802.12 -171287.70
V 1720 -626796.45 -171293.37
V 1728 -626788.70 -171295.45
V 1736 -626689.20 -171295.45
V 1744 -626689.20 -171335.45
V 1752 -626788.70 -171335.45
V 1760 -626796.45 -171337.53
V 1768 -626802.12 -171343.20
V 1776 -626804.20 -171350.95
V 1784 -626804.20 -171421.95
V 1792 -626802.12 -171429.70
V 1800 -626796.45 -171435.37
V 1808 -626788.70 -171437.45
V 1816 -626689.20 -171437.45
V 1824 -626689.20 -171477.45
V 1832 -626788.70 -171477.45
V 1840 -626796.45 -171479.53
V 1848 -626802.12 -171485.20
V 1856 -626804.20 -171492.95
V 1864 -626804.20 -171563.95
V 1872 -626802.12 -171571.70
V 1880 -626796.45 -171577.37
V 1888 -626788.70 -171579.45
V 1896 -626689.20 -171579.45
V 1904 -626689.20 -171619.45
V 1912 -626788.70 -171619.45
V 1920 -626796.45 -171621.53
V 1928 -626802.12 -171627.20
V 1936 -626804.20 -171634.95
V 1944 -626804.20 -171705.95
V 1952 -626802.12 -171713.70
V 1960 -626796.45 -171719.37
V 1968 -626788.70 -171721.45
V 1976 -626689.20 -171721.45
V 1984 -626689.20 -171761.45
V 1992 -626788.70 -171761.45
V 2000 -626796.45 -171763.53
V 2008 -626802.12 -171769.20
V 2016 -626804.20 -171776.95
V 2024 -626804.20 -171847.95
V 2032 -626802.12 -171855.70
V 2040 -626796.45 -171861.37
V 2048 -626788.70 -171863.45
V 2056 -626689.20 -171863.45
V 2064 -626689.20 -171903.45
V 2072 -626788.70 -171903.45
V 2080 -626796.45 -171905.53
V 2088 -626802.12 -171911.20
V 2096 -626804.20 -171918.95
V 2104 -626804.20 -171989.95
V 2112 -626802.12 -171997.70
V 2120 -626796.45 -172003.37
V 2128 -626788.70 -172005.45
V 2136 -626689.20 -172005.45
V 2144 -626689.20 -172045.45
V 2152 -626788.70 -172045.45
V 2160 -626796.45 -172047.53
V 2168 -626802.12 -172053.20
V 2176 -626804.20 -172060.95
V 2184 -626804.20 -172131.95
V 2192 -626802.12 -172139.70
V 2200 -626796.45 -172145.37
V 2208 -626788.70 -172147.45
V 2216 -626689.20 -172147.45
V 2224 -626689.20 -172187.45
V 2232 -626788.70 -172187.45
V 2240 -626796.45 -172189.53
V 2248 -626802.12 -172195.20
V 2256 -626804.20 -172202.95
V 2264 -626804.20 -172273.95
V 2272 -626802.12 -172281.70
V 2280 -626796.45 -172287.37
V 2288 -626788.70 -172289.45
V 2296 -626689.20 -172289.45
V 2304 -626689.20 -172329.45
V 2312 -626788.70 -172329.45
V 2320 -626796.45 -172331.53
V 2328 -626802.12 -172337.20
V 2336 -626804.20 -172344.95
V 2344 -626804.20 -172415.95
V 2352 -626802.12 -172423.70
V 2360 -626796.45 -172429.37
V 2368 -626788.70 -172431.45
V 2376 -626689.20 -172431.45
V 2384 -626689.20 -172471.45
V 2392 -626788.70 -172471.45
V 2400 -626796.45 -172473.53
V 2408 -626802.12 -172479.20
V 2416 -626804.20 -172486.95
V 2424 -626804.20 -172557.95
V 2432 -626802.12 -172565.70
V 2440 -626796.45 -172571.37
V 2448 -626788.70 -172573.45
V 2456 -626689.20 -172573.45
V 2464 -626689.20 -172613.45
V 2472 -626788.70 -172613.45
V 2480 -626796.45 -172615.53
V 2488 -626802.12 -172621.20
V 2496 -626804.20 -172628.95
V 2504 -626804.20 -172699.95
V 2512 -626802.12 -172707.70
V 2520 -626796.45 -172713.37
V 2528 -626788.70 -172715.45
V 2536 -626689.20 -172715.45
V 2544 -626689.20 -172755.45
V 2552 -626788.70 -172755.45
V 2560 -626796.45 -172757.53
V 2568 -626802.12 -172763.20
V 2576 -626804.20 -172770.95
V 2584 -626804.20 -172841.95
V 2592 -626802.12 -172849.70
V 2600 -626796.45 -172855.37
V 2608 -626788.70 -172857.45
V 2616 -626689.20 -172857.45
V 2624 -626689.20 -172897.45
V 2632 -626788.70 -172897.45
V 2640 -626796.45 -172899.53
V 2648 -626802.12 -172905.20
V 2656 -626804.20 -172912.95
V 2664 -626804.20 -172983.95
V 2672 -626802.12 -172991.70
V 2680 -626796.45 -172997.37
V 2688 -626788.70 -172999.45
V 2696 -626689.20 -172999.45
V 2704 -626689.20 -173039.45
V 2712 -626788.70 -173039.45
V 2720 -626796.45 -173041.53
V 2728 -626802.12 -173047.20
V 2736 -626804.20 -173054.95
V 2744 -626804.20 -173125.95
V 2752 -626802.12 -173133.70
V 2760 -626796.45 -173139.37
V 2768 -626788.70 -173141.45
V 2776 -626689.20 -173141.45
V 2784 -626689.20 -173181.45
V 2792 -626788.70 -173181.45
V 2800 -626796.45 -173183.53
V 2808 -626802.12 -173189.20
V 2816 -626804.20 -173196.95
V 2824 -626804.20 -173267.95
V 2832 -626802.12 -173275.70
V 2840 -626796.45 -173281.37
V 2848 -626788.70 -173283.45
V 2856 -626689.20 -173283.45
V 2864 -626689.20 -173323.45
V 2872 -626788.70 -173323.45
V 2880 -626796.45 -173325.53
V 2888 -626802.12 -173331.20
V 2896 -626804.20 -173338.95
V 2904 -626804.20 -173409.95
V 2912 -626802.12 -173417.70
V 2920 -626796.45 -173423.37
V 2928 -626788.70 -173425.45
V 2936 -626689.20 -173425.45
V 2944 -626689.20 -173465.45
V 2952 -626788.70 -173465.45
V 2960 -626796.45 -173467.53
V 2968 -626802.12 -173473.20
V 2976 -626804.20 -173480.95
V 2984 -626804.20 -173551.95
V 2992 -626802.12 -173559.70
V 3000 -626796.45 -173565.37
V 3008 -626788.70 -173567.45
V 3016 -626689.20 -173567.45
V 3024 -626689.20 -173607.45
V 3032 -626788.70 -173607.45
V 3040 -626796.45 -173609.53
V 3048 -626802.12 -173615.20
V 3056 -626804.20 -173622.95
V 3064 -626804.20 -173693.95
V 3072 -626802.12 -173701.70
V 3080 -626796.45 -173707.37
V 3088 -626788.70 -173709.45
V 3096 -626689.20 -173709.45
V 3104 -626689.20 -173749.45
V 3112 -626788.70 -173749.45
V 3120 -626796.45 -173751.53
V 3128 -626802.12 -173757.20
V 3136 -626804.20 -173764.95
V 3144 -626804.20 -173835.95
V 3152 -626802.12 -173843.70
V 3160 -626796.45 -173849.37
V 3168 -626788.70 -173851.45
V 3176 -626689.20 -173851.45
V 3184 -626689.20 -173891.45
V 3192 -626788.70 -173891.45
V 3200 -626796.45 -173893.53
V 3208 -626802.12 -173899.20
V 3216 -626804.20 -173906.95
V 3224 -626804.20 -173977.95
V 3232 -626802.12 -173985.70
V 3240 -626796.45 -173991.37
V 3248 -626788.70 -173993.45
V 3256 -626689.20 -173993.45
V 3264 -626689.20 -174033.45
V 3272 -626788.70 -174033.45
V 3280 -626796.45 -174035.53
V 3288 -626802.12 -174041.20
V 3296 -626804.20 -174048.95
V 3304 -626804.20 -174119.95
V 3312 -626802.12 -174127.70
V 3320 -626796.45 -174133.37
V 3328 -626788.70 -174135.45
V 3336 -626689.20 -174135.45
V 3344 -626689.20 -174175.45
V 3352 -626788.70 -174175.45
V 3360 -626796.45 -174177.53
V 3368 -626802.12 -174183.20
V 3376 -626804.20 -174190.95
V 3384 -626804.20 -174261.95
V 3392 -626802.12 -174269.70
V 3400 -626796.45 -174275.37
V 3408 -626788.70 -174277.45
V 3416 -626689.20 -174277.45
V 3424 -626689.20 -174317.45
V 3432 -626788.70 -174317.45
V 3440 -626796.45 -174319.53
V 3448 -626802.12 -174325.20
V 3456 -626804.20 -174332.95
V 3464 -626804.20 -174403.95
V 3472 -626802.12 -174411.70
V 3480 -626796.45 -174417.37
V 3488 -626788.70 -174419.45
V 3496 -626689.20 -174419.45
V 3504 -626689.20 -174459.45
V 3512 -626788.70 -174459.45
V 3520 -626796.45 -174461.53
V 3528 -626802.12 -174467.20
V 3536 -626804.20 -174474.95
V 3544 -626804.20 -174545.95
V 3552 -626802.12 -174553.70
V 3560 -626796.45 -174559.37
V 3568 -626788.70 -174561.45
V 3576 -626689.20 -174561.45
V 3584 -626689.20 -174601.45
V 3592 -626788.70 -174601.45
V 3600 -626796.45 -174603.53
V 3608 -626802.12 -174609.20
V 3616 -626804.20 -174616.95
V 3624 -626804.20 -174687.95
V 3632 -626802.12 -174695.70
V 3640 -626796.45 -174701.37
V 3648 -626788.70 -174703.45
V 3656 -626689.20 -174703.45
V 3664 -626689.20 -174743.45
V 3672 -626788.70 -174743.45
V 3680 -626796.45 -174745.53
V 3688 -626802.12 -174751.20
V 3696 -626804.20 -174758.95
V 3704 -626804.20 -174829.95
V 3712 -626802.12 -174837.70
V 3720 -626796.45 -174843.37
V 3728 -626788.70 -174845.45
V 3736 -626689.20 -174845.45
V 3744 -626689.20 -174885.45
V 3752 -626788.70 -174885.45
V 3760 -626796.45 -174887.53
V 3768 -626802.12 -174893.20
V 3776 -626804.20 -174900.95
V 3784 -626804.20 -174971.95
V 3792 -626802.12 -174979.70
V 3800 -626796.45 -174985.37
V 3808 -626788.70 -174987.45
V 3816 -626689.20 -174987.45
V 3824 -626689.20 -175027.45
V 3832 -626788.70 -175027.45
V 3840 -626796.45 -175029.53
V 3848 -626802.12 -175035.20
V 3856 -626804.20 -175042.95
V 3864 -626804.20 -175113.95
V 3872 -626802.12 -175121.70
V 3880 -626796.45 -175127.37
V 3888 -626788.70 -175129.45
V 3896 -626689.20 -175129.45
V 3904 -626689.20 -175169.45
V 3912 -626788.70 -175169.45
V 3920 -626796.45 -175171.53
V 3928 -626802.12 -175177.20
V 3936 -626804.20 -175184.95
V 3944 -626804.20 -175255.95
V 3952 -626802.12 -175263.70
V 3960 -626796.45 -175269.37
V 3968 -626788.70 -175271.45
V 3976 -626689.20 -175271.45
V 3984 -626689.20 -175311.45
V 3992 -626788.70 -175311.45
V 4000 -626796.45 -175313.53
V 4008 -626802.12 -175319.20
V 4016 -626804.20 -175326.95
V 4024 -626804.20 -175397.95
V 4032 -626802.12 -175405.70
V 4040 -626796.45 -175411.37
V 4048 -626788.70 -175413.45
V 4056 -626689.20 -175413.45
V 4064 -626689.20 -175453.45
V 4072 -626788.70 -175453.45
V 4080 -626796.45 -175455.53
V 4088 -626802.12 -175461.20
V 4096 -626804.20 -175468.95
V 4104 -626804.20 -175539.95
V 4112 -626802.12 -175547.70
V 4120 -626796.45 -175553.37
V 4128 -626788.70 -175555.45
V 4136 -626689.20 -175555.45
V 4144 -626689.20 -175595.45
V 4152 -626788.70 -175595.45
V 4160 -626796.45 -175597.53
V 4168 -626802.12 -175603.20
V 4176 -626804.20 -175610.95
V 4184 -626804.20 -175681.95
V 4192 -626802.12 -175689.70
V 4200 -626796.45 -175695.37
V 4208 -626788.70 -175697.45
V 4216 -626689.20 -175697.45
V 4224 -626689.20 -175737.45
V 4232 -626788.70 -175737.45
V 4240 -626796.45 -175739.53
V 4248 -626802.12 -175745.20
V 4256 -626804.20 -175752.95
V 4264 -626804.20 -175823.95
V 4272 -626802.12 -175831.70
V 4280 -626796.45 -175837.37
V 4288 -626788.70 -175839.45
V 4296 -626689.20 -175839.45
V 4304 -626689.20 -175879.45
V 4312 -626788.70 -175879.45
V 4320 -626796.45 -175881.53
V 4328 -626802.12 -175887.20
V 4336 -626804.20 -175894.95
V 4344 -626804.20 -175965.95
V 4352 -626802.12 -175973.70
V 4360 -626796.45 -175979.37
V 4368 -626788.70 -175981.45
V 4376 -626689.20 -175981.45
V 4384 -626689.20 -176021.45
V 4392 -626788.70 -176021.45
V 4400 -626796.45 -176023.53
V 4408 -626802.12 -176029.20
V 4416 -626804.20 -176036.95
V 4424 -626804.20 -176107.95
V 4432 -626802.12 -176115.70
V 4440 -626796.45 -176121.37
V 4448 -626788.70 -176123.45
V 4456 -626689.20 -176123.45
V 4464 -626689.20 -176163.45
V 4472 -626788.70 -176163.45
V 4480 -626796.45 -176165.53
V 4488 -626802.12 -176171.20
V 4496 -626804.20 -176178.95
V 4504 -626804.20 -176249.95
V 4512 -626802.12 -176257.70
V 4520 -626796.45 -176263.37
V 4528 -626788.70 -176265.45
V 4536 -626689.20 -176265.45
V 4544 -626689.20 -176305.45
V 4552 -626788.70 -176305.45
V 4560 -626796.45 -176307.53
V 4568 -626802.12 -176313.20
V 4576 -626804.20 -176320.95
V 4584 -626804.20 -176391.95
V 4592 -626802.12 -176399.70
V 4600 -626796.45 -176405.37
V 4608 -626788.70 -176407.45
V 4616 -626689.20 -176407.45
V 4624 -626689.20 -176447.45
V 4632 -626788.70 -176447.45
V 4640 -626796.45 -176449.53
V 4648 -626802.12 -176455.20
V 4656 -626804.20 -176462.95
V 4664 -626804.20 -176533.95
V 4672 -626802.12 -176541.70
V 4680 -626796.45 -176547.37
V 4688 -626788.70 -176549.45
V 4696 -626689.20 -176549.45
V 4704 -626689.20 -176589.45
V 4712 -626788.70 -176589.45
V 4720 -626796.45 -176591.53
V 4728 -626802.12 -176597.20
V 4736 -626804.20 -176604.95
V 4744 -626804.20 -176675.95
V 4752 -626802.12 -176683.70
V 4760 -626796.45 -176689.37
V 4768 -626788.70 -176691.45
V 4776 -626689.20 -176691.45
V 4784 -626689.20 -176731.45
V 4792 -626788.70 -176731.45
V 4800 -626796.45 -176733.53
V 4808 -626802.12 -176739.20
V 4816 -626804.20 -176746.95
V 4824 -626804.20 -176817.95
V 4832 -626802.12 -176825.70
V 4840 -626796.45 -176831.37
V 4848 -626788.70 -176833.45
V 4856 -626689.20 -176833.45
V 4864 -626689.20 -176873.45
V 4872 -626788.70 -176873.45
V 4880 -626796.45 -176875.53
V 4888 -626802.12 -176881.20
V 4896 -626804.20 -176888.95
V 4904 -626804.20 -176959.95
V 4912 -626802.12 -176967.70
V 4920 -626796.45 -176973.37
V 4928 -626788.70 -176975.45
V 4936 -626689.20 -176975.45
V 4944 -626689.20 -177015.45
V 4952 -626788.70 -177015.45
V 4960 -626796.45 -177017.53
V 4968 -626802.12 -177023.20
V 4976 -626804.20 -177030.95
V 4984 -626804.20 -177101.95
V 4992 -626802.12 -177109.70
V 5000 -626796.45 -177115.37
V 5008 -626788.70 -177117.45
V 5016 -626689.20 -177117.45
V 5024 -626689.20 -177157.45
V 5032 -626788.70 -177157.45
V 5040 -626796.45 -177159.53
V 5048 -626802.12 -177165.20
V 5056 -626804.20 -177172.95
V 5064 -626804.20 -177243.95
V 5072 -626802.12 -177251.70
V 5080 -626796.45 -177257.37
V 5088 -626788.70 -177259.45
V 5096 -626689.20 -177259.45
V 5104 -626689.20 -177299.45
V 5112 -626788.70 -177299.45
V 5120 -626796.45 -177301.53
V 5128 -626802.12 -177307.20
V 5136 -626804.20 -177314.95
V 5144 -626804.20 -177385.95
V 5152 -626802.12 -177393.70
V 5160 -626796.45 -177399.37
V 5168 -626788.70 -177401.45
V 5176 -626689.20 -177401.45
V 5184 -626689.20 -177441.45
V 5192 -626788.70 -177441.45
V 5200 -626796.45 -177443.53
V 5208 -626802.12 -177449.20
V 5216 -626804.20 -177456.95
V 5224 -626804.20 -177527.95
V 5232 -626802.12 -177535.70
V 5240 -626796.45 -177541.37
V 5248 -626788.70 -177543.45
V 5256 -626689.20 -177543.45
V 5264 -626689.20 -177583.45
V 5272 -626788.70 -177583.45
V 5280 -626796.45 -177585.53
V 5288 -626802.12 -177591.20
V 5296 -626804.20 -177598.95
V 5304 -626804.20 -177669.95
V 5312 -626802.12 -177677.70
V 5320 -626796.45 -177683.37
V 5328 -626788.70 -177685.45
V 5336 -626689.20 -177685.45
V 5344 -626689.20 -177725.45
V 5352 -626788.70 -177725.45
V 5360 -626796.45 -177727.53
V 5368 -626802.12 -177733.20
V 5376 -626804.20 -177740.95
V 5384 -626804.20 -177811.95
V 5392 -626802.12 -177819.70
V 5400 -626796.45 -177825.37
V 5408 -626788.70 -177827.45
V 5416 -626689.20 -177827.45
V 5424 -626689.20 -177867.45
V 5432 -626788.70 -177867.45
V 5440 -626796.45 -177869.53
V 5448 -626802.12 -177875.20
V 5456 -626804.20 -177882.95
V 5464 -626804.20 -177953.95
V 5472 -626802.12 -177961.70
V 5480 -626796.45 -177967.37
V 5488 -626788.70 -177969.45
V 5496 -626689.20 -177969.45
V 5504 -626689.20 -178009.45
V 5512 -626788.70 -178009.45
V 5520 -626796.45 -178011.53
V 5528 -626802.12 -178017.20
V 5536 -626804.20 -178024.95
V 5544 -626804.20 -178095.95
V 5552 -626802.12 -178103.70
V 5560 -626796.45 -178109.37
V 5568 -626788.70 -178111.45
V 5576 -626689.20 -178111.45
V 5584 -626689.20 -178151.45
V 5592 -626788.70 -178151.45
V 5600 -626796.45 -178153.53
V 5608 -626802.12 -178159.20
V 5616 -626804.20 -178166.95
V 5624 -626804.20 -178237.95
V 5632 -626802.12 -178245.70
V 5640 -626796.45 -178251.37
V 5648 -626788.70 -178253.45
V 5656 -626689.20 -178253.45
V 5664 -626689.20 -178293.45
V 5672 -626788.70 -178293.45
V 5680 -626796.45 -178295.53
V 5688 -626802.12 -178301.20
V 5696 -626804.20 -178308.95
V 5704 -626804.20 -178379.95
V 5712 -626802.12 -178387.70
V 5720 -626796.45 -178393.37
V 5728 -626788.70 -178395.45
V 5736 -626746.70 -178395.45
V 5744 -626746.70 -178404.45
V 5752 -626715.70 -178404.45
V 5760 -626715.70 -178379.95
V 5768 -626715.74 -178378.84
V 5776 -626715.86 -178377.74
V 5784 -626716.05 -178376.66
V 5792 -626716.33 -178375.58
V 5800 -626716.68 -178374.53
V 5808 -626717.10 -178373.51
V 5816 -626717.60 -178372.52
V 5824 -626718.16 -178371.57
V 5832 -626718.79 -178370.66
V 5840 -626719.49 -178369.80
V 5848 -626720.24 -178368.99
V 5856 -626721.05 -178368.24
V 5864 -626721.91 -178367.54
V 5872 -626722.82 -178366.91
V 5880 -626723.77 -178366.35
V 5888 -626724.76 -178365.85
V 5896 -626725.78 -178365.43
V 5904 -626726.83 -178365.08
V 5912 -626727.91 -178364.80
V 5920 -626728.99 -178364.61
V 5928 -626730.09 -178364.49
V 5936 -626731.20 -178364.45
V 5944 -626773.20 -178364.45
V 5952 -626773.20 -178324.45
V 5960 -626673.70 -178324.45
V 5968 -626665.95 -178322.37
V 5976 -626660.28 -178316.70
V 5984 -626658.20 -178308.95
V 5992 -626658.20 -178237.95
V 6000 -626660.28 -178230.20
V 6008 -626665.95 -178224.53
V 6016 -626673.70 -178222.45
V 6024 -626773.20 -178222.45
V 6032 -626773.20 -178182.45
V 6040 -626673.70 -178182.45
V 6048 -626665.95 -178180.37
V 6056 -626660.28 -178174.70
V 6064 -626658.20 -178166.95
V 6072 -626658.20 -178095.95
V 6080 -626660.28 -178088.20
V 6088 -626665.95 -178082.53
V 6096 -626673.70 -178080.45
V 6104 -626773.20 -178080.45
V 6112 -626773.20 -178040.45
V 6120 -626673.70 -178040.45
V 6128 -626665.95 -178038.37
V 6136 -626660.28 -178032.70
V 6144 -626658.20 -178024.95
V 6152 -626658.20 -177953.95
V 6160 -626660.28 -177946.20
V 6168 -626665.95 -177940.53
V 6176 -626673.70 -177938.45
V 6184 -626773.20 -177938.45
V 6192 -626773.20 -177898.45
V 6200 -626673.70 -177898.45
V 6208 -626665.95 -177896.37
V 6216 -626660.28 -177890.70
V 6224 -626658.20 -177882.95
V 6232 -626658.20 -177811.95
V 6240 -626660.28 -177804.20
V 6248 -626665.95 -177798.53
V 6256 -626673.70 -177796.45
V 6264 -626773.20 -177796.45
V 6272 -626773.20 -177756.45
V 6280 -626673.70 -177756.45
V 6288 -626665.95 -177754.37
V 6296 -626660.28 -177748.70
V 6304 -626658.20 -177740.95
V 6312 -626658.20 -177669.95
V 6320 -626660.28 -177662.20
V 6328 -626665.95 -177656.53
V 6336 -626673.70 -177654.45
V 6344 -626773.20 -177654.45
V 6352 -626773.20 -177614.45
V 6360 -626673.70 -177614.45
V 6368 -626665.95 -177612.37
V 6376 -626660.28 -177606.70
V 6384 -626658.20 -177598.95
V 6392 -626658.20 -177527.95
V 6400 -626660.28 -177520.20
V 6408 -626665.95 -177514.53
V 6416 -626673.70 -177512.45
V 6424 -626773.20 -177512.45
V 6432 -626773.20 -177472.45
V 6440 -626673.70 -177472.45
V 6448 -626665.95 -177470.37
V 6456 -626660.28 -177464.70
V 6464 -626658.20 -177456.95
V 6472 -626658.20 -177385.95
V 6480 -626660.28 -177378.20
V 6488 -626665.95 -177372.53
V 6496 -626673.70 -177370.45
V 6504 -626773.20 -177370.45
V 6512 -626773.20 -177330.45
V 6520 -626673.70 -177330.45
V 6528 -626665.95 -177328.37
V 6536 -626660.28 -177322.70
V 6544 -626658.20 -177314.95
V 6552 -626658.20 -177243.95
V 6560 -626660.28 -177236.20
V 6568 -626665.95 -177230.53
V 6576 -626673.70 -177228.45
V 6584 -626773.20 -177228.45
V 6592 -626773.20 -177188.45
V 6600 -626673.70 -177188.45
V 6608 -626665.95 -177186.37
V 6616 -626660.28 -177180.70
V 6624 -626658.20 -177172.95
V 6632 -626658.20 -177101.95
V 6640 -626660.28 -177094.20
V 6648 -626665.95 -177088.53
V 6656 -626673.70 -177086.45
V 6664 -626773.20 -177086.45
V 6672 -626773.20 -177046.45
V 6680 -626673.70 -177046.45
V 6688 -626665.95 -177044.37
V 6696 -626660.28 -177038.70
V 6704 -626658.20 -177030.95
V 6712 -626658.20 -176959.95
V 6720 -626660.28 -176952.20
V 6728 -626665.95 -176946.53
V 6736 -626673.70 -176944.45
V 6744 -626773.20 -176944.45
V 6752 -626773.20 -176904.45
V 6760 -626673.70 -176904.45
V 6768 -626665.95 -176902.37
V 6776 -626660.28 -176896.70
V 6784 -626658.20 -176888.95
V 6792 -626658.20 -176817.95
V 6800 -626660.28 -176810.20
V 6808 -626665.95 -176804.53
V 6816 -626673.70 -176802.45
V 6824 -626773.20 -176802.45
V 6832 -626773.20 -176762.45
V 6840 -626673.70 -176762.45
V 6848 -626665.95 -176760.37
V 6856 -626660.28 -176754.70
V 6864 -626658.20 -176746.95
V 6872 -626658.20 -176675.95
V 6880 -626660.28 -176668.20
V 6888 -626665.95 -176662.53
V 6896 -626673.70 -176660.45
V 6904 -626773.20 -176660.45
V 6912 -626773.20 -176620.45
V 6920 -626673.70 -176620.45
V 6928 -626665.95 -176618.37
V 6936 -626660.28 -176612.70
V 6944 -626658.20 -176604.95
V 6952 -626658.20 -176533.95
V 6960 -626660.28 -176526.20
V 6968 -626665.95 -176520.53
V 6976 -626673.70 -176518.45
V 6984 -626773.20 -176518.45
V 6992 -626773.20 -176478.45
V 7000 -626673.70 -176478.45
V 7008 -626665.95 -176476.37
V 7016 -626660.28 -176470.70
V 7024 -626658.20 -176462.95
V 7032 -626658.20 -176391.95
V 7040 -626660.28 -176384.20
V 7048 -626665.95 -176378.53
V 7056 -626673.70 -176376.45
V 7064 -626773.20 -176376.45
V 7072 -626773.20 -176336.45
V 7080 -626673.70 -176336.45
V 7088 -626665.95 -176334.37
V 7096 -626660.28 -176328.70
V 7104 -626658.20 -176320.95
V 7112 -626658.20 -176249.95
V 7120 -626660.28 -176242.20
V 7128 -626665.95 -176236.53
V 7136 -626673.70 -176234.45
V 7144 -626773.20 -176234.45
V 7152 -626773.20 -176194.45
V 7160 -626673.70 -176194.45
V 7168 -626665.95 -176192.37
V 7176 -626660.28 -176186.70
V 7184 -626658.20 -176178.95
V 7192 -626658.20 -176107.95
V 7200 -626660.28 -176100.20
V 7208 -626665.95 -176094.53
V 7216 -626673.70 -176092.45
V 7224 -626773.20 -176092.45
V 7232 -626773.20 -176052.45
V 7240 -626673.70 -176052.45
V 7248 -626665.95 -176050.37
V 7256 -626660.28 -176044.70
V 7264 -626658.20 -176036.95
V 7272 -626658.20 -175965.95
V 7280 -626660.28 -175958.20
V 7288 -626665.95 -175952.53
V 7296 -626673.70 -175950.45
V 7304 -626773.20 -175950.45
V 7312 -626773.20 -175910.45
V 7320 -626673.70 -175910.45
V 7328 -626665.95 -175908.37
V 7336 -626660.28 -175902.70
V 7344 -626658.20 -175894.95
V 7352 -626658.20 -175823.95
V 7360 -626660.28 -175816.20
V 7368 -626665.95 -175810.53
V 7376 -626673.70 -175808.45
V 7384 -626773.20 -175808.45
V 7392 -626773.20 -175768.45
V 7400 -626673.70 -175768.45
V 7408 -626665.95 -175766.37
V 7416 -626660.28 -175760.70
V 7424 -626658.20 -175752.95
V 7432 -626658.20 -175681.95
V 7440 -626660.28 -175674.20
V 7448 -626665.95 -175668.53
V 7456 -626673.70 -175666.45
V 7464 -626773.20 -175666.45
V 7472 -626773.20 -175626.45
V 7480 -626673.70 -175626.45
V 7488 -626665.95 -175624.37
V 7496 -626660.28 -175618.70
V 7504 -626658.20 -175610.95
V 7512 -626658.20 -175539.95
V 7520 -626660.28 -175532.20
V 7528 -626665.95 -175526.53
V 7536 -626673.70 -175524.45
V 7544 -626773.20 -175524.45
V 7552 -626773.20 -175484.45
V 7560 -626673.70 -175484.45
V 7568 -626665.95 -175482.37
V 7576 -626660.28 -175476.70
V 7584 -626658.20 -175468.95
V 7592 -626658.20 -175397.95
V 7600 -626660.28 -175390.20
V 7608 -626665.95 -175384.53
V 7616 -626673.70 -175382.45
V 7624 -626773.20 -175382.45
V 7632 -626773.20 -175342.45
V 7640 -626673.70 -175342.45
V 7648 -626665.95 -175340.37
V 7656 -626660.28 -175334.70
V 7664 -626658.20 -175326.95
V 7672 -626658.20 -175255.95
V 7680 -626660.28 -175248.20
V 7688 -626665.95 -175242.53
V 7696 -626673.70 -175240.45
V 7704 -626773.20 -175240.45
V 7712 -626773.20 -175200.45
V 7720 -626673.70 -175200.45
V 7728 -626665.95 -175198.37
V 7736 -626660.28 -175192.70
V 7744 -626658.20 -175184.95
V 7752 -626658.20 -175113.95
V 7760 -626660.28 -175106.20
V 7768 -626665.95 -175100.53
V 7776 -626673.70 -175098.45
V 7784 -626773.20 -175098.45
V 7792 -626773.20 -175058.45
V 7800 -626673.70 -175058.45
V 7808 -626665.95 -175056.37
V 7816 -626660.28 -175050.70
V 7824 -626658.20 -175042.95
V 7832 -626658.20 -174971.95
V 7840 -626660.28 -174964.20
V 7848 -626665.95 -174958.53
V 7856 -626673.70 -174956.45
V 7864 -626773.20 -174956.45
V 7872 -626773.20 -174916.45
V 7880 -626673.70 -174916.45
V 7888 -626665.95 -174914.37
V 7896 -626660.28 -174908.70
V 7904 -626658.20 -174900.95
V 7912 -626658.20 -174829.95
V 7920 -626660.28 -174822.20
V 7928 -626665.95 -174816.53
V 7936 -626673.70 -174814.45
V 7944 -626773.20 -174814.45
V 7952 -626773.20 -174774.45
V 7960 -626673.70 -174774.45
V 7968 -626665.95 -174772.37
V 7976 -626660.28 -174766.70
V 7984 -626658.20 -174758.95
V 7992 -626658.20 -174687.95
V 8000 -626660.28 -174680.20
V 8008 -626665.95 -174674.53
V 8016 -626673.70 -174672.45
V 8024 -626773.20 -174672.45
V 8032 -626773.20 -174632.45
V 8040 -626673.70 -174632.45
V 8048 -626665.95 -174630.37
V 8056 -626660.28 -174624.70
V 8064 -626658.20 -174616.95
V 8072 -626658.20 -174545.95
V 8080 -626660.28 -174538.20
V 8088 -626665.95 -174532.53
V 8096 -626673.70 -174530.45
V 8104 -626773.20 -174530.45
V 8112 -626773.20 -174490.45
V 8120 -626673.70 -174490.45
V 8128 -626665.95 -174488.37
V 8136 -626660.28 -174482.70
V 8144 -626658.20 -174474.95
V 8152 -626658.20 -174403.95
V 8160 -626660.28 -174396.20
V 8168 -626665.95 -174390.53
V 8176 -626673.70 -174388.45
V 8184 -626773.20 -174388.45
V 8192 -626773.20 -174348.45
V 8200 -626673.70 -174348.45
V 8208 -626665.95 -174346.37
V 8216 -626660.28 -174340.70
V 8224 -626658.20 -174332.95
V 8232 -626658.20 -174261.95
V 8240 -626660.28 -174254.20
V 8248 -626665.95 -174248.53
V 8256 -626673.70 -174246.45
V 8264 -626773.20 -174246.45
V 8272 -626773.20 -174206.45
V 8280 -626673.70 -174206.45
V 8288 -626665.95 -174204.37
V 8296 -626660.28 -174198.70
V 8304 -626658.20 -174190.95
V 8312 -626658.20 -174119.95
V 8320 -626660.28 -174112.20
V 8328 -626665.95 -174106.53
V 8336 -626673.70 -174104.45
V 8344 -626773.20 -174104.45
V 8352 -626773.20 -174064.45
V 8360 -626673.70 -174064.45
V 8368 -626665.95 -174062.37
V 8376 -626660.28 -174056.70
V 8384 -626658.20 -174048.95
V 8392 -626658.20 -173977.95
V 8400 -626660.28 -173970.20
V 8408 -626665.95 -173964.53
V 8416 -626673.70 -173962.45
V 8424 -626773.20 -173962.45
V 8432 -626773.20 -173922.45
V 8440 -626673.70 -173922.45
V 8448 -626665.95 -173920.37
V 8456 -626660.28 -173914.70
V 8464 -626658.20 -173906.95
V 8472 -626658.20 -173835.95
V 8480 -626660.28 -173828.20
V 8488 -626665.95 -173822.53
V 8496 -626673.70 -173820.45
V 8504 -626773.20 -173820.45
V 8512 -626773.20 -173780.45
V 8520 -626673.70 -173780.45
V 8528 -626665.95 -173778.37
V 8536 -626660.28 -173772.70
V 8544 -626658.20 -173764.95
V 8552 -626658.20 -173693.95
V 8560 -626660.28 -173686.20
V 8568 -626665.95 -173680.53
V 8576 -626673.70 -173678.45
V 8584 -626773.20 -173678.45
V 8592 -626773.20 -173638.45
V 8600 -626673.70 -173638.45
V 8608 -626665.95 -173636.37
V 8616 -626660.28 -173630.70
V 8624 -626658.20 -173622.95
V 8632 -626658.20 -173551.95
V 8640 -626660.28 -173544.20
V 8648 -626665.95 -173538.53
V 8656 -626673.70 -173536.45
V 8664 -626773.20 -173536.45
V 8672 -626773.20 -173496.45
V 8680 -626673.70 -173496.45
V 8688 -626665.95 -173494.37
V 8696 -626660.28 -173488.70
V 8704 -626658.20 -173480.95
V 8712 -626658.20 -173409.95
V 8720 -626660.28 -173402.20
V 8728 -626665.95 -173396.53
V 8736 -626673.70 -173394.45
V 8744 -626773.20 -173394.45
V 8752 -626773.20 -173354.45
V 8760 -626673.70 -173354.45
V 8768 -626665.95 -173352.37
V 8776 -626660.28 -173346.70
V 8784 -626658.20 -173338.95
V 8792 -626658.20 -173267.95
V 8800 -626660.28 -173260.20
V 8808 -626665.95 -173254.53
V 8816 -626673.70 -173252.45
V 8824 -626773.20 -173252.45
V 8832 -626773.20 -173212.45
V 8840 -626673.70 -173212.45
V 8848 -626665.95 -173210.37
V 8856 -626660.28 -173204.70
V 8864 -626658.20 -173196.95
V 8872 -626658.20 -173125.95
V 8880 -626660.28 -173118.20
V 8888 -626665.95 -173112.53
V 8896 -626673.70 -173110.45
V 8904 -626773.20 -173110.45
V 8912 -626773.20 -173070.45
V 8920 -626673.70 -173070.45
V 8928 -626665.95 -173068.37
V 8936 -626660.28 -173062.70
V 8944 -626658.20 -173054.95
V 8952 -626658.20 -172983.95
V 8960 -626660.28 -172976.20
V 8968 -626665.95 -172970.53
V 8976 -626673.70 -172968.45
V 8984 -626773.20 -172968.45
V 8992 -626773.20 -172928.45
V 9000 -626673.70 -172928.45
V 9008 -626665.95 -172926.37
V 9016 -626660.28 -172920.70
V 9024 -626658.20 -172912.95
V 9032 -626658.20 -172841.95
V 9040 -626660.28 -172834.20
V 9048 -626665.95 -172828.53
V 9056 -626673.70 -172826.45
V 9064 -626773.20 -172826.45
V 9072 -626773.20 -172786.45
V 9080 -626673.70 -172786.45
V 9088 -626665.95 -172784.37
V 9096 -626660.28 -172778.70
V 9104 -626658.20 -172770.95
V 9112 -626658.20 -172699.95
V 9120 -626660.28 -172692.20
V 9128 -626665.95 -172686.53
V 9136 -626673.70 -172684.45
V 9144 -626773.20 -172684.45
V 9152 -626773.20 -172644.45
V 9160 -626673.70 -172644.45
V 9168 -626665.95 -172642.37
V 9176 -626660.28 -172636.70
V 9184 -626658.20 -172628.95
V 9192 -626658.20 -172557.95
V 9200 -626660.28 -172550.20
V 9208 -626665.95 -172544.53
V 9216 -626673.70 -172542.45
V 9224 -626773.20 -172542.45
V 9232 -626773.20 -172502.45
V 9240 -626673.70 -172502.45
V 9248 -626665.95 -172500.37
V 9256 -626660.28 -172494.70
V 9264 -626658.20 -172486.95
V 9272 -626658.20 -172415.95
V 9280 -626660.28 -172408.20
V 9288 -626665.95 -172402.53
V 9296 -626673.70 -172400.45
V 9304 -626773.20 -172400.45
V 9312 -626773.20 -172360.45
V 9320 -626673.70 -172360.45
V 9328 -626665.95 -172358.37
V 9336 -626660.28 -172352.70
V 9344 -626658.20 -172344.95
V 9352 -626658.20 -172273.95
V 9360 -626660.28 -172266.20
V 9368 -626665.95 -172260.53
V 9376 -626673.70 -172258.45
V 9384 -626773.20 -172258.45
V 9392 -626773.20 -172218.45
V 9400 -626673.70 -172218.45
V 9408 -626665.95 -172216.37
V 9416 -626660.28 -172210.70
V 9424 -626658.20 -172202.95
V 9432 -626658.20 -172131.95
V 9440 -626660.28 -172124.20
V 9448 -626665.95 -172118.53
V 9456 -626673.70 -172116.45
V 9464 -626773.20 -172116.45
V 9472 -626773.20 -172076.45
V 9480 -626673.70 -172076.45
V 9488 -626665.95 -172074.37
V 9496 -626660.28 -172068.70
V 9504 -626658.20 -172060.95
V 9512 -626658.20 -171989.95
V 9520 -626660.28 -171982.20
V 9528 -626665.95 -171976.53
V 9536 -626673.70 -171974.45
V 9544 -626773.20 -171974.45
V 9552 -626773.20 -171934.45
V 9560 -626673.70 -171934.45
V 9568 -626665.95 -171932.37
V 9576 -626660.28 -171926.70
V 9584 -626658.20 -171918.95
V 9592 -626658.20 -171847.95
V 9600 -626660.28 -171840.20
V 9608 -626665.95 -171834.53
V 9616 -626673.70 -171832.45
V 9624 -626773.20 -171832.45
V 9632 -626773.20 -171792.45
V 9640 -626673.70 -171792.45
V 9648 -626665.95 -171790.37
V 9656 -626660.28 -171784.70
V 9664 -626658.20 -171776.95
V 9672 -626658.20 -171705.95
V 9680 -626660.28 -171698.20
V 9688 -626665.95 -171692.53
V 9696 -626673.70 -171690.45
V 9704 -626773.20 -171690.45
V 9712 -626773.20 -171650.45
V 9720 -626673.70 -171650.45
V 9728 -626665.95 -171648.37
V 9736 -626660.28 -171642.70
V 9744 -626658.20 -171634.95
V 9752 -626658.20 -171563.95
V 9760 -626660.28 -171556.20
V 9768 -626665.95 -171550.53
V 9776 -626673.70 -171548.45
V 9784 -626773.20 -171548.45
V 9792 -626773.20 -171508.45
V 9800 -626673.70 -171508.45
V 9808 -626665.95 -171506.37
V 9816 -626660.28 -171500.70
V 9824 -626658.20 -171492.95
V 9832 -626658.20 -171421.95
V 9840 -626660.28 -171414.20
V 9848 -626665.95 -171408.53
V 9856 -626673.70 -171406.45
V 9864 -626773.20 -171406.45
V 9872 -626773.20 -171366.45
V 9880 -626673.70 -171366.45
V 9888 -626665.95 -171364.37
V 9896 -626660.28 -171358.70
V 9904 -626658.20 -171350.95
V 9912 -626658.20 -171279.95
V 9920 -626660.28 -171272.20
V 9928 -626665.95 -171266.53
V 9936 -626673.70 -171264.45
V 9944 -626773.20 -171264.45
V 9952 -626773.20 -171224.45
V 9960 -626673.70 -171224.45
V 9968 -626665.95 -171222.37
V 9976 -626660.28 -171216.70
V 9984 -626658.20 -171208.95
V 9992 -626658.20 -171137.95
V 10000 -626660.28 -171130.20
V 10008 -626665.95 -171124.53
V 10016 -626673.70 -171122.45
V 10024 -626773.20 -171122.45
V 10032 -626773.20 -171082.45
V 10040 -626673.70 -171082.45
V 10048 -626665.95 -171080.37
V 10056 -626660.28 -171074.70
V 10064 -626658.20 -171066.95
V 10072 -626658.20 -170995.95
V 10080 -626660.28 -170988.20
V 10088 -626665.95 -170982.53
V 10096 -626673.70 -170980.45
V 10104 -626773.20 -170980.45
V 10112 -626773.20 -170940.45
V 10120 -626673.70 -170940.45
V 10128 -626665.95 -170938.37
V 10136 -626660.28 -170932.70
V 10144 -626658.20 -170924.95
V 10152 -626658.20 -170853.95
V 10160 -626660.28 -170846.20
V 10168 -626665.95 -170840.53
V 10176 -626673.70 -170838.45
V 10184 -626773.20 -170838.45
V 10192 -626773.20 -170798.45
V 10200 -626673.70 -170798.45
V 10208 -626665.95 -170796.37
V 10216 -626660.28 -170790.70
V 10224 -626658.20 -170782.95
V 10232 -626658.20 -170711.95
V 10240 -626660.28 -170704.20
V 10248 -626665.95 -170698.53
V 10256 -626673.70 -170696.45
V 10264 -626773.20 -170696.45
V 10272 -626773.20 -170656.45
V 10280 -626673.70 -170656.45
V 10288 -626665.95 -170654.37
V 10296 -626660.28 -170648.70
V 10304 -626658.20 -170640.95
V 10312 -626658.20 -170569.95
V 10320 -626660.28 -170562.20
V 10328 -626665.95 -170556.53
V 10336 -626673.70 -170554.45
V 10344 -626773.20 -170554.45
V 10352 -626773.20 -170514.45
V 10360 -626673.70 -170514.45
V 10368 -626665.95 -170512.37
V 10376 -626660.28 -170506.70
V 10384 -626658.20 -170498.95
V 10392 -626658.20 -170427.95
V 10400 -626660.28 -170420.20
V 10408 -626665.95 -170414.53
V 10416 -626673.70 -170412.45
V 10424 -626773.20 -170412.45
V 10432 -626773.20 -170372.45
V 10440 -626673.70 -170372.45
V 10448 -626665.95 -170370.37
V 10456 -626660.28 -170364.70
V 10464 -626658.20 -170356.95
V 10472 -626658.20 -170285.95
V 10480 -626660.28 -170278.20
V 10488 -626665.95 -170272.53
V 10496 -626673.70 -170270.45
V 10504 -626773.20 -170270.45
V 10512 -626773.20 -170230.45
V 10520 -626673.70 -170230.45
V 10528 -626665.95 -170228.37
V 10536 -626660.28 -170222.70
V 10544 -626658.20 -170214.95
V 10552 -626658.20 -170143.95
V 10560 -626660.28 -170136.20
V 10568 -626665.95 -170130.53
V 10576 -626673.70 -170128.45
V 10584 -626773.20 -170128.45
V 10592 -626773.20 -170088.45
V 10600 -626673.70 -170088.45
V 10608 -626665.95 -170086.37
V 10616 -626660.28 -170080.70
V 10624 -626658.20 -170072.95
V 10632 -626658.20 -170001.95
V 10640 -626660.28 -169994.20
V 10648 -626665.95 -169988.53
V 10656 -626673.70 -169986.45
V 10664 -626773.20 -169986.45
V 10672 -626773.20 -169946.45
V 10680 -626673.70 -169946.45
V 10688 -626665.95 -169944.37
V 10696 -626660.28 -169938.70
V 10704 -626658.20 -169930.95
V 10712 -626658.20 -169859.95
V 10720 -626660.28 -169852.20
V 10728 -626665.95 -169846.53
V 10736 -626673.70 -169844.45
V 10744 -626773.20 -169844.45
V 10752 -626773.20 -169804.45
V 10760 -626673.70 -169804.45
V 10768 -626665.95 -169802.37
V 10776 -626660.28 -169796.70
V 10784 -626658.20 -169788.95
V 10792 -626658.20 -169717.95
V 10800 -626660.28 -169710.20
V 10808 -626665.95 -169704.53
V 10816 -626673.70 -169702.45
V 10824 -626773.20 -169702.45
V 10832 -626773.20 -169662.45
V 10840 -626673.70 -169662.45
V 10848 -626665.95 -169660.37
V 10856 -626660.28 -169654.70
V 10864 -626658.20 -169646.95
V 10872 -626658.20 -169575.95
V 10880 -626660.28 -169568.20
V 10888 -626665.95 -169562.53
V 10896 -626673.70 -169560.45
V 10904 -626773.20 -169560.45
V 10912 -626773.20 -169520.45
V 10920 -626673.70 -169520.45
V 10928 -626665.95 -169518.37
V 10936 -626660.28 -169512.70
V 10944 -626658.20 -169504.95
V 10952 -626658.20 -169433.95
V 10960 -626660.28 -169426.20
V 10968 -626665.95 -169420.53
V 10976 -626673.70 -169418.45
V 10984 -626773.20 -169418.45
V 10992 -626773.20 -169378.45
V 11000 -626673.70 -169378.45
V 11008 -626665.95 -169376.37
V 11016 -626660.28 -169370.70
V 11024 -626658.20 -169362.95
V 11032 -626658.20 -169291.95
V 11040 -626660.28 -169284.20
V 11048 -626665.95 -169278.53
V 11056 -626673.70 -169276.45
V 11064 -626773.20 -169276.45
V 11072 -626773.20 -169236.45
V 11080 -626673.70 -169236.45
V 11088 -626665.95 -169234.37
V 11096 -626660.28 -169228.70
V 11104 -626658.20 -169220.95
V 11112 -626658.20 -169149.95
V 11120 -626660.28 -169142.20
V 11128 -626665.95 -169136.53
V 11136 -626673.70 -169134.45
V 11144 -626773.20 -169134.45
V 11152 -626773.20 -169094.45
V 11160 -626731.20 -169094.45
V 11168 -626723.45 -169092.37
V 11176 -626717.78 -169086.70
V 11184 -626715.70 -169078.95
V 11192 -626715.70 -168937.53
V 11200 -626698.66 -168934.63
V 11208 -624748.03 -168603.41
V 11216 -624236.92 -168516.62
V 11224 -623107.56 -168324.86
V 11232 -619548.89 -167720.59
V 11240 -618461.53 -167535.95
V 11248 -617998.54 -167457.34
V 11256 -617998.22 -167457.29
V 11264 -617998.08 -167457.26
V 11272 -610062.60 -166109.80
V 11280 -588260.78 -162407.80
V 11288 -588260.46 -162407.75
V 11296 -588260.32 -162407.72
V 11304 -588117.24 -162383.43
V 11312 -586636.14 -162131.93
V 11320 -586172.16 -162053.15
V 11328 -586172.12 -162053.14
V 11336 -584777.71 -161816.37
V 11344 -584313.12 -161737.48
V 11352 -583850.20 -161658.87
V 11360 -583850.13 -161658.86
V 11368 -583849.95 -161658.83
V 11376 -583849.75 -161658.80
V 11384 -580468.65 -161084.68
V 11392 -580179.52 -161035.59
V 11400 -573418.44 -159887.54
V 11408 -573209.13 -159852.00
V 11416 -572809.69 -159784.17
V 11424 -568960.84 -159130.63
V 11432 -567787.51 -158931.40
V 11440 -566193.56 -158660.74
V 11448 -565728.94 -158581.85
V 11456 -565728.82 -158581.83
V 11464 -565409.54 -158527.61
V 11472 -561547.50 -157871.83
V 11480 -560883.91 -157759.15
V 11488 -560882.84 -157758.93
V 11496 -560881.80 -157758.64
V 11504 -560880.77 -157758.27
V 11512 -560879.78 -157757.84
V 11520 -560878.82 -157757.33
V 11528 -560877.89 -157756.76
V 11536 -560877.01 -157756.13
V 11544 -560876.17 -157755.43
V 11552 -560875.39 -157754.68
V 11560 -560874.66 -157753.87
V 11568 -560873.99 -157753.02
V 11576 -560873.38 -157752.12
V 11584 -560872.83 -157751.18
V 11592 -560872.35 -157750.20
V 11600 -560871.94 -157749.20
V 11608 -560871.61 -157748.16
V 11616 -560871.34 -157747.11
V 11624 -560871.15 -157746.04
V 11632 -560871.04 -157744.96
V 11640 -560871.00 -157743.87
V 11648 -560871.00 -157719.35
