V 0 28519.60 -39627.50
V 8 28514.11 -39622.01
V 16 28506.61 -39620.00
V 24 20355.00 -39620.00
V 32 20355.00 -39650.00
V 40 28491.61 -39650.00
V 48 28491.61 -39689.57
V 56 27737.72 -40596.91
V 64 26663.74 -41526.47
V 72 25588.82 -42456.83
V 80 24513.39 -43388.02
V 88 23434.51 -44303.78
V 96 23054.83 -44605.36
V 104 22797.20 -44809.99
V 112 22539.53 -45014.66
V 120 22281.86 -45219.32
V 128 21826.10 -45581.33
V 136 21826.07 -45581.36
V 144 21825.89 -45581.49
V 152 21825.68 -45581.67
V 160 21519.79 -45824.68
V 168 21519.63 -45824.80
V 176 21519.36 -45825.03
V 184 21519.18 -45825.17
V 192 21517.50 -45826.61
V 200 21513.09 -45830.00
V 208 21513.02 -45830.06
V 216 21512.95 -45830.11
V 224 21512.80 -45830.24
V 232 21274.56 -46019.11
V 240 21274.43 -46019.21
V 248 21274.01 -46019.56
V 256 21273.93 -46019.63
V 264 21272.50 -46020.87
V 272 21268.55 -46023.91
V 280 21268.18 -46024.22
V 288 20813.17 -46392.87
V 296 20813.04 -46392.97
V 304 20812.78 -46393.19
V 312 20812.70 -46393.25
V 320 20807.96 -46397.22
V 328 20799.70 -46403.36
V 336 20790.49 -46410.06
V 344 20783.49 -46414.50
V 352 20783.34 -46414.60
V 360 20783.10 -46414.75
V 368 20783.06 -46414.78
V 376 20090.46 -46861.07
V 384 20090.39 -46861.11
V 392 20089.94 -46861.40
V 400 20089.65 -46861.59
V 408 20089.61 -46861.62
V 416 20088.58 -46862.28
V 424 20080.45 -46867.22
V 432 20072.96 -46871.41
V 440 19608.42 -47119.46
V 448 19342.10 -47261.65
V 456 19341.89 -47261.76
V 464 18808.34 -47546.66
V 472 18541.48 -47689.16
V 480 18274.95 -47831.47
V 488 18008.09 -47973.96
V 496 17741.58 -48116.26
V 504 17474.54 -48258.85
V 512 17208.01 -48401.16
V 520 16941.19 -48543.63
V 528 16674.47 -48686.05
V 536 16407.61 -48828.55
V 544 16141.27 -48970.75
V 552 16141.06 -48970.86
V 560 15880.69 -49109.89
V 568 15874.89 -49115.41
V 576 15872.76 -49123.12
V 584 15872.76 -55615.95
V 592 15902.76 -55615.95
V 600 15902.76 -49132.12
V 608 16155.37 -48997.23
V 616 16421.71 -48855.03
V 624 16421.75 -48855.01
V 632 16688.61 -48712.51
V 640 16955.33 -48570.09
V 648 17222.15 -48427.62
V 656 17488.68 -48285.31
V 664 17755.72 -48142.72
V 672 18022.23 -48000.42
V 680 18289.09 -47857.93
V 688 18555.62 -47715.62
V 696 18822.48 -47573.12
V 704 19356.20 -47288.13
V 712 19622.52 -47145.94
V 720 19622.56 -47145.92
V 728 20087.26 -46897.78
V 736 20087.50 -46897.65
V 744 20095.47 -46893.20
V 752 20095.53 -46893.16
V 760 20095.79 -46893.01
V 768 20104.23 -46887.88
V 776 20104.56 -46887.67
V 784 20104.62 -46887.63
V 792 20104.86 -46887.48
V 800 20104.90 -46887.45
V 808 20106.13 -46886.66
V 816 20106.20 -46886.62
V 824 20106.94 -46886.14
V 832 20106.98 -46886.11
V 840 20799.53 -46439.85
V 848 20799.55 -46439.84
V 856 20807.00 -46435.12
V 864 20807.09 -46435.06
V 872 20807.39 -46434.87
V 880 20807.64 -46434.69
V 888 20807.80 -46434.58
V 896 20817.36 -46427.62
V 904 20826.17 -46421.07
V 912 20826.31 -46420.96
V 920 20826.51 -46420.81
V 928 20826.77 -46420.60
V 936 20826.85 -46420.53
V 944 20831.96 -46416.25
V 952 20831.99 -46416.22
V 960 21286.98 -46047.58
V 968 21287.00 -46047.57
V 976 21287.12 -46047.48
V 984 21291.20 -46044.33
V 992 21291.62 -46043.98
V 1000 21293.26 -46042.57
V 1008 21531.35 -45853.81
V 1016 21536.08 -45850.17
V 1024 21536.16 -45850.10
V 1032 21536.22 -45850.06
V 1040 21536.42 -45849.90
V 1048 21536.67 -45849.69
V 1056 21538.59 -45848.05
V 1064 21844.11 -45605.33
V 1072 21844.27 -45605.21
V 1080 21844.70 -45604.88
V 1088 22300.52 -45242.82
V 1096 22558.19 -45038.16
V 1104 22815.86 -44833.49
V 1112 23073.49 -44628.86
V 1120 23453.40 -44327.10
V 1128 23453.78 -44326.79
V 1136 24532.81 -43410.90
V 1144 24532.92 -43410.80
V 1152 25608.46 -42479.51
V 1160 26683.38 -41549.15
V 1168 27758.31 -40618.77
V 1176 27758.36 -40618.72
V 1184 27758.61 -40618.50
V 1192 27759.00 -40618.13
V 1200 27759.38 -40617.75
V 1208 27759.75 -40617.35
V 1216 27760.00 -40617.05
V 1224 27760.03 -40617.02
V 1232 28518.15 -39704.59
V 1240 28520.72 -39700.10
V 1248 28521.61 -39695.00
V 1256 28521.61 -39635.00
