V 0 -807235.28 -163320.20
V 8 -807240.95 -163314.53
V 16 -807248.70 -163312.45
V 24 -807290.70 -163312.45
V 32 -807290.70 -163180.13
V 40 -807292.36 -163173.14
V 48 -807297.00 -163167.66
V 56 -807303.61 -163164.85
V 64 -809896.27 -162724.62
V 72 -813104.43 -162179.86
V 80 -815339.98 -161800.26
V 88 -815515.35 -161770.48
V 96 -815765.19 -161728.06
V 104 -815979.96 -161691.59
V 112 -816419.20 -161617.01
V 120 -816496.97 -161603.80
V 128 -816497.00 -161603.80
V 136 -816501.43 -161603.05
V 144 -816501.45 -161603.05
V 152 -816501.61 -161603.02
V 160 -818269.29 -161302.86
V 168 -818631.96 -161241.28
V 176 -819452.64 -161101.92
V 184 -820166.21 -160980.76
V 192 -820798.43 -160873.41
V 200 -821577.54 -160741.11
V 208 -821680.09 -160723.70
V 216 -822940.78 -160509.63
V 224 -823057.00 -160489.89
V 232 -823344.79 -160441.03
V 240 -824371.67 -160266.66
V 248 -824613.05 -160225.68
V 256 -825986.90 -159992.39
V 264 -826243.69 -159948.79
V 272 -826921.13 -159833.76
V 280 -827118.03 -159800.32
V 288 -827353.76 -159760.30
V 296 -827595.05 -159719.32
V 304 -828238.13 -159610.13
V 312 -829301.46 -159429.57
V 320 -829395.25 -159413.65
V 328 -832017.64 -158968.36
V 336 -832399.83 -158903.46
V 344 -832978.30 -158805.24
V 352 -833298.84 -158750.81
V 360 -833708.21 -158681.30
V 368 -834113.19 -158612.53
V 376 -834163.73 -158603.95
V 384 -835285.76 -158413.43
V 392 -835493.32 -158378.18
V 400 -835743.17 -158335.76
V 408 -835957.94 -158299.29
V 416 -836094.17 -158276.16
V 424 -836461.54 -158213.78
V 432 -836527.87 -158202.51
V 440 -836585.85 -158192.67
V 448 -837166.26 -158094.11
V 456 -837339.33 -158064.73
V 464 -837575.05 -158024.70
V 472 -837816.34 -157983.73
V 480 -838066.18 -157941.30
V 488 -838280.95 -157904.84
V 496 -838530.79 -157862.41
V 504 -838745.56 -157825.95
V 512 -839306.00 -157730.78
V 520 -839306.00 -157719.35
V 528 -839337.00 -157719.35
V 536 -839337.00 -157743.87
V 544 -839336.96 -157744.96
V 552 -839336.85 -157746.04
V 560 -839336.66 -157747.11
V 568 -839336.39 -157748.16
V 576 -839336.06 -157749.20
V 584 -839335.65 -157750.20
V 592 -839335.17 -157751.18
V 600 -839334.62 -157752.12
V 608 -839334.01 -157753.02
V 616 -839333.34 -157753.87
V 624 -839332.61 -157754.68
V 632 -839331.83 -157755.43
V 640 -839330.99 -157756.13
V 648 -839330.11 -157756.76
V 656 -839329.18 -157757.33
V 664 -839328.22 -157757.84
V 672 -839327.23 -157758.27
V 680 -839326.20 -157758.64
V 688 -839325.16 -157758.93
V 696 -839324.09 -157759.15
V 704 -839125.09 -157792.94
V 712 -838750.74 -157856.51
V 720 -838535.99 -157892.97
V 728 -838286.15 -157935.40
V 736 -838071.38 -157971.86
V 744 -837821.54 -158014.29
V 752 -837580.25 -158055.26
V 760 -837344.53 -158095.29
V 768 -837171.44 -158124.67
V 776 -836591.03 -158223.23
V 784 -836533.07 -158233.07
V 792 -836466.74 -158244.34
V 800 -836099.35 -158306.72
V 808 -835963.12 -158329.85
V 816 -835748.35 -158366.32
V 824 -835498.52 -158408.74
V 832 -835290.96 -158443.99
V 840 -834168.91 -158634.51
V 848 -834118.37 -158643.09
V 856 -833713.39 -158711.86
V 864 -833304.02 -158781.37
V 872 -832983.48 -158835.80
V 880 -832405.01 -158934.02
V 888 -832022.82 -158998.92
V 896 -829400.43 -159444.21
V 904 -829306.64 -159460.13
V 912 -828243.31 -159640.69
V 920 -827757.37 -159723.20
V 928 -827600.25 -159749.88
V 936 -827358.96 -159790.86
V 944 -827123.23 -159830.88
V 952 -826926.33 -159864.32
V 960 -826248.87 -159979.35
V 968 -825992.08 -160022.95
V 976 -824618.23 -160256.24
V 984 -824376.85 -160297.22
V 992 -823349.97 -160471.59
V 1000 -823062.20 -160520.45
V 1008 -822945.98 -160540.19
V 1016 -821685.27 -160754.26
V 1024 -821582.72 -160771.67
V 1032 -820803.61 -160903.97
V 1040 -820171.39 -161011.32
V 1048 -819457.82 -161132.48
V 1056 -818637.14 -161271.84
V 1064 -818274.47 -161333.42
V 1072 -816506.79 -161633.58
V 1080 -816506.77 -161633.58
V 1088 -816502.34 -161634.33
V 1096 -816502.32 -161634.33
V 1104 -816502.17 -161634.36
V 1112 -816424.40 -161647.57
V 1120 -816239.39 -161678.98
V 1128 -815985.14 -161722.15
V 1136 -815770.37 -161758.62
V 1144 -815520.53 -161801.04
V 1152 -815345.16 -161830.82
V 1160 -813109.61 -162210.42
V 1168 -809901.45 -162755.18
V 1176 -807321.70 -163193.22
V 1184 -807321.70 -163327.95
V 1192 -807319.62 -163335.70
V 1200 -807313.95 -163341.37
V 1208 -807306.20 -163343.45
V 1216 -807264.20 -163343.45
V 1224 -807264.20 -163383.45
V 1232 -807363.70 -163383.45
V 1240 -807371.45 -163385.53
V 1248 -807377.12 -163391.20
V 1256 -807379.20 -163398.95
V 1264 -807379.20 -163469.95
V 1272 -807377.12 -163477.70
V 1280 -807371.45 -163483.37
V 1288 -807363.70 -163485.45
V 1296 -807264.20 -163485.45
V 1304 -807264.20 -163525.45
V 1312 -807363.70 -163525.45
V 1320 -807371.45 -163527.53
V 1328 -807377.12 -163533.20
V 1336 -807379.20 -163540.95
V 1344 -807379.20 -163611.95
V 1352 -807377.12 -163619.70
V 1360 -807371.45 -163625.37
V 1368 -807363.70 -163627.45
V 1376 -807264.20 -163627.45
V 1384 -807264.20 -163667.45
V 1392 -807363.70 -163667.45
V 1400 -807371.45 -163669.53
V 1408 -807377.12 -163675.20
V 1416 -807379.20 -163682.95
V 1424 -807379.20 -163753.95
V 1432 -807377.12 -163761.70
V 1440 -807371.45 -163767.37
V 1448 -807363.70 -163769.45
V 1456 -807264.20 -163769.45
V 1464 -807264.20 -163809.45
V 1472 -807363.70 -163809.45
V 1480 -807371.45 -163811.53
V 1488 -807377.12 -163817.20
V 1496 -807379.20 -163824.95
V 1504 -807379.20 -163895.95
V 1512 -807377.12 -163903.70
V 1520 -807371.45 -163909.37
V 1528 -807363.70 -163911.45
V 1536 -807264.20 -163911.45
V 1544 -807264.20 -163951.45
V 1552 -807363.70 -163951.45
V 1560 -807371.45 -163953.53
V 1568 -807377.12 -163959.20
V 1576 -807379.20 -163966.95
V 1584 -807379.20 -164037.95
V 1592 -807377.12 -164045.70
V 1600 -807371.45 -164051.37
V 1608 -807363.70 -164053.45
V 1616 -807264.20 -164053.45
V 1624 -807264.20 -164093.45
V 1632 -807363.70 -164093.45
V 1640 -807371.45 -164095.53
V 1648 -807377.12 -164101.20
V 1656 -807379.20 -164108.95
V 1664 -807379.20 -164179.95
V 1672 -807377.12 -164187.70
V 1680 -807371.45 -164193.37
V 1688 -807363.70 -164195.45
V 1696 -807264.20 -164195.45
V 1704 -807264.20 -164235.45
V 1712 -807363.70 -164235.45
V 1720 -807371.45 -164237.53
V 1728 -807377.12 -164243.20
V 1736 -807379.20 -164250.95
V 1744 -807379.20 -164321.95
V 1752 -807377.12 -164329.70
V 1760 -807371.45 -164335.37
V 1768 -807363.70 -164337.45
V 1776 -807264.20 -164337.45
V 1784 -807264.20 -164377.45
V 1792 -807363.70 -164377.45
V 1800 -807371.45 -164379.53
V 1808 -807377.12 -164385.20
V 1816 -807379.20 -164392.95
V 1824 -807379.20 -164463.95
V 1832 -807377.12 -164471.70
V 1840 -807371.45 -164477.37
V 1848 -807363.70 -164479.45
V 1856 -807264.20 -164479.45
V 1864 -807264.20 -164519.45
V 1872 -807363.70 -164519.45
V 1880 -807371.45 -164521.53
V 1888 -807377.12 -164527.20
V 1896 -807379.20 -164534.95
V 1904 -807379.20 -164605.95
V 1912 -807377.12 -164613.70
V 1920 -807371.45 -164619.37
V 1928 -807363.70 -164621.45
V 1936 -807264.20 -164621.45
V 1944 -807264.20 -164661.45
V 1952 -807363.70 -164661.45
V 1960 -807371.45 -164663.53
V 1968 -807377.12 -164669.20
V 1976 -807379.20 -164676.95
V 1984 -807379.20 -164747.95
V 1992 -807377.12 -164755.70
V 2000 -807371.45 -164761.37
V 2008 -807363.70 -164763.45
V 2016 -807264.20 -164763.45
V 2024 -807264.20 -164803.45
V 2032 -807363.70 -164803.45
V 2040 -807371.45 -164805.53
V 2048 -807377.12 -164811.20
V 2056 -807379.20 -164818.95
V 2064 -807379.20 -164889.95
V 2072 -807377.12 -164897.70
V 2080 -807371.45 -164903.37
V 2088 -807363.70 -164905.45
V 2096 -807264.20 -164905.45
V 2104 -807264.20 -164945.45
V 2112 -807363.70 -164945.45
V 2120 -807371.45 -164947.53
V 2128 -807377.12 -164953.20
V 2136 -807379.20 -164960.95
V 2144 -807379.20 -165031.95
V 2152 -807377.12 -165039.70
V 2160 -807371.45 -165045.37
V 2168 -807363.70 -165047.45
V 2176 -807264.20 -165047.45
V 2184 -807264.20 -165087.45
V 2192 -807363.70 -165087.45
V 2200 -807371.45 -165089.53
V 2208 -807377.12 -165095.20
V 2216 -807379.20 -165102.95
V 2224 -807379.20 -165173.95
V 2232 -807377.12 -165181.70
V 2240 -807371.45 -165187.37
V 2248 -807363.70 -165189.45
V 2256 -807264.20 -165189.45
V 2264 -807264.20 -165229.45
V 2272 -807363.70 -165229.45
V 2280 -807371.45 -165231.53
V 2288 -807377.12 -165237.20
V 2296 -807379.20 -165244.95
V 2304 -807379.20 -165315.95
V 2312 -807377.12 -165323.70
V 2320 -807371.45 -165329.37
V 2328 -807363.70 -165331.45
V 2336 -807264.20 -165331.45
V 2344 -807264.20 -165371.45
V 2352 -807363.70 -165371.45
V 2360 -807371.45 -165373.53
V 2368 -807377.12 -165379.20
V 2376 -807379.20 -165386.95
V 2384 -807379.20 -165457.95
V 2392 -807377.12 -165465.70
V 2400 -807371.45 -165471.37
V 2408 -807363.70 -165473.45
V 2416 -807264.20 -165473.45
V 2424 -807264.20 -165513.45
V 2432 -807363.70 -165513.45
V 2440 -807371.45 -165515.53
V 2448 -807377.12 -165521.20
V 2456 -807379.20 -165528.95
V 2464 -807379.20 -165599.95
V 2472 -807377.12 -165607.70
V 2480 -807371.45 -165613.37
V 2488 -807363.70 -165615.45
V 2496 -807264.20 -165615.45
V 2504 -807264.20 -165655.45
V 2512 -807363.70 -165655.45
V 2520 -807371.45 -165657.53
V 2528 -807377.12 -165663.20
V 2536 -807379.20 -165670.95
V 2544 -807379.20 -165741.95
V 2552 -807377.12 -165749.70
V 2560 -807371.45 -165755.37
V 2568 -807363.70 -165757.45
V 2576 -807264.20 -165757.45
V 2584 -807264.20 -165797.45
V 2592 -807363.70 -165797.45
V 2600 -807371.45 -165799.53
V 2608 -807377.12 -165805.20
V 2616 -807379.20 -165812.95
V 2624 -807379.20 -165883.95
V 2632 -807377.12 -165891.70
V 2640 -807371.45 -165897.37
V 2648 -807363.70 -165899.45
V 2656 -807264.20 -165899.45
V 2664 -807264.20 -165939.45
V 2672 -807363.70 -165939.45
V 2680 -807371.45 -165941.53
V 2688 -807377.12 -165947.20
V 2696 -807379.20 -165954.95
V 2704 -807379.20 -166025.95
V 2712 -807377.12 -166033.70
V 2720 -807371.45 -166039.37
V 2728 -807363.70 -166041.45
V 2736 -807264.20 -166041.45
V 2744 -807264.20 -166081.45
V 2752 -807363.70 -166081.45
V 2760 -807371.45 -166083.53
V 2768 -807377.12 -166089.20
V 2776 -807379.20 -166096.95
V 2784 -807379.20 -166167.95
V 2792 -807377.12 -166175.70
V 2800 -807371.45 -166181.37
V 2808 -807363.70 -166183.45
V 2816 -807264.20 -166183.45
V 2824 -807264.20 -166223.45
V 2832 -807363.70 -166223.45
V 2840 -807371.45 -166225.53
V 2848 -807377.12 -166231.20
V 2856 -807379.20 -166238.95
V 2864 -807379.20 -166309.95
V 2872 -807377.12 -166317.70
V 2880 -807371.45 -166323.37
V 2888 -807363.70 -166325.45
V 2896 -807264.20 -166325.45
V 2904 -807264.20 -166365.45
V 2912 -807363.70 -166365.45
V 2920 -807371.45 -166367.53
V 2928 -807377.12 -166373.20
V 2936 -807379.20 -166380.95
V 2944 -807379.20 -166451.95
V 2952 -807377.12 -166459.70
V 2960 -807371.45 -166465.37
V 2968 -807363.70 -166467.45
V 2976 -807264.20 -166467.45
V 2984 -807264.20 -166507.45
V 2992 -807363.70 -166507.45
V 3000 -807371.45 -166509.53
V 3008 -807377.12 -166515.20
V 3016 -807379.20 -166522.95
V 3024 -807379.20 -166593.95
V 3032 -807377.12 -166601.70
V 3040 -807371.45 -166607.37
V 3048 -807363.70 -166609.45
V 3056 -807264.20 -166609.45
V 3064 -807264.20 -166649.45
V 3072 -807363.70 -166649.45
V 3080 -807371.45 -166651.53
V 3088 -807377.12 -166657.20
V 3096 -807379.20 -166664.95
V 3104 -807379.20 -166735.95
V 3112 -807377.12 -166743.70
V 3120 -807371.45 -166749.37
V 3128 -807363.70 -166751.45
V 3136 -807264.20 -166751.45
V 3144 -807264.20 -166791.45
V 3152 -807363.70 -166791.45
V 3160 -807371.45 -166793.53
V 3168 -807377.12 -166799.20
V 3176 -807379.20 -166806.95
V 3184 -807379.20 -166877.95
V 3192 -807377.12 -166885.70
V 3200 -807371.45 -166891.37
V 3208 -807363.70 -166893.45
V 3216 -807264.20 -166893.45
V 3224 -807264.20 -166933.45
V 3232 -807363.70 -166933.45
V 3240 -807371.45 -166935.53
V 3248 -807377.12 -166941.20
V 3256 -807379.20 -166948.95
V 3264 -807379.20 -167019.95
V 3272 -807377.12 -167027.70
V 3280 -807371.45 -167033.37
V 3288 -807363.70 -167035.45
V 3296 -807264.20 -167035.45
V 3304 -807264.20 -167075.45
V 3312 -807363.70 -167075.45
V 3320 -807371.45 -167077.53
V 3328 -807377.12 -167083.20
V 3336 -807379.20 -167090.95
V 3344 -807379.20 -167161.95
V 3352 -807377.12 -167169.70
V 3360 -807371.45 -167175.37
V 3368 -807363.70 -167177.45
V 3376 -807264.20 -167177.45
V 3384 -807264.20 -167217.45
V 3392 -807363.70 -167217.45
V 3400 -807371.45 -167219.53
V 3408 -807377.12 -167225.20
V 3416 -807379.20 -167232.95
V 3424 -807379.20 -167303.95
V 3432 -807377.12 -167311.70
V 3440 -807371.45 -167317.37
V 3448 -807363.70 -167319.45
V 3456 -807264.20 -167319.45
V 3464 -807264.20 -167359.45
V 3472 -807363.70 -167359.45
V 3480 -807371.45 -167361.53
V 3488 -807377.12 -167367.20
V 3496 -807379.20 -167374.95
V 3504 -807379.20 -167445.95
V 3512 -807377.12 -167453.70
V 3520 -807371.45 -167459.37
V 3528 -807363.70 -167461.45
V 3536 -807264.20 -167461.45
V 3544 -807264.20 -167501.45
V 3552 -807363.70 -167501.45
V 3560 -807371.45 -167503.53
V 3568 -807377.12 -167509.20
V 3576 -807379.20 -167516.95
V 3584 -807379.20 -167587.95
V 3592 -807377.12 -167595.70
V 3600 -807371.45 -167601.37
V 3608 -807363.70 -167603.45
V 3616 -807264.20 -167603.45
V 3624 -807264.20 -167643.45
V 3632 -807363.70 -167643.45
V 3640 -807371.45 -167645.53
V 3648 -807377.12 -167651.20
V 3656 -807379.20 -167658.95
V 3664 -807379.20 -167729.95
V 3672 -807377.12 -167737.70
V 3680 -807371.45 -167743.37
V 3688 -807363.70 -167745.45
V 3696 -807264.20 -167745.45
V 3704 -807264.20 -167785.45
V 3712 -807363.70 -167785.45
V 3720 -807371.45 -167787.53
V 3728 -807377.12 -167793.20
V 3736 -807379.20 -167800.95
V 3744 -807379.20 -167871.95
V 3752 -807377.12 -167879.70
V 3760 -807371.45 -167885.37
V 3768 -807363.70 -167887.45
V 3776 -807264.20 -167887.45
V 3784 -807264.20 -167927.45
V 3792 -807363.70 -167927.45
V 3800 -807371.45 -167929.53
V 3808 -807377.12 -167935.20
V 3816 -807379.20 -167942.95
V 3824 -807379.20 -168013.95
V 3832 -807377.12 -168021.70
V 3840 -807371.45 -168027.37
V 3848 -807363.70 -168029.45
V 3856 -807264.20 -168029.45
V 3864 -807264.20 -168069.45
V 3872 -807363.70 -168069.45
V 3880 -807371.45 -168071.53
V 3888 -807377.12 -168077.20
V 3896 -807379.20 -168084.95
V 3904 -807379.20 -168155.95
V 3912 -807377.12 -168163.70
V 3920 -807371.45 -168169.37
V 3928 -807363.70 -168171.45
V 3936 -807264.20 -168171.45
V 3944 -807264.20 -168211.45
V 3952 -807363.70 -168211.45
V 3960 -807371.45 -168213.53
V 3968 -807377.12 -168219.20
V 3976 -807379.20 -168226.95
V 3984 -807379.20 -168297.95
V 3992 -807377.12 -168305.70
V 4000 -807371.45 -168311.37
V 4008 -807363.70 -168313.45
V 4016 -807264.20 -168313.45
V 4024 -807264.20 -168353.45
V 4032 -807363.70 -168353.45
V 4040 -807371.45 -168355.53
V 4048 -807377.12 -168361.20
V 4056 -807379.20 -168368.95
V 4064 -807379.20 -168439.95
V 4072 -807377.12 -168447.70
V 4080 -807371.45 -168453.37
V 4088 -807363.70 -168455.45
V 4096 -807264.20 -168455.45
V 4104 -807264.20 -168495.45
V 4112 -807363.70 -168495.45
V 4120 -807371.45 -168497.53
V 4128 -807377.12 -168503.20
V 4136 -807379.20 -168510.95
V 4144 -807379.20 -168581.95
V 4152 -807377.12 -168589.70
V 4160 -807371.45 -168595.37
V 4168 -807363.70 -168597.45
V 4176 -807264.20 -168597.45
V 4184 -807264.20 -168637.45
V 4192 -807363.70 -168637.45
V 4200 -807371.45 -168639.53
V 4208 -807377.12 -168645.20
V 4216 -807379.20 -168652.95
V 4224 -807379.20 -168723.95
V 4232 -807377.12 -168731.70
V 4240 -807371.45 -168737.37
V 4248 -807363.70 -168739.45
V 4256 -807264.20 -168739.45
V 4264 -807264.20 -168779.45
V 4272 -807363.70 -168779.45
V 4280 -807371.45 -168781.53
V 4288 -807377.12 -168787.20
V 4296 -807379.20 -168794.95
V 4304 -807379.20 -168865.95
V 4312 -807377.12 -168873.70
V 4320 -807371.45 -168879.37
V 4328 -807363.70 -168881.45
V 4336 -807264.20 -168881.45
V 4344 -807264.20 -168921.45
V 4352 -807363.70 -168921.45
V 4360 -807371.45 -168923.53
V 4368 -807377.12 -168929.20
V 4376 -807379.20 -168936.95
V 4384 -807379.20 -169007.95
V 4392 -807377.12 -169015.70
V 4400 -807371.45 -169021.37
V 4408 -807363.70 -169023.45
V 4416 -807264.20 -169023.45
V 4424 -807264.20 -169063.45
V 4432 -807363.70 -169063.45
V 4440 -807371.45 -169065.53
V 4448 -807377.12 -169071.20
V 4456 -807379.20 -169078.95
V 4464 -807379.20 -169149.95
V 4472 -807377.12 -169157.70
V 4480 -807371.45 -169163.37
V 4488 -807363.70 -169165.45
V 4496 -807264.20 -169165.45
V 4504 -807264.20 -169205.45
V 4512 -807363.70 -169205.45
V 4520 -807371.45 -169207.53
V 4528 -807377.12 -169213.20
V 4536 -807379.20 -169220.95
V 4544 -807379.20 -169291.95
V 4552 -807377.12 -169299.70
V 4560 -807371.45 -169305.37
V 4568 -807363.70 -169307.45
V 4576 -807264.20 -169307.45
V 4584 -807264.20 -169347.45
V 4592 -807363.70 -169347.45
V 4600 -807371.45 -169349.53
V 4608 -807377.12 -169355.20
V 4616 -807379.20 -169362.95
V 4624 -807379.20 -169433.95
V 4632 -807377.12 -169441.70
V 4640 -807371.45 -169447.37
V 4648 -807363.70 -169449.45
V 4656 -807264.20 -169449.45
V 4664 -807264.20 -169489.45
V 4672 -807363.70 -169489.45
V 4680 -807371.45 -169491.53
V 4688 -807377.12 -169497.20
V 4696 -807379.20 -169504.95
V 4704 -807379.20 -169575.95
V 4712 -807377.12 -169583.70
V 4720 -807371.45 -169589.37
V 4728 -807363.70 -169591.45
V 4736 -807264.20 -169591.45
V 4744 -807264.20 -169631.45
V 4752 -807363.70 -169631.45
V 4760 -807371.45 -169633.53
V 4768 -807377.12 -169639.20
V 4776 -807379.20 -169646.95
V 4784 -807379.20 -169717.95
V 4792 -807377.12 -169725.70
V 4800 -807371.45 -169731.37
V 4808 -807363.70 -169733.45
V 4816 -807264.20 -169733.45
V 4824 -807264.20 -169773.45
V 4832 -807363.70 -169773.45
V 4840 -807371.45 -169775.53
V 4848 -807377.12 -169781.20
V 4856 -807379.20 -169788.95
V 4864 -807379.20 -169859.95
V 4872 -807377.12 -169867.70
V 4880 -807371.45 -169873.37
V 4888 -807363.70 -169875.45
V 4896 -807264.20 -169875.45
V 4904 -807264.20 -169915.45
V 4912 -807363.70 -169915.45
V 4920 -807371.45 -169917.53
V 4928 -807377.12 -169923.20
V 4936 -807379.20 -169930.95
V 4944 -807379.20 -170001.95
V 4952 -807377.12 -170009.70
V 4960 -807371.45 -170015.37
V 4968 -807363.70 -170017.45
V 4976 -807264.20 -170017.45
V 4984 -807264.20 -170057.45
V 4992 -807363.70 -170057.45
V 5000 -807371.45 -170059.53
V 5008 -807377.12 -170065.20
V 5016 -807379.20 -170072.95
V 5024 -807379.20 -170143.95
V 5032 -807377.12 -170151.70
V 5040 -807371.45 -170157.37
V 5048 -807363.70 -170159.45
V 5056 -807264.20 -170159.45
V 5064 -807264.20 -170199.45
V 5072 -807363.70 -170199.45
V 5080 -807371.45 -170201.53
V 5088 -807377.12 -170207.20
V 5096 -807379.20 -170214.95
V 5104 -807379.20 -170285.95
V 5112 -807377.12 -170293.70
V 5120 -807371.45 -170299.37
V 5128 -807363.70 -170301.45
V 5136 -807264.20 -170301.45
V 5144 -807264.20 -170341.45
V 5152 -807363.70 -170341.45
V 5160 -807371.45 -170343.53
V 5168 -807377.12 -170349.20
V 5176 -807379.20 -170356.95
V 5184 -807379.20 -170427.95
V 5192 -807377.12 -170435.70
V 5200 -807371.45 -170441.37
V 5208 -807363.70 -170443.45
V 5216 -807264.20 -170443.45
V 5224 -807264.20 -170483.45
V 5232 -807363.70 -170483.45
V 5240 -807371.45 -170485.53
V 5248 -807377.12 -170491.20
V 5256 -807379.20 -170498.95
V 5264 -807379.20 -170569.95
V 5272 -807377.12 -170577.70
V 5280 -807371.45 -170583.37
V 5288 -807363.70 -170585.45
V 5296 -807264.20 -170585.45
V 5304 -807264.20 -170625.45
V 5312 -807363.70 -170625.45
V 5320 -807371.45 -170627.53
V 5328 -807377.12 -170633.20
V 5336 -807379.20 -170640.95
V 5344 -807379.20 -170711.95
V 5352 -807377.12 -170719.70
V 5360 -807371.45 -170725.37
V 5368 -807363.70 -170727.45
V 5376 -807264.20 -170727.45
V 5384 -807264.20 -170767.45
V 5392 -807363.70 -170767.45
V 5400 -807371.45 -170769.53
V 5408 -807377.12 -170775.20
V 5416 -807379.20 -170782.95
V 5424 -807379.20 -170853.95
V 5432 -807377.12 -170861.70
V 5440 -807371.45 -170867.37
V 5448 -807363.70 -170869.45
V 5456 -807264.20 -170869.45
V 5464 -807264.20 -170909.45
V 5472 -807363.70 -170909.45
V 5480 -807371.45 -170911.53
V 5488 -807377.12 -170917.20
V 5496 -807379.20 -170924.95
V 5504 -807379.20 -170995.95
V 5512 -807377.12 -171003.70
V 5520 -807371.45 -171009.37
V 5528 -807363.70 -171011.45
V 5536 -807264.20 -171011.45
V 5544 -807264.20 -171051.45
V 5552 -807363.70 -171051.45
V 5560 -807371.45 -171053.53
V 5568 -807377.12 -171059.20
V 5576 -807379.20 -171066.95
V 5584 -807379.20 -171137.95
V 5592 -807377.12 -171145.70
V 5600 -807371.45 -171151.37
V 5608 -807363.70 -171153.45
V 5616 -807264.20 -171153.45
V 5624 -807264.20 -171193.45
V 5632 -807363.70 -171193.45
V 5640 -807371.45 -171195.53
V 5648 -807377.12 -171201.20
V 5656 -807379.20 -171208.95
V 5664 -807379.20 -171279.95
V 5672 -807377.12 -171287.70
V 5680 -807371.45 -171293.37
V 5688 -807363.70 -171295.45
V 5696 -807264.20 -171295.45
V 5704 -807264.20 -171335.45
V 5712 -807363.70 -171335.45
V 5720 -807371.45 -171337.53
V 5728 -807377.12 -171343.20
V 5736 -807379.20 -171350.95
V 5744 -807379.20 -171421.95
V 5752 -807377.12 -171429.70
V 5760 -807371.45 -171435.37
V 5768 -807363.70 -171437.45
V 5776 -807264.20 -171437.45
V 5784 -807264.20 -171477.45
V 5792 -807363.70 -171477.45
V 5800 -807371.45 -171479.53
V 5808 -807377.12 -171485.20
V 5816 -807379.20 -171492.95
V 5824 -807379.20 -171563.95
V 5832 -807377.12 -171571.70
V 5840 -807371.45 -171577.37
V 5848 -807363.70 -171579.45
V 5856 -807264.20 -171579.45
V 5864 -807264.20 -171619.45
V 5872 -807363.70 -171619.45
V 5880 -807371.45 -171621.53
V 5888 -807377.12 -171627.20
V 5896 -807379.20 -171634.95
V 5904 -807379.20 -171705.95
V 5912 -807377.12 -171713.70
V 5920 -807371.45 -171719.37
V 5928 -807363.70 -171721.45
V 5936 -807264.20 -171721.45
V 5944 -807264.20 -171761.45
V 5952 -807363.70 -171761.45
V 5960 -807371.45 -171763.53
V 5968 -807377.12 -171769.20
V 5976 -807379.20 -171776.95
V 5984 -807379.20 -171847.95
V 5992 -807377.12 -171855.70
V 6000 -807371.45 -171861.37
V 6008 -807363.70 -171863.45
V 6016 -807264.20 -171863.45
V 6024 -807264.20 -171903.45
V 6032 -807363.70 -171903.45
V 6040 -807371.45 -171905.53
V 6048 -807377.12 -171911.20
V 6056 -807379.20 -171918.95
V 6064 -807379.20 -171989.95
V 6072 -807377.12 -171997.70
V 6080 -807371.45 -172003.37
V 6088 -807363.70 -172005.45
V 6096 -807264.20 -172005.45
V 6104 -807264.20 -172045.45
V 6112 -807363.70 -172045.45
V 6120 -807371.45 -172047.53
V 6128 -807377.12 -172053.20
V 6136 -807379.20 -172060.95
V 6144 -807379.20 -172131.95
V 6152 -807377.12 -172139.70
V 6160 -807371.45 -172145.37
V 6168 -807363.70 -172147.45
V 6176 -807264.20 -172147.45
V 6184 -807264.20 -172187.45
V 6192 -807363.70 -172187.45
V 6200 -807371.45 -172189.53
V 6208 -807377.12 -172195.20
V 6216 -807379.20 -172202.95
V 6224 -807379.20 -172273.95
V 6232 -807377.12 -172281.70
V 6240 -807371.45 -172287.37
V 6248 -807363.70 -172289.45
V 6256 -807264.20 -172289.45
V 6264 -807264.20 -172329.45
V 6272 -807363.70 -172329.45
V 6280 -807371.45 -172331.53
V 6288 -807377.12 -172337.20
V 6296 -807379.20 -172344.95
V 6304 -807379.20 -172415.95
V 6312 -807377.12 -172423.70
V 6320 -807371.45 -172429.37
V 6328 -807363.70 -172431.45
V 6336 -807264.20 -172431.45
V 6344 -807264.20 -172471.45
V 6352 -807363.70 -172471.45
V 6360 -807371.45 -172473.53
V 6368 -807377.12 -172479.20
V 6376 -807379.20 -172486.95
V 6384 -807379.20 -172557.95
V 6392 -807377.12 -172565.70
V 6400 -807371.45 -172571.37
V 6408 -807363.70 -172573.45
V 6416 -807264.20 -172573.45
V 6424 -807264.20 -172613.45
V 6432 -807363.70 -172613.45
V 6440 -807371.45 -172615.53
V 6448 -807377.12 -172621.20
V 6456 -807379.20 -172628.95
V 6464 -807379.20 -172699.95
V 6472 -807377.12 -172707.70
V 6480 -807371.45 -172713.37
V 6488 -807363.70 -172715.45
V 6496 -807264.20 -172715.45
V 6504 -807264.20 -172755.45
V 6512 -807363.70 -172755.45
V 6520 -807371.45 -172757.53
V 6528 -807377.12 -172763.20
V 6536 -807379.20 -172770.95
V 6544 -807379.20 -172841.95
V 6552 -807377.12 -172849.70
V 6560 -807371.45 -172855.37
V 6568 -807363.70 -172857.45
V 6576 -807264.20 -172857.45
V 6584 -807264.20 -172897.45
V 6592 -807363.70 -172897.45
V 6600 -807371.45 -172899.53
V 6608 -807377.12 -172905.20
V 6616 -807379.20 -172912.95
V 6624 -807379.20 -172983.95
V 6632 -807377.12 -172991.70
V 6640 -807371.45 -172997.37
V 6648 -807363.70 -172999.45
V 6656 -807264.20 -172999.45
V 6664 -807264.20 -173039.45
V 6672 -807363.70 -173039.45
V 6680 -807371.45 -173041.53
V 6688 -807377.12 -173047.20
V 6696 -807379.20 -173054.95
V 6704 -807379.20 -173125.95
V 6712 -807377.12 -173133.70
V 6720 -807371.45 -173139.37
V 6728 -807363.70 -173141.45
V 6736 -807264.20 -173141.45
V 6744 -807264.20 -173181.45
V 6752 -807363.70 -173181.45
V 6760 -807371.45 -173183.53
V 6768 -807377.12 -173189.20
V 6776 -807379.20 -173196.95
V 6784 -807379.20 -173267.95
V 6792 -807377.12 -173275.70
V 6800 -807371.45 -173281.37
V 6808 -807363.70 -173283.45
V 6816 -807264.20 -173283.45
V 6824 -807264.20 -173323.45
V 6832 -807363.70 -173323.45
V 6840 -807371.45 -173325.53
V 6848 -807377.12 -173331.20
V 6856 -807379.20 -173338.95
V 6864 -807379.20 -173409.95
V 6872 -807377.12 -173417.70
V 6880 -807371.45 -173423.37
V 6888 -807363.70 -173425.45
V 6896 -807264.20 -173425.45
V 6904 -807264.20 -173465.45
V 6912 -807363.70 -173465.45
V 6920 -807371.45 -173467.53
V 6928 -807377.12 -173473.20
V 6936 -807379.20 -173480.95
V 6944 -807379.20 -173551.95
V 6952 -807377.12 -173559.70
V 6960 -807371.45 -173565.37
V 6968 -807363.70 -173567.45
V 6976 -807264.20 -173567.45
V 6984 -807264.20 -173607.45
V 6992 -807363.70 -173607.45
V 7000 -807371.45 -173609.53
V 7008 -807377.12 -173615.20
V 7016 -807379.20 -173622.95
V 7024 -807379.20 -173693.95
V 7032 -807377.12 -173701.70
V 7040 -807371.45 -173707.37
V 7048 -807363.70 -173709.45
V 7056 -807264.20 -173709.45
V 7064 -807264.20 -173749.45
V 7072 -807363.70 -173749.45
V 7080 -807371.45 -173751.53
V 7088 -807377.12 -173757.20
V 7096 -807379.20 -173764.95
V 7104 -807379.20 -173835.95
V 7112 -807377.12 -173843.70
V 7120 -807371.45 -173849.37
V 7128 -807363.70 -173851.45
V 7136 -807264.20 -173851.45
V 7144 -807264.20 -173891.45
V 7152 -807363.70 -173891.45
V 7160 -807371.45 -173893.53
V 7168 -807377.12 -173899.20
V 7176 -807379.20 -173906.95
V 7184 -807379.20 -173977.95
V 7192 -807377.12 -173985.70
V 7200 -807371.45 -173991.37
V 7208 -807363.70 -173993.45
V 7216 -807264.20 -173993.45
V 7224 -807264.20 -174033.45
V 7232 -807363.70 -174033.45
V 7240 -807371.45 -174035.53
V 7248 -807377.12 -174041.20
V 7256 -807379.20 -174048.95
V 7264 -807379.20 -174119.95
V 7272 -807377.12 -174127.70
V 7280 -807371.45 -174133.37
V 7288 -807363.70 -174135.45
V 7296 -807264.20 -174135.45
V 7304 -807264.20 -174175.45
V 7312 -807363.70 -174175.45
V 7320 -807371.45 -174177.53
V 7328 -807377.12 -174183.20
V 7336 -807379.20 -174190.95
V 7344 -807379.20 -174261.95
V 7352 -807377.12 -174269.70
V 7360 -807371.45 -174275.37
V 7368 -807363.70 -174277.45
V 7376 -807264.20 -174277.45
V 7384 -807264.20 -174317.45
V 7392 -807363.70 -174317.45
V 7400 -807371.45 -174319.53
V 7408 -807377.12 -174325.20
V 7416 -807379.20 -174332.95
V 7424 -807379.20 -174403.95
V 7432 -807377.12 -174411.70
V 7440 -807371.45 -174417.37
V 7448 -807363.70 -174419.45
V 7456 -807264.20 -174419.45
V 7464 -807264.20 -174459.45
V 7472 -807363.70 -174459.45
V 7480 -807371.45 -174461.53
V 7488 -807377.12 -174467.20
V 7496 -807379.20 -174474.95
V 7504 -807379.20 -174545.95
V 7512 -807377.12 -174553.70
V 7520 -807371.45 -174559.37
V 7528 -807363.70 -174561.45
V 7536 -807264.20 -174561.45
V 7544 -807264.20 -174601.45
V 7552 -807363.70 -174601.45
V 7560 -807371.45 -174603.53
V 7568 -807377.12 -174609.20
V 7576 -807379.20 -174616.95
V 7584 -807379.20 -174687.95
V 7592 -807377.12 -174695.70
V 7600 -807371.45 -174701.37
V 7608 -807363.70 -174703.45
V 7616 -807264.20 -174703.45
V 7624 -807264.20 -174743.45
V 7632 -807363.70 -174743.45
V 7640 -807371.45 -174745.53
V 7648 -807377.12 -174751.20
V 7656 -807379.20 -174758.95
V 7664 -807379.20 -174829.95
V 7672 -807377.12 -174837.70
V 7680 -807371.45 -174843.37
V 7688 -807363.70 -174845.45
V 7696 -807264.20 -174845.45
V 7704 -807264.20 -174885.45
V 7712 -807363.70 -174885.45
V 7720 -807371.45 -174887.53
V 7728 -807377.12 -174893.20
V 7736 -807379.20 -174900.95
V 7744 -807379.20 -174971.95
V 7752 -807377.12 -174979.70
V 7760 -807371.45 -174985.37
V 7768 -807363.70 -174987.45
V 7776 -807264.20 -174987.45
V 7784 -807264.20 -175027.45
V 7792 -807363.70 -175027.45
V 7800 -807371.45 -175029.53
V 7808 -807377.12 -175035.20
V 7816 -807379.20 -175042.95
V 7824 -807379.20 -175113.95
V 7832 -807377.12 -175121.70
V 7840 -807371.45 -175127.37
V 7848 -807363.70 -175129.45
V 7856 -807264.20 -175129.45
V 7864 -807264.20 -175169.45
V 7872 -807363.70 -175169.45
V 7880 -807371.45 -175171.53
V 7888 -807377.12 -175177.20
V 7896 -807379.20 -175184.95
V 7904 -807379.20 -175255.95
V 7912 -807377.12 -175263.70
V 7920 -807371.45 -175269.37
V 7928 -807363.70 -175271.45
V 7936 -807264.20 -175271.45
V 7944 -807264.20 -175311.45
V 7952 -807363.70 -175311.45
V 7960 -807371.45 -175313.53
V 7968 -807377.12 -175319.20
V 7976 -807379.20 -175326.95
V 7984 -807379.20 -175397.95
V 7992 -807377.12 -175405.70
V 8000 -807371.45 -175411.37
V 8008 -807363.70 -175413.45
V 8016 -807264.20 -175413.45
V 8024 -807264.20 -175453.45
V 8032 -807363.70 -175453.45
V 8040 -807371.45 -175455.53
V 8048 -807377.12 -175461.20
V 8056 -807379.20 -175468.95
V 8064 -807379.20 -175539.95
V 8072 -807377.12 -175547.70
V 8080 -807371.45 -175553.37
V 8088 -807363.70 -175555.45
V 8096 -807264.20 -175555.45
V 8104 -807264.20 -175595.45
V 8112 -807363.70 -175595.45
V 8120 -807371.45 -175597.53
V 8128 -807377.12 -175603.20
V 8136 -807379.20 -175610.95
V 8144 -807379.20 -175681.95
V 8152 -807377.12 -175689.70
V 8160 -807371.45 -175695.37
V 8168 -807363.70 -175697.45
V 8176 -807264.20 -175697.45
V 8184 -807264.20 -175737.45
V 8192 -807363.70 -175737.45
V 8200 -807371.45 -175739.53
V 8208 -807377.12 -175745.20
V 8216 -807379.20 -175752.95
V 8224 -807379.20 -175823.95
V 8232 -807377.12 -175831.70
V 8240 -807371.45 -175837.37
V 8248 -807363.70 -175839.45
V 8256 -807264.20 -175839.45
V 8264 -807264.20 -175879.45
V 8272 -807363.70 -175879.45
V 8280 -807371.45 -175881.53
V 8288 -807377.12 -175887.20
V 8296 -807379.20 -175894.95
V 8304 -807379.20 -175965.95
V 8312 -807377.12 -175973.70
V 8320 -807371.45 -175979.37
V 8328 -807363.70 -175981.45
V 8336 -807264.20 -175981.45
V 8344 -807264.20 -176021.45
V 8352 -807363.70 -176021.45
V 8360 -807371.45 -176023.53
V 8368 -807377.12 -176029.20
V 8376 -807379.20 -176036.95
V 8384 -807379.20 -176107.95
V 8392 -807377.12 -176115.70
V 8400 -807371.45 -176121.37
V 8408 -807363.70 -176123.45
V 8416 -807264.20 -176123.45
V 8424 -807264.20 -176163.45
V 8432 -807363.70 -176163.45
V 8440 -807371.45 -176165.53
V 8448 -807377.12 -176171.20
V 8456 -807379.20 -176178.95
V 8464 -807379.20 -176249.95
V 8472 -807377.12 -176257.70
V 8480 -807371.45 -176263.37
V 8488 -807363.70 -176265.45
V 8496 -807264.20 -176265.45
V 8504 -807264.20 -176305.45
V 8512 -807363.70 -176305.45
V 8520 -807371.45 -176307.53
V 8528 -807377.12 -176313.20
V 8536 -807379.20 -176320.95
V 8544 -807379.20 -176391.95
V 8552 -807377.12 -176399.70
V 8560 -807371.45 -176405.37
V 8568 -807363.70 -176407.45
V 8576 -807264.20 -176407.45
V 8584 -807264.20 -176447.45
V 8592 -807363.70 -176447.45
V 8600 -807371.45 -176449.53
V 8608 -807377.12 -176455.20
V 8616 -807379.20 -176462.95
V 8624 -807379.20 -176533.95
V 8632 -807377.12 -176541.70
V 8640 -807371.45 -176547.37
V 8648 -807363.70 -176549.45
V 8656 -807264.20 -176549.45
V 8664 -807264.20 -176589.45
V 8672 -807363.70 -176589.45
V 8680 -807371.45 -176591.53
V 8688 -807377.12 -176597.20
V 8696 -807379.20 -176604.95
V 8704 -807379.20 -176675.95
V 8712 -807377.12 -176683.70
V 8720 -807371.45 -176689.37
V 8728 -807363.70 -176691.45
V 8736 -807264.20 -176691.45
V 8744 -807264.20 -176731.45
V 8752 -807363.70 -176731.45
V 8760 -807371.45 -176733.53
V 8768 -807377.12 -176739.20
V 8776 -807379.20 -176746.95
V 8784 -807379.20 -176817.95
V 8792 -807377.12 -176825.70
V 8800 -807371.45 -176831.37
V 8808 -807363.70 -176833.45
V 8816 -807264.20 -176833.45
V 8824 -807264.20 -176873.45
V 8832 -807363.70 -176873.45
V 8840 -807371.45 -176875.53
V 8848 -807377.12 -176881.20
V 8856 -807379.20 -176888.95
V 8864 -807379.20 -176959.95
V 8872 -807377.12 -176967.70
V 8880 -807371.45 -176973.37
V 8888 -807363.70 -176975.45
V 8896 -807264.20 -176975.45
V 8904 -807264.20 -177015.45
V 8912 -807363.70 -177015.45
V 8920 -807371.45 -177017.53
V 8928 -807377.12 -177023.20
V 8936 -807379.20 -177030.95
V 8944 -807379.20 -177101.95
V 8952 -807377.12 -177109.70
V 8960 -807371.45 -177115.37
V 8968 -807363.70 -177117.45
V 8976 -807264.20 -177117.45
V 8984 -807264.20 -177157.45
V 8992 -807363.70 -177157.45
V 9000 -807371.45 -177159.53
V 9008 -807377.12 -177165.20
V 9016 -807379.20 -177172.95
V 9024 -807379.20 -177243.95
V 9032 -807377.12 -177251.70
V 9040 -807371.45 -177257.37
V 9048 -807363.70 -177259.45
V 9056 -807264.20 -177259.45
V 9064 -807264.20 -177299.45
V 9072 -807363.70 -177299.45
V 9080 -807371.45 -177301.53
V 9088 -807377.12 -177307.20
V 9096 -807379.20 -177314.95
V 9104 -807379.20 -177385.95
V 9112 -807377.12 -177393.70
V 9120 -807371.45 -177399.37
V 9128 -807363.70 -177401.45
V 9136 -807264.20 -177401.45
V 9144 -807264.20 -177441.45
V 9152 -807363.70 -177441.45
V 9160 -807371.45 -177443.53
V 9168 -807377.12 -177449.20
V 9176 -807379.20 -177456.95
V 9184 -807379.20 -177527.95
V 9192 -807377.12 -177535.70
V 9200 -807371.45 -177541.37
V 9208 -807363.70 -177543.45
V 9216 -807264.20 -177543.45
V 9224 -807264.20 -177583.45
V 9232 -807363.70 -177583.45
V 9240 -807371.45 -177585.53
V 9248 -807377.12 -177591.20
V 9256 -807379.20 -177598.95
V 9264 -807379.20 -177669.95
V 9272 -807377.12 -177677.70
V 9280 -807371.45 -177683.37
V 9288 -807363.70 -177685.45
V 9296 -807264.20 -177685.45
V 9304 -807264.20 -177725.45
V 9312 -807363.70 -177725.45
V 9320 -807371.45 -177727.53
V 9328 -807377.12 -177733.20
V 9336 -807379.20 -177740.95
V 9344 -807379.20 -177811.95
V 9352 -807377.12 -177819.70
V 9360 -807371.45 -177825.37
V 9368 -807363.70 -177827.45
V 9376 -807264.20 -177827.45
V 9384 -807264.20 -177867.45
V 9392 -807363.70 -177867.45
V 9400 -807371.45 -177869.53
V 9408 -807377.12 -177875.20
V 9416 -807379.20 -177882.95
V 9424 -807379.20 -177953.95
V 9432 -807377.12 -177961.70
V 9440 -807371.45 -177967.37
V 9448 -807363.70 -177969.45
V 9456 -807264.20 -177969.45
V 9464 -807264.20 -178009.45
V 9472 -807363.70 -178009.45
V 9480 -807371.45 -178011.53
V 9488 -807377.12 -178017.20
V 9496 -807379.20 -178024.95
V 9504 -807379.20 -178095.95
V 9512 -807377.12 -178103.70
V 9520 -807371.45 -178109.37
V 9528 -807363.70 -178111.45
V 9536 -807264.20 -178111.45
V 9544 -807264.20 -178151.45
V 9552 -807363.70 -178151.45
V 9560 -807371.45 -178153.53
V 9568 -807377.12 -178159.20
V 9576 -807379.20 -178166.95
V 9584 -807379.20 -178237.95
V 9592 -807377.12 -178245.70
V 9600 -807371.45 -178251.37
V 9608 -807363.70 -178253.45
V 9616 -807264.20 -178253.45
V 9624 -807264.20 -178293.45
V 9632 -807363.70 -178293.45
V 9640 -807371.45 -178295.53
V 9648 -807377.12 -178301.20
V 9656 -807379.20 -178308.95
V 9664 -807379.20 -178379.95
V 9672 -807377.12 -178387.70
V 9680 -807371.45 -178393.37
V 9688 -807363.70 -178395.45
V 9696 -807321.70 -178395.45
V 9704 -807321.70 -178404.45
V 9712 -807290.70 -178404.45
V 9720 -807290.70 -178379.95
V 9728 -807290.74 -178378.84
V 9736 -807290.86 -178377.74
V 9744 -807291.05 -178376.66
V 9752 -807291.33 -178375.58
V 9760 -807291.68 -178374.53
V 9768 -807292.10 -178373.51
V 9776 -807292.60 -178372.52
V 9784 -807293.16 -178371.57
V 9792 -807293.79 -178370.66
V 9800 -807294.49 -178369.80
V 9808 -807295.24 -178368.99
V 9816 -807296.05 -178368.24
V 9824 -807296.91 -178367.54
V 9832 -807297.82 -178366.91
V 9840 -807298.77 -178366.35
V 9848 -807299.76 -178365.85
V 9856 -807300.78 -178365.43
V 9864 -807301.83 -178365.08
V 9872 -807302.91 -178364.80
V 9880 -807303.99 -178364.61
V 9888 -807305.09 -178364.49
V 9896 -807306.20 -178364.45
V 9904 -807348.20 -178364.45
V 9912 -807348.20 -178324.45
V 9920 -807248.70 -178324.45
V 9928 -807240.95 -178322.37
V 9936 -807235.28 -178316.70
V 9944 -807233.20 -178308.95
V 9952 -807233.20 -178237.95
V 9960 -807235.28 -178230.20
V 9968 -807240.95 -178224.53
V 9976 -807248.70 -178222.45
V 9984 -807348.20 -178222.45
V 9992 -807348.20 -178182.45
V 10000 -807248.70 -178182.45
V 10008 -807240.95 -178180.37
V 10016 -807235.28 -178174.70
V 10024 -807233.20 -178166.95
V 10032 -807233.20 -178095.95
V 10040 -807235.28 -178088.20
V 10048 -807240.95 -178082.53
V 10056 -807248.70 -178080.45
V 10064 -807348.20 -178080.45
V 10072 -807348.20 -178040.45
V 10080 -807248.70 -178040.45
V 10088 -807240.95 -178038.37
V 10096 -807235.28 -178032.70
V 10104 -807233.20 -178024.95
V 10112 -807233.20 -177953.95
V 10120 -807235.28 -177946.20
V 10128 -807240.95 -177940.53
V 10136 -807248.70 -177938.45
V 10144 -807348.20 -177938.45
V 10152 -807348.20 -177898.45
V 10160 -807248.70 -177898.45
V 10168 -807240.95 -177896.37
V 10176 -807235.28 -177890.70
V 10184 -807233.20 -177882.95
V 10192 -807233.20 -177811.95
V 10200 -807235.28 -177804.20
V 10208 -807240.95 -177798.53
V 10216 -807248.70 -177796.45
V 10224 -807348.20 -177796.45
V 10232 -807348.20 -177756.45
V 10240 -807248.70 -177756.45
V 10248 -807240.95 -177754.37
V 10256 -807235.28 -177748.70
V 10264 -807233.20 -177740.95
V 10272 -807233.20 -177669.95
V 10280 -807235.28 -177662.20
V 10288 -807240.95 -177656.53
V 10296 -807248.70 -177654.45
V 10304 -807348.20 -177654.45
V 10312 -807348.20 -177614.45
V 10320 -807248.70 -177614.45
V 10328 -807240.95 -177612.37
V 10336 -807235.28 -177606.70
V 10344 -807233.20 -177598.95
V 10352 -807233.20 -177527.95
V 10360 -807235.28 -177520.20
V 10368 -807240.95 -177514.53
V 10376 -807248.70 -177512.45
V 10384 -807348.20 -177512.45
V 10392 -807348.20 -177472.45
V 10400 -807248.70 -177472.45
V 10408 -807240.95 -177470.37
V 10416 -807235.28 -177464.70
V 10424 -807233.20 -177456.95
V 10432 -807233.20 -177385.95
V 10440 -807235.28 -177378.20
V 10448 -807240.95 -177372.53
V 10456 -807248.70 -177370.45
V 10464 -807348.20 -177370.45
V 10472 -807348.20 -177330.45
V 10480 -807248.70 -177330.45
V 10488 -807240.95 -177328.37
V 10496 -807235.28 -177322.70
V 10504 -807233.20 -177314.95
V 10512 -807233.20 -177243.95
V 10520 -807235.28 -177236.20
V 10528 -807240.95 -177230.53
V 10536 -807248.70 -177228.45
V 10544 -807348.20 -177228.45
V 10552 -807348.20 -177188.45
V 10560 -807248.70 -177188.45
V 10568 -807240.95 -177186.37
V 10576 -807235.28 -177180.70
V 10584 -807233.20 -177172.95
V 10592 -807233.20 -177101.95
V 10600 -807235.28 -177094.20
V 10608 -807240.95 -177088.53
V 10616 -807248.70 -177086.45
V 10624 -807348.20 -177086.45
V 10632 -807348.20 -177046.45
V 10640 -807248.70 -177046.45
V 10648 -807240.95 -177044.37
V 10656 -807235.28 -177038.70
V 10664 -807233.20 -177030.95
V 10672 -807233.20 -176959.95
V 10680 -807235.28 -176952.20
V 10688 -807240.95 -176946.53
V 10696 -807248.70 -176944.45
V 10704 -807348.20 -176944.45
V 10712 -807348.20 -176904.45
V 10720 -807248.70 -176904.45
V 10728 -807240.95 -176902.37
V 10736 -807235.28 -176896.70
V 10744 -807233.20 -176888.95
V 10752 -807233.20 -176817.95
V 10760 -807235.28 -176810.20
V 10768 -807240.95 -176804.53
V 10776 -807248.70 -176802.45
V 10784 -807348.20 -176802.45
V 10792 -807348.20 -176762.45
V 10800 -807248.70 -176762.45
V 10808 -807240.95 -176760.37
V 10816 -807235.28 -176754.70
V 10824 -807233.20 -176746.95
V 10832 -807233.20 -176675.95
V 10840 -807235.28 -176668.20
V 10848 -807240.95 -176662.53
V 10856 -807248.70 -176660.45
V 10864 -807348.20 -176660.45
V 10872 -807348.20 -176620.45
V 10880 -807248.70 -176620.45
V 10888 -807240.95 -176618.37
V 10896 -807235.28 -176612.70
V 10904 -807233.20 -176604.95
V 10912 -807233.20 -176533.95
V 10920 -807235.28 -176526.20
V 10928 -807240.95 -176520.53
V 10936 -807248.70 -176518.45
V 10944 -807348.20 -176518.45
V 10952 -807348.20 -176478.45
V 10960 -807248.70 -176478.45
V 10968 -807240.95 -176476.37
V 10976 -807235.28 -176470.70
V 10984 -807233.20 -176462.95
V 10992 -807233.20 -176391.95
V 11000 -807235.28 -176384.20
V 11008 -807240.95 -176378.53
V 11016 -807248.70 -176376.45
V 11024 -807348.20 -176376.45
V 11032 -807348.20 -176336.45
V 11040 -807248.70 -176336.45
V 11048 -807240.95 -176334.37
V 11056 -807235.28 -176328.70
V 11064 -807233.20 -176320.95
V 11072 -807233.20 -176249.95
V 11080 -807235.28 -176242.20
V 11088 -807240.95 -176236.53
V 11096 -807248.70 -176234.45
V 11104 -807348.20 -176234.45
V 11112 -807348.20 -176194.45
V 11120 -807248.70 -176194.45
V 11128 -807240.95 -176192.37
V 11136 -807235.28 -176186.70
V 11144 -807233.20 -176178.95
V 11152 -807233.20 -176107.95
V 11160 -807235.28 -176100.20
V 11168 -807240.95 -176094.53
V 11176 -807248.70 -176092.45
V 11184 -807348.20 -176092.45
V 11192 -807348.20 -176052.45
V 11200 -807248.70 -176052.45
V 11208 -807240.95 -176050.37
V 11216 -807235.28 -176044.70
V 11224 -807233.20 -176036.95
V 11232 -807233.20 -175965.95
V 11240 -807235.28 -175958.20
V 11248 -807240.95 -175952.53
V 11256 -807248.70 -175950.45
V 11264 -807348.20 -175950.45
V 11272 -807348.20 -175910.45
V 11280 -807248.70 -175910.45
V 11288 -807240.95 -175908.37
V 11296 -807235.28 -175902.70
V 11304 -807233.20 -175894.95
V 11312 -807233.20 -175823.95
V 11320 -807235.28 -175816.20
V 11328 -807240.95 -175810.53
V 11336 -807248.70 -175808.45
V 11344 -807348.20 -175808.45
V 11352 -807348.20 -175768.45
V 11360 -807248.70 -175768.45
V 11368 -807240.95 -175766.37
V 11376 -807235.28 -175760.70
V 11384 -807233.20 -175752.95
V 11392 -807233.20 -175681.95
V 11400 -807235.28 -175674.20
V 11408 -807240.95 -175668.53
V 11416 -807248.70 -175666.45
V 11424 -807348.20 -175666.45
V 11432 -807348.20 -175626.45
V 11440 -807248.70 -175626.45
V 11448 -807240.95 -175624.37
V 11456 -807235.28 -175618.70
V 11464 -807233.20 -175610.95
V 11472 -807233.20 -175539.95
V 11480 -807235.28 -175532.20
V 11488 -807240.95 -175526.53
V 11496 -807248.70 -175524.45
V 11504 -807348.20 -175524.45
V 11512 -807348.20 -175484.45
V 11520 -807248.70 -175484.45
V 11528 -807240.95 -175482.37
V 11536 -807235.28 -175476.70
V 11544 -807233.20 -175468.95
V 11552 -807233.20 -175397.95
V 11560 -807235.28 -175390.20
V 11568 -807240.95 -175384.53
V 11576 -807248.70 -175382.45
V 11584 -807348.20 -175382.45
V 11592 -807348.20 -175342.45
V 11600 -807248.70 -175342.45
V 11608 -807240.95 -175340.37
V 11616 -807235.28 -175334.70
V 11624 -807233.20 -175326.95
V 11632 -807233.20 -175255.95
V 11640 -807235.28 -175248.20
V 11648 -807240.95 -175242.53
V 11656 -807248.70 -175240.45
V 11664 -807348.20 -175240.45
V 11672 -807348.20 -175200.45
V 11680 -807248.70 -175200.45
V 11688 -807240.95 -175198.37
V 11696 -807235.28 -175192.70
V 11704 -807233.20 -175184.95
V 11712 -807233.20 -175113.95
V 11720 -807235.28 -175106.20
V 11728 -807240.95 -175100.53
V 11736 -807248.70 -175098.45
V 11744 -807348.20 -175098.45
V 11752 -807348.20 -175058.45
V 11760 -807248.70 -175058.45
V 11768 -807240.95 -175056.37
V 11776 -807235.28 -175050.70
V 11784 -807233.20 -175042.95
V 11792 -807233.20 -174971.95
V 11800 -807235.28 -174964.20
V 11808 -807240.95 -174958.53
V 11816 -807248.70 -174956.45
V 11824 -807348.20 -174956.45
V 11832 -807348.20 -174916.45
V 11840 -807248.70 -174916.45
V 11848 -807240.95 -174914.37
V 11856 -807235.28 -174908.70
V 11864 -807233.20 -174900.95
V 11872 -807233.20 -174829.95
V 11880 -807235.28 -174822.20
V 11888 -807240.95 -174816.53
V 11896 -807248.70 -174814.45
V 11904 -807348.20 -174814.45
V 11912 -807348.20 -174774.45
V 11920 -807248.70 -174774.45
V 11928 -807240.95 -174772.37
V 11936 -807235.28 -174766.70
V 11944 -807233.20 -174758.95
V 11952 -807233.20 -174687.95
V 11960 -807235.28 -174680.20
V 11968 -807240.95 -174674.53
V 11976 -807248.70 -174672.45
V 11984 -807348.20 -174672.45
V 11992 -807348.20 -174632.45
V 12000 -807248.70 -174632.45
V 12008 -807240.95 -174630.37
V 12016 -807235.28 -174624.70
V 12024 -807233.20 -174616.95
V 12032 -807233.20 -174545.95
V 12040 -807235.28 -174538.20
V 12048 -807240.95 -174532.53
V 12056 -807248.70 -174530.45
V 12064 -807348.20 -174530.45
V 12072 -807348.20 -174490.45
V 12080 -807248.70 -174490.45
V 12088 -807240.95 -174488.37
V 12096 -807235.28 -174482.70
V 12104 -807233.20 -174474.95
V 12112 -807233.20 -174403.95
V 12120 -807235.28 -174396.20
V 12128 -807240.95 -174390.53
V 12136 -807248.70 -174388.45
V 12144 -807348.20 -174388.45
V 12152 -807348.20 -174348.45
V 12160 -807248.70 -174348.45
V 12168 -807240.95 -174346.37
V 12176 -807235.28 -174340.70
V 12184 -807233.20 -174332.95
V 12192 -807233.20 -174261.95
V 12200 -807235.28 -174254.20
V 12208 -807240.95 -174248.53
V 12216 -807248.70 -174246.45
V 12224 -807348.20 -174246.45
V 12232 -807348.20 -174206.45
V 12240 -807248.70 -174206.45
V 12248 -807240.95 -174204.37
V 12256 -807235.28 -174198.70
V 12264 -807233.20 -174190.95
V 12272 -807233.20 -174119.95
V 12280 -807235.28 -174112.20
V 12288 -807240.95 -174106.53
V 12296 -807248.70 -174104.45
V 12304 -807348.20 -174104.45
V 12312 -807348.20 -174064.45
V 12320 -807248.70 -174064.45
V 12328 -807240.95 -174062.37
V 12336 -807235.28 -174056.70
V 12344 -807233.20 -174048.95
V 12352 -807233.20 -173977.95
V 12360 -807235.28 -173970.20
V 12368 -807240.95 -173964.53
V 12376 -807248.70 -173962.45
V 12384 -807348.20 -173962.45
V 12392 -807348.20 -173922.45
V 12400 -807248.70 -173922.45
V 12408 -807240.95 -173920.37
V 12416 -807235.28 -173914.70
V 12424 -807233.20 -173906.95
V 12432 -807233.20 -173835.95
V 12440 -807235.28 -173828.20
V 12448 -807240.95 -173822.53
V 12456 -807248.70 -173820.45
V 12464 -807348.20 -173820.45
V 12472 -807348.20 -173780.45
V 12480 -807248.70 -173780.45
V 12488 -807240.95 -173778.37
V 12496 -807235.28 -173772.70
V 12504 -807233.20 -173764.95
V 12512 -807233.20 -173693.95
V 12520 -807235.28 -173686.20
V 12528 -807240.95 -173680.53
V 12536 -807248.70 -173678.45
V 12544 -807348.20 -173678.45
V 12552 -807348.20 -173638.45
V 12560 -807248.70 -173638.45
V 12568 -807240.95 -173636.37
V 12576 -807235.28 -173630.70
V 12584 -807233.20 -173622.95
V 12592 -807233.20 -173551.95
V 12600 -807235.28 -173544.20
V 12608 -807240.95 -173538.53
V 12616 -807248.70 -173536.45
V 12624 -807348.20 -173536.45
V 12632 -807348.20 -173496.45
V 12640 -807248.70 -173496.45
V 12648 -807240.95 -173494.37
V 12656 -807235.28 -173488.70
V 12664 -807233.20 -173480.95
V 12672 -807233.20 -173409.95
V 12680 -807235.28 -173402.20
V 12688 -807240.95 -173396.53
V 12696 -807248.70 -173394.45
V 12704 -807348.20 -173394.45
V 12712 -807348.20 -173354.45
V 12720 -807248.70 -173354.45
V 12728 -807240.95 -173352.37
V 12736 -807235.28 -173346.70
V 12744 -807233.20 -173338.95
V 12752 -807233.20 -173267.95
V 12760 -807235.28 -173260.20
V 12768 -807240.95 -173254.53
V 12776 -807248.70 -173252.45
V 12784 -807348.20 -173252.45
V 12792 -807348.20 -173212.45
V 12800 -807248.70 -173212.45
V 12808 -807240.95 -173210.37
V 12816 -807235.28 -173204.70
V 12824 -807233.20 -173196.95
V 12832 -807233.20 -173125.95
V 12840 -807235.28 -173118.20
V 12848 -807240.95 -173112.53
V 12856 -807248.70 -173110.45
V 12864 -807348.20 -173110.45
V 12872 -807348.20 -173070.45
V 12880 -807248.70 -173070.45
V 12888 -807240.95 -173068.37
V 12896 -807235.28 -173062.70
V 12904 -807233.20 -173054.95
V 12912 -807233.20 -172983.95
V 12920 -807235.28 -172976.20
V 12928 -807240.95 -172970.53
V 12936 -807248.70 -172968.45
V 12944 -807348.20 -172968.45
V 12952 -807348.20 -172928.45
V 12960 -807248.70 -172928.45
V 12968 -807240.95 -172926.37
V 12976 -807235.28 -172920.70
V 12984 -807233.20 -172912.95
V 12992 -807233.20 -172841.95
V 13000 -807235.28 -172834.20
V 13008 -807240.95 -172828.53
V 13016 -807248.70 -172826.45
V 13024 -807348.20 -172826.45
V 13032 -807348.20 -172786.45
V 13040 -807248.70 -172786.45
V 13048 -807240.95 -172784.37
V 13056 -807235.28 -172778.70
V 13064 -807233.20 -172770.95
V 13072 -807233.20 -172699.95
V 13080 -807235.28 -172692.20
V 13088 -807240.95 -172686.53
V 13096 -807248.70 -172684.45
V 13104 -807348.20 -172684.45
V 13112 -807348.20 -172644.45
V 13120 -807248.70 -172644.45
V 13128 -807240.95 -172642.37
V 13136 -807235.28 -172636.70
V 13144 -807233.20 -172628.95
V 13152 -807233.20 -172557.95
V 13160 -807235.28 -172550.20
V 13168 -807240.95 -172544.53
V 13176 -807248.70 -172542.45
V 13184 -807348.20 -172542.45
V 13192 -807348.20 -172502.45
V 13200 -807248.70 -172502.45
V 13208 -807240.95 -172500.37
V 13216 -807235.28 -172494.70
V 13224 -807233.20 -172486.95
V 13232 -807233.20 -172415.95
V 13240 -807235.28 -172408.20
V 13248 -807240.95 -172402.53
V 13256 -807248.70 -172400.45
V 13264 -807348.20 -172400.45
V 13272 -807348.20 -172360.45
V 13280 -807248.70 -172360.45
V 13288 -807240.95 -172358.37
V 13296 -807235.28 -172352.70
V 13304 -807233.20 -172344.95
V 13312 -807233.20 -172273.95
V 13320 -807235.28 -172266.20
V 13328 -807240.95 -172260.53
V 13336 -807248.70 -172258.45
V 13344 -807348.20 -172258.45
V 13352 -807348.20 -172218.45
V 13360 -807248.70 -172218.45
V 13368 -807240.95 -172216.37
V 13376 -807235.28 -172210.70
V 13384 -807233.20 -172202.95
V 13392 -807233.20 -172131.95
V 13400 -807235.28 -172124.20
V 13408 -807240.95 -172118.53
V 13416 -807248.70 -172116.45
V 13424 -807348.20 -172116.45
V 13432 -807348.20 -172076.45
V 13440 -807248.70 -172076.45
V 13448 -807240.95 -172074.37
V 13456 -807235.28 -172068.70
V 13464 -807233.20 -172060.95
V 13472 -807233.20 -171989.95
V 13480 -807235.28 -171982.20
V 13488 -807240.95 -171976.53
V 13496 -807248.70 -171974.45
V 13504 -807348.20 -171974.45
V 13512 -807348.20 -171934.45
V 13520 -807248.70 -171934.45
V 13528 -807240.95 -171932.37
V 13536 -807235.28 -171926.70
V 13544 -807233.20 -171918.95
V 13552 -807233.20 -171847.95
V 13560 -807235.28 -171840.20
V 13568 -807240.95 -171834.53
V 13576 -807248.70 -171832.45
V 13584 -807348.20 -171832.45
V 13592 -807348.20 -171792.45
V 13600 -807248.70 -171792.45
V 13608 -807240.95 -171790.37
V 13616 -807235.28 -171784.70
V 13624 -807233.20 -171776.95
V 13632 -807233.20 -171705.95
V 13640 -807235.28 -171698.20
V 13648 -807240.95 -171692.53
V 13656 -807248.70 -171690.45
V 13664 -807348.20 -171690.45
V 13672 -807348.20 -171650.45
V 13680 -807248.70 -171650.45
V 13688 -807240.95 -171648.37
V 13696 -807235.28 -171642.70
V 13704 -807233.20 -171634.95
V 13712 -807233.20 -171563.95
V 13720 -807235.28 -171556.20
V 13728 -807240.95 -171550.53
V 13736 -807248.70 -171548.45
V 13744 -807348.20 -171548.45
V 13752 -807348.20 -171508.45
V 13760 -807248.70 -171508.45
V 13768 -807240.95 -171506.37
V 13776 -807235.28 -171500.70
V 13784 -807233.20 -171492.95
V 13792 -807233.20 -171421.95
V 13800 -807235.28 -171414.20
V 13808 -807240.95 -171408.53
V 13816 -807248.70 -171406.45
V 13824 -807348.20 -171406.45
V 13832 -807348.20 -171366.45
V 13840 -807248.70 -171366.45
V 13848 -807240.95 -171364.37
V 13856 -807235.28 -171358.70
V 13864 -807233.20 -171350.95
V 13872 -807233.20 -171279.95
V 13880 -807235.28 -171272.20
V 13888 -807240.95 -171266.53
V 13896 -807248.70 -171264.45
V 13904 -807348.20 -171264.45
V 13912 -807348.20 -171224.45
V 13920 -807248.70 -171224.45
V 13928 -807240.95 -171222.37
V 13936 -807235.28 -171216.70
V 13944 -807233.20 -171208.95
V 13952 -807233.20 -171137.95
V 13960 -807235.28 -171130.20
V 13968 -807240.95 -171124.53
V 13976 -807248.70 -171122.45
V 13984 -807348.20 -171122.45
V 13992 -807348.20 -171082.45
V 14000 -807248.70 -171082.45
V 14008 -807240.95 -171080.37
V 14016 -807235.28 -171074.70
V 14024 -807233.20 -171066.95
V 14032 -807233.20 -170995.95
V 14040 -807235.28 -170988.20
V 14048 -807240.95 -170982.53
V 14056 -807248.70 -170980.45
V 14064 -807348.20 -170980.45
V 14072 -807348.20 -170940.45
V 14080 -807248.70 -170940.45
V 14088 -807240.95 -170938.37
V 14096 -807235.28 -170932.70
V 14104 -807233.20 -170924.95
V 14112 -807233.20 -170853.95
V 14120 -807235.28 -170846.20
V 14128 -807240.95 -170840.53
V 14136 -807248.70 -170838.45
V 14144 -807348.20 -170838.45
V 14152 -807348.20 -170798.45
V 14160 -807248.70 -170798.45
V 14168 -807240.95 -170796.37
V 14176 -807235.28 -170790.70
V 14184 -807233.20 -170782.95
V 14192 -807233.20 -170711.95
V 14200 -807235.28 -170704.20
V 14208 -807240.95 -170698.53
V 14216 -807248.70 -170696.45
V 14224 -807348.20 -170696.45
V 14232 -807348.20 -170656.45
V 14240 -807248.70 -170656.45
V 14248 -807240.95 -170654.37
V 14256 -807235.28 -170648.70
V 14264 -807233.20 -170640.95
V 14272 -807233.20 -170569.95
V 14280 -807235.28 -170562.20
V 14288 -807240.95 -170556.53
V 14296 -807248.70 -170554.45
V 14304 -807348.20 -170554.45
V 14312 -807348.20 -170514.45
V 14320 -807248.70 -170514.45
V 14328 -807240.95 -170512.37
V 14336 -807235.28 -170506.70
V 14344 -807233.20 -170498.95
V 14352 -807233.20 -170427.95
V 14360 -807235.28 -170420.20
V 14368 -807240.95 -170414.53
V 14376 -807248.70 -170412.45
V 14384 -807348.20 -170412.45
V 14392 -807348.20 -170372.45
V 14400 -807248.70 -170372.45
V 14408 -807240.95 -170370.37
V 14416 -807235.28 -170364.70
V 14424 -807233.20 -170356.95
V 14432 -807233.20 -170285.95
V 14440 -807235.28 -170278.20
V 14448 -807240.95 -170272.53
V 14456 -807248.70 -170270.45
V 14464 -807348.20 -170270.45
V 14472 -807348.20 -170230.45
V 14480 -807248.70 -170230.45
V 14488 -807240.95 -170228.37
V 14496 -807235.28 -170222.70
V 14504 -807233.20 -170214.95
V 14512 -807233.20 -170143.95
V 14520 -807235.28 -170136.20
V 14528 -807240.95 -170130.53
V 14536 -807248.70 -170128.45
V 14544 -807348.20 -170128.45
V 14552 -807348.20 -170088.45
V 14560 -807248.70 -170088.45
V 14568 -807240.95 -170086.37
V 14576 -807235.28 -170080.70
V 14584 -807233.20 -170072.95
V 14592 -807233.20 -170001.95
V 14600 -807235.28 -169994.20
V 14608 -807240.95 -169988.53
V 14616 -807248.70 -169986.45
V 14624 -807348.20 -169986.45
V 14632 -807348.20 -169946.45
V 14640 -807248.70 -169946.45
V 14648 -807240.95 -169944.37
V 14656 -807235.28 -169938.70
V 14664 -807233.20 -169930.95
V 14672 -807233.20 -169859.95
V 14680 -807235.28 -169852.20
V 14688 -807240.95 -169846.53
V 14696 -807248.70 -169844.45
V 14704 -807348.20 -169844.45
V 14712 -807348.20 -169804.45
V 14720 -807248.70 -169804.45
V 14728 -807240.95 -169802.37
V 14736 -807235.28 -169796.70
V 14744 -807233.20 -169788.95
V 14752 -807233.20 -169717.95
V 14760 -807235.28 -169710.20
V 14768 -807240.95 -169704.53
V 14776 -807248.70 -169702.45
V 14784 -807348.20 -169702.45
V 14792 -807348.20 -169662.45
V 14800 -807248.70 -169662.45
V 14808 -807240.95 -169660.37
V 14816 -807235.28 -169654.70
V 14824 -807233.20 -169646.95
V 14832 -807233.20 -169575.95
V 14840 -807235.28 -169568.20
V 14848 -807240.95 -169562.53
V 14856 -807248.70 -169560.45
V 14864 -807348.20 -169560.45
V 14872 -807348.20 -169520.45
V 14880 -807248.70 -169520.45
V 14888 -807240.95 -169518.37
V 14896 -807235.28 -169512.70
V 14904 -807233.20 -169504.95
V 14912 -807233.20 -169433.95
V 14920 -807235.28 -169426.20
V 14928 -807240.95 -169420.53
V 14936 -807248.70 -169418.45
V 14944 -807348.20 -169418.45
V 14952 -807348.20 -169378.45
V 14960 -807248.70 -169378.45
V 14968 -807240.95 -169376.37
V 14976 -807235.28 -169370.70
V 14984 -807233.20 -169362.95
V 14992 -807233.20 -169291.95
V 15000 -807235.28 -169284.20
V 15008 -807240.95 -169278.53
V 15016 -807248.70 -169276.45
V 15024 -807348.20 -169276.45
V 15032 -807348.20 -169236.45
V 15040 -807248.70 -169236.45
V 15048 -807240.95 -169234.37
V 15056 -807235.28 -169228.70
V 15064 -807233.20 -169220.95
V 15072 -807233.20 -169149.95
V 15080 -807235.28 -169142.20
V 15088 -807240.95 -169136.53
V 15096 -807248.70 -169134.45
V 15104 -807348.20 -169134.45
V 15112 -807348.20 -169094.45
V 15120 -807248.70 -169094.45
V 15128 -807240.95 -169092.37
V 15136 -807235.28 -169086.70
V 15144 -807233.20 -169078.95
V 15152 -807233.20 -169007.95
V 15160 -807235.28 -169000.20
V 15168 -807240.95 -168994.53
V 15176 -807248.70 -168992.45
V 15184 -807348.20 -168992.45
V 15192 -807348.20 -168952.45
V 15200 -807248.70 -168952.45
V 15208 -807240.95 -168950.37
V 15216 -807235.28 -168944.70
V 15224 -807233.20 -168936.95
V 15232 -807233.20 -168865.95
V 15240 -807235.28 -168858.20
V 15248 -807240.95 -168852.53
V 15256 -807248.70 -168850.45
V 15264 -807348.20 -168850.45
V 15272 -807348.20 -168810.45
V 15280 -807248.70 -168810.45
V 15288 -807240.95 -168808.37
V 15296 -807235.28 -168802.70
V 15304 -807233.20 -168794.95
V 15312 -807233.20 -168723.95
V 15320 -807235.28 -168716.20
V 15328 -807240.95 -168710.53
V 15336 -807248.70 -168708.45
V 15344 -807348.20 -168708.45
V 15352 -807348.20 -168668.45
V 15360 -807248.70 -168668.45
V 15368 -807240.95 -168666.37
V 15376 -807235.28 -168660.70
V 15384 -807233.20 -168652.95
V 15392 -807233.20 -168581.95
V 15400 -807235.28 -168574.20
V 15408 -807240.95 -168568.53
V 15416 -807248.70 -168566.45
V 15424 -807348.20 -168566.45
V 15432 -807348.20 -168526.45
V 15440 -807248.70 -168526.45
V 15448 -807240.95 -168524.37
V 15456 -807235.28 -168518.70
V 15464 -807233.20 -168510.95
V 15472 -807233.20 -168439.95
V 15480 -807235.28 -168432.20
V 15488 -807240.95 -168426.53
V 15496 -807248.70 -168424.45
V 15504 -807348.20 -168424.45
V 15512 -807348.20 -168384.45
V 15520 -807248.70 -168384.45
V 15528 -807240.95 -168382.37
V 15536 -807235.28 -168376.70
V 15544 -807233.20 -168368.95
V 15552 -807233.20 -168297.95
V 15560 -807235.28 -168290.20
V 15568 -807240.95 -168284.53
V 15576 -807248.70 -168282.45
V 15584 -807348.20 -168282.45
V 15592 -807348.20 -168242.45
V 15600 -807248.70 -168242.45
V 15608 -807240.95 -168240.37
V 15616 -807235.28 -168234.70
V 15624 -807233.20 -168226.95
V 15632 -807233.20 -168155.95
V 15640 -807235.28 -168148.20
V 15648 -807240.95 -168142.53
V 15656 -807248.70 -168140.45
V 15664 -807348.20 -168140.45
V 15672 -807348.20 -168100.45
V 15680 -807248.70 -168100.45
V 15688 -807240.95 -168098.37
V 15696 -807235.28 -168092.70
V 15704 -807233.20 -168084.95
V 15712 -807233.20 -168013.95
V 15720 -807235.28 -168006.20
V 15728 -807240.95 -168000.53
V 15736 -807248.70 -167998.45
V 15744 -807348.20 -167998.45
V 15752 -807348.20 -167958.45
V 15760 -807248.70 -167958.45
V 15768 -807240.95 -167956.37
V 15776 -807235.28 -167950.70
V 15784 -807233.20 -167942.95
V 15792 -807233.20 -167871.95
V 15800 -807235.28 -167864.20
V 15808 -807240.95 -167858.53
V 15816 -807248.70 -167856.45
V 15824 -807348.20 -167856.45
V 15832 -807348.20 -167816.45
V 15840 -807248.70 -167816.45
V 15848 -807240.95 -167814.37
V 15856 -807235.28 -167808.70
V 15864 -807233.20 -167800.95
V 15872 -807233.20 -167729.95
V 15880 -807235.28 -167722.20
V 15888 -807240.95 -167716.53
V 15896 -807248.70 -167714.45
V 15904 -807348.20 -167714.45
V 15912 -807348.20 -167674.45
V 15920 -807248.70 -167674.45
V 15928 -807240.95 -167672.37
V 15936 -807235.28 -167666.70
V 15944 -807233.20 -167658.95
V 15952 -807233.20 -167587.95
V 15960 -807235.28 -167580.20
V 15968 -807240.95 -167574.53
V 15976 -807248.70 -167572.45
V 15984 -807348.20 -167572.45
V 15992 -807348.20 -167532.45
V 16000 -807248.70 -167532.45
V 16008 -807240.95 -167530.37
V 16016 -807235.28 -167524.70
V 16024 -807233.20 -167516.95
V 16032 -807233.20 -167445.95
V 16040 -807235.28 -167438.20
V 16048 -807240.95 -167432.53
V 16056 -807248.70 -167430.45
V 16064 -807348.20 -167430.45
V 16072 -807348.20 -167390.45
V 16080 -807248.70 -167390.45
V 16088 -807240.95 -167388.37
V 16096 -807235.28 -167382.70
V 16104 -807233.20 -167374.95
V 16112 -807233.20 -167303.95
V 16120 -807235.28 -167296.20
V 16128 -807240.95 -167290.53
V 16136 -807248.70 -167288.45
V 16144 -807348.20 -167288.45
V 16152 -807348.20 -167248.45
V 16160 -807248.70 -167248.45
V 16168 -807240.95 -167246.37
V 16176 -807235.28 -167240.70
V 16184 -807233.20 -167232.95
V 16192 -807233.20 -167161.95
V 16200 -807235.28 -167154.20
V 16208 -807240.95 -167148.53
V 16216 -807248.70 -167146.45
V 16224 -807348.20 -167146.45
V 16232 -807348.20 -167106.45
V 16240 -807248.70 -167106.45
V 16248 -807240.95 -167104.37
V 16256 -807235.28 -167098.70
V 16264 -807233.20 -167090.95
V 16272 -807233.20 -167019.95
V 16280 -807235.28 -167012.20
V 16288 -807240.95 -167006.53
V 16296 -807248.70 -167004.45
V 16304 -807348.20 -167004.45
V 16312 -807348.20 -166964.45
V 16320 -807248.70 -166964.45
V 16328 -807240.95 -166962.37
V 16336 -807235.28 -166956.70
V 16344 -807233.20 -166948.95
V 16352 -807233.20 -166877.95
V 16360 -807235.28 -166870.20
V 16368 -807240.95 -166864.53
V 16376 -807248.70 -166862.45
V 16384 -807348.20 -166862.45
V 16392 -807348.20 -166822.45
V 16400 -807248.70 -166822.45
V 16408 -807240.95 -166820.37
V 16416 -807235.28 -166814.70
V 16424 -807233.20 -166806.95
V 16432 -807233.20 -166735.95
V 16440 -807235.28 -166728.20
V 16448 -807240.95 -166722.53
V 16456 -807248.70 -166720.45
V 16464 -807348.20 -166720.45
V 16472 -807348.20 -166680.45
V 16480 -807248.70 -166680.45
V 16488 -807240.95 -166678.37
V 16496 -807235.28 -166672.70
V 16504 -807233.20 -166664.95
V 16512 -807233.20 -166593.95
V 16520 -807235.28 -166586.20
V 16528 -807240.95 -166580.53
V 16536 -807248.70 -166578.45
V 16544 -807348.20 -166578.45
V 16552 -807348.20 -166538.45
V 16560 -807248.70 -166538.45
V 16568 -807240.95 -166536.37
V 16576 -807235.28 -166530.70
V 16584 -807233.20 -166522.95
V 16592 -807233.20 -166451.95
V 16600 -807235.28 -166444.20
V 16608 -807240.95 -166438.53
V 16616 -807248.70 -166436.45
V 16624 -807348.20 -166436.45
V 16632 -807348.20 -166396.45
V 16640 -807248.70 -166396.45
V 16648 -807240.95 -166394.37
V 16656 -807235.28 -166388.70
V 16664 -807233.20 -166380.95
V 16672 -807233.20 -166309.95
V 16680 -807235.28 -166302.20
V 16688 -807240.95 -166296.53
V 16696 -807248.70 -166294.45
V 16704 -807348.20 -166294.45
V 16712 -807348.20 -166254.45
V 16720 -807248.70 -166254.45
V 16728 -807240.95 -166252.37
V 16736 -807235.28 -166246.70
V 16744 -807233.20 -166238.95
V 16752 -807233.20 -166167.95
V 16760 -807235.28 -166160.20
V 16768 -807240.95 -166154.53
V 16776 -807248.70 -166152.45
V 16784 -807348.20 -166152.45
V 16792 -807348.20 -166112.45
V 16800 -807248.70 -166112.45
V 16808 -807240.95 -166110.37
V 16816 -807235.28 -166104.70
V 16824 -807233.20 -166096.95
V 16832 -807233.20 -166025.95
V 16840 -807235.28 -166018.20
V 16848 -807240.95 -166012.53
V 16856 -807248.70 -166010.45
V 16864 -807348.20 -166010.45
V 16872 -807348.20 -165970.45
V 16880 -807248.70 -165970.45
V 16888 -807240.95 -165968.37
V 16896 -807235.28 -165962.70
V 16904 -807233.20 -165954.95
V 16912 -807233.20 -165883.95
V 16920 -807235.28 -165876.20
V 16928 -807240.95 -165870.53
V 16936 -807248.70 -165868.45
V 16944 -807348.20 -165868.45
V 16952 -807348.20 -165828.45
V 16960 -807248.70 -165828.45
V 16968 -807240.95 -165826.37
V 16976 -807235.28 -165820.70
V 16984 -807233.20 -165812.95
V 16992 -807233.20 -165741.95
V 17000 -807235.28 -165734.20
V 17008 -807240.95 -165728.53
V 17016 -807248.70 -165726.45
V 17024 -807348.20 -165726.45
V 17032 -807348.20 -165686.45
V 17040 -807248.70 -165686.45
V 17048 -807240.95 -165684.37
V 17056 -807235.28 -165678.70
V 17064 -807233.20 -165670.95
V 17072 -807233.20 -165599.95
V 17080 -807235.28 -165592.20
V 17088 -807240.95 -165586.53
V 17096 -807248.70 -165584.45
V 17104 -807348.20 -165584.45
V 17112 -807348.20 -165544.45
V 17120 -807248.70 -165544.45
V 17128 -807240.95 -165542.37
V 17136 -807235.28 -165536.70
V 17144 -807233.20 -165528.95
V 17152 -807233.20 -165457.95
V 17160 -807235.28 -165450.20
V 17168 -807240.95 -165444.53
V 17176 -807248.70 -165442.45
V 17184 -807348.20 -165442.45
V 17192 -807348.20 -165402.45
V 17200 -807248.70 -165402.45
V 17208 -807240.95 -165400.37
V 17216 -807235.28 -165394.70
V 17224 -807233.20 -165386.95
V 17232 -807233.20 -165315.95
V 17240 -807235.28 -165308.20
V 17248 -807240.95 -165302.53
V 17256 -807248.70 -165300.45
V 17264 -807348.20 -165300.45
V 17272 -807348.20 -165260.45
V 17280 -807248.70 -165260.45
V 17288 -807240.95 -165258.37
V 17296 -807235.28 -165252.70
V 17304 -807233.20 -165244.95
V 17312 -807233.20 -165173.95
V 17320 -807235.28 -165166.20
V 17328 -807240.95 -165160.53
V 17336 -807248.70 -165158.45
V 17344 -807348.20 -165158.45
V 17352 -807348.20 -165118.45
V 17360 -807248.70 -165118.45
V 17368 -807240.95 -165116.37
V 17376 -807235.28 -165110.70
V 17384 -807233.20 -165102.95
V 17392 -807233.20 -165031.95
V 17400 -807235.28 -165024.20
V 17408 -807240.95 -165018.53
V 17416 -807248.70 -165016.45
V 17424 -807348.20 -165016.45
V 17432 -807348.20 -164976.45
V 17440 -807248.70 -164976.45
V 17448 -807240.95 -164974.37
V 17456 -807235.28 -164968.70
V 17464 -807233.20 -164960.95
V 17472 -807233.20 -164889.95
V 17480 -807235.28 -164882.20
V 17488 -807240.95 -164876.53
V 17496 -807248.70 -164874.45
V 17504 -807348.20 -164874.45
V 17512 -807348.20 -164834.45
V 17520 -807248.70 -164834.45
V 17528 -807240.95 -164832.37
V 17536 -807235.28 -164826.70
V 17544 -807233.20 -164818.95
V 17552 -807233.20 -164747.95
V 17560 -807235.28 -164740.20
V 17568 -807240.95 -164734.53
V 17576 -807248.70 -164732.45
V 17584 -807348.20 -164732.45
V 17592 -807348.20 -164692.45
V 17600 -807248.70 -164692.45
V 17608 -807240.95 -164690.37
V 17616 -807235.28 -164684.70
V 17624 -807233.20 -164676.95
V 17632 -807233.20 -164605.95
V 17640 -807235.28 -164598.20
V 17648 -807240.95 -164592.53
V 17656 -807248.70 -164590.45
V 17664 -807348.20 -164590.45
V 17672 -807348.20 -164550.45
V 17680 -807248.70 -164550.45
V 17688 -807240.95 -164548.37
V 17696 -807235.28 -164542.70
V 17704 -807233.20 -164534.95
V 17712 -807233.20 -164463.95
V 17720 -807235.28 -164456.20
V 17728 -807240.95 -164450.53
V 17736 -807248.70 -164448.45
V 17744 -807348.20 -164448.45
V 17752 -807348.20 -164408.45
V 17760 -807248.70 -164408.45
V 17768 -807240.95 -164406.37
V 17776 -807235.28 -164400.70
V 17784 -807233.20 -164392.95
V 17792 -807233.20 -164321.95
V 17800 -807235.28 -164314.20
V 17808 -807240.95 -164308.53
V 17816 -807248.70 -164306.45
V 17824 -807348.20 -164306.45
V 17832 -807348.20 -164266.45
V 17840 -807248.70 -164266.45
V 17848 -807240.95 -164264.37
V 17856 -807235.28 -164258.70
V 17864 -807233.20 -164250.95
V 17872 -807233.20 -164179.95
V 17880 -807235.28 -164172.20
V 17888 -807240.95 -164166.53
V 17896 -807248.70 -164164.45
V 17904 -807348.20 -164164.45
V 17912 -807348.20 -164124.45
V 17920 -807248.70 -164124.45
V 17928 -807240.95 -164122.37
V 17936 -807235.28 -164116.70
V 17944 -807233.20 -164108.95
V 17952 -807233.20 -164037.95
V 17960 -807235.28 -164030.20
V 17968 -807240.95 -164024.53
V 17976 -807248.70 -164022.45
V 17984 -807348.20 -164022.45
V 17992 -807348.20 -163982.45
V 18000 -807248.70 -163982.45
V 18008 -807240.95 -163980.37
V 18016 -807235.28 -163974.70
V 18024 -807233.20 -163966.95
V 18032 -807233.20 -163895.95
V 18040 -807235.28 -163888.20
V 18048 -807240.95 -163882.53
V 18056 -807248.70 -163880.45
V 18064 -807348.20 -163880.45
V 18072 -807348.20 -163840.45
V 18080 -807248.70 -163840.45
V 18088 -807240.95 -163838.37
V 18096 -807235.28 -163832.70
V 18104 -807233.20 -163824.95
V 18112 -807233.20 -163753.95
V 18120 -807235.28 -163746.20
V 18128 -807240.95 -163740.53
V 18136 -807248.70 -163738.45
V 18144 -807348.20 -163738.45
V 18152 -807348.20 -163698.45
V 18160 -807248.70 -163698.45
V 18168 -807240.95 -163696.37
V 18176 -807235.28 -163690.70
V 18184 -807233.20 -163682.95
V 18192 -807233.20 -163611.95
V 18200 -807235.28 -163604.20
V 18208 -807240.95 -163598.53
V 18216 -807248.70 -163596.45
V 18224 -807348.20 -163596.45
V 18232 -807348.20 -163556.45
V 18240 -807248.70 -163556.45
V 18248 -807240.95 -163554.37
V 18256 -807235.28 -163548.70
V 18264 -807233.20 -163540.95
V 18272 -807233.20 -163469.95
V 18280 -807235.28 -163462.20
V 18288 -807240.95 -163456.53
V 18296 -807248.70 -163454.45
V 18304 -807348.20 -163454.45
V 18312 -807348.20 -163414.45
V 18320 -807248.70 -163414.45
V 18328 -807240.95 -163412.37
V 18336 -807235.28 -163406.70
V 18344 -807233.20 -163398.95
V 18352 -807233.20 -163327.95
