V 0 1085836.72 2620.62
V 8 1085831.59 2677.07
V 16 1085831.59 2677.13
V 24 1085831.58 2677.24
V 32 1085825.52 2722.60
V 40 1085825.51 2722.63
V 48 1085823.40 2740.79
V 56 1085823.15 2741.47
V 64 1085822.61 2741.95
V 72 1085821.91 2742.12
V 80 1085735.66 2742.12
V 88 1085735.66 2739.12
V 96 1085820.57 2739.12
V 104 1085822.53 2722.31
V 112 1085822.54 2722.20
V 120 1085828.60 2676.84
V 128 1085833.86 2618.98
V 136 1085834.10 2618.29
V 144 1085834.64 2617.80
V 152 1085835.35 2617.62
V 160 1085839.86 2617.62
V 168 1085839.86 2620.62
