V 0 1085836.50 49058.59
V 8 1085831.33 49077.43
V 16 1085828.08 49113.26
V 24 1085827.84 49113.95
V 32 1085827.30 49114.44
V 40 1085826.59 49114.62
V 48 1085735.66 49114.62
V 56 1085735.66 49111.62
V 64 1085825.22 49111.62
V 72 1085828.36 49077.09
V 80 1085828.36 49077.03
V 88 1085828.37 49076.93
V 96 1085828.40 49076.82
V 104 1085828.41 49076.72
V 112 1085833.90 49056.69
V 120 1085834.20 49056.12
V 128 1085834.72 49055.73
V 136 1085835.35 49055.59
V 144 1085839.86 49055.59
V 152 1085839.86 49058.59
