V 0 -515731.00 -157719.35
V 8 -515731.00 -157730.78
V 16 -515917.09 -157762.38
V 24 -523583.06 -159064.08
V 32 -524047.65 -159142.97
V 40 -524977.24 -159300.81
V 48 -524977.33 -159300.83
V 56 -524977.40 -159300.84
V 64 -524977.42 -159300.84
V 72 -525441.48 -159379.64
V 80 -528229.09 -159852.98
V 88 -528229.30 -159853.02
V 96 -533571.79 -160760.19
V 104 -533572.01 -160760.22
V 112 -538124.81 -161533.30
V 120 -539844.21 -161825.25
V 128 -541675.19 -162136.16
V 136 -543362.68 -162422.70
V 144 -553782.36 -164191.98
V 152 -553782.63 -164192.03
V 160 -553782.72 -164192.05
V 168 -556902.50 -164721.79
V 176 -564467.72 -166006.38
V 184 -564467.74 -166006.38
V 192 -564470.97 -166006.93
V 200 -564470.99 -166006.94
V 208 -571800.58 -167251.51
V 216 -580180.09 -168674.37
V 224 -582587.03 -169083.08
V 232 -582589.51 -169083.50
V 240 -584911.26 -169477.74
V 248 -584911.28 -169477.74
V 256 -584911.44 -169477.77
V 264 -584911.66 -169477.80
V 272 -586999.92 -169832.40
V 280 -587000.02 -169832.41
V 288 -597438.79 -171604.94
V 296 -597445.40 -171607.75
V 304 -597450.04 -171613.23
V 312 -597451.70 -171620.22
V 320 -597451.70 -171705.95
V 328 -597451.66 -171707.06
V 336 -597451.54 -171708.16
V 344 -597451.35 -171709.24
V 352 -597451.07 -171710.32
V 360 -597450.72 -171711.37
V 368 -597450.30 -171712.39
V 376 -597449.80 -171713.38
V 384 -597449.24 -171714.33
V 392 -597448.61 -171715.24
V 400 -597447.91 -171716.10
V 408 -597447.16 -171716.91
V 416 -597446.35 -171717.66
V 424 -597445.49 -171718.36
V 432 -597444.58 -171718.99
V 440 -597443.63 -171719.55
V 448 -597442.64 -171720.05
V 456 -597441.62 -171720.47
V 464 -597440.57 -171720.82
V 472 -597439.49 -171721.10
V 480 -597438.41 -171721.29
V 488 -597437.31 -171721.41
V 496 -597436.20 -171721.45
V 504 -597429.55 -171721.45
V 512 -597429.55 -171761.45
V 520 -597493.70 -171761.45
V 528 -597501.45 -171763.53
V 536 -597507.12 -171769.20
V 544 -597509.20 -171776.95
V 552 -597509.20 -171847.95
V 560 -597507.12 -171855.70
V 568 -597501.45 -171861.37
V 576 -597493.70 -171863.45
V 584 -597394.20 -171863.45
V 592 -597394.20 -171903.45
V 600 -597493.70 -171903.45
V 608 -597501.45 -171905.53
V 616 -597507.12 -171911.20
V 624 -597509.20 -171918.95
V 632 -597509.20 -171989.95
V 640 -597507.12 -171997.70
V 648 -597501.45 -172003.37
V 656 -597493.70 -172005.45
V 664 -597394.20 -172005.45
V 672 -597394.20 -172045.45
V 680 -597493.70 -172045.45
V 688 -597501.45 -172047.53
V 696 -597507.12 -172053.20
V 704 -597509.20 -172060.95
V 712 -597509.20 -172131.95
V 720 -597507.12 -172139.70
V 728 -597501.45 -172145.37
V 736 -597493.70 -172147.45
V 744 -597394.20 -172147.45
V 752 -597394.20 -172187.45
V 760 -597493.70 -172187.45
V 768 -597501.45 -172189.53
V 776 -597507.12 -172195.20
V 784 -597509.20 -172202.95
V 792 -597509.20 -172273.95
V 800 -597507.12 -172281.70
V 808 -597501.45 -172287.37
V 816 -597493.70 -172289.45
V 824 -597394.20 -172289.45
V 832 -597394.20 -172329.45
V 840 -597493.70 -172329.45
V 848 -597501.45 -172331.53
V 856 -597507.12 -172337.20
V 864 -597509.20 -172344.95
V 872 -597509.20 -172415.95
V 880 -597507.12 -172423.70
V 888 -597501.45 -172429.37
V 896 -597493.70 -172431.45
V 904 -597394.20 -172431.45
V 912 -597394.20 -172471.45
V 920 -597493.70 -172471.45
V 928 -597501.45 -172473.53
V 936 -597507.12 -172479.20
V 944 -597509.20 -172486.95
V 952 -597509.20 -172557.95
V 960 -597507.12 -172565.70
V 968 -597501.45 -172571.37
V 976 -597493.70 -172573.45
V 984 -597394.20 -172573.45
V 992 -597394.20 -172613.45
V 1000 -597493.70 -172613.45
V 1008 -597501.45 -172615.53
V 1016 -597507.12 -172621.20
V 1024 -597509.20 -172628.95
V 1032 -597509.20 -172699.95
V 1040 -597507.12 -172707.70
V 1048 -597501.45 -172713.37
V 1056 -597493.70 -172715.45
V 1064 -597394.20 -172715.45
V 1072 -597394.20 -172755.45
V 1080 -597493.70 -172755.45
V 1088 -597501.45 -172757.53
V 1096 -597507.12 -172763.20
V 1104 -597509.20 -172770.95
V 1112 -597509.20 -172841.95
V 1120 -597507.12 -172849.70
V 1128 -597501.45 -172855.37
V 1136 -597493.70 -172857.45
V 1144 -597394.20 -172857.45
V 1152 -597394.20 -172897.45
V 1160 -597493.70 -172897.45
V 1168 -597501.45 -172899.53
V 1176 -597507.12 -172905.20
V 1184 -597509.20 -172912.95
V 1192 -597509.20 -172983.95
V 1200 -597507.12 -172991.70
V 1208 -597501.45 -172997.37
V 1216 -597493.70 -172999.45
V 1224 -597394.20 -172999.45
V 1232 -597394.20 -173039.45
V 1240 -597493.70 -173039.45
V 1248 -597501.45 -173041.53
V 1256 -597507.12 -173047.20
V 1264 -597509.20 -173054.95
V 1272 -597509.20 -173125.95
V 1280 -597507.12 -173133.70
V 1288 -597501.45 -173139.37
V 1296 -597493.70 -173141.45
V 1304 -597394.20 -173141.45
V 1312 -597394.20 -173181.45
V 1320 -597493.70 -173181.45
V 1328 -597501.45 -173183.53
V 1336 -597507.12 -173189.20
V 1344 -597509.20 -173196.95
V 1352 -597509.20 -173267.95
V 1360 -597507.12 -173275.70
V 1368 -597501.45 -173281.37
V 1376 -597493.70 -173283.45
V 1384 -597394.20 -173283.45
V 1392 -597394.20 -173323.45
V 1400 -597493.70 -173323.45
V 1408 -597501.45 -173325.53
V 1416 -597507.12 -173331.20
V 1424 -597509.20 -173338.95
V 1432 -597509.20 -173409.95
V 1440 -597507.12 -173417.70
V 1448 -597501.45 -173423.37
V 1456 -597493.70 -173425.45
V 1464 -597394.20 -173425.45
V 1472 -597394.20 -173465.45
V 1480 -597493.70 -173465.45
V 1488 -597501.45 -173467.53
V 1496 -597507.12 -173473.20
V 1504 -597509.20 -173480.95
V 1512 -597509.20 -173551.95
V 1520 -597507.12 -173559.70
V 1528 -597501.45 -173565.37
V 1536 -597493.70 -173567.45
V 1544 -597394.20 -173567.45
V 1552 -597394.20 -173607.45
V 1560 -597493.70 -173607.45
V 1568 -597501.45 -173609.53
V 1576 -597507.12 -173615.20
V 1584 -597509.20 -173622.95
V 1592 -597509.20 -173693.95
V 1600 -597507.12 -173701.70
V 1608 -597501.45 -173707.37
V 1616 -597493.70 -173709.45
V 1624 -597394.20 -173709.45
V 1632 -597394.20 -173749.45
V 1640 -597493.70 -173749.45
V 1648 -597501.45 -173751.53
V 1656 -597507.12 -173757.20
V 1664 -597509.20 -173764.95
V 1672 -597509.20 -173835.95
V 1680 -597507.12 -173843.70
V 1688 -597501.45 -173849.37
V 1696 -597493.70 -173851.45
V 1704 -597394.20 -173851.45
V 1712 -597394.20 -173891.45
V 1720 -597493.70 -173891.45
V 1728 -597501.45 -173893.53
V 1736 -597507.12 -173899.20
V 1744 -597509.20 -173906.95
V 1752 -597509.20 -173977.95
V 1760 -597507.12 -173985.70
V 1768 -597501.45 -173991.37
V 1776 -597493.70 -173993.45
V 1784 -597394.20 -173993.45
V 1792 -597394.20 -174033.45
V 1800 -597493.70 -174033.45
V 1808 -597501.45 -174035.53
V 1816 -597507.12 -174041.20
V 1824 -597509.20 -174048.95
V 1832 -597509.20 -174119.95
V 1840 -597507.12 -174127.70
V 1848 -597501.45 -174133.37
V 1856 -597493.70 -174135.45
V 1864 -597394.20 -174135.45
V 1872 -597394.20 -174175.45
V 1880 -597493.70 -174175.45
V 1888 -597501.45 -174177.53
V 1896 -597507.12 -174183.20
V 1904 -597509.20 -174190.95
V 1912 -597509.20 -174261.95
V 1920 -597507.12 -174269.70
V 1928 -597501.45 -174275.37
V 1936 -597493.70 -174277.45
V 1944 -597394.20 -174277.45
V 1952 -597394.20 -174317.45
V 1960 -597493.70 -174317.45
V 1968 -597501.45 -174319.53
V 1976 -597507.12 -174325.20
V 1984 -597509.20 -174332.95
V 1992 -597509.20 -174403.95
V 2000 -597507.12 -174411.70
V 2008 -597501.45 -174417.37
V 2016 -597493.70 -174419.45
V 2024 -597394.20 -174419.45
V 2032 -597394.20 -174459.45
V 2040 -597493.70 -174459.45
V 2048 -597501.45 -174461.53
V 2056 -597507.12 -174467.20
V 2064 -597509.20 -174474.95
V 2072 -597509.20 -174545.95
V 2080 -597507.12 -174553.70
V 2088 -597501.45 -174559.37
V 2096 -597493.70 -174561.45
V 2104 -597394.20 -174561.45
V 2112 -597394.20 -174601.45
V 2120 -597493.70 -174601.45
V 2128 -597501.45 -174603.53
V 2136 -597507.12 -174609.20
V 2144 -597509.20 -174616.95
V 2152 -597509.20 -174687.95
V 2160 -597507.12 -174695.70
V 2168 -597501.45 -174701.37
V 2176 -597493.70 -174703.45
V 2184 -597394.20 -174703.45
V 2192 -597394.20 -174743.45
V 2200 -597493.70 -174743.45
V 2208 -597501.45 -174745.53
V 2216 -597507.12 -174751.20
V 2224 -597509.20 -174758.95
V 2232 -597509.20 -174829.95
V 2240 -597507.12 -174837.70
V 2248 -597501.45 -174843.37
V 2256 -597493.70 -174845.45
V 2264 -597394.20 -174845.45
V 2272 -597394.20 -174885.45
V 2280 -597493.70 -174885.45
V 2288 -597501.45 -174887.53
V 2296 -597507.12 -174893.20
V 2304 -597509.20 -174900.95
V 2312 -597509.20 -174971.95
V 2320 -597507.12 -174979.70
V 2328 -597501.45 -174985.37
V 2336 -597493.70 -174987.45
V 2344 -597394.20 -174987.45
V 2352 -597394.20 -175027.45
V 2360 -597493.70 -175027.45
V 2368 -597501.45 -175029.53
V 2376 -597507.12 -175035.20
V 2384 -597509.20 -175042.95
V 2392 -597509.20 -175113.95
V 2400 -597507.12 -175121.70
V 2408 -597501.45 -175127.37
V 2416 -597493.70 -175129.45
V 2424 -597394.20 -175129.45
V 2432 -597394.20 -175169.45
V 2440 -597493.70 -175169.45
V 2448 -597501.45 -175171.53
V 2456 -597507.12 -175177.20
V 2464 -597509.20 -175184.95
V 2472 -597509.20 -175255.95
V 2480 -597507.12 -175263.70
V 2488 -597501.45 -175269.37
V 2496 -597493.70 -175271.45
V 2504 -597394.20 -175271.45
V 2512 -597394.20 -175311.45
V 2520 -597493.70 -175311.45
V 2528 -597501.45 -175313.53
V 2536 -597507.12 -175319.20
V 2544 -597509.20 -175326.95
V 2552 -597509.20 -175397.95
V 2560 -597507.12 -175405.70
V 2568 -597501.45 -175411.37
V 2576 -597493.70 -175413.45
V 2584 -597394.20 -175413.45
V 2592 -597394.20 -175453.45
V 2600 -597493.70 -175453.45
V 2608 -597501.45 -175455.53
V 2616 -597507.12 -175461.20
V 2624 -597509.20 -175468.95
V 2632 -597509.20 -175539.95
V 2640 -597507.12 -175547.70
V 2648 -597501.45 -175553.37
V 2656 -597493.70 -175555.45
V 2664 -597394.20 -175555.45
V 2672 -597394.20 -175595.45
V 2680 -597493.70 -175595.45
V 2688 -597501.45 -175597.53
V 2696 -597507.12 -175603.20
V 2704 -597509.20 -175610.95
V 2712 -597509.20 -175681.95
V 2720 -597507.12 -175689.70
V 2728 -597501.45 -175695.37
V 2736 -597493.70 -175697.45
V 2744 -597394.20 -175697.45
V 2752 -597394.20 -175737.45
V 2760 -597493.70 -175737.45
V 2768 -597501.45 -175739.53
V 2776 -597507.12 -175745.20
V 2784 -597509.20 -175752.95
V 2792 -597509.20 -175823.95
V 2800 -597507.12 -175831.70
V 2808 -597501.45 -175837.37
V 2816 -597493.70 -175839.45
V 2824 -597394.20 -175839.45
V 2832 -597394.20 -175879.45
V 2840 -597493.70 -175879.45
V 2848 -597501.45 -175881.53
V 2856 -597507.12 -175887.20
V 2864 -597509.20 -175894.95
V 2872 -597509.20 -175965.95
V 2880 -597507.12 -175973.70
V 2888 -597501.45 -175979.37
V 2896 -597493.70 -175981.45
V 2904 -597394.20 -175981.45
V 2912 -597394.20 -176021.45
V 2920 -597493.70 -176021.45
V 2928 -597501.45 -176023.53
V 2936 -597507.12 -176029.20
V 2944 -597509.20 -176036.95
V 2952 -597509.20 -176107.95
V 2960 -597507.12 -176115.70
V 2968 -597501.45 -176121.37
V 2976 -597493.70 -176123.45
V 2984 -597394.20 -176123.45
V 2992 -597394.20 -176163.45
V 3000 -597493.70 -176163.45
V 3008 -597501.45 -176165.53
V 3016 -597507.12 -176171.20
V 3024 -597509.20 -176178.95
V 3032 -597509.20 -176249.95
V 3040 -597507.12 -176257.70
V 3048 -597501.45 -176263.37
V 3056 -597493.70 -176265.45
V 3064 -597394.20 -176265.45
V 3072 -597394.20 -176305.45
V 3080 -597493.70 -176305.45
V 3088 -597501.45 -176307.53
V 3096 -597507.12 -176313.20
V 3104 -597509.20 -176320.95
V 3112 -597509.20 -176391.95
V 3120 -597507.12 -176399.70
V 3128 -597501.45 -176405.37
V 3136 -597493.70 -176407.45
V 3144 -597394.20 -176407.45
V 3152 -597394.20 -176447.45
V 3160 -597493.70 -176447.45
V 3168 -597501.45 -176449.53
V 3176 -597507.12 -176455.20
V 3184 -597509.20 -176462.95
V 3192 -597509.20 -176533.95
V 3200 -597507.12 -176541.70
V 3208 -597501.45 -176547.37
V 3216 -597493.70 -176549.45
V 3224 -597394.20 -176549.45
V 3232 -597394.20 -176589.45
V 3240 -597493.70 -176589.45
V 3248 -597501.45 -176591.53
V 3256 -597507.12 -176597.20
V 3264 -597509.20 -176604.95
V 3272 -597509.20 -176675.95
V 3280 -597507.12 -176683.70
V 3288 -597501.45 -176689.37
V 3296 -597493.70 -176691.45
V 3304 -597394.20 -176691.45
V 3312 -597394.20 -176731.45
V 3320 -597493.70 -176731.45
V 3328 -597501.45 -176733.53
V 3336 -597507.12 -176739.20
V 3344 -597509.20 -176746.95
V 3352 -597509.20 -176817.95
V 3360 -597507.12 -176825.70
V 3368 -597501.45 -176831.37
V 3376 -597493.70 -176833.45
V 3384 -597394.20 -176833.45
V 3392 -597394.20 -176873.45
V 3400 -597493.70 -176873.45
V 3408 -597501.45 -176875.53
V 3416 -597507.12 -176881.20
V 3424 -597509.20 -176888.95
V 3432 -597509.20 -176959.95
V 3440 -597507.12 -176967.70
V 3448 -597501.45 -176973.37
V 3456 -597493.70 -176975.45
V 3464 -597394.20 -176975.45
V 3472 -597394.20 -177015.45
V 3480 -597493.70 -177015.45
V 3488 -597501.45 -177017.53
V 3496 -597507.12 -177023.20
V 3504 -597509.20 -177030.95
V 3512 -597509.20 -177101.95
V 3520 -597507.12 -177109.70
V 3528 -597501.45 -177115.37
V 3536 -597493.70 -177117.45
V 3544 -597394.20 -177117.45
V 3552 -597394.20 -177157.45
V 3560 -597493.70 -177157.45
V 3568 -597501.45 -177159.53
V 3576 -597507.12 -177165.20
V 3584 -597509.20 -177172.95
V 3592 -597509.20 -177243.95
V 3600 -597507.12 -177251.70
V 3608 -597501.45 -177257.37
V 3616 -597493.70 -177259.45
V 3624 -597394.20 -177259.45
V 3632 -597394.20 -177299.45
V 3640 -597493.70 -177299.45
V 3648 -597501.45 -177301.53
V 3656 -597507.12 -177307.20
V 3664 -597509.20 -177314.95
V 3672 -597509.20 -177385.95
V 3680 -597507.12 -177393.70
V 3688 -597501.45 -177399.37
V 3696 -597493.70 -177401.45
V 3704 -597394.20 -177401.45
V 3712 -597394.20 -177441.45
V 3720 -597493.70 -177441.45
V 3728 -597501.45 -177443.53
V 3736 -597507.12 -177449.20
V 3744 -597509.20 -177456.95
V 3752 -597509.20 -177527.95
V 3760 -597507.12 -177535.70
V 3768 -597501.45 -177541.37
V 3776 -597493.70 -177543.45
V 3784 -597394.20 -177543.45
V 3792 -597394.20 -177583.45
V 3800 -597493.70 -177583.45
V 3808 -597501.45 -177585.53
V 3816 -597507.12 -177591.20
V 3824 -597509.20 -177598.95
V 3832 -597509.20 -177669.95
V 3840 -597507.12 -177677.70
V 3848 -597501.45 -177683.37
V 3856 -597493.70 -177685.45
V 3864 -597394.20 -177685.45
V 3872 -597394.20 -177725.45
V 3880 -597493.70 -177725.45
V 3888 -597501.45 -177727.53
V 3896 -597507.12 -177733.20
V 3904 -597509.20 -177740.95
V 3912 -597509.20 -177811.95
V 3920 -597507.12 -177819.70
V 3928 -597501.45 -177825.37
V 3936 -597493.70 -177827.45
V 3944 -597394.20 -177827.45
V 3952 -597394.20 -177867.45
V 3960 -597493.70 -177867.45
V 3968 -597501.45 -177869.53
V 3976 -597507.12 -177875.20
V 3984 -597509.20 -177882.95
V 3992 -597509.20 -177953.95
V 4000 -597507.12 -177961.70
V 4008 -597501.45 -177967.37
V 4016 -597493.70 -177969.45
V 4024 -597394.20 -177969.45
V 4032 -597394.20 -178009.45
V 4040 -597493.70 -178009.45
V 4048 -597501.45 -178011.53
V 4056 -597507.12 -178017.20
V 4064 -597509.20 -178024.95
V 4072 -597509.20 -178095.95
V 4080 -597507.12 -178103.70
V 4088 -597501.45 -178109.37
V 4096 -597493.70 -178111.45
V 4104 -597394.20 -178111.45
V 4112 -597394.20 -178151.45
V 4120 -597493.70 -178151.45
V 4128 -597501.45 -178153.53
V 4136 -597507.12 -178159.20
V 4144 -597509.20 -178166.95
V 4152 -597509.20 -178237.95
V 4160 -597507.12 -178245.70
V 4168 -597501.45 -178251.37
V 4176 -597493.70 -178253.45
V 4184 -597394.20 -178253.45
V 4192 -597394.20 -178293.45
V 4200 -597493.70 -178293.45
V 4208 -597501.45 -178295.53
V 4216 -597507.12 -178301.20
V 4224 -597509.20 -178308.95
V 4232 -597509.20 -178379.95
V 4240 -597507.12 -178387.70
V 4248 -597501.45 -178393.37
V 4256 -597493.70 -178395.45
V 4264 -597451.70 -178395.45
V 4272 -597451.70 -178404.45
V 4280 -597420.70 -178404.45
V 4288 -597420.70 -178379.95
V 4296 -597420.74 -178378.84
V 4304 -597420.86 -178377.74
V 4312 -597421.05 -178376.66
V 4320 -597421.33 -178375.58
V 4328 -597421.68 -178374.53
V 4336 -597422.10 -178373.51
V 4344 -597422.60 -178372.52
V 4352 -597423.16 -178371.57
V 4360 -597423.79 -178370.66
V 4368 -597424.49 -178369.80
V 4376 -597425.24 -178368.99
V 4384 -597426.05 -178368.24
V 4392 -597426.91 -178367.54
V 4400 -597427.82 -178366.91
V 4408 -597428.77 -178366.35
V 4416 -597429.76 -178365.85
V 4424 -597430.78 -178365.43
V 4432 -597431.83 -178365.08
V 4440 -597432.91 -178364.80
V 4448 -597433.99 -178364.61
V 4456 -597435.09 -178364.49
V 4464 -597436.20 -178364.45
V 4472 -597478.20 -178364.45
V 4480 -597478.20 -178324.45
V 4488 -597378.70 -178324.45
V 4496 -597370.95 -178322.37
V 4504 -597365.28 -178316.70
V 4512 -597363.20 -178308.95
V 4520 -597363.20 -178237.95
V 4528 -597365.28 -178230.20
V 4536 -597370.95 -178224.53
V 4544 -597378.70 -178222.45
V 4552 -597478.20 -178222.45
V 4560 -597478.20 -178182.45
V 4568 -597378.70 -178182.45
V 4576 -597370.95 -178180.37
V 4584 -597365.28 -178174.70
V 4592 -597363.20 -178166.95
V 4600 -597363.20 -178095.95
V 4608 -597365.28 -178088.20
V 4616 -597370.95 -178082.53
V 4624 -597378.70 -178080.45
V 4632 -597478.20 -178080.45
V 4640 -597478.20 -178040.45
V 4648 -597378.70 -178040.45
V 4656 -597370.95 -178038.37
V 4664 -597365.28 -178032.70
V 4672 -597363.20 -178024.95
V 4680 -597363.20 -177953.95
V 4688 -597365.28 -177946.20
V 4696 -597370.95 -177940.53
V 4704 -597378.70 -177938.45
V 4712 -597478.20 -177938.45
V 4720 -597478.20 -177898.45
V 4728 -597378.70 -177898.45
V 4736 -597370.95 -177896.37
V 4744 -597365.28 -177890.70
V 4752 -597363.20 -177882.95
V 4760 -597363.20 -177811.95
V 4768 -597365.28 -177804.20
V 4776 -597370.95 -177798.53
V 4784 -597378.70 -177796.45
V 4792 -597478.20 -177796.45
V 4800 -597478.20 -177756.45
V 4808 -597378.70 -177756.45
V 4816 -597370.95 -177754.37
V 4824 -597365.28 -177748.70
V 4832 -597363.20 -177740.95
V 4840 -597363.20 -177669.95
V 4848 -597365.28 -177662.20
V 4856 -597370.95 -177656.53
V 4864 -597378.70 -177654.45
V 4872 -597478.20 -177654.45
V 4880 -597478.20 -177614.45
V 4888 -597378.70 -177614.45
V 4896 -597370.95 -177612.37
V 4904 -597365.28 -177606.70
V 4912 -597363.20 -177598.95
V 4920 -597363.20 -177527.95
V 4928 -597365.28 -177520.20
V 4936 -597370.95 -177514.53
V 4944 -597378.70 -177512.45
V 4952 -597478.20 -177512.45
V 4960 -597478.20 -177472.45
V 4968 -597378.70 -177472.45
V 4976 -597370.95 -177470.37
V 4984 -597365.28 -177464.70
V 4992 -597363.20 -177456.95
V 5000 -597363.20 -177385.95
V 5008 -597365.28 -177378.20
V 5016 -597370.95 -177372.53
V 5024 -597378.70 -177370.45
V 5032 -597478.20 -177370.45
V 5040 -597478.20 -177330.45
V 5048 -597378.70 -177330.45
V 5056 -597370.95 -177328.37
V 5064 -597365.28 -177322.70
V 5072 -597363.20 -177314.95
V 5080 -597363.20 -177243.95
V 5088 -597365.28 -177236.20
V 5096 -597370.95 -177230.53
V 5104 -597378.70 -177228.45
V 5112 -597478.20 -177228.45
V 5120 -597478.20 -177188.45
V 5128 -597378.70 -177188.45
V 5136 -597370.95 -177186.37
V 5144 -597365.28 -177180.70
V 5152 -597363.20 -177172.95
V 5160 -597363.20 -177101.95
V 5168 -597365.28 -177094.20
V 5176 -597370.95 -177088.53
V 5184 -597378.70 -177086.45
V 5192 -597478.20 -177086.45
V 5200 -597478.20 -177046.45
V 5208 -597378.70 -177046.45
V 5216 -597370.95 -177044.37
V 5224 -597365.28 -177038.70
V 5232 -597363.20 -177030.95
V 5240 -597363.20 -176959.95
V 5248 -597365.28 -176952.20
V 5256 -597370.95 -176946.53
V 5264 -597378.70 -176944.45
V 5272 -597478.20 -176944.45
V 5280 -597478.20 -176904.45
V 5288 -597378.70 -176904.45
V 5296 -597370.95 -176902.37
V 5304 -597365.28 -176896.70
V 5312 -597363.20 -176888.95
V 5320 -597363.20 -176817.95
V 5328 -597365.28 -176810.20
V 5336 -597370.95 -176804.53
V 5344 -597378.70 -176802.45
V 5352 -597478.20 -176802.45
V 5360 -597478.20 -176762.45
V 5368 -597378.70 -176762.45
V 5376 -597370.95 -176760.37
V 5384 -597365.28 -176754.70
V 5392 -597363.20 -176746.95
V 5400 -597363.20 -176675.95
V 5408 -597365.28 -176668.20
V 5416 -597370.95 -176662.53
V 5424 -597378.70 -176660.45
V 5432 -597478.20 -176660.45
V 5440 -597478.20 -176620.45
V 5448 -597378.70 -176620.45
V 5456 -597370.95 -176618.37
V 5464 -597365.28 -176612.70
V 5472 -597363.20 -176604.95
V 5480 -597363.20 -176533.95
V 5488 -597365.28 -176526.20
V 5496 -597370.95 -176520.53
V 5504 -597378.70 -176518.45
V 5512 -597478.20 -176518.45
V 5520 -597478.20 -176478.45
V 5528 -597378.70 -176478.45
V 5536 -597370.95 -176476.37
V 5544 -597365.28 -176470.70
V 5552 -597363.20 -176462.95
V 5560 -597363.20 -176391.95
V 5568 -597365.28 -176384.20
V 5576 -597370.95 -176378.53
V 5584 -597378.70 -176376.45
V 5592 -597478.20 -176376.45
V 5600 -597478.20 -176336.45
V 5608 -597378.70 -176336.45
V 5616 -597370.95 -176334.37
V 5624 -597365.28 -176328.70
V 5632 -597363.20 -176320.95
V 5640 -597363.20 -176249.95
V 5648 -597365.28 -176242.20
V 5656 -597370.95 -176236.53
V 5664 -597378.70 -176234.45
V 5672 -597478.20 -176234.45
V 5680 -597478.20 -176194.45
V 5688 -597378.70 -176194.45
V 5696 -597370.95 -176192.37
V 5704 -597365.28 -176186.70
V 5712 -597363.20 -176178.95
V 5720 -597363.20 -176107.95
V 5728 -597365.28 -176100.20
V 5736 -597370.95 -176094.53
V 5744 -597378.70 -176092.45
V 5752 -597478.20 -176092.45
V 5760 -597478.20 -176052.45
V 5768 -597378.70 -176052.45
V 5776 -597370.95 -176050.37
V 5784 -597365.28 -176044.70
V 5792 -597363.20 -176036.95
V 5800 -597363.20 -175965.95
V 5808 -597365.28 -175958.20
V 5816 -597370.95 -175952.53
V 5824 -597378.70 -175950.45
V 5832 -597478.20 -175950.45
V 5840 -597478.20 -175910.45
V 5848 -597378.70 -175910.45
V 5856 -597370.95 -175908.37
V 5864 -597365.28 -175902.70
V 5872 -597363.20 -175894.95
V 5880 -597363.20 -175823.95
V 5888 -597365.28 -175816.20
V 5896 -597370.95 -175810.53
V 5904 -597378.70 -175808.45
V 5912 -597478.20 -175808.45
V 5920 -597478.20 -175768.45
V 5928 -597378.70 -175768.45
V 5936 -597370.95 -175766.37
V 5944 -597365.28 -175760.70
V 5952 -597363.20 -175752.95
V 5960 -597363.20 -175681.95
V 5968 -597365.28 -175674.20
V 5976 -597370.95 -175668.53
V 5984 -597378.70 -175666.45
V 5992 -597478.20 -175666.45
V 6000 -597478.20 -175626.45
V 6008 -597378.70 -175626.45
V 6016 -597370.95 -175624.37
V 6024 -597365.28 -175618.70
V 6032 -597363.20 -175610.95
V 6040 -597363.20 -175539.95
V 6048 -597365.28 -175532.20
V 6056 -597370.95 -175526.53
V 6064 -597378.70 -175524.45
V 6072 -597478.20 -175524.45
V 6080 -597478.20 -175484.45
V 6088 -597378.70 -175484.45
V 6096 -597370.95 -175482.37
V 6104 -597365.28 -175476.70
V 6112 -597363.20 -175468.95
V 6120 -597363.20 -175397.95
V 6128 -597365.28 -175390.20
V 6136 -597370.95 -175384.53
V 6144 -597378.70 -175382.45
V 6152 -597478.20 -175382.45
V 6160 -597478.20 -175342.45
V 6168 -597378.70 -175342.45
V 6176 -597370.95 -175340.37
V 6184 -597365.28 -175334.70
V 6192 -597363.20 -175326.95
V 6200 -597363.20 -175255.95
V 6208 -597365.28 -175248.20
V 6216 -597370.95 -175242.53
V 6224 -597378.70 -175240.45
V 6232 -597478.20 -175240.45
V 6240 -597478.20 -175200.45
V 6248 -597378.70 -175200.45
V 6256 -597370.95 -175198.37
V 6264 -597365.28 -175192.70
V 6272 -597363.20 -175184.95
V 6280 -597363.20 -175113.95
V 6288 -597365.28 -175106.20
V 6296 -597370.95 -175100.53
V 6304 -597378.70 -175098.45
V 6312 -597478.20 -175098.45
V 6320 -597478.20 -175058.45
V 6328 -597378.70 -175058.45
V 6336 -597370.95 -175056.37
V 6344 -597365.28 -175050.70
V 6352 -597363.20 -175042.95
V 6360 -597363.20 -174971.95
V 6368 -597365.28 -174964.20
V 6376 -597370.95 -174958.53
V 6384 -597378.70 -174956.45
V 6392 -597478.20 -174956.45
V 6400 -597478.20 -174916.45
V 6408 -597378.70 -174916.45
V 6416 -597370.95 -174914.37
V 6424 -597365.28 -174908.70
V 6432 -597363.20 -174900.95
V 6440 -597363.20 -174829.95
V 6448 -597365.28 -174822.20
V 6456 -597370.95 -174816.53
V 6464 -597378.70 -174814.45
V 6472 -597478.20 -174814.45
V 6480 -597478.20 -174774.45
V 6488 -597378.70 -174774.45
V 6496 -597370.95 -174772.37
V 6504 -597365.28 -174766.70
V 6512 -597363.20 -174758.95
V 6520 -597363.20 -174687.95
V 6528 -597365.28 -174680.20
V 6536 -597370.95 -174674.53
V 6544 -597378.70 -174672.45
V 6552 -597478.20 -174672.45
V 6560 -597478.20 -174632.45
V 6568 -597378.70 -174632.45
V 6576 -597370.95 -174630.37
V 6584 -597365.28 -174624.70
V 6592 -597363.20 -174616.95
V 6600 -597363.20 -174545.95
V 6608 -597365.28 -174538.20
V 6616 -597370.95 -174532.53
V 6624 -597378.70 -174530.45
V 6632 -597478.20 -174530.45
V 6640 -597478.20 -174490.45
V 6648 -597378.70 -174490.45
V 6656 -597370.95 -174488.37
V 6664 -597365.28 -174482.70
V 6672 -597363.20 -174474.95
V 6680 -597363.20 -174403.95
V 6688 -597365.28 -174396.20
V 6696 -597370.95 -174390.53
V 6704 -597378.70 -174388.45
V 6712 -597478.20 -174388.45
V 6720 -597478.20 -174348.45
V 6728 -597378.70 -174348.45
V 6736 -597370.95 -174346.37
V 6744 -597365.28 -174340.70
V 6752 -597363.20 -174332.95
V 6760 -597363.20 -174261.95
V 6768 -597365.28 -174254.20
V 6776 -597370.95 -174248.53
V 6784 -597378.70 -174246.45
V 6792 -597478.20 -174246.45
V 6800 -597478.20 -174206.45
V 6808 -597378.70 -174206.45
V 6816 -597370.95 -174204.37
V 6824 -597365.28 -174198.70
V 6832 -597363.20 -174190.95
V 6840 -597363.20 -174119.95
V 6848 -597365.28 -174112.20
V 6856 -597370.95 -174106.53
V 6864 -597378.70 -174104.45
V 6872 -597478.20 -174104.45
V 6880 -597478.20 -174064.45
V 6888 -597378.70 -174064.45
V 6896 -597370.95 -174062.37
V 6904 -597365.28 -174056.70
V 6912 -597363.20 -174048.95
V 6920 -597363.20 -173977.95
V 6928 -597365.28 -173970.20
V 6936 -597370.95 -173964.53
V 6944 -597378.70 -173962.45
V 6952 -597478.20 -173962.45
V 6960 -597478.20 -173922.45
V 6968 -597378.70 -173922.45
V 6976 -597370.95 -173920.37
V 6984 -597365.28 -173914.70
V 6992 -597363.20 -173906.95
V 7000 -597363.20 -173835.95
V 7008 -597365.28 -173828.20
V 7016 -597370.95 -173822.53
V 7024 -597378.70 -173820.45
V 7032 -597478.20 -173820.45
V 7040 -597478.20 -173780.45
V 7048 -597378.70 -173780.45
V 7056 -597370.95 -173778.37
V 7064 -597365.28 -173772.70
V 7072 -597363.20 -173764.95
V 7080 -597363.20 -173693.95
V 7088 -597365.28 -173686.20
V 7096 -597370.95 -173680.53
V 7104 -597378.70 -173678.45
V 7112 -597478.20 -173678.45
V 7120 -597478.20 -173638.45
V 7128 -597378.70 -173638.45
V 7136 -597370.95 -173636.37
V 7144 -597365.28 -173630.70
V 7152 -597363.20 -173622.95
V 7160 -597363.20 -173551.95
V 7168 -597365.28 -173544.20
V 7176 -597370.95 -173538.53
V 7184 -597378.70 -173536.45
V 7192 -597478.20 -173536.45
V 7200 -597478.20 -173496.45
V 7208 -597378.70 -173496.45
V 7216 -597370.95 -173494.37
V 7224 -597365.28 -173488.70
V 7232 -597363.20 -173480.95
V 7240 -597363.20 -173409.95
V 7248 -597365.28 -173402.20
V 7256 -597370.95 -173396.53
V 7264 -597378.70 -173394.45
V 7272 -597478.20 -173394.45
V 7280 -597478.20 -173354.45
V 7288 -597378.70 -173354.45
V 7296 -597370.95 -173352.37
V 7304 -597365.28 -173346.70
V 7312 -597363.20 -173338.95
V 7320 -597363.20 -173267.95
V 7328 -597365.28 -173260.20
V 7336 -597370.95 -173254.53
V 7344 -597378.70 -173252.45
V 7352 -597478.20 -173252.45
V 7360 -597478.20 -173212.45
V 7368 -597378.70 -173212.45
V 7376 -597370.95 -173210.37
V 7384 -597365.28 -173204.70
V 7392 -597363.20 -173196.95
V 7400 -597363.20 -173125.95
V 7408 -597365.28 -173118.20
V 7416 -597370.95 -173112.53
V 7424 -597378.70 -173110.45
V 7432 -597478.20 -173110.45
V 7440 -597478.20 -173070.45
V 7448 -597378.70 -173070.45
V 7456 -597370.95 -173068.37
V 7464 -597365.28 -173062.70
V 7472 -597363.20 -173054.95
V 7480 -597363.20 -172983.95
V 7488 -597365.28 -172976.20
V 7496 -597370.95 -172970.53
V 7504 -597378.70 -172968.45
V 7512 -597478.20 -172968.45
V 7520 -597478.20 -172928.45
V 7528 -597378.70 -172928.45
V 7536 -597370.95 -172926.37
V 7544 -597365.28 -172920.70
V 7552 -597363.20 -172912.95
V 7560 -597363.20 -172841.95
V 7568 -597365.28 -172834.20
V 7576 -597370.95 -172828.53
V 7584 -597378.70 -172826.45
V 7592 -597478.20 -172826.45
V 7600 -597478.20 -172786.45
V 7608 -597378.70 -172786.45
V 7616 -597370.95 -172784.37
V 7624 -597365.28 -172778.70
V 7632 -597363.20 -172770.95
V 7640 -597363.20 -172699.95
V 7648 -597365.28 -172692.20
V 7656 -597370.95 -172686.53
V 7664 -597378.70 -172684.45
V 7672 -597478.20 -172684.45
V 7680 -597478.20 -172644.45
V 7688 -597378.70 -172644.45
V 7696 -597370.95 -172642.37
V 7704 -597365.28 -172636.70
V 7712 -597363.20 -172628.95
V 7720 -597363.20 -172557.95
V 7728 -597365.28 -172550.20
V 7736 -597370.95 -172544.53
V 7744 -597378.70 -172542.45
V 7752 -597478.20 -172542.45
V 7760 -597478.20 -172502.45
V 7768 -597378.70 -172502.45
V 7776 -597370.95 -172500.37
V 7784 -597365.28 -172494.70
V 7792 -597363.20 -172486.95
V 7800 -597363.20 -172415.95
V 7808 -597365.28 -172408.20
V 7816 -597370.95 -172402.53
V 7824 -597378.70 -172400.45
V 7832 -597478.20 -172400.45
V 7840 -597478.20 -172360.45
V 7848 -597378.70 -172360.45
V 7856 -597370.95 -172358.37
V 7864 -597365.28 -172352.70
V 7872 -597363.20 -172344.95
V 7880 -597363.20 -172273.95
V 7888 -597365.28 -172266.20
V 7896 -597370.95 -172260.53
V 7904 -597378.70 -172258.45
V 7912 -597478.20 -172258.45
V 7920 -597478.20 -172218.45
V 7928 -597378.70 -172218.45
V 7936 -597370.95 -172216.37
V 7944 -597365.28 -172210.70
V 7952 -597363.20 -172202.95
V 7960 -597363.20 -172131.95
V 7968 -597365.28 -172124.20
V 7976 -597370.95 -172118.53
V 7984 -597378.70 -172116.45
V 7992 -597478.20 -172116.45
V 8000 -597478.20 -172076.45
V 8008 -597378.70 -172076.45
V 8016 -597370.95 -172074.37
V 8024 -597365.28 -172068.70
V 8032 -597363.20 -172060.95
V 8040 -597363.20 -171989.95
V 8048 -597365.28 -171982.20
V 8056 -597370.95 -171976.53
V 8064 -597378.70 -171974.45
V 8072 -597478.20 -171974.45
V 8080 -597478.20 -171934.45
V 8088 -597378.70 -171934.45
V 8096 -597370.95 -171932.37
V 8104 -597365.28 -171926.70
V 8112 -597363.20 -171918.95
V 8120 -597363.20 -171847.95
V 8128 -597365.28 -171840.20
V 8136 -597370.95 -171834.53
V 8144 -597378.70 -171832.45
V 8152 -597478.20 -171832.45
V 8160 -597478.20 -171792.45
V 8168 -597414.05 -171792.45
V 8176 -597406.30 -171790.37
V 8184 -597400.63 -171784.70
V 8192 -597398.55 -171776.95
V 8200 -597398.55 -171705.95
V 8208 -597398.59 -171704.84
V 8216 -597398.71 -171703.74
V 8224 -597398.90 -171702.66
V 8232 -597399.18 -171701.58
V 8240 -597399.53 -171700.53
V 8248 -597399.95 -171699.51
V 8256 -597400.45 -171698.52
V 8264 -597401.01 -171697.57
V 8272 -597401.64 -171696.66
V 8280 -597402.34 -171695.80
V 8288 -597403.09 -171694.99
V 8296 -597403.90 -171694.24
V 8304 -597404.76 -171693.54
V 8312 -597405.67 -171692.91
V 8320 -597406.62 -171692.35
V 8328 -597407.61 -171691.85
V 8336 -597408.63 -171691.43
V 8344 -597409.68 -171691.08
V 8352 -597410.76 -171690.80
V 8360 -597411.84 -171690.61
V 8368 -597412.94 -171690.49
V 8376 -597414.05 -171690.45
V 8384 -597420.70 -171690.45
V 8392 -597420.70 -171633.31
V 8400 -586994.87 -169862.97
V 8408 -586994.77 -169862.96
V 8416 -584906.84 -169508.42
V 8424 -584906.82 -169508.42
V 8432 -584906.66 -169508.39
V 8440 -584906.44 -169508.36
V 8448 -582584.33 -169114.06
V 8456 -582581.85 -169113.64
V 8464 -580174.91 -168704.93
V 8472 -571795.40 -167282.07
V 8480 -564465.79 -166037.49
V 8488 -564465.77 -166037.49
V 8496 -564462.54 -166036.94
V 8504 -564462.52 -166036.93
V 8512 -556406.74 -164669.05
V 8520 -553777.50 -164222.60
V 8528 -553777.23 -164222.55
V 8536 -553777.14 -164222.53
V 8544 -543357.50 -162453.26
V 8552 -541670.01 -162166.72
V 8560 -539839.03 -161855.81
V 8568 -538119.63 -161563.86
V 8576 -537051.40 -161382.47
V 8584 -533567.30 -160790.86
V 8592 -533567.08 -160790.83
V 8600 -528223.72 -159883.51
V 8608 -528223.51 -159883.47
V 8616 -525436.30 -159410.20
V 8624 -524972.10 -159331.38
V 8632 -524972.01 -159331.36
V 8640 -524971.94 -159331.35
V 8648 -524971.92 -159331.35
V 8656 -524042.47 -159173.53
V 8664 -523577.88 -159094.64
V 8672 -515712.91 -157759.15
V 8680 -515711.84 -157758.93
V 8688 -515710.80 -157758.64
V 8696 -515709.77 -157758.27
V 8704 -515708.78 -157757.84
V 8712 -515707.82 -157757.33
V 8720 -515706.89 -157756.76
V 8728 -515706.01 -157756.13
V 8736 -515705.17 -157755.43
V 8744 -515704.39 -157754.68
V 8752 -515703.66 -157753.87
V 8760 -515702.99 -157753.02
V 8768 -515702.38 -157752.12
V 8776 -515701.83 -157751.18
V 8784 -515701.35 -157750.20
V 8792 -515700.94 -157749.20
V 8800 -515700.61 -157748.16
V 8808 -515700.34 -157747.11
V 8816 -515700.15 -157746.04
V 8824 -515700.04 -157744.96
V 8832 -515700.00 -157743.87
V 8840 -515700.00 -157719.35
