V 0 1085836.67 69295.05
V 8 1085831.49 69333.84
V 16 1085831.48 69333.87
V 24 1085826.35 69378.03
V 32 1085826.34 69378.13
V 40 1085826.30 69378.34
V 48 1085825.42 69381.52
V 56 1085825.12 69382.09
V 64 1085824.60 69382.48
V 72 1085823.97 69382.62
V 80 1085735.66 69382.62
V 88 1085735.66 69379.62
V 96 1085822.82 69379.62
V 104 1085823.37 69377.65
V 112 1085828.50 69333.55
V 120 1085828.51 69333.44
V 128 1085833.86 69293.35
V 136 1085834.12 69292.69
V 144 1085834.66 69292.22
V 152 1085835.35 69292.05
V 160 1085839.86 69292.05
V 168 1085839.86 69295.05
