V 0 1085836.50 63941.59
V 8 1085831.33 63960.43
V 16 1085828.08 63996.26
V 24 1085827.84 63996.95
V 32 1085827.30 63997.44
V 40 1085826.59 63997.62
V 48 1085735.66 63997.62
V 56 1085735.66 63994.62
V 64 1085825.22 63994.62
V 72 1085828.36 63960.09
V 80 1085828.36 63960.03
V 88 1085828.37 63959.93
V 96 1085828.40 63959.82
V 104 1085828.41 63959.72
V 112 1085833.90 63939.69
V 120 1085834.20 63939.12
V 128 1085834.72 63938.73
V 136 1085835.35 63938.59
V 144 1085839.86 63938.59
V 152 1085839.86 63941.59
