V 0 1087919.10 -68961.86
V 8 1087897.69 -68923.16
V 16 1087884.20 -68899.84
V 24 1087880.66 -68890.97
V 32 1087880.34 -68890.48
V 40 1087879.85 -68890.15
V 48 1087879.27 -68890.03
V 56 1087761.23 -68890.03
V 64 1087761.13 -68890.04
V 72 1087760.86 -68890.10
V 80 1087755.39 -68891.93
V 88 1087756.35 -68894.77
V 96 1087761.56 -68893.03
V 104 1087878.25 -68893.03
V 112 1087881.46 -68901.07
V 120 1087881.47 -68901.09
V 128 1087881.49 -68901.15
V 136 1087881.52 -68901.20
V 144 1087881.55 -68901.26
V 152 1087895.09 -68924.66
V 160 1087916.91 -68964.09
V 168 1087917.46 -68964.65
V 176 1087918.22 -68964.86
V 184 1087957.36 -68964.86
V 192 1087957.36 -68961.86
