V 0 1085836.69 38123.14
V 8 1085832.26 38161.18
V 16 1085832.25 38161.28
V 24 1085832.21 38161.49
V 32 1085825.39 38186.36
V 40 1085824.77 38193.26
V 48 1085824.53 38193.95
V 56 1085823.99 38194.44
V 64 1085823.28 38194.62
V 72 1085735.66 38194.62
V 80 1085735.66 38191.62
V 88 1085821.91 38191.62
V 96 1085822.42 38186.02
V 104 1085822.42 38185.96
V 112 1085822.43 38185.86
V 120 1085822.46 38185.75
V 128 1085822.47 38185.65
V 136 1085829.28 38160.80
V 144 1085833.86 38121.47
V 152 1085834.11 38120.79
V 160 1085834.65 38120.31
V 168 1085835.35 38120.14
V 176 1085839.86 38120.14
V 184 1085839.86 38123.14
