V 0 1085836.72 64693.62
V 8 1085831.59 64750.07
V 16 1085831.59 64750.13
V 24 1085831.58 64750.24
V 32 1085825.52 64795.60
V 40 1085825.51 64795.63
V 48 1085823.40 64813.79
V 56 1085823.15 64814.47
V 64 1085822.61 64814.95
V 72 1085821.91 64815.12
V 80 1085735.66 64815.12
V 88 1085735.66 64812.12
V 96 1085820.57 64812.12
V 104 1085822.53 64795.31
V 112 1085822.54 64795.20
V 120 1085828.60 64749.84
V 128 1085833.86 64691.98
V 136 1085834.10 64691.29
V 144 1085834.64 64690.80
V 152 1085835.35 64690.62
V 160 1085839.86 64690.62
V 168 1085839.86 64693.62
