V 0 4162.07 -1569.87
V 8 4161.58 -1570.00
V 16 4161.22 -1570.35
V 24 4161.07 -1570.83
V 32 4160.11 -1592.40
V 40 4160.11 -1592.42
V 48 4158.38 -1626.94
V 56 4156.42 -1661.43
V 64 4154.25 -1695.95
V 72 4151.85 -1730.50
V 80 4149.24 -1764.94
V 88 4146.42 -1799.31
V 96 4143.38 -1833.81
V 104 4140.12 -1868.24
V 112 4140.12 -1868.33
V 120 4136.68 -1902.46
V 128 4136.67 -1902.51
V 136 4136.66 -1902.58
V 144 4136.66 -1902.62
V 152 4133.00 -1936.81
V 160 4132.99 -1936.85
V 168 4132.98 -1936.92
V 176 4132.98 -1936.96
V 184 4129.10 -1971.19
V 192 4129.09 -1971.23
V 200 4129.08 -1971.30
V 208 4129.08 -1971.32
V 216 4124.95 -2005.62
V 224 4124.95 -2005.65
V 232 4124.94 -2005.72
V 240 4120.61 -2039.96
V 248 4120.60 -2040.03
V 256 4116.05 -2074.20
V 264 4111.29 -2108.38
V 272 4106.31 -2142.56
V 280 4101.12 -2176.72
V 288 4095.71 -2210.86
V 296 4090.06 -2245.08
V 304 4084.22 -2279.13
V 312 4084.22 -2279.20
V 320 4078.20 -2312.99
V 328 4078.19 -2313.01
V 336 4078.17 -2313.13
V 344 4078.17 -2313.15
V 352 4071.93 -2346.99
V 360 4071.92 -2347.01
V 368 4071.91 -2347.07
V 376 4065.44 -2380.96
V 384 4065.43 -2381.03
V 392 4058.74 -2414.91
V 400 4051.82 -2448.82
V 408 4051.81 -2448.86
V 416 4044.70 -2482.57
V 424 4037.37 -2516.41
V 432 4029.80 -2550.17
V 440 4029.79 -2550.25
V 448 4022.09 -2583.71
V 456 4022.07 -2583.78
V 464 4022.06 -2583.85
V 472 4005.66 -2653.02
V 480 4005.64 -2653.07
V 488 4005.63 -2653.11
V 496 3951.21 -2844.57
V 504 3884.98 -3046.43
V 512 3818.74 -3224.56
V 520 3818.73 -3224.61
V 528 3752.68 -3384.77
V 536 3752.65 -3384.83
V 544 3686.71 -3531.18
V 552 3686.69 -3531.23
V 560 3620.83 -3666.33
V 568 3555.08 -3792.06
V 576 3489.49 -3909.76
V 584 3489.46 -3909.80
V 592 3423.95 -4020.62
V 600 3358.53 -4125.30
V 608 3293.22 -4224.60
V 616 3228.07 -4318.90
V 624 3162.95 -4408.92
V 632 3162.94 -4408.94
V 640 3097.99 -4494.81
V 648 3097.97 -4494.83
V 656 3033.08 -4577.07
V 664 2968.31 -4655.86
V 672 2968.29 -4655.89
V 680 2903.64 -4731.44
V 688 2903.61 -4731.47
V 696 2839.08 -4804.06
V 704 2839.04 -4804.10
V 712 2774.64 -4873.87
V 720 2774.60 -4873.91
V 728 2710.29 -4941.13
V 736 2646.03 -5005.90
V 744 2581.88 -5068.32
V 752 2517.83 -5128.56
V 760 2453.96 -5186.63
V 768 2453.93 -5186.65
V 776 2453.91 -5186.67
V 784 2390.10 -5242.78
V 792 2390.07 -5242.80
V 800 2326.35 -5296.98
V 808 2326.32 -5297.00
V 816 2262.67 -5349.42
V 824 2262.64 -5349.45
V 832 2197.84 -5401.06
V 840 2197.82 -5401.07
V 848 2163.59 -5425.19
V 856 2163.53 -5425.24
V 864 2163.50 -5425.27
V 872 2012.83 -5544.43
V 880 2012.80 -5544.45
V 888 2012.76 -5544.48
V 896 1948.29 -5589.62
V 904 1885.21 -5632.47
V 912 1822.21 -5673.90
V 920 1822.17 -5673.93
V 928 1759.39 -5713.92
V 936 1696.55 -5752.72
V 944 1633.90 -5790.16
V 952 1633.88 -5790.17
V 960 1571.28 -5826.40
V 968 1571.26 -5826.42
V 976 1508.83 -5861.39
V 984 1508.80 -5861.40
V 992 1446.40 -5895.23
V 1000 1384.09 -5927.90
V 1008 1384.06 -5927.92
V 1016 1321.93 -5959.43
V 1024 1259.82 -5989.89
V 1032 1197.88 -6019.26
V 1040 1197.83 -6019.28
V 1048 1135.92 -6047.63
V 1056 1135.86 -6047.66
V 1064 1135.84 -6047.68
V 1072 1074.21 -6074.91
V 1080 1074.15 -6074.93
V 1088 1074.13 -6074.94
V 1096 1012.45 -6101.25
V 1104 1012.37 -6101.29
V 1112 950.89 -6126.57
V 1120 950.81 -6126.60
V 1128 889.28 -6150.98
V 1136 889.25 -6151.00
V 1144 828.68 -6174.11
V 1152 825.86 -6174.11
V 1160 825.86 -6083.30
V 1168 823.86 -6083.30
V 1176 823.86 -6175.11
V 1184 823.99 -6175.61
V 1192 824.36 -6175.98
V 1200 824.86 -6176.11
V 1208 828.92 -6176.11
V 1216 828.99 -6176.10
V 1224 829.11 -6176.08
V 1232 829.23 -6176.04
V 1240 829.26 -6176.02
V 1248 890.02 -6152.84
V 1256 951.55 -6128.46
V 1264 951.61 -6128.43
V 1272 1013.09 -6103.15
V 1280 1013.17 -6103.12
V 1288 1013.19 -6103.11
V 1296 1074.87 -6076.80
V 1304 1074.95 -6076.76
V 1312 1075.00 -6076.74
V 1320 1075.02 -6076.72
V 1328 1136.65 -6049.49
V 1336 1136.71 -6049.47
V 1344 1136.76 -6049.45
V 1352 1198.67 -6021.10
V 1360 1198.73 -6021.07
V 1368 1260.63 -5991.72
V 1376 1260.70 -5991.69
V 1384 1322.81 -5961.23
V 1392 1322.85 -5961.21
V 1400 1322.88 -5961.19
V 1408 1385.00 -5929.68
V 1416 1385.03 -5929.67
V 1424 1447.36 -5896.99
V 1432 1509.76 -5863.16
V 1440 1509.80 -5863.13
V 1448 1572.23 -5828.16
V 1456 1572.26 -5828.15
V 1464 1572.28 -5828.14
V 1472 1634.88 -5791.91
V 1480 1697.56 -5754.45
V 1488 1697.59 -5754.43
V 1496 1697.61 -5754.42
V 1504 1760.40 -5715.65
V 1512 1760.46 -5715.61
V 1520 1823.24 -5675.62
V 1528 1823.31 -5675.58
V 1536 1886.31 -5634.15
V 1544 1949.42 -5591.28
V 1552 1949.44 -5591.26
V 1560 1949.48 -5591.23
V 1568 2013.94 -5546.09
V 1576 2013.98 -5546.07
V 1584 2014.03 -5546.03
V 1592 2014.06 -5546.00
V 1600 2164.73 -5426.84
V 1608 2164.75 -5426.83
V 1616 2198.98 -5402.71
V 1624 2199.04 -5402.66
V 1632 2199.07 -5402.63
V 1640 2263.87 -5351.02
V 1648 2263.90 -5351.00
V 1656 2327.60 -5298.54
V 1664 2391.32 -5244.36
V 1672 2391.35 -5244.34
V 1680 2391.37 -5244.32
V 1688 2455.18 -5188.21
V 1696 2455.21 -5188.19
V 1704 2455.24 -5188.16
V 1712 2519.13 -5130.08
V 1720 2519.16 -5130.06
V 1728 2519.19 -5130.03
V 1736 2519.21 -5130.02
V 1744 2583.27 -5069.77
V 1752 2647.43 -5007.34
V 1760 2647.44 -5007.32
V 1768 2711.79 -4942.45
V 1776 2776.09 -4875.24
V 1784 2776.16 -4875.17
V 1792 2840.56 -4805.40
V 1800 2840.62 -4805.34
V 1808 2905.15 -4732.75
V 1816 2905.17 -4732.73
V 1824 2905.19 -4732.70
V 1832 2969.85 -4657.14
V 1840 3034.64 -4578.33
V 1848 3034.66 -4578.31
V 1856 3099.56 -4496.06
V 1864 3099.58 -4496.02
V 1872 3164.53 -4410.15
V 1880 3164.57 -4410.10
V 1888 3229.69 -4320.08
V 1896 3294.84 -4225.78
V 1904 3294.87 -4225.74
V 1912 3294.89 -4225.72
V 1920 3294.90 -4225.70
V 1928 3360.21 -4126.40
V 1936 3360.22 -4126.38
V 1944 3425.65 -4021.68
V 1952 3425.66 -4021.66
V 1960 3425.68 -4021.63
V 1968 3491.20 -3910.79
V 1976 3491.22 -3910.76
V 1984 3491.23 -3910.73
V 1992 3556.82 -3793.04
V 2000 3556.86 -3792.99
V 2008 3622.62 -3667.22
V 2016 3688.49 -3532.11
V 2024 3688.50 -3532.08
V 2032 3688.53 -3532.02
V 2040 3754.46 -3385.69
V 2048 3754.47 -3385.65
V 2056 3754.51 -3385.57
V 2064 3754.53 -3385.50
V 2072 3820.58 -3225.34
V 2080 3820.62 -3225.26
V 2088 3886.86 -3047.13
V 2096 3886.87 -3047.09
V 2104 3953.12 -2845.16
V 2112 3953.13 -2845.12
V 2120 4007.55 -2653.66
V 2128 4007.58 -2653.57
V 2136 4007.59 -2653.50
V 2144 4023.99 -2584.33
V 2152 4024.01 -2584.28
V 2160 4024.03 -2584.17
V 2168 4031.73 -2550.71
V 2176 4031.76 -2550.61
V 2184 4039.33 -2516.85
V 2192 4046.66 -2482.99
V 2200 4053.77 -2449.28
V 2208 4060.68 -2415.42
V 2216 4060.69 -2415.37
V 2224 4067.38 -2381.48
V 2232 4067.39 -2381.41
V 2240 4073.86 -2347.52
V 2248 4073.88 -2347.39
V 2256 4073.88 -2347.37
V 2264 4080.12 -2313.53
V 2272 4080.13 -2313.51
V 2280 4080.15 -2313.39
V 2288 4080.15 -2313.36
V 2296 4086.17 -2279.57
V 2304 4086.18 -2279.55
V 2312 4086.20 -2279.47
V 2320 4092.04 -2245.42
V 2328 4097.69 -2211.18
V 2336 4103.10 -2177.04
V 2344 4108.29 -2142.86
V 2352 4113.27 -2108.66
V 2360 4118.03 -2074.48
V 2368 4118.04 -2074.40
V 2376 4122.60 -2040.15
V 2384 4126.93 -2005.91
V 2392 4126.94 -2005.84
V 2400 4126.94 -2005.82
V 2408 4131.07 -1971.52
V 2416 4131.07 -1971.49
V 2424 4131.08 -1971.42
V 2432 4131.08 -1971.38
V 2440 4134.96 -1937.15
V 2448 4134.97 -1937.11
V 2456 4134.98 -1937.04
V 2464 4134.98 -1937.00
V 2472 4138.64 -1902.81
V 2480 4138.65 -1902.77
V 2488 4138.66 -1902.70
V 2496 4138.66 -1902.64
V 2504 4142.10 -1868.51
V 2512 4142.11 -1868.46
V 2520 4142.12 -1868.43
V 2528 4145.38 -1833.99
V 2536 4148.42 -1799.49
V 2544 4151.24 -1765.10
V 2552 4153.85 -1730.66
V 2560 4156.25 -1696.09
V 2568 4158.42 -1661.55
V 2576 4160.38 -1627.07
V 2584 4162.11 -1592.54
V 2592 4162.11 -1592.51
V 2600 4163.03 -1571.87
V 2608 6533.31 -1571.87
V 2616 6533.31 -1569.87
