V 0 -549908.00 -157719.35
V 8 -549908.00 -157730.78
V 16 -550094.09 -157762.38
V 24 -550326.26 -157801.80
V 32 -550326.52 -157801.85
V 40 -552881.72 -158235.73
V 48 -553346.31 -158314.61
V 56 -554740.16 -158551.29
V 64 -554740.30 -158551.32
V 72 -554740.33 -158551.32
V 80 -554740.38 -158551.33
V 88 -555669.33 -158709.07
V 96 -557411.83 -159004.95
V 104 -558074.35 -159117.45
V 112 -559918.28 -159430.55
V 120 -565426.38 -160365.84
V 128 -565426.42 -160365.84
V 136 -565426.54 -160365.86
V 144 -565426.58 -160365.87
V 152 -565890.63 -160444.67
V 160 -566355.23 -160523.56
V 168 -567484.58 -160715.32
V 176 -568657.92 -160914.56
V 184 -572506.77 -161568.10
V 192 -583546.45 -163442.66
V 200 -583546.52 -163442.67
V 208 -583547.86 -163442.90
V 216 -583547.93 -163442.92
V 224 -584010.20 -163521.41
V 232 -584474.79 -163600.30
V 240 -585869.45 -163837.11
V 248 -585869.54 -163837.13
V 256 -585869.61 -163837.14
V 264 -587182.96 -164060.15
V 272 -587957.08 -164191.60
V 280 -587957.12 -164191.60
V 288 -587957.45 -164191.65
V 296 -587957.72 -164191.70
V 304 -615784.98 -168916.83
V 312 -617695.04 -169241.16
V 320 -617695.49 -169241.24
V 328 -617695.62 -169241.27
V 336 -618158.60 -169319.88
V 344 -619245.97 -169504.51
V 352 -619603.79 -169565.27
V 360 -619610.40 -169568.08
V 368 -619615.04 -169573.56
V 376 -619616.70 -169580.55
V 384 -619616.70 -169717.95
V 392 -619614.62 -169725.70
V 400 -619608.95 -169731.37
V 408 -619601.20 -169733.45
V 416 -619559.20 -169733.45
V 424 -619559.20 -169773.45
V 432 -619658.70 -169773.45
V 440 -619666.45 -169775.53
V 448 -619672.12 -169781.20
V 456 -619674.20 -169788.95
V 464 -619674.20 -169859.95
V 472 -619672.12 -169867.70
V 480 -619666.45 -169873.37
V 488 -619658.70 -169875.45
V 496 -619559.20 -169875.45
V 504 -619559.20 -169915.45
V 512 -619658.70 -169915.45
V 520 -619666.45 -169917.53
V 528 -619672.12 -169923.20
V 536 -619674.20 -169930.95
V 544 -619674.20 -170001.95
V 552 -619672.12 -170009.70
V 560 -619666.45 -170015.37
V 568 -619658.70 -170017.45
V 576 -619559.20 -170017.45
V 584 -619559.20 -170057.45
V 592 -619658.70 -170057.45
V 600 -619666.45 -170059.53
V 608 -619672.12 -170065.20
V 616 -619674.20 -170072.95
V 624 -619674.20 -170143.95
V 632 -619672.12 -170151.70
V 640 -619666.45 -170157.37
V 648 -619658.70 -170159.45
V 656 -619559.20 -170159.45
V 664 -619559.20 -170199.45
V 672 -619658.70 -170199.45
V 680 -619666.45 -170201.53
V 688 -619672.12 -170207.20
V 696 -619674.20 -170214.95
V 704 -619674.20 -170285.95
V 712 -619672.12 -170293.70
V 720 -619666.45 -170299.37
V 728 -619658.70 -170301.45
V 736 -619559.20 -170301.45
V 744 -619559.20 -170341.45
V 752 -619658.70 -170341.45
V 760 -619666.45 -170343.53
V 768 -619672.12 -170349.20
V 776 -619674.20 -170356.95
V 784 -619674.20 -170427.95
V 792 -619672.12 -170435.70
V 800 -619666.45 -170441.37
V 808 -619658.70 -170443.45
V 816 -619559.20 -170443.45
V 824 -619559.20 -170483.45
V 832 -619658.70 -170483.45
V 840 -619666.45 -170485.53
V 848 -619672.12 -170491.20
V 856 -619674.20 -170498.95
V 864 -619674.20 -170569.95
V 872 -619672.12 -170577.70
V 880 -619666.45 -170583.37
V 888 -619658.70 -170585.45
V 896 -619559.20 -170585.45
V 904 -619559.20 -170625.45
V 912 -619658.70 -170625.45
V 920 -619666.45 -170627.53
V 928 -619672.12 -170633.20
V 936 -619674.20 -170640.95
V 944 -619674.20 -170711.95
V 952 -619672.12 -170719.70
V 960 -619666.45 -170725.37
V 968 -619658.70 -170727.45
V 976 -619559.20 -170727.45
V 984 -619559.20 -170767.45
V 992 -619658.70 -170767.45
V 1000 -619666.45 -170769.53
V 1008 -619672.12 -170775.20
V 1016 -619674.20 -170782.95
V 1024 -619674.20 -170853.95
V 1032 -619672.12 -170861.70
V 1040 -619666.45 -170867.37
V 1048 -619658.70 -170869.45
V 1056 -619559.20 -170869.45
V 1064 -619559.20 -170909.45
V 1072 -619658.70 -170909.45
V 1080 -619666.45 -170911.53
V 1088 -619672.12 -170917.20
V 1096 -619674.20 -170924.95
V 1104 -619674.20 -170995.95
V 1112 -619672.12 -171003.70
V 1120 -619666.45 -171009.37
V 1128 -619658.70 -171011.45
V 1136 -619559.20 -171011.45
V 1144 -619559.20 -171051.45
V 1152 -619658.70 -171051.45
V 1160 -619666.45 -171053.53
V 1168 -619672.12 -171059.20
V 1176 -619674.20 -171066.95
V 1184 -619674.20 -171137.95
V 1192 -619672.12 -171145.70
V 1200 -619666.45 -171151.37
V 1208 -619658.70 -171153.45
V 1216 -619559.20 -171153.45
V 1224 -619559.20 -171193.45
V 1232 -619658.70 -171193.45
V 1240 -619666.45 -171195.53
V 1248 -619672.12 -171201.20
V 1256 -619674.20 -171208.95
V 1264 -619674.20 -171279.95
V 1272 -619672.12 -171287.70
V 1280 -619666.45 -171293.37
V 1288 -619658.70 -171295.45
V 1296 -619559.20 -171295.45
V 1304 -619559.20 -171335.45
V 1312 -619658.70 -171335.45
V 1320 -619666.45 -171337.53
V 1328 -619672.12 -171343.20
V 1336 -619674.20 -171350.95
V 1344 -619674.20 -171421.95
V 1352 -619672.12 -171429.70
V 1360 -619666.45 -171435.37
V 1368 -619658.70 -171437.45
V 1376 -619559.20 -171437.45
V 1384 -619559.20 -171477.45
V 1392 -619658.70 -171477.45
V 1400 -619666.45 -171479.53
V 1408 -619672.12 -171485.20
V 1416 -619674.20 -171492.95
V 1424 -619674.20 -171563.95
V 1432 -619672.12 -171571.70
V 1440 -619666.45 -171577.37
V 1448 -619658.70 -171579.45
V 1456 -619559.20 -171579.45
V 1464 -619559.20 -171619.45
V 1472 -619658.70 -171619.45
V 1480 -619666.45 -171621.53
V 1488 -619672.12 -171627.20
V 1496 -619674.20 -171634.95
V 1504 -619674.20 -171705.95
V 1512 -619672.12 -171713.70
V 1520 -619666.45 -171719.37
V 1528 -619658.70 -171721.45
V 1536 -619559.20 -171721.45
V 1544 -619559.20 -171761.45
V 1552 -619658.70 -171761.45
V 1560 -619666.45 -171763.53
V 1568 -619672.12 -171769.20
V 1576 -619674.20 -171776.95
V 1584 -619674.20 -171847.95
V 1592 -619672.12 -171855.70
V 1600 -619666.45 -171861.37
V 1608 -619658.70 -171863.45
V 1616 -619559.20 -171863.45
V 1624 -619559.20 -171903.45
V 1632 -619658.70 -171903.45
V 1640 -619666.45 -171905.53
V 1648 -619672.12 -171911.20
V 1656 -619674.20 -171918.95
V 1664 -619674.20 -171989.95
V 1672 -619672.12 -171997.70
V 1680 -619666.45 -172003.37
V 1688 -619658.70 -172005.45
V 1696 -619559.20 -172005.45
V 1704 -619559.20 -172045.45
V 1712 -619658.70 -172045.45
V 1720 -619666.45 -172047.53
V 1728 -619672.12 -172053.20
V 1736 -619674.20 -172060.95
V 1744 -619674.20 -172131.95
V 1752 -619672.12 -172139.70
V 1760 -619666.45 -172145.37
V 1768 -619658.70 -172147.45
V 1776 -619559.20 -172147.45
V 1784 -619559.20 -172187.45
V 1792 -619658.70 -172187.45
V 1800 -619666.45 -172189.53
V 1808 -619672.12 -172195.20
V 1816 -619674.20 -172202.95
V 1824 -619674.20 -172273.95
V 1832 -619672.12 -172281.70
V 1840 -619666.45 -172287.37
V 1848 -619658.70 -172289.45
V 1856 -619559.20 -172289.45
V 1864 -619559.20 -172329.45
V 1872 -619658.70 -172329.45
V 1880 -619666.45 -172331.53
V 1888 -619672.12 -172337.20
V 1896 -619674.20 -172344.95
V 1904 -619674.20 -172415.95
V 1912 -619672.12 -172423.70
V 1920 -619666.45 -172429.37
V 1928 -619658.70 -172431.45
V 1936 -619559.20 -172431.45
V 1944 -619559.20 -172471.45
V 1952 -619658.70 -172471.45
V 1960 -619666.45 -172473.53
V 1968 -619672.12 -172479.20
V 1976 -619674.20 -172486.95
V 1984 -619674.20 -172557.95
V 1992 -619672.12 -172565.70
V 2000 -619666.45 -172571.37
V 2008 -619658.70 -172573.45
V 2016 -619559.20 -172573.45
V 2024 -619559.20 -172613.45
V 2032 -619658.70 -172613.45
V 2040 -619666.45 -172615.53
V 2048 -619672.12 -172621.20
V 2056 -619674.20 -172628.95
V 2064 -619674.20 -172699.95
V 2072 -619672.12 -172707.70
V 2080 -619666.45 -172713.37
V 2088 -619658.70 -172715.45
V 2096 -619559.20 -172715.45
V 2104 -619559.20 -172755.45
V 2112 -619658.70 -172755.45
V 2120 -619666.45 -172757.53
V 2128 -619672.12 -172763.20
V 2136 -619674.20 -172770.95
V 2144 -619674.20 -172841.95
V 2152 -619672.12 -172849.70
V 2160 -619666.45 -172855.37
V 2168 -619658.70 -172857.45
V 2176 -619559.20 -172857.45
V 2184 -619559.20 -172897.45
V 2192 -619658.70 -172897.45
V 2200 -619666.45 -172899.53
V 2208 -619672.12 -172905.20
V 2216 -619674.20 -172912.95
V 2224 -619674.20 -172983.95
V 2232 -619672.12 -172991.70
V 2240 -619666.45 -172997.37
V 2248 -619658.70 -172999.45
V 2256 -619559.20 -172999.45
V 2264 -619559.20 -173039.45
V 2272 -619658.70 -173039.45
V 2280 -619666.45 -173041.53
V 2288 -619672.12 -173047.20
V 2296 -619674.20 -173054.95
V 2304 -619674.20 -173125.95
V 2312 -619672.12 -173133.70
V 2320 -619666.45 -173139.37
V 2328 -619658.70 -173141.45
V 2336 -619559.20 -173141.45
V 2344 -619559.20 -173181.45
V 2352 -619658.70 -173181.45
V 2360 -619666.45 -173183.53
V 2368 -619672.12 -173189.20
V 2376 -619674.20 -173196.95
V 2384 -619674.20 -173267.95
V 2392 -619672.12 -173275.70
V 2400 -619666.45 -173281.37
V 2408 -619658.70 -173283.45
V 2416 -619559.20 -173283.45
V 2424 -619559.20 -173323.45
V 2432 -619658.70 -173323.45
V 2440 -619666.45 -173325.53
V 2448 -619672.12 -173331.20
V 2456 -619674.20 -173338.95
V 2464 -619674.20 -173409.95
V 2472 -619672.12 -173417.70
V 2480 -619666.45 -173423.37
V 2488 -619658.70 -173425.45
V 2496 -619559.20 -173425.45
V 2504 -619559.20 -173465.45
V 2512 -619658.70 -173465.45
V 2520 -619666.45 -173467.53
V 2528 -619672.12 -173473.20
V 2536 -619674.20 -173480.95
V 2544 -619674.20 -173551.95
V 2552 -619672.12 -173559.70
V 2560 -619666.45 -173565.37
V 2568 -619658.70 -173567.45
V 2576 -619559.20 -173567.45
V 2584 -619559.20 -173607.45
V 2592 -619658.70 -173607.45
V 2600 -619666.45 -173609.53
V 2608 -619672.12 -173615.20
V 2616 -619674.20 -173622.95
V 2624 -619674.20 -173693.95
V 2632 -619672.12 -173701.70
V 2640 -619666.45 -173707.37
V 2648 -619658.70 -173709.45
V 2656 -619559.20 -173709.45
V 2664 -619559.20 -173749.45
V 2672 -619658.70 -173749.45
V 2680 -619666.45 -173751.53
V 2688 -619672.12 -173757.20
V 2696 -619674.20 -173764.95
V 2704 -619674.20 -173835.95
V 2712 -619672.12 -173843.70
V 2720 -619666.45 -173849.37
V 2728 -619658.70 -173851.45
V 2736 -619559.20 -173851.45
V 2744 -619559.20 -173891.45
V 2752 -619658.70 -173891.45
V 2760 -619666.45 -173893.53
V 2768 -619672.12 -173899.20
V 2776 -619674.20 -173906.95
V 2784 -619674.20 -173977.95
V 2792 -619672.12 -173985.70
V 2800 -619666.45 -173991.37
V 2808 -619658.70 -173993.45
V 2816 -619559.20 -173993.45
V 2824 -619559.20 -174033.45
V 2832 -619658.70 -174033.45
V 2840 -619666.45 -174035.53
V 2848 -619672.12 -174041.20
V 2856 -619674.20 -174048.95
V 2864 -619674.20 -174119.95
V 2872 -619672.12 -174127.70
V 2880 -619666.45 -174133.37
V 2888 -619658.70 -174135.45
V 2896 -619559.20 -174135.45
V 2904 -619559.20 -174175.45
V 2912 -619658.70 -174175.45
V 2920 -619666.45 -174177.53
V 2928 -619672.12 -174183.20
V 2936 -619674.20 -174190.95
V 2944 -619674.20 -174261.95
V 2952 -619672.12 -174269.70
V 2960 -619666.45 -174275.37
V 2968 -619658.70 -174277.45
V 2976 -619559.20 -174277.45
V 2984 -619559.20 -174317.45
V 2992 -619658.70 -174317.45
V 3000 -619666.45 -174319.53
V 3008 -619672.12 -174325.20
V 3016 -619674.20 -174332.95
V 3024 -619674.20 -174403.95
V 3032 -619672.12 -174411.70
V 3040 -619666.45 -174417.37
V 3048 -619658.70 -174419.45
V 3056 -619559.20 -174419.45
V 3064 -619559.20 -174459.45
V 3072 -619658.70 -174459.45
V 3080 -619666.45 -174461.53
V 3088 -619672.12 -174467.20
V 3096 -619674.20 -174474.95
V 3104 -619674.20 -174545.95
V 3112 -619672.12 -174553.70
V 3120 -619666.45 -174559.37
V 3128 -619658.70 -174561.45
V 3136 -619559.20 -174561.45
V 3144 -619559.20 -174601.45
V 3152 -619658.70 -174601.45
V 3160 -619666.45 -174603.53
V 3168 -619672.12 -174609.20
V 3176 -619674.20 -174616.95
V 3184 -619674.20 -174687.95
V 3192 -619672.12 -174695.70
V 3200 -619666.45 -174701.37
V 3208 -619658.70 -174703.45
V 3216 -619559.20 -174703.45
V 3224 -619559.20 -174743.45
V 3232 -619658.70 -174743.45
V 3240 -619666.45 -174745.53
V 3248 -619672.12 -174751.20
V 3256 -619674.20 -174758.95
V 3264 -619674.20 -174829.95
V 3272 -619672.12 -174837.70
V 3280 -619666.45 -174843.37
V 3288 -619658.70 -174845.45
V 3296 -619559.20 -174845.45
V 3304 -619559.20 -174885.45
V 3312 -619658.70 -174885.45
V 3320 -619666.45 -174887.53
V 3328 -619672.12 -174893.20
V 3336 -619674.20 -174900.95
V 3344 -619674.20 -174971.95
V 3352 -619672.12 -174979.70
V 3360 -619666.45 -174985.37
V 3368 -619658.70 -174987.45
V 3376 -619559.20 -174987.45
V 3384 -619559.20 -175027.45
V 3392 -619658.70 -175027.45
V 3400 -619666.45 -175029.53
V 3408 -619672.12 -175035.20
V 3416 -619674.20 -175042.95
V 3424 -619674.20 -175113.95
V 3432 -619672.12 -175121.70
V 3440 -619666.45 -175127.37
V 3448 -619658.70 -175129.45
V 3456 -619559.20 -175129.45
V 3464 -619559.20 -175169.45
V 3472 -619658.70 -175169.45
V 3480 -619666.45 -175171.53
V 3488 -619672.12 -175177.20
V 3496 -619674.20 -175184.95
V 3504 -619674.20 -175255.95
V 3512 -619672.12 -175263.70
V 3520 -619666.45 -175269.37
V 3528 -619658.70 -175271.45
V 3536 -619559.20 -175271.45
V 3544 -619559.20 -175311.45
V 3552 -619658.70 -175311.45
V 3560 -619666.45 -175313.53
V 3568 -619672.12 -175319.20
V 3576 -619674.20 -175326.95
V 3584 -619674.20 -175397.95
V 3592 -619672.12 -175405.70
V 3600 -619666.45 -175411.37
V 3608 -619658.70 -175413.45
V 3616 -619559.20 -175413.45
V 3624 -619559.20 -175453.45
V 3632 -619658.70 -175453.45
V 3640 -619666.45 -175455.53
V 3648 -619672.12 -175461.20
V 3656 -619674.20 -175468.95
V 3664 -619674.20 -175539.95
V 3672 -619672.12 -175547.70
V 3680 -619666.45 -175553.37
V 3688 -619658.70 -175555.45
V 3696 -619559.20 -175555.45
V 3704 -619559.20 -175595.45
V 3712 -619658.70 -175595.45
V 3720 -619666.45 -175597.53
V 3728 -619672.12 -175603.20
V 3736 -619674.20 -175610.95
V 3744 -619674.20 -175681.95
V 3752 -619672.12 -175689.70
V 3760 -619666.45 -175695.37
V 3768 -619658.70 -175697.45
V 3776 -619559.20 -175697.45
V 3784 -619559.20 -175737.45
V 3792 -619658.70 -175737.45
V 3800 -619666.45 -175739.53
V 3808 -619672.12 -175745.20
V 3816 -619674.20 -175752.95
V 3824 -619674.20 -175823.95
V 3832 -619672.12 -175831.70
V 3840 -619666.45 -175837.37
V 3848 -619658.70 -175839.45
V 3856 -619559.20 -175839.45
V 3864 -619559.20 -175879.45
V 3872 -619658.70 -175879.45
V 3880 -619666.45 -175881.53
V 3888 -619672.12 -175887.20
V 3896 -619674.20 -175894.95
V 3904 -619674.20 -175965.95
V 3912 -619672.12 -175973.70
V 3920 -619666.45 -175979.37
V 3928 -619658.70 -175981.45
V 3936 -619559.20 -175981.45
V 3944 -619559.20 -176021.45
V 3952 -619658.70 -176021.45
V 3960 -619666.45 -176023.53
V 3968 -619672.12 -176029.20
V 3976 -619674.20 -176036.95
V 3984 -619674.20 -176107.95
V 3992 -619672.12 -176115.70
V 4000 -619666.45 -176121.37
V 4008 -619658.70 -176123.45
V 4016 -619559.20 -176123.45
V 4024 -619559.20 -176163.45
V 4032 -619658.70 -176163.45
V 4040 -619666.45 -176165.53
V 4048 -619672.12 -176171.20
V 4056 -619674.20 -176178.95
V 4064 -619674.20 -176249.95
V 4072 -619672.12 -176257.70
V 4080 -619666.45 -176263.37
V 4088 -619658.70 -176265.45
V 4096 -619559.20 -176265.45
V 4104 -619559.20 -176305.45
V 4112 -619658.70 -176305.45
V 4120 -619666.45 -176307.53
V 4128 -619672.12 -176313.20
V 4136 -619674.20 -176320.95
V 4144 -619674.20 -176391.95
V 4152 -619672.12 -176399.70
V 4160 -619666.45 -176405.37
V 4168 -619658.70 -176407.45
V 4176 -619559.20 -176407.45
V 4184 -619559.20 -176447.45
V 4192 -619658.70 -176447.45
V 4200 -619666.45 -176449.53
V 4208 -619672.12 -176455.20
V 4216 -619674.20 -176462.95
V 4224 -619674.20 -176533.95
V 4232 -619672.12 -176541.70
V 4240 -619666.45 -176547.37
V 4248 -619658.70 -176549.45
V 4256 -619559.20 -176549.45
V 4264 -619559.20 -176589.45
V 4272 -619658.70 -176589.45
V 4280 -619666.45 -176591.53
V 4288 -619672.12 -176597.20
V 4296 -619674.20 -176604.95
V 4304 -619674.20 -176675.95
V 4312 -619672.12 -176683.70
V 4320 -619666.45 -176689.37
V 4328 -619658.70 -176691.45
V 4336 -619559.20 -176691.45
V 4344 -619559.20 -176731.45
V 4352 -619658.70 -176731.45
V 4360 -619666.45 -176733.53
V 4368 -619672.12 -176739.20
V 4376 -619674.20 -176746.95
V 4384 -619674.20 -176817.95
V 4392 -619672.12 -176825.70
V 4400 -619666.45 -176831.37
V 4408 -619658.70 -176833.45
V 4416 -619559.20 -176833.45
V 4424 -619559.20 -176873.45
V 4432 -619658.70 -176873.45
V 4440 -619666.45 -176875.53
V 4448 -619672.12 -176881.20
V 4456 -619674.20 -176888.95
V 4464 -619674.20 -176959.95
V 4472 -619672.12 -176967.70
V 4480 -619666.45 -176973.37
V 4488 -619658.70 -176975.45
V 4496 -619559.20 -176975.45
V 4504 -619559.20 -177015.45
V 4512 -619658.70 -177015.45
V 4520 -619666.45 -177017.53
V 4528 -619672.12 -177023.20
V 4536 -619674.20 -177030.95
V 4544 -619674.20 -177101.95
V 4552 -619672.12 -177109.70
V 4560 -619666.45 -177115.37
V 4568 -619658.70 -177117.45
V 4576 -619559.20 -177117.45
V 4584 -619559.20 -177157.45
V 4592 -619658.70 -177157.45
V 4600 -619666.45 -177159.53
V 4608 -619672.12 -177165.20
V 4616 -619674.20 -177172.95
V 4624 -619674.20 -177243.95
V 4632 -619672.12 -177251.70
V 4640 -619666.45 -177257.37
V 4648 -619658.70 -177259.45
V 4656 -619559.20 -177259.45
V 4664 -619559.20 -177299.45
V 4672 -619658.70 -177299.45
V 4680 -619666.45 -177301.53
V 4688 -619672.12 -177307.20
V 4696 -619674.20 -177314.95
V 4704 -619674.20 -177385.95
V 4712 -619672.12 -177393.70
V 4720 -619666.45 -177399.37
V 4728 -619658.70 -177401.45
V 4736 -619559.20 -177401.45
V 4744 -619559.20 -177441.45
V 4752 -619658.70 -177441.45
V 4760 -619666.45 -177443.53
V 4768 -619672.12 -177449.20
V 4776 -619674.20 -177456.95
V 4784 -619674.20 -177527.95
V 4792 -619672.12 -177535.70
V 4800 -619666.45 -177541.37
V 4808 -619658.70 -177543.45
V 4816 -619559.20 -177543.45
V 4824 -619559.20 -177583.45
V 4832 -619658.70 -177583.45
V 4840 -619666.45 -177585.53
V 4848 -619672.12 -177591.20
V 4856 -619674.20 -177598.95
V 4864 -619674.20 -177669.95
V 4872 -619672.12 -177677.70
V 4880 -619666.45 -177683.37
V 4888 -619658.70 -177685.45
V 4896 -619559.20 -177685.45
V 4904 -619559.20 -177725.45
V 4912 -619658.70 -177725.45
V 4920 -619666.45 -177727.53
V 4928 -619672.12 -177733.20
V 4936 -619674.20 -177740.95
V 4944 -619674.20 -177811.95
V 4952 -619672.12 -177819.70
V 4960 -619666.45 -177825.37
V 4968 -619658.70 -177827.45
V 4976 -619559.20 -177827.45
V 4984 -619559.20 -177867.45
V 4992 -619658.70 -177867.45
V 5000 -619666.45 -177869.53
V 5008 -619672.12 -177875.20
V 5016 -619674.20 -177882.95
V 5024 -619674.20 -177953.95
V 5032 -619672.12 -177961.70
V 5040 -619666.45 -177967.37
V 5048 -619658.70 -177969.45
V 5056 -619559.20 -177969.45
V 5064 -619559.20 -178009.45
V 5072 -619658.70 -178009.45
V 5080 -619666.45 -178011.53
V 5088 -619672.12 -178017.20
V 5096 -619674.20 -178024.95
V 5104 -619674.20 -178095.95
V 5112 -619672.12 -178103.70
V 5120 -619666.45 -178109.37
V 5128 -619658.70 -178111.45
V 5136 -619559.20 -178111.45
V 5144 -619559.20 -178151.45
V 5152 -619658.70 -178151.45
V 5160 -619666.45 -178153.53
V 5168 -619672.12 -178159.20
V 5176 -619674.20 -178166.95
V 5184 -619674.20 -178237.95
V 5192 -619672.12 -178245.70
V 5200 -619666.45 -178251.37
V 5208 -619658.70 -178253.45
V 5216 -619559.20 -178253.45
V 5224 -619559.20 -178293.45
V 5232 -619658.70 -178293.45
V 5240 -619666.45 -178295.53
V 5248 -619672.12 -178301.20
V 5256 -619674.20 -178308.95
V 5264 -619674.20 -178379.95
V 5272 -619672.12 -178387.70
V 5280 -619666.45 -178393.37
V 5288 -619658.70 -178395.45
V 5296 -619616.70 -178395.45
V 5304 -619616.70 -178404.45
V 5312 -619585.70 -178404.45
V 5320 -619585.70 -178379.95
V 5328 -619585.74 -178378.84
V 5336 -619585.86 -178377.74
V 5344 -619586.05 -178376.66
V 5352 -619586.33 -178375.58
V 5360 -619586.68 -178374.53
V 5368 -619587.10 -178373.51
V 5376 -619587.60 -178372.52
V 5384 -619588.16 -178371.57
V 5392 -619588.79 -178370.66
V 5400 -619589.49 -178369.80
V 5408 -619590.24 -178368.99
V 5416 -619591.05 -178368.24
V 5424 -619591.91 -178367.54
V 5432 -619592.82 -178366.91
V 5440 -619593.77 -178366.35
V 5448 -619594.76 -178365.85
V 5456 -619595.78 -178365.43
V 5464 -619596.83 -178365.08
V 5472 -619597.91 -178364.80
V 5480 -619598.99 -178364.61
V 5488 -619600.09 -178364.49
V 5496 -619601.20 -178364.45
V 5504 -619643.20 -178364.45
V 5512 -619643.20 -178324.45
V 5520 -619543.70 -178324.45
V 5528 -619535.95 -178322.37
V 5536 -619530.28 -178316.70
V 5544 -619528.20 -178308.95
V 5552 -619528.20 -178237.95
V 5560 -619530.28 -178230.20
V 5568 -619535.95 -178224.53
V 5576 -619543.70 -178222.45
V 5584 -619643.20 -178222.45
V 5592 -619643.20 -178182.45
V 5600 -619543.70 -178182.45
V 5608 -619535.95 -178180.37
V 5616 -619530.28 -178174.70
V 5624 -619528.20 -178166.95
V 5632 -619528.20 -178095.95
V 5640 -619530.28 -178088.20
V 5648 -619535.95 -178082.53
V 5656 -619543.70 -178080.45
V 5664 -619643.20 -178080.45
V 5672 -619643.20 -178040.45
V 5680 -619543.70 -178040.45
V 5688 -619535.95 -178038.37
V 5696 -619530.28 -178032.70
V 5704 -619528.20 -178024.95
V 5712 -619528.20 -177953.95
V 5720 -619530.28 -177946.20
V 5728 -619535.95 -177940.53
V 5736 -619543.70 -177938.45
V 5744 -619643.20 -177938.45
V 5752 -619643.20 -177898.45
V 5760 -619543.70 -177898.45
V 5768 -619535.95 -177896.37
V 5776 -619530.28 -177890.70
V 5784 -619528.20 -177882.95
V 5792 -619528.20 -177811.95
V 5800 -619530.28 -177804.20
V 5808 -619535.95 -177798.53
V 5816 -619543.70 -177796.45
V 5824 -619643.20 -177796.45
V 5832 -619643.20 -177756.45
V 5840 -619543.70 -177756.45
V 5848 -619535.95 -177754.37
V 5856 -619530.28 -177748.70
V 5864 -619528.20 -177740.95
V 5872 -619528.20 -177669.95
V 5880 -619530.28 -177662.20
V 5888 -619535.95 -177656.53
V 5896 -619543.70 -177654.45
V 5904 -619643.20 -177654.45
V 5912 -619643.20 -177614.45
V 5920 -619543.70 -177614.45
V 5928 -619535.95 -177612.37
V 5936 -619530.28 -177606.70
V 5944 -619528.20 -177598.95
V 5952 -619528.20 -177527.95
V 5960 -619530.28 -177520.20
V 5968 -619535.95 -177514.53
V 5976 -619543.70 -177512.45
V 5984 -619643.20 -177512.45
V 5992 -619643.20 -177472.45
V 6000 -619543.70 -177472.45
V 6008 -619535.95 -177470.37
V 6016 -619530.28 -177464.70
V 6024 -619528.20 -177456.95
V 6032 -619528.20 -177385.95
V 6040 -619530.28 -177378.20
V 6048 -619535.95 -177372.53
V 6056 -619543.70 -177370.45
V 6064 -619643.20 -177370.45
V 6072 -619643.20 -177330.45
V 6080 -619543.70 -177330.45
V 6088 -619535.95 -177328.37
V 6096 -619530.28 -177322.70
V 6104 -619528.20 -177314.95
V 6112 -619528.20 -177243.95
V 6120 -619530.28 -177236.20
V 6128 -619535.95 -177230.53
V 6136 -619543.70 -177228.45
V 6144 -619643.20 -177228.45
V 6152 -619643.20 -177188.45
V 6160 -619543.70 -177188.45
V 6168 -619535.95 -177186.37
V 6176 -619530.28 -177180.70
V 6184 -619528.20 -177172.95
V 6192 -619528.20 -177101.95
V 6200 -619530.28 -177094.20
V 6208 -619535.95 -177088.53
V 6216 -619543.70 -177086.45
V 6224 -619643.20 -177086.45
V 6232 -619643.20 -177046.45
V 6240 -619543.70 -177046.45
V 6248 -619535.95 -177044.37
V 6256 -619530.28 -177038.70
V 6264 -619528.20 -177030.95
V 6272 -619528.20 -176959.95
V 6280 -619530.28 -176952.20
V 6288 -619535.95 -176946.53
V 6296 -619543.70 -176944.45
V 6304 -619643.20 -176944.45
V 6312 -619643.20 -176904.45
V 6320 -619543.70 -176904.45
V 6328 -619535.95 -176902.37
V 6336 -619530.28 -176896.70
V 6344 -619528.20 -176888.95
V 6352 -619528.20 -176817.95
V 6360 -619530.28 -176810.20
V 6368 -619535.95 -176804.53
V 6376 -619543.70 -176802.45
V 6384 -619643.20 -176802.45
V 6392 -619643.20 -176762.45
V 6400 -619543.70 -176762.45
V 6408 -619535.95 -176760.37
V 6416 -619530.28 -176754.70
V 6424 -619528.20 -176746.95
V 6432 -619528.20 -176675.95
V 6440 -619530.28 -176668.20
V 6448 -619535.95 -176662.53
V 6456 -619543.70 -176660.45
V 6464 -619643.20 -176660.45
V 6472 -619643.20 -176620.45
V 6480 -619543.70 -176620.45
V 6488 -619535.95 -176618.37
V 6496 -619530.28 -176612.70
V 6504 -619528.20 -176604.95
V 6512 -619528.20 -176533.95
V 6520 -619530.28 -176526.20
V 6528 -619535.95 -176520.53
V 6536 -619543.70 -176518.45
V 6544 -619643.20 -176518.45
V 6552 -619643.20 -176478.45
V 6560 -619543.70 -176478.45
V 6568 -619535.95 -176476.37
V 6576 -619530.28 -176470.70
V 6584 -619528.20 -176462.95
V 6592 -619528.20 -176391.95
V 6600 -619530.28 -176384.20
V 6608 -619535.95 -176378.53
V 6616 -619543.70 -176376.45
V 6624 -619643.20 -176376.45
V 6632 -619643.20 -176336.45
V 6640 -619543.70 -176336.45
V 6648 -619535.95 -176334.37
V 6656 -619530.28 -176328.70
V 6664 -619528.20 -176320.95
V 6672 -619528.20 -176249.95
V 6680 -619530.28 -176242.20
V 6688 -619535.95 -176236.53
V 6696 -619543.70 -176234.45
V 6704 -619643.20 -176234.45
V 6712 -619643.20 -176194.45
V 6720 -619543.70 -176194.45
V 6728 -619535.95 -176192.37
V 6736 -619530.28 -176186.70
V 6744 -619528.20 -176178.95
V 6752 -619528.20 -176107.95
V 6760 -619530.28 -176100.20
V 6768 -619535.95 -176094.53
V 6776 -619543.70 -176092.45
V 6784 -619643.20 -176092.45
V 6792 -619643.20 -176052.45
V 6800 -619543.70 -176052.45
V 6808 -619535.95 -176050.37
V 6816 -619530.28 -176044.70
V 6824 -619528.20 -176036.95
V 6832 -619528.20 -175965.95
V 6840 -619530.28 -175958.20
V 6848 -619535.95 -175952.53
V 6856 -619543.70 -175950.45
V 6864 -619643.20 -175950.45
V 6872 -619643.20 -175910.45
V 6880 -619543.70 -175910.45
V 6888 -619535.95 -175908.37
V 6896 -619530.28 -175902.70
V 6904 -619528.20 -175894.95
V 6912 -619528.20 -175823.95
V 6920 -619530.28 -175816.20
V 6928 -619535.95 -175810.53
V 6936 -619543.70 -175808.45
V 6944 -619643.20 -175808.45
V 6952 -619643.20 -175768.45
V 6960 -619543.70 -175768.45
V 6968 -619535.95 -175766.37
V 6976 -619530.28 -175760.70
V 6984 -619528.20 -175752.95
V 6992 -619528.20 -175681.95
V 7000 -619530.28 -175674.20
V 7008 -619535.95 -175668.53
V 7016 -619543.70 -175666.45
V 7024 -619643.20 -175666.45
V 7032 -619643.20 -175626.45
V 7040 -619543.70 -175626.45
V 7048 -619535.95 -175624.37
V 7056 -619530.28 -175618.70
V 7064 -619528.20 -175610.95
V 7072 -619528.20 -175539.95
V 7080 -619530.28 -175532.20
V 7088 -619535.95 -175526.53
V 7096 -619543.70 -175524.45
V 7104 -619643.20 -175524.45
V 7112 -619643.20 -175484.45
V 7120 -619543.70 -175484.45
V 7128 -619535.95 -175482.37
V 7136 -619530.28 -175476.70
V 7144 -619528.20 -175468.95
V 7152 -619528.20 -175397.95
V 7160 -619530.28 -175390.20
V 7168 -619535.95 -175384.53
V 7176 -619543.70 -175382.45
V 7184 -619643.20 -175382.45
V 7192 -619643.20 -175342.45
V 7200 -619543.70 -175342.45
V 7208 -619535.95 -175340.37
V 7216 -619530.28 -175334.70
V 7224 -619528.20 -175326.95
V 7232 -619528.20 -175255.95
V 7240 -619530.28 -175248.20
V 7248 -619535.95 -175242.53
V 7256 -619543.70 -175240.45
V 7264 -619643.20 -175240.45
V 7272 -619643.20 -175200.45
V 7280 -619543.70 -175200.45
V 7288 -619535.95 -175198.37
V 7296 -619530.28 -175192.70
V 7304 -619528.20 -175184.95
V 7312 -619528.20 -175113.95
V 7320 -619530.28 -175106.20
V 7328 -619535.95 -175100.53
V 7336 -619543.70 -175098.45
V 7344 -619643.20 -175098.45
V 7352 -619643.20 -175058.45
V 7360 -619543.70 -175058.45
V 7368 -619535.95 -175056.37
V 7376 -619530.28 -175050.70
V 7384 -619528.20 -175042.95
V 7392 -619528.20 -174971.95
V 7400 -619530.28 -174964.20
V 7408 -619535.95 -174958.53
V 7416 -619543.70 -174956.45
V 7424 -619643.20 -174956.45
V 7432 -619643.20 -174916.45
V 7440 -619543.70 -174916.45
V 7448 -619535.95 -174914.37
V 7456 -619530.28 -174908.70
V 7464 -619528.20 -174900.95
V 7472 -619528.20 -174829.95
V 7480 -619530.28 -174822.20
V 7488 -619535.95 -174816.53
V 7496 -619543.70 -174814.45
V 7504 -619643.20 -174814.45
V 7512 -619643.20 -174774.45
V 7520 -619543.70 -174774.45
V 7528 -619535.95 -174772.37
V 7536 -619530.28 -174766.70
V 7544 -619528.20 -174758.95
V 7552 -619528.20 -174687.95
V 7560 -619530.28 -174680.20
V 7568 -619535.95 -174674.53
V 7576 -619543.70 -174672.45
V 7584 -619643.20 -174672.45
V 7592 -619643.20 -174632.45
V 7600 -619543.70 -174632.45
V 7608 -619535.95 -174630.37
V 7616 -619530.28 -174624.70
V 7624 -619528.20 -174616.95
V 7632 -619528.20 -174545.95
V 7640 -619530.28 -174538.20
V 7648 -619535.95 -174532.53
V 7656 -619543.70 -174530.45
V 7664 -619643.20 -174530.45
V 7672 -619643.20 -174490.45
V 7680 -619543.70 -174490.45
V 7688 -619535.95 -174488.37
V 7696 -619530.28 -174482.70
V 7704 -619528.20 -174474.95
V 7712 -619528.20 -174403.95
V 7720 -619530.28 -174396.20
V 7728 -619535.95 -174390.53
V 7736 -619543.70 -174388.45
V 7744 -619643.20 -174388.45
V 7752 -619643.20 -174348.45
V 7760 -619543.70 -174348.45
V 7768 -619535.95 -174346.37
V 7776 -619530.28 -174340.70
V 7784 -619528.20 -174332.95
V 7792 -619528.20 -174261.95
V 7800 -619530.28 -174254.20
V 7808 -619535.95 -174248.53
V 7816 -619543.70 -174246.45
V 7824 -619643.20 -174246.45
V 7832 -619643.20 -174206.45
V 7840 -619543.70 -174206.45
V 7848 -619535.95 -174204.37
V 7856 -619530.28 -174198.70
V 7864 -619528.20 -174190.95
V 7872 -619528.20 -174119.95
V 7880 -619530.28 -174112.20
V 7888 -619535.95 -174106.53
V 7896 -619543.70 -174104.45
V 7904 -619643.20 -174104.45
V 7912 -619643.20 -174064.45
V 7920 -619543.70 -174064.45
V 7928 -619535.95 -174062.37
V 7936 -619530.28 -174056.70
V 7944 -619528.20 -174048.95
V 7952 -619528.20 -173977.95
V 7960 -619530.28 -173970.20
V 7968 -619535.95 -173964.53
V 7976 -619543.70 -173962.45
V 7984 -619643.20 -173962.45
V 7992 -619643.20 -173922.45
V 8000 -619543.70 -173922.45
V 8008 -619535.95 -173920.37
V 8016 -619530.28 -173914.70
V 8024 -619528.20 -173906.95
V 8032 -619528.20 -173835.95
V 8040 -619530.28 -173828.20
V 8048 -619535.95 -173822.53
V 8056 -619543.70 -173820.45
V 8064 -619643.20 -173820.45
V 8072 -619643.20 -173780.45
V 8080 -619543.70 -173780.45
V 8088 -619535.95 -173778.37
V 8096 -619530.28 -173772.70
V 8104 -619528.20 -173764.95
V 8112 -619528.20 -173693.95
V 8120 -619530.28 -173686.20
V 8128 -619535.95 -173680.53
V 8136 -619543.70 -173678.45
V 8144 -619643.20 -173678.45
V 8152 -619643.20 -173638.45
V 8160 -619543.70 -173638.45
V 8168 -619535.95 -173636.37
V 8176 -619530.28 -173630.70
V 8184 -619528.20 -173622.95
V 8192 -619528.20 -173551.95
V 8200 -619530.28 -173544.20
V 8208 -619535.95 -173538.53
V 8216 -619543.70 -173536.45
V 8224 -619643.20 -173536.45
V 8232 -619643.20 -173496.45
V 8240 -619543.70 -173496.45
V 8248 -619535.95 -173494.37
V 8256 -619530.28 -173488.70
V 8264 -619528.20 -173480.95
V 8272 -619528.20 -173409.95
V 8280 -619530.28 -173402.20
V 8288 -619535.95 -173396.53
V 8296 -619543.70 -173394.45
V 8304 -619643.20 -173394.45
V 8312 -619643.20 -173354.45
V 8320 -619543.70 -173354.45
V 8328 -619535.95 -173352.37
V 8336 -619530.28 -173346.70
V 8344 -619528.20 -173338.95
V 8352 -619528.20 -173267.95
V 8360 -619530.28 -173260.20
V 8368 -619535.95 -173254.53
V 8376 -619543.70 -173252.45
V 8384 -619643.20 -173252.45
V 8392 -619643.20 -173212.45
V 8400 -619543.70 -173212.45
V 8408 -619535.95 -173210.37
V 8416 -619530.28 -173204.70
V 8424 -619528.20 -173196.95
V 8432 -619528.20 -173125.95
V 8440 -619530.28 -173118.20
V 8448 -619535.95 -173112.53
V 8456 -619543.70 -173110.45
V 8464 -619643.20 -173110.45
V 8472 -619643.20 -173070.45
V 8480 -619543.70 -173070.45
V 8488 -619535.95 -173068.37
V 8496 -619530.28 -173062.70
V 8504 -619528.20 -173054.95
V 8512 -619528.20 -172983.95
V 8520 -619530.28 -172976.20
V 8528 -619535.95 -172970.53
V 8536 -619543.70 -172968.45
V 8544 -619643.20 -172968.45
V 8552 -619643.20 -172928.45
V 8560 -619543.70 -172928.45
V 8568 -619535.95 -172926.37
V 8576 -619530.28 -172920.70
V 8584 -619528.20 -172912.95
V 8592 -619528.20 -172841.95
V 8600 -619530.28 -172834.20
V 8608 -619535.95 -172828.53
V 8616 -619543.70 -172826.45
V 8624 -619643.20 -172826.45
V 8632 -619643.20 -172786.45
V 8640 -619543.70 -172786.45
V 8648 -619535.95 -172784.37
V 8656 -619530.28 -172778.70
V 8664 -619528.20 -172770.95
V 8672 -619528.20 -172699.95
V 8680 -619530.28 -172692.20
V 8688 -619535.95 -172686.53
V 8696 -619543.70 -172684.45
V 8704 -619643.20 -172684.45
V 8712 -619643.20 -172644.45
V 8720 -619543.70 -172644.45
V 8728 -619535.95 -172642.37
V 8736 -619530.28 -172636.70
V 8744 -619528.20 -172628.95
V 8752 -619528.20 -172557.95
V 8760 -619530.28 -172550.20
V 8768 -619535.95 -172544.53
V 8776 -619543.70 -172542.45
V 8784 -619643.20 -172542.45
V 8792 -619643.20 -172502.45
V 8800 -619543.70 -172502.45
V 8808 -619535.95 -172500.37
V 8816 -619530.28 -172494.70
V 8824 -619528.20 -172486.95
V 8832 -619528.20 -172415.95
V 8840 -619530.28 -172408.20
V 8848 -619535.95 -172402.53
V 8856 -619543.70 -172400.45
V 8864 -619643.20 -172400.45
V 8872 -619643.20 -172360.45
V 8880 -619543.70 -172360.45
V 8888 -619535.95 -172358.37
V 8896 -619530.28 -172352.70
V 8904 -619528.20 -172344.95
V 8912 -619528.20 -172273.95
V 8920 -619530.28 -172266.20
V 8928 -619535.95 -172260.53
V 8936 -619543.70 -172258.45
V 8944 -619643.20 -172258.45
V 8952 -619643.20 -172218.45
V 8960 -619543.70 -172218.45
V 8968 -619535.95 -172216.37
V 8976 -619530.28 -172210.70
V 8984 -619528.20 -172202.95
V 8992 -619528.20 -172131.95
V 9000 -619530.28 -172124.20
V 9008 -619535.95 -172118.53
V 9016 -619543.70 -172116.45
V 9024 -619643.20 -172116.45
V 9032 -619643.20 -172076.45
V 9040 -619543.70 -172076.45
V 9048 -619535.95 -172074.37
V 9056 -619530.28 -172068.70
V 9064 -619528.20 -172060.95
V 9072 -619528.20 -171989.95
V 9080 -619530.28 -171982.20
V 9088 -619535.95 -171976.53
V 9096 -619543.70 -171974.45
V 9104 -619643.20 -171974.45
V 9112 -619643.20 -171934.45
V 9120 -619543.70 -171934.45
V 9128 -619535.95 -171932.37
V 9136 -619530.28 -171926.70
V 9144 -619528.20 -171918.95
V 9152 -619528.20 -171847.95
V 9160 -619530.28 -171840.20
V 9168 -619535.95 -171834.53
V 9176 -619543.70 -171832.45
V 9184 -619643.20 -171832.45
V 9192 -619643.20 -171792.45
V 9200 -619543.70 -171792.45
V 9208 -619535.95 -171790.37
V 9216 -619530.28 -171784.70
V 9224 -619528.20 -171776.95
V 9232 -619528.20 -171705.95
V 9240 -619530.28 -171698.20
V 9248 -619535.95 -171692.53
V 9256 -619543.70 -171690.45
V 9264 -619643.20 -171690.45
V 9272 -619643.20 -171650.45
V 9280 -619543.70 -171650.45
V 9288 -619535.95 -171648.37
V 9296 -619530.28 -171642.70
V 9304 -619528.20 -171634.95
V 9312 -619528.20 -171563.95
V 9320 -619530.28 -171556.20
V 9328 -619535.95 -171550.53
V 9336 -619543.70 -171548.45
V 9344 -619643.20 -171548.45
V 9352 -619643.20 -171508.45
V 9360 -619543.70 -171508.45
V 9368 -619535.95 -171506.37
V 9376 -619530.28 -171500.70
V 9384 -619528.20 -171492.95
V 9392 -619528.20 -171421.95
V 9400 -619530.28 -171414.20
V 9408 -619535.95 -171408.53
V 9416 -619543.70 -171406.45
V 9424 -619643.20 -171406.45
V 9432 -619643.20 -171366.45
V 9440 -619543.70 -171366.45
V 9448 -619535.95 -171364.37
V 9456 -619530.28 -171358.70
V 9464 -619528.20 -171350.95
V 9472 -619528.20 -171279.95
V 9480 -619530.28 -171272.20
V 9488 -619535.95 -171266.53
V 9496 -619543.70 -171264.45
V 9504 -619643.20 -171264.45
V 9512 -619643.20 -171224.45
V 9520 -619543.70 -171224.45
V 9528 -619535.95 -171222.37
V 9536 -619530.28 -171216.70
V 9544 -619528.20 -171208.95
V 9552 -619528.20 -171137.95
V 9560 -619530.28 -171130.20
V 9568 -619535.95 -171124.53
V 9576 -619543.70 -171122.45
V 9584 -619643.20 -171122.45
V 9592 -619643.20 -171082.45
V 9600 -619543.70 -171082.45
V 9608 -619535.95 -171080.37
V 9616 -619530.28 -171074.70
V 9624 -619528.20 -171066.95
V 9632 -619528.20 -170995.95
V 9640 -619530.28 -170988.20
V 9648 -619535.95 -170982.53
V 9656 -619543.70 -170980.45
V 9664 -619643.20 -170980.45
V 9672 -619643.20 -170940.45
V 9680 -619543.70 -170940.45
V 9688 -619535.95 -170938.37
V 9696 -619530.28 -170932.70
V 9704 -619528.20 -170924.95
V 9712 -619528.20 -170853.95
V 9720 -619530.28 -170846.20
V 9728 -619535.95 -170840.53
V 9736 -619543.70 -170838.45
V 9744 -619643.20 -170838.45
V 9752 -619643.20 -170798.45
V 9760 -619543.70 -170798.45
V 9768 -619535.95 -170796.37
V 9776 -619530.28 -170790.70
V 9784 -619528.20 -170782.95
V 9792 -619528.20 -170711.95
V 9800 -619530.28 -170704.20
V 9808 -619535.95 -170698.53
V 9816 -619543.70 -170696.45
V 9824 -619643.20 -170696.45
V 9832 -619643.20 -170656.45
V 9840 -619543.70 -170656.45
V 9848 -619535.95 -170654.37
V 9856 -619530.28 -170648.70
V 9864 -619528.20 -170640.95
V 9872 -619528.20 -170569.95
V 9880 -619530.28 -170562.20
V 9888 -619535.95 -170556.53
V 9896 -619543.70 -170554.45
V 9904 -619643.20 -170554.45
V 9912 -619643.20 -170514.45
V 9920 -619543.70 -170514.45
V 9928 -619535.95 -170512.37
V 9936 -619530.28 -170506.70
V 9944 -619528.20 -170498.95
V 9952 -619528.20 -170427.95
V 9960 -619530.28 -170420.20
V 9968 -619535.95 -170414.53
V 9976 -619543.70 -170412.45
V 9984 -619643.20 -170412.45
V 9992 -619643.20 -170372.45
V 10000 -619543.70 -170372.45
V 10008 -619535.95 -170370.37
V 10016 -619530.28 -170364.70
V 10024 -619528.20 -170356.95
V 10032 -619528.20 -170285.95
V 10040 -619530.28 -170278.20
V 10048 -619535.95 -170272.53
V 10056 -619543.70 -170270.45
V 10064 -619643.20 -170270.45
V 10072 -619643.20 -170230.45
V 10080 -619543.70 -170230.45
V 10088 -619535.95 -170228.37
V 10096 -619530.28 -170222.70
V 10104 -619528.20 -170214.95
V 10112 -619528.20 -170143.95
V 10120 -619530.28 -170136.20
V 10128 -619535.95 -170130.53
V 10136 -619543.70 -170128.45
V 10144 -619643.20 -170128.45
V 10152 -619643.20 -170088.45
V 10160 -619543.70 -170088.45
V 10168 -619535.95 -170086.37
V 10176 -619530.28 -170080.70
V 10184 -619528.20 -170072.95
V 10192 -619528.20 -170001.95
V 10200 -619530.28 -169994.20
V 10208 -619535.95 -169988.53
V 10216 -619543.70 -169986.45
V 10224 -619643.20 -169986.45
V 10232 -619643.20 -169946.45
V 10240 -619543.70 -169946.45
V 10248 -619535.95 -169944.37
V 10256 -619530.28 -169938.70
V 10264 -619528.20 -169930.95
V 10272 -619528.20 -169859.95
V 10280 -619530.28 -169852.20
V 10288 -619535.95 -169846.53
V 10296 -619543.70 -169844.45
V 10304 -619643.20 -169844.45
V 10312 -619643.20 -169804.45
V 10320 -619543.70 -169804.45
V 10328 -619535.95 -169802.37
V 10336 -619530.28 -169796.70
V 10344 -619528.20 -169788.95
V 10352 -619528.20 -169717.95
V 10360 -619530.28 -169710.20
V 10368 -619535.95 -169704.53
V 10376 -619543.70 -169702.45
V 10384 -619585.70 -169702.45
V 10392 -619585.70 -169593.64
V 10400 -619240.79 -169535.07
V 10408 -618153.42 -169350.44
V 10416 -617690.11 -169271.77
V 10424 -617689.66 -169271.69
V 10432 -617689.53 -169271.66
V 10440 -615779.80 -168947.39
V 10448 -587952.85 -164222.31
V 10456 -587952.81 -164222.31
V 10464 -587952.48 -164222.26
V 10472 -587952.21 -164222.21
V 10480 -587177.78 -164090.71
V 10488 -585864.35 -163867.69
V 10496 -585864.26 -163867.67
V 10504 -585864.19 -163867.66
V 10512 -584469.61 -163630.86
V 10520 -584005.02 -163551.97
V 10528 -583542.69 -163473.47
V 10536 -583542.62 -163473.46
V 10544 -583541.28 -163473.23
V 10552 -583541.21 -163473.21
V 10560 -572501.59 -161598.66
V 10568 -568652.74 -160945.12
V 10576 -567479.40 -160745.88
V 10584 -566350.05 -160554.12
V 10592 -565885.45 -160475.23
V 10600 -565421.48 -160396.44
V 10608 -565421.44 -160396.44
V 10616 -565421.32 -160396.42
V 10624 -565421.28 -160396.41
V 10632 -565155.01 -160351.20
V 10640 -559913.10 -159461.11
V 10648 -558069.17 -159148.01
V 10656 -557406.65 -159035.51
V 10664 -555664.15 -158739.63
V 10672 -555199.56 -158660.74
V 10680 -554735.01 -158581.86
V 10688 -554734.87 -158581.83
V 10696 -554734.84 -158581.83
V 10704 -554734.79 -158581.82
V 10712 -553341.13 -158345.17
V 10720 -552876.54 -158266.29
V 10728 -550321.09 -157832.37
V 10736 -550320.83 -157832.32
V 10744 -549889.91 -157759.15
V 10752 -549888.84 -157758.93
V 10760 -549887.80 -157758.64
V 10768 -549886.77 -157758.27
V 10776 -549885.78 -157757.84
V 10784 -549884.82 -157757.33
V 10792 -549883.89 -157756.76
V 10800 -549883.01 -157756.13
V 10808 -549882.17 -157755.43
V 10816 -549881.39 -157754.68
V 10824 -549880.66 -157753.87
V 10832 -549879.99 -157753.02
V 10840 -549879.38 -157752.12
V 10848 -549878.83 -157751.18
V 10856 -549878.35 -157750.20
V 10864 -549877.94 -157749.20
V 10872 -549877.61 -157748.16
V 10880 -549877.34 -157747.11
V 10888 -549877.15 -157746.04
V 10896 -549877.04 -157744.96
V 10904 -549877.00 -157743.87
V 10912 -549877.00 -157719.35
