V 0 -453352.00 -157719.35
V 8 -453352.00 -157730.78
V 16 -453538.09 -157762.38
V 24 -456239.18 -158221.03
V 32 -456394.29 -158247.37
V 40 -460042.55 -158866.85
V 48 -460507.15 -158945.74
V 56 -460739.46 -158985.19
V 64 -461204.05 -159064.08
V 72 -463895.26 -159521.05
V 80 -463918.10 -159524.93
V 88 -471811.35 -160865.22
V 96 -471850.56 -160871.88
V 104 -475596.67 -161507.97
V 112 -476768.91 -161707.03
V 120 -476768.95 -161707.03
V 128 -476769.37 -161707.10
V 136 -476769.41 -161707.11
V 144 -478625.07 -162022.20
V 152 -478625.17 -162022.21
V 160 -478627.38 -162022.59
V 168 -478627.47 -162022.61
V 176 -481311.78 -162478.41
V 184 -481666.09 -162538.57
V 192 -482515.39 -162682.79
V 200 -485271.19 -163150.73
V 208 -485464.23 -163183.51
V 216 -493261.11 -164507.44
V 224 -493261.15 -164507.44
V 232 -493262.11 -164507.60
V 240 -493262.15 -164507.61
V 248 -497435.41 -165216.24
V 256 -498835.70 -165454.01
V 264 -498835.80 -165454.02
V 272 -498836.44 -165454.13
V 280 -498836.53 -165454.15
V 288 -512780.89 -167821.93
V 296 -512785.08 -167822.64
V 304 -521834.90 -169359.32
V 312 -526480.05 -170148.08
V 320 -526480.13 -170148.09
V 328 -526481.35 -170148.29
V 336 -526481.45 -170148.31
V 344 -531823.71 -171055.44
V 352 -531824.19 -171055.53
V 360 -552034.37 -174487.25
V 368 -552034.90 -174487.35
V 376 -555154.35 -175017.03
V 384 -556983.79 -175327.68
V 392 -556990.40 -175330.49
V 400 -556995.04 -175335.97
V 408 -556996.70 -175342.96
V 416 -556996.70 -175453.45
V 424 -557038.70 -175453.45
V 432 -557046.45 -175455.53
V 440 -557052.12 -175461.20
V 448 -557054.20 -175468.95
V 456 -557054.20 -175539.95
V 464 -557052.12 -175547.70
V 472 -557046.45 -175553.37
V 480 -557038.70 -175555.45
V 488 -556939.20 -175555.45
V 496 -556939.20 -175595.45
V 504 -557038.70 -175595.45
V 512 -557046.45 -175597.53
V 520 -557052.12 -175603.20
V 528 -557054.20 -175610.95
V 536 -557054.20 -175681.95
V 544 -557052.12 -175689.70
V 552 -557046.45 -175695.37
V 560 -557038.70 -175697.45
V 568 -556939.20 -175697.45
V 576 -556939.20 -175737.45
V 584 -557038.70 -175737.45
V 592 -557046.45 -175739.53
V 600 -557052.12 -175745.20
V 608 -557054.20 -175752.95
V 616 -557054.20 -175823.95
V 624 -557052.12 -175831.70
V 632 -557046.45 -175837.37
V 640 -557038.70 -175839.45
V 648 -556939.20 -175839.45
V 656 -556939.20 -175879.45
V 664 -557038.70 -175879.45
V 672 -557046.45 -175881.53
V 680 -557052.12 -175887.20
V 688 -557054.20 -175894.95
V 696 -557054.20 -175965.95
V 704 -557052.12 -175973.70
V 712 -557046.45 -175979.37
V 720 -557038.70 -175981.45
V 728 -556939.20 -175981.45
V 736 -556939.20 -176021.45
V 744 -557038.70 -176021.45
V 752 -557046.45 -176023.53
V 760 -557052.12 -176029.20
V 768 -557054.20 -176036.95
V 776 -557054.20 -176107.95
V 784 -557052.12 -176115.70
V 792 -557046.45 -176121.37
V 800 -557038.70 -176123.45
V 808 -556939.20 -176123.45
V 816 -556939.20 -176163.45
V 824 -557038.70 -176163.45
V 832 -557046.45 -176165.53
V 840 -557052.12 -176171.20
V 848 -557054.20 -176178.95
V 856 -557054.20 -176249.95
V 864 -557052.12 -176257.70
V 872 -557046.45 -176263.37
V 880 -557038.70 -176265.45
V 888 -556939.20 -176265.45
V 896 -556939.20 -176305.45
V 904 -557038.70 -176305.45
V 912 -557046.45 -176307.53
V 920 -557052.12 -176313.20
V 928 -557054.20 -176320.95
V 936 -557054.20 -176391.95
V 944 -557052.12 -176399.70
V 952 -557046.45 -176405.37
V 960 -557038.70 -176407.45
V 968 -556939.20 -176407.45
V 976 -556939.20 -176447.45
V 984 -557038.70 -176447.45
V 992 -557046.45 -176449.53
V 1000 -557052.12 -176455.20
V 1008 -557054.20 -176462.95
V 1016 -557054.20 -176533.95
V 1024 -557052.12 -176541.70
V 1032 -557046.45 -176547.37
V 1040 -557038.70 -176549.45
V 1048 -556939.20 -176549.45
V 1056 -556939.20 -176589.45
V 1064 -557038.70 -176589.45
V 1072 -557046.45 -176591.53
V 1080 -557052.12 -176597.20
V 1088 -557054.20 -176604.95
V 1096 -557054.20 -176675.95
V 1104 -557052.12 -176683.70
V 1112 -557046.45 -176689.37
V 1120 -557038.70 -176691.45
V 1128 -556939.20 -176691.45
V 1136 -556939.20 -176731.45
V 1144 -557038.70 -176731.45
V 1152 -557046.45 -176733.53
V 1160 -557052.12 -176739.20
V 1168 -557054.20 -176746.95
V 1176 -557054.20 -176817.95
V 1184 -557052.12 -176825.70
V 1192 -557046.45 -176831.37
V 1200 -557038.70 -176833.45
V 1208 -556939.20 -176833.45
V 1216 -556939.20 -176873.45
V 1224 -557038.70 -176873.45
V 1232 -557046.45 -176875.53
V 1240 -557052.12 -176881.20
V 1248 -557054.20 -176888.95
V 1256 -557054.20 -176959.95
V 1264 -557052.12 -176967.70
V 1272 -557046.45 -176973.37
V 1280 -557038.70 -176975.45
V 1288 -556939.20 -176975.45
V 1296 -556939.20 -177015.45
V 1304 -557038.70 -177015.45
V 1312 -557046.45 -177017.53
V 1320 -557052.12 -177023.20
V 1328 -557054.20 -177030.95
V 1336 -557054.20 -177101.95
V 1344 -557052.12 -177109.70
V 1352 -557046.45 -177115.37
V 1360 -557038.70 -177117.45
V 1368 -556939.20 -177117.45
V 1376 -556939.20 -177157.45
V 1384 -557038.70 -177157.45
V 1392 -557046.45 -177159.53
V 1400 -557052.12 -177165.20
V 1408 -557054.20 -177172.95
V 1416 -557054.20 -177243.95
V 1424 -557052.12 -177251.70
V 1432 -557046.45 -177257.37
V 1440 -557038.70 -177259.45
V 1448 -556939.20 -177259.45
V 1456 -556939.20 -177299.45
V 1464 -557038.70 -177299.45
V 1472 -557046.45 -177301.53
V 1480 -557052.12 -177307.20
V 1488 -557054.20 -177314.95
V 1496 -557054.20 -177385.95
V 1504 -557052.12 -177393.70
V 1512 -557046.45 -177399.37
V 1520 -557038.70 -177401.45
V 1528 -556939.20 -177401.45
V 1536 -556939.20 -177441.45
V 1544 -557038.70 -177441.45
V 1552 -557046.45 -177443.53
V 1560 -557052.12 -177449.20
V 1568 -557054.20 -177456.95
V 1576 -557054.20 -177527.95
V 1584 -557052.12 -177535.70
V 1592 -557046.45 -177541.37
V 1600 -557038.70 -177543.45
V 1608 -556939.20 -177543.45
V 1616 -556939.20 -177583.45
V 1624 -557038.70 -177583.45
V 1632 -557046.45 -177585.53
V 1640 -557052.12 -177591.20
V 1648 -557054.20 -177598.95
V 1656 -557054.20 -177669.95
V 1664 -557052.12 -177677.70
V 1672 -557046.45 -177683.37
V 1680 -557038.70 -177685.45
V 1688 -556939.20 -177685.45
V 1696 -556939.20 -177725.45
V 1704 -557038.70 -177725.45
V 1712 -557046.45 -177727.53
V 1720 -557052.12 -177733.20
V 1728 -557054.20 -177740.95
V 1736 -557054.20 -177811.95
V 1744 -557052.12 -177819.70
V 1752 -557046.45 -177825.37
V 1760 -557038.70 -177827.45
V 1768 -556939.20 -177827.45
V 1776 -556939.20 -177867.45
V 1784 -557038.70 -177867.45
V 1792 -557046.45 -177869.53
V 1800 -557052.12 -177875.20
V 1808 -557054.20 -177882.95
V 1816 -557054.20 -177953.95
V 1824 -557052.12 -177961.70
V 1832 -557046.45 -177967.37
V 1840 -557038.70 -177969.45
V 1848 -556939.20 -177969.45
V 1856 -556939.20 -178009.45
V 1864 -557038.70 -178009.45
V 1872 -557046.45 -178011.53
V 1880 -557052.12 -178017.20
V 1888 -557054.20 -178024.95
V 1896 -557054.20 -178095.95
V 1904 -557052.12 -178103.70
V 1912 -557046.45 -178109.37
V 1920 -557038.70 -178111.45
V 1928 -556939.20 -178111.45
V 1936 -556939.20 -178151.45
V 1944 -557038.70 -178151.45
V 1952 -557046.45 -178153.53
V 1960 -557052.12 -178159.20
V 1968 -557054.20 -178166.95
V 1976 -557054.20 -178237.95
V 1984 -557052.12 -178245.70
V 1992 -557046.45 -178251.37
V 2000 -557038.70 -178253.45
V 2008 -556939.20 -178253.45
V 2016 -556939.20 -178293.45
V 2024 -557038.70 -178293.45
V 2032 -557046.45 -178295.53
V 2040 -557052.12 -178301.20
V 2048 -557054.20 -178308.95
V 2056 -557054.20 -178379.95
V 2064 -557052.12 -178387.70
V 2072 -557046.45 -178393.37
V 2080 -557038.70 -178395.45
V 2088 -556996.70 -178395.45
V 2096 -556996.70 -178404.45
V 2104 -556965.70 -178404.45
V 2112 -556965.70 -178379.95
V 2120 -556965.74 -178378.84
V 2128 -556965.86 -178377.74
V 2136 -556966.05 -178376.66
V 2144 -556966.33 -178375.58
V 2152 -556966.68 -178374.53
V 2160 -556967.10 -178373.51
V 2168 -556967.60 -178372.52
V 2176 -556968.16 -178371.57
V 2184 -556968.79 -178370.66
V 2192 -556969.49 -178369.80
V 2200 -556970.24 -178368.99
V 2208 -556971.05 -178368.24
V 2216 -556971.91 -178367.54
V 2224 -556972.82 -178366.91
V 2232 -556973.77 -178366.35
V 2240 -556974.76 -178365.85
V 2248 -556975.78 -178365.43
V 2256 -556976.83 -178365.08
V 2264 -556977.91 -178364.80
V 2272 -556978.99 -178364.61
V 2280 -556980.09 -178364.49
V 2288 -556981.20 -178364.45
V 2296 -557023.20 -178364.45
V 2304 -557023.20 -178324.45
V 2312 -556923.70 -178324.45
V 2320 -556915.95 -178322.37
V 2328 -556910.28 -178316.70
V 2336 -556908.20 -178308.95
V 2344 -556908.20 -178237.95
V 2352 -556910.28 -178230.20
V 2360 -556915.95 -178224.53
V 2368 -556923.70 -178222.45
V 2376 -557023.20 -178222.45
V 2384 -557023.20 -178182.45
V 2392 -556923.70 -178182.45
V 2400 -556915.95 -178180.37
V 2408 -556910.28 -178174.70
V 2416 -556908.20 -178166.95
V 2424 -556908.20 -178095.95
V 2432 -556910.28 -178088.20
V 2440 -556915.95 -178082.53
V 2448 -556923.70 -178080.45
V 2456 -557023.20 -178080.45
V 2464 -557023.20 -178040.45
V 2472 -556923.70 -178040.45
V 2480 -556915.95 -178038.37
V 2488 -556910.28 -178032.70
V 2496 -556908.20 -178024.95
V 2504 -556908.20 -177953.95
V 2512 -556910.28 -177946.20
V 2520 -556915.95 -177940.53
V 2528 -556923.70 -177938.45
V 2536 -557023.20 -177938.45
V 2544 -557023.20 -177898.45
V 2552 -556923.70 -177898.45
V 2560 -556915.95 -177896.37
V 2568 -556910.28 -177890.70
V 2576 -556908.20 -177882.95
V 2584 -556908.20 -177811.95
V 2592 -556910.28 -177804.20
V 2600 -556915.95 -177798.53
V 2608 -556923.70 -177796.45
V 2616 -557023.20 -177796.45
V 2624 -557023.20 -177756.45
V 2632 -556923.70 -177756.45
V 2640 -556915.95 -177754.37
V 2648 -556910.28 -177748.70
V 2656 -556908.20 -177740.95
V 2664 -556908.20 -177669.95
V 2672 -556910.28 -177662.20
V 2680 -556915.95 -177656.53
V 2688 -556923.70 -177654.45
V 2696 -557023.20 -177654.45
V 2704 -557023.20 -177614.45
V 2712 -556923.70 -177614.45
V 2720 -556915.95 -177612.37
V 2728 -556910.28 -177606.70
V 2736 -556908.20 -177598.95
V 2744 -556908.20 -177527.95
V 2752 -556910.28 -177520.20
V 2760 -556915.95 -177514.53
V 2768 -556923.70 -177512.45
V 2776 -557023.20 -177512.45
V 2784 -557023.20 -177472.45
V 2792 -556923.70 -177472.45
V 2800 -556915.95 -177470.37
V 2808 -556910.28 -177464.70
V 2816 -556908.20 -177456.95
V 2824 -556908.20 -177385.95
V 2832 -556910.28 -177378.20
V 2840 -556915.95 -177372.53
V 2848 -556923.70 -177370.45
V 2856 -557023.20 -177370.45
V 2864 -557023.20 -177330.45
V 2872 -556923.70 -177330.45
V 2880 -556915.95 -177328.37
V 2888 -556910.28 -177322.70
V 2896 -556908.20 -177314.95
V 2904 -556908.20 -177243.95
V 2912 -556910.28 -177236.20
V 2920 -556915.95 -177230.53
V 2928 -556923.70 -177228.45
V 2936 -557023.20 -177228.45
V 2944 -557023.20 -177188.45
V 2952 -556923.70 -177188.45
V 2960 -556915.95 -177186.37
V 2968 -556910.28 -177180.70
V 2976 -556908.20 -177172.95
V 2984 -556908.20 -177101.95
V 2992 -556910.28 -177094.20
V 3000 -556915.95 -177088.53
V 3008 -556923.70 -177086.45
V 3016 -557023.20 -177086.45
V 3024 -557023.20 -177046.45
V 3032 -556923.70 -177046.45
V 3040 -556915.95 -177044.37
V 3048 -556910.28 -177038.70
V 3056 -556908.20 -177030.95
V 3064 -556908.20 -176959.95
V 3072 -556910.28 -176952.20
V 3080 -556915.95 -176946.53
V 3088 -556923.70 -176944.45
V 3096 -557023.20 -176944.45
V 3104 -557023.20 -176904.45
V 3112 -556923.70 -176904.45
V 3120 -556915.95 -176902.37
V 3128 -556910.28 -176896.70
V 3136 -556908.20 -176888.95
V 3144 -556908.20 -176817.95
V 3152 -556910.28 -176810.20
V 3160 -556915.95 -176804.53
V 3168 -556923.70 -176802.45
V 3176 -557023.20 -176802.45
V 3184 -557023.20 -176762.45
V 3192 -556923.70 -176762.45
V 3200 -556915.95 -176760.37
V 3208 -556910.28 -176754.70
V 3216 -556908.20 -176746.95
V 3224 -556908.20 -176675.95
V 3232 -556910.28 -176668.20
V 3240 -556915.95 -176662.53
V 3248 -556923.70 -176660.45
V 3256 -557023.20 -176660.45
V 3264 -557023.20 -176620.45
V 3272 -556923.70 -176620.45
V 3280 -556915.95 -176618.37
V 3288 -556910.28 -176612.70
V 3296 -556908.20 -176604.95
V 3304 -556908.20 -176533.95
V 3312 -556910.28 -176526.20
V 3320 -556915.95 -176520.53
V 3328 -556923.70 -176518.45
V 3336 -557023.20 -176518.45
V 3344 -557023.20 -176478.45
V 3352 -556923.70 -176478.45
V 3360 -556915.95 -176476.37
V 3368 -556910.28 -176470.70
V 3376 -556908.20 -176462.95
V 3384 -556908.20 -176391.95
V 3392 -556910.28 -176384.20
V 3400 -556915.95 -176378.53
V 3408 -556923.70 -176376.45
V 3416 -557023.20 -176376.45
V 3424 -557023.20 -176336.45
V 3432 -556923.70 -176336.45
V 3440 -556915.95 -176334.37
V 3448 -556910.28 -176328.70
V 3456 -556908.20 -176320.95
V 3464 -556908.20 -176249.95
V 3472 -556910.28 -176242.20
V 3480 -556915.95 -176236.53
V 3488 -556923.70 -176234.45
V 3496 -557023.20 -176234.45
V 3504 -557023.20 -176194.45
V 3512 -556923.70 -176194.45
V 3520 -556915.95 -176192.37
V 3528 -556910.28 -176186.70
V 3536 -556908.20 -176178.95
V 3544 -556908.20 -176107.95
V 3552 -556910.28 -176100.20
V 3560 -556915.95 -176094.53
V 3568 -556923.70 -176092.45
V 3576 -557023.20 -176092.45
V 3584 -557023.20 -176052.45
V 3592 -556923.70 -176052.45
V 3600 -556915.95 -176050.37
V 3608 -556910.28 -176044.70
V 3616 -556908.20 -176036.95
V 3624 -556908.20 -175965.95
V 3632 -556910.28 -175958.20
V 3640 -556915.95 -175952.53
V 3648 -556923.70 -175950.45
V 3656 -557023.20 -175950.45
V 3664 -557023.20 -175910.45
V 3672 -556923.70 -175910.45
V 3680 -556915.95 -175908.37
V 3688 -556910.28 -175902.70
V 3696 -556908.20 -175894.95
V 3704 -556908.20 -175823.95
V 3712 -556910.28 -175816.20
V 3720 -556915.95 -175810.53
V 3728 -556923.70 -175808.45
V 3736 -557023.20 -175808.45
V 3744 -557023.20 -175768.45
V 3752 -556923.70 -175768.45
V 3760 -556915.95 -175766.37
V 3768 -556910.28 -175760.70
V 3776 -556908.20 -175752.95
V 3784 -556908.20 -175681.95
V 3792 -556910.28 -175674.20
V 3800 -556915.95 -175668.53
V 3808 -556923.70 -175666.45
V 3816 -557023.20 -175666.45
V 3824 -557023.20 -175626.45
V 3832 -556923.70 -175626.45
V 3840 -556915.95 -175624.37
V 3848 -556910.28 -175618.70
V 3856 -556908.20 -175610.95
V 3864 -556908.20 -175539.95
V 3872 -556910.28 -175532.20
V 3880 -556915.95 -175526.53
V 3888 -556923.70 -175524.45
V 3896 -557023.20 -175524.45
V 3904 -557023.20 -175484.45
V 3912 -556981.20 -175484.45
V 3920 -556973.45 -175482.37
V 3928 -556967.78 -175476.70
V 3936 -556965.70 -175468.95
V 3944 -556965.70 -175356.05
V 3952 -555149.17 -175047.59
V 3960 -552029.67 -174517.90
V 3968 -552029.24 -174517.82
V 3976 -552029.14 -174517.80
V 3984 -531818.61 -171086.02
V 3992 -531818.13 -171085.93
V 4000 -526476.41 -170178.90
V 4008 -526476.33 -170178.89
V 4016 -526475.11 -170178.69
V 4024 -526475.01 -170178.67
V 4032 -521829.72 -169389.88
V 4040 -512779.90 -167853.20
V 4048 -512775.71 -167852.49
V 4056 -498831.28 -165484.70
V 4064 -498831.18 -165484.69
V 4072 -498830.54 -165484.58
V 4080 -498830.45 -165484.56
V 4088 -497430.23 -165246.80
V 4096 -493257.05 -164538.18
V 4104 -493257.01 -164538.18
V 4112 -493256.05 -164538.02
V 4120 -493256.01 -164538.01
V 4128 -485459.05 -163214.07
V 4136 -485266.01 -163181.29
V 4144 -482510.21 -162713.35
V 4152 -481660.91 -162569.13
V 4160 -481306.60 -162508.97
V 4168 -478622.22 -162053.16
V 4176 -478622.12 -162053.15
V 4184 -478619.91 -162052.77
V 4192 -478619.82 -162052.75
V 4200 -476764.31 -161737.68
V 4208 -476764.27 -161737.68
V 4216 -476763.85 -161737.61
V 4224 -476763.81 -161737.60
V 4232 -475591.49 -161538.53
V 4240 -471845.36 -160902.44
V 4248 -471806.15 -160895.78
V 4256 -465109.96 -159758.75
V 4264 -463912.90 -159555.49
V 4272 -463890.06 -159551.61
V 4280 -460734.26 -159015.75
V 4288 -460501.95 -158976.30
V 4296 -460037.37 -158897.41
V 4304 -456389.11 -158277.93
V 4312 -456234.00 -158251.59
V 4320 -453333.91 -157759.15
V 4328 -453332.84 -157758.93
V 4336 -453331.80 -157758.64
V 4344 -453330.77 -157758.27
V 4352 -453329.78 -157757.84
V 4360 -453328.82 -157757.33
V 4368 -453327.89 -157756.76
V 4376 -453327.01 -157756.13
V 4384 -453326.17 -157755.43
V 4392 -453325.39 -157754.68
V 4400 -453324.66 -157753.87
V 4408 -453323.99 -157753.02
V 4416 -453323.38 -157752.12
V 4424 -453322.83 -157751.18
V 4432 -453322.35 -157750.20
V 4440 -453321.94 -157749.20
V 4448 -453321.61 -157748.16
V 4456 -453321.34 -157747.11
V 4464 -453321.15 -157746.04
V 4472 -453321.04 -157744.96
V 4480 -453321.00 -157743.87
V 4488 -453321.00 -157719.35
