V 0 1085836.72 -16436.88
V 8 1085831.59 -16380.43
V 16 1085831.59 -16380.37
V 24 1085831.58 -16380.26
V 32 1085825.52 -16334.90
V 40 1085825.51 -16334.87
V 48 1085823.40 -16316.71
V 56 1085823.15 -16316.03
V 64 1085822.61 -16315.55
V 72 1085821.91 -16315.38
V 80 1085735.66 -16315.38
V 88 1085735.66 -16318.38
V 96 1085820.57 -16318.38
V 104 1085822.53 -16335.19
V 112 1085822.54 -16335.30
V 120 1085828.60 -16380.66
V 128 1085833.86 -16438.52
V 136 1085834.10 -16439.21
V 144 1085834.64 -16439.70
V 152 1085835.35 -16439.88
V 160 1085839.86 -16439.88
V 168 1085839.86 -16436.88
