V 0 1085836.72 -48925.38
V 8 1085831.59 -48868.93
V 16 1085831.59 -48868.87
V 24 1085831.58 -48868.76
V 32 1085825.52 -48823.40
V 40 1085825.51 -48823.37
V 48 1085823.40 -48805.21
V 56 1085823.15 -48804.53
V 64 1085822.61 -48804.05
V 72 1085821.91 -48803.88
V 80 1085735.66 -48803.88
V 88 1085735.66 -48806.88
V 96 1085820.57 -48806.88
V 104 1085822.53 -48823.69
V 112 1085822.54 -48823.80
V 120 1085828.60 -48869.16
V 128 1085833.86 -48927.02
V 136 1085834.10 -48927.71
V 144 1085834.64 -48928.20
V 152 1085835.35 -48928.38
V 160 1085839.86 -48928.38
V 168 1085839.86 -48925.38
