V 0 -683953.31 -203654.39
V 8 -683956.95 -203649.35
V 16 -683962.33 -203646.22
V 24 -685145.90 -203256.82
V 32 -687801.43 -202124.19
V 40 -689152.53 -201402.00
V 48 -689559.98 -201076.79
V 56 -689560.10 -201076.69
V 64 -689560.53 -201076.37
V 72 -689560.97 -201076.05
V 80 -689561.83 -201075.51
V 88 -689561.86 -201075.50
V 96 -689561.92 -201075.46
V 104 -690851.81 -200324.46
V 112 -691135.07 -200099.97
V 120 -691135.11 -200099.95
V 128 -691135.53 -200099.63
V 136 -691135.97 -200099.31
V 144 -691136.83 -200098.77
V 152 -691136.86 -200098.76
V 160 -691136.92 -200098.72
V 168 -692439.81 -199340.02
V 176 -692723.24 -199115.39
V 184 -692723.28 -199115.37
V 192 -692723.70 -199115.05
V 200 -692724.14 -199114.73
V 208 -692725.00 -199114.19
V 216 -692725.03 -199114.18
V 224 -692725.09 -199114.14
V 232 -694027.44 -198355.76
V 240 -694310.99 -198131.04
V 248 -694311.03 -198131.02
V 256 -694311.45 -198130.70
V 264 -694311.89 -198130.38
V 272 -694312.75 -198129.84
V 280 -694312.78 -198129.83
V 288 -694312.84 -198129.79
V 296 -696282.75 -196982.67
V 304 -697050.62 -196098.67
V 312 -697050.84 -196098.40
V 320 -697051.21 -196098.00
V 328 -697051.59 -196097.62
V 336 -697051.98 -196097.25
V 344 -697052.01 -196097.22
V 352 -698098.07 -195146.31
V 360 -698255.74 -194935.71
V 368 -698255.76 -194935.69
V 376 -698255.81 -194935.62
V 384 -698256.14 -194935.20
V 392 -698256.49 -194934.78
V 400 -698256.86 -194934.38
V 408 -698257.24 -194934.00
V 416 -698257.63 -194933.63
V 424 -698257.68 -194933.58
V 432 -699083.84 -194185.07
V 440 -699245.46 -193969.11
V 448 -699245.48 -193969.09
V 456 -699245.53 -193969.02
V 464 -699245.86 -193968.60
V 472 -699246.21 -193968.18
V 480 -699246.58 -193967.78
V 488 -699246.96 -193967.40
V 496 -699247.35 -193967.03
V 504 -699247.40 -193966.98
V 512 -700072.96 -193219.01
V 520 -700234.60 -193003.03
V 528 -700234.62 -193003.01
V 536 -700234.67 -193002.94
V 544 -700235.00 -193002.52
V 552 -700235.35 -193002.10
V 560 -700235.72 -193001.70
V 568 -700236.10 -193001.32
V 576 -700236.49 -193000.95
V 584 -700236.54 -193000.90
V 592 -701062.22 -192252.83
V 600 -701223.97 -192036.68
V 608 -701223.99 -192036.66
V 616 -701224.04 -192036.59
V 624 -701224.37 -192036.17
V 632 -701224.72 -192035.75
V 640 -701225.09 -192035.35
V 648 -701225.47 -192034.97
V 656 -701225.86 -192034.60
V 664 -701225.91 -192034.55
V 672 -702051.39 -191286.66
V 680 -702213.10 -191070.59
V 688 -702213.12 -191070.57
V 696 -702213.17 -191070.50
V 704 -702213.50 -191070.08
V 712 -702213.85 -191069.66
V 720 -702214.22 -191069.26
V 728 -702214.60 -191068.88
V 736 -702214.99 -191068.51
V 744 -702215.04 -191068.46
V 752 -703197.95 -190177.93
V 760 -703779.99 -189301.87
V 768 -703780.30 -189301.42
V 776 -704725.44 -187986.04
V 784 -704806.00 -187794.24
V 792 -704806.02 -187794.20
V 800 -704806.22 -187793.75
V 808 -704806.45 -187793.26
V 816 -704806.71 -187792.79
V 824 -704806.98 -187792.32
V 832 -704807.26 -187791.86
V 840 -704807.57 -187791.41
V 848 -704807.66 -187791.29
V 856 -704807.68 -187791.25
V 864 -705341.32 -187054.65
V 872 -705427.50 -186849.34
V 880 -705427.52 -186849.30
V 888 -705427.72 -186848.85
V 896 -705427.95 -186848.36
V 904 -705428.21 -186847.89
V 912 -705428.48 -186847.42
V 920 -705428.76 -186846.96
V 928 -705429.07 -186846.51
V 936 -705429.16 -186846.39
V 944 -705429.18 -186846.35
V 952 -705962.41 -186110.35
V 960 -706048.58 -185905.01
V 968 -706048.80 -185904.51
V 976 -706049.03 -185904.02
V 984 -706049.29 -185903.55
V 992 -706049.56 -185903.08
V 1000 -706049.84 -185902.62
V 1008 -706050.15 -185902.17
V 1016 -706050.24 -185902.05
V 1024 -706050.26 -185902.01
V 1032 -706583.39 -185166.15
V 1040 -706669.57 -184960.80
V 1048 -706669.79 -184960.30
V 1056 -706670.02 -184959.81
V 1064 -706670.28 -184959.34
V 1072 -706670.55 -184958.87
V 1080 -706670.83 -184958.41
V 1088 -706671.14 -184957.96
V 1096 -706671.23 -184957.84
V 1104 -706671.25 -184957.80
V 1112 -707204.38 -184221.94
V 1120 -707290.55 -184016.59
V 1128 -707290.77 -184016.09
V 1136 -707291.00 -184015.60
V 1144 -707291.26 -184015.13
V 1152 -707291.53 -184014.66
V 1160 -707291.81 -184014.20
V 1168 -707292.12 -184013.75
V 1176 -707292.21 -184013.63
V 1184 -707292.23 -184013.59
V 1192 -707825.37 -183277.73
V 1200 -707911.54 -183072.39
V 1208 -707911.76 -183071.89
V 1216 -707911.99 -183071.40
V 1224 -707912.25 -183070.93
V 1232 -707912.52 -183070.46
V 1240 -707912.80 -183070.00
V 1248 -707913.11 -183069.55
V 1256 -707913.20 -183069.43
V 1264 -707913.22 -183069.39
V 1272 -708283.70 -182558.03
V 1280 -709492.43 -180296.66
V 1288 -709563.54 -179870.40
V 1296 -709563.55 -179870.36
V 1304 -709563.58 -179870.18
V 1312 -709563.69 -179869.65
V 1320 -709563.82 -179869.12
V 1328 -709563.96 -179868.60
V 1336 -709564.13 -179868.08
V 1344 -709564.31 -179867.57
V 1352 -709564.51 -179867.07
V 1360 -709564.64 -179866.78
V 1368 -709564.65 -179866.74
V 1376 -709885.49 -179149.68
V 1384 -709918.16 -178956.17
V 1392 -709918.19 -178955.99
V 1400 -709918.30 -178955.46
V 1408 -709918.43 -178954.93
V 1416 -709918.57 -178954.41
V 1424 -709918.74 -178953.89
V 1432 -709918.92 -178953.38
V 1440 -709919.12 -178952.88
V 1448 -709919.25 -178952.59
V 1456 -709919.26 -178952.55
V 1464 -710242.75 -178229.52
V 1472 -710275.39 -178036.16
V 1480 -710275.42 -178035.98
V 1488 -710275.53 -178035.45
V 1496 -710275.66 -178034.92
V 1504 -710275.80 -178034.40
V 1512 -710275.97 -178033.88
V 1520 -710276.15 -178033.37
V 1528 -710276.35 -178032.87
V 1536 -710276.48 -178032.58
V 1544 -710276.49 -178032.54
V 1552 -710600.06 -177309.35
V 1560 -710632.70 -177115.95
V 1568 -710632.73 -177115.77
V 1576 -710632.84 -177115.24
V 1584 -710632.97 -177114.71
V 1592 -710633.11 -177114.19
V 1600 -710633.28 -177113.67
V 1608 -710633.46 -177113.16
V 1616 -710633.66 -177112.66
V 1624 -710633.79 -177112.37
V 1632 -710633.80 -177112.33
V 1640 -710957.24 -176389.44
V 1648 -710989.89 -176196.00
V 1656 -710989.92 -176195.82
V 1664 -710990.03 -176195.29
V 1672 -710990.16 -176194.76
V 1680 -710990.30 -176194.24
V 1688 -710990.47 -176193.72
V 1696 -710990.65 -176193.21
V 1704 -710990.85 -176192.71
V 1712 -710990.98 -176192.42
V 1720 -710990.99 -176192.38
V 1728 -711314.48 -175469.35
V 1736 -711347.13 -175275.98
V 1744 -711347.16 -175275.80
V 1752 -711347.27 -175275.27
V 1760 -711347.40 -175274.74
V 1768 -711347.54 -175274.22
V 1776 -711347.71 -175273.70
V 1784 -711347.89 -175273.19
V 1792 -711348.09 -175272.69
V 1800 -711348.22 -175272.40
V 1808 -711348.23 -175272.36
V 1816 -711671.79 -174549.18
V 1824 -711704.43 -174355.78
V 1832 -711704.46 -174355.60
V 1840 -711704.57 -174355.07
V 1848 -711704.70 -174354.54
V 1856 -711704.84 -174354.02
V 1864 -711705.01 -174353.50
V 1872 -711705.19 -174352.99
V 1880 -711705.39 -174352.49
V 1888 -711705.52 -174352.20
V 1896 -711705.53 -174352.16
V 1904 -712028.97 -173629.27
V 1912 -712061.62 -173435.83
V 1920 -712061.65 -173435.65
V 1928 -712061.76 -173435.12
V 1936 -712061.89 -173434.59
V 1944 -712062.03 -173434.07
V 1952 -712062.20 -173433.55
V 1960 -712062.38 -173433.04
V 1968 -712062.58 -173432.54
V 1976 -712062.71 -173432.25
V 1984 -712062.72 -173432.21
V 1992 -712581.95 -172271.67
V 2000 -712581.95 -171493.76
V 2008 -712581.96 -171493.22
V 2016 -712581.99 -171492.68
V 2024 -712582.04 -171492.14
V 2032 -712582.11 -171491.60
V 2040 -712582.19 -171491.07
V 2048 -712582.30 -171490.54
V 2056 -712582.50 -171489.73
V 2064 -712738.21 -170899.20
V 2072 -712738.21 -170563.59
V 2080 -712738.22 -170563.05
V 2088 -712738.25 -170562.51
V 2096 -712738.30 -170561.97
V 2104 -712738.37 -170561.43
V 2112 -712738.45 -170560.90
V 2120 -712738.56 -170560.37
V 2128 -712738.76 -170559.56
V 2136 -712886.66 -169998.68
V 2144 -712886.66 -169662.99
V 2152 -712886.67 -169662.45
V 2160 -712886.70 -169661.91
V 2168 -712886.75 -169661.37
V 2176 -712886.82 -169660.83
V 2184 -712886.90 -169660.30
V 2192 -712887.01 -169659.77
V 2200 -712887.21 -169658.96
V 2208 -713035.10 -169098.08
V 2216 -713035.10 -168762.44
V 2224 -713035.11 -168761.90
V 2232 -713035.14 -168761.36
V 2240 -713035.19 -168760.82
V 2248 -713035.26 -168760.28
V 2256 -713035.34 -168759.75
V 2264 -713035.45 -168759.22
V 2272 -713035.65 -168758.41
V 2280 -713183.54 -168197.53
V 2288 -713183.54 -167861.88
V 2296 -713183.55 -167861.34
V 2304 -713183.58 -167860.80
V 2312 -713183.63 -167860.26
V 2320 -713183.70 -167859.72
V 2328 -713183.78 -167859.19
V 2336 -713183.89 -167858.66
V 2344 -713184.09 -167857.85
V 2352 -713331.98 -167296.97
V 2360 -713331.98 -166961.32
V 2368 -713331.99 -166960.78
V 2376 -713332.02 -166960.24
V 2384 -713332.07 -166959.70
V 2392 -713332.14 -166959.16
V 2400 -713332.22 -166958.63
V 2408 -713332.33 -166958.10
V 2416 -713332.53 -166957.29
V 2424 -713480.42 -166396.41
V 2432 -713480.42 -166060.77
V 2440 -713480.43 -166060.23
V 2448 -713480.46 -166059.69
V 2456 -713480.51 -166059.15
V 2464 -713480.58 -166058.61
V 2472 -713480.66 -166058.08
V 2480 -713480.77 -166057.55
V 2488 -713480.97 -166056.74
V 2496 -713628.86 -165495.86
V 2504 -713628.86 -165160.21
V 2512 -713628.87 -165159.67
V 2520 -713628.90 -165159.13
V 2528 -713628.95 -165158.59
V 2536 -713629.02 -165158.05
V 2544 -713629.10 -165157.52
V 2552 -713629.21 -165156.99
V 2560 -713629.41 -165156.18
V 2568 -713777.30 -164595.30
V 2576 -713777.30 -164259.69
V 2584 -713777.31 -164259.15
V 2592 -713777.34 -164258.61
V 2600 -713777.39 -164258.07
V 2608 -713777.46 -164257.53
V 2616 -713777.54 -164257.00
V 2624 -713777.65 -164256.47
V 2632 -713777.85 -164255.66
V 2640 -713925.75 -163694.78
V 2648 -713925.75 -162609.08
V 2656 -713925.33 -162606.61
V 2664 -713925.20 -162605.63
V 2672 -713925.13 -162604.65
V 2680 -713925.13 -162604.58
V 2688 -713925.12 -162604.48
V 2696 -713925.13 -162604.27
V 2704 -713925.13 -162603.66
V 2712 -713934.25 -162283.67
V 2720 -713934.25 -160473.49
V 2728 -713905.06 -160439.77
V 2736 -713902.34 -160435.19
V 2744 -713901.40 -160429.95
V 2752 -713901.40 -159633.22
V 2760 -713872.20 -159599.49
V 2768 -713869.48 -159594.91
V 2776 -713868.54 -159589.67
V 2784 -713868.54 -158792.95
V 2792 -713839.34 -158759.21
V 2800 -713836.62 -158754.63
V 2808 -713835.68 -158749.39
V 2816 -713835.68 -157952.94
V 2824 -713806.49 -157919.21
V 2832 -713803.77 -157914.63
V 2840 -713802.83 -157909.39
V 2848 -713802.83 -157112.41
V 2856 -713773.63 -157078.67
V 2864 -713770.91 -157074.09
V 2872 -713769.97 -157068.85
V 2880 -713769.97 -156272.38
V 2888 -713740.78 -156238.65
V 2896 -713738.06 -156234.07
V 2904 -713737.12 -156228.83
V 2912 -713737.12 -155431.86
V 2920 -713707.92 -155398.13
V 2928 -713705.20 -155393.55
V 2936 -713704.26 -155388.31
V 2944 -713704.26 -154591.82
V 2952 -713675.07 -154558.09
V 2960 -713672.35 -154553.51
V 2968 -713671.41 -154548.27
V 2976 -713671.41 -153751.32
V 2984 -713564.13 -153627.38
V 2992 -713561.69 -153623.48
V 3000 -713560.54 -153619.03
V 3008 -713501.57 -153020.35
V 3016 -713353.17 -152790.90
V 3024 -713353.16 -152790.88
V 3032 -713352.92 -152790.48
V 3040 -713352.65 -152790.01
V 3048 -713352.39 -152789.54
V 3056 -713352.16 -152789.05
V 3064 -713351.94 -152788.55
V 3072 -713351.74 -152788.05
V 3080 -713351.56 -152787.54
V 3088 -713351.39 -152787.02
V 3096 -713351.25 -152786.50
V 3104 -713351.12 -152785.97
V 3112 -713351.01 -152785.44
V 3120 -713350.96 -152785.10
V 3128 -713350.95 -152785.08
V 3136 -713247.53 -152127.89
V 3144 -713156.11 -151980.13
V 3152 -713156.10 -151980.10
V 3160 -713156.02 -151979.97
V 3168 -713155.75 -151979.50
V 3176 -713155.49 -151979.03
V 3184 -713155.26 -151978.54
V 3192 -713155.04 -151978.04
V 3200 -713154.84 -151977.54
V 3208 -713154.66 -151977.03
V 3216 -713154.49 -151976.51
V 3224 -713154.35 -151975.99
V 3232 -713154.22 -151975.46
V 3240 -713154.11 -151974.93
V 3248 -713044.62 -151284.46
V 3256 -712954.27 -151138.29
V 3264 -712954.26 -151138.26
V 3272 -712954.18 -151138.13
V 3280 -712953.91 -151137.66
V 3288 -712953.65 -151137.19
V 3296 -712953.42 -151136.70
V 3304 -712953.20 -151136.20
V 3312 -712953.00 -151135.70
V 3320 -712952.82 -151135.19
V 3328 -712952.65 -151134.67
V 3336 -712952.51 -151134.15
V 3344 -712952.38 -151133.62
V 3352 -712952.27 -151133.09
V 3360 -712842.69 -150442.15
V 3368 -712752.36 -150296.00
V 3376 -712752.35 -150295.97
V 3384 -712752.27 -150295.84
V 3392 -712752.00 -150295.37
V 3400 -712751.74 -150294.90
V 3408 -712751.51 -150294.41
V 3416 -712751.29 -150293.91
V 3424 -712751.09 -150293.41
V 3432 -712750.91 -150292.90
V 3440 -712750.74 -150292.38
V 3448 -712750.60 -150291.86
V 3456 -712750.47 -150291.33
V 3464 -712750.36 -150290.80
V 3472 -712640.74 -149599.60
V 3480 -712550.41 -149453.47
V 3488 -712550.40 -149453.44
V 3496 -712550.32 -149453.31
V 3504 -712550.05 -149452.84
V 3512 -712549.79 -149452.37
V 3520 -712549.56 -149451.88
V 3528 -712549.34 -149451.38
V 3536 -712549.14 -149450.88
V 3544 -712548.96 -149450.37
V 3552 -712548.79 -149449.85
V 3560 -712548.65 -149449.33
V 3568 -712548.52 -149448.80
V 3576 -712548.41 -149448.27
V 3584 -712438.83 -148757.35
V 3592 -712348.50 -148611.20
V 3600 -712348.49 -148611.17
V 3608 -712348.41 -148611.04
V 3616 -712348.14 -148610.57
V 3624 -712347.88 -148610.10
V 3632 -712347.65 -148609.61
V 3640 -712347.43 -148609.11
V 3648 -712347.23 -148608.61
V 3656 -712347.05 -148608.10
V 3664 -712346.88 -148607.58
V 3672 -712346.74 -148607.06
V 3680 -712346.61 -148606.53
V 3688 -712346.50 -148606.00
V 3696 -712236.89 -147914.86
V 3704 -712146.56 -147768.72
V 3712 -712146.55 -147768.69
V 3720 -712146.47 -147768.56
V 3728 -712146.20 -147768.09
V 3736 -712145.94 -147767.62
V 3744 -712145.71 -147767.13
V 3752 -712145.49 -147766.63
V 3760 -712145.29 -147766.13
V 3768 -712145.11 -147765.62
V 3776 -712144.94 -147765.10
V 3784 -712144.80 -147764.58
V 3792 -712144.67 -147764.05
V 3800 -712144.56 -147763.52
V 3808 -712034.96 -147072.50
V 3816 -711944.64 -146926.36
V 3824 -711944.63 -146926.33
V 3832 -711944.55 -146926.20
V 3840 -711944.28 -146925.73
V 3848 -711944.02 -146925.26
V 3856 -711943.79 -146924.77
V 3864 -711943.57 -146924.27
V 3872 -711943.37 -146923.77
V 3880 -711943.19 -146923.26
V 3888 -711943.02 -146922.74
V 3896 -711942.88 -146922.22
V 3904 -711942.75 -146921.69
V 3912 -711942.64 -146921.16
V 3920 -711833.04 -146230.10
V 3928 -711742.71 -146083.95
V 3936 -711742.70 -146083.92
V 3944 -711742.62 -146083.79
V 3952 -711742.35 -146083.32
V 3960 -711742.09 -146082.85
V 3968 -711741.86 -146082.36
V 3976 -711741.64 -146081.86
V 3984 -711741.44 -146081.36
V 3992 -711741.26 -146080.85
V 4000 -711741.09 -146080.33
V 4008 -711740.95 -146079.81
V 4016 -711740.82 -146079.28
V 4024 -711740.71 -146078.75
V 4032 -711631.10 -145387.70
V 4040 -711441.20 -145080.45
V 4048 -711441.14 -145080.34
V 4056 -711440.87 -145079.87
V 4064 -711440.61 -145079.40
V 4072 -711440.38 -145078.91
V 4080 -711440.16 -145078.41
V 4088 -711439.96 -145077.91
V 4096 -711439.82 -145077.51
V 4104 -711439.79 -145077.45
V 4112 -711151.80 -144231.89
V 4120 -711013.86 -144071.38
V 4128 -711013.74 -144071.24
V 4136 -711013.52 -144070.97
V 4144 -711013.19 -144070.55
V 4152 -711012.87 -144070.11
V 4160 -711012.56 -144069.66
V 4168 -711012.28 -144069.20
V 4176 -711012.01 -144068.73
V 4184 -711011.75 -144068.26
V 4192 -711011.52 -144067.77
V 4200 -711011.30 -144067.27
V 4208 -711011.10 -144066.77
V 4216 -711011.06 -144066.65
V 4224 -710759.14 -143391.66
V 4232 -710642.91 -143254.53
V 4240 -710642.83 -143254.45
V 4248 -710642.48 -143254.03
V 4256 -710642.15 -143253.61
V 4264 -710641.83 -143253.17
V 4272 -710641.52 -143252.72
V 4280 -710641.24 -143252.26
V 4288 -710640.97 -143251.79
V 4296 -710640.71 -143251.32
V 4304 -710640.48 -143250.83
V 4312 -710640.26 -143250.33
V 4320 -710640.04 -143249.78
V 4328 -710385.38 -142568.10
V 4336 -710269.38 -142431.21
V 4344 -710269.30 -142431.13
V 4352 -710268.95 -142430.71
V 4360 -710268.62 -142430.29
V 4368 -710268.30 -142429.85
V 4376 -710267.99 -142429.40
V 4384 -710267.71 -142428.94
V 4392 -710267.44 -142428.47
V 4400 -710267.18 -142428.00
V 4408 -710266.95 -142427.51
V 4416 -710266.73 -142427.01
V 4424 -710266.51 -142426.46
V 4432 -710011.81 -141744.71
V 4440 -709895.81 -141607.83
V 4448 -709895.73 -141607.75
V 4456 -709895.38 -141607.33
V 4464 -709895.05 -141606.91
V 4472 -709894.73 -141606.47
V 4480 -709894.42 -141606.02
V 4488 -709894.14 -141605.56
V 4496 -709893.87 -141605.09
V 4504 -709893.61 -141604.62
V 4512 -709893.38 -141604.13
V 4520 -709893.16 -141603.63
V 4528 -709892.94 -141603.08
V 4536 -709638.25 -140921.33
V 4544 -709522.25 -140784.45
V 4552 -709522.17 -140784.37
V 4560 -709521.82 -140783.95
V 4568 -709521.49 -140783.53
V 4576 -709521.17 -140783.09
V 4584 -709520.86 -140782.64
V 4592 -709520.58 -140782.18
V 4600 -709520.31 -140781.71
V 4608 -709520.05 -140781.24
V 4616 -709519.82 -140780.75
V 4624 -709519.60 -140780.25
V 4632 -709519.38 -140779.70
V 4640 -709264.70 -140097.98
V 4648 -709148.70 -139961.09
V 4656 -709148.62 -139961.01
V 4664 -709148.27 -139960.59
V 4672 -709147.94 -139960.17
V 4680 -709147.62 -139959.73
V 4688 -709147.31 -139959.28
V 4696 -709147.03 -139958.82
V 4704 -709146.76 -139958.35
V 4712 -709146.50 -139957.88
V 4720 -709146.27 -139957.39
V 4728 -709146.05 -139956.89
V 4736 -709145.83 -139956.34
V 4744 -708891.14 -139274.60
V 4752 -708775.13 -139137.70
V 4760 -708775.05 -139137.62
V 4768 -708774.70 -139137.20
V 4776 -708774.37 -139136.78
V 4784 -708774.05 -139136.34
V 4792 -708773.74 -139135.89
V 4800 -708773.46 -139135.43
V 4808 -708773.19 -139134.96
V 4816 -708772.93 -139134.49
V 4824 -708772.70 -139134.00
V 4832 -708772.48 -139133.50
V 4840 -708772.26 -139132.95
V 4848 -708517.57 -138451.24
V 4856 -708401.58 -138314.35
V 4864 -708401.50 -138314.27
V 4872 -708401.15 -138313.85
V 4880 -708400.82 -138313.43
V 4888 -708400.50 -138312.99
V 4896 -708400.19 -138312.54
V 4904 -708399.91 -138312.08
V 4912 -708399.64 -138311.61
V 4920 -708399.38 -138311.14
V 4928 -708399.15 -138310.65
V 4936 -708398.93 -138310.15
V 4944 -708398.71 -138309.60
V 4952 -708178.05 -137718.98
V 4960 -707575.06 -136674.10
V 4968 -707415.82 -136534.56
V 4976 -707415.79 -136534.53
V 4984 -707415.59 -136534.35
V 4992 -707415.20 -136533.98
V 5000 -707414.82 -136533.60
V 5008 -707414.45 -136533.20
V 5016 -707414.10 -136532.78
V 5024 -707413.77 -136532.36
V 5032 -707413.45 -136531.92
V 5040 -707413.14 -136531.47
V 5048 -707412.98 -136531.20
V 5056 -707412.95 -136531.17
V 5064 -706997.64 -135859.08
V 5072 -706851.08 -135729.43
V 5080 -706850.69 -135729.06
V 5088 -706850.31 -135728.68
V 5096 -706849.94 -135728.28
V 5104 -706849.59 -135727.86
V 5112 -706849.26 -135727.44
V 5120 -706848.94 -135727.00
V 5128 -706848.63 -135726.55
V 5136 -706848.47 -135726.28
V 5144 -706848.44 -135726.25
V 5152 -706431.75 -135052.21
V 5160 -706285.28 -134922.61
V 5168 -706284.89 -134922.24
V 5176 -706284.51 -134921.86
V 5184 -706284.14 -134921.46
V 5192 -706283.79 -134921.04
V 5200 -706283.46 -134920.62
V 5208 -706283.14 -134920.18
V 5216 -706282.83 -134919.73
V 5224 -706282.67 -134919.46
V 5232 -706282.64 -134919.43
V 5240 -705865.92 -134245.37
V 5248 -705719.44 -134115.77
V 5256 -705719.05 -134115.40
V 5264 -705718.67 -134115.02
V 5272 -705718.30 -134114.62
V 5280 -705717.95 -134114.20
V 5288 -705717.62 -134113.78
V 5296 -705717.30 -134113.34
V 5304 -705716.99 -134112.89
V 5312 -705716.83 -134112.62
V 5320 -705716.80 -134112.59
V 5328 -705300.10 -133438.54
V 5336 -705153.62 -133308.93
V 5344 -705153.23 -133308.56
V 5352 -705152.85 -133308.18
V 5360 -705152.48 -133307.78
V 5368 -705152.13 -133307.36
V 5376 -705151.80 -133306.94
V 5384 -705151.48 -133306.50
V 5392 -705151.17 -133306.05
V 5400 -705151.01 -133305.78
V 5408 -705150.98 -133305.75
V 5416 -704734.27 -132631.70
V 5424 -704587.80 -132502.10
V 5432 -704587.41 -132501.73
V 5440 -704587.03 -132501.35
V 5448 -704586.66 -132500.95
V 5456 -704586.31 -132500.53
V 5464 -704585.98 -132500.11
V 5472 -704585.66 -132499.67
V 5480 -704585.35 -132499.22
V 5488 -704585.19 -132498.95
V 5496 -704585.16 -132498.92
V 5504 -704168.44 -131824.86
V 5512 -704021.96 -131695.26
V 5520 -704021.57 -131694.89
V 5528 -704021.19 -131694.51
V 5536 -704020.82 -131694.11
V 5544 -704020.47 -131693.69
V 5552 -704020.14 -131693.27
V 5560 -704019.82 -131692.83
V 5568 -704019.51 -131692.38
V 5576 -704019.35 -131692.11
V 5584 -704019.32 -131692.08
V 5592 -703324.49 -130568.11
V 5600 -703027.84 -130206.62
V 5608 -702839.22 -130083.06
V 5616 -702839.20 -130083.04
V 5624 -702839.02 -130082.93
V 5632 -702838.58 -130082.61
V 5640 -702838.15 -130082.29
V 5648 -702837.73 -130081.94
V 5656 -702837.32 -130081.58
V 5664 -702836.93 -130081.21
V 5672 -702836.55 -130080.83
V 5680 -702236.16 -129430.51
V 5688 -700549.42 -129430.51
V 5696 -700549.42 -129400.51
V 5704 -702242.73 -129400.51
V 5712 -702248.74 -129401.77
V 5720 -702253.75 -129405.33
V 5728 -702857.21 -130058.97
V 5736 -703046.21 -130182.79
V 5744 -703046.41 -130182.92
V 5752 -703046.85 -130183.24
V 5760 -703047.28 -130183.56
V 5768 -703047.70 -130183.91
V 5776 -703048.11 -130184.27
V 5784 -703048.50 -130184.64
V 5792 -703048.88 -130185.02
V 5800 -703049.25 -130185.42
V 5808 -703049.56 -130185.80
V 5816 -703049.59 -130185.82
V 5824 -703348.31 -130549.82
V 5832 -703348.36 -130549.90
V 5840 -703348.65 -130550.26
V 5848 -703348.97 -130550.70
V 5856 -703349.28 -130551.15
V 5864 -703349.42 -130551.38
V 5872 -703349.47 -130551.45
V 5880 -704043.69 -131674.43
V 5888 -704190.17 -131804.03
V 5896 -704190.56 -131804.40
V 5904 -704190.94 -131804.78
V 5912 -704191.31 -131805.18
V 5920 -704191.66 -131805.60
V 5928 -704191.99 -131806.02
V 5936 -704192.31 -131806.46
V 5944 -704192.62 -131806.91
V 5952 -704192.78 -131807.18
V 5960 -704192.81 -131807.21
V 5968 -704609.53 -132481.28
V 5976 -704756.00 -132610.88
V 5984 -704756.39 -132611.25
V 5992 -704756.77 -132611.63
V 6000 -704757.14 -132612.03
V 6008 -704757.49 -132612.45
V 6016 -704757.82 -132612.87
V 6024 -704758.14 -132613.31
V 6032 -704758.45 -132613.76
V 6040 -704758.61 -132614.03
V 6048 -704758.64 -132614.06
V 6056 -705175.35 -133288.10
V 6064 -705321.83 -133417.71
V 6072 -705322.22 -133418.08
V 6080 -705322.60 -133418.46
V 6088 -705322.97 -133418.86
V 6096 -705323.32 -133419.28
V 6104 -705323.65 -133419.70
V 6112 -705323.97 -133420.14
V 6120 -705324.28 -133420.59
V 6128 -705324.44 -133420.86
V 6136 -705324.47 -133420.89
V 6144 -705741.17 -134094.94
V 6152 -705887.65 -134224.54
V 6160 -705888.04 -134224.91
V 6168 -705888.42 -134225.29
V 6176 -705888.79 -134225.69
V 6184 -705889.14 -134226.11
V 6192 -705889.47 -134226.53
V 6200 -705889.79 -134226.97
V 6208 -705890.10 -134227.42
V 6216 -705890.26 -134227.69
V 6224 -705890.29 -134227.72
V 6232 -706307.01 -134901.79
V 6240 -706453.48 -135031.39
V 6248 -706453.87 -135031.76
V 6256 -706454.25 -135032.14
V 6264 -706454.62 -135032.54
V 6272 -706454.97 -135032.96
V 6280 -706455.30 -135033.38
V 6288 -706455.62 -135033.82
V 6296 -706455.93 -135034.27
V 6304 -706456.09 -135034.54
V 6312 -706456.12 -135034.57
V 6320 -706872.81 -135708.60
V 6328 -707019.37 -135838.26
V 6336 -707019.76 -135838.63
V 6344 -707020.14 -135839.01
V 6352 -707020.51 -135839.41
V 6360 -707020.86 -135839.83
V 6368 -707021.19 -135840.25
V 6376 -707021.51 -135840.69
V 6384 -707021.82 -135841.14
V 6392 -707021.98 -135841.41
V 6400 -707022.01 -135841.44
V 6408 -707437.29 -136513.48
V 6416 -707596.70 -136653.17
V 6424 -707596.72 -136653.20
V 6432 -707596.93 -136653.38
V 6440 -707597.32 -136653.75
V 6448 -707597.70 -136654.13
V 6456 -707598.07 -136654.53
V 6464 -707598.42 -136654.95
V 6472 -707598.75 -136655.37
V 6480 -707599.07 -136655.81
V 6488 -707599.38 -136656.26
V 6496 -707599.66 -136656.72
V 6504 -707599.77 -136656.92
V 6512 -707599.80 -136656.95
V 6520 -708204.65 -137705.06
V 6528 -708204.69 -137705.14
V 6536 -708205.04 -137705.77
V 6544 -708205.27 -137706.26
V 6552 -708205.49 -137706.76
V 6560 -708205.69 -137707.26
V 6568 -708205.70 -137707.29
V 6576 -708205.71 -137707.31
V 6584 -708425.89 -138296.65
V 6592 -708541.88 -138433.54
V 6600 -708541.96 -138433.62
V 6608 -708542.31 -138434.04
V 6616 -708542.64 -138434.46
V 6624 -708542.96 -138434.90
V 6632 -708543.27 -138435.35
V 6640 -708543.55 -138435.81
V 6648 -708543.82 -138436.28
V 6656 -708544.08 -138436.75
V 6664 -708544.31 -138437.24
V 6672 -708544.53 -138437.74
V 6680 -708544.75 -138438.29
V 6688 -708799.44 -139120.00
V 6696 -708915.45 -139256.90
V 6704 -708915.53 -139256.98
V 6712 -708915.88 -139257.40
V 6720 -708916.21 -139257.82
V 6728 -708916.53 -139258.26
V 6736 -708916.84 -139258.71
V 6744 -708917.12 -139259.17
V 6752 -708917.39 -139259.64
V 6760 -708917.65 -139260.11
V 6768 -708917.88 -139260.60
V 6776 -708918.10 -139261.10
V 6784 -708918.32 -139261.65
V 6792 -709173.01 -139943.39
V 6800 -709289.01 -140080.28
V 6808 -709289.09 -140080.36
V 6816 -709289.44 -140080.78
V 6824 -709289.77 -140081.20
V 6832 -709290.09 -140081.64
V 6840 -709290.40 -140082.09
V 6848 -709290.68 -140082.55
V 6856 -709290.95 -140083.02
V 6864 -709291.21 -140083.49
V 6872 -709291.44 -140083.98
V 6880 -709291.66 -140084.48
V 6888 -709291.88 -140085.03
V 6896 -709546.56 -140766.75
V 6904 -709662.56 -140903.63
V 6912 -709662.64 -140903.71
V 6920 -709662.99 -140904.13
V 6928 -709663.32 -140904.55
V 6936 -709663.64 -140904.99
V 6944 -709663.95 -140905.44
V 6952 -709664.23 -140905.90
V 6960 -709664.50 -140906.37
V 6968 -709664.76 -140906.84
V 6976 -709664.99 -140907.33
V 6984 -709665.21 -140907.83
V 6992 -709665.43 -140908.38
V 7000 -709920.12 -141590.13
V 7008 -710036.12 -141727.01
V 7016 -710036.20 -141727.09
V 7024 -710036.55 -141727.51
V 7032 -710036.88 -141727.93
V 7040 -710037.20 -141728.37
V 7048 -710037.51 -141728.82
V 7056 -710037.79 -141729.28
V 7064 -710038.06 -141729.75
V 7072 -710038.32 -141730.22
V 7080 -710038.55 -141730.71
V 7088 -710038.77 -141731.21
V 7096 -710038.99 -141731.76
V 7104 -710293.69 -142413.51
V 7112 -710409.69 -142550.40
V 7120 -710409.77 -142550.48
V 7128 -710410.12 -142550.90
V 7136 -710410.45 -142551.32
V 7144 -710410.77 -142551.76
V 7152 -710411.08 -142552.21
V 7160 -710411.36 -142552.67
V 7168 -710411.63 -142553.14
V 7176 -710411.89 -142553.61
V 7184 -710412.12 -142554.10
V 7192 -710412.34 -142554.60
V 7200 -710412.56 -142555.15
V 7208 -710667.22 -143236.83
V 7216 -710783.45 -143373.95
V 7224 -710783.53 -143374.03
V 7232 -710783.88 -143374.45
V 7240 -710784.21 -143374.87
V 7248 -710784.53 -143375.31
V 7256 -710784.84 -143375.76
V 7264 -710785.12 -143376.22
V 7272 -710785.39 -143376.69
V 7280 -710785.65 -143377.16
V 7288 -710785.88 -143377.65
V 7296 -710786.10 -143378.15
V 7304 -710786.30 -143378.65
V 7312 -710786.34 -143378.77
V 7320 -711038.23 -144053.70
V 7328 -711176.33 -144214.39
V 7336 -711176.45 -144214.53
V 7344 -711176.67 -144214.80
V 7352 -711177.00 -144215.22
V 7360 -711177.32 -144215.66
V 7368 -711177.63 -144216.11
V 7376 -711177.91 -144216.57
V 7384 -711178.18 -144217.04
V 7392 -711178.44 -144217.51
V 7400 -711178.67 -144218.00
V 7408 -711178.89 -144218.50
V 7416 -711179.09 -144219.00
V 7424 -711179.24 -144219.42
V 7432 -711179.26 -144219.46
V 7440 -711467.64 -145066.17
V 7448 -711658.20 -145374.47
V 7456 -711658.21 -145374.50
V 7464 -711658.29 -145374.63
V 7472 -711658.56 -145375.10
V 7480 -711658.82 -145375.57
V 7488 -711659.05 -145376.06
V 7496 -711659.27 -145376.56
V 7504 -711659.47 -145377.06
V 7512 -711659.65 -145377.57
V 7520 -711659.82 -145378.09
V 7528 -711659.96 -145378.61
V 7536 -711660.09 -145379.14
V 7544 -711660.20 -145379.67
V 7552 -711769.81 -146070.72
V 7560 -711860.14 -146216.87
V 7568 -711860.15 -146216.90
V 7576 -711860.23 -146217.03
V 7584 -711860.50 -146217.50
V 7592 -711860.76 -146217.97
V 7600 -711860.99 -146218.46
V 7608 -711861.21 -146218.96
V 7616 -711861.41 -146219.46
V 7624 -711861.59 -146219.97
V 7632 -711861.76 -146220.49
V 7640 -711861.90 -146221.01
V 7648 -711862.03 -146221.54
V 7656 -711862.14 -146222.07
V 7664 -711971.74 -146913.13
V 7672 -712062.06 -147059.27
V 7680 -712062.07 -147059.30
V 7688 -712062.15 -147059.43
V 7696 -712062.42 -147059.90
V 7704 -712062.68 -147060.37
V 7712 -712062.91 -147060.86
V 7720 -712063.13 -147061.36
V 7728 -712063.33 -147061.86
V 7736 -712063.51 -147062.37
V 7744 -712063.68 -147062.89
V 7752 -712063.82 -147063.41
V 7760 -712063.95 -147063.94
V 7768 -712064.06 -147064.47
V 7776 -712173.66 -147755.49
V 7784 -712263.99 -147901.63
V 7792 -712264.00 -147901.66
V 7800 -712264.08 -147901.79
V 7808 -712264.35 -147902.26
V 7816 -712264.61 -147902.73
V 7824 -712264.84 -147903.22
V 7832 -712265.06 -147903.72
V 7840 -712265.26 -147904.22
V 7848 -712265.44 -147904.73
V 7856 -712265.61 -147905.25
V 7864 -712265.75 -147905.77
V 7872 -712265.88 -147906.30
V 7880 -712265.99 -147906.83
V 7888 -712375.60 -148597.97
V 7896 -712465.93 -148744.12
V 7904 -712465.94 -148744.15
V 7912 -712466.02 -148744.28
V 7920 -712466.29 -148744.75
V 7928 -712466.55 -148745.22
V 7936 -712466.78 -148745.71
V 7944 -712467.00 -148746.21
V 7952 -712467.20 -148746.71
V 7960 -712467.38 -148747.22
V 7968 -712467.55 -148747.74
V 7976 -712467.69 -148748.26
V 7984 -712467.82 -148748.79
V 7992 -712467.93 -148749.32
V 8000 -712577.51 -149440.24
V 8008 -712667.84 -149586.37
V 8016 -712667.85 -149586.40
V 8024 -712667.93 -149586.53
V 8032 -712668.20 -149587.00
V 8040 -712668.46 -149587.47
V 8048 -712668.69 -149587.96
V 8056 -712668.91 -149588.46
V 8064 -712669.11 -149588.96
V 8072 -712669.29 -149589.47
V 8080 -712669.46 -149589.99
V 8088 -712669.60 -149590.51
V 8096 -712669.73 -149591.04
V 8104 -712669.84 -149591.57
V 8112 -712779.46 -150282.77
V 8120 -712869.79 -150428.92
V 8128 -712869.80 -150428.95
V 8136 -712869.88 -150429.08
V 8144 -712870.15 -150429.55
V 8152 -712870.41 -150430.02
V 8160 -712870.64 -150430.51
V 8168 -712870.86 -150431.01
V 8176 -712871.06 -150431.51
V 8184 -712871.24 -150432.02
V 8192 -712871.41 -150432.54
V 8200 -712871.55 -150433.06
V 8208 -712871.68 -150433.59
V 8216 -712871.79 -150434.12
V 8224 -712981.37 -151125.06
V 8232 -713071.72 -151271.23
V 8240 -713071.73 -151271.26
V 8248 -713071.81 -151271.39
V 8256 -713072.08 -151271.86
V 8264 -713072.34 -151272.33
V 8272 -713072.57 -151272.82
V 8280 -713072.79 -151273.32
V 8288 -713072.99 -151273.82
V 8296 -713073.17 -151274.33
V 8304 -713073.34 -151274.85
V 8312 -713073.48 -151275.37
V 8320 -713073.61 -151275.90
V 8328 -713073.72 -151276.43
V 8336 -713183.21 -151966.90
V 8344 -713274.64 -152114.68
V 8352 -713274.65 -152114.71
V 8360 -713274.73 -152114.84
V 8368 -713275.00 -152115.31
V 8376 -713275.26 -152115.78
V 8384 -713275.49 -152116.27
V 8392 -713275.71 -152116.77
V 8400 -713275.91 -152117.27
V 8408 -713276.09 -152117.78
V 8416 -713276.26 -152118.30
V 8424 -713276.40 -152118.82
V 8432 -713276.53 -152119.35
V 8440 -713276.64 -152119.88
V 8448 -713276.69 -152120.21
V 8456 -713276.70 -152120.24
V 8464 -713380.09 -152777.26
V 8472 -713528.74 -153007.10
V 8480 -713528.75 -153007.12
V 8488 -713528.99 -153007.52
V 8496 -713529.26 -153007.99
V 8504 -713529.52 -153008.46
V 8512 -713529.75 -153008.95
V 8520 -713529.97 -153009.45
V 8528 -713530.17 -153009.95
V 8536 -713530.35 -153010.46
V 8544 -713530.52 -153010.98
V 8552 -713530.66 -153011.50
V 8560 -713530.79 -153012.03
V 8568 -713530.90 -153012.56
V 8576 -713530.98 -153013.09
V 8584 -713531.05 -153013.63
V 8592 -713531.06 -153013.76
V 8600 -713531.07 -153013.78
V 8608 -713589.93 -153611.35
V 8616 -713697.75 -153735.91
V 8624 -713700.47 -153740.49
V 8632 -713701.41 -153745.73
V 8640 -713701.41 -154542.68
V 8648 -713730.60 -154576.41
V 8656 -713733.32 -154580.99
V 8664 -713734.26 -154586.23
V 8672 -713734.26 -155382.72
V 8680 -713763.46 -155416.45
V 8688 -713766.18 -155421.03
V 8696 -713767.12 -155426.27
V 8704 -713767.12 -156223.24
V 8712 -713796.31 -156256.97
V 8720 -713799.03 -156261.55
V 8728 -713799.97 -156266.79
V 8736 -713799.97 -157063.26
V 8744 -713829.17 -157097.00
V 8752 -713831.89 -157101.58
V 8760 -713832.83 -157106.82
V 8768 -713832.83 -157903.80
V 8776 -713862.02 -157937.53
V 8784 -713864.74 -157942.11
V 8792 -713865.68 -157947.35
V 8800 -713865.68 -158743.80
V 8808 -713894.88 -158777.54
V 8816 -713897.60 -158782.12
V 8824 -713898.54 -158787.36
V 8832 -713898.54 -159584.08
V 8840 -713927.74 -159617.81
V 8848 -713930.46 -159622.39
V 8856 -713931.40 -159627.63
V 8864 -713931.40 -160424.36
V 8872 -713960.59 -160458.08
V 8880 -713963.31 -160462.66
V 8888 -713964.25 -160467.90
V 8896 -713964.25 -162283.75
V 8904 -713964.24 -162284.29
V 8912 -713964.23 -162284.41
V 8920 -713955.15 -162603.00
V 8928 -713955.54 -162605.27
V 8936 -713955.66 -162606.11
V 8944 -713955.73 -162606.95
V 8952 -713955.74 -162607.28
V 8960 -713955.75 -162607.40
V 8968 -713955.74 -162607.53
V 8976 -713955.75 -162607.79
V 8984 -713955.75 -163696.70
V 8992 -713955.74 -163697.24
V 9000 -713955.71 -163697.78
V 9008 -713955.66 -163698.32
V 9016 -713955.59 -163698.86
V 9024 -713955.51 -163699.39
V 9032 -713955.40 -163699.92
V 9040 -713955.20 -163700.73
V 9048 -713807.30 -164261.61
V 9056 -713807.30 -164597.22
V 9064 -713807.29 -164597.76
V 9072 -713807.26 -164598.30
V 9080 -713807.21 -164598.84
V 9088 -713807.14 -164599.38
V 9096 -713807.06 -164599.91
V 9104 -713806.95 -164600.44
V 9112 -713806.75 -164601.25
V 9120 -713658.86 -165162.13
V 9128 -713658.86 -165497.78
V 9136 -713658.85 -165498.32
V 9144 -713658.82 -165498.86
V 9152 -713658.77 -165499.40
V 9160 -713658.70 -165499.94
V 9168 -713658.62 -165500.47
V 9176 -713658.51 -165501.00
V 9184 -713658.31 -165501.81
V 9192 -713510.42 -166062.69
V 9200 -713510.42 -166398.33
V 9208 -713510.41 -166398.87
V 9216 -713510.38 -166399.41
V 9224 -713510.33 -166399.95
V 9232 -713510.26 -166400.49
V 9240 -713510.18 -166401.02
V 9248 -713510.07 -166401.55
V 9256 -713509.87 -166402.36
V 9264 -713361.98 -166963.24
V 9272 -713361.98 -167298.89
V 9280 -713361.97 -167299.43
V 9288 -713361.94 -167299.97
V 9296 -713361.89 -167300.51
V 9304 -713361.82 -167301.05
V 9312 -713361.74 -167301.58
V 9320 -713361.63 -167302.11
V 9328 -713361.43 -167302.92
V 9336 -713213.54 -167863.80
V 9344 -713213.54 -168199.45
V 9352 -713213.53 -168199.99
V 9360 -713213.50 -168200.53
V 9368 -713213.45 -168201.07
V 9376 -713213.38 -168201.61
V 9384 -713213.30 -168202.14
V 9392 -713213.19 -168202.67
V 9400 -713212.99 -168203.48
V 9408 -713065.10 -168764.36
V 9416 -713065.10 -169100.00
V 9424 -713065.09 -169100.54
V 9432 -713065.06 -169101.08
V 9440 -713065.01 -169101.62
V 9448 -713064.94 -169102.16
V 9456 -713064.86 -169102.69
V 9464 -713064.75 -169103.22
V 9472 -713064.55 -169104.03
V 9480 -712916.66 -169664.91
V 9488 -712916.66 -170000.60
V 9496 -712916.65 -170001.14
V 9504 -712916.62 -170001.68
V 9512 -712916.57 -170002.22
V 9520 -712916.50 -170002.76
V 9528 -712916.42 -170003.29
V 9536 -712916.31 -170003.82
V 9544 -712916.11 -170004.63
V 9552 -712768.21 -170565.51
V 9560 -712768.21 -170901.12
V 9568 -712768.20 -170901.66
V 9576 -712768.17 -170902.20
V 9584 -712768.12 -170902.74
V 9592 -712768.05 -170903.28
V 9600 -712767.97 -170903.81
V 9608 -712767.86 -170904.34
V 9616 -712767.66 -170905.15
V 9624 -712611.95 -171495.68
V 9632 -712611.95 -172274.87
V 9640 -712611.94 -172275.41
V 9648 -712611.91 -172275.95
V 9656 -712611.86 -172276.49
V 9664 -712611.79 -172277.03
V 9672 -712611.71 -172277.56
V 9680 -712611.60 -172278.09
V 9688 -712611.47 -172278.62
V 9696 -712611.33 -172279.14
V 9704 -712611.16 -172279.66
V 9712 -712610.98 -172280.17
V 9720 -712610.78 -172280.67
V 9728 -712610.64 -172280.98
V 9736 -712610.64 -172281.00
V 9744 -712090.88 -173442.72
V 9752 -712058.23 -173636.16
V 9760 -712058.20 -173636.34
V 9768 -712058.09 -173636.87
V 9776 -712057.96 -173637.40
V 9784 -712057.82 -173637.92
V 9792 -712057.65 -173638.44
V 9800 -712057.47 -173638.95
V 9808 -712057.27 -173639.45
V 9816 -712057.14 -173639.74
V 9824 -712057.13 -173639.78
V 9832 -711733.69 -174362.67
V 9840 -711701.05 -174556.07
V 9848 -711701.02 -174556.25
V 9856 -711700.91 -174556.78
V 9864 -711700.78 -174557.31
V 9872 -711700.64 -174557.83
V 9880 -711700.47 -174558.35
V 9888 -711700.29 -174558.86
V 9896 -711700.09 -174559.36
V 9904 -711699.96 -174559.65
V 9912 -711699.95 -174559.69
V 9920 -711376.39 -175282.87
V 9928 -711343.74 -175476.24
V 9936 -711343.71 -175476.42
V 9944 -711343.60 -175476.95
V 9952 -711343.47 -175477.48
V 9960 -711343.33 -175478.00
V 9968 -711343.16 -175478.52
V 9976 -711342.98 -175479.03
V 9984 -711342.78 -175479.53
V 9992 -711342.65 -175479.82
V 10000 -711342.64 -175479.86
V 10008 -711019.15 -176202.89
V 10016 -710986.50 -176396.33
V 10024 -710986.47 -176396.51
V 10032 -710986.36 -176397.04
V 10040 -710986.23 -176397.57
V 10048 -710986.09 -176398.09
V 10056 -710985.92 -176398.61
V 10064 -710985.74 -176399.12
V 10072 -710985.54 -176399.62
V 10080 -710985.41 -176399.91
V 10088 -710985.40 -176399.95
V 10096 -710661.96 -177122.84
V 10104 -710629.32 -177316.24
V 10112 -710629.29 -177316.42
V 10120 -710629.18 -177316.95
V 10128 -710629.05 -177317.48
V 10136 -710628.91 -177318.00
V 10144 -710628.74 -177318.52
V 10152 -710628.56 -177319.03
V 10160 -710628.36 -177319.53
V 10168 -710628.23 -177319.82
V 10176 -710628.22 -177319.86
V 10184 -710304.65 -178043.05
V 10192 -710272.01 -178236.41
V 10200 -710271.98 -178236.59
V 10208 -710271.87 -178237.12
V 10216 -710271.74 -178237.65
V 10224 -710271.60 -178238.17
V 10232 -710271.43 -178238.69
V 10240 -710271.25 -178239.20
V 10248 -710271.05 -178239.70
V 10256 -710270.92 -178239.99
V 10264 -710270.91 -178240.03
V 10272 -709947.42 -178963.06
V 10280 -709914.75 -179156.57
V 10288 -709914.72 -179156.75
V 10296 -709914.61 -179157.28
V 10304 -709914.48 -179157.81
V 10312 -709914.34 -179158.33
V 10320 -709914.17 -179158.85
V 10328 -709913.99 -179159.36
V 10336 -709913.79 -179159.86
V 10344 -709913.66 -179160.15
V 10352 -709913.65 -179160.19
V 10360 -709592.83 -179877.22
V 10368 -709521.63 -180304.02
V 10376 -709521.62 -180304.06
V 10384 -709521.59 -180304.24
V 10392 -709521.48 -180304.77
V 10400 -709521.35 -180305.30
V 10408 -709521.21 -180305.82
V 10416 -709521.04 -180306.34
V 10424 -709520.86 -180306.85
V 10432 -709520.66 -180307.35
V 10440 -709520.44 -180307.85
V 10448 -709520.21 -180308.34
V 10456 -708309.82 -182572.80
V 10464 -708309.67 -182573.08
V 10472 -708309.29 -182573.74
V 10480 -708309.01 -182574.20
V 10488 -708308.63 -182574.75
V 10496 -708308.59 -182574.81
V 10504 -707938.52 -183085.61
V 10512 -707852.35 -183290.95
V 10520 -707852.13 -183291.45
V 10528 -707851.90 -183291.94
V 10536 -707851.64 -183292.41
V 10544 -707851.37 -183292.88
V 10552 -707851.09 -183293.34
V 10560 -707850.78 -183293.79
V 10568 -707850.69 -183293.91
V 10576 -707850.67 -183293.95
V 10584 -707317.53 -184029.81
V 10592 -707231.36 -184235.16
V 10600 -707231.14 -184235.66
V 10608 -707230.91 -184236.15
V 10616 -707230.65 -184236.62
V 10624 -707230.38 -184237.09
V 10632 -707230.10 -184237.55
V 10640 -707229.79 -184238.00
V 10648 -707229.70 -184238.12
V 10656 -707229.68 -184238.16
V 10664 -706696.55 -184974.02
V 10672 -706610.37 -185179.37
V 10680 -706610.15 -185179.87
V 10688 -706609.92 -185180.36
V 10696 -706609.66 -185180.83
V 10704 -706609.39 -185181.30
V 10712 -706609.11 -185181.76
V 10720 -706608.80 -185182.21
V 10728 -706608.71 -185182.33
V 10736 -706608.69 -185182.37
V 10744 -706075.56 -185918.23
V 10752 -705989.39 -186123.57
V 10760 -705989.17 -186124.07
V 10768 -705988.94 -186124.56
V 10776 -705988.68 -186125.03
V 10784 -705988.41 -186125.50
V 10792 -705988.13 -186125.96
V 10800 -705987.82 -186126.41
V 10808 -705987.73 -186126.53
V 10816 -705987.71 -186126.57
V 10824 -705454.49 -186862.56
V 10832 -705368.31 -187067.87
V 10840 -705368.29 -187067.91
V 10848 -705368.09 -187068.36
V 10856 -705367.86 -187068.85
V 10864 -705367.60 -187069.32
V 10872 -705367.33 -187069.79
V 10880 -705367.05 -187070.25
V 10888 -705366.74 -187070.70
V 10896 -705366.65 -187070.82
V 10904 -705366.63 -187070.86
V 10912 -704832.99 -187807.46
V 10920 -704752.45 -187999.21
V 10928 -704752.43 -187999.25
V 10936 -704752.23 -187999.70
V 10944 -704752.00 -188000.19
V 10952 -704751.74 -188000.66
V 10960 -704751.47 -188001.13
V 10968 -704751.19 -188001.59
V 10976 -704750.88 -188002.04
V 10984 -703804.89 -189318.61
V 10992 -703221.96 -190196.00
V 11000 -703221.65 -190196.45
V 11008 -703221.33 -190196.89
V 11016 -703221.00 -190197.31
V 11024 -703220.65 -190197.73
V 11032 -703220.28 -190198.13
V 11040 -703219.90 -190198.51
V 11048 -703219.51 -190198.88
V 11056 -703219.46 -190198.93
V 11064 -702236.25 -191089.73
V 11072 -702074.54 -191305.80
V 11080 -702074.52 -191305.82
V 11088 -702074.47 -191305.89
V 11096 -702074.14 -191306.31
V 11104 -702073.79 -191306.73
V 11112 -702073.42 -191307.13
V 11120 -702073.04 -191307.51
V 11128 -702072.60 -191307.93
V 11136 -701247.12 -192055.82
V 11144 -701085.37 -192271.97
V 11152 -701085.35 -192271.99
V 11160 -701085.30 -192272.06
V 11168 -701084.97 -192272.48
V 11176 -701084.62 -192272.90
V 11184 -701084.25 -192273.30
V 11192 -701083.87 -192273.68
V 11200 -701083.43 -192274.10
V 11208 -700257.75 -193022.17
V 11216 -700096.11 -193238.15
V 11224 -700096.09 -193238.17
V 11232 -700096.04 -193238.24
V 11240 -700095.71 -193238.66
V 11248 -700095.36 -193239.08
V 11256 -700094.99 -193239.48
V 11264 -700094.61 -193239.86
V 11272 -700094.17 -193240.28
V 11280 -699268.61 -193988.25
V 11288 -699106.99 -194204.21
V 11296 -699106.97 -194204.23
V 11304 -699106.92 -194204.30
V 11312 -699106.59 -194204.72
V 11320 -699106.24 -194205.14
V 11328 -699105.87 -194205.54
V 11336 -699105.49 -194205.92
V 11344 -699105.05 -194206.34
V 11352 -698278.89 -194954.85
V 11360 -698121.24 -195165.43
V 11368 -698121.22 -195165.45
V 11376 -698121.17 -195165.52
V 11384 -698120.84 -195165.94
V 11392 -698120.49 -195166.36
V 11400 -698120.12 -195166.76
V 11408 -698119.74 -195167.14
V 11416 -698119.32 -195167.54
V 11424 -697072.83 -196118.83
V 11432 -696303.92 -197004.03
V 11440 -696303.70 -197004.30
V 11448 -696303.33 -197004.70
V 11456 -696302.95 -197005.08
V 11464 -696302.56 -197005.45
V 11472 -696302.15 -197005.81
V 11480 -696301.73 -197006.16
V 11488 -696301.30 -197006.48
V 11496 -696300.86 -197006.80
V 11504 -696300.40 -197007.09
V 11512 -696299.99 -197007.34
V 11520 -696299.97 -197007.35
V 11528 -696299.91 -197007.39
V 11536 -694328.82 -198155.20
V 11544 -694045.27 -198379.92
V 11552 -694045.23 -198379.94
V 11560 -694044.81 -198380.26
V 11568 -694044.37 -198380.58
V 11576 -694043.51 -198381.12
V 11584 -694043.48 -198381.13
V 11592 -694043.42 -198381.17
V 11600 -692741.07 -199139.55
V 11608 -692457.64 -199364.18
V 11616 -692457.60 -199364.20
V 11624 -692457.18 -199364.52
V 11632 -692456.74 -199364.84
V 11640 -692455.88 -199365.38
V 11648 -692455.85 -199365.39
V 11656 -692455.79 -199365.43
V 11664 -691152.90 -200124.13
V 11672 -690869.64 -200348.62
V 11680 -690869.60 -200348.64
V 11688 -690869.18 -200348.96
V 11696 -690868.74 -200349.28
V 11704 -690867.88 -200349.82
V 11712 -690867.85 -200349.83
V 11720 -690867.79 -200349.87
V 11728 -689577.89 -201100.88
V 11736 -689170.22 -201426.27
V 11744 -689170.10 -201426.37
V 11752 -689169.67 -201426.69
V 11760 -689169.23 -201427.01
V 11768 -689168.77 -201427.30
V 11776 -689168.31 -201427.58
V 11784 -689167.90 -201427.81
V 11792 -687814.99 -202150.96
V 11800 -687814.95 -202150.98
V 11808 -687814.46 -202151.23
V 11816 -687813.97 -202151.46
V 11824 -687813.83 -202151.52
V 11832 -687813.80 -202151.53
V 11840 -685157.29 -203284.58
V 11848 -685157.23 -203284.61
V 11856 -685157.14 -203284.65
V 11864 -685157.06 -203284.68
V 11872 -685156.97 -203284.71
V 11880 -685156.23 -203285.01
V 11888 -685155.92 -203285.11
V 11896 -685155.87 -203285.13
V 11904 -683982.02 -203671.33
V 11912 -683982.02 -209773.70
V 11920 -683952.02 -209773.70
V 11928 -683952.02 -203660.47
