V 0 4172.74 -1599.87
V 8 4172.25 -1599.99
V 16 4171.89 -1600.34
V 24 4171.74 -1600.82
V 32 4170.39 -1627.58
V 40 4168.43 -1662.15
V 48 4166.26 -1696.74
V 56 4163.85 -1731.38
V 64 4161.23 -1765.88
V 72 4158.41 -1800.33
V 80 4155.36 -1834.90
V 88 4152.09 -1869.41
V 96 4152.09 -1869.50
V 104 4148.64 -1903.70
V 112 4148.63 -1903.75
V 120 4148.62 -1903.82
V 128 4148.62 -1903.86
V 136 4144.95 -1938.13
V 144 4144.94 -1938.17
V 152 4144.93 -1938.24
V 160 4144.93 -1938.28
V 168 4141.04 -1972.58
V 176 4141.03 -1972.62
V 184 4141.02 -1972.69
V 192 4141.02 -1972.71
V 200 4136.89 -2007.09
V 208 4136.89 -2007.12
V 216 4136.88 -2007.19
V 224 4132.54 -2041.51
V 232 4132.53 -2041.58
V 240 4127.97 -2075.82
V 248 4123.20 -2110.08
V 256 4118.21 -2144.33
V 264 4113.00 -2178.57
V 272 4107.59 -2212.78
V 280 4101.93 -2247.08
V 288 4096.07 -2281.20
V 296 4096.07 -2281.27
V 304 4090.04 -2315.14
V 312 4090.03 -2315.16
V 320 4090.01 -2315.28
V 328 4090.01 -2315.30
V 336 4083.75 -2349.21
V 344 4083.74 -2349.23
V 352 4083.73 -2349.29
V 360 4077.25 -2383.25
V 368 4077.24 -2383.32
V 376 4070.53 -2417.28
V 384 4063.60 -2451.26
V 392 4063.59 -2451.30
V 400 4056.47 -2485.09
V 408 4049.11 -2519.00
V 416 4041.53 -2552.83
V 424 4041.52 -2552.91
V 432 4033.80 -2586.44
V 440 4033.78 -2586.51
V 448 4033.77 -2586.58
V 456 4017.31 -2656.06
V 464 4017.29 -2656.11
V 472 4017.28 -2656.15
V 480 3962.71 -2848.09
V 488 3896.33 -3050.40
V 496 3829.94 -3228.95
V 504 3829.93 -3229.00
V 512 3763.73 -3389.53
V 520 3763.70 -3389.59
V 528 3697.61 -3536.29
V 536 3697.59 -3536.34
V 544 3631.57 -3671.76
V 552 3565.67 -3797.77
V 560 3499.92 -3915.75
V 568 3499.89 -3915.79
V 576 3434.23 -4026.87
V 584 3368.66 -4131.79
V 592 3303.19 -4231.32
V 600 3237.89 -4325.84
V 608 3172.62 -4416.07
V 616 3172.61 -4416.09
V 624 3107.51 -4502.17
V 632 3107.49 -4502.19
V 640 3042.45 -4584.62
V 648 2977.53 -4663.59
V 656 2977.51 -4663.62
V 664 2912.71 -4739.35
V 672 2912.68 -4739.38
V 680 2847.99 -4812.14
V 688 2847.97 -4812.16
V 696 2847.95 -4812.19
V 704 2783.41 -4882.11
V 712 2783.37 -4882.15
V 720 2718.91 -4949.53
V 728 2654.50 -5014.45
V 736 2590.20 -5077.01
V 744 2526.00 -5137.40
V 752 2461.97 -5195.60
V 760 2461.94 -5195.62
V 768 2461.92 -5195.64
V 776 2397.97 -5251.88
V 784 2397.94 -5251.90
V 792 2334.08 -5306.20
V 800 2334.05 -5306.22
V 808 2270.24 -5358.77
V 816 2270.21 -5358.80
V 824 2205.05 -5410.69
V 832 2205.03 -5410.70
V 840 2170.80 -5434.83
V 848 2170.74 -5434.88
V 856 2170.71 -5434.91
V 864 2020.02 -5554.08
V 872 2019.99 -5554.10
V 880 2019.95 -5554.13
V 888 1955.12 -5599.52
V 896 1891.90 -5642.47
V 904 1828.75 -5684.00
V 912 1828.71 -5684.03
V 920 1765.79 -5724.11
V 928 1702.79 -5763.00
V 936 1640.00 -5800.53
V 944 1639.98 -5800.54
V 952 1577.23 -5836.86
V 960 1577.21 -5836.88
V 968 1514.63 -5871.93
V 976 1514.60 -5871.94
V 984 1452.06 -5905.84
V 992 1389.61 -5938.59
V 1000 1389.58 -5938.61
V 1008 1327.30 -5970.19
V 1016 1265.05 -6000.73
V 1024 1202.96 -6030.17
V 1032 1202.91 -6030.19
V 1040 1140.85 -6058.60
V 1048 1140.79 -6058.63
V 1056 1140.77 -6058.65
V 1064 1079.00 -6085.95
V 1072 1078.94 -6085.97
V 1080 1078.92 -6085.98
V 1088 1017.10 -6112.34
V 1096 1017.02 -6112.38
V 1104 955.39 -6137.72
V 1112 955.31 -6137.75
V 1120 893.64 -6162.19
V 1128 893.61 -6162.21
V 1136 832.06 -6185.69
V 1144 770.62 -6208.23
V 1152 709.32 -6229.85
V 1160 709.25 -6229.87
V 1168 648.69 -6250.39
V 1176 645.86 -6250.39
V 1184 645.86 -6203.30
V 1192 643.86 -6203.30
V 1200 643.86 -6251.39
V 1208 643.99 -6251.89
V 1216 644.36 -6252.26
V 1224 644.86 -6252.39
V 1232 648.92 -6252.39
V 1240 648.99 -6252.38
V 1248 649.11 -6252.36
V 1256 649.16 -6252.34
V 1264 649.18 -6252.34
V 1272 709.92 -6231.76
V 1280 709.94 -6231.75
V 1288 771.21 -6210.14
V 1296 771.34 -6210.10
V 1304 832.81 -6187.55
V 1312 832.84 -6187.53
V 1320 894.38 -6164.05
V 1328 956.05 -6139.61
V 1336 956.11 -6139.58
V 1344 1017.74 -6114.24
V 1352 1017.82 -6114.21
V 1360 1017.84 -6114.20
V 1368 1079.66 -6087.84
V 1376 1079.74 -6087.80
V 1384 1079.79 -6087.78
V 1392 1079.81 -6087.76
V 1400 1141.58 -6060.46
V 1408 1141.64 -6060.44
V 1416 1141.69 -6060.42
V 1424 1203.75 -6032.01
V 1432 1203.81 -6031.98
V 1440 1265.86 -6002.56
V 1448 1265.93 -6002.53
V 1456 1328.18 -5971.99
V 1464 1328.22 -5971.97
V 1472 1328.25 -5971.95
V 1480 1390.52 -5940.37
V 1488 1390.55 -5940.36
V 1496 1453.02 -5907.60
V 1504 1515.56 -5873.70
V 1512 1515.60 -5873.67
V 1520 1578.18 -5838.62
V 1528 1578.21 -5838.61
V 1536 1578.23 -5838.60
V 1544 1640.98 -5802.28
V 1552 1703.80 -5764.73
V 1560 1703.83 -5764.71
V 1568 1703.85 -5764.70
V 1576 1766.80 -5725.84
V 1584 1766.86 -5725.80
V 1592 1829.78 -5685.72
V 1600 1829.85 -5685.68
V 1608 1893.00 -5644.15
V 1616 1956.25 -5601.18
V 1624 1956.27 -5601.16
V 1632 1956.31 -5601.13
V 1640 2021.13 -5555.74
V 1648 2021.17 -5555.72
V 1656 2021.22 -5555.68
V 1664 2021.25 -5555.65
V 1672 2171.94 -5436.48
V 1680 2171.96 -5436.47
V 1688 2206.19 -5412.34
V 1696 2206.25 -5412.29
V 1704 2206.28 -5412.26
V 1712 2271.44 -5360.37
V 1720 2271.47 -5360.35
V 1728 2335.33 -5307.76
V 1736 2399.19 -5253.46
V 1744 2399.22 -5253.44
V 1752 2399.24 -5253.42
V 1760 2463.19 -5197.18
V 1768 2463.22 -5197.16
V 1776 2463.25 -5197.13
V 1784 2527.30 -5138.92
V 1792 2527.33 -5138.90
V 1800 2527.36 -5138.87
V 1808 2527.38 -5138.86
V 1816 2591.59 -5078.46
V 1824 2655.90 -5015.89
V 1832 2655.91 -5015.87
V 1840 2720.41 -4950.85
V 1848 2784.86 -4883.48
V 1856 2784.91 -4883.43
V 1864 2784.93 -4883.40
V 1872 2849.47 -4813.48
V 1880 2849.53 -4813.42
V 1888 2914.22 -4740.66
V 1896 2914.24 -4740.64
V 1904 2914.26 -4740.61
V 1912 2979.07 -4664.87
V 1920 3044.01 -4585.88
V 1928 3044.03 -4585.86
V 1936 3109.08 -4503.42
V 1944 3109.10 -4503.38
V 1952 3174.20 -4417.30
V 1960 3174.24 -4417.25
V 1968 3239.51 -4327.02
V 1976 3304.81 -4232.50
V 1984 3304.84 -4232.46
V 1992 3304.86 -4232.44
V 2000 3304.87 -4232.42
V 2008 3370.34 -4132.89
V 2016 3370.35 -4132.87
V 2024 3435.93 -4027.93
V 2032 3435.94 -4027.91
V 2040 3435.96 -4027.88
V 2048 3501.63 -3916.78
V 2056 3501.65 -3916.75
V 2064 3501.66 -3916.72
V 2072 3567.41 -3798.75
V 2080 3567.45 -3798.70
V 2088 3633.36 -3672.65
V 2096 3699.39 -3537.22
V 2104 3699.40 -3537.19
V 2112 3699.43 -3537.13
V 2120 3765.51 -3390.45
V 2128 3765.52 -3390.41
V 2136 3765.56 -3390.33
V 2144 3765.58 -3390.26
V 2152 3831.78 -3229.73
V 2160 3831.82 -3229.65
V 2168 3898.21 -3051.10
V 2176 3898.22 -3051.06
V 2184 3964.62 -2848.68
V 2192 3964.63 -2848.64
V 2200 4019.20 -2656.70
V 2208 4019.23 -2656.61
V 2216 4019.24 -2656.54
V 2224 4035.70 -2587.06
V 2232 4035.72 -2587.01
V 2240 4035.74 -2586.90
V 2248 4043.46 -2553.37
V 2256 4043.49 -2553.27
V 2264 4051.07 -2519.44
V 2272 4058.43 -2485.51
V 2280 4065.55 -2451.72
V 2288 4072.47 -2417.79
V 2296 4072.48 -2417.74
V 2304 4079.19 -2383.77
V 2312 4079.20 -2383.70
V 2320 4085.68 -2349.74
V 2328 4085.70 -2349.61
V 2336 4085.70 -2349.59
V 2344 4091.96 -2315.68
V 2352 4091.97 -2315.66
V 2360 4091.99 -2315.54
V 2368 4091.99 -2315.51
V 2376 4098.02 -2281.64
V 2384 4098.03 -2281.62
V 2392 4098.05 -2281.54
V 2400 4103.91 -2247.42
V 2408 4109.57 -2213.10
V 2416 4114.98 -2178.89
V 2424 4120.19 -2144.63
V 2432 4125.18 -2110.36
V 2440 4129.95 -2076.10
V 2448 4129.96 -2076.02
V 2456 4134.53 -2041.70
V 2464 4138.87 -2007.38
V 2472 4138.88 -2007.31
V 2480 4138.88 -2007.29
V 2488 4143.01 -1972.91
V 2496 4143.01 -1972.88
V 2504 4143.02 -1972.81
V 2512 4143.02 -1972.77
V 2520 4146.91 -1938.47
V 2528 4146.92 -1938.43
V 2536 4146.93 -1938.36
V 2544 4146.93 -1938.32
V 2552 4150.60 -1904.05
V 2560 4150.61 -1904.01
V 2568 4150.62 -1903.94
V 2576 4150.62 -1903.88
V 2584 4154.07 -1869.68
V 2592 4154.08 -1869.63
V 2600 4154.09 -1869.60
V 2608 4157.36 -1835.08
V 2616 4160.41 -1800.51
V 2624 4163.23 -1766.04
V 2632 4165.85 -1731.54
V 2640 4168.26 -1696.88
V 2648 4170.43 -1662.27
V 2656 4172.39 -1627.71
V 2664 4173.69 -1601.87
V 2672 6533.31 -1601.87
V 2680 6533.31 -1599.87
