V 0 1085836.69 -8340.86
V 8 1085832.26 -8302.82
V 16 1085832.25 -8302.72
V 24 1085832.21 -8302.51
V 32 1085825.39 -8277.64
V 40 1085824.77 -8270.74
V 48 1085824.53 -8270.05
V 56 1085823.99 -8269.56
V 64 1085823.28 -8269.38
V 72 1085735.66 -8269.38
V 80 1085735.66 -8272.38
V 88 1085821.91 -8272.38
V 96 1085822.42 -8277.98
V 104 1085822.42 -8278.04
V 112 1085822.43 -8278.14
V 120 1085822.46 -8278.25
V 128 1085822.47 -8278.35
V 136 1085829.28 -8303.20
V 144 1085833.86 -8342.53
V 152 1085834.11 -8343.21
V 160 1085834.65 -8343.69
V 168 1085835.35 -8343.86
V 176 1085839.86 -8343.86
V 184 1085839.86 -8340.86
