V 0 -822115.28 -164740.20
V 8 -822120.95 -164734.53
V 16 -822128.70 -164732.45
V 24 -822213.77 -164732.45
V 32 -822213.77 -164692.45
V 40 -822186.20 -164692.45
V 48 -822178.45 -164690.37
V 56 -822172.78 -164684.70
V 64 -822170.70 -164676.95
V 72 -822170.70 -164549.42
V 80 -822172.36 -164542.43
V 88 -822177.00 -164536.95
V 96 -822183.61 -164534.14
V 104 -822929.50 -164407.49
V 112 -823966.89 -164231.33
V 120 -823981.72 -164228.82
V 128 -825470.15 -163976.08
V 136 -825911.99 -163901.05
V 144 -826886.69 -163735.55
V 152 -827564.14 -163620.51
V 160 -827761.04 -163587.08
V 168 -827996.77 -163547.05
V 176 -828238.06 -163506.08
V 184 -829719.97 -163254.45
V 192 -831276.58 -162990.13
V 200 -832173.43 -162837.85
V 208 -836139.22 -162164.45
V 216 -837197.46 -161984.76
V 224 -837982.34 -161851.48
V 232 -838218.05 -161811.46
V 240 -838459.34 -161770.48
V 248 -838709.19 -161728.06
V 256 -838923.96 -161691.59
V 264 -839173.79 -161649.17
V 272 -839388.55 -161612.70
V 280 -839630.43 -161571.63
V 288 -839828.34 -161538.02
V 296 -840350.93 -161449.29
V 304 -841086.79 -161324.34
V 312 -841145.29 -161314.40
V 320 -843445.94 -160923.75
V 328 -845480.64 -160578.25
V 336 -845573.21 -160562.53
V 344 -845654.53 -160548.73
V 352 -846477.27 -160409.03
V 360 -848473.08 -160070.13
V 368 -848680.64 -160034.89
V 376 -848964.87 -159986.62
V 384 -849597.44 -159879.21
V 392 -849833.16 -159839.19
V 400 -850477.18 -159729.83
V 408 -851835.30 -159499.22
V 416 -851975.31 -159475.44
V 424 -852686.44 -159354.70
V 432 -852686.46 -159354.69
V 440 -852695.64 -159353.13
V 448 -852695.66 -159353.13
V 456 -853319.32 -159247.23
V 464 -854720.15 -159009.37
V 472 -855745.76 -158835.22
V 480 -856799.96 -158656.21
V 488 -857026.44 -158617.75
V 496 -857309.39 -158569.71
V 504 -857949.61 -158461.00
V 512 -858382.19 -158387.54
V 520 -859197.29 -158249.14
V 528 -859366.53 -158220.40
V 536 -859620.80 -158177.23
V 544 -859818.72 -158143.62
V 552 -860024.39 -158108.69
V 560 -860434.13 -158039.12
V 568 -861010.34 -157941.28
V 576 -861200.14 -157909.05
V 584 -861698.68 -157824.40
V 592 -862063.92 -157762.38
V 600 -862250.00 -157730.78
V 608 -862250.00 -157719.35
V 616 -862281.00 -157719.35
V 624 -862281.00 -157743.87
V 632 -862280.96 -157744.96
V 640 -862280.85 -157746.04
V 648 -862280.66 -157747.11
V 656 -862280.39 -157748.16
V 664 -862280.06 -157749.20
V 672 -862279.65 -157750.20
V 680 -862279.17 -157751.18
V 688 -862278.62 -157752.12
V 696 -862278.01 -157753.02
V 704 -862277.34 -157753.87
V 712 -862276.61 -157754.68
V 720 -862275.83 -157755.43
V 728 -862274.99 -157756.13
V 736 -862274.11 -157756.76
V 744 -862273.18 -157757.33
V 752 -862272.22 -157757.84
V 760 -862271.23 -157758.27
V 768 -862270.20 -157758.64
V 776 -862269.16 -157758.93
V 784 -862268.09 -157759.15
V 792 -861703.86 -157854.96
V 800 -861205.32 -157939.61
V 808 -861015.52 -157971.84
V 816 -860029.59 -158139.25
V 824 -859823.92 -158174.18
V 832 -859625.98 -158207.79
V 840 -859371.73 -158250.96
V 848 -859202.49 -158279.70
V 856 -858387.39 -158418.10
V 864 -858307.01 -158431.75
V 872 -857954.79 -158491.56
V 880 -857314.57 -158600.27
V 888 -857031.64 -158648.31
V 896 -856978.23 -158657.38
V 904 -855750.94 -158865.78
V 912 -854725.33 -159039.93
V 920 -853324.50 -159277.79
V 928 -852700.86 -159383.68
V 936 -852700.84 -159383.69
V 944 -852691.66 -159385.25
V 952 -852691.64 -159385.25
V 960 -851980.51 -159506.00
V 968 -851840.50 -159529.78
V 976 -850482.36 -159760.39
V 984 -849838.34 -159869.75
V 992 -849602.62 -159909.77
V 1000 -848970.07 -160017.18
V 1008 -848685.84 -160065.45
V 1016 -848478.26 -160100.69
V 1024 -846482.45 -160439.59
V 1032 -845659.71 -160579.29
V 1040 -845578.41 -160593.09
V 1048 -845485.84 -160608.81
V 1056 -843451.12 -160954.31
V 1064 -841150.49 -161344.96
V 1072 -841091.99 -161354.90
V 1080 -840356.11 -161479.85
V 1088 -839833.54 -161568.58
V 1096 -839635.63 -161602.19
V 1104 -839393.75 -161643.26
V 1112 -839178.99 -161679.73
V 1120 -838929.14 -161722.15
V 1128 -838714.37 -161758.62
V 1136 -838464.54 -161801.04
V 1144 -838223.25 -161842.02
V 1152 -837987.52 -161882.04
V 1160 -837202.64 -162015.32
V 1168 -836144.40 -162195.01
V 1176 -832178.61 -162868.41
V 1184 -831281.76 -163020.69
V 1192 -829725.15 -163285.01
V 1200 -828243.24 -163536.64
V 1208 -828001.95 -163577.61
V 1216 -827766.22 -163617.64
V 1224 -827569.32 -163651.07
V 1232 -826891.87 -163766.11
V 1240 -825917.17 -163931.61
V 1248 -825475.33 -164006.64
V 1256 -823986.90 -164259.38
V 1264 -823972.07 -164261.89
V 1272 -822934.68 -164438.05
V 1280 -822201.70 -164562.51
V 1288 -822201.70 -164661.45
V 1296 -822229.27 -164661.45
V 1304 -822237.02 -164663.53
V 1312 -822242.69 -164669.20
V 1320 -822244.77 -164676.95
V 1328 -822244.77 -164747.95
V 1336 -822242.69 -164755.70
V 1344 -822237.02 -164761.37
V 1352 -822229.27 -164763.45
V 1360 -822144.20 -164763.45
V 1368 -822144.20 -164803.45
V 1376 -822243.70 -164803.45
V 1384 -822251.45 -164805.53
V 1392 -822257.12 -164811.20
V 1400 -822259.20 -164818.95
V 1408 -822259.20 -164889.95
V 1416 -822257.12 -164897.70
V 1424 -822251.45 -164903.37
V 1432 -822243.70 -164905.45
V 1440 -822144.20 -164905.45
V 1448 -822144.20 -164945.45
V 1456 -822243.70 -164945.45
V 1464 -822251.45 -164947.53
V 1472 -822257.12 -164953.20
V 1480 -822259.20 -164960.95
V 1488 -822259.20 -165031.95
V 1496 -822257.12 -165039.70
V 1504 -822251.45 -165045.37
V 1512 -822243.70 -165047.45
V 1520 -822144.20 -165047.45
V 1528 -822144.20 -165087.45
V 1536 -822243.70 -165087.45
V 1544 -822251.45 -165089.53
V 1552 -822257.12 -165095.20
V 1560 -822259.20 -165102.95
V 1568 -822259.20 -165173.95
V 1576 -822257.12 -165181.70
V 1584 -822251.45 -165187.37
V 1592 -822243.70 -165189.45
V 1600 -822144.20 -165189.45
V 1608 -822144.20 -165229.45
V 1616 -822243.70 -165229.45
V 1624 -822251.45 -165231.53
V 1632 -822257.12 -165237.20
V 1640 -822259.20 -165244.95
V 1648 -822259.20 -165315.95
V 1656 -822257.12 -165323.70
V 1664 -822251.45 -165329.37
V 1672 -822243.70 -165331.45
V 1680 -822144.20 -165331.45
V 1688 -822144.20 -165371.45
V 1696 -822243.70 -165371.45
V 1704 -822251.45 -165373.53
V 1712 -822257.12 -165379.20
V 1720 -822259.20 -165386.95
V 1728 -822259.20 -165457.95
V 1736 -822257.12 -165465.70
V 1744 -822251.45 -165471.37
V 1752 -822243.70 -165473.45
V 1760 -822144.20 -165473.45
V 1768 -822144.20 -165513.45
V 1776 -822243.70 -165513.45
V 1784 -822251.45 -165515.53
V 1792 -822257.12 -165521.20
V 1800 -822259.20 -165528.95
V 1808 -822259.20 -165599.95
V 1816 -822257.12 -165607.70
V 1824 -822251.45 -165613.37
V 1832 -822243.70 -165615.45
V 1840 -822144.20 -165615.45
V 1848 -822144.20 -165655.45
V 1856 -822243.70 -165655.45
V 1864 -822251.45 -165657.53
V 1872 -822257.12 -165663.20
V 1880 -822259.20 -165670.95
V 1888 -822259.20 -165741.95
V 1896 -822257.12 -165749.70
V 1904 -822251.45 -165755.37
V 1912 -822243.70 -165757.45
V 1920 -822144.20 -165757.45
V 1928 -822144.20 -165797.45
V 1936 -822243.70 -165797.45
V 1944 -822251.45 -165799.53
V 1952 -822257.12 -165805.20
V 1960 -822259.20 -165812.95
V 1968 -822259.20 -165883.95
V 1976 -822257.12 -165891.70
V 1984 -822251.45 -165897.37
V 1992 -822243.70 -165899.45
V 2000 -822144.20 -165899.45
V 2008 -822144.20 -165939.45
V 2016 -822243.70 -165939.45
V 2024 -822251.45 -165941.53
V 2032 -822257.12 -165947.20
V 2040 -822259.20 -165954.95
V 2048 -822259.20 -166025.95
V 2056 -822257.12 -166033.70
V 2064 -822251.45 -166039.37
V 2072 -822243.70 -166041.45
V 2080 -822144.20 -166041.45
V 2088 -822144.20 -166081.45
V 2096 -822243.70 -166081.45
V 2104 -822251.45 -166083.53
V 2112 -822257.12 -166089.20
V 2120 -822259.20 -166096.95
V 2128 -822259.20 -166167.95
V 2136 -822257.12 -166175.70
V 2144 -822251.45 -166181.37
V 2152 -822243.70 -166183.45
V 2160 -822144.20 -166183.45
V 2168 -822144.20 -166223.45
V 2176 -822243.70 -166223.45
V 2184 -822251.45 -166225.53
V 2192 -822257.12 -166231.20
V 2200 -822259.20 -166238.95
V 2208 -822259.20 -166309.95
V 2216 -822257.12 -166317.70
V 2224 -822251.45 -166323.37
V 2232 -822243.70 -166325.45
V 2240 -822144.20 -166325.45
V 2248 -822144.20 -166365.45
V 2256 -822243.70 -166365.45
V 2264 -822251.45 -166367.53
V 2272 -822257.12 -166373.20
V 2280 -822259.20 -166380.95
V 2288 -822259.20 -166451.95
V 2296 -822257.12 -166459.70
V 2304 -822251.45 -166465.37
V 2312 -822243.70 -166467.45
V 2320 -822144.20 -166467.45
V 2328 -822144.20 -166507.45
V 2336 -822243.70 -166507.45
V 2344 -822251.45 -166509.53
V 2352 -822257.12 -166515.20
V 2360 -822259.20 -166522.95
V 2368 -822259.20 -166593.95
V 2376 -822257.12 -166601.70
V 2384 -822251.45 -166607.37
V 2392 -822243.70 -166609.45
V 2400 -822144.20 -166609.45
V 2408 -822144.20 -166649.45
V 2416 -822243.70 -166649.45
V 2424 -822251.45 -166651.53
V 2432 -822257.12 -166657.20
V 2440 -822259.20 -166664.95
V 2448 -822259.20 -166735.95
V 2456 -822257.12 -166743.70
V 2464 -822251.45 -166749.37
V 2472 -822243.70 -166751.45
V 2480 -822144.20 -166751.45
V 2488 -822144.20 -166791.45
V 2496 -822243.70 -166791.45
V 2504 -822251.45 -166793.53
V 2512 -822257.12 -166799.20
V 2520 -822259.20 -166806.95
V 2528 -822259.20 -166877.95
V 2536 -822257.12 -166885.70
V 2544 -822251.45 -166891.37
V 2552 -822243.70 -166893.45
V 2560 -822144.20 -166893.45
V 2568 -822144.20 -166933.45
V 2576 -822243.70 -166933.45
V 2584 -822251.45 -166935.53
V 2592 -822257.12 -166941.20
V 2600 -822259.20 -166948.95
V 2608 -822259.20 -167019.95
V 2616 -822257.12 -167027.70
V 2624 -822251.45 -167033.37
V 2632 -822243.70 -167035.45
V 2640 -822144.20 -167035.45
V 2648 -822144.20 -167075.45
V 2656 -822243.70 -167075.45
V 2664 -822251.45 -167077.53
V 2672 -822257.12 -167083.20
V 2680 -822259.20 -167090.95
V 2688 -822259.20 -167161.95
V 2696 -822257.12 -167169.70
V 2704 -822251.45 -167175.37
V 2712 -822243.70 -167177.45
V 2720 -822144.20 -167177.45
V 2728 -822144.20 -167217.45
V 2736 -822243.70 -167217.45
V 2744 -822251.45 -167219.53
V 2752 -822257.12 -167225.20
V 2760 -822259.20 -167232.95
V 2768 -822259.20 -167303.95
V 2776 -822257.12 -167311.70
V 2784 -822251.45 -167317.37
V 2792 -822243.70 -167319.45
V 2800 -822144.20 -167319.45
V 2808 -822144.20 -167359.45
V 2816 -822243.70 -167359.45
V 2824 -822251.45 -167361.53
V 2832 -822257.12 -167367.20
V 2840 -822259.20 -167374.95
V 2848 -822259.20 -167445.95
V 2856 -822257.12 -167453.70
V 2864 -822251.45 -167459.37
V 2872 -822243.70 -167461.45
V 2880 -822144.20 -167461.45
V 2888 -822144.20 -167501.45
V 2896 -822243.70 -167501.45
V 2904 -822251.45 -167503.53
V 2912 -822257.12 -167509.20
V 2920 -822259.20 -167516.95
V 2928 -822259.20 -167587.95
V 2936 -822257.12 -167595.70
V 2944 -822251.45 -167601.37
V 2952 -822243.70 -167603.45
V 2960 -822144.20 -167603.45
V 2968 -822144.20 -167643.45
V 2976 -822243.70 -167643.45
V 2984 -822251.45 -167645.53
V 2992 -822257.12 -167651.20
V 3000 -822259.20 -167658.95
V 3008 -822259.20 -167729.95
V 3016 -822257.12 -167737.70
V 3024 -822251.45 -167743.37
V 3032 -822243.70 -167745.45
V 3040 -822144.20 -167745.45
V 3048 -822144.20 -167785.45
V 3056 -822243.70 -167785.45
V 3064 -822251.45 -167787.53
V 3072 -822257.12 -167793.20
V 3080 -822259.20 -167800.95
V 3088 -822259.20 -167871.95
V 3096 -822257.12 -167879.70
V 3104 -822251.45 -167885.37
V 3112 -822243.70 -167887.45
V 3120 -822144.20 -167887.45
V 3128 -822144.20 -167927.45
V 3136 -822243.70 -167927.45
V 3144 -822251.45 -167929.53
V 3152 -822257.12 -167935.20
V 3160 -822259.20 -167942.95
V 3168 -822259.20 -168013.95
V 3176 -822257.12 -168021.70
V 3184 -822251.45 -168027.37
V 3192 -822243.70 -168029.45
V 3200 -822144.20 -168029.45
V 3208 -822144.20 -168069.45
V 3216 -822243.70 -168069.45
V 3224 -822251.45 -168071.53
V 3232 -822257.12 -168077.20
V 3240 -822259.20 -168084.95
V 3248 -822259.20 -168155.95
V 3256 -822257.12 -168163.70
V 3264 -822251.45 -168169.37
V 3272 -822243.70 -168171.45
V 3280 -822144.20 -168171.45
V 3288 -822144.20 -168211.45
V 3296 -822243.70 -168211.45
V 3304 -822251.45 -168213.53
V 3312 -822257.12 -168219.20
V 3320 -822259.20 -168226.95
V 3328 -822259.20 -168297.95
V 3336 -822257.12 -168305.70
V 3344 -822251.45 -168311.37
V 3352 -822243.70 -168313.45
V 3360 -822144.20 -168313.45
V 3368 -822144.20 -168353.45
V 3376 -822243.70 -168353.45
V 3384 -822251.45 -168355.53
V 3392 -822257.12 -168361.20
V 3400 -822259.20 -168368.95
V 3408 -822259.20 -168439.95
V 3416 -822257.12 -168447.70
V 3424 -822251.45 -168453.37
V 3432 -822243.70 -168455.45
V 3440 -822144.20 -168455.45
V 3448 -822144.20 -168495.45
V 3456 -822243.70 -168495.45
V 3464 -822251.45 -168497.53
V 3472 -822257.12 -168503.20
V 3480 -822259.20 -168510.95
V 3488 -822259.20 -168581.95
V 3496 -822257.12 -168589.70
V 3504 -822251.45 -168595.37
V 3512 -822243.70 -168597.45
V 3520 -822144.20 -168597.45
V 3528 -822144.20 -168637.45
V 3536 -822243.70 -168637.45
V 3544 -822251.45 -168639.53
V 3552 -822257.12 -168645.20
V 3560 -822259.20 -168652.95
V 3568 -822259.20 -168723.95
V 3576 -822257.12 -168731.70
V 3584 -822251.45 -168737.37
V 3592 -822243.70 -168739.45
V 3600 -822144.20 -168739.45
V 3608 -822144.20 -168779.45
V 3616 -822243.70 -168779.45
V 3624 -822251.45 -168781.53
V 3632 -822257.12 -168787.20
V 3640 -822259.20 -168794.95
V 3648 -822259.20 -168865.95
V 3656 -822257.12 -168873.70
V 3664 -822251.45 -168879.37
V 3672 -822243.70 -168881.45
V 3680 -822144.20 -168881.45
V 3688 -822144.20 -168921.45
V 3696 -822243.70 -168921.45
V 3704 -822251.45 -168923.53
V 3712 -822257.12 -168929.20
V 3720 -822259.20 -168936.95
V 3728 -822259.20 -169007.95
V 3736 -822257.12 -169015.70
V 3744 -822251.45 -169021.37
V 3752 -822243.70 -169023.45
V 3760 -822144.20 -169023.45
V 3768 -822144.20 -169063.45
V 3776 -822243.70 -169063.45
V 3784 -822251.45 -169065.53
V 3792 -822257.12 -169071.20
V 3800 -822259.20 -169078.95
V 3808 -822259.20 -169149.95
V 3816 -822257.12 -169157.70
V 3824 -822251.45 -169163.37
V 3832 -822243.70 -169165.45
V 3840 -822144.20 -169165.45
V 3848 -822144.20 -169205.45
V 3856 -822243.70 -169205.45
V 3864 -822251.45 -169207.53
V 3872 -822257.12 -169213.20
V 3880 -822259.20 -169220.95
V 3888 -822259.20 -169291.95
V 3896 -822257.12 -169299.70
V 3904 -822251.45 -169305.37
V 3912 -822243.70 -169307.45
V 3920 -822144.20 -169307.45
V 3928 -822144.20 -169347.45
V 3936 -822243.70 -169347.45
V 3944 -822251.45 -169349.53
V 3952 -822257.12 -169355.20
V 3960 -822259.20 -169362.95
V 3968 -822259.20 -169433.95
V 3976 -822257.12 -169441.70
V 3984 -822251.45 -169447.37
V 3992 -822243.70 -169449.45
V 4000 -822144.20 -169449.45
V 4008 -822144.20 -169489.45
V 4016 -822243.70 -169489.45
V 4024 -822251.45 -169491.53
V 4032 -822257.12 -169497.20
V 4040 -822259.20 -169504.95
V 4048 -822259.20 -169575.95
V 4056 -822257.12 -169583.70
V 4064 -822251.45 -169589.37
V 4072 -822243.70 -169591.45
V 4080 -822144.20 -169591.45
V 4088 -822144.20 -169631.45
V 4096 -822243.70 -169631.45
V 4104 -822251.45 -169633.53
V 4112 -822257.12 -169639.20
V 4120 -822259.20 -169646.95
V 4128 -822259.20 -169717.95
V 4136 -822257.12 -169725.70
V 4144 -822251.45 -169731.37
V 4152 -822243.70 -169733.45
V 4160 -822144.20 -169733.45
V 4168 -822144.20 -169773.45
V 4176 -822243.70 -169773.45
V 4184 -822251.45 -169775.53
V 4192 -822257.12 -169781.20
V 4200 -822259.20 -169788.95
V 4208 -822259.20 -169859.95
V 4216 -822257.12 -169867.70
V 4224 -822251.45 -169873.37
V 4232 -822243.70 -169875.45
V 4240 -822144.20 -169875.45
V 4248 -822144.20 -169915.45
V 4256 -822243.70 -169915.45
V 4264 -822251.45 -169917.53
V 4272 -822257.12 -169923.20
V 4280 -822259.20 -169930.95
V 4288 -822259.20 -170001.95
V 4296 -822257.12 -170009.70
V 4304 -822251.45 -170015.37
V 4312 -822243.70 -170017.45
V 4320 -822144.20 -170017.45
V 4328 -822144.20 -170057.45
V 4336 -822243.70 -170057.45
V 4344 -822251.45 -170059.53
V 4352 -822257.12 -170065.20
V 4360 -822259.20 -170072.95
V 4368 -822259.20 -170143.95
V 4376 -822257.12 -170151.70
V 4384 -822251.45 -170157.37
V 4392 -822243.70 -170159.45
V 4400 -822144.20 -170159.45
V 4408 -822144.20 -170199.45
V 4416 -822243.70 -170199.45
V 4424 -822251.45 -170201.53
V 4432 -822257.12 -170207.20
V 4440 -822259.20 -170214.95
V 4448 -822259.20 -170285.95
V 4456 -822257.12 -170293.70
V 4464 -822251.45 -170299.37
V 4472 -822243.70 -170301.45
V 4480 -822144.20 -170301.45
V 4488 -822144.20 -170341.45
V 4496 -822243.70 -170341.45
V 4504 -822251.45 -170343.53
V 4512 -822257.12 -170349.20
V 4520 -822259.20 -170356.95
V 4528 -822259.20 -170427.95
V 4536 -822257.12 -170435.70
V 4544 -822251.45 -170441.37
V 4552 -822243.70 -170443.45
V 4560 -822144.20 -170443.45
V 4568 -822144.20 -170483.45
V 4576 -822243.70 -170483.45
V 4584 -822251.45 -170485.53
V 4592 -822257.12 -170491.20
V 4600 -822259.20 -170498.95
V 4608 -822259.20 -170569.95
V 4616 -822257.12 -170577.70
V 4624 -822251.45 -170583.37
V 4632 -822243.70 -170585.45
V 4640 -822144.20 -170585.45
V 4648 -822144.20 -170625.45
V 4656 -822243.70 -170625.45
V 4664 -822251.45 -170627.53
V 4672 -822257.12 -170633.20
V 4680 -822259.20 -170640.95
V 4688 -822259.20 -170711.95
V 4696 -822257.12 -170719.70
V 4704 -822251.45 -170725.37
V 4712 -822243.70 -170727.45
V 4720 -822144.20 -170727.45
V 4728 -822144.20 -170767.45
V 4736 -822243.70 -170767.45
V 4744 -822251.45 -170769.53
V 4752 -822257.12 -170775.20
V 4760 -822259.20 -170782.95
V 4768 -822259.20 -170853.95
V 4776 -822257.12 -170861.70
V 4784 -822251.45 -170867.37
V 4792 -822243.70 -170869.45
V 4800 -822144.20 -170869.45
V 4808 -822144.20 -170909.45
V 4816 -822243.70 -170909.45
V 4824 -822251.45 -170911.53
V 4832 -822257.12 -170917.20
V 4840 -822259.20 -170924.95
V 4848 -822259.20 -170995.95
V 4856 -822257.12 -171003.70
V 4864 -822251.45 -171009.37
V 4872 -822243.70 -171011.45
V 4880 -822144.20 -171011.45
V 4888 -822144.20 -171051.45
V 4896 -822243.70 -171051.45
V 4904 -822251.45 -171053.53
V 4912 -822257.12 -171059.20
V 4920 -822259.20 -171066.95
V 4928 -822259.20 -171137.95
V 4936 -822257.12 -171145.70
V 4944 -822251.45 -171151.37
V 4952 -822243.70 -171153.45
V 4960 -822144.20 -171153.45
V 4968 -822144.20 -171193.45
V 4976 -822243.70 -171193.45
V 4984 -822251.45 -171195.53
V 4992 -822257.12 -171201.20
V 5000 -822259.20 -171208.95
V 5008 -822259.20 -171279.95
V 5016 -822257.12 -171287.70
V 5024 -822251.45 -171293.37
V 5032 -822243.70 -171295.45
V 5040 -822144.20 -171295.45
V 5048 -822144.20 -171335.45
V 5056 -822243.70 -171335.45
V 5064 -822251.45 -171337.53
V 5072 -822257.12 -171343.20
V 5080 -822259.20 -171350.95
V 5088 -822259.20 -171421.95
V 5096 -822257.12 -171429.70
V 5104 -822251.45 -171435.37
V 5112 -822243.70 -171437.45
V 5120 -822144.20 -171437.45
V 5128 -822144.20 -171477.45
V 5136 -822243.70 -171477.45
V 5144 -822251.45 -171479.53
V 5152 -822257.12 -171485.20
V 5160 -822259.20 -171492.95
V 5168 -822259.20 -171563.95
V 5176 -822257.12 -171571.70
V 5184 -822251.45 -171577.37
V 5192 -822243.70 -171579.45
V 5200 -822144.20 -171579.45
V 5208 -822144.20 -171619.45
V 5216 -822243.70 -171619.45
V 5224 -822251.45 -171621.53
V 5232 -822257.12 -171627.20
V 5240 -822259.20 -171634.95
V 5248 -822259.20 -171705.95
V 5256 -822257.12 -171713.70
V 5264 -822251.45 -171719.37
V 5272 -822243.70 -171721.45
V 5280 -822144.20 -171721.45
V 5288 -822144.20 -171761.45
V 5296 -822243.70 -171761.45
V 5304 -822251.45 -171763.53
V 5312 -822257.12 -171769.20
V 5320 -822259.20 -171776.95
V 5328 -822259.20 -171847.95
V 5336 -822257.12 -171855.70
V 5344 -822251.45 -171861.37
V 5352 -822243.70 -171863.45
V 5360 -822144.20 -171863.45
V 5368 -822144.20 -171903.45
V 5376 -822243.70 -171903.45
V 5384 -822251.45 -171905.53
V 5392 -822257.12 -171911.20
V 5400 -822259.20 -171918.95
V 5408 -822259.20 -171989.95
V 5416 -822257.12 -171997.70
V 5424 -822251.45 -172003.37
V 5432 -822243.70 -172005.45
V 5440 -822144.20 -172005.45
V 5448 -822144.20 -172045.45
V 5456 -822243.70 -172045.45
V 5464 -822251.45 -172047.53
V 5472 -822257.12 -172053.20
V 5480 -822259.20 -172060.95
V 5488 -822259.20 -172131.95
V 5496 -822257.12 -172139.70
V 5504 -822251.45 -172145.37
V 5512 -822243.70 -172147.45
V 5520 -822144.20 -172147.45
V 5528 -822144.20 -172187.45
V 5536 -822243.70 -172187.45
V 5544 -822251.45 -172189.53
V 5552 -822257.12 -172195.20
V 5560 -822259.20 -172202.95
V 5568 -822259.20 -172273.95
V 5576 -822257.12 -172281.70
V 5584 -822251.45 -172287.37
V 5592 -822243.70 -172289.45
V 5600 -822144.20 -172289.45
V 5608 -822144.20 -172329.45
V 5616 -822243.70 -172329.45
V 5624 -822251.45 -172331.53
V 5632 -822257.12 -172337.20
V 5640 -822259.20 -172344.95
V 5648 -822259.20 -172415.95
V 5656 -822257.12 -172423.70
V 5664 -822251.45 -172429.37
V 5672 -822243.70 -172431.45
V 5680 -822144.20 -172431.45
V 5688 -822144.20 -172471.45
V 5696 -822243.70 -172471.45
V 5704 -822251.45 -172473.53
V 5712 -822257.12 -172479.20
V 5720 -822259.20 -172486.95
V 5728 -822259.20 -172557.95
V 5736 -822257.12 -172565.70
V 5744 -822251.45 -172571.37
V 5752 -822243.70 -172573.45
V 5760 -822144.20 -172573.45
V 5768 -822144.20 -172613.45
V 5776 -822243.70 -172613.45
V 5784 -822251.45 -172615.53
V 5792 -822257.12 -172621.20
V 5800 -822259.20 -172628.95
V 5808 -822259.20 -172699.95
V 5816 -822257.12 -172707.70
V 5824 -822251.45 -172713.37
V 5832 -822243.70 -172715.45
V 5840 -822144.20 -172715.45
V 5848 -822144.20 -172755.45
V 5856 -822243.70 -172755.45
V 5864 -822251.45 -172757.53
V 5872 -822257.12 -172763.20
V 5880 -822259.20 -172770.95
V 5888 -822259.20 -172841.95
V 5896 -822257.12 -172849.70
V 5904 -822251.45 -172855.37
V 5912 -822243.70 -172857.45
V 5920 -822144.20 -172857.45
V 5928 -822144.20 -172897.45
V 5936 -822243.70 -172897.45
V 5944 -822251.45 -172899.53
V 5952 -822257.12 -172905.20
V 5960 -822259.20 -172912.95
V 5968 -822259.20 -172983.95
V 5976 -822257.12 -172991.70
V 5984 -822251.45 -172997.37
V 5992 -822243.70 -172999.45
V 6000 -822144.20 -172999.45
V 6008 -822144.20 -173039.45
V 6016 -822243.70 -173039.45
V 6024 -822251.45 -173041.53
V 6032 -822257.12 -173047.20
V 6040 -822259.20 -173054.95
V 6048 -822259.20 -173125.95
V 6056 -822257.12 -173133.70
V 6064 -822251.45 -173139.37
V 6072 -822243.70 -173141.45
V 6080 -822144.20 -173141.45
V 6088 -822144.20 -173181.45
V 6096 -822243.70 -173181.45
V 6104 -822251.45 -173183.53
V 6112 -822257.12 -173189.20
V 6120 -822259.20 -173196.95
V 6128 -822259.20 -173267.95
V 6136 -822257.12 -173275.70
V 6144 -822251.45 -173281.37
V 6152 -822243.70 -173283.45
V 6160 -822144.20 -173283.45
V 6168 -822144.20 -173323.45
V 6176 -822243.70 -173323.45
V 6184 -822251.45 -173325.53
V 6192 -822257.12 -173331.20
V 6200 -822259.20 -173338.95
V 6208 -822259.20 -173409.95
V 6216 -822257.12 -173417.70
V 6224 -822251.45 -173423.37
V 6232 -822243.70 -173425.45
V 6240 -822144.20 -173425.45
V 6248 -822144.20 -173465.45
V 6256 -822243.70 -173465.45
V 6264 -822251.45 -173467.53
V 6272 -822257.12 -173473.20
V 6280 -822259.20 -173480.95
V 6288 -822259.20 -173551.95
V 6296 -822257.12 -173559.70
V 6304 -822251.45 -173565.37
V 6312 -822243.70 -173567.45
V 6320 -822144.20 -173567.45
V 6328 -822144.20 -173607.45
V 6336 -822243.70 -173607.45
V 6344 -822251.45 -173609.53
V 6352 -822257.12 -173615.20
V 6360 -822259.20 -173622.95
V 6368 -822259.20 -173693.95
V 6376 -822257.12 -173701.70
V 6384 -822251.45 -173707.37
V 6392 -822243.70 -173709.45
V 6400 -822144.20 -173709.45
V 6408 -822144.20 -173749.45
V 6416 -822243.70 -173749.45
V 6424 -822251.45 -173751.53
V 6432 -822257.12 -173757.20
V 6440 -822259.20 -173764.95
V 6448 -822259.20 -173835.95
V 6456 -822257.12 -173843.70
V 6464 -822251.45 -173849.37
V 6472 -822243.70 -173851.45
V 6480 -822144.20 -173851.45
V 6488 -822144.20 -173891.45
V 6496 -822243.70 -173891.45
V 6504 -822251.45 -173893.53
V 6512 -822257.12 -173899.20
V 6520 -822259.20 -173906.95
V 6528 -822259.20 -173977.95
V 6536 -822257.12 -173985.70
V 6544 -822251.45 -173991.37
V 6552 -822243.70 -173993.45
V 6560 -822144.20 -173993.45
V 6568 -822144.20 -174033.45
V 6576 -822243.70 -174033.45
V 6584 -822251.45 -174035.53
V 6592 -822257.12 -174041.20
V 6600 -822259.20 -174048.95
V 6608 -822259.20 -174119.95
V 6616 -822257.12 -174127.70
V 6624 -822251.45 -174133.37
V 6632 -822243.70 -174135.45
V 6640 -822144.20 -174135.45
V 6648 -822144.20 -174175.45
V 6656 -822243.70 -174175.45
V 6664 -822251.45 -174177.53
V 6672 -822257.12 -174183.20
V 6680 -822259.20 -174190.95
V 6688 -822259.20 -174261.95
V 6696 -822257.12 -174269.70
V 6704 -822251.45 -174275.37
V 6712 -822243.70 -174277.45
V 6720 -822144.20 -174277.45
V 6728 -822144.20 -174317.45
V 6736 -822243.70 -174317.45
V 6744 -822251.45 -174319.53
V 6752 -822257.12 -174325.20
V 6760 -822259.20 -174332.95
V 6768 -822259.20 -174403.95
V 6776 -822257.12 -174411.70
V 6784 -822251.45 -174417.37
V 6792 -822243.70 -174419.45
V 6800 -822144.20 -174419.45
V 6808 -822144.20 -174459.45
V 6816 -822243.70 -174459.45
V 6824 -822251.45 -174461.53
V 6832 -822257.12 -174467.20
V 6840 -822259.20 -174474.95
V 6848 -822259.20 -174545.95
V 6856 -822257.12 -174553.70
V 6864 -822251.45 -174559.37
V 6872 -822243.70 -174561.45
V 6880 -822144.20 -174561.45
V 6888 -822144.20 -174601.45
V 6896 -822243.70 -174601.45
V 6904 -822251.45 -174603.53
V 6912 -822257.12 -174609.20
V 6920 -822259.20 -174616.95
V 6928 -822259.20 -174687.95
V 6936 -822257.12 -174695.70
V 6944 -822251.45 -174701.37
V 6952 -822243.70 -174703.45
V 6960 -822144.20 -174703.45
V 6968 -822144.20 -174743.45
V 6976 -822243.70 -174743.45
V 6984 -822251.45 -174745.53
V 6992 -822257.12 -174751.20
V 7000 -822259.20 -174758.95
V 7008 -822259.20 -174829.95
V 7016 -822257.12 -174837.70
V 7024 -822251.45 -174843.37
V 7032 -822243.70 -174845.45
V 7040 -822144.20 -174845.45
V 7048 -822144.20 -174885.45
V 7056 -822243.70 -174885.45
V 7064 -822251.45 -174887.53
V 7072 -822257.12 -174893.20
V 7080 -822259.20 -174900.95
V 7088 -822259.20 -174971.95
V 7096 -822257.12 -174979.70
V 7104 -822251.45 -174985.37
V 7112 -822243.70 -174987.45
V 7120 -822144.20 -174987.45
V 7128 -822144.20 -175027.45
V 7136 -822243.70 -175027.45
V 7144 -822251.45 -175029.53
V 7152 -822257.12 -175035.20
V 7160 -822259.20 -175042.95
V 7168 -822259.20 -175113.95
V 7176 -822257.12 -175121.70
V 7184 -822251.45 -175127.37
V 7192 -822243.70 -175129.45
V 7200 -822144.20 -175129.45
V 7208 -822144.20 -175169.45
V 7216 -822243.70 -175169.45
V 7224 -822251.45 -175171.53
V 7232 -822257.12 -175177.20
V 7240 -822259.20 -175184.95
V 7248 -822259.20 -175255.95
V 7256 -822257.12 -175263.70
V 7264 -822251.45 -175269.37
V 7272 -822243.70 -175271.45
V 7280 -822144.20 -175271.45
V 7288 -822144.20 -175311.45
V 7296 -822243.70 -175311.45
V 7304 -822251.45 -175313.53
V 7312 -822257.12 -175319.20
V 7320 -822259.20 -175326.95
V 7328 -822259.20 -175397.95
V 7336 -822257.12 -175405.70
V 7344 -822251.45 -175411.37
V 7352 -822243.70 -175413.45
V 7360 -822144.20 -175413.45
V 7368 -822144.20 -175453.45
V 7376 -822243.70 -175453.45
V 7384 -822251.45 -175455.53
V 7392 -822257.12 -175461.20
V 7400 -822259.20 -175468.95
V 7408 -822259.20 -175539.95
V 7416 -822257.12 -175547.70
V 7424 -822251.45 -175553.37
V 7432 -822243.70 -175555.45
V 7440 -822144.20 -175555.45
V 7448 -822144.20 -175595.45
V 7456 -822243.70 -175595.45
V 7464 -822251.45 -175597.53
V 7472 -822257.12 -175603.20
V 7480 -822259.20 -175610.95
V 7488 -822259.20 -175681.95
V 7496 -822257.12 -175689.70
V 7504 -822251.45 -175695.37
V 7512 -822243.70 -175697.45
V 7520 -822144.20 -175697.45
V 7528 -822144.20 -175737.45
V 7536 -822243.70 -175737.45
V 7544 -822251.45 -175739.53
V 7552 -822257.12 -175745.20
V 7560 -822259.20 -175752.95
V 7568 -822259.20 -175823.95
V 7576 -822257.12 -175831.70
V 7584 -822251.45 -175837.37
V 7592 -822243.70 -175839.45
V 7600 -822144.20 -175839.45
V 7608 -822144.20 -175879.45
V 7616 -822243.70 -175879.45
V 7624 -822251.45 -175881.53
V 7632 -822257.12 -175887.20
V 7640 -822259.20 -175894.95
V 7648 -822259.20 -175965.95
V 7656 -822257.12 -175973.70
V 7664 -822251.45 -175979.37
V 7672 -822243.70 -175981.45
V 7680 -822144.20 -175981.45
V 7688 -822144.20 -176021.45
V 7696 -822243.70 -176021.45
V 7704 -822251.45 -176023.53
V 7712 -822257.12 -176029.20
V 7720 -822259.20 -176036.95
V 7728 -822259.20 -176107.95
V 7736 -822257.12 -176115.70
V 7744 -822251.45 -176121.37
V 7752 -822243.70 -176123.45
V 7760 -822144.20 -176123.45
V 7768 -822144.20 -176163.45
V 7776 -822243.70 -176163.45
V 7784 -822251.45 -176165.53
V 7792 -822257.12 -176171.20
V 7800 -822259.20 -176178.95
V 7808 -822259.20 -176249.95
V 7816 -822257.12 -176257.70
V 7824 -822251.45 -176263.37
V 7832 -822243.70 -176265.45
V 7840 -822144.20 -176265.45
V 7848 -822144.20 -176305.45
V 7856 -822243.70 -176305.45
V 7864 -822251.45 -176307.53
V 7872 -822257.12 -176313.20
V 7880 -822259.20 -176320.95
V 7888 -822259.20 -176391.95
V 7896 -822257.12 -176399.70
V 7904 -822251.45 -176405.37
V 7912 -822243.70 -176407.45
V 7920 -822144.20 -176407.45
V 7928 -822144.20 -176447.45
V 7936 -822243.70 -176447.45
V 7944 -822251.45 -176449.53
V 7952 -822257.12 -176455.20
V 7960 -822259.20 -176462.95
V 7968 -822259.20 -176533.95
V 7976 -822257.12 -176541.70
V 7984 -822251.45 -176547.37
V 7992 -822243.70 -176549.45
V 8000 -822144.20 -176549.45
V 8008 -822144.20 -176589.45
V 8016 -822243.70 -176589.45
V 8024 -822251.45 -176591.53
V 8032 -822257.12 -176597.20
V 8040 -822259.20 -176604.95
V 8048 -822259.20 -176675.95
V 8056 -822257.12 -176683.70
V 8064 -822251.45 -176689.37
V 8072 -822243.70 -176691.45
V 8080 -822144.20 -176691.45
V 8088 -822144.20 -176731.45
V 8096 -822243.70 -176731.45
V 8104 -822251.45 -176733.53
V 8112 -822257.12 -176739.20
V 8120 -822259.20 -176746.95
V 8128 -822259.20 -176817.95
V 8136 -822257.12 -176825.70
V 8144 -822251.45 -176831.37
V 8152 -822243.70 -176833.45
V 8160 -822144.20 -176833.45
V 8168 -822144.20 -176873.45
V 8176 -822243.70 -176873.45
V 8184 -822251.45 -176875.53
V 8192 -822257.12 -176881.20
V 8200 -822259.20 -176888.95
V 8208 -822259.20 -176959.95
V 8216 -822257.12 -176967.70
V 8224 -822251.45 -176973.37
V 8232 -822243.70 -176975.45
V 8240 -822144.20 -176975.45
V 8248 -822144.20 -177015.45
V 8256 -822243.70 -177015.45
V 8264 -822251.45 -177017.53
V 8272 -822257.12 -177023.20
V 8280 -822259.20 -177030.95
V 8288 -822259.20 -177101.95
V 8296 -822257.12 -177109.70
V 8304 -822251.45 -177115.37
V 8312 -822243.70 -177117.45
V 8320 -822144.20 -177117.45
V 8328 -822144.20 -177157.45
V 8336 -822243.70 -177157.45
V 8344 -822251.45 -177159.53
V 8352 -822257.12 -177165.20
V 8360 -822259.20 -177172.95
V 8368 -822259.20 -177243.95
V 8376 -822257.12 -177251.70
V 8384 -822251.45 -177257.37
V 8392 -822243.70 -177259.45
V 8400 -822144.20 -177259.45
V 8408 -822144.20 -177299.45
V 8416 -822243.70 -177299.45
V 8424 -822251.45 -177301.53
V 8432 -822257.12 -177307.20
V 8440 -822259.20 -177314.95
V 8448 -822259.20 -177385.95
V 8456 -822257.12 -177393.70
V 8464 -822251.45 -177399.37
V 8472 -822243.70 -177401.45
V 8480 -822144.20 -177401.45
V 8488 -822144.20 -177441.45
V 8496 -822243.70 -177441.45
V 8504 -822251.45 -177443.53
V 8512 -822257.12 -177449.20
V 8520 -822259.20 -177456.95
V 8528 -822259.20 -177527.95
V 8536 -822257.12 -177535.70
V 8544 -822251.45 -177541.37
V 8552 -822243.70 -177543.45
V 8560 -822144.20 -177543.45
V 8568 -822144.20 -177583.45
V 8576 -822243.70 -177583.45
V 8584 -822251.45 -177585.53
V 8592 -822257.12 -177591.20
V 8600 -822259.20 -177598.95
V 8608 -822259.20 -177669.95
V 8616 -822257.12 -177677.70
V 8624 -822251.45 -177683.37
V 8632 -822243.70 -177685.45
V 8640 -822144.20 -177685.45
V 8648 -822144.20 -177725.45
V 8656 -822243.70 -177725.45
V 8664 -822251.45 -177727.53
V 8672 -822257.12 -177733.20
V 8680 -822259.20 -177740.95
V 8688 -822259.20 -177811.95
V 8696 -822257.12 -177819.70
V 8704 -822251.45 -177825.37
V 8712 -822243.70 -177827.45
V 8720 -822144.20 -177827.45
V 8728 -822144.20 -177867.45
V 8736 -822243.70 -177867.45
V 8744 -822251.45 -177869.53
V 8752 -822257.12 -177875.20
V 8760 -822259.20 -177882.95
V 8768 -822259.20 -177953.95
V 8776 -822257.12 -177961.70
V 8784 -822251.45 -177967.37
V 8792 -822243.70 -177969.45
V 8800 -822144.20 -177969.45
V 8808 -822144.20 -178009.45
V 8816 -822243.70 -178009.45
V 8824 -822251.45 -178011.53
V 8832 -822257.12 -178017.20
V 8840 -822259.20 -178024.95
V 8848 -822259.20 -178095.95
V 8856 -822257.12 -178103.70
V 8864 -822251.45 -178109.37
V 8872 -822243.70 -178111.45
V 8880 -822144.20 -178111.45
V 8888 -822144.20 -178151.45
V 8896 -822243.70 -178151.45
V 8904 -822251.45 -178153.53
V 8912 -822257.12 -178159.20
V 8920 -822259.20 -178166.95
V 8928 -822259.20 -178237.95
V 8936 -822257.12 -178245.70
V 8944 -822251.45 -178251.37
V 8952 -822243.70 -178253.45
V 8960 -822144.20 -178253.45
V 8968 -822144.20 -178293.45
V 8976 -822243.70 -178293.45
V 8984 -822251.45 -178295.53
V 8992 -822257.12 -178301.20
V 9000 -822259.20 -178308.95
V 9008 -822259.20 -178379.95
V 9016 -822257.12 -178387.70
V 9024 -822251.45 -178393.37
V 9032 -822243.70 -178395.45
V 9040 -822201.70 -178395.45
V 9048 -822201.70 -178404.45
V 9056 -822170.70 -178404.45
V 9064 -822170.70 -178379.95
V 9072 -822170.74 -178378.84
V 9080 -822170.86 -178377.74
V 9088 -822171.05 -178376.66
V 9096 -822171.33 -178375.58
V 9104 -822171.68 -178374.53
V 9112 -822172.10 -178373.51
V 9120 -822172.60 -178372.52
V 9128 -822173.16 -178371.57
V 9136 -822173.79 -178370.66
V 9144 -822174.49 -178369.80
V 9152 -822175.24 -178368.99
V 9160 -822176.05 -178368.24
V 9168 -822176.91 -178367.54
V 9176 -822177.82 -178366.91
V 9184 -822178.77 -178366.35
V 9192 -822179.76 -178365.85
V 9200 -822180.78 -178365.43
V 9208 -822181.83 -178365.08
V 9216 -822182.91 -178364.80
V 9224 -822183.99 -178364.61
V 9232 -822185.09 -178364.49
V 9240 -822186.20 -178364.45
V 9248 -822228.20 -178364.45
V 9256 -822228.20 -178324.45
V 9264 -822128.70 -178324.45
V 9272 -822120.95 -178322.37
V 9280 -822115.28 -178316.70
V 9288 -822113.20 -178308.95
V 9296 -822113.20 -178237.95
V 9304 -822115.28 -178230.20
V 9312 -822120.95 -178224.53
V 9320 -822128.70 -178222.45
V 9328 -822228.20 -178222.45
V 9336 -822228.20 -178182.45
V 9344 -822128.70 -178182.45
V 9352 -822120.95 -178180.37
V 9360 -822115.28 -178174.70
V 9368 -822113.20 -178166.95
V 9376 -822113.20 -178095.95
V 9384 -822115.28 -178088.20
V 9392 -822120.95 -178082.53
V 9400 -822128.70 -178080.45
V 9408 -822228.20 -178080.45
V 9416 -822228.20 -178040.45
V 9424 -822128.70 -178040.45
V 9432 -822120.95 -178038.37
V 9440 -822115.28 -178032.70
V 9448 -822113.20 -178024.95
V 9456 -822113.20 -177953.95
V 9464 -822115.28 -177946.20
V 9472 -822120.95 -177940.53
V 9480 -822128.70 -177938.45
V 9488 -822228.20 -177938.45
V 9496 -822228.20 -177898.45
V 9504 -822128.70 -177898.45
V 9512 -822120.95 -177896.37
V 9520 -822115.28 -177890.70
V 9528 -822113.20 -177882.95
V 9536 -822113.20 -177811.95
V 9544 -822115.28 -177804.20
V 9552 -822120.95 -177798.53
V 9560 -822128.70 -177796.45
V 9568 -822228.20 -177796.45
V 9576 -822228.20 -177756.45
V 9584 -822128.70 -177756.45
V 9592 -822120.95 -177754.37
V 9600 -822115.28 -177748.70
V 9608 -822113.20 -177740.95
V 9616 -822113.20 -177669.95
V 9624 -822115.28 -177662.20
V 9632 -822120.95 -177656.53
V 9640 -822128.70 -177654.45
V 9648 -822228.20 -177654.45
V 9656 -822228.20 -177614.45
V 9664 -822128.70 -177614.45
V 9672 -822120.95 -177612.37
V 9680 -822115.28 -177606.70
V 9688 -822113.20 -177598.95
V 9696 -822113.20 -177527.95
V 9704 -822115.28 -177520.20
V 9712 -822120.95 -177514.53
V 9720 -822128.70 -177512.45
V 9728 -822228.20 -177512.45
V 9736 -822228.20 -177472.45
V 9744 -822128.70 -177472.45
V 9752 -822120.95 -177470.37
V 9760 -822115.28 -177464.70
V 9768 -822113.20 -177456.95
V 9776 -822113.20 -177385.95
V 9784 -822115.28 -177378.20
V 9792 -822120.95 -177372.53
V 9800 -822128.70 -177370.45
V 9808 -822228.20 -177370.45
V 9816 -822228.20 -177330.45
V 9824 -822128.70 -177330.45
V 9832 -822120.95 -177328.37
V 9840 -822115.28 -177322.70
V 9848 -822113.20 -177314.95
V 9856 -822113.20 -177243.95
V 9864 -822115.28 -177236.20
V 9872 -822120.95 -177230.53
V 9880 -822128.70 -177228.45
V 9888 -822228.20 -177228.45
V 9896 -822228.20 -177188.45
V 9904 -822128.70 -177188.45
V 9912 -822120.95 -177186.37
V 9920 -822115.28 -177180.70
V 9928 -822113.20 -177172.95
V 9936 -822113.20 -177101.95
V 9944 -822115.28 -177094.20
V 9952 -822120.95 -177088.53
V 9960 -822128.70 -177086.45
V 9968 -822228.20 -177086.45
V 9976 -822228.20 -177046.45
V 9984 -822128.70 -177046.45
V 9992 -822120.95 -177044.37
V 10000 -822115.28 -177038.70
V 10008 -822113.20 -177030.95
V 10016 -822113.20 -176959.95
V 10024 -822115.28 -176952.20
V 10032 -822120.95 -176946.53
V 10040 -822128.70 -176944.45
V 10048 -822228.20 -176944.45
V 10056 -822228.20 -176904.45
V 10064 -822128.70 -176904.45
V 10072 -822120.95 -176902.37
V 10080 -822115.28 -176896.70
V 10088 -822113.20 -176888.95
V 10096 -822113.20 -176817.95
V 10104 -822115.28 -176810.20
V 10112 -822120.95 -176804.53
V 10120 -822128.70 -176802.45
V 10128 -822228.20 -176802.45
V 10136 -822228.20 -176762.45
V 10144 -822128.70 -176762.45
V 10152 -822120.95 -176760.37
V 10160 -822115.28 -176754.70
V 10168 -822113.20 -176746.95
V 10176 -822113.20 -176675.95
V 10184 -822115.28 -176668.20
V 10192 -822120.95 -176662.53
V 10200 -822128.70 -176660.45
V 10208 -822228.20 -176660.45
V 10216 -822228.20 -176620.45
V 10224 -822128.70 -176620.45
V 10232 -822120.95 -176618.37
V 10240 -822115.28 -176612.70
V 10248 -822113.20 -176604.95
V 10256 -822113.20 -176533.95
V 10264 -822115.28 -176526.20
V 10272 -822120.95 -176520.53
V 10280 -822128.70 -176518.45
V 10288 -822228.20 -176518.45
V 10296 -822228.20 -176478.45
V 10304 -822128.70 -176478.45
V 10312 -822120.95 -176476.37
V 10320 -822115.28 -176470.70
V 10328 -822113.20 -176462.95
V 10336 -822113.20 -176391.95
V 10344 -822115.28 -176384.20
V 10352 -822120.95 -176378.53
V 10360 -822128.70 -176376.45
V 10368 -822228.20 -176376.45
V 10376 -822228.20 -176336.45
V 10384 -822128.70 -176336.45
V 10392 -822120.95 -176334.37
V 10400 -822115.28 -176328.70
V 10408 -822113.20 -176320.95
V 10416 -822113.20 -176249.95
V 10424 -822115.28 -176242.20
V 10432 -822120.95 -176236.53
V 10440 -822128.70 -176234.45
V 10448 -822228.20 -176234.45
V 10456 -822228.20 -176194.45
V 10464 -822128.70 -176194.45
V 10472 -822120.95 -176192.37
V 10480 -822115.28 -176186.70
V 10488 -822113.20 -176178.95
V 10496 -822113.20 -176107.95
V 10504 -822115.28 -176100.20
V 10512 -822120.95 -176094.53
V 10520 -822128.70 -176092.45
V 10528 -822228.20 -176092.45
V 10536 -822228.20 -176052.45
V 10544 -822128.70 -176052.45
V 10552 -822120.95 -176050.37
V 10560 -822115.28 -176044.70
V 10568 -822113.20 -176036.95
V 10576 -822113.20 -175965.95
V 10584 -822115.28 -175958.20
V 10592 -822120.95 -175952.53
V 10600 -822128.70 -175950.45
V 10608 -822228.20 -175950.45
V 10616 -822228.20 -175910.45
V 10624 -822128.70 -175910.45
V 10632 -822120.95 -175908.37
V 10640 -822115.28 -175902.70
V 10648 -822113.20 -175894.95
V 10656 -822113.20 -175823.95
V 10664 -822115.28 -175816.20
V 10672 -822120.95 -175810.53
V 10680 -822128.70 -175808.45
V 10688 -822228.20 -175808.45
V 10696 -822228.20 -175768.45
V 10704 -822128.70 -175768.45
V 10712 -822120.95 -175766.37
V 10720 -822115.28 -175760.70
V 10728 -822113.20 -175752.95
V 10736 -822113.20 -175681.95
V 10744 -822115.28 -175674.20
V 10752 -822120.95 -175668.53
V 10760 -822128.70 -175666.45
V 10768 -822228.20 -175666.45
V 10776 -822228.20 -175626.45
V 10784 -822128.70 -175626.45
V 10792 -822120.95 -175624.37
V 10800 -822115.28 -175618.70
V 10808 -822113.20 -175610.95
V 10816 -822113.20 -175539.95
V 10824 -822115.28 -175532.20
V 10832 -822120.95 -175526.53
V 10840 -822128.70 -175524.45
V 10848 -822228.20 -175524.45
V 10856 -822228.20 -175484.45
V 10864 -822128.70 -175484.45
V 10872 -822120.95 -175482.37
V 10880 -822115.28 -175476.70
V 10888 -822113.20 -175468.95
V 10896 -822113.20 -175397.95
V 10904 -822115.28 -175390.20
V 10912 -822120.95 -175384.53
V 10920 -822128.70 -175382.45
V 10928 -822228.20 -175382.45
V 10936 -822228.20 -175342.45
V 10944 -822128.70 -175342.45
V 10952 -822120.95 -175340.37
V 10960 -822115.28 -175334.70
V 10968 -822113.20 -175326.95
V 10976 -822113.20 -175255.95
V 10984 -822115.28 -175248.20
V 10992 -822120.95 -175242.53
V 11000 -822128.70 -175240.45
V 11008 -822228.20 -175240.45
V 11016 -822228.20 -175200.45
V 11024 -822128.70 -175200.45
V 11032 -822120.95 -175198.37
V 11040 -822115.28 -175192.70
V 11048 -822113.20 -175184.95
V 11056 -822113.20 -175113.95
V 11064 -822115.28 -175106.20
V 11072 -822120.95 -175100.53
V 11080 -822128.70 -175098.45
V 11088 -822228.20 -175098.45
V 11096 -822228.20 -175058.45
V 11104 -822128.70 -175058.45
V 11112 -822120.95 -175056.37
V 11120 -822115.28 -175050.70
V 11128 -822113.20 -175042.95
V 11136 -822113.20 -174971.95
V 11144 -822115.28 -174964.20
V 11152 -822120.95 -174958.53
V 11160 -822128.70 -174956.45
V 11168 -822228.20 -174956.45
V 11176 -822228.20 -174916.45
V 11184 -822128.70 -174916.45
V 11192 -822120.95 -174914.37
V 11200 -822115.28 -174908.70
V 11208 -822113.20 -174900.95
V 11216 -822113.20 -174829.95
V 11224 -822115.28 -174822.20
V 11232 -822120.95 -174816.53
V 11240 -822128.70 -174814.45
V 11248 -822228.20 -174814.45
V 11256 -822228.20 -174774.45
V 11264 -822128.70 -174774.45
V 11272 -822120.95 -174772.37
V 11280 -822115.28 -174766.70
V 11288 -822113.20 -174758.95
V 11296 -822113.20 -174687.95
V 11304 -822115.28 -174680.20
V 11312 -822120.95 -174674.53
V 11320 -822128.70 -174672.45
V 11328 -822228.20 -174672.45
V 11336 -822228.20 -174632.45
V 11344 -822128.70 -174632.45
V 11352 -822120.95 -174630.37
V 11360 -822115.28 -174624.70
V 11368 -822113.20 -174616.95
V 11376 -822113.20 -174545.95
V 11384 -822115.28 -174538.20
V 11392 -822120.95 -174532.53
V 11400 -822128.70 -174530.45
V 11408 -822228.20 -174530.45
V 11416 -822228.20 -174490.45
V 11424 -822128.70 -174490.45
V 11432 -822120.95 -174488.37
V 11440 -822115.28 -174482.70
V 11448 -822113.20 -174474.95
V 11456 -822113.20 -174403.95
V 11464 -822115.28 -174396.20
V 11472 -822120.95 -174390.53
V 11480 -822128.70 -174388.45
V 11488 -822228.20 -174388.45
V 11496 -822228.20 -174348.45
V 11504 -822128.70 -174348.45
V 11512 -822120.95 -174346.37
V 11520 -822115.28 -174340.70
V 11528 -822113.20 -174332.95
V 11536 -822113.20 -174261.95
V 11544 -822115.28 -174254.20
V 11552 -822120.95 -174248.53
V 11560 -822128.70 -174246.45
V 11568 -822228.20 -174246.45
V 11576 -822228.20 -174206.45
V 11584 -822128.70 -174206.45
V 11592 -822120.95 -174204.37
V 11600 -822115.28 -174198.70
V 11608 -822113.20 -174190.95
V 11616 -822113.20 -174119.95
V 11624 -822115.28 -174112.20
V 11632 -822120.95 -174106.53
V 11640 -822128.70 -174104.45
V 11648 -822228.20 -174104.45
V 11656 -822228.20 -174064.45
V 11664 -822128.70 -174064.45
V 11672 -822120.95 -174062.37
V 11680 -822115.28 -174056.70
V 11688 -822113.20 -174048.95
V 11696 -822113.20 -173977.95
V 11704 -822115.28 -173970.20
V 11712 -822120.95 -173964.53
V 11720 -822128.70 -173962.45
V 11728 -822228.20 -173962.45
V 11736 -822228.20 -173922.45
V 11744 -822128.70 -173922.45
V 11752 -822120.95 -173920.37
V 11760 -822115.28 -173914.70
V 11768 -822113.20 -173906.95
V 11776 -822113.20 -173835.95
V 11784 -822115.28 -173828.20
V 11792 -822120.95 -173822.53
V 11800 -822128.70 -173820.45
V 11808 -822228.20 -173820.45
V 11816 -822228.20 -173780.45
V 11824 -822128.70 -173780.45
V 11832 -822120.95 -173778.37
V 11840 -822115.28 -173772.70
V 11848 -822113.20 -173764.95
V 11856 -822113.20 -173693.95
V 11864 -822115.28 -173686.20
V 11872 -822120.95 -173680.53
V 11880 -822128.70 -173678.45
V 11888 -822228.20 -173678.45
V 11896 -822228.20 -173638.45
V 11904 -822128.70 -173638.45
V 11912 -822120.95 -173636.37
V 11920 -822115.28 -173630.70
V 11928 -822113.20 -173622.95
V 11936 -822113.20 -173551.95
V 11944 -822115.28 -173544.20
V 11952 -822120.95 -173538.53
V 11960 -822128.70 -173536.45
V 11968 -822228.20 -173536.45
V 11976 -822228.20 -173496.45
V 11984 -822128.70 -173496.45
V 11992 -822120.95 -173494.37
V 12000 -822115.28 -173488.70
V 12008 -822113.20 -173480.95
V 12016 -822113.20 -173409.95
V 12024 -822115.28 -173402.20
V 12032 -822120.95 -173396.53
V 12040 -822128.70 -173394.45
V 12048 -822228.20 -173394.45
V 12056 -822228.20 -173354.45
V 12064 -822128.70 -173354.45
V 12072 -822120.95 -173352.37
V 12080 -822115.28 -173346.70
V 12088 -822113.20 -173338.95
V 12096 -822113.20 -173267.95
V 12104 -822115.28 -173260.20
V 12112 -822120.95 -173254.53
V 12120 -822128.70 -173252.45
V 12128 -822228.20 -173252.45
V 12136 -822228.20 -173212.45
V 12144 -822128.70 -173212.45
V 12152 -822120.95 -173210.37
V 12160 -822115.28 -173204.70
V 12168 -822113.20 -173196.95
V 12176 -822113.20 -173125.95
V 12184 -822115.28 -173118.20
V 12192 -822120.95 -173112.53
V 12200 -822128.70 -173110.45
V 12208 -822228.20 -173110.45
V 12216 -822228.20 -173070.45
V 12224 -822128.70 -173070.45
V 12232 -822120.95 -173068.37
V 12240 -822115.28 -173062.70
V 12248 -822113.20 -173054.95
V 12256 -822113.20 -172983.95
V 12264 -822115.28 -172976.20
V 12272 -822120.95 -172970.53
V 12280 -822128.70 -172968.45
V 12288 -822228.20 -172968.45
V 12296 -822228.20 -172928.45
V 12304 -822128.70 -172928.45
V 12312 -822120.95 -172926.37
V 12320 -822115.28 -172920.70
V 12328 -822113.20 -172912.95
V 12336 -822113.20 -172841.95
V 12344 -822115.28 -172834.20
V 12352 -822120.95 -172828.53
V 12360 -822128.70 -172826.45
V 12368 -822228.20 -172826.45
V 12376 -822228.20 -172786.45
V 12384 -822128.70 -172786.45
V 12392 -822120.95 -172784.37
V 12400 -822115.28 -172778.70
V 12408 -822113.20 -172770.95
V 12416 -822113.20 -172699.95
V 12424 -822115.28 -172692.20
V 12432 -822120.95 -172686.53
V 12440 -822128.70 -172684.45
V 12448 -822228.20 -172684.45
V 12456 -822228.20 -172644.45
V 12464 -822128.70 -172644.45
V 12472 -822120.95 -172642.37
V 12480 -822115.28 -172636.70
V 12488 -822113.20 -172628.95
V 12496 -822113.20 -172557.95
V 12504 -822115.28 -172550.20
V 12512 -822120.95 -172544.53
V 12520 -822128.70 -172542.45
V 12528 -822228.20 -172542.45
V 12536 -822228.20 -172502.45
V 12544 -822128.70 -172502.45
V 12552 -822120.95 -172500.37
V 12560 -822115.28 -172494.70
V 12568 -822113.20 -172486.95
V 12576 -822113.20 -172415.95
V 12584 -822115.28 -172408.20
V 12592 -822120.95 -172402.53
V 12600 -822128.70 -172400.45
V 12608 -822228.20 -172400.45
V 12616 -822228.20 -172360.45
V 12624 -822128.70 -172360.45
V 12632 -822120.95 -172358.37
V 12640 -822115.28 -172352.70
V 12648 -822113.20 -172344.95
V 12656 -822113.20 -172273.95
V 12664 -822115.28 -172266.20
V 12672 -822120.95 -172260.53
V 12680 -822128.70 -172258.45
V 12688 -822228.20 -172258.45
V 12696 -822228.20 -172218.45
V 12704 -822128.70 -172218.45
V 12712 -822120.95 -172216.37
V 12720 -822115.28 -172210.70
V 12728 -822113.20 -172202.95
V 12736 -822113.20 -172131.95
V 12744 -822115.28 -172124.20
V 12752 -822120.95 -172118.53
V 12760 -822128.70 -172116.45
V 12768 -822228.20 -172116.45
V 12776 -822228.20 -172076.45
V 12784 -822128.70 -172076.45
V 12792 -822120.95 -172074.37
V 12800 -822115.28 -172068.70
V 12808 -822113.20 -172060.95
V 12816 -822113.20 -171989.95
V 12824 -822115.28 -171982.20
V 12832 -822120.95 -171976.53
V 12840 -822128.70 -171974.45
V 12848 -822228.20 -171974.45
V 12856 -822228.20 -171934.45
V 12864 -822128.70 -171934.45
V 12872 -822120.95 -171932.37
V 12880 -822115.28 -171926.70
V 12888 -822113.20 -171918.95
V 12896 -822113.20 -171847.95
V 12904 -822115.28 -171840.20
V 12912 -822120.95 -171834.53
V 12920 -822128.70 -171832.45
V 12928 -822228.20 -171832.45
V 12936 -822228.20 -171792.45
V 12944 -822128.70 -171792.45
V 12952 -822120.95 -171790.37
V 12960 -822115.28 -171784.70
V 12968 -822113.20 -171776.95
V 12976 -822113.20 -171705.95
V 12984 -822115.28 -171698.20
V 12992 -822120.95 -171692.53
V 13000 -822128.70 -171690.45
V 13008 -822228.20 -171690.45
V 13016 -822228.20 -171650.45
V 13024 -822128.70 -171650.45
V 13032 -822120.95 -171648.37
V 13040 -822115.28 -171642.70
V 13048 -822113.20 -171634.95
V 13056 -822113.20 -171563.95
V 13064 -822115.28 -171556.20
V 13072 -822120.95 -171550.53
V 13080 -822128.70 -171548.45
V 13088 -822228.20 -171548.45
V 13096 -822228.20 -171508.45
V 13104 -822128.70 -171508.45
V 13112 -822120.95 -171506.37
V 13120 -822115.28 -171500.70
V 13128 -822113.20 -171492.95
V 13136 -822113.20 -171421.95
V 13144 -822115.28 -171414.20
V 13152 -822120.95 -171408.53
V 13160 -822128.70 -171406.45
V 13168 -822228.20 -171406.45
V 13176 -822228.20 -171366.45
V 13184 -822128.70 -171366.45
V 13192 -822120.95 -171364.37
V 13200 -822115.28 -171358.70
V 13208 -822113.20 -171350.95
V 13216 -822113.20 -171279.95
V 13224 -822115.28 -171272.20
V 13232 -822120.95 -171266.53
V 13240 -822128.70 -171264.45
V 13248 -822228.20 -171264.45
V 13256 -822228.20 -171224.45
V 13264 -822128.70 -171224.45
V 13272 -822120.95 -171222.37
V 13280 -822115.28 -171216.70
V 13288 -822113.20 -171208.95
V 13296 -822113.20 -171137.95
V 13304 -822115.28 -171130.20
V 13312 -822120.95 -171124.53
V 13320 -822128.70 -171122.45
V 13328 -822228.20 -171122.45
V 13336 -822228.20 -171082.45
V 13344 -822128.70 -171082.45
V 13352 -822120.95 -171080.37
V 13360 -822115.28 -171074.70
V 13368 -822113.20 -171066.95
V 13376 -822113.20 -170995.95
V 13384 -822115.28 -170988.20
V 13392 -822120.95 -170982.53
V 13400 -822128.70 -170980.45
V 13408 -822228.20 -170980.45
V 13416 -822228.20 -170940.45
V 13424 -822128.70 -170940.45
V 13432 -822120.95 -170938.37
V 13440 -822115.28 -170932.70
V 13448 -822113.20 -170924.95
V 13456 -822113.20 -170853.95
V 13464 -822115.28 -170846.20
V 13472 -822120.95 -170840.53
V 13480 -822128.70 -170838.45
V 13488 -822228.20 -170838.45
V 13496 -822228.20 -170798.45
V 13504 -822128.70 -170798.45
V 13512 -822120.95 -170796.37
V 13520 -822115.28 -170790.70
V 13528 -822113.20 -170782.95
V 13536 -822113.20 -170711.95
V 13544 -822115.28 -170704.20
V 13552 -822120.95 -170698.53
V 13560 -822128.70 -170696.45
V 13568 -822228.20 -170696.45
V 13576 -822228.20 -170656.45
V 13584 -822128.70 -170656.45
V 13592 -822120.95 -170654.37
V 13600 -822115.28 -170648.70
V 13608 -822113.20 -170640.95
V 13616 -822113.20 -170569.95
V 13624 -822115.28 -170562.20
V 13632 -822120.95 -170556.53
V 13640 -822128.70 -170554.45
V 13648 -822228.20 -170554.45
V 13656 -822228.20 -170514.45
V 13664 -822128.70 -170514.45
V 13672 -822120.95 -170512.37
V 13680 -822115.28 -170506.70
V 13688 -822113.20 -170498.95
V 13696 -822113.20 -170427.95
V 13704 -822115.28 -170420.20
V 13712 -822120.95 -170414.53
V 13720 -822128.70 -170412.45
V 13728 -822228.20 -170412.45
V 13736 -822228.20 -170372.45
V 13744 -822128.70 -170372.45
V 13752 -822120.95 -170370.37
V 13760 -822115.28 -170364.70
V 13768 -822113.20 -170356.95
V 13776 -822113.20 -170285.95
V 13784 -822115.28 -170278.20
V 13792 -822120.95 -170272.53
V 13800 -822128.70 -170270.45
V 13808 -822228.20 -170270.45
V 13816 -822228.20 -170230.45
V 13824 -822128.70 -170230.45
V 13832 -822120.95 -170228.37
V 13840 -822115.28 -170222.70
V 13848 -822113.20 -170214.95
V 13856 -822113.20 -170143.95
V 13864 -822115.28 -170136.20
V 13872 -822120.95 -170130.53
V 13880 -822128.70 -170128.45
V 13888 -822228.20 -170128.45
V 13896 -822228.20 -170088.45
V 13904 -822128.70 -170088.45
V 13912 -822120.95 -170086.37
V 13920 -822115.28 -170080.70
V 13928 -822113.20 -170072.95
V 13936 -822113.20 -170001.95
V 13944 -822115.28 -169994.20
V 13952 -822120.95 -169988.53
V 13960 -822128.70 -169986.45
V 13968 -822228.20 -169986.45
V 13976 -822228.20 -169946.45
V 13984 -822128.70 -169946.45
V 13992 -822120.95 -169944.37
V 14000 -822115.28 -169938.70
V 14008 -822113.20 -169930.95
V 14016 -822113.20 -169859.95
V 14024 -822115.28 -169852.20
V 14032 -822120.95 -169846.53
V 14040 -822128.70 -169844.45
V 14048 -822228.20 -169844.45
V 14056 -822228.20 -169804.45
V 14064 -822128.70 -169804.45
V 14072 -822120.95 -169802.37
V 14080 -822115.28 -169796.70
V 14088 -822113.20 -169788.95
V 14096 -822113.20 -169717.95
V 14104 -822115.28 -169710.20
V 14112 -822120.95 -169704.53
V 14120 -822128.70 -169702.45
V 14128 -822228.20 -169702.45
V 14136 -822228.20 -169662.45
V 14144 -822128.70 -169662.45
V 14152 -822120.95 -169660.37
V 14160 -822115.28 -169654.70
V 14168 -822113.20 -169646.95
V 14176 -822113.20 -169575.95
V 14184 -822115.28 -169568.20
V 14192 -822120.95 -169562.53
V 14200 -822128.70 -169560.45
V 14208 -822228.20 -169560.45
V 14216 -822228.20 -169520.45
V 14224 -822128.70 -169520.45
V 14232 -822120.95 -169518.37
V 14240 -822115.28 -169512.70
V 14248 -822113.20 -169504.95
V 14256 -822113.20 -169433.95
V 14264 -822115.28 -169426.20
V 14272 -822120.95 -169420.53
V 14280 -822128.70 -169418.45
V 14288 -822228.20 -169418.45
V 14296 -822228.20 -169378.45
V 14304 -822128.70 -169378.45
V 14312 -822120.95 -169376.37
V 14320 -822115.28 -169370.70
V 14328 -822113.20 -169362.95
V 14336 -822113.20 -169291.95
V 14344 -822115.28 -169284.20
V 14352 -822120.95 -169278.53
V 14360 -822128.70 -169276.45
V 14368 -822228.20 -169276.45
V 14376 -822228.20 -169236.45
V 14384 -822128.70 -169236.45
V 14392 -822120.95 -169234.37
V 14400 -822115.28 -169228.70
V 14408 -822113.20 -169220.95
V 14416 -822113.20 -169149.95
V 14424 -822115.28 -169142.20
V 14432 -822120.95 -169136.53
V 14440 -822128.70 -169134.45
V 14448 -822228.20 -169134.45
V 14456 -822228.20 -169094.45
V 14464 -822128.70 -169094.45
V 14472 -822120.95 -169092.37
V 14480 -822115.28 -169086.70
V 14488 -822113.20 -169078.95
V 14496 -822113.20 -169007.95
V 14504 -822115.28 -169000.20
V 14512 -822120.95 -168994.53
V 14520 -822128.70 -168992.45
V 14528 -822228.20 -168992.45
V 14536 -822228.20 -168952.45
V 14544 -822128.70 -168952.45
V 14552 -822120.95 -168950.37
V 14560 -822115.28 -168944.70
V 14568 -822113.20 -168936.95
V 14576 -822113.20 -168865.95
V 14584 -822115.28 -168858.20
V 14592 -822120.95 -168852.53
V 14600 -822128.70 -168850.45
V 14608 -822228.20 -168850.45
V 14616 -822228.20 -168810.45
V 14624 -822128.70 -168810.45
V 14632 -822120.95 -168808.37
V 14640 -822115.28 -168802.70
V 14648 -822113.20 -168794.95
V 14656 -822113.20 -168723.95
V 14664 -822115.28 -168716.20
V 14672 -822120.95 -168710.53
V 14680 -822128.70 -168708.45
V 14688 -822228.20 -168708.45
V 14696 -822228.20 -168668.45
V 14704 -822128.70 -168668.45
V 14712 -822120.95 -168666.37
V 14720 -822115.28 -168660.70
V 14728 -822113.20 -168652.95
V 14736 -822113.20 -168581.95
V 14744 -822115.28 -168574.20
V 14752 -822120.95 -168568.53
V 14760 -822128.70 -168566.45
V 14768 -822228.20 -168566.45
V 14776 -822228.20 -168526.45
V 14784 -822128.70 -168526.45
V 14792 -822120.95 -168524.37
V 14800 -822115.28 -168518.70
V 14808 -822113.20 -168510.95
V 14816 -822113.20 -168439.95
V 14824 -822115.28 -168432.20
V 14832 -822120.95 -168426.53
V 14840 -822128.70 -168424.45
V 14848 -822228.20 -168424.45
V 14856 -822228.20 -168384.45
V 14864 -822128.70 -168384.45
V 14872 -822120.95 -168382.37
V 14880 -822115.28 -168376.70
V 14888 -822113.20 -168368.95
V 14896 -822113.20 -168297.95
V 14904 -822115.28 -168290.20
V 14912 -822120.95 -168284.53
V 14920 -822128.70 -168282.45
V 14928 -822228.20 -168282.45
V 14936 -822228.20 -168242.45
V 14944 -822128.70 -168242.45
V 14952 -822120.95 -168240.37
V 14960 -822115.28 -168234.70
V 14968 -822113.20 -168226.95
V 14976 -822113.20 -168155.95
V 14984 -822115.28 -168148.20
V 14992 -822120.95 -168142.53
V 15000 -822128.70 -168140.45
V 15008 -822228.20 -168140.45
V 15016 -822228.20 -168100.45
V 15024 -822128.70 -168100.45
V 15032 -822120.95 -168098.37
V 15040 -822115.28 -168092.70
V 15048 -822113.20 -168084.95
V 15056 -822113.20 -168013.95
V 15064 -822115.28 -168006.20
V 15072 -822120.95 -168000.53
V 15080 -822128.70 -167998.45
V 15088 -822228.20 -167998.45
V 15096 -822228.20 -167958.45
V 15104 -822128.70 -167958.45
V 15112 -822120.95 -167956.37
V 15120 -822115.28 -167950.70
V 15128 -822113.20 -167942.95
V 15136 -822113.20 -167871.95
V 15144 -822115.28 -167864.20
V 15152 -822120.95 -167858.53
V 15160 -822128.70 -167856.45
V 15168 -822228.20 -167856.45
V 15176 -822228.20 -167816.45
V 15184 -822128.70 -167816.45
V 15192 -822120.95 -167814.37
V 15200 -822115.28 -167808.70
V 15208 -822113.20 -167800.95
V 15216 -822113.20 -167729.95
V 15224 -822115.28 -167722.20
V 15232 -822120.95 -167716.53
V 15240 -822128.70 -167714.45
V 15248 -822228.20 -167714.45
V 15256 -822228.20 -167674.45
V 15264 -822128.70 -167674.45
V 15272 -822120.95 -167672.37
V 15280 -822115.28 -167666.70
V 15288 -822113.20 -167658.95
V 15296 -822113.20 -167587.95
V 15304 -822115.28 -167580.20
V 15312 -822120.95 -167574.53
V 15320 -822128.70 -167572.45
V 15328 -822228.20 -167572.45
V 15336 -822228.20 -167532.45
V 15344 -822128.70 -167532.45
V 15352 -822120.95 -167530.37
V 15360 -822115.28 -167524.70
V 15368 -822113.20 -167516.95
V 15376 -822113.20 -167445.95
V 15384 -822115.28 -167438.20
V 15392 -822120.95 -167432.53
V 15400 -822128.70 -167430.45
V 15408 -822228.20 -167430.45
V 15416 -822228.20 -167390.45
V 15424 -822128.70 -167390.45
V 15432 -822120.95 -167388.37
V 15440 -822115.28 -167382.70
V 15448 -822113.20 -167374.95
V 15456 -822113.20 -167303.95
V 15464 -822115.28 -167296.20
V 15472 -822120.95 -167290.53
V 15480 -822128.70 -167288.45
V 15488 -822228.20 -167288.45
V 15496 -822228.20 -167248.45
V 15504 -822128.70 -167248.45
V 15512 -822120.95 -167246.37
V 15520 -822115.28 -167240.70
V 15528 -822113.20 -167232.95
V 15536 -822113.20 -167161.95
V 15544 -822115.28 -167154.20
V 15552 -822120.95 -167148.53
V 15560 -822128.70 -167146.45
V 15568 -822228.20 -167146.45
V 15576 -822228.20 -167106.45
V 15584 -822128.70 -167106.45
V 15592 -822120.95 -167104.37
V 15600 -822115.28 -167098.70
V 15608 -822113.20 -167090.95
V 15616 -822113.20 -167019.95
V 15624 -822115.28 -167012.20
V 15632 -822120.95 -167006.53
V 15640 -822128.70 -167004.45
V 15648 -822228.20 -167004.45
V 15656 -822228.20 -166964.45
V 15664 -822128.70 -166964.45
V 15672 -822120.95 -166962.37
V 15680 -822115.28 -166956.70
V 15688 -822113.20 -166948.95
V 15696 -822113.20 -166877.95
V 15704 -822115.28 -166870.20
V 15712 -822120.95 -166864.53
V 15720 -822128.70 -166862.45
V 15728 -822228.20 -166862.45
V 15736 -822228.20 -166822.45
V 15744 -822128.70 -166822.45
V 15752 -822120.95 -166820.37
V 15760 -822115.28 -166814.70
V 15768 -822113.20 -166806.95
V 15776 -822113.20 -166735.95
V 15784 -822115.28 -166728.20
V 15792 -822120.95 -166722.53
V 15800 -822128.70 -166720.45
V 15808 -822228.20 -166720.45
V 15816 -822228.20 -166680.45
V 15824 -822128.70 -166680.45
V 15832 -822120.95 -166678.37
V 15840 -822115.28 -166672.70
V 15848 -822113.20 -166664.95
V 15856 -822113.20 -166593.95
V 15864 -822115.28 -166586.20
V 15872 -822120.95 -166580.53
V 15880 -822128.70 -166578.45
V 15888 -822228.20 -166578.45
V 15896 -822228.20 -166538.45
V 15904 -822128.70 -166538.45
V 15912 -822120.95 -166536.37
V 15920 -822115.28 -166530.70
V 15928 -822113.20 -166522.95
V 15936 -822113.20 -166451.95
V 15944 -822115.28 -166444.20
V 15952 -822120.95 -166438.53
V 15960 -822128.70 -166436.45
V 15968 -822228.20 -166436.45
V 15976 -822228.20 -166396.45
V 15984 -822128.70 -166396.45
V 15992 -822120.95 -166394.37
V 16000 -822115.28 -166388.70
V 16008 -822113.20 -166380.95
V 16016 -822113.20 -166309.95
V 16024 -822115.28 -166302.20
V 16032 -822120.95 -166296.53
V 16040 -822128.70 -166294.45
V 16048 -822228.20 -166294.45
V 16056 -822228.20 -166254.45
V 16064 -822128.70 -166254.45
V 16072 -822120.95 -166252.37
V 16080 -822115.28 -166246.70
V 16088 -822113.20 -166238.95
V 16096 -822113.20 -166167.95
V 16104 -822115.28 -166160.20
V 16112 -822120.95 -166154.53
V 16120 -822128.70 -166152.45
V 16128 -822228.20 -166152.45
V 16136 -822228.20 -166112.45
V 16144 -822128.70 -166112.45
V 16152 -822120.95 -166110.37
V 16160 -822115.28 -166104.70
V 16168 -822113.20 -166096.95
V 16176 -822113.20 -166025.95
V 16184 -822115.28 -166018.20
V 16192 -822120.95 -166012.53
V 16200 -822128.70 -166010.45
V 16208 -822228.20 -166010.45
V 16216 -822228.20 -165970.45
V 16224 -822128.70 -165970.45
V 16232 -822120.95 -165968.37
V 16240 -822115.28 -165962.70
V 16248 -822113.20 -165954.95
V 16256 -822113.20 -165883.95
V 16264 -822115.28 -165876.20
V 16272 -822120.95 -165870.53
V 16280 -822128.70 -165868.45
V 16288 -822228.20 -165868.45
V 16296 -822228.20 -165828.45
V 16304 -822128.70 -165828.45
V 16312 -822120.95 -165826.37
V 16320 -822115.28 -165820.70
V 16328 -822113.20 -165812.95
V 16336 -822113.20 -165741.95
V 16344 -822115.28 -165734.20
V 16352 -822120.95 -165728.53
V 16360 -822128.70 -165726.45
V 16368 -822228.20 -165726.45
V 16376 -822228.20 -165686.45
V 16384 -822128.70 -165686.45
V 16392 -822120.95 -165684.37
V 16400 -822115.28 -165678.70
V 16408 -822113.20 -165670.95
V 16416 -822113.20 -165599.95
V 16424 -822115.28 -165592.20
V 16432 -822120.95 -165586.53
V 16440 -822128.70 -165584.45
V 16448 -822228.20 -165584.45
V 16456 -822228.20 -165544.45
V 16464 -822128.70 -165544.45
V 16472 -822120.95 -165542.37
V 16480 -822115.28 -165536.70
V 16488 -822113.20 -165528.95
V 16496 -822113.20 -165457.95
V 16504 -822115.28 -165450.20
V 16512 -822120.95 -165444.53
V 16520 -822128.70 -165442.45
V 16528 -822228.20 -165442.45
V 16536 -822228.20 -165402.45
V 16544 -822128.70 -165402.45
V 16552 -822120.95 -165400.37
V 16560 -822115.28 -165394.70
V 16568 -822113.20 -165386.95
V 16576 -822113.20 -165315.95
V 16584 -822115.28 -165308.20
V 16592 -822120.95 -165302.53
V 16600 -822128.70 -165300.45
V 16608 -822228.20 -165300.45
V 16616 -822228.20 -165260.45
V 16624 -822128.70 -165260.45
V 16632 -822120.95 -165258.37
V 16640 -822115.28 -165252.70
V 16648 -822113.20 -165244.95
V 16656 -822113.20 -165173.95
V 16664 -822115.28 -165166.20
V 16672 -822120.95 -165160.53
V 16680 -822128.70 -165158.45
V 16688 -822228.20 -165158.45
V 16696 -822228.20 -165118.45
V 16704 -822128.70 -165118.45
V 16712 -822120.95 -165116.37
V 16720 -822115.28 -165110.70
V 16728 -822113.20 -165102.95
V 16736 -822113.20 -165031.95
V 16744 -822115.28 -165024.20
V 16752 -822120.95 -165018.53
V 16760 -822128.70 -165016.45
V 16768 -822228.20 -165016.45
V 16776 -822228.20 -164976.45
V 16784 -822128.70 -164976.45
V 16792 -822120.95 -164974.37
V 16800 -822115.28 -164968.70
V 16808 -822113.20 -164960.95
V 16816 -822113.20 -164889.95
V 16824 -822115.28 -164882.20
V 16832 -822120.95 -164876.53
V 16840 -822128.70 -164874.45
V 16848 -822228.20 -164874.45
V 16856 -822228.20 -164834.45
V 16864 -822128.70 -164834.45
V 16872 -822120.95 -164832.37
V 16880 -822115.28 -164826.70
V 16888 -822113.20 -164818.95
V 16896 -822113.20 -164747.95
