V 0 1089997.79 90349.05
V 8 1089997.79 90438.28
V 16 1089997.59 90439.03
V 24 1089997.04 90439.58
V 32 1089996.29 90439.78
V 40 1089883.94 90439.78
V 48 1089879.21 90442.32
V 56 1089877.79 90439.68
V 64 1089882.85 90436.96
V 72 1089882.92 90436.92
V 80 1089883.01 90436.89
V 88 1089883.10 90436.85
V 96 1089883.37 90436.79
V 104 1089883.47 90436.78
V 112 1089994.79 90436.78
V 120 1089994.79 90347.55
V 128 1089994.99 90346.80
V 136 1089995.54 90346.25
V 144 1089996.29 90346.05
V 152 1090074.86 90346.05
V 160 1090074.86 90349.05
