V 0 1085836.67 -41601.45
V 8 1085831.49 -41562.66
V 16 1085831.48 -41562.63
V 24 1085826.35 -41518.47
V 32 1085826.34 -41518.37
V 40 1085826.30 -41518.16
V 48 1085825.42 -41514.98
V 56 1085825.12 -41514.41
V 64 1085824.60 -41514.02
V 72 1085823.97 -41513.88
V 80 1085735.66 -41513.88
V 88 1085735.66 -41516.88
V 96 1085822.82 -41516.88
V 104 1085823.37 -41518.85
V 112 1085828.50 -41562.95
V 120 1085828.51 -41563.06
V 128 1085833.86 -41603.15
V 136 1085834.12 -41603.81
V 144 1085834.66 -41604.28
V 152 1085835.35 -41604.45
V 160 1085839.86 -41604.45
V 168 1085839.86 -41601.45
