V 0 1085836.69 69159.64
V 8 1085832.26 69197.68
V 16 1085832.25 69197.78
V 24 1085832.21 69197.99
V 32 1085825.39 69222.86
V 40 1085824.77 69229.76
V 48 1085824.53 69230.45
V 56 1085823.99 69230.94
V 64 1085823.28 69231.12
V 72 1085735.66 69231.12
V 80 1085735.66 69228.12
V 88 1085821.91 69228.12
V 96 1085822.42 69222.52
V 104 1085822.42 69222.46
V 112 1085822.43 69222.36
V 120 1085822.46 69222.25
V 128 1085822.47 69222.15
V 136 1085829.28 69197.30
V 144 1085833.86 69157.97
V 152 1085834.11 69157.29
V 160 1085834.65 69156.81
V 168 1085835.35 69156.64
V 176 1085839.86 69156.64
V 184 1085839.86 69159.64
