V 0 1085836.69 68796.64
V 8 1085832.26 68834.68
V 16 1085832.25 68834.78
V 24 1085832.21 68834.99
V 32 1085825.39 68859.86
V 40 1085824.77 68866.76
V 48 1085824.53 68867.45
V 56 1085823.99 68867.94
V 64 1085823.28 68868.12
V 72 1085735.66 68868.12
V 80 1085735.66 68865.12
V 88 1085821.91 68865.12
V 96 1085822.42 68859.52
V 104 1085822.42 68859.46
V 112 1085822.43 68859.36
V 120 1085822.46 68859.25
V 128 1085822.47 68859.15
V 136 1085829.28 68834.30
V 144 1085833.86 68794.97
V 152 1085834.11 68794.29
V 160 1085834.65 68793.81
V 168 1085835.35 68793.64
V 176 1085839.86 68793.64
V 184 1085839.86 68796.64
