V 0 1085836.69 16343.14
V 8 1085832.26 16381.18
V 16 1085832.25 16381.28
V 24 1085832.21 16381.49
V 32 1085825.39 16406.36
V 40 1085824.77 16413.26
V 48 1085824.53 16413.95
V 56 1085823.99 16414.44
V 64 1085823.28 16414.62
V 72 1085735.66 16414.62
V 80 1085735.66 16411.62
V 88 1085821.91 16411.62
V 96 1085822.42 16406.02
V 104 1085822.42 16405.96
V 112 1085822.43 16405.86
V 120 1085822.46 16405.75
V 128 1085822.47 16405.65
V 136 1085829.28 16380.80
V 144 1085833.86 16341.47
V 152 1085834.11 16340.79
V 160 1085834.65 16340.31
V 168 1085835.35 16340.14
V 176 1085839.86 16340.14
V 184 1085839.86 16343.14
