V 0 1085836.72 22041.12
V 8 1085831.59 22097.57
V 16 1085831.59 22097.63
V 24 1085831.58 22097.74
V 32 1085825.52 22143.10
V 40 1085825.51 22143.13
V 48 1085823.40 22161.29
V 56 1085823.15 22161.97
V 64 1085822.61 22162.45
V 72 1085821.91 22162.62
V 80 1085735.66 22162.62
V 88 1085735.66 22159.62
V 96 1085820.57 22159.62
V 104 1085822.53 22142.81
V 112 1085822.54 22142.70
V 120 1085828.60 22097.34
V 128 1085833.86 22039.48
V 136 1085834.10 22038.79
V 144 1085834.64 22038.30
V 152 1085835.35 22038.12
V 160 1085839.86 22038.12
V 168 1085839.86 22041.12
