V 0 -660326.00 -157719.35
V 8 -660326.00 -157730.78
V 16 -660512.09 -157762.38
V 24 -662370.50 -158077.94
V 32 -663499.85 -158269.71
V 40 -668875.05 -159182.43
V 48 -668875.09 -159182.43
V 56 -668875.15 -159182.44
V 64 -668875.19 -159182.45
V 72 -669903.17 -159357.00
V 80 -670439.39 -159448.06
V 88 -672828.67 -159853.76
V 96 -673877.94 -160031.93
V 104 -674282.33 -160100.60
V 112 -675344.93 -160281.03
V 120 -675360.35 -160283.65
V 128 -675986.07 -160389.90
V 136 -677538.26 -160653.46
V 144 -677818.25 -160701.00
V 152 -679583.88 -161000.81
V 160 -680665.45 -161184.46
V 168 -680885.91 -161221.90
V 176 -681324.12 -161296.31
V 184 -682652.72 -161521.90
V 192 -682699.90 -161529.92
V 200 -682997.53 -161580.45
V 208 -683013.21 -161583.12
V 216 -683494.15 -161664.78
V 224 -683953.65 -161742.81
V 232 -684195.30 -161783.84
V 240 -684818.16 -161889.60
V 248 -685345.17 -161979.09
V 256 -685363.56 -161982.21
V 264 -686294.78 -162140.33
V 272 -686639.20 -162198.82
V 280 -686951.19 -162251.79
V 288 -687753.05 -162387.95
V 296 -688503.13 -162515.32
V 304 -689234.63 -162639.53
V 312 -689484.41 -162681.94
V 320 -691012.06 -162941.34
V 328 -691021.03 -162942.86
V 336 -691213.79 -162975.59
V 344 -691220.40 -162978.40
V 352 -691225.04 -162983.88
V 360 -691226.70 -162990.87
V 368 -691226.70 -163099.45
V 376 -691246.96 -163099.45
V 384 -691254.71 -163101.53
V 392 -691260.38 -163107.20
V 400 -691262.46 -163114.95
V 408 -691262.46 -163185.95
V 416 -691260.38 -163193.70
V 424 -691254.71 -163199.37
V 432 -691246.96 -163201.45
V 440 -691169.20 -163201.45
V 448 -691169.20 -163241.45
V 456 -691268.70 -163241.45
V 464 -691276.45 -163243.53
V 472 -691282.12 -163249.20
V 480 -691284.20 -163256.95
V 488 -691284.20 -163327.95
V 496 -691282.12 -163335.70
V 504 -691276.45 -163341.37
V 512 -691268.70 -163343.45
V 520 -691169.20 -163343.45
V 528 -691169.20 -163383.45
V 536 -691268.70 -163383.45
V 544 -691276.45 -163385.53
V 552 -691282.12 -163391.20
V 560 -691284.20 -163398.95
V 568 -691284.20 -163469.95
V 576 -691282.12 -163477.70
V 584 -691276.45 -163483.37
V 592 -691268.70 -163485.45
V 600 -691169.20 -163485.45
V 608 -691169.20 -163525.45
V 616 -691268.70 -163525.45
V 624 -691276.45 -163527.53
V 632 -691282.12 -163533.20
V 640 -691284.20 -163540.95
V 648 -691284.20 -163611.95
V 656 -691282.12 -163619.70
V 664 -691276.45 -163625.37
V 672 -691268.70 -163627.45
V 680 -691169.20 -163627.45
V 688 -691169.20 -163667.45
V 696 -691268.70 -163667.45
V 704 -691276.45 -163669.53
V 712 -691282.12 -163675.20
V 720 -691284.20 -163682.95
V 728 -691284.20 -163753.95
V 736 -691282.12 -163761.70
V 744 -691276.45 -163767.37
V 752 -691268.70 -163769.45
V 760 -691169.20 -163769.45
V 768 -691169.20 -163809.45
V 776 -691268.70 -163809.45
V 784 -691276.45 -163811.53
V 792 -691282.12 -163817.20
V 800 -691284.20 -163824.95
V 808 -691284.20 -163895.95
V 816 -691282.12 -163903.70
V 824 -691276.45 -163909.37
V 832 -691268.70 -163911.45
V 840 -691169.20 -163911.45
V 848 -691169.20 -163951.45
V 856 -691268.70 -163951.45
V 864 -691276.45 -163953.53
V 872 -691282.12 -163959.20
V 880 -691284.20 -163966.95
V 888 -691284.20 -164037.95
V 896 -691282.12 -164045.70
V 904 -691276.45 -164051.37
V 912 -691268.70 -164053.45
V 920 -691169.20 -164053.45
V 928 -691169.20 -164093.45
V 936 -691268.70 -164093.45
V 944 -691276.45 -164095.53
V 952 -691282.12 -164101.20
V 960 -691284.20 -164108.95
V 968 -691284.20 -164179.95
V 976 -691282.12 -164187.70
V 984 -691276.45 -164193.37
V 992 -691268.70 -164195.45
V 1000 -691169.20 -164195.45
V 1008 -691169.20 -164235.45
V 1016 -691268.70 -164235.45
V 1024 -691276.45 -164237.53
V 1032 -691282.12 -164243.20
V 1040 -691284.20 -164250.95
V 1048 -691284.20 -164321.95
V 1056 -691282.12 -164329.70
V 1064 -691276.45 -164335.37
V 1072 -691268.70 -164337.45
V 1080 -691169.20 -164337.45
V 1088 -691169.20 -164377.45
V 1096 -691268.70 -164377.45
V 1104 -691276.45 -164379.53
V 1112 -691282.12 -164385.20
V 1120 -691284.20 -164392.95
V 1128 -691284.20 -164463.95
V 1136 -691282.12 -164471.70
V 1144 -691276.45 -164477.37
V 1152 -691268.70 -164479.45
V 1160 -691169.20 -164479.45
V 1168 -691169.20 -164519.45
V 1176 -691268.70 -164519.45
V 1184 -691276.45 -164521.53
V 1192 -691282.12 -164527.20
V 1200 -691284.20 -164534.95
V 1208 -691284.20 -164605.95
V 1216 -691282.12 -164613.70
V 1224 -691276.45 -164619.37
V 1232 -691268.70 -164621.45
V 1240 -691169.20 -164621.45
V 1248 -691169.20 -164661.45
V 1256 -691268.70 -164661.45
V 1264 -691276.45 -164663.53
V 1272 -691282.12 -164669.20
V 1280 -691284.20 -164676.95
V 1288 -691284.20 -164747.95
V 1296 -691282.12 -164755.70
V 1304 -691276.45 -164761.37
V 1312 -691268.70 -164763.45
V 1320 -691169.20 -164763.45
V 1328 -691169.20 -164803.45
V 1336 -691268.70 -164803.45
V 1344 -691276.45 -164805.53
V 1352 -691282.12 -164811.20
V 1360 -691284.20 -164818.95
V 1368 -691284.20 -164889.95
V 1376 -691282.12 -164897.70
V 1384 -691276.45 -164903.37
V 1392 -691268.70 -164905.45
V 1400 -691169.20 -164905.45
V 1408 -691169.20 -164945.45
V 1416 -691268.70 -164945.45
V 1424 -691276.45 -164947.53
V 1432 -691282.12 -164953.20
V 1440 -691284.20 -164960.95
V 1448 -691284.20 -165031.95
V 1456 -691282.12 -165039.70
V 1464 -691276.45 -165045.37
V 1472 -691268.70 -165047.45
V 1480 -691169.20 -165047.45
V 1488 -691169.20 -165087.45
V 1496 -691268.70 -165087.45
V 1504 -691276.45 -165089.53
V 1512 -691282.12 -165095.20
V 1520 -691284.20 -165102.95
V 1528 -691284.20 -165173.95
V 1536 -691282.12 -165181.70
V 1544 -691276.45 -165187.37
V 1552 -691268.70 -165189.45
V 1560 -691169.20 -165189.45
V 1568 -691169.20 -165229.45
V 1576 -691268.70 -165229.45
V 1584 -691276.45 -165231.53
V 1592 -691282.12 -165237.20
V 1600 -691284.20 -165244.95
V 1608 -691284.20 -165315.95
V 1616 -691282.12 -165323.70
V 1624 -691276.45 -165329.37
V 1632 -691268.70 -165331.45
V 1640 -691169.20 -165331.45
V 1648 -691169.20 -165371.45
V 1656 -691268.70 -165371.45
V 1664 -691276.45 -165373.53
V 1672 -691282.12 -165379.20
V 1680 -691284.20 -165386.95
V 1688 -691284.20 -165457.95
V 1696 -691282.12 -165465.70
V 1704 -691276.45 -165471.37
V 1712 -691268.70 -165473.45
V 1720 -691169.20 -165473.45
V 1728 -691169.20 -165513.45
V 1736 -691268.70 -165513.45
V 1744 -691276.45 -165515.53
V 1752 -691282.12 -165521.20
V 1760 -691284.20 -165528.95
V 1768 -691284.20 -165599.95
V 1776 -691282.12 -165607.70
V 1784 -691276.45 -165613.37
V 1792 -691268.70 -165615.45
V 1800 -691169.20 -165615.45
V 1808 -691169.20 -165655.45
V 1816 -691268.70 -165655.45
V 1824 -691276.45 -165657.53
V 1832 -691282.12 -165663.20
V 1840 -691284.20 -165670.95
V 1848 -691284.20 -165741.95
V 1856 -691282.12 -165749.70
V 1864 -691276.45 -165755.37
V 1872 -691268.70 -165757.45
V 1880 -691169.20 -165757.45
V 1888 -691169.20 -165797.45
V 1896 -691268.70 -165797.45
V 1904 -691276.45 -165799.53
V 1912 -691282.12 -165805.20
V 1920 -691284.20 -165812.95
V 1928 -691284.20 -165883.95
V 1936 -691282.12 -165891.70
V 1944 -691276.45 -165897.37
V 1952 -691268.70 -165899.45
V 1960 -691169.20 -165899.45
V 1968 -691169.20 -165939.45
V 1976 -691268.70 -165939.45
V 1984 -691276.45 -165941.53
V 1992 -691282.12 -165947.20
V 2000 -691284.20 -165954.95
V 2008 -691284.20 -166025.95
V 2016 -691282.12 -166033.70
V 2024 -691276.45 -166039.37
V 2032 -691268.70 -166041.45
V 2040 -691169.20 -166041.45
V 2048 -691169.20 -166081.45
V 2056 -691268.70 -166081.45
V 2064 -691276.45 -166083.53
V 2072 -691282.12 -166089.20
V 2080 -691284.20 -166096.95
V 2088 -691284.20 -166167.95
V 2096 -691282.12 -166175.70
V 2104 -691276.45 -166181.37
V 2112 -691268.70 -166183.45
V 2120 -691169.20 -166183.45
V 2128 -691169.20 -166223.45
V 2136 -691268.70 -166223.45
V 2144 -691276.45 -166225.53
V 2152 -691282.12 -166231.20
V 2160 -691284.20 -166238.95
V 2168 -691284.20 -166309.95
V 2176 -691282.12 -166317.70
V 2184 -691276.45 -166323.37
V 2192 -691268.70 -166325.45
V 2200 -691169.20 -166325.45
V 2208 -691169.20 -166365.45
V 2216 -691268.70 -166365.45
V 2224 -691276.45 -166367.53
V 2232 -691282.12 -166373.20
V 2240 -691284.20 -166380.95
V 2248 -691284.20 -166451.95
V 2256 -691282.12 -166459.70
V 2264 -691276.45 -166465.37
V 2272 -691268.70 -166467.45
V 2280 -691169.20 -166467.45
V 2288 -691169.20 -166507.45
V 2296 -691268.70 -166507.45
V 2304 -691276.45 -166509.53
V 2312 -691282.12 -166515.20
V 2320 -691284.20 -166522.95
V 2328 -691284.20 -166593.95
V 2336 -691282.12 -166601.70
V 2344 -691276.45 -166607.37
V 2352 -691268.70 -166609.45
V 2360 -691169.20 -166609.45
V 2368 -691169.20 -166649.45
V 2376 -691268.70 -166649.45
V 2384 -691276.45 -166651.53
V 2392 -691282.12 -166657.20
V 2400 -691284.20 -166664.95
V 2408 -691284.20 -166735.95
V 2416 -691282.12 -166743.70
V 2424 -691276.45 -166749.37
V 2432 -691268.70 -166751.45
V 2440 -691169.20 -166751.45
V 2448 -691169.20 -166791.45
V 2456 -691268.70 -166791.45
V 2464 -691276.45 -166793.53
V 2472 -691282.12 -166799.20
V 2480 -691284.20 -166806.95
V 2488 -691284.20 -166877.95
V 2496 -691282.12 -166885.70
V 2504 -691276.45 -166891.37
V 2512 -691268.70 -166893.45
V 2520 -691169.20 -166893.45
V 2528 -691169.20 -166933.45
V 2536 -691268.70 -166933.45
V 2544 -691276.45 -166935.53
V 2552 -691282.12 -166941.20
V 2560 -691284.20 -166948.95
V 2568 -691284.20 -167019.95
V 2576 -691282.12 -167027.70
V 2584 -691276.45 -167033.37
V 2592 -691268.70 -167035.45
V 2600 -691169.20 -167035.45
V 2608 -691169.20 -167075.45
V 2616 -691268.70 -167075.45
V 2624 -691276.45 -167077.53
V 2632 -691282.12 -167083.20
V 2640 -691284.20 -167090.95
V 2648 -691284.20 -167161.95
V 2656 -691282.12 -167169.70
V 2664 -691276.45 -167175.37
V 2672 -691268.70 -167177.45
V 2680 -691169.20 -167177.45
V 2688 -691169.20 -167217.45
V 2696 -691268.70 -167217.45
V 2704 -691276.45 -167219.53
V 2712 -691282.12 -167225.20
V 2720 -691284.20 -167232.95
V 2728 -691284.20 -167303.95
V 2736 -691282.12 -167311.70
V 2744 -691276.45 -167317.37
V 2752 -691268.70 -167319.45
V 2760 -691169.20 -167319.45
V 2768 -691169.20 -167359.45
V 2776 -691268.70 -167359.45
V 2784 -691276.45 -167361.53
V 2792 -691282.12 -167367.20
V 2800 -691284.20 -167374.95
V 2808 -691284.20 -167445.95
V 2816 -691282.12 -167453.70
V 2824 -691276.45 -167459.37
V 2832 -691268.70 -167461.45
V 2840 -691169.20 -167461.45
V 2848 -691169.20 -167501.45
V 2856 -691268.70 -167501.45
V 2864 -691276.45 -167503.53
V 2872 -691282.12 -167509.20
V 2880 -691284.20 -167516.95
V 2888 -691284.20 -167587.95
V 2896 -691282.12 -167595.70
V 2904 -691276.45 -167601.37
V 2912 -691268.70 -167603.45
V 2920 -691169.20 -167603.45
V 2928 -691169.20 -167643.45
V 2936 -691268.70 -167643.45
V 2944 -691276.45 -167645.53
V 2952 -691282.12 -167651.20
V 2960 -691284.20 -167658.95
V 2968 -691284.20 -167729.95
V 2976 -691282.12 -167737.70
V 2984 -691276.45 -167743.37
V 2992 -691268.70 -167745.45
V 3000 -691169.20 -167745.45
V 3008 -691169.20 -167785.45
V 3016 -691268.70 -167785.45
V 3024 -691276.45 -167787.53
V 3032 -691282.12 -167793.20
V 3040 -691284.20 -167800.95
V 3048 -691284.20 -167871.95
V 3056 -691282.12 -167879.70
V 3064 -691276.45 -167885.37
V 3072 -691268.70 -167887.45
V 3080 -691169.20 -167887.45
V 3088 -691169.20 -167927.45
V 3096 -691268.70 -167927.45
V 3104 -691276.45 -167929.53
V 3112 -691282.12 -167935.20
V 3120 -691284.20 -167942.95
V 3128 -691284.20 -168013.95
V 3136 -691282.12 -168021.70
V 3144 -691276.45 -168027.37
V 3152 -691268.70 -168029.45
V 3160 -691169.20 -168029.45
V 3168 -691169.20 -168069.45
V 3176 -691268.70 -168069.45
V 3184 -691276.45 -168071.53
V 3192 -691282.12 -168077.20
V 3200 -691284.20 -168084.95
V 3208 -691284.20 -168155.95
V 3216 -691282.12 -168163.70
V 3224 -691276.45 -168169.37
V 3232 -691268.70 -168171.45
V 3240 -691169.20 -168171.45
V 3248 -691169.20 -168211.45
V 3256 -691268.70 -168211.45
V 3264 -691276.45 -168213.53
V 3272 -691282.12 -168219.20
V 3280 -691284.20 -168226.95
V 3288 -691284.20 -168297.95
V 3296 -691282.12 -168305.70
V 3304 -691276.45 -168311.37
V 3312 -691268.70 -168313.45
V 3320 -691169.20 -168313.45
V 3328 -691169.20 -168353.45
V 3336 -691268.70 -168353.45
V 3344 -691276.45 -168355.53
V 3352 -691282.12 -168361.20
V 3360 -691284.20 -168368.95
V 3368 -691284.20 -168439.95
V 3376 -691282.12 -168447.70
V 3384 -691276.45 -168453.37
V 3392 -691268.70 -168455.45
V 3400 -691169.20 -168455.45
V 3408 -691169.20 -168495.45
V 3416 -691268.70 -168495.45
V 3424 -691276.45 -168497.53
V 3432 -691282.12 -168503.20
V 3440 -691284.20 -168510.95
V 3448 -691284.20 -168581.95
V 3456 -691282.12 -168589.70
V 3464 -691276.45 -168595.37
V 3472 -691268.70 -168597.45
V 3480 -691169.20 -168597.45
V 3488 -691169.20 -168637.45
V 3496 -691268.70 -168637.45
V 3504 -691276.45 -168639.53
V 3512 -691282.12 -168645.20
V 3520 -691284.20 -168652.95
V 3528 -691284.20 -168723.95
V 3536 -691282.12 -168731.70
V 3544 -691276.45 -168737.37
V 3552 -691268.70 -168739.45
V 3560 -691169.20 -168739.45
V 3568 -691169.20 -168779.45
V 3576 -691268.70 -168779.45
V 3584 -691276.45 -168781.53
V 3592 -691282.12 -168787.20
V 3600 -691284.20 -168794.95
V 3608 -691284.20 -168865.95
V 3616 -691282.12 -168873.70
V 3624 -691276.45 -168879.37
V 3632 -691268.70 -168881.45
V 3640 -691169.20 -168881.45
V 3648 -691169.20 -168921.45
V 3656 -691268.70 -168921.45
V 3664 -691276.45 -168923.53
V 3672 -691282.12 -168929.20
V 3680 -691284.20 -168936.95
V 3688 -691284.20 -169007.95
V 3696 -691282.12 -169015.70
V 3704 -691276.45 -169021.37
V 3712 -691268.70 -169023.45
V 3720 -691169.20 -169023.45
V 3728 -691169.20 -169063.45
V 3736 -691268.70 -169063.45
V 3744 -691276.45 -169065.53
V 3752 -691282.12 -169071.20
V 3760 -691284.20 -169078.95
V 3768 -691284.20 -169149.95
V 3776 -691282.12 -169157.70
V 3784 -691276.45 -169163.37
V 3792 -691268.70 -169165.45
V 3800 -691169.20 -169165.45
V 3808 -691169.20 -169205.45
V 3816 -691268.70 -169205.45
V 3824 -691276.45 -169207.53
V 3832 -691282.12 -169213.20
V 3840 -691284.20 -169220.95
V 3848 -691284.20 -169291.95
V 3856 -691282.12 -169299.70
V 3864 -691276.45 -169305.37
V 3872 -691268.70 -169307.45
V 3880 -691169.20 -169307.45
V 3888 -691169.20 -169347.45
V 3896 -691268.70 -169347.45
V 3904 -691276.45 -169349.53
V 3912 -691282.12 -169355.20
V 3920 -691284.20 -169362.95
V 3928 -691284.20 -169433.95
V 3936 -691282.12 -169441.70
V 3944 -691276.45 -169447.37
V 3952 -691268.70 -169449.45
V 3960 -691169.20 -169449.45
V 3968 -691169.20 -169489.45
V 3976 -691268.70 -169489.45
V 3984 -691276.45 -169491.53
V 3992 -691282.12 -169497.20
V 4000 -691284.20 -169504.95
V 4008 -691284.20 -169575.95
V 4016 -691282.12 -169583.70
V 4024 -691276.45 -169589.37
V 4032 -691268.70 -169591.45
V 4040 -691169.20 -169591.45
V 4048 -691169.20 -169631.45
V 4056 -691268.70 -169631.45
V 4064 -691276.45 -169633.53
V 4072 -691282.12 -169639.20
V 4080 -691284.20 -169646.95
V 4088 -691284.20 -169717.95
V 4096 -691282.12 -169725.70
V 4104 -691276.45 -169731.37
V 4112 -691268.70 -169733.45
V 4120 -691169.20 -169733.45
V 4128 -691169.20 -169773.45
V 4136 -691268.70 -169773.45
V 4144 -691276.45 -169775.53
V 4152 -691282.12 -169781.20
V 4160 -691284.20 -169788.95
V 4168 -691284.20 -169859.95
V 4176 -691282.12 -169867.70
V 4184 -691276.45 -169873.37
V 4192 -691268.70 -169875.45
V 4200 -691169.20 -169875.45
V 4208 -691169.20 -169915.45
V 4216 -691268.70 -169915.45
V 4224 -691276.45 -169917.53
V 4232 -691282.12 -169923.20
V 4240 -691284.20 -169930.95
V 4248 -691284.20 -170001.95
V 4256 -691282.12 -170009.70
V 4264 -691276.45 -170015.37
V 4272 -691268.70 -170017.45
V 4280 -691169.20 -170017.45
V 4288 -691169.20 -170057.45
V 4296 -691268.70 -170057.45
V 4304 -691276.45 -170059.53
V 4312 -691282.12 -170065.20
V 4320 -691284.20 -170072.95
V 4328 -691284.20 -170143.95
V 4336 -691282.12 -170151.70
V 4344 -691276.45 -170157.37
V 4352 -691268.70 -170159.45
V 4360 -691169.20 -170159.45
V 4368 -691169.20 -170199.45
V 4376 -691268.70 -170199.45
V 4384 -691276.45 -170201.53
V 4392 -691282.12 -170207.20
V 4400 -691284.20 -170214.95
V 4408 -691284.20 -170285.95
V 4416 -691282.12 -170293.70
V 4424 -691276.45 -170299.37
V 4432 -691268.70 -170301.45
V 4440 -691169.20 -170301.45
V 4448 -691169.20 -170341.45
V 4456 -691268.70 -170341.45
V 4464 -691276.45 -170343.53
V 4472 -691282.12 -170349.20
V 4480 -691284.20 -170356.95
V 4488 -691284.20 -170427.95
V 4496 -691282.12 -170435.70
V 4504 -691276.45 -170441.37
V 4512 -691268.70 -170443.45
V 4520 -691169.20 -170443.45
V 4528 -691169.20 -170483.45
V 4536 -691268.70 -170483.45
V 4544 -691276.45 -170485.53
V 4552 -691282.12 -170491.20
V 4560 -691284.20 -170498.95
V 4568 -691284.20 -170569.95
V 4576 -691282.12 -170577.70
V 4584 -691276.45 -170583.37
V 4592 -691268.70 -170585.45
V 4600 -691169.20 -170585.45
V 4608 -691169.20 -170625.45
V 4616 -691268.70 -170625.45
V 4624 -691276.45 -170627.53
V 4632 -691282.12 -170633.20
V 4640 -691284.20 -170640.95
V 4648 -691284.20 -170711.95
V 4656 -691282.12 -170719.70
V 4664 -691276.45 -170725.37
V 4672 -691268.70 -170727.45
V 4680 -691169.20 -170727.45
V 4688 -691169.20 -170767.45
V 4696 -691268.70 -170767.45
V 4704 -691276.45 -170769.53
V 4712 -691282.12 -170775.20
V 4720 -691284.20 -170782.95
V 4728 -691284.20 -170853.95
V 4736 -691282.12 -170861.70
V 4744 -691276.45 -170867.37
V 4752 -691268.70 -170869.45
V 4760 -691169.20 -170869.45
V 4768 -691169.20 -170909.45
V 4776 -691268.70 -170909.45
V 4784 -691276.45 -170911.53
V 4792 -691282.12 -170917.20
V 4800 -691284.20 -170924.95
V 4808 -691284.20 -170995.95
V 4816 -691282.12 -171003.70
V 4824 -691276.45 -171009.37
V 4832 -691268.70 -171011.45
V 4840 -691169.20 -171011.45
V 4848 -691169.20 -171051.45
V 4856 -691268.70 -171051.45
V 4864 -691276.45 -171053.53
V 4872 -691282.12 -171059.20
V 4880 -691284.20 -171066.95
V 4888 -691284.20 -171137.95
V 4896 -691282.12 -171145.70
V 4904 -691276.45 -171151.37
V 4912 -691268.70 -171153.45
V 4920 -691169.20 -171153.45
V 4928 -691169.20 -171193.45
V 4936 -691268.70 -171193.45
V 4944 -691276.45 -171195.53
V 4952 -691282.12 -171201.20
V 4960 -691284.20 -171208.95
V 4968 -691284.20 -171279.95
V 4976 -691282.12 -171287.70
V 4984 -691276.45 -171293.37
V 4992 -691268.70 -171295.45
V 5000 -691169.20 -171295.45
V 5008 -691169.20 -171335.45
V 5016 -691268.70 -171335.45
V 5024 -691276.45 -171337.53
V 5032 -691282.12 -171343.20
V 5040 -691284.20 -171350.95
V 5048 -691284.20 -171421.95
V 5056 -691282.12 -171429.70
V 5064 -691276.45 -171435.37
V 5072 -691268.70 -171437.45
V 5080 -691169.20 -171437.45
V 5088 -691169.20 -171477.45
V 5096 -691268.70 -171477.45
V 5104 -691276.45 -171479.53
V 5112 -691282.12 -171485.20
V 5120 -691284.20 -171492.95
V 5128 -691284.20 -171563.95
V 5136 -691282.12 -171571.70
V 5144 -691276.45 -171577.37
V 5152 -691268.70 -171579.45
V 5160 -691169.20 -171579.45
V 5168 -691169.20 -171619.45
V 5176 -691268.70 -171619.45
V 5184 -691276.45 -171621.53
V 5192 -691282.12 -171627.20
V 5200 -691284.20 -171634.95
V 5208 -691284.20 -171705.95
V 5216 -691282.12 -171713.70
V 5224 -691276.45 -171719.37
V 5232 -691268.70 -171721.45
V 5240 -691169.20 -171721.45
V 5248 -691169.20 -171761.45
V 5256 -691268.70 -171761.45
V 5264 -691276.45 -171763.53
V 5272 -691282.12 -171769.20
V 5280 -691284.20 -171776.95
V 5288 -691284.20 -171847.95
V 5296 -691282.12 -171855.70
V 5304 -691276.45 -171861.37
V 5312 -691268.70 -171863.45
V 5320 -691169.20 -171863.45
V 5328 -691169.20 -171903.45
V 5336 -691268.70 -171903.45
V 5344 -691276.45 -171905.53
V 5352 -691282.12 -171911.20
V 5360 -691284.20 -171918.95
V 5368 -691284.20 -171989.95
V 5376 -691282.12 -171997.70
V 5384 -691276.45 -172003.37
V 5392 -691268.70 -172005.45
V 5400 -691169.20 -172005.45
V 5408 -691169.20 -172045.45
V 5416 -691268.70 -172045.45
V 5424 -691276.45 -172047.53
V 5432 -691282.12 -172053.20
V 5440 -691284.20 -172060.95
V 5448 -691284.20 -172131.95
V 5456 -691282.12 -172139.70
V 5464 -691276.45 -172145.37
V 5472 -691268.70 -172147.45
V 5480 -691169.20 -172147.45
V 5488 -691169.20 -172187.45
V 5496 -691268.70 -172187.45
V 5504 -691276.45 -172189.53
V 5512 -691282.12 -172195.20
V 5520 -691284.20 -172202.95
V 5528 -691284.20 -172273.95
V 5536 -691282.12 -172281.70
V 5544 -691276.45 -172287.37
V 5552 -691268.70 -172289.45
V 5560 -691169.20 -172289.45
V 5568 -691169.20 -172329.45
V 5576 -691268.70 -172329.45
V 5584 -691276.45 -172331.53
V 5592 -691282.12 -172337.20
V 5600 -691284.20 -172344.95
V 5608 -691284.20 -172415.95
V 5616 -691282.12 -172423.70
V 5624 -691276.45 -172429.37
V 5632 -691268.70 -172431.45
V 5640 -691169.20 -172431.45
V 5648 -691169.20 -172471.45
V 5656 -691268.70 -172471.45
V 5664 -691276.45 -172473.53
V 5672 -691282.12 -172479.20
V 5680 -691284.20 -172486.95
V 5688 -691284.20 -172557.95
V 5696 -691282.12 -172565.70
V 5704 -691276.45 -172571.37
V 5712 -691268.70 -172573.45
V 5720 -691169.20 -172573.45
V 5728 -691169.20 -172613.45
V 5736 -691268.70 -172613.45
V 5744 -691276.45 -172615.53
V 5752 -691282.12 -172621.20
V 5760 -691284.20 -172628.95
V 5768 -691284.20 -172699.95
V 5776 -691282.12 -172707.70
V 5784 -691276.45 -172713.37
V 5792 -691268.70 -172715.45
V 5800 -691169.20 -172715.45
V 5808 -691169.20 -172755.45
V 5816 -691268.70 -172755.45
V 5824 -691276.45 -172757.53
V 5832 -691282.12 -172763.20
V 5840 -691284.20 -172770.95
V 5848 -691284.20 -172841.95
V 5856 -691282.12 -172849.70
V 5864 -691276.45 -172855.37
V 5872 -691268.70 -172857.45
V 5880 -691169.20 -172857.45
V 5888 -691169.20 -172897.45
V 5896 -691268.70 -172897.45
V 5904 -691276.45 -172899.53
V 5912 -691282.12 -172905.20
V 5920 -691284.20 -172912.95
V 5928 -691284.20 -172983.95
V 5936 -691282.12 -172991.70
V 5944 -691276.45 -172997.37
V 5952 -691268.70 -172999.45
V 5960 -691169.20 -172999.45
V 5968 -691169.20 -173039.45
V 5976 -691268.70 -173039.45
V 5984 -691276.45 -173041.53
V 5992 -691282.12 -173047.20
V 6000 -691284.20 -173054.95
V 6008 -691284.20 -173125.95
V 6016 -691282.12 -173133.70
V 6024 -691276.45 -173139.37
V 6032 -691268.70 -173141.45
V 6040 -691169.20 -173141.45
V 6048 -691169.20 -173181.45
V 6056 -691268.70 -173181.45
V 6064 -691276.45 -173183.53
V 6072 -691282.12 -173189.20
V 6080 -691284.20 -173196.95
V 6088 -691284.20 -173267.95
V 6096 -691282.12 -173275.70
V 6104 -691276.45 -173281.37
V 6112 -691268.70 -173283.45
V 6120 -691169.20 -173283.45
V 6128 -691169.20 -173323.45
V 6136 -691268.70 -173323.45
V 6144 -691276.45 -173325.53
V 6152 -691282.12 -173331.20
V 6160 -691284.20 -173338.95
V 6168 -691284.20 -173409.95
V 6176 -691282.12 -173417.70
V 6184 -691276.45 -173423.37
V 6192 -691268.70 -173425.45
V 6200 -691169.20 -173425.45
V 6208 -691169.20 -173465.45
V 6216 -691268.70 -173465.45
V 6224 -691276.45 -173467.53
V 6232 -691282.12 -173473.20
V 6240 -691284.20 -173480.95
V 6248 -691284.20 -173551.95
V 6256 -691282.12 -173559.70
V 6264 -691276.45 -173565.37
V 6272 -691268.70 -173567.45
V 6280 -691169.20 -173567.45
V 6288 -691169.20 -173607.45
V 6296 -691268.70 -173607.45
V 6304 -691276.45 -173609.53
V 6312 -691282.12 -173615.20
V 6320 -691284.20 -173622.95
V 6328 -691284.20 -173693.95
V 6336 -691282.12 -173701.70
V 6344 -691276.45 -173707.37
V 6352 -691268.70 -173709.45
V 6360 -691169.20 -173709.45
V 6368 -691169.20 -173749.45
V 6376 -691268.70 -173749.45
V 6384 -691276.45 -173751.53
V 6392 -691282.12 -173757.20
V 6400 -691284.20 -173764.95
V 6408 -691284.20 -173835.95
V 6416 -691282.12 -173843.70
V 6424 -691276.45 -173849.37
V 6432 -691268.70 -173851.45
V 6440 -691169.20 -173851.45
V 6448 -691169.20 -173891.45
V 6456 -691268.70 -173891.45
V 6464 -691276.45 -173893.53
V 6472 -691282.12 -173899.20
V 6480 -691284.20 -173906.95
V 6488 -691284.20 -173977.95
V 6496 -691282.12 -173985.70
V 6504 -691276.45 -173991.37
V 6512 -691268.70 -173993.45
V 6520 -691169.20 -173993.45
V 6528 -691169.20 -174033.45
V 6536 -691268.70 -174033.45
V 6544 -691276.45 -174035.53
V 6552 -691282.12 -174041.20
V 6560 -691284.20 -174048.95
V 6568 -691284.20 -174119.95
V 6576 -691282.12 -174127.70
V 6584 -691276.45 -174133.37
V 6592 -691268.70 -174135.45
V 6600 -691169.20 -174135.45
V 6608 -691169.20 -174175.45
V 6616 -691268.70 -174175.45
V 6624 -691276.45 -174177.53
V 6632 -691282.12 -174183.20
V 6640 -691284.20 -174190.95
V 6648 -691284.20 -174261.95
V 6656 -691282.12 -174269.70
V 6664 -691276.45 -174275.37
V 6672 -691268.70 -174277.45
V 6680 -691169.20 -174277.45
V 6688 -691169.20 -174317.45
V 6696 -691268.70 -174317.45
V 6704 -691276.45 -174319.53
V 6712 -691282.12 -174325.20
V 6720 -691284.20 -174332.95
V 6728 -691284.20 -174403.95
V 6736 -691282.12 -174411.70
V 6744 -691276.45 -174417.37
V 6752 -691268.70 -174419.45
V 6760 -691169.20 -174419.45
V 6768 -691169.20 -174459.45
V 6776 -691268.70 -174459.45
V 6784 -691276.45 -174461.53
V 6792 -691282.12 -174467.20
V 6800 -691284.20 -174474.95
V 6808 -691284.20 -174545.95
V 6816 -691282.12 -174553.70
V 6824 -691276.45 -174559.37
V 6832 -691268.70 -174561.45
V 6840 -691169.20 -174561.45
V 6848 -691169.20 -174601.45
V 6856 -691268.70 -174601.45
V 6864 -691276.45 -174603.53
V 6872 -691282.12 -174609.20
V 6880 -691284.20 -174616.95
V 6888 -691284.20 -174687.95
V 6896 -691282.12 -174695.70
V 6904 -691276.45 -174701.37
V 6912 -691268.70 -174703.45
V 6920 -691169.20 -174703.45
V 6928 -691169.20 -174743.45
V 6936 -691268.70 -174743.45
V 6944 -691276.45 -174745.53
V 6952 -691282.12 -174751.20
V 6960 -691284.20 -174758.95
V 6968 -691284.20 -174829.95
V 6976 -691282.12 -174837.70
V 6984 -691276.45 -174843.37
V 6992 -691268.70 -174845.45
V 7000 -691169.20 -174845.45
V 7008 -691169.20 -174885.45
V 7016 -691268.70 -174885.45
V 7024 -691276.45 -174887.53
V 7032 -691282.12 -174893.20
V 7040 -691284.20 -174900.95
V 7048 -691284.20 -174971.95
V 7056 -691282.12 -174979.70
V 7064 -691276.45 -174985.37
V 7072 -691268.70 -174987.45
V 7080 -691169.20 -174987.45
V 7088 -691169.20 -175027.45
V 7096 -691268.70 -175027.45
V 7104 -691276.45 -175029.53
V 7112 -691282.12 -175035.20
V 7120 -691284.20 -175042.95
V 7128 -691284.20 -175113.95
V 7136 -691282.12 -175121.70
V 7144 -691276.45 -175127.37
V 7152 -691268.70 -175129.45
V 7160 -691169.20 -175129.45
V 7168 -691169.20 -175169.45
V 7176 -691268.70 -175169.45
V 7184 -691276.45 -175171.53
V 7192 -691282.12 -175177.20
V 7200 -691284.20 -175184.95
V 7208 -691284.20 -175255.95
V 7216 -691282.12 -175263.70
V 7224 -691276.45 -175269.37
V 7232 -691268.70 -175271.45
V 7240 -691169.20 -175271.45
V 7248 -691169.20 -175311.45
V 7256 -691268.70 -175311.45
V 7264 -691276.45 -175313.53
V 7272 -691282.12 -175319.20
V 7280 -691284.20 -175326.95
V 7288 -691284.20 -175397.95
V 7296 -691282.12 -175405.70
V 7304 -691276.45 -175411.37
V 7312 -691268.70 -175413.45
V 7320 -691169.20 -175413.45
V 7328 -691169.20 -175453.45
V 7336 -691268.70 -175453.45
V 7344 -691276.45 -175455.53
V 7352 -691282.12 -175461.20
V 7360 -691284.20 -175468.95
V 7368 -691284.20 -175539.95
V 7376 -691282.12 -175547.70
V 7384 -691276.45 -175553.37
V 7392 -691268.70 -175555.45
V 7400 -691169.20 -175555.45
V 7408 -691169.20 -175595.45
V 7416 -691268.70 -175595.45
V 7424 -691276.45 -175597.53
V 7432 -691282.12 -175603.20
V 7440 -691284.20 -175610.95
V 7448 -691284.20 -175681.95
V 7456 -691282.12 -175689.70
V 7464 -691276.45 -175695.37
V 7472 -691268.70 -175697.45
V 7480 -691169.20 -175697.45
V 7488 -691169.20 -175737.45
V 7496 -691268.70 -175737.45
V 7504 -691276.45 -175739.53
V 7512 -691282.12 -175745.20
V 7520 -691284.20 -175752.95
V 7528 -691284.20 -175823.95
V 7536 -691282.12 -175831.70
V 7544 -691276.45 -175837.37
V 7552 -691268.70 -175839.45
V 7560 -691169.20 -175839.45
V 7568 -691169.20 -175879.45
V 7576 -691268.70 -175879.45
V 7584 -691276.45 -175881.53
V 7592 -691282.12 -175887.20
V 7600 -691284.20 -175894.95
V 7608 -691284.20 -175965.95
V 7616 -691282.12 -175973.70
V 7624 -691276.45 -175979.37
V 7632 -691268.70 -175981.45
V 7640 -691169.20 -175981.45
V 7648 -691169.20 -176021.45
V 7656 -691268.70 -176021.45
V 7664 -691276.45 -176023.53
V 7672 -691282.12 -176029.20
V 7680 -691284.20 -176036.95
V 7688 -691284.20 -176107.95
V 7696 -691282.12 -176115.70
V 7704 -691276.45 -176121.37
V 7712 -691268.70 -176123.45
V 7720 -691169.20 -176123.45
V 7728 -691169.20 -176163.45
V 7736 -691268.70 -176163.45
V 7744 -691276.45 -176165.53
V 7752 -691282.12 -176171.20
V 7760 -691284.20 -176178.95
V 7768 -691284.20 -176249.95
V 7776 -691282.12 -176257.70
V 7784 -691276.45 -176263.37
V 7792 -691268.70 -176265.45
V 7800 -691169.20 -176265.45
V 7808 -691169.20 -176305.45
V 7816 -691268.70 -176305.45
V 7824 -691276.45 -176307.53
V 7832 -691282.12 -176313.20
V 7840 -691284.20 -176320.95
V 7848 -691284.20 -176391.95
V 7856 -691282.12 -176399.70
V 7864 -691276.45 -176405.37
V 7872 -691268.70 -176407.45
V 7880 -691169.20 -176407.45
V 7888 -691169.20 -176447.45
V 7896 -691268.70 -176447.45
V 7904 -691276.45 -176449.53
V 7912 -691282.12 -176455.20
V 7920 -691284.20 -176462.95
V 7928 -691284.20 -176533.95
V 7936 -691282.12 -176541.70
V 7944 -691276.45 -176547.37
V 7952 -691268.70 -176549.45
V 7960 -691169.20 -176549.45
V 7968 -691169.20 -176589.45
V 7976 -691268.70 -176589.45
V 7984 -691276.45 -176591.53
V 7992 -691282.12 -176597.20
V 8000 -691284.20 -176604.95
V 8008 -691284.20 -176675.95
V 8016 -691282.12 -176683.70
V 8024 -691276.45 -176689.37
V 8032 -691268.70 -176691.45
V 8040 -691169.20 -176691.45
V 8048 -691169.20 -176731.45
V 8056 -691268.70 -176731.45
V 8064 -691276.45 -176733.53
V 8072 -691282.12 -176739.20
V 8080 -691284.20 -176746.95
V 8088 -691284.20 -176817.95
V 8096 -691282.12 -176825.70
V 8104 -691276.45 -176831.37
V 8112 -691268.70 -176833.45
V 8120 -691169.20 -176833.45
V 8128 -691169.20 -176873.45
V 8136 -691268.70 -176873.45
V 8144 -691276.45 -176875.53
V 8152 -691282.12 -176881.20
V 8160 -691284.20 -176888.95
V 8168 -691284.20 -176959.95
V 8176 -691282.12 -176967.70
V 8184 -691276.45 -176973.37
V 8192 -691268.70 -176975.45
V 8200 -691169.20 -176975.45
V 8208 -691169.20 -177015.45
V 8216 -691268.70 -177015.45
V 8224 -691276.45 -177017.53
V 8232 -691282.12 -177023.20
V 8240 -691284.20 -177030.95
V 8248 -691284.20 -177101.95
V 8256 -691282.12 -177109.70
V 8264 -691276.45 -177115.37
V 8272 -691268.70 -177117.45
V 8280 -691169.20 -177117.45
V 8288 -691169.20 -177157.45
V 8296 -691268.70 -177157.45
V 8304 -691276.45 -177159.53
V 8312 -691282.12 -177165.20
V 8320 -691284.20 -177172.95
V 8328 -691284.20 -177243.95
V 8336 -691282.12 -177251.70
V 8344 -691276.45 -177257.37
V 8352 -691268.70 -177259.45
V 8360 -691169.20 -177259.45
V 8368 -691169.20 -177299.45
V 8376 -691268.70 -177299.45
V 8384 -691276.45 -177301.53
V 8392 -691282.12 -177307.20
V 8400 -691284.20 -177314.95
V 8408 -691284.20 -177385.95
V 8416 -691282.12 -177393.70
V 8424 -691276.45 -177399.37
V 8432 -691268.70 -177401.45
V 8440 -691169.20 -177401.45
V 8448 -691169.20 -177441.45
V 8456 -691268.70 -177441.45
V 8464 -691276.45 -177443.53
V 8472 -691282.12 -177449.20
V 8480 -691284.20 -177456.95
V 8488 -691284.20 -177527.95
V 8496 -691282.12 -177535.70
V 8504 -691276.45 -177541.37
V 8512 -691268.70 -177543.45
V 8520 -691169.20 -177543.45
V 8528 -691169.20 -177583.45
V 8536 -691268.70 -177583.45
V 8544 -691276.45 -177585.53
V 8552 -691282.12 -177591.20
V 8560 -691284.20 -177598.95
V 8568 -691284.20 -177669.95
V 8576 -691282.12 -177677.70
V 8584 -691276.45 -177683.37
V 8592 -691268.70 -177685.45
V 8600 -691169.20 -177685.45
V 8608 -691169.20 -177725.45
V 8616 -691268.70 -177725.45
V 8624 -691276.45 -177727.53
V 8632 -691282.12 -177733.20
V 8640 -691284.20 -177740.95
V 8648 -691284.20 -177811.95
V 8656 -691282.12 -177819.70
V 8664 -691276.45 -177825.37
V 8672 -691268.70 -177827.45
V 8680 -691169.20 -177827.45
V 8688 -691169.20 -177867.45
V 8696 -691268.70 -177867.45
V 8704 -691276.45 -177869.53
V 8712 -691282.12 -177875.20
V 8720 -691284.20 -177882.95
V 8728 -691284.20 -177953.95
V 8736 -691282.12 -177961.70
V 8744 -691276.45 -177967.37
V 8752 -691268.70 -177969.45
V 8760 -691169.20 -177969.45
V 8768 -691169.20 -178009.45
V 8776 -691268.70 -178009.45
V 8784 -691276.45 -178011.53
V 8792 -691282.12 -178017.20
V 8800 -691284.20 -178024.95
V 8808 -691284.20 -178095.95
V 8816 -691282.12 -178103.70
V 8824 -691276.45 -178109.37
V 8832 -691268.70 -178111.45
V 8840 -691169.20 -178111.45
V 8848 -691169.20 -178151.45
V 8856 -691268.70 -178151.45
V 8864 -691276.45 -178153.53
V 8872 -691282.12 -178159.20
V 8880 -691284.20 -178166.95
V 8888 -691284.20 -178237.95
V 8896 -691282.12 -178245.70
V 8904 -691276.45 -178251.37
V 8912 -691268.70 -178253.45
V 8920 -691169.20 -178253.45
V 8928 -691169.20 -178293.45
V 8936 -691268.70 -178293.45
V 8944 -691276.45 -178295.53
V 8952 -691282.12 -178301.20
V 8960 -691284.20 -178308.95
V 8968 -691284.20 -178379.95
V 8976 -691282.12 -178387.70
V 8984 -691276.45 -178393.37
V 8992 -691268.70 -178395.45
V 9000 -691226.70 -178395.45
V 9008 -691226.70 -178404.45
V 9016 -691195.70 -178404.45
V 9024 -691195.70 -178379.95
V 9032 -691195.74 -178378.84
V 9040 -691195.86 -178377.74
V 9048 -691196.05 -178376.66
V 9056 -691196.33 -178375.58
V 9064 -691196.68 -178374.53
V 9072 -691197.10 -178373.51
V 9080 -691197.60 -178372.52
V 9088 -691198.16 -178371.57
V 9096 -691198.79 -178370.66
V 9104 -691199.49 -178369.80
V 9112 -691200.24 -178368.99
V 9120 -691201.05 -178368.24
V 9128 -691201.91 -178367.54
V 9136 -691202.82 -178366.91
V 9144 -691203.77 -178366.35
V 9152 -691204.76 -178365.85
V 9160 -691205.78 -178365.43
V 9168 -691206.83 -178365.08
V 9176 -691207.91 -178364.80
V 9184 -691208.99 -178364.61
V 9192 -691210.09 -178364.49
V 9200 -691211.20 -178364.45
V 9208 -691253.20 -178364.45
V 9216 -691253.20 -178324.45
V 9224 -691153.70 -178324.45
V 9232 -691145.95 -178322.37
V 9240 -691140.28 -178316.70
V 9248 -691138.20 -178308.95
V 9256 -691138.20 -178237.95
V 9264 -691140.28 -178230.20
V 9272 -691145.95 -178224.53
V 9280 -691153.70 -178222.45
V 9288 -691253.20 -178222.45
V 9296 -691253.20 -178182.45
V 9304 -691153.70 -178182.45
V 9312 -691145.95 -178180.37
V 9320 -691140.28 -178174.70
V 9328 -691138.20 -178166.95
V 9336 -691138.20 -178095.95
V 9344 -691140.28 -178088.20
V 9352 -691145.95 -178082.53
V 9360 -691153.70 -178080.45
V 9368 -691253.20 -178080.45
V 9376 -691253.20 -178040.45
V 9384 -691153.70 -178040.45
V 9392 -691145.95 -178038.37
V 9400 -691140.28 -178032.70
V 9408 -691138.20 -178024.95
V 9416 -691138.20 -177953.95
V 9424 -691140.28 -177946.20
V 9432 -691145.95 -177940.53
V 9440 -691153.70 -177938.45
V 9448 -691253.20 -177938.45
V 9456 -691253.20 -177898.45
V 9464 -691153.70 -177898.45
V 9472 -691145.95 -177896.37
V 9480 -691140.28 -177890.70
V 9488 -691138.20 -177882.95
V 9496 -691138.20 -177811.95
V 9504 -691140.28 -177804.20
V 9512 -691145.95 -177798.53
V 9520 -691153.70 -177796.45
V 9528 -691253.20 -177796.45
V 9536 -691253.20 -177756.45
V 9544 -691153.70 -177756.45
V 9552 -691145.95 -177754.37
V 9560 -691140.28 -177748.70
V 9568 -691138.20 -177740.95
V 9576 -691138.20 -177669.95
V 9584 -691140.28 -177662.20
V 9592 -691145.95 -177656.53
V 9600 -691153.70 -177654.45
V 9608 -691253.20 -177654.45
V 9616 -691253.20 -177614.45
V 9624 -691153.70 -177614.45
V 9632 -691145.95 -177612.37
V 9640 -691140.28 -177606.70
V 9648 -691138.20 -177598.95
V 9656 -691138.20 -177527.95
V 9664 -691140.28 -177520.20
V 9672 -691145.95 -177514.53
V 9680 -691153.70 -177512.45
V 9688 -691253.20 -177512.45
V 9696 -691253.20 -177472.45
V 9704 -691153.70 -177472.45
V 9712 -691145.95 -177470.37
V 9720 -691140.28 -177464.70
V 9728 -691138.20 -177456.95
V 9736 -691138.20 -177385.95
V 9744 -691140.28 -177378.20
V 9752 -691145.95 -177372.53
V 9760 -691153.70 -177370.45
V 9768 -691253.20 -177370.45
V 9776 -691253.20 -177330.45
V 9784 -691153.70 -177330.45
V 9792 -691145.95 -177328.37
V 9800 -691140.28 -177322.70
V 9808 -691138.20 -177314.95
V 9816 -691138.20 -177243.95
V 9824 -691140.28 -177236.20
V 9832 -691145.95 -177230.53
V 9840 -691153.70 -177228.45
V 9848 -691253.20 -177228.45
V 9856 -691253.20 -177188.45
V 9864 -691153.70 -177188.45
V 9872 -691145.95 -177186.37
V 9880 -691140.28 -177180.70
V 9888 -691138.20 -177172.95
V 9896 -691138.20 -177101.95
V 9904 -691140.28 -177094.20
V 9912 -691145.95 -177088.53
V 9920 -691153.70 -177086.45
V 9928 -691253.20 -177086.45
V 9936 -691253.20 -177046.45
V 9944 -691153.70 -177046.45
V 9952 -691145.95 -177044.37
V 9960 -691140.28 -177038.70
V 9968 -691138.20 -177030.95
V 9976 -691138.20 -176959.95
V 9984 -691140.28 -176952.20
V 9992 -691145.95 -176946.53
V 10000 -691153.70 -176944.45
V 10008 -691253.20 -176944.45
V 10016 -691253.20 -176904.45
V 10024 -691153.70 -176904.45
V 10032 -691145.95 -176902.37
V 10040 -691140.28 -176896.70
V 10048 -691138.20 -176888.95
V 10056 -691138.20 -176817.95
V 10064 -691140.28 -176810.20
V 10072 -691145.95 -176804.53
V 10080 -691153.70 -176802.45
V 10088 -691253.20 -176802.45
V 10096 -691253.20 -176762.45
V 10104 -691153.70 -176762.45
V 10112 -691145.95 -176760.37
V 10120 -691140.28 -176754.70
V 10128 -691138.20 -176746.95
V 10136 -691138.20 -176675.95
V 10144 -691140.28 -176668.20
V 10152 -691145.95 -176662.53
V 10160 -691153.70 -176660.45
V 10168 -691253.20 -176660.45
V 10176 -691253.20 -176620.45
V 10184 -691153.70 -176620.45
V 10192 -691145.95 -176618.37
V 10200 -691140.28 -176612.70
V 10208 -691138.20 -176604.95
V 10216 -691138.20 -176533.95
V 10224 -691140.28 -176526.20
V 10232 -691145.95 -176520.53
V 10240 -691153.70 -176518.45
V 10248 -691253.20 -176518.45
V 10256 -691253.20 -176478.45
V 10264 -691153.70 -176478.45
V 10272 -691145.95 -176476.37
V 10280 -691140.28 -176470.70
V 10288 -691138.20 -176462.95
V 10296 -691138.20 -176391.95
V 10304 -691140.28 -176384.20
V 10312 -691145.95 -176378.53
V 10320 -691153.70 -176376.45
V 10328 -691253.20 -176376.45
V 10336 -691253.20 -176336.45
V 10344 -691153.70 -176336.45
V 10352 -691145.95 -176334.37
V 10360 -691140.28 -176328.70
V 10368 -691138.20 -176320.95
V 10376 -691138.20 -176249.95
V 10384 -691140.28 -176242.20
V 10392 -691145.95 -176236.53
V 10400 -691153.70 -176234.45
V 10408 -691253.20 -176234.45
V 10416 -691253.20 -176194.45
V 10424 -691153.70 -176194.45
V 10432 -691145.95 -176192.37
V 10440 -691140.28 -176186.70
V 10448 -691138.20 -176178.95
V 10456 -691138.20 -176107.95
V 10464 -691140.28 -176100.20
V 10472 -691145.95 -176094.53
V 10480 -691153.70 -176092.45
V 10488 -691253.20 -176092.45
V 10496 -691253.20 -176052.45
V 10504 -691153.70 -176052.45
V 10512 -691145.95 -176050.37
V 10520 -691140.28 -176044.70
V 10528 -691138.20 -176036.95
V 10536 -691138.20 -175965.95
V 10544 -691140.28 -175958.20
V 10552 -691145.95 -175952.53
V 10560 -691153.70 -175950.45
V 10568 -691253.20 -175950.45
V 10576 -691253.20 -175910.45
V 10584 -691153.70 -175910.45
V 10592 -691145.95 -175908.37
V 10600 -691140.28 -175902.70
V 10608 -691138.20 -175894.95
V 10616 -691138.20 -175823.95
V 10624 -691140.28 -175816.20
V 10632 -691145.95 -175810.53
V 10640 -691153.70 -175808.45
V 10648 -691253.20 -175808.45
V 10656 -691253.20 -175768.45
V 10664 -691153.70 -175768.45
V 10672 -691145.95 -175766.37
V 10680 -691140.28 -175760.70
V 10688 -691138.20 -175752.95
V 10696 -691138.20 -175681.95
V 10704 -691140.28 -175674.20
V 10712 -691145.95 -175668.53
V 10720 -691153.70 -175666.45
V 10728 -691253.20 -175666.45
V 10736 -691253.20 -175626.45
V 10744 -691153.70 -175626.45
V 10752 -691145.95 -175624.37
V 10760 -691140.28 -175618.70
V 10768 -691138.20 -175610.95
V 10776 -691138.20 -175539.95
V 10784 -691140.28 -175532.20
V 10792 -691145.95 -175526.53
V 10800 -691153.70 -175524.45
V 10808 -691253.20 -175524.45
V 10816 -691253.20 -175484.45
V 10824 -691153.70 -175484.45
V 10832 -691145.95 -175482.37
V 10840 -691140.28 -175476.70
V 10848 -691138.20 -175468.95
V 10856 -691138.20 -175397.95
V 10864 -691140.28 -175390.20
V 10872 -691145.95 -175384.53
V 10880 -691153.70 -175382.45
V 10888 -691253.20 -175382.45
V 10896 -691253.20 -175342.45
V 10904 -691153.70 -175342.45
V 10912 -691145.95 -175340.37
V 10920 -691140.28 -175334.70
V 10928 -691138.20 -175326.95
V 10936 -691138.20 -175255.95
V 10944 -691140.28 -175248.20
V 10952 -691145.95 -175242.53
V 10960 -691153.70 -175240.45
V 10968 -691253.20 -175240.45
V 10976 -691253.20 -175200.45
V 10984 -691153.70 -175200.45
V 10992 -691145.95 -175198.37
V 11000 -691140.28 -175192.70
V 11008 -691138.20 -175184.95
V 11016 -691138.20 -175113.95
V 11024 -691140.28 -175106.20
V 11032 -691145.95 -175100.53
V 11040 -691153.70 -175098.45
V 11048 -691253.20 -175098.45
V 11056 -691253.20 -175058.45
V 11064 -691153.70 -175058.45
V 11072 -691145.95 -175056.37
V 11080 -691140.28 -175050.70
V 11088 -691138.20 -175042.95
V 11096 -691138.20 -174971.95
V 11104 -691140.28 -174964.20
V 11112 -691145.95 -174958.53
V 11120 -691153.70 -174956.45
V 11128 -691253.20 -174956.45
V 11136 -691253.20 -174916.45
V 11144 -691153.70 -174916.45
V 11152 -691145.95 -174914.37
V 11160 -691140.28 -174908.70
V 11168 -691138.20 -174900.95
V 11176 -691138.20 -174829.95
V 11184 -691140.28 -174822.20
V 11192 -691145.95 -174816.53
V 11200 -691153.70 -174814.45
V 11208 -691253.20 -174814.45
V 11216 -691253.20 -174774.45
V 11224 -691153.70 -174774.45
V 11232 -691145.95 -174772.37
V 11240 -691140.28 -174766.70
V 11248 -691138.20 -174758.95
V 11256 -691138.20 -174687.95
V 11264 -691140.28 -174680.20
V 11272 -691145.95 -174674.53
V 11280 -691153.70 -174672.45
V 11288 -691253.20 -174672.45
V 11296 -691253.20 -174632.45
V 11304 -691153.70 -174632.45
V 11312 -691145.95 -174630.37
V 11320 -691140.28 -174624.70
V 11328 -691138.20 -174616.95
V 11336 -691138.20 -174545.95
V 11344 -691140.28 -174538.20
V 11352 -691145.95 -174532.53
V 11360 -691153.70 -174530.45
V 11368 -691253.20 -174530.45
V 11376 -691253.20 -174490.45
V 11384 -691153.70 -174490.45
V 11392 -691145.95 -174488.37
V 11400 -691140.28 -174482.70
V 11408 -691138.20 -174474.95
V 11416 -691138.20 -174403.95
V 11424 -691140.28 -174396.20
V 11432 -691145.95 -174390.53
V 11440 -691153.70 -174388.45
V 11448 -691253.20 -174388.45
V 11456 -691253.20 -174348.45
V 11464 -691153.70 -174348.45
V 11472 -691145.95 -174346.37
V 11480 -691140.28 -174340.70
V 11488 -691138.20 -174332.95
V 11496 -691138.20 -174261.95
V 11504 -691140.28 -174254.20
V 11512 -691145.95 -174248.53
V 11520 -691153.70 -174246.45
V 11528 -691253.20 -174246.45
V 11536 -691253.20 -174206.45
V 11544 -691153.70 -174206.45
V 11552 -691145.95 -174204.37
V 11560 -691140.28 -174198.70
V 11568 -691138.20 -174190.95
V 11576 -691138.20 -174119.95
V 11584 -691140.28 -174112.20
V 11592 -691145.95 -174106.53
V 11600 -691153.70 -174104.45
V 11608 -691253.20 -174104.45
V 11616 -691253.20 -174064.45
V 11624 -691153.70 -174064.45
V 11632 -691145.95 -174062.37
V 11640 -691140.28 -174056.70
V 11648 -691138.20 -174048.95
V 11656 -691138.20 -173977.95
V 11664 -691140.28 -173970.20
V 11672 -691145.95 -173964.53
V 11680 -691153.70 -173962.45
V 11688 -691253.20 -173962.45
V 11696 -691253.20 -173922.45
V 11704 -691153.70 -173922.45
V 11712 -691145.95 -173920.37
V 11720 -691140.28 -173914.70
V 11728 -691138.20 -173906.95
V 11736 -691138.20 -173835.95
V 11744 -691140.28 -173828.20
V 11752 -691145.95 -173822.53
V 11760 -691153.70 -173820.45
V 11768 -691253.20 -173820.45
V 11776 -691253.20 -173780.45
V 11784 -691153.70 -173780.45
V 11792 -691145.95 -173778.37
V 11800 -691140.28 -173772.70
V 11808 -691138.20 -173764.95
V 11816 -691138.20 -173693.95
V 11824 -691140.28 -173686.20
V 11832 -691145.95 -173680.53
V 11840 -691153.70 -173678.45
V 11848 -691253.20 -173678.45
V 11856 -691253.20 -173638.45
V 11864 -691153.70 -173638.45
V 11872 -691145.95 -173636.37
V 11880 -691140.28 -173630.70
V 11888 -691138.20 -173622.95
V 11896 -691138.20 -173551.95
V 11904 -691140.28 -173544.20
V 11912 -691145.95 -173538.53
V 11920 -691153.70 -173536.45
V 11928 -691253.20 -173536.45
V 11936 -691253.20 -173496.45
V 11944 -691153.70 -173496.45
V 11952 -691145.95 -173494.37
V 11960 -691140.28 -173488.70
V 11968 -691138.20 -173480.95
V 11976 -691138.20 -173409.95
V 11984 -691140.28 -173402.20
V 11992 -691145.95 -173396.53
V 12000 -691153.70 -173394.45
V 12008 -691253.20 -173394.45
V 12016 -691253.20 -173354.45
V 12024 -691153.70 -173354.45
V 12032 -691145.95 -173352.37
V 12040 -691140.28 -173346.70
V 12048 -691138.20 -173338.95
V 12056 -691138.20 -173267.95
V 12064 -691140.28 -173260.20
V 12072 -691145.95 -173254.53
V 12080 -691153.70 -173252.45
V 12088 -691253.20 -173252.45
V 12096 -691253.20 -173212.45
V 12104 -691153.70 -173212.45
V 12112 -691145.95 -173210.37
V 12120 -691140.28 -173204.70
V 12128 -691138.20 -173196.95
V 12136 -691138.20 -173125.95
V 12144 -691140.28 -173118.20
V 12152 -691145.95 -173112.53
V 12160 -691153.70 -173110.45
V 12168 -691253.20 -173110.45
V 12176 -691253.20 -173070.45
V 12184 -691153.70 -173070.45
V 12192 -691145.95 -173068.37
V 12200 -691140.28 -173062.70
V 12208 -691138.20 -173054.95
V 12216 -691138.20 -172983.95
V 12224 -691140.28 -172976.20
V 12232 -691145.95 -172970.53
V 12240 -691153.70 -172968.45
V 12248 -691253.20 -172968.45
V 12256 -691253.20 -172928.45
V 12264 -691153.70 -172928.45
V 12272 -691145.95 -172926.37
V 12280 -691140.28 -172920.70
V 12288 -691138.20 -172912.95
V 12296 -691138.20 -172841.95
V 12304 -691140.28 -172834.20
V 12312 -691145.95 -172828.53
V 12320 -691153.70 -172826.45
V 12328 -691253.20 -172826.45
V 12336 -691253.20 -172786.45
V 12344 -691153.70 -172786.45
V 12352 -691145.95 -172784.37
V 12360 -691140.28 -172778.70
V 12368 -691138.20 -172770.95
V 12376 -691138.20 -172699.95
V 12384 -691140.28 -172692.20
V 12392 -691145.95 -172686.53
V 12400 -691153.70 -172684.45
V 12408 -691253.20 -172684.45
V 12416 -691253.20 -172644.45
V 12424 -691153.70 -172644.45
V 12432 -691145.95 -172642.37
V 12440 -691140.28 -172636.70
V 12448 -691138.20 -172628.95
V 12456 -691138.20 -172557.95
V 12464 -691140.28 -172550.20
V 12472 -691145.95 -172544.53
V 12480 -691153.70 -172542.45
V 12488 -691253.20 -172542.45
V 12496 -691253.20 -172502.45
V 12504 -691153.70 -172502.45
V 12512 -691145.95 -172500.37
V 12520 -691140.28 -172494.70
V 12528 -691138.20 -172486.95
V 12536 -691138.20 -172415.95
V 12544 -691140.28 -172408.20
V 12552 -691145.95 -172402.53
V 12560 -691153.70 -172400.45
V 12568 -691253.20 -172400.45
V 12576 -691253.20 -172360.45
V 12584 -691153.70 -172360.45
V 12592 -691145.95 -172358.37
V 12600 -691140.28 -172352.70
V 12608 -691138.20 -172344.95
V 12616 -691138.20 -172273.95
V 12624 -691140.28 -172266.20
V 12632 -691145.95 -172260.53
V 12640 -691153.70 -172258.45
V 12648 -691253.20 -172258.45
V 12656 -691253.20 -172218.45
V 12664 -691153.70 -172218.45
V 12672 -691145.95 -172216.37
V 12680 -691140.28 -172210.70
V 12688 -691138.20 -172202.95
V 12696 -691138.20 -172131.95
V 12704 -691140.28 -172124.20
V 12712 -691145.95 -172118.53
V 12720 -691153.70 -172116.45
V 12728 -691253.20 -172116.45
V 12736 -691253.20 -172076.45
V 12744 -691153.70 -172076.45
V 12752 -691145.95 -172074.37
V 12760 -691140.28 -172068.70
V 12768 -691138.20 -172060.95
V 12776 -691138.20 -171989.95
V 12784 -691140.28 -171982.20
V 12792 -691145.95 -171976.53
V 12800 -691153.70 -171974.45
V 12808 -691253.20 -171974.45
V 12816 -691253.20 -171934.45
V 12824 -691153.70 -171934.45
V 12832 -691145.95 -171932.37
V 12840 -691140.28 -171926.70
V 12848 -691138.20 -171918.95
V 12856 -691138.20 -171847.95
V 12864 -691140.28 -171840.20
V 12872 -691145.95 -171834.53
V 12880 -691153.70 -171832.45
V 12888 -691253.20 -171832.45
V 12896 -691253.20 -171792.45
V 12904 -691153.70 -171792.45
V 12912 -691145.95 -171790.37
V 12920 -691140.28 -171784.70
V 12928 -691138.20 -171776.95
V 12936 -691138.20 -171705.95
V 12944 -691140.28 -171698.20
V 12952 -691145.95 -171692.53
V 12960 -691153.70 -171690.45
V 12968 -691253.20 -171690.45
V 12976 -691253.20 -171650.45
V 12984 -691153.70 -171650.45
V 12992 -691145.95 -171648.37
V 13000 -691140.28 -171642.70
V 13008 -691138.20 -171634.95
V 13016 -691138.20 -171563.95
V 13024 -691140.28 -171556.20
V 13032 -691145.95 -171550.53
V 13040 -691153.70 -171548.45
V 13048 -691253.20 -171548.45
V 13056 -691253.20 -171508.45
V 13064 -691153.70 -171508.45
V 13072 -691145.95 -171506.37
V 13080 -691140.28 -171500.70
V 13088 -691138.20 -171492.95
V 13096 -691138.20 -171421.95
V 13104 -691140.28 -171414.20
V 13112 -691145.95 -171408.53
V 13120 -691153.70 -171406.45
V 13128 -691253.20 -171406.45
V 13136 -691253.20 -171366.45
V 13144 -691153.70 -171366.45
V 13152 -691145.95 -171364.37
V 13160 -691140.28 -171358.70
V 13168 -691138.20 -171350.95
V 13176 -691138.20 -171279.95
V 13184 -691140.28 -171272.20
V 13192 -691145.95 -171266.53
V 13200 -691153.70 -171264.45
V 13208 -691253.20 -171264.45
V 13216 -691253.20 -171224.45
V 13224 -691153.70 -171224.45
V 13232 -691145.95 -171222.37
V 13240 -691140.28 -171216.70
V 13248 -691138.20 -171208.95
V 13256 -691138.20 -171137.95
V 13264 -691140.28 -171130.20
V 13272 -691145.95 -171124.53
V 13280 -691153.70 -171122.45
V 13288 -691253.20 -171122.45
V 13296 -691253.20 -171082.45
V 13304 -691153.70 -171082.45
V 13312 -691145.95 -171080.37
V 13320 -691140.28 -171074.70
V 13328 -691138.20 -171066.95
V 13336 -691138.20 -170995.95
V 13344 -691140.28 -170988.20
V 13352 -691145.95 -170982.53
V 13360 -691153.70 -170980.45
V 13368 -691253.20 -170980.45
V 13376 -691253.20 -170940.45
V 13384 -691153.70 -170940.45
V 13392 -691145.95 -170938.37
V 13400 -691140.28 -170932.70
V 13408 -691138.20 -170924.95
V 13416 -691138.20 -170853.95
V 13424 -691140.28 -170846.20
V 13432 -691145.95 -170840.53
V 13440 -691153.70 -170838.45
V 13448 -691253.20 -170838.45
V 13456 -691253.20 -170798.45
V 13464 -691153.70 -170798.45
V 13472 -691145.95 -170796.37
V 13480 -691140.28 -170790.70
V 13488 -691138.20 -170782.95
V 13496 -691138.20 -170711.95
V 13504 -691140.28 -170704.20
V 13512 -691145.95 -170698.53
V 13520 -691153.70 -170696.45
V 13528 -691253.20 -170696.45
V 13536 -691253.20 -170656.45
V 13544 -691153.70 -170656.45
V 13552 -691145.95 -170654.37
V 13560 -691140.28 -170648.70
V 13568 -691138.20 -170640.95
V 13576 -691138.20 -170569.95
V 13584 -691140.28 -170562.20
V 13592 -691145.95 -170556.53
V 13600 -691153.70 -170554.45
V 13608 -691253.20 -170554.45
V 13616 -691253.20 -170514.45
V 13624 -691153.70 -170514.45
V 13632 -691145.95 -170512.37
V 13640 -691140.28 -170506.70
V 13648 -691138.20 -170498.95
V 13656 -691138.20 -170427.95
V 13664 -691140.28 -170420.20
V 13672 -691145.95 -170414.53
V 13680 -691153.70 -170412.45
V 13688 -691253.20 -170412.45
V 13696 -691253.20 -170372.45
V 13704 -691153.70 -170372.45
V 13712 -691145.95 -170370.37
V 13720 -691140.28 -170364.70
V 13728 -691138.20 -170356.95
V 13736 -691138.20 -170285.95
V 13744 -691140.28 -170278.20
V 13752 -691145.95 -170272.53
V 13760 -691153.70 -170270.45
V 13768 -691253.20 -170270.45
V 13776 -691253.20 -170230.45
V 13784 -691153.70 -170230.45
V 13792 -691145.95 -170228.37
V 13800 -691140.28 -170222.70
V 13808 -691138.20 -170214.95
V 13816 -691138.20 -170143.95
V 13824 -691140.28 -170136.20
V 13832 -691145.95 -170130.53
V 13840 -691153.70 -170128.45
V 13848 -691253.20 -170128.45
V 13856 -691253.20 -170088.45
V 13864 -691153.70 -170088.45
V 13872 -691145.95 -170086.37
V 13880 -691140.28 -170080.70
V 13888 -691138.20 -170072.95
V 13896 -691138.20 -170001.95
V 13904 -691140.28 -169994.20
V 13912 -691145.95 -169988.53
V 13920 -691153.70 -169986.45
V 13928 -691253.20 -169986.45
V 13936 -691253.20 -169946.45
V 13944 -691153.70 -169946.45
V 13952 -691145.95 -169944.37
V 13960 -691140.28 -169938.70
V 13968 -691138.20 -169930.95
V 13976 -691138.20 -169859.95
V 13984 -691140.28 -169852.20
V 13992 -691145.95 -169846.53
V 14000 -691153.70 -169844.45
V 14008 -691253.20 -169844.45
V 14016 -691253.20 -169804.45
V 14024 -691153.70 -169804.45
V 14032 -691145.95 -169802.37
V 14040 -691140.28 -169796.70
V 14048 -691138.20 -169788.95
V 14056 -691138.20 -169717.95
V 14064 -691140.28 -169710.20
V 14072 -691145.95 -169704.53
V 14080 -691153.70 -169702.45
V 14088 -691253.20 -169702.45
V 14096 -691253.20 -169662.45
V 14104 -691153.70 -169662.45
V 14112 -691145.95 -169660.37
V 14120 -691140.28 -169654.70
V 14128 -691138.20 -169646.95
V 14136 -691138.20 -169575.95
V 14144 -691140.28 -169568.20
V 14152 -691145.95 -169562.53
V 14160 -691153.70 -169560.45
V 14168 -691253.20 -169560.45
V 14176 -691253.20 -169520.45
V 14184 -691153.70 -169520.45
V 14192 -691145.95 -169518.37
V 14200 -691140.28 -169512.70
V 14208 -691138.20 -169504.95
V 14216 -691138.20 -169433.95
V 14224 -691140.28 -169426.20
V 14232 -691145.95 -169420.53
V 14240 -691153.70 -169418.45
V 14248 -691253.20 -169418.45
V 14256 -691253.20 -169378.45
V 14264 -691153.70 -169378.45
V 14272 -691145.95 -169376.37
V 14280 -691140.28 -169370.70
V 14288 -691138.20 -169362.95
V 14296 -691138.20 -169291.95
V 14304 -691140.28 -169284.20
V 14312 -691145.95 -169278.53
V 14320 -691153.70 -169276.45
V 14328 -691253.20 -169276.45
V 14336 -691253.20 -169236.45
V 14344 -691153.70 -169236.45
V 14352 -691145.95 -169234.37
V 14360 -691140.28 -169228.70
V 14368 -691138.20 -169220.95
V 14376 -691138.20 -169149.95
V 14384 -691140.28 -169142.20
V 14392 -691145.95 -169136.53
V 14400 -691153.70 -169134.45
V 14408 -691253.20 -169134.45
V 14416 -691253.20 -169094.45
V 14424 -691153.70 -169094.45
V 14432 -691145.95 -169092.37
V 14440 -691140.28 -169086.70
V 14448 -691138.20 -169078.95
V 14456 -691138.20 -169007.95
V 14464 -691140.28 -169000.20
V 14472 -691145.95 -168994.53
V 14480 -691153.70 -168992.45
V 14488 -691253.20 -168992.45
V 14496 -691253.20 -168952.45
V 14504 -691153.70 -168952.45
V 14512 -691145.95 -168950.37
V 14520 -691140.28 -168944.70
V 14528 -691138.20 -168936.95
V 14536 -691138.20 -168865.95
V 14544 -691140.28 -168858.20
V 14552 -691145.95 -168852.53
V 14560 -691153.70 -168850.45
V 14568 -691253.20 -168850.45
V 14576 -691253.20 -168810.45
V 14584 -691153.70 -168810.45
V 14592 -691145.95 -168808.37
V 14600 -691140.28 -168802.70
V 14608 -691138.20 -168794.95
V 14616 -691138.20 -168723.95
V 14624 -691140.28 -168716.20
V 14632 -691145.95 -168710.53
V 14640 -691153.70 -168708.45
V 14648 -691253.20 -168708.45
V 14656 -691253.20 -168668.45
V 14664 -691153.70 -168668.45
V 14672 -691145.95 -168666.37
V 14680 -691140.28 -168660.70
V 14688 -691138.20 -168652.95
V 14696 -691138.20 -168581.95
V 14704 -691140.28 -168574.20
V 14712 -691145.95 -168568.53
V 14720 -691153.70 -168566.45
V 14728 -691253.20 -168566.45
V 14736 -691253.20 -168526.45
V 14744 -691153.70 -168526.45
V 14752 -691145.95 -168524.37
V 14760 -691140.28 -168518.70
V 14768 -691138.20 -168510.95
V 14776 -691138.20 -168439.95
V 14784 -691140.28 -168432.20
V 14792 -691145.95 -168426.53
V 14800 -691153.70 -168424.45
V 14808 -691253.20 -168424.45
V 14816 -691253.20 -168384.45
V 14824 -691153.70 -168384.45
V 14832 -691145.95 -168382.37
V 14840 -691140.28 -168376.70
V 14848 -691138.20 -168368.95
V 14856 -691138.20 -168297.95
V 14864 -691140.28 -168290.20
V 14872 -691145.95 -168284.53
V 14880 -691153.70 -168282.45
V 14888 -691253.20 -168282.45
V 14896 -691253.20 -168242.45
V 14904 -691153.70 -168242.45
V 14912 -691145.95 -168240.37
V 14920 -691140.28 -168234.70
V 14928 -691138.20 -168226.95
V 14936 -691138.20 -168155.95
V 14944 -691140.28 -168148.20
V 14952 -691145.95 -168142.53
V 14960 -691153.70 -168140.45
V 14968 -691253.20 -168140.45
V 14976 -691253.20 -168100.45
V 14984 -691153.70 -168100.45
V 14992 -691145.95 -168098.37
V 15000 -691140.28 -168092.70
V 15008 -691138.20 -168084.95
V 15016 -691138.20 -168013.95
V 15024 -691140.28 -168006.20
V 15032 -691145.95 -168000.53
V 15040 -691153.70 -167998.45
V 15048 -691253.20 -167998.45
V 15056 -691253.20 -167958.45
V 15064 -691153.70 -167958.45
V 15072 -691145.95 -167956.37
V 15080 -691140.28 -167950.70
V 15088 -691138.20 -167942.95
V 15096 -691138.20 -167871.95
V 15104 -691140.28 -167864.20
V 15112 -691145.95 -167858.53
V 15120 -691153.70 -167856.45
V 15128 -691253.20 -167856.45
V 15136 -691253.20 -167816.45
V 15144 -691153.70 -167816.45
V 15152 -691145.95 -167814.37
V 15160 -691140.28 -167808.70
V 15168 -691138.20 -167800.95
V 15176 -691138.20 -167729.95
V 15184 -691140.28 -167722.20
V 15192 -691145.95 -167716.53
V 15200 -691153.70 -167714.45
V 15208 -691253.20 -167714.45
V 15216 -691253.20 -167674.45
V 15224 -691153.70 -167674.45
V 15232 -691145.95 -167672.37
V 15240 -691140.28 -167666.70
V 15248 -691138.20 -167658.95
V 15256 -691138.20 -167587.95
V 15264 -691140.28 -167580.20
V 15272 -691145.95 -167574.53
V 15280 -691153.70 -167572.45
V 15288 -691253.20 -167572.45
V 15296 -691253.20 -167532.45
V 15304 -691153.70 -167532.45
V 15312 -691145.95 -167530.37
V 15320 -691140.28 -167524.70
V 15328 -691138.20 -167516.95
V 15336 -691138.20 -167445.95
V 15344 -691140.28 -167438.20
V 15352 -691145.95 -167432.53
V 15360 -691153.70 -167430.45
V 15368 -691253.20 -167430.45
V 15376 -691253.20 -167390.45
V 15384 -691153.70 -167390.45
V 15392 -691145.95 -167388.37
V 15400 -691140.28 -167382.70
V 15408 -691138.20 -167374.95
V 15416 -691138.20 -167303.95
V 15424 -691140.28 -167296.20
V 15432 -691145.95 -167290.53
V 15440 -691153.70 -167288.45
V 15448 -691253.20 -167288.45
V 15456 -691253.20 -167248.45
V 15464 -691153.70 -167248.45
V 15472 -691145.95 -167246.37
V 15480 -691140.28 -167240.70
V 15488 -691138.20 -167232.95
V 15496 -691138.20 -167161.95
V 15504 -691140.28 -167154.20
V 15512 -691145.95 -167148.53
V 15520 -691153.70 -167146.45
V 15528 -691253.20 -167146.45
V 15536 -691253.20 -167106.45
V 15544 -691153.70 -167106.45
V 15552 -691145.95 -167104.37
V 15560 -691140.28 -167098.70
V 15568 -691138.20 -167090.95
V 15576 -691138.20 -167019.95
V 15584 -691140.28 -167012.20
V 15592 -691145.95 -167006.53
V 15600 -691153.70 -167004.45
V 15608 -691253.20 -167004.45
V 15616 -691253.20 -166964.45
V 15624 -691153.70 -166964.45
V 15632 -691145.95 -166962.37
V 15640 -691140.28 -166956.70
V 15648 -691138.20 -166948.95
V 15656 -691138.20 -166877.95
V 15664 -691140.28 -166870.20
V 15672 -691145.95 -166864.53
V 15680 -691153.70 -166862.45
V 15688 -691253.20 -166862.45
V 15696 -691253.20 -166822.45
V 15704 -691153.70 -166822.45
V 15712 -691145.95 -166820.37
V 15720 -691140.28 -166814.70
V 15728 -691138.20 -166806.95
V 15736 -691138.20 -166735.95
V 15744 -691140.28 -166728.20
V 15752 -691145.95 -166722.53
V 15760 -691153.70 -166720.45
V 15768 -691253.20 -166720.45
V 15776 -691253.20 -166680.45
V 15784 -691153.70 -166680.45
V 15792 -691145.95 -166678.37
V 15800 -691140.28 -166672.70
V 15808 -691138.20 -166664.95
V 15816 -691138.20 -166593.95
V 15824 -691140.28 -166586.20
V 15832 -691145.95 -166580.53
V 15840 -691153.70 -166578.45
V 15848 -691253.20 -166578.45
V 15856 -691253.20 -166538.45
V 15864 -691153.70 -166538.45
V 15872 -691145.95 -166536.37
V 15880 -691140.28 -166530.70
V 15888 -691138.20 -166522.95
V 15896 -691138.20 -166451.95
V 15904 -691140.28 -166444.20
V 15912 -691145.95 -166438.53
V 15920 -691153.70 -166436.45
V 15928 -691253.20 -166436.45
V 15936 -691253.20 -166396.45
V 15944 -691153.70 -166396.45
V 15952 -691145.95 -166394.37
V 15960 -691140.28 -166388.70
V 15968 -691138.20 -166380.95
V 15976 -691138.20 -166309.95
V 15984 -691140.28 -166302.20
V 15992 -691145.95 -166296.53
V 16000 -691153.70 -166294.45
V 16008 -691253.20 -166294.45
V 16016 -691253.20 -166254.45
V 16024 -691153.70 -166254.45
V 16032 -691145.95 -166252.37
V 16040 -691140.28 -166246.70
V 16048 -691138.20 -166238.95
V 16056 -691138.20 -166167.95
V 16064 -691140.28 -166160.20
V 16072 -691145.95 -166154.53
V 16080 -691153.70 -166152.45
V 16088 -691253.20 -166152.45
V 16096 -691253.20 -166112.45
V 16104 -691153.70 -166112.45
V 16112 -691145.95 -166110.37
V 16120 -691140.28 -166104.70
V 16128 -691138.20 -166096.95
V 16136 -691138.20 -166025.95
V 16144 -691140.28 -166018.20
V 16152 -691145.95 -166012.53
V 16160 -691153.70 -166010.45
V 16168 -691253.20 -166010.45
V 16176 -691253.20 -165970.45
V 16184 -691153.70 -165970.45
V 16192 -691145.95 -165968.37
V 16200 -691140.28 -165962.70
V 16208 -691138.20 -165954.95
V 16216 -691138.20 -165883.95
V 16224 -691140.28 -165876.20
V 16232 -691145.95 -165870.53
V 16240 -691153.70 -165868.45
V 16248 -691253.20 -165868.45
V 16256 -691253.20 -165828.45
V 16264 -691153.70 -165828.45
V 16272 -691145.95 -165826.37
V 16280 -691140.28 -165820.70
V 16288 -691138.20 -165812.95
V 16296 -691138.20 -165741.95
V 16304 -691140.28 -165734.20
V 16312 -691145.95 -165728.53
V 16320 -691153.70 -165726.45
V 16328 -691253.20 -165726.45
V 16336 -691253.20 -165686.45
V 16344 -691153.70 -165686.45
V 16352 -691145.95 -165684.37
V 16360 -691140.28 -165678.70
V 16368 -691138.20 -165670.95
V 16376 -691138.20 -165599.95
V 16384 -691140.28 -165592.20
V 16392 -691145.95 -165586.53
V 16400 -691153.70 -165584.45
V 16408 -691253.20 -165584.45
V 16416 -691253.20 -165544.45
V 16424 -691153.70 -165544.45
V 16432 -691145.95 -165542.37
V 16440 -691140.28 -165536.70
V 16448 -691138.20 -165528.95
V 16456 -691138.20 -165457.95
V 16464 -691140.28 -165450.20
V 16472 -691145.95 -165444.53
V 16480 -691153.70 -165442.45
V 16488 -691253.20 -165442.45
V 16496 -691253.20 -165402.45
V 16504 -691153.70 -165402.45
V 16512 -691145.95 -165400.37
V 16520 -691140.28 -165394.70
V 16528 -691138.20 -165386.95
V 16536 -691138.20 -165315.95
V 16544 -691140.28 -165308.20
V 16552 -691145.95 -165302.53
V 16560 -691153.70 -165300.45
V 16568 -691253.20 -165300.45
V 16576 -691253.20 -165260.45
V 16584 -691153.70 -165260.45
V 16592 -691145.95 -165258.37
V 16600 -691140.28 -165252.70
V 16608 -691138.20 -165244.95
V 16616 -691138.20 -165173.95
V 16624 -691140.28 -165166.20
V 16632 -691145.95 -165160.53
V 16640 -691153.70 -165158.45
V 16648 -691253.20 -165158.45
V 16656 -691253.20 -165118.45
V 16664 -691153.70 -165118.45
V 16672 -691145.95 -165116.37
V 16680 -691140.28 -165110.70
V 16688 -691138.20 -165102.95
V 16696 -691138.20 -165031.95
V 16704 -691140.28 -165024.20
V 16712 -691145.95 -165018.53
V 16720 -691153.70 -165016.45
V 16728 -691253.20 -165016.45
V 16736 -691253.20 -164976.45
V 16744 -691153.70 -164976.45
V 16752 -691145.95 -164974.37
V 16760 -691140.28 -164968.70
V 16768 -691138.20 -164960.95
V 16776 -691138.20 -164889.95
V 16784 -691140.28 -164882.20
V 16792 -691145.95 -164876.53
V 16800 -691153.70 -164874.45
V 16808 -691253.20 -164874.45
V 16816 -691253.20 -164834.45
V 16824 -691153.70 -164834.45
V 16832 -691145.95 -164832.37
V 16840 -691140.28 -164826.70
V 16848 -691138.20 -164818.95
V 16856 -691138.20 -164747.95
V 16864 -691140.28 -164740.20
V 16872 -691145.95 -164734.53
V 16880 -691153.70 -164732.45
V 16888 -691253.20 -164732.45
V 16896 -691253.20 -164692.45
V 16904 -691153.70 -164692.45
V 16912 -691145.95 -164690.37
V 16920 -691140.28 -164684.70
V 16928 -691138.20 -164676.95
V 16936 -691138.20 -164605.95
V 16944 -691140.28 -164598.20
V 16952 -691145.95 -164592.53
V 16960 -691153.70 -164590.45
V 16968 -691253.20 -164590.45
V 16976 -691253.20 -164550.45
V 16984 -691153.70 -164550.45
V 16992 -691145.95 -164548.37
V 17000 -691140.28 -164542.70
V 17008 -691138.20 -164534.95
V 17016 -691138.20 -164463.95
V 17024 -691140.28 -164456.20
V 17032 -691145.95 -164450.53
V 17040 -691153.70 -164448.45
V 17048 -691253.20 -164448.45
V 17056 -691253.20 -164408.45
V 17064 -691153.70 -164408.45
V 17072 -691145.95 -164406.37
V 17080 -691140.28 -164400.70
V 17088 -691138.20 -164392.95
V 17096 -691138.20 -164321.95
V 17104 -691140.28 -164314.20
V 17112 -691145.95 -164308.53
V 17120 -691153.70 -164306.45
V 17128 -691253.20 -164306.45
V 17136 -691253.20 -164266.45
V 17144 -691153.70 -164266.45
V 17152 -691145.95 -164264.37
V 17160 -691140.28 -164258.70
V 17168 -691138.20 -164250.95
V 17176 -691138.20 -164179.95
V 17184 -691140.28 -164172.20
V 17192 -691145.95 -164166.53
V 17200 -691153.70 -164164.45
V 17208 -691253.20 -164164.45
V 17216 -691253.20 -164124.45
V 17224 -691153.70 -164124.45
V 17232 -691145.95 -164122.37
V 17240 -691140.28 -164116.70
V 17248 -691138.20 -164108.95
V 17256 -691138.20 -164037.95
V 17264 -691140.28 -164030.20
V 17272 -691145.95 -164024.53
V 17280 -691153.70 -164022.45
V 17288 -691253.20 -164022.45
V 17296 -691253.20 -163982.45
V 17304 -691153.70 -163982.45
V 17312 -691145.95 -163980.37
V 17320 -691140.28 -163974.70
V 17328 -691138.20 -163966.95
V 17336 -691138.20 -163895.95
V 17344 -691140.28 -163888.20
V 17352 -691145.95 -163882.53
V 17360 -691153.70 -163880.45
V 17368 -691253.20 -163880.45
V 17376 -691253.20 -163840.45
V 17384 -691153.70 -163840.45
V 17392 -691145.95 -163838.37
V 17400 -691140.28 -163832.70
V 17408 -691138.20 -163824.95
V 17416 -691138.20 -163753.95
V 17424 -691140.28 -163746.20
V 17432 -691145.95 -163740.53
V 17440 -691153.70 -163738.45
V 17448 -691253.20 -163738.45
V 17456 -691253.20 -163698.45
V 17464 -691153.70 -163698.45
V 17472 -691145.95 -163696.37
V 17480 -691140.28 -163690.70
V 17488 -691138.20 -163682.95
V 17496 -691138.20 -163611.95
V 17504 -691140.28 -163604.20
V 17512 -691145.95 -163598.53
V 17520 -691153.70 -163596.45
V 17528 -691253.20 -163596.45
V 17536 -691253.20 -163556.45
V 17544 -691153.70 -163556.45
V 17552 -691145.95 -163554.37
V 17560 -691140.28 -163548.70
V 17568 -691138.20 -163540.95
V 17576 -691138.20 -163469.95
V 17584 -691140.28 -163462.20
V 17592 -691145.95 -163456.53
V 17600 -691153.70 -163454.45
V 17608 -691253.20 -163454.45
V 17616 -691253.20 -163414.45
V 17624 -691153.70 -163414.45
V 17632 -691145.95 -163412.37
V 17640 -691140.28 -163406.70
V 17648 -691138.20 -163398.95
V 17656 -691138.20 -163327.95
V 17664 -691140.28 -163320.20
V 17672 -691145.95 -163314.53
V 17680 -691153.70 -163312.45
V 17688 -691253.20 -163312.45
V 17696 -691253.20 -163272.45
V 17704 -691153.70 -163272.45
V 17712 -691145.95 -163270.37
V 17720 -691140.28 -163264.70
V 17728 -691138.20 -163256.95
V 17736 -691138.20 -163185.95
V 17744 -691140.28 -163178.20
V 17752 -691145.95 -163172.53
V 17760 -691153.70 -163170.45
V 17768 -691231.46 -163170.45
V 17776 -691231.46 -163130.45
V 17784 -691211.20 -163130.45
V 17792 -691203.45 -163128.37
V 17800 -691197.78 -163122.70
V 17808 -691195.70 -163114.95
V 17816 -691195.70 -163003.96
V 17824 -691015.85 -162973.42
V 17832 -691006.88 -162971.90
V 17840 -689479.23 -162712.50
V 17848 -689229.45 -162670.09
V 17856 -688497.95 -162545.88
V 17864 -687747.87 -162418.51
V 17872 -686946.01 -162282.35
V 17880 -686634.00 -162229.38
V 17888 -686289.58 -162170.89
V 17896 -685358.38 -162012.77
V 17904 -685339.99 -162009.65
V 17912 -684812.98 -161920.16
V 17920 -684190.12 -161814.40
V 17928 -683948.47 -161773.37
V 17936 -683488.97 -161695.34
V 17944 -683008.01 -161613.68
V 17952 -682992.33 -161611.01
V 17960 -682694.70 -161560.48
V 17968 -682647.52 -161552.46
V 17976 -680880.71 -161252.46
V 17984 -680660.25 -161215.02
V 17992 -677813.07 -160731.56
V 18000 -677533.08 -160684.02
V 18008 -675980.89 -160420.46
V 18016 -675355.15 -160314.21
V 18024 -675339.73 -160311.59
V 18032 -674277.15 -160131.16
V 18040 -673872.76 -160062.49
V 18048 -672823.49 -159884.32
V 18056 -670434.21 -159478.62
V 18064 -670231.21 -159444.15
V 18072 -669897.97 -159387.56
V 18080 -668870.09 -159213.02
V 18088 -668870.05 -159213.02
V 18096 -668869.99 -159213.01
V 18104 -668869.95 -159213.00
V 18112 -664005.79 -158387.06
V 18120 -662365.32 -158108.50
V 18128 -660307.91 -157759.15
V 18136 -660306.84 -157758.93
V 18144 -660305.80 -157758.64
V 18152 -660304.77 -157758.27
V 18160 -660303.78 -157757.84
V 18168 -660302.82 -157757.33
V 18176 -660301.89 -157756.76
V 18184 -660301.01 -157756.13
V 18192 -660300.17 -157755.43
V 18200 -660299.39 -157754.68
V 18208 -660298.66 -157753.87
V 18216 -660297.99 -157753.02
V 18224 -660297.38 -157752.12
V 18232 -660296.83 -157751.18
V 18240 -660296.35 -157750.20
V 18248 -660295.94 -157749.20
V 18256 -660295.61 -157748.16
V 18264 -660295.34 -157747.11
V 18272 -660295.15 -157746.04
V 18280 -660295.04 -157744.96
V 18288 -660295.00 -157743.87
V 18296 -660295.00 -157719.35
