V 0 1088864.08 -71367.45
V 8 1088836.96 -71328.01
V 16 1088836.92 -71327.96
V 24 1088836.88 -71327.90
V 32 1088836.85 -71327.87
V 40 1088805.14 -71286.17
V 48 1088805.13 -71286.15
V 56 1088805.10 -71286.11
V 64 1088798.62 -71277.76
V 72 1088798.09 -71277.33
V 80 1088797.43 -71277.18
V 88 1088671.40 -71277.18
V 96 1088671.30 -71277.19
V 104 1088671.03 -71277.25
V 112 1088670.94 -71277.29
V 120 1088670.85 -71277.32
V 128 1088670.83 -71277.34
V 136 1088665.61 -71279.52
V 144 1088666.77 -71282.28
V 152 1088671.78 -71280.18
V 160 1088796.69 -71280.18
V 168 1088802.78 -71288.03
V 176 1088802.81 -71288.06
V 184 1088834.48 -71329.71
V 192 1088862.05 -71369.80
V 200 1088862.59 -71370.28
V 208 1088863.29 -71370.45
V 216 1088925.36 -71370.45
V 224 1088925.36 -71367.45
