V 0 -962235.28 -177804.20
V 8 -962240.95 -177798.53
V 16 -962248.70 -177796.45
V 24 -962314.27 -177796.45
V 32 -962314.27 -177756.45
V 40 -962306.20 -177756.45
V 48 -962305.09 -177756.41
V 56 -962303.99 -177756.29
V 64 -962302.91 -177756.10
V 72 -962301.83 -177755.82
V 80 -962300.78 -177755.47
V 88 -962299.76 -177755.05
V 96 -962298.77 -177754.55
V 104 -962297.82 -177753.99
V 112 -962296.91 -177753.36
V 120 -962296.05 -177752.66
V 128 -962295.24 -177751.91
V 136 -962294.49 -177751.10
V 144 -962293.79 -177750.24
V 152 -962293.16 -177749.33
V 160 -962292.60 -177748.38
V 168 -962292.10 -177747.39
V 176 -962291.68 -177746.37
V 184 -962291.33 -177745.32
V 192 -962291.05 -177744.24
V 200 -962290.86 -177743.16
V 208 -962290.74 -177742.06
V 216 -962290.70 -177740.95
V 224 -962290.70 -177443.51
V 232 -962292.36 -177436.52
V 240 -962297.00 -177431.04
V 248 -962303.61 -177428.23
V 256 -965370.30 -176907.50
V 264 -965433.57 -176896.75
V 272 -965499.57 -176885.55
V 280 -970417.05 -176050.55
V 288 -971118.01 -175931.53
V 296 -971269.72 -175905.76
V 304 -972026.36 -175777.29
V 312 -972239.31 -175741.13
V 320 -972297.94 -175731.17
V 328 -972512.72 -175694.70
V 336 -972762.55 -175652.28
V 344 -972977.32 -175615.81
V 352 -973227.15 -175573.39
V 360 -973441.91 -175536.92
V 368 -973691.76 -175494.50
V 376 -973906.53 -175458.03
V 384 -974156.36 -175415.61
V 392 -974371.12 -175379.14
V 400 -974620.97 -175336.72
V 408 -974835.74 -175300.25
V 416 -975085.57 -175257.83
V 424 -975300.33 -175221.36
V 432 -975667.66 -175158.99
V 440 -978786.01 -174629.48
V 448 -981280.33 -174205.94
V 456 -981454.68 -174176.34
V 464 -981897.16 -174101.20
V 472 -984156.67 -173717.54
V 480 -984697.32 -173625.73
V 488 -985325.65 -173519.04
V 496 -989398.03 -172827.54
V 504 -989494.86 -172811.10
V 512 -989855.79 -172749.81
V 520 -991381.19 -172490.80
V 528 -992035.04 -172379.77
V 536 -992834.87 -172243.96
V 544 -994290.77 -171996.74
V 552 -1000890.56 -170876.09
V 560 -1001898.02 -170705.02
V 568 -1001988.74 -170689.61
V 576 -1004703.23 -170228.69
V 584 -1010235.71 -169289.26
V 592 -1012581.95 -168890.86
V 600 -1021373.57 -167398.03
V 608 -1022648.99 -167181.46
V 616 -1023429.17 -167048.98
V 624 -1025349.01 -166722.99
V 632 -1025408.35 -166712.91
V 640 -1038752.59 -164447.03
V 648 -1043998.28 -163556.31
V 656 -1043998.39 -163556.29
V 664 -1043998.66 -163556.25
V 672 -1043999.21 -163556.18
V 680 -1043999.25 -163556.18
V 688 -1043999.37 -163556.16
V 696 -1044504.80 -163507.05
V 704 -1044918.26 -163418.50
V 712 -1044919.02 -163418.36
V 720 -1045033.03 -163399.82
V 728 -1045284.55 -163356.81
V 736 -1045284.57 -163356.81
V 744 -1045513.65 -163317.95
V 752 -1045746.48 -163278.41
V 760 -1045978.71 -163238.98
V 768 -1046339.68 -163177.68
V 776 -1046695.27 -163099.81
V 784 -1046695.43 -163099.77
V 792 -1046695.67 -163099.73
V 800 -1046923.55 -163050.02
V 808 -1046923.90 -163049.94
V 816 -1046924.07 -163049.91
V 824 -1047154.44 -162999.63
V 832 -1047154.69 -162999.57
V 840 -1047154.93 -162999.53
V 848 -1047384.75 -162949.37
V 856 -1047385.10 -162949.29
V 864 -1047385.34 -162949.25
V 872 -1047615.24 -162899.07
V 880 -1047615.59 -162898.99
V 888 -1047615.76 -162898.96
V 896 -1047845.79 -162848.75
V 904 -1047846.04 -162848.69
V 912 -1047846.28 -162848.65
V 920 -1048272.69 -162755.61
V 928 -1048595.17 -162658.76
V 936 -1048595.76 -162658.60
V 944 -1049394.13 -162452.60
V 952 -1049776.26 -162267.15
V 960 -1049776.82 -162266.88
V 968 -1049777.33 -162266.66
V 976 -1049777.84 -162266.46
V 984 -1049778.37 -162266.27
V 992 -1049990.53 -162194.46
V 1000 -1049990.64 -162194.43
V 1008 -1050250.53 -162106.99
V 1016 -1050250.61 -162106.96
V 1024 -1050439.58 -162043.33
V 1032 -1050665.76 -161967.19
V 1040 -1051424.61 -161711.69
V 1048 -1051676.32 -161616.84
V 1056 -1051676.70 -161616.70
V 1064 -1052439.02 -161349.86
V 1072 -1052796.64 -161141.98
V 1080 -1052797.53 -161141.50
V 1088 -1052798.45 -161141.08
V 1096 -1052802.92 -161139.21
V 1104 -1053047.75 -161033.47
V 1112 -1053047.77 -161033.46
V 1120 -1053268.33 -160938.58
V 1128 -1053491.83 -160842.38
V 1136 -1053567.48 -160809.83
V 1144 -1053567.62 -160809.78
V 1152 -1053567.68 -160809.75
V 1160 -1053568.19 -160809.55
V 1168 -1053568.54 -160809.42
V 1176 -1054211.71 -160586.62
V 1184 -1054566.54 -160380.05
V 1192 -1054567.43 -160379.57
V 1200 -1054568.36 -160379.15
V 1208 -1054589.77 -160370.20
V 1216 -1054833.06 -160265.13
V 1224 -1054833.08 -160265.12
V 1232 -1055053.83 -160170.15
V 1240 -1055325.03 -160053.43
V 1248 -1055551.10 -159949.30
V 1256 -1055551.18 -159949.26
V 1264 -1055551.21 -159949.25
V 1272 -1055551.46 -159949.13
V 1280 -1056238.53 -159651.80
V 1288 -1056574.01 -159426.89
V 1296 -1056574.03 -159426.88
V 1304 -1056574.49 -159426.57
V 1312 -1056574.96 -159426.28
V 1320 -1056575.44 -159426.01
V 1328 -1056575.87 -159425.78
V 1336 -1056626.15 -159400.42
V 1344 -1056870.72 -159273.87
V 1352 -1056870.90 -159273.78
V 1360 -1056960.66 -159227.46
V 1368 -1056960.83 -159227.37
V 1376 -1056961.33 -159227.13
V 1384 -1056961.60 -159227.01
V 1392 -1056961.65 -159226.99
V 1400 -1057553.36 -158972.92
V 1408 -1057887.19 -158748.89
V 1416 -1057887.25 -158748.86
V 1424 -1057887.45 -158748.72
V 1432 -1057887.92 -158748.43
V 1440 -1057888.40 -158748.16
V 1448 -1057888.83 -158747.93
V 1456 -1057950.94 -158716.60
V 1464 -1058186.72 -158594.59
V 1472 -1058186.90 -158594.50
V 1480 -1058292.19 -158540.16
V 1488 -1058292.36 -158540.07
V 1496 -1058292.86 -158539.83
V 1504 -1058293.13 -158539.71
V 1512 -1058293.18 -158539.69
V 1520 -1058872.13 -158291.11
V 1528 -1059199.84 -158071.18
V 1536 -1059199.90 -158071.15
V 1544 -1059200.10 -158071.01
V 1552 -1059200.57 -158070.72
V 1560 -1059201.05 -158070.45
V 1568 -1059201.48 -158070.22
V 1576 -1059275.71 -158032.77
V 1584 -1059510.43 -157911.31
V 1592 -1059510.61 -157911.22
V 1600 -1059623.60 -157852.92
V 1608 -1059623.77 -157852.83
V 1616 -1059624.27 -157852.59
V 1624 -1059624.54 -157852.47
V 1632 -1059624.59 -157852.45
V 1640 -1060190.90 -157609.29
V 1648 -1060531.51 -157380.70
V 1656 -1060531.77 -157380.53
V 1664 -1060532.24 -157380.24
V 1672 -1060532.72 -157379.97
V 1680 -1060533.21 -157379.71
V 1688 -1060533.26 -157379.68
V 1696 -1060710.19 -157286.50
V 1704 -1060993.98 -157117.28
V 1712 -1060994.21 -157117.14
V 1720 -1061113.29 -157046.99
V 1728 -1061113.42 -157046.91
V 1736 -1061113.90 -157046.64
V 1744 -1061114.39 -157046.38
V 1752 -1061654.86 -156775.98
V 1760 -1061965.96 -156543.29
V 1768 -1061966.70 -156542.77
V 1776 -1061967.47 -156542.29
V 1784 -1061982.93 -156533.34
V 1792 -1061983.02 -156533.28
V 1800 -1061983.16 -156533.21
V 1808 -1061983.44 -156533.05
V 1816 -1061983.93 -156532.79
V 1824 -1062527.00 -156260.78
V 1832 -1062833.21 -156031.75
V 1840 -1062833.51 -156031.52
V 1848 -1062833.96 -156031.20
V 1856 -1062834.42 -156030.89
V 1864 -1062834.89 -156030.60
V 1872 -1062834.98 -156030.55
V 1880 -1062835.04 -156030.51
V 1888 -1062947.29 -155965.57
V 1896 -1063184.76 -155825.23
V 1904 -1063184.83 -155825.19
V 1912 -1063184.96 -155825.12
V 1920 -1063400.65 -155697.93
V 1928 -1063400.73 -155697.88
V 1936 -1063993.66 -155343.15
V 1944 -1064278.22 -155098.05
V 1952 -1064295.60 -155083.63
V 1960 -1064296.15 -155083.19
V 1968 -1064296.73 -155082.78
V 1976 -1064353.43 -155043.88
V 1984 -1064353.53 -155043.82
V 1992 -1064353.82 -155043.62
V 2000 -1064354.13 -155043.43
V 2008 -1064354.19 -155043.39
V 2016 -1064858.66 -154739.07
V 2024 -1065130.49 -154505.15
V 2032 -1065155.24 -154484.62
V 2040 -1065155.68 -154484.28
V 2048 -1065156.13 -154483.96
V 2056 -1065156.16 -154483.94
V 2064 -1065156.20 -154483.91
V 2072 -1065222.78 -154438.22
V 2080 -1065222.88 -154438.16
V 2088 -1065223.17 -154437.96
V 2096 -1065223.48 -154437.77
V 2104 -1065223.54 -154437.73
V 2112 -1065720.42 -154138.00
V 2120 -1065983.20 -153911.89
V 2128 -1066014.70 -153885.76
V 2136 -1066015.14 -153885.42
V 2144 -1066015.59 -153885.10
V 2152 -1066015.62 -153885.08
V 2160 -1066015.66 -153885.05
V 2168 -1066092.06 -153832.62
V 2176 -1066092.16 -153832.56
V 2184 -1066092.45 -153832.36
V 2192 -1066092.76 -153832.17
V 2200 -1066092.82 -153832.13
V 2208 -1066582.28 -153536.87
V 2216 -1066835.90 -153318.63
V 2224 -1066874.07 -153286.95
V 2232 -1066874.51 -153286.61
V 2240 -1066874.96 -153286.29
V 2248 -1066874.99 -153286.27
V 2256 -1066875.03 -153286.24
V 2264 -1066961.40 -153226.98
V 2272 -1066961.50 -153226.92
V 2280 -1066961.79 -153226.72
V 2288 -1066962.10 -153226.53
V 2296 -1066962.16 -153226.49
V 2304 -1067444.06 -152935.78
V 2312 -1067688.60 -152725.36
V 2320 -1067733.56 -152688.07
V 2328 -1067734.00 -152687.73
V 2336 -1067734.45 -152687.41
V 2344 -1067734.48 -152687.39
V 2352 -1067734.52 -152687.36
V 2360 -1067830.70 -152621.36
V 2368 -1067830.80 -152621.30
V 2376 -1067831.09 -152621.10
V 2384 -1067831.40 -152620.91
V 2392 -1067831.46 -152620.87
V 2400 -1068305.90 -152334.67
V 2408 -1068541.30 -152132.10
V 2416 -1068592.94 -152089.26
V 2424 -1068593.38 -152088.92
V 2432 -1068593.83 -152088.60
V 2440 -1068593.86 -152088.58
V 2448 -1068593.90 -152088.55
V 2456 -1068700.04 -152015.72
V 2464 -1068700.14 -152015.66
V 2472 -1068700.43 -152015.46
V 2480 -1068700.74 -152015.27
V 2488 -1068700.80 -152015.23
V 2496 -1069167.69 -151733.58
V 2504 -1069394.01 -151538.84
V 2512 -1069499.97 -151450.92
V 2520 -1069500.05 -151450.85
V 2528 -1069500.14 -151450.78
V 2536 -1069500.34 -151450.63
V 2544 -1069670.54 -151313.86
V 2552 -1069670.65 -151313.76
V 2560 -1069671.09 -151313.42
V 2568 -1070120.66 -150990.19
V 2576 -1070258.43 -150853.87
V 2584 -1070258.74 -150853.58
V 2592 -1070259.15 -150853.21
V 2600 -1070259.57 -150852.85
V 2608 -1070260.01 -150852.51
V 2616 -1070260.15 -150852.41
V 2624 -1070554.87 -150632.59
V 2632 -1070747.60 -150442.61
V 2640 -1070747.73 -150442.49
V 2648 -1070822.89 -150370.12
V 2656 -1070822.91 -150370.09
V 2664 -1070823.08 -150369.93
V 2672 -1070823.12 -150369.89
V 2680 -1070823.31 -150369.71
V 2688 -1070823.72 -150369.34
V 2696 -1070824.14 -150368.98
V 2704 -1070824.48 -150368.72
V 2712 -1070960.54 -150258.75
V 2720 -1070960.78 -150258.54
V 2728 -1070961.22 -150258.20
V 2736 -1070961.33 -150258.12
V 2744 -1070961.46 -150258.02
V 2752 -1071399.19 -149943.38
V 2760 -1071592.15 -149752.44
V 2768 -1071592.30 -149752.29
V 2776 -1071673.02 -149674.59
V 2784 -1071673.15 -149674.47
V 2792 -1071673.21 -149674.42
V 2800 -1071673.62 -149674.05
V 2808 -1071674.04 -149673.69
V 2816 -1071674.38 -149673.43
V 2824 -1071830.34 -149547.37
V 2832 -1071830.58 -149547.16
V 2840 -1071830.95 -149546.87
V 2848 -1071830.98 -149546.85
V 2856 -1072280.71 -149207.80
V 2864 -1072423.99 -149053.22
V 2872 -1072424.09 -149053.13
V 2880 -1072424.40 -149052.80
V 2888 -1072424.80 -149052.42
V 2896 -1072425.21 -149052.05
V 2904 -1072425.63 -149051.69
V 2912 -1072425.82 -149051.54
V 2920 -1072718.42 -148810.97
V 2928 -1072888.49 -148629.05
V 2936 -1072888.59 -148628.95
V 2944 -1072980.26 -148532.75
V 2952 -1072980.30 -148532.71
V 2960 -1072980.52 -148532.48
V 2968 -1072981.09 -148531.94
V 2976 -1073148.26 -148383.62
V 2984 -1073148.72 -148383.22
V 2992 -1073582.19 -148027.91
V 3000 -1073723.50 -147860.42
V 3008 -1073723.55 -147860.36
V 3016 -1073723.73 -147860.15
V 3024 -1073723.76 -147860.12
V 3032 -1073723.87 -147859.99
V 3040 -1073724.24 -147859.58
V 3048 -1073724.62 -147859.18
V 3056 -1073725.02 -147858.80
V 3064 -1073725.11 -147858.71
V 3072 -1074016.97 -147591.39
V 3080 -1074142.55 -147443.99
V 3088 -1074142.59 -147443.95
V 3096 -1074142.64 -147443.89
V 3104 -1074143.01 -147443.48
V 3112 -1074143.39 -147443.08
V 3120 -1074143.79 -147442.70
V 3128 -1074143.82 -147442.68
V 3136 -1074143.88 -147442.61
V 3144 -1074437.34 -147173.71
V 3152 -1074589.92 -146994.62
V 3160 -1074590.00 -146994.53
V 3168 -1074693.12 -146875.34
V 3176 -1074693.15 -146875.31
V 3184 -1074693.50 -146874.92
V 3192 -1074693.88 -146874.52
V 3200 -1074873.38 -146697.83
V 3208 -1074873.65 -146697.58
V 3216 -1074873.71 -146697.52
V 3224 -1074873.98 -146697.27
V 3232 -1075274.95 -146342.53
V 3240 -1075407.82 -146186.10
V 3248 -1075407.87 -146186.03
V 3256 -1075408.23 -146185.61
V 3264 -1075408.60 -146185.20
V 3272 -1075408.98 -146184.80
V 3280 -1075409.19 -146184.60
V 3288 -1075707.80 -145897.40
V 3296 -1075833.91 -145739.80
V 3304 -1075834.19 -145739.43
V 3312 -1075834.55 -145739.01
V 3320 -1075834.92 -145738.60
V 3328 -1075835.30 -145738.20
V 3336 -1076127.90 -145450.73
V 3344 -1076252.26 -145295.57
V 3352 -1076252.58 -145295.15
V 3360 -1076252.94 -145294.73
V 3368 -1076253.31 -145294.32
V 3376 -1076253.69 -145293.92
V 3384 -1076546.43 -145006.29
V 3392 -1076682.02 -144837.14
V 3400 -1076682.34 -144836.72
V 3408 -1076682.48 -144836.55
V 3416 -1076796.56 -144696.10
V 3424 -1076796.71 -144695.91
V 3432 -1076797.07 -144695.49
V 3440 -1076797.44 -144695.08
V 3448 -1076797.49 -144695.03
V 3456 -1076797.54 -144694.97
V 3464 -1076999.94 -144481.84
V 3472 -1077388.59 -144074.61
V 3480 -1077513.44 -143900.88
V 3488 -1077513.52 -143900.78
V 3496 -1077513.62 -143900.64
V 3504 -1077513.96 -143900.20
V 3512 -1077514.32 -143899.78
V 3520 -1077514.40 -143899.69
V 3528 -1077514.53 -143899.53
V 3536 -1077805.73 -143577.48
V 3544 -1077929.04 -143406.55
V 3552 -1077929.20 -143406.33
V 3560 -1077929.54 -143405.89
V 3568 -1077929.90 -143405.47
V 3576 -1077929.98 -143405.38
V 3584 -1077930.11 -143405.22
V 3592 -1078221.41 -143083.03
V 3600 -1078344.73 -142912.09
V 3608 -1078344.77 -142912.04
V 3616 -1078344.89 -142911.87
V 3624 -1078345.23 -142911.43
V 3632 -1078345.36 -142911.27
V 3640 -1078345.46 -142911.15
V 3648 -1078624.80 -142580.80
V 3656 -1078624.80 -142295.95
V 3664 -1078655.80 -142295.95
V 3672 -1078655.80 -142586.48
V 3680 -1078654.86 -142591.81
V 3688 -1078652.14 -142596.49
V 3696 -1078369.49 -142930.75
V 3704 -1078245.87 -143102.12
V 3712 -1078245.53 -143102.56
V 3720 -1078245.17 -143102.98
V 3728 -1078245.09 -143103.07
V 3736 -1078244.96 -143103.23
V 3744 -1077953.66 -143425.42
V 3752 -1077830.19 -143596.57
V 3760 -1077829.85 -143597.01
V 3768 -1077829.49 -143597.43
V 3776 -1077829.41 -143597.52
V 3784 -1077829.28 -143597.68
V 3792 -1077538.11 -143919.68
V 3800 -1077413.18 -144093.54
V 3808 -1077413.12 -144093.61
V 3816 -1077413.00 -144093.78
V 3824 -1077412.66 -144094.22
V 3832 -1077412.30 -144094.64
V 3840 -1077411.93 -144095.05
V 3848 -1077411.82 -144095.16
V 3856 -1077411.80 -144095.19
V 3864 -1077022.42 -144503.18
V 3872 -1076820.43 -144715.88
V 3880 -1076706.63 -144855.99
V 3888 -1076706.48 -144856.18
V 3896 -1076706.29 -144856.40
V 3904 -1076570.30 -145026.05
V 3912 -1076569.98 -145026.47
V 3920 -1076569.62 -145026.89
V 3928 -1076569.25 -145027.30
V 3936 -1076568.87 -145027.70
V 3944 -1076568.77 -145027.80
V 3952 -1076276.13 -145315.33
V 3960 -1076151.77 -145470.49
V 3968 -1076151.45 -145470.91
V 3976 -1076151.09 -145471.33
V 3984 -1076150.72 -145471.74
V 3992 -1076150.34 -145472.14
V 4000 -1076150.24 -145472.24
V 4008 -1075857.75 -145759.60
V 4016 -1075731.62 -145917.23
V 4024 -1075731.34 -145917.60
V 4032 -1075730.98 -145918.02
V 4040 -1075730.61 -145918.43
V 4048 -1075730.23 -145918.83
V 4056 -1075730.01 -145919.04
V 4064 -1075431.24 -146206.40
V 4072 -1075298.14 -146363.10
V 4080 -1075298.09 -146363.17
V 4088 -1075297.73 -146363.59
V 4096 -1075297.36 -146364.00
V 4104 -1075296.98 -146364.40
V 4112 -1075296.58 -146364.78
V 4120 -1075296.36 -146364.98
V 4128 -1075296.29 -146365.05
V 4136 -1074894.83 -146720.22
V 4144 -1074716.13 -146896.11
V 4152 -1074613.52 -147014.72
V 4160 -1074460.31 -147194.55
V 4168 -1074460.27 -147194.59
V 4176 -1074460.22 -147194.65
V 4184 -1074459.85 -147195.06
V 4192 -1074459.47 -147195.46
V 4200 -1074459.07 -147195.84
V 4208 -1074459.04 -147195.86
V 4216 -1074458.98 -147195.93
V 4224 -1074165.52 -147464.83
V 4232 -1074039.94 -147612.23
V 4240 -1074039.90 -147612.27
V 4248 -1074039.85 -147612.33
V 4256 -1074039.48 -147612.74
V 4264 -1074039.10 -147613.14
V 4272 -1074038.70 -147613.52
V 4280 -1074038.67 -147613.54
V 4288 -1074038.61 -147613.61
V 4296 -1073746.78 -147880.90
V 4304 -1073605.18 -148048.74
V 4312 -1073605.13 -148048.80
V 4320 -1073604.95 -148049.01
V 4328 -1073604.93 -148049.03
V 4336 -1073604.81 -148049.17
V 4344 -1073604.44 -148049.58
V 4352 -1073604.06 -148049.98
V 4360 -1073603.66 -148050.36
V 4368 -1073603.25 -148050.73
V 4376 -1073602.97 -148050.97
V 4384 -1073602.93 -148051.01
V 4392 -1073168.50 -148407.10
V 4400 -1073002.24 -148554.61
V 4408 -1072911.13 -148650.23
V 4416 -1072740.40 -148832.86
V 4424 -1072740.33 -148832.93
V 4432 -1072740.04 -148833.23
V 4440 -1072739.64 -148833.61
V 4448 -1072739.23 -148833.98
V 4456 -1072738.81 -148834.34
V 4464 -1072738.62 -148834.49
V 4472 -1072446.06 -149075.02
V 4480 -1072302.52 -149229.88
V 4488 -1072302.44 -149229.95
V 4496 -1072302.11 -149230.30
V 4504 -1072301.71 -149230.68
V 4512 -1072301.30 -149231.05
V 4520 -1072300.88 -149231.41
V 4528 -1072300.48 -149231.72
V 4536 -1071849.67 -149571.59
V 4544 -1071694.11 -149697.33
V 4552 -1071613.80 -149774.63
V 4560 -1071420.07 -149966.33
V 4568 -1071419.76 -149966.62
V 4576 -1071419.35 -149966.99
V 4584 -1071418.93 -149967.35
V 4592 -1071418.49 -149967.69
V 4600 -1071418.32 -149967.81
V 4608 -1071418.25 -149967.87
V 4616 -1070979.76 -150283.06
V 4624 -1070844.14 -150392.67
V 4632 -1070769.46 -150464.58
V 4640 -1070769.44 -150464.61
V 4648 -1070575.84 -150655.45
V 4656 -1070575.56 -150655.71
V 4664 -1070575.15 -150656.08
V 4672 -1070574.73 -150656.44
V 4680 -1070574.29 -150656.78
V 4688 -1070574.15 -150656.88
V 4696 -1070279.44 -150876.69
V 4704 -1070141.61 -151013.07
V 4712 -1070141.58 -151013.09
V 4720 -1070141.27 -151013.39
V 4728 -1070140.86 -151013.76
V 4736 -1070140.44 -151014.12
V 4744 -1070140.00 -151014.46
V 4752 -1069689.79 -151338.15
V 4760 -1069519.77 -151474.78
V 4768 -1069413.83 -151562.68
V 4776 -1069186.93 -151757.93
V 4784 -1069186.89 -151757.96
V 4792 -1069186.55 -151758.25
V 4800 -1069186.11 -151758.59
V 4808 -1069185.66 -151758.91
V 4816 -1069185.20 -151759.22
V 4824 -1069184.85 -151759.44
V 4832 -1069184.83 -151759.45
V 4840 -1068717.20 -152041.54
V 4848 -1068612.05 -152113.69
V 4856 -1068561.12 -152155.94
V 4864 -1068325.14 -152359.02
V 4872 -1068325.10 -152359.05
V 4880 -1068324.76 -152359.34
V 4888 -1068324.32 -152359.68
V 4896 -1068323.87 -152360.00
V 4904 -1068323.41 -152360.31
V 4912 -1068323.06 -152360.53
V 4920 -1068323.04 -152360.54
V 4928 -1067847.86 -152647.18
V 4936 -1067752.67 -152712.50
V 4944 -1067708.42 -152749.20
V 4952 -1067463.30 -152960.13
V 4960 -1067463.26 -152960.16
V 4968 -1067462.92 -152960.45
V 4976 -1067462.48 -152960.79
V 4984 -1067462.03 -152961.11
V 4992 -1067461.57 -152961.42
V 5000 -1067461.22 -152961.64
V 5008 -1067461.20 -152961.65
V 5016 -1066978.56 -153252.80
V 5024 -1066893.18 -153311.38
V 5032 -1066855.72 -153342.47
V 5040 -1066601.52 -153561.22
V 5048 -1066601.48 -153561.25
V 5056 -1066601.14 -153561.54
V 5064 -1066600.70 -153561.88
V 5072 -1066600.25 -153562.20
V 5080 -1066599.79 -153562.51
V 5088 -1066599.44 -153562.73
V 5096 -1066599.42 -153562.74
V 5104 -1066109.22 -153858.44
V 5112 -1066033.81 -153910.19
V 5120 -1066003.02 -153935.73
V 5128 -1065739.66 -154162.35
V 5136 -1065739.62 -154162.38
V 5144 -1065739.28 -154162.67
V 5152 -1065738.84 -154163.01
V 5160 -1065738.39 -154163.33
V 5168 -1065737.93 -154163.64
V 5176 -1065737.58 -154163.86
V 5184 -1065737.56 -154163.87
V 5192 -1065239.94 -154464.04
V 5200 -1065174.35 -154509.05
V 5208 -1065150.31 -154528.99
V 5216 -1064877.90 -154763.42
V 5224 -1064877.86 -154763.45
V 5232 -1064877.52 -154763.74
V 5240 -1064877.08 -154764.08
V 5248 -1064876.63 -154764.40
V 5256 -1064876.17 -154764.71
V 5264 -1064875.82 -154764.93
V 5272 -1064875.80 -154764.94
V 5280 -1064370.59 -155069.70
V 5288 -1064314.88 -155107.92
V 5296 -1064298.02 -155121.91
V 5304 -1064012.88 -155367.51
V 5312 -1064012.85 -155367.53
V 5320 -1064012.49 -155367.84
V 5328 -1064012.05 -155368.18
V 5336 -1064011.60 -155368.50
V 5344 -1064011.14 -155368.81
V 5352 -1064010.72 -155369.07
V 5360 -1063416.64 -155724.49
V 5368 -1063416.60 -155724.51
V 5376 -1063416.47 -155724.58
V 5384 -1063200.78 -155851.77
V 5392 -1063200.65 -155851.85
V 5400 -1063200.59 -155851.89
V 5408 -1062963.03 -155992.28
V 5416 -1062962.96 -155992.32
V 5424 -1062962.92 -155992.34
V 5432 -1062962.81 -155992.41
V 5440 -1062851.31 -156056.92
V 5448 -1062544.75 -156286.21
V 5456 -1062544.45 -156286.44
V 5464 -1062544.00 -156286.76
V 5472 -1062543.54 -156287.07
V 5480 -1062543.07 -156287.36
V 5488 -1062542.59 -156287.63
V 5496 -1062542.10 -156287.89
V 5504 -1061998.20 -156560.31
V 5512 -1061983.78 -156568.67
V 5520 -1061672.60 -156801.41
V 5528 -1061672.30 -156801.64
V 5536 -1061671.85 -156801.96
V 5544 -1061671.39 -156802.27
V 5552 -1061670.92 -156802.56
V 5560 -1061670.44 -156802.83
V 5568 -1061669.95 -156803.09
V 5576 -1061128.70 -157073.89
V 5584 -1061010.03 -157143.80
V 5592 -1061009.90 -157143.88
V 5600 -1061009.84 -157143.92
V 5608 -1060725.74 -157313.32
V 5616 -1060725.26 -157313.59
V 5624 -1060724.77 -157313.85
V 5632 -1060724.72 -157313.88
V 5640 -1060548.15 -157406.87
V 5648 -1060206.99 -157635.83
V 5656 -1060206.95 -157635.85
V 5664 -1060206.73 -157636.00
V 5672 -1060206.26 -157636.29
V 5680 -1060205.78 -157636.56
V 5688 -1060205.29 -157636.82
V 5696 -1060204.79 -157637.06
V 5704 -1060204.49 -157637.19
V 5712 -1060204.47 -157637.20
V 5720 -1059637.30 -157880.73
V 5728 -1059524.67 -157938.85
V 5736 -1059289.95 -158060.31
V 5744 -1059216.32 -158097.45
V 5752 -1058888.22 -158317.65
V 5760 -1058888.18 -158317.67
V 5768 -1058887.96 -158317.82
V 5776 -1058887.49 -158318.11
V 5784 -1058887.01 -158318.38
V 5792 -1058886.52 -158318.64
V 5800 -1058886.02 -158318.88
V 5808 -1058885.72 -158319.01
V 5816 -1058885.70 -158319.02
V 5824 -1058305.89 -158567.97
V 5832 -1058200.96 -158622.13
V 5840 -1057965.18 -158744.14
V 5848 -1057903.67 -158775.16
V 5856 -1057569.45 -158999.46
V 5864 -1057569.41 -158999.48
V 5872 -1057569.19 -158999.63
V 5880 -1057568.72 -158999.92
V 5888 -1057568.24 -159000.19
V 5896 -1057567.75 -159000.45
V 5904 -1057567.25 -159000.69
V 5912 -1057566.95 -159000.82
V 5920 -1057566.93 -159000.83
V 5928 -1056974.36 -159255.27
V 5936 -1056884.96 -159301.41
V 5944 -1056640.39 -159427.96
V 5952 -1056590.67 -159453.04
V 5960 -1056254.80 -159678.21
V 5968 -1056254.78 -159678.22
V 5976 -1056254.32 -159678.53
V 5984 -1056253.85 -159678.82
V 5992 -1056253.37 -159679.09
V 6000 -1056252.88 -159679.35
V 6008 -1056252.38 -159679.59
V 6016 -1056252.18 -159679.68
V 6024 -1056252.10 -159679.72
V 6032 -1055563.78 -159977.59
V 6040 -1055337.72 -160081.71
V 6048 -1055337.64 -160081.75
V 6056 -1055337.57 -160081.78
V 6064 -1055337.33 -160081.89
V 6072 -1055066.09 -160198.63
V 6080 -1054845.34 -160293.60
V 6088 -1054602.07 -160398.66
V 6096 -1054581.29 -160407.34
V 6104 -1054226.02 -160614.17
V 6112 -1054225.94 -160614.21
V 6120 -1054225.65 -160614.37
V 6128 -1054225.16 -160614.63
V 6136 -1054224.66 -160614.87
V 6144 -1054224.15 -160615.09
V 6152 -1054223.64 -160615.29
V 6160 -1054223.34 -160615.40
V 6168 -1054223.29 -160615.42
V 6176 -1053579.23 -160838.53
V 6184 -1053504.09 -160870.86
V 6192 -1053280.59 -160967.06
V 6200 -1053060.03 -161061.94
V 6208 -1052815.22 -161167.67
V 6216 -1052811.34 -161169.29
V 6224 -1052453.32 -161377.40
V 6232 -1052452.96 -161377.60
V 6240 -1052452.47 -161377.86
V 6248 -1052451.97 -161378.10
V 6256 -1052451.46 -161378.32
V 6264 -1052450.95 -161378.52
V 6272 -1052450.67 -161378.62
V 6280 -1052450.65 -161378.63
V 6288 -1051687.01 -161645.94
V 6296 -1051435.13 -161740.85
V 6304 -1051434.66 -161741.02
V 6312 -1050675.66 -161996.57
V 6320 -1050449.48 -162072.71
V 6328 -1050260.45 -162136.36
V 6336 -1050260.34 -162136.39
V 6344 -1050000.45 -162223.83
V 6352 -1050000.31 -162223.88
V 6360 -1049789.14 -162295.35
V 6368 -1049406.42 -162481.09
V 6376 -1049405.92 -162481.33
V 6384 -1049405.41 -162481.55
V 6392 -1049404.90 -162481.75
V 6400 -1049404.37 -162481.94
V 6408 -1049403.85 -162482.10
V 6416 -1049403.36 -162482.24
V 6424 -1048603.91 -162688.52
V 6432 -1048281.16 -162785.44
V 6440 -1048280.98 -162785.49
V 6448 -1048280.53 -162785.61
V 6456 -1048279.99 -162785.74
V 6464 -1048279.75 -162785.78
V 6472 -1047852.97 -162878.91
V 6480 -1047852.62 -162878.99
V 6488 -1047852.45 -162879.02
V 6496 -1047622.42 -162929.23
V 6504 -1047622.17 -162929.29
V 6512 -1047621.93 -162929.33
V 6520 -1047392.03 -162979.51
V 6528 -1047391.68 -162979.59
V 6536 -1047391.44 -162979.63
V 6544 -1047161.62 -163029.79
V 6552 -1047161.27 -163029.87
V 6560 -1047161.10 -163029.90
V 6568 -1046930.73 -163080.18
V 6576 -1046930.48 -163080.24
V 6584 -1046930.24 -163080.28
V 6592 -1046702.36 -163129.99
V 6600 -1046702.01 -163130.07
V 6608 -1046701.91 -163130.09
V 6616 -1046346.09 -163208.01
V 6624 -1046345.93 -163208.05
V 6632 -1046345.48 -163208.13
V 6640 -1046345.24 -163208.18
V 6648 -1045983.91 -163269.54
V 6656 -1045751.68 -163308.97
V 6664 -1045518.85 -163348.51
V 6672 -1045289.77 -163387.37
V 6680 -1045038.07 -163430.41
V 6688 -1044924.44 -163448.89
V 6696 -1044510.45 -163537.55
V 6704 -1044510.37 -163537.56
V 6712 -1044509.95 -163537.64
V 6720 -1044509.41 -163537.73
V 6728 -1044508.79 -163537.81
V 6736 -1044508.70 -163537.82
V 6744 -1044002.85 -163586.97
V 6752 -1038757.77 -164477.59
V 6760 -1026048.04 -166635.73
V 6768 -1025413.55 -166743.47
V 6776 -1025354.21 -166753.55
V 6784 -1023434.35 -167079.54
V 6792 -1022654.17 -167212.02
V 6800 -1021378.75 -167428.59
V 6808 -1012587.13 -168921.42
V 6816 -1010240.89 -169319.82
V 6824 -1004708.41 -170259.25
V 6832 -1001993.94 -170720.17
V 6840 -1001903.22 -170735.58
V 6848 -994295.95 -172027.30
V 6856 -992840.05 -172274.52
V 6864 -992040.22 -172410.33
V 6872 -991386.37 -172521.36
V 6880 -989860.97 -172780.37
V 6888 -989500.04 -172841.66
V 6896 -989403.21 -172858.10
V 6904 -985330.83 -173549.60
V 6912 -984702.50 -173656.29
V 6920 -984161.85 -173748.10
V 6928 -981902.34 -174131.76
V 6936 -981459.86 -174206.90
V 6944 -981285.51 -174236.50
V 6952 -978791.19 -174660.04
V 6960 -975305.53 -175251.92
V 6968 -975090.77 -175288.39
V 6976 -974840.92 -175330.81
V 6984 -974626.15 -175367.28
V 6992 -974376.32 -175409.70
V 7000 -974161.56 -175446.17
V 7008 -973911.71 -175488.59
V 7016 -973696.94 -175525.06
V 7024 -973447.11 -175567.48
V 7032 -973232.35 -175603.95
V 7040 -972982.50 -175646.37
V 7048 -972767.73 -175682.84
V 7056 -972517.90 -175725.26
V 7064 -972303.14 -175761.73
V 7072 -972244.51 -175771.69
V 7080 -971274.92 -175936.32
V 7088 -971123.21 -175962.09
V 7096 -970422.23 -176081.11
V 7104 -965504.75 -176916.11
V 7112 -965438.77 -176927.31
V 7120 -965375.50 -176938.06
V 7128 -962321.70 -177456.60
V 7136 -962321.70 -177725.45
V 7144 -962329.77 -177725.45
V 7152 -962330.88 -177725.49
V 7160 -962331.98 -177725.61
V 7168 -962333.06 -177725.80
V 7176 -962334.14 -177726.08
V 7184 -962335.19 -177726.43
V 7192 -962336.21 -177726.85
V 7200 -962337.20 -177727.35
V 7208 -962338.15 -177727.91
V 7216 -962339.06 -177728.54
V 7224 -962339.92 -177729.24
V 7232 -962340.73 -177729.99
V 7240 -962341.48 -177730.80
V 7248 -962342.18 -177731.66
V 7256 -962342.81 -177732.57
V 7264 -962343.37 -177733.52
V 7272 -962343.87 -177734.51
V 7280 -962344.29 -177735.53
V 7288 -962344.64 -177736.58
V 7296 -962344.92 -177737.66
V 7304 -962345.11 -177738.74
V 7312 -962345.23 -177739.84
V 7320 -962345.27 -177740.95
V 7328 -962345.27 -177811.95
V 7336 -962343.19 -177819.70
V 7344 -962337.52 -177825.37
V 7352 -962329.77 -177827.45
V 7360 -962264.20 -177827.45
V 7368 -962264.20 -177867.45
V 7376 -962363.70 -177867.45
V 7384 -962371.45 -177869.53
V 7392 -962377.12 -177875.20
V 7400 -962379.20 -177882.95
V 7408 -962379.20 -177953.95
V 7416 -962377.12 -177961.70
V 7424 -962371.45 -177967.37
V 7432 -962363.70 -177969.45
V 7440 -962264.20 -177969.45
V 7448 -962264.20 -178009.45
V 7456 -962363.70 -178009.45
V 7464 -962371.45 -178011.53
V 7472 -962377.12 -178017.20
V 7480 -962379.20 -178024.95
V 7488 -962379.20 -178095.95
V 7496 -962377.12 -178103.70
V 7504 -962371.45 -178109.37
V 7512 -962363.70 -178111.45
V 7520 -962264.20 -178111.45
V 7528 -962264.20 -178151.45
V 7536 -962363.70 -178151.45
V 7544 -962371.45 -178153.53
V 7552 -962377.12 -178159.20
V 7560 -962379.20 -178166.95
V 7568 -962379.20 -178237.95
V 7576 -962377.12 -178245.70
V 7584 -962371.45 -178251.37
V 7592 -962363.70 -178253.45
V 7600 -962264.20 -178253.45
V 7608 -962264.20 -178293.45
V 7616 -962363.70 -178293.45
V 7624 -962371.45 -178295.53
V 7632 -962377.12 -178301.20
V 7640 -962379.20 -178308.95
V 7648 -962379.20 -178379.95
V 7656 -962377.12 -178387.70
V 7664 -962371.45 -178393.37
V 7672 -962363.70 -178395.45
V 7680 -962321.70 -178395.45
V 7688 -962321.70 -178404.45
V 7696 -962290.70 -178404.45
V 7704 -962290.70 -178379.95
V 7712 -962290.74 -178378.84
V 7720 -962290.86 -178377.74
V 7728 -962291.05 -178376.66
V 7736 -962291.33 -178375.58
V 7744 -962291.68 -178374.53
V 7752 -962292.10 -178373.51
V 7760 -962292.60 -178372.52
V 7768 -962293.16 -178371.57
V 7776 -962293.79 -178370.66
V 7784 -962294.49 -178369.80
V 7792 -962295.24 -178368.99
V 7800 -962296.05 -178368.24
V 7808 -962296.91 -178367.54
V 7816 -962297.82 -178366.91
V 7824 -962298.77 -178366.35
V 7832 -962299.76 -178365.85
V 7840 -962300.78 -178365.43
V 7848 -962301.83 -178365.08
V 7856 -962302.91 -178364.80
V 7864 -962303.99 -178364.61
V 7872 -962305.09 -178364.49
V 7880 -962306.20 -178364.45
V 7888 -962348.20 -178364.45
V 7896 -962348.20 -178324.45
V 7904 -962248.70 -178324.45
V 7912 -962240.95 -178322.37
V 7920 -962235.28 -178316.70
V 7928 -962233.20 -178308.95
V 7936 -962233.20 -178237.95
V 7944 -962235.28 -178230.20
V 7952 -962240.95 -178224.53
V 7960 -962248.70 -178222.45
V 7968 -962348.20 -178222.45
V 7976 -962348.20 -178182.45
V 7984 -962248.70 -178182.45
V 7992 -962240.95 -178180.37
V 8000 -962235.28 -178174.70
V 8008 -962233.20 -178166.95
V 8016 -962233.20 -178095.95
V 8024 -962235.28 -178088.20
V 8032 -962240.95 -178082.53
V 8040 -962248.70 -178080.45
V 8048 -962348.20 -178080.45
V 8056 -962348.20 -178040.45
V 8064 -962248.70 -178040.45
V 8072 -962240.95 -178038.37
V 8080 -962235.28 -178032.70
V 8088 -962233.20 -178024.95
V 8096 -962233.20 -177953.95
V 8104 -962235.28 -177946.20
V 8112 -962240.95 -177940.53
V 8120 -962248.70 -177938.45
V 8128 -962348.20 -177938.45
V 8136 -962348.20 -177898.45
V 8144 -962248.70 -177898.45
V 8152 -962240.95 -177896.37
V 8160 -962235.28 -177890.70
V 8168 -962233.20 -177882.95
V 8176 -962233.20 -177811.95
