V 0 1092482.44 -77420.88
V 8 1092428.36 -77363.49
V 16 1092386.53 -77321.64
V 24 1092351.05 -77285.96
V 32 1092350.56 -77285.63
V 40 1092349.99 -77285.52
V 48 1092190.01 -77285.52
V 56 1092189.51 -77285.61
V 64 1092189.06 -77285.86
V 72 1092184.61 -77289.50
V 80 1092186.51 -77291.82
V 88 1092190.54 -77288.52
V 96 1092349.37 -77288.52
V 104 1092384.41 -77323.76
V 112 1092426.14 -77365.51
V 120 1092480.70 -77423.41
V 128 1092481.20 -77423.76
V 136 1092481.79 -77423.88
V 144 1092494.86 -77423.88
V 152 1092494.86 -77420.88
