V 0 1085836.67 -37426.95
V 8 1085831.49 -37388.16
V 16 1085831.48 -37388.13
V 24 1085826.35 -37343.97
V 32 1085826.34 -37343.87
V 40 1085826.30 -37343.66
V 48 1085825.42 -37340.48
V 56 1085825.12 -37339.91
V 64 1085824.60 -37339.52
V 72 1085823.97 -37339.38
V 80 1085735.66 -37339.38
V 88 1085735.66 -37342.38
V 96 1085822.82 -37342.38
V 104 1085823.37 -37344.35
V 112 1085828.50 -37388.45
V 120 1085828.51 -37388.56
V 128 1085833.86 -37428.65
V 136 1085834.12 -37429.31
V 144 1085834.66 -37429.78
V 152 1085835.35 -37429.95
V 160 1085839.86 -37429.95
V 168 1085839.86 -37426.95
