V 0 -688767.00 -157719.35
V 8 -688767.00 -157730.78
V 16 -689318.32 -157824.40
V 24 -689816.87 -157909.05
V 32 -690031.69 -157945.53
V 40 -691364.67 -158171.87
V 48 -691604.64 -158212.62
V 56 -691780.14 -158242.42
V 64 -691821.45 -158249.43
V 72 -692628.03 -158386.39
V 80 -693032.58 -158455.08
V 88 -693069.09 -158461.29
V 96 -693297.40 -158500.05
V 104 -693521.29 -158538.07
V 112 -694249.94 -158661.80
V 120 -694927.50 -158776.85
V 128 -695142.33 -158813.33
V 136 -695392.11 -158855.74
V 144 -695555.23 -158883.44
V 152 -696055.93 -158968.46
V 160 -696204.96 -158993.76
V 168 -697030.25 -159133.90
V 176 -698686.37 -159415.11
V 184 -699640.92 -159577.20
V 192 -699917.31 -159624.13
V 200 -704559.43 -160412.37
V 208 -706042.79 -160664.25
V 216 -709658.79 -161278.25
V 224 -709665.40 -161281.06
V 232 -709670.04 -161286.54
V 240 -709671.70 -161293.53
V 248 -709671.70 -161395.45
V 256 -709689.22 -161395.45
V 264 -709696.97 -161397.53
V 272 -709702.64 -161403.20
V 280 -709704.72 -161410.95
V 288 -709704.72 -161481.95
V 296 -709702.64 -161489.70
V 304 -709696.97 -161495.37
V 312 -709689.22 -161497.45
V 320 -709614.20 -161497.45
V 328 -709614.20 -161537.45
V 336 -709713.70 -161537.45
V 344 -709721.45 -161539.53
V 352 -709727.12 -161545.20
V 360 -709729.20 -161552.95
V 368 -709729.20 -161623.95
V 376 -709727.12 -161631.70
V 384 -709721.45 -161637.37
V 392 -709713.70 -161639.45
V 400 -709614.20 -161639.45
V 408 -709614.20 -161679.45
V 416 -709713.70 -161679.45
V 424 -709721.45 -161681.53
V 432 -709727.12 -161687.20
V 440 -709729.20 -161694.95
V 448 -709729.20 -161765.95
V 456 -709727.12 -161773.70
V 464 -709721.45 -161779.37
V 472 -709713.70 -161781.45
V 480 -709614.20 -161781.45
V 488 -709614.20 -161821.45
V 496 -709713.70 -161821.45
V 504 -709721.45 -161823.53
V 512 -709727.12 -161829.20
V 520 -709729.20 -161836.95
V 528 -709729.20 -161907.95
V 536 -709727.12 -161915.70
V 544 -709721.45 -161921.37
V 552 -709713.70 -161923.45
V 560 -709614.20 -161923.45
V 568 -709614.20 -161963.45
V 576 -709713.70 -161963.45
V 584 -709721.45 -161965.53
V 592 -709727.12 -161971.20
V 600 -709729.20 -161978.95
V 608 -709729.20 -162049.95
V 616 -709727.12 -162057.70
V 624 -709721.45 -162063.37
V 632 -709713.70 -162065.45
V 640 -709614.20 -162065.45
V 648 -709614.20 -162105.45
V 656 -709713.70 -162105.45
V 664 -709721.45 -162107.53
V 672 -709727.12 -162113.20
V 680 -709729.20 -162120.95
V 688 -709729.20 -162191.95
V 696 -709727.12 -162199.70
V 704 -709721.45 -162205.37
V 712 -709713.70 -162207.45
V 720 -709614.20 -162207.45
V 728 -709614.20 -162247.45
V 736 -709713.70 -162247.45
V 744 -709721.45 -162249.53
V 752 -709727.12 -162255.20
V 760 -709729.20 -162262.95
V 768 -709729.20 -162333.95
V 776 -709727.12 -162341.70
V 784 -709721.45 -162347.37
V 792 -709713.70 -162349.45
V 800 -709614.20 -162349.45
V 808 -709614.20 -162389.45
V 816 -709713.70 -162389.45
V 824 -709721.45 -162391.53
V 832 -709727.12 -162397.20
V 840 -709729.20 -162404.95
V 848 -709729.20 -162475.95
V 856 -709727.12 -162483.70
V 864 -709721.45 -162489.37
V 872 -709713.70 -162491.45
V 880 -709614.20 -162491.45
V 888 -709614.20 -162531.45
V 896 -709713.70 -162531.45
V 904 -709721.45 -162533.53
V 912 -709727.12 -162539.20
V 920 -709729.20 -162546.95
V 928 -709729.20 -162617.95
V 936 -709727.12 -162625.70
V 944 -709721.45 -162631.37
V 952 -709713.70 -162633.45
V 960 -709614.20 -162633.45
V 968 -709614.20 -162673.45
V 976 -709713.70 -162673.45
V 984 -709721.45 -162675.53
V 992 -709727.12 -162681.20
V 1000 -709729.20 -162688.95
V 1008 -709729.20 -162759.95
V 1016 -709727.12 -162767.70
V 1024 -709721.45 -162773.37
V 1032 -709713.70 -162775.45
V 1040 -709614.20 -162775.45
V 1048 -709614.20 -162815.45
V 1056 -709713.70 -162815.45
V 1064 -709721.45 -162817.53
V 1072 -709727.12 -162823.20
V 1080 -709729.20 -162830.95
V 1088 -709729.20 -162901.95
V 1096 -709727.12 -162909.70
V 1104 -709721.45 -162915.37
V 1112 -709713.70 -162917.45
V 1120 -709614.20 -162917.45
V 1128 -709614.20 -162957.45
V 1136 -709713.70 -162957.45
V 1144 -709721.45 -162959.53
V 1152 -709727.12 -162965.20
V 1160 -709729.20 -162972.95
V 1168 -709729.20 -163043.95
V 1176 -709727.12 -163051.70
V 1184 -709721.45 -163057.37
V 1192 -709713.70 -163059.45
V 1200 -709614.20 -163059.45
V 1208 -709614.20 -163099.45
V 1216 -709713.70 -163099.45
V 1224 -709721.45 -163101.53
V 1232 -709727.12 -163107.20
V 1240 -709729.20 -163114.95
V 1248 -709729.20 -163185.95
V 1256 -709727.12 -163193.70
V 1264 -709721.45 -163199.37
V 1272 -709713.70 -163201.45
V 1280 -709614.20 -163201.45
V 1288 -709614.20 -163241.45
V 1296 -709713.70 -163241.45
V 1304 -709721.45 -163243.53
V 1312 -709727.12 -163249.20
V 1320 -709729.20 -163256.95
V 1328 -709729.20 -163327.95
V 1336 -709727.12 -163335.70
V 1344 -709721.45 -163341.37
V 1352 -709713.70 -163343.45
V 1360 -709614.20 -163343.45
V 1368 -709614.20 -163383.45
V 1376 -709713.70 -163383.45
V 1384 -709721.45 -163385.53
V 1392 -709727.12 -163391.20
V 1400 -709729.20 -163398.95
V 1408 -709729.20 -163469.95
V 1416 -709727.12 -163477.70
V 1424 -709721.45 -163483.37
V 1432 -709713.70 -163485.45
V 1440 -709614.20 -163485.45
V 1448 -709614.20 -163525.45
V 1456 -709713.70 -163525.45
V 1464 -709721.45 -163527.53
V 1472 -709727.12 -163533.20
V 1480 -709729.20 -163540.95
V 1488 -709729.20 -163611.95
V 1496 -709727.12 -163619.70
V 1504 -709721.45 -163625.37
V 1512 -709713.70 -163627.45
V 1520 -709614.20 -163627.45
V 1528 -709614.20 -163667.45
V 1536 -709713.70 -163667.45
V 1544 -709721.45 -163669.53
V 1552 -709727.12 -163675.20
V 1560 -709729.20 -163682.95
V 1568 -709729.20 -163753.95
V 1576 -709727.12 -163761.70
V 1584 -709721.45 -163767.37
V 1592 -709713.70 -163769.45
V 1600 -709614.20 -163769.45
V 1608 -709614.20 -163809.45
V 1616 -709713.70 -163809.45
V 1624 -709721.45 -163811.53
V 1632 -709727.12 -163817.20
V 1640 -709729.20 -163824.95
V 1648 -709729.20 -163895.95
V 1656 -709727.12 -163903.70
V 1664 -709721.45 -163909.37
V 1672 -709713.70 -163911.45
V 1680 -709614.20 -163911.45
V 1688 -709614.20 -163951.45
V 1696 -709713.70 -163951.45
V 1704 -709721.45 -163953.53
V 1712 -709727.12 -163959.20
V 1720 -709729.20 -163966.95
V 1728 -709729.20 -164037.95
V 1736 -709727.12 -164045.70
V 1744 -709721.45 -164051.37
V 1752 -709713.70 -164053.45
V 1760 -709614.20 -164053.45
V 1768 -709614.20 -164093.45
V 1776 -709713.70 -164093.45
V 1784 -709721.45 -164095.53
V 1792 -709727.12 -164101.20
V 1800 -709729.20 -164108.95
V 1808 -709729.20 -164179.95
V 1816 -709727.12 -164187.70
V 1824 -709721.45 -164193.37
V 1832 -709713.70 -164195.45
V 1840 -709614.20 -164195.45
V 1848 -709614.20 -164235.45
V 1856 -709713.70 -164235.45
V 1864 -709721.45 -164237.53
V 1872 -709727.12 -164243.20
V 1880 -709729.20 -164250.95
V 1888 -709729.20 -164321.95
V 1896 -709727.12 -164329.70
V 1904 -709721.45 -164335.37
V 1912 -709713.70 -164337.45
V 1920 -709614.20 -164337.45
V 1928 -709614.20 -164377.45
V 1936 -709713.70 -164377.45
V 1944 -709721.45 -164379.53
V 1952 -709727.12 -164385.20
V 1960 -709729.20 -164392.95
V 1968 -709729.20 -164463.95
V 1976 -709727.12 -164471.70
V 1984 -709721.45 -164477.37
V 1992 -709713.70 -164479.45
V 2000 -709614.20 -164479.45
V 2008 -709614.20 -164519.45
V 2016 -709713.70 -164519.45
V 2024 -709721.45 -164521.53
V 2032 -709727.12 -164527.20
V 2040 -709729.20 -164534.95
V 2048 -709729.20 -164605.95
V 2056 -709727.12 -164613.70
V 2064 -709721.45 -164619.37
V 2072 -709713.70 -164621.45
V 2080 -709614.20 -164621.45
V 2088 -709614.20 -164661.45
V 2096 -709713.70 -164661.45
V 2104 -709721.45 -164663.53
V 2112 -709727.12 -164669.20
V 2120 -709729.20 -164676.95
V 2128 -709729.20 -164747.95
V 2136 -709727.12 -164755.70
V 2144 -709721.45 -164761.37
V 2152 -709713.70 -164763.45
V 2160 -709614.20 -164763.45
V 2168 -709614.20 -164803.45
V 2176 -709713.70 -164803.45
V 2184 -709721.45 -164805.53
V 2192 -709727.12 -164811.20
V 2200 -709729.20 -164818.95
V 2208 -709729.20 -164889.95
V 2216 -709727.12 -164897.70
V 2224 -709721.45 -164903.37
V 2232 -709713.70 -164905.45
V 2240 -709614.20 -164905.45
V 2248 -709614.20 -164945.45
V 2256 -709713.70 -164945.45
V 2264 -709721.45 -164947.53
V 2272 -709727.12 -164953.20
V 2280 -709729.20 -164960.95
V 2288 -709729.20 -165031.95
V 2296 -709727.12 -165039.70
V 2304 -709721.45 -165045.37
V 2312 -709713.70 -165047.45
V 2320 -709614.20 -165047.45
V 2328 -709614.20 -165087.45
V 2336 -709713.70 -165087.45
V 2344 -709721.45 -165089.53
V 2352 -709727.12 -165095.20
V 2360 -709729.20 -165102.95
V 2368 -709729.20 -165173.95
V 2376 -709727.12 -165181.70
V 2384 -709721.45 -165187.37
V 2392 -709713.70 -165189.45
V 2400 -709614.20 -165189.45
V 2408 -709614.20 -165229.45
V 2416 -709713.70 -165229.45
V 2424 -709721.45 -165231.53
V 2432 -709727.12 -165237.20
V 2440 -709729.20 -165244.95
V 2448 -709729.20 -165315.95
V 2456 -709727.12 -165323.70
V 2464 -709721.45 -165329.37
V 2472 -709713.70 -165331.45
V 2480 -709614.20 -165331.45
V 2488 -709614.20 -165371.45
V 2496 -709713.70 -165371.45
V 2504 -709721.45 -165373.53
V 2512 -709727.12 -165379.20
V 2520 -709729.20 -165386.95
V 2528 -709729.20 -165457.95
V 2536 -709727.12 -165465.70
V 2544 -709721.45 -165471.37
V 2552 -709713.70 -165473.45
V 2560 -709614.20 -165473.45
V 2568 -709614.20 -165513.45
V 2576 -709713.70 -165513.45
V 2584 -709721.45 -165515.53
V 2592 -709727.12 -165521.20
V 2600 -709729.20 -165528.95
V 2608 -709729.20 -165599.95
V 2616 -709727.12 -165607.70
V 2624 -709721.45 -165613.37
V 2632 -709713.70 -165615.45
V 2640 -709614.20 -165615.45
V 2648 -709614.20 -165655.45
V 2656 -709713.70 -165655.45
V 2664 -709721.45 -165657.53
V 2672 -709727.12 -165663.20
V 2680 -709729.20 -165670.95
V 2688 -709729.20 -165741.95
V 2696 -709727.12 -165749.70
V 2704 -709721.45 -165755.37
V 2712 -709713.70 -165757.45
V 2720 -709614.20 -165757.45
V 2728 -709614.20 -165797.45
V 2736 -709713.70 -165797.45
V 2744 -709721.45 -165799.53
V 2752 -709727.12 -165805.20
V 2760 -709729.20 -165812.95
V 2768 -709729.20 -165883.95
V 2776 -709727.12 -165891.70
V 2784 -709721.45 -165897.37
V 2792 -709713.70 -165899.45
V 2800 -709614.20 -165899.45
V 2808 -709614.20 -165939.45
V 2816 -709713.70 -165939.45
V 2824 -709721.45 -165941.53
V 2832 -709727.12 -165947.20
V 2840 -709729.20 -165954.95
V 2848 -709729.20 -166025.95
V 2856 -709727.12 -166033.70
V 2864 -709721.45 -166039.37
V 2872 -709713.70 -166041.45
V 2880 -709614.20 -166041.45
V 2888 -709614.20 -166081.45
V 2896 -709713.70 -166081.45
V 2904 -709721.45 -166083.53
V 2912 -709727.12 -166089.20
V 2920 -709729.20 -166096.95
V 2928 -709729.20 -166167.95
V 2936 -709727.12 -166175.70
V 2944 -709721.45 -166181.37
V 2952 -709713.70 -166183.45
V 2960 -709614.20 -166183.45
V 2968 -709614.20 -166223.45
V 2976 -709713.70 -166223.45
V 2984 -709721.45 -166225.53
V 2992 -709727.12 -166231.20
V 3000 -709729.20 -166238.95
V 3008 -709729.20 -166309.95
V 3016 -709727.12 -166317.70
V 3024 -709721.45 -166323.37
V 3032 -709713.70 -166325.45
V 3040 -709614.20 -166325.45
V 3048 -709614.20 -166365.45
V 3056 -709713.70 -166365.45
V 3064 -709721.45 -166367.53
V 3072 -709727.12 -166373.20
V 3080 -709729.20 -166380.95
V 3088 -709729.20 -166451.95
V 3096 -709727.12 -166459.70
V 3104 -709721.45 -166465.37
V 3112 -709713.70 -166467.45
V 3120 -709614.20 -166467.45
V 3128 -709614.20 -166507.45
V 3136 -709713.70 -166507.45
V 3144 -709721.45 -166509.53
V 3152 -709727.12 -166515.20
V 3160 -709729.20 -166522.95
V 3168 -709729.20 -166593.95
V 3176 -709727.12 -166601.70
V 3184 -709721.45 -166607.37
V 3192 -709713.70 -166609.45
V 3200 -709614.20 -166609.45
V 3208 -709614.20 -166649.45
V 3216 -709713.70 -166649.45
V 3224 -709721.45 -166651.53
V 3232 -709727.12 -166657.20
V 3240 -709729.20 -166664.95
V 3248 -709729.20 -166735.95
V 3256 -709727.12 -166743.70
V 3264 -709721.45 -166749.37
V 3272 -709713.70 -166751.45
V 3280 -709614.20 -166751.45
V 3288 -709614.20 -166791.45
V 3296 -709713.70 -166791.45
V 3304 -709721.45 -166793.53
V 3312 -709727.12 -166799.20
V 3320 -709729.20 -166806.95
V 3328 -709729.20 -166877.95
V 3336 -709727.12 -166885.70
V 3344 -709721.45 -166891.37
V 3352 -709713.70 -166893.45
V 3360 -709614.20 -166893.45
V 3368 -709614.20 -166933.45
V 3376 -709713.70 -166933.45
V 3384 -709721.45 -166935.53
V 3392 -709727.12 -166941.20
V 3400 -709729.20 -166948.95
V 3408 -709729.20 -167019.95
V 3416 -709727.12 -167027.70
V 3424 -709721.45 -167033.37
V 3432 -709713.70 -167035.45
V 3440 -709614.20 -167035.45
V 3448 -709614.20 -167075.45
V 3456 -709713.70 -167075.45
V 3464 -709721.45 -167077.53
V 3472 -709727.12 -167083.20
V 3480 -709729.20 -167090.95
V 3488 -709729.20 -167161.95
V 3496 -709727.12 -167169.70
V 3504 -709721.45 -167175.37
V 3512 -709713.70 -167177.45
V 3520 -709614.20 -167177.45
V 3528 -709614.20 -167217.45
V 3536 -709713.70 -167217.45
V 3544 -709721.45 -167219.53
V 3552 -709727.12 -167225.20
V 3560 -709729.20 -167232.95
V 3568 -709729.20 -167303.95
V 3576 -709727.12 -167311.70
V 3584 -709721.45 -167317.37
V 3592 -709713.70 -167319.45
V 3600 -709614.20 -167319.45
V 3608 -709614.20 -167359.45
V 3616 -709713.70 -167359.45
V 3624 -709721.45 -167361.53
V 3632 -709727.12 -167367.20
V 3640 -709729.20 -167374.95
V 3648 -709729.20 -167445.95
V 3656 -709727.12 -167453.70
V 3664 -709721.45 -167459.37
V 3672 -709713.70 -167461.45
V 3680 -709614.20 -167461.45
V 3688 -709614.20 -167501.45
V 3696 -709713.70 -167501.45
V 3704 -709721.45 -167503.53
V 3712 -709727.12 -167509.20
V 3720 -709729.20 -167516.95
V 3728 -709729.20 -167587.95
V 3736 -709727.12 -167595.70
V 3744 -709721.45 -167601.37
V 3752 -709713.70 -167603.45
V 3760 -709614.20 -167603.45
V 3768 -709614.20 -167643.45
V 3776 -709713.70 -167643.45
V 3784 -709721.45 -167645.53
V 3792 -709727.12 -167651.20
V 3800 -709729.20 -167658.95
V 3808 -709729.20 -167729.95
V 3816 -709727.12 -167737.70
V 3824 -709721.45 -167743.37
V 3832 -709713.70 -167745.45
V 3840 -709614.20 -167745.45
V 3848 -709614.20 -167785.45
V 3856 -709713.70 -167785.45
V 3864 -709721.45 -167787.53
V 3872 -709727.12 -167793.20
V 3880 -709729.20 -167800.95
V 3888 -709729.20 -167871.95
V 3896 -709727.12 -167879.70
V 3904 -709721.45 -167885.37
V 3912 -709713.70 -167887.45
V 3920 -709614.20 -167887.45
V 3928 -709614.20 -167927.45
V 3936 -709713.70 -167927.45
V 3944 -709721.45 -167929.53
V 3952 -709727.12 -167935.20
V 3960 -709729.20 -167942.95
V 3968 -709729.20 -168013.95
V 3976 -709727.12 -168021.70
V 3984 -709721.45 -168027.37
V 3992 -709713.70 -168029.45
V 4000 -709614.20 -168029.45
V 4008 -709614.20 -168069.45
V 4016 -709713.70 -168069.45
V 4024 -709721.45 -168071.53
V 4032 -709727.12 -168077.20
V 4040 -709729.20 -168084.95
V 4048 -709729.20 -168155.95
V 4056 -709727.12 -168163.70
V 4064 -709721.45 -168169.37
V 4072 -709713.70 -168171.45
V 4080 -709614.20 -168171.45
V 4088 -709614.20 -168211.45
V 4096 -709713.70 -168211.45
V 4104 -709721.45 -168213.53
V 4112 -709727.12 -168219.20
V 4120 -709729.20 -168226.95
V 4128 -709729.20 -168297.95
V 4136 -709727.12 -168305.70
V 4144 -709721.45 -168311.37
V 4152 -709713.70 -168313.45
V 4160 -709614.20 -168313.45
V 4168 -709614.20 -168353.45
V 4176 -709713.70 -168353.45
V 4184 -709721.45 -168355.53
V 4192 -709727.12 -168361.20
V 4200 -709729.20 -168368.95
V 4208 -709729.20 -168439.95
V 4216 -709727.12 -168447.70
V 4224 -709721.45 -168453.37
V 4232 -709713.70 -168455.45
V 4240 -709614.20 -168455.45
V 4248 -709614.20 -168495.45
V 4256 -709713.70 -168495.45
V 4264 -709721.45 -168497.53
V 4272 -709727.12 -168503.20
V 4280 -709729.20 -168510.95
V 4288 -709729.20 -168581.95
V 4296 -709727.12 -168589.70
V 4304 -709721.45 -168595.37
V 4312 -709713.70 -168597.45
V 4320 -709614.20 -168597.45
V 4328 -709614.20 -168637.45
V 4336 -709713.70 -168637.45
V 4344 -709721.45 -168639.53
V 4352 -709727.12 -168645.20
V 4360 -709729.20 -168652.95
V 4368 -709729.20 -168723.95
V 4376 -709727.12 -168731.70
V 4384 -709721.45 -168737.37
V 4392 -709713.70 -168739.45
V 4400 -709614.20 -168739.45
V 4408 -709614.20 -168779.45
V 4416 -709713.70 -168779.45
V 4424 -709721.45 -168781.53
V 4432 -709727.12 -168787.20
V 4440 -709729.20 -168794.95
V 4448 -709729.20 -168865.95
V 4456 -709727.12 -168873.70
V 4464 -709721.45 -168879.37
V 4472 -709713.70 -168881.45
V 4480 -709614.20 -168881.45
V 4488 -709614.20 -168921.45
V 4496 -709713.70 -168921.45
V 4504 -709721.45 -168923.53
V 4512 -709727.12 -168929.20
V 4520 -709729.20 -168936.95
V 4528 -709729.20 -169007.95
V 4536 -709727.12 -169015.70
V 4544 -709721.45 -169021.37
V 4552 -709713.70 -169023.45
V 4560 -709614.20 -169023.45
V 4568 -709614.20 -169063.45
V 4576 -709713.70 -169063.45
V 4584 -709721.45 -169065.53
V 4592 -709727.12 -169071.20
V 4600 -709729.20 -169078.95
V 4608 -709729.20 -169149.95
V 4616 -709727.12 -169157.70
V 4624 -709721.45 -169163.37
V 4632 -709713.70 -169165.45
V 4640 -709614.20 -169165.45
V 4648 -709614.20 -169205.45
V 4656 -709713.70 -169205.45
V 4664 -709721.45 -169207.53
V 4672 -709727.12 -169213.20
V 4680 -709729.20 -169220.95
V 4688 -709729.20 -169291.95
V 4696 -709727.12 -169299.70
V 4704 -709721.45 -169305.37
V 4712 -709713.70 -169307.45
V 4720 -709614.20 -169307.45
V 4728 -709614.20 -169347.45
V 4736 -709713.70 -169347.45
V 4744 -709721.45 -169349.53
V 4752 -709727.12 -169355.20
V 4760 -709729.20 -169362.95
V 4768 -709729.20 -169433.95
V 4776 -709727.12 -169441.70
V 4784 -709721.45 -169447.37
V 4792 -709713.70 -169449.45
V 4800 -709614.20 -169449.45
V 4808 -709614.20 -169489.45
V 4816 -709713.70 -169489.45
V 4824 -709721.45 -169491.53
V 4832 -709727.12 -169497.20
V 4840 -709729.20 -169504.95
V 4848 -709729.20 -169575.95
V 4856 -709727.12 -169583.70
V 4864 -709721.45 -169589.37
V 4872 -709713.70 -169591.45
V 4880 -709614.20 -169591.45
V 4888 -709614.20 -169631.45
V 4896 -709713.70 -169631.45
V 4904 -709721.45 -169633.53
V 4912 -709727.12 -169639.20
V 4920 -709729.20 -169646.95
V 4928 -709729.20 -169717.95
V 4936 -709727.12 -169725.70
V 4944 -709721.45 -169731.37
V 4952 -709713.70 -169733.45
V 4960 -709614.20 -169733.45
V 4968 -709614.20 -169773.45
V 4976 -709713.70 -169773.45
V 4984 -709721.45 -169775.53
V 4992 -709727.12 -169781.20
V 5000 -709729.20 -169788.95
V 5008 -709729.20 -169859.95
V 5016 -709727.12 -169867.70
V 5024 -709721.45 -169873.37
V 5032 -709713.70 -169875.45
V 5040 -709614.20 -169875.45
V 5048 -709614.20 -169915.45
V 5056 -709713.70 -169915.45
V 5064 -709721.45 -169917.53
V 5072 -709727.12 -169923.20
V 5080 -709729.20 -169930.95
V 5088 -709729.20 -170001.95
V 5096 -709727.12 -170009.70
V 5104 -709721.45 -170015.37
V 5112 -709713.70 -170017.45
V 5120 -709614.20 -170017.45
V 5128 -709614.20 -170057.45
V 5136 -709713.70 -170057.45
V 5144 -709721.45 -170059.53
V 5152 -709727.12 -170065.20
V 5160 -709729.20 -170072.95
V 5168 -709729.20 -170143.95
V 5176 -709727.12 -170151.70
V 5184 -709721.45 -170157.37
V 5192 -709713.70 -170159.45
V 5200 -709614.20 -170159.45
V 5208 -709614.20 -170199.45
V 5216 -709713.70 -170199.45
V 5224 -709721.45 -170201.53
V 5232 -709727.12 -170207.20
V 5240 -709729.20 -170214.95
V 5248 -709729.20 -170285.95
V 5256 -709727.12 -170293.70
V 5264 -709721.45 -170299.37
V 5272 -709713.70 -170301.45
V 5280 -709614.20 -170301.45
V 5288 -709614.20 -170341.45
V 5296 -709713.70 -170341.45
V 5304 -709721.45 -170343.53
V 5312 -709727.12 -170349.20
V 5320 -709729.20 -170356.95
V 5328 -709729.20 -170427.95
V 5336 -709727.12 -170435.70
V 5344 -709721.45 -170441.37
V 5352 -709713.70 -170443.45
V 5360 -709614.20 -170443.45
V 5368 -709614.20 -170483.45
V 5376 -709713.70 -170483.45
V 5384 -709721.45 -170485.53
V 5392 -709727.12 -170491.20
V 5400 -709729.20 -170498.95
V 5408 -709729.20 -170569.95
V 5416 -709727.12 -170577.70
V 5424 -709721.45 -170583.37
V 5432 -709713.70 -170585.45
V 5440 -709614.20 -170585.45
V 5448 -709614.20 -170625.45
V 5456 -709713.70 -170625.45
V 5464 -709721.45 -170627.53
V 5472 -709727.12 -170633.20
V 5480 -709729.20 -170640.95
V 5488 -709729.20 -170711.95
V 5496 -709727.12 -170719.70
V 5504 -709721.45 -170725.37
V 5512 -709713.70 -170727.45
V 5520 -709614.20 -170727.45
V 5528 -709614.20 -170767.45
V 5536 -709713.70 -170767.45
V 5544 -709721.45 -170769.53
V 5552 -709727.12 -170775.20
V 5560 -709729.20 -170782.95
V 5568 -709729.20 -170853.95
V 5576 -709727.12 -170861.70
V 5584 -709721.45 -170867.37
V 5592 -709713.70 -170869.45
V 5600 -709614.20 -170869.45
V 5608 -709614.20 -170909.45
V 5616 -709713.70 -170909.45
V 5624 -709721.45 -170911.53
V 5632 -709727.12 -170917.20
V 5640 -709729.20 -170924.95
V 5648 -709729.20 -170995.95
V 5656 -709727.12 -171003.70
V 5664 -709721.45 -171009.37
V 5672 -709713.70 -171011.45
V 5680 -709614.20 -171011.45
V 5688 -709614.20 -171051.45
V 5696 -709713.70 -171051.45
V 5704 -709721.45 -171053.53
V 5712 -709727.12 -171059.20
V 5720 -709729.20 -171066.95
V 5728 -709729.20 -171137.95
V 5736 -709727.12 -171145.70
V 5744 -709721.45 -171151.37
V 5752 -709713.70 -171153.45
V 5760 -709614.20 -171153.45
V 5768 -709614.20 -171193.45
V 5776 -709713.70 -171193.45
V 5784 -709721.45 -171195.53
V 5792 -709727.12 -171201.20
V 5800 -709729.20 -171208.95
V 5808 -709729.20 -171279.95
V 5816 -709727.12 -171287.70
V 5824 -709721.45 -171293.37
V 5832 -709713.70 -171295.45
V 5840 -709614.20 -171295.45
V 5848 -709614.20 -171335.45
V 5856 -709713.70 -171335.45
V 5864 -709721.45 -171337.53
V 5872 -709727.12 -171343.20
V 5880 -709729.20 -171350.95
V 5888 -709729.20 -171421.95
V 5896 -709727.12 -171429.70
V 5904 -709721.45 -171435.37
V 5912 -709713.70 -171437.45
V 5920 -709614.20 -171437.45
V 5928 -709614.20 -171477.45
V 5936 -709713.70 -171477.45
V 5944 -709721.45 -171479.53
V 5952 -709727.12 -171485.20
V 5960 -709729.20 -171492.95
V 5968 -709729.20 -171563.95
V 5976 -709727.12 -171571.70
V 5984 -709721.45 -171577.37
V 5992 -709713.70 -171579.45
V 6000 -709614.20 -171579.45
V 6008 -709614.20 -171619.45
V 6016 -709713.70 -171619.45
V 6024 -709721.45 -171621.53
V 6032 -709727.12 -171627.20
V 6040 -709729.20 -171634.95
V 6048 -709729.20 -171705.95
V 6056 -709727.12 -171713.70
V 6064 -709721.45 -171719.37
V 6072 -709713.70 -171721.45
V 6080 -709614.20 -171721.45
V 6088 -709614.20 -171761.45
V 6096 -709713.70 -171761.45
V 6104 -709721.45 -171763.53
V 6112 -709727.12 -171769.20
V 6120 -709729.20 -171776.95
V 6128 -709729.20 -171847.95
V 6136 -709727.12 -171855.70
V 6144 -709721.45 -171861.37
V 6152 -709713.70 -171863.45
V 6160 -709614.20 -171863.45
V 6168 -709614.20 -171903.45
V 6176 -709713.70 -171903.45
V 6184 -709721.45 -171905.53
V 6192 -709727.12 -171911.20
V 6200 -709729.20 -171918.95
V 6208 -709729.20 -171989.95
V 6216 -709727.12 -171997.70
V 6224 -709721.45 -172003.37
V 6232 -709713.70 -172005.45
V 6240 -709614.20 -172005.45
V 6248 -709614.20 -172045.45
V 6256 -709713.70 -172045.45
V 6264 -709721.45 -172047.53
V 6272 -709727.12 -172053.20
V 6280 -709729.20 -172060.95
V 6288 -709729.20 -172131.95
V 6296 -709727.12 -172139.70
V 6304 -709721.45 -172145.37
V 6312 -709713.70 -172147.45
V 6320 -709614.20 -172147.45
V 6328 -709614.20 -172187.45
V 6336 -709713.70 -172187.45
V 6344 -709721.45 -172189.53
V 6352 -709727.12 -172195.20
V 6360 -709729.20 -172202.95
V 6368 -709729.20 -172273.95
V 6376 -709727.12 -172281.70
V 6384 -709721.45 -172287.37
V 6392 -709713.70 -172289.45
V 6400 -709614.20 -172289.45
V 6408 -709614.20 -172329.45
V 6416 -709713.70 -172329.45
V 6424 -709721.45 -172331.53
V 6432 -709727.12 -172337.20
V 6440 -709729.20 -172344.95
V 6448 -709729.20 -172415.95
V 6456 -709727.12 -172423.70
V 6464 -709721.45 -172429.37
V 6472 -709713.70 -172431.45
V 6480 -709614.20 -172431.45
V 6488 -709614.20 -172471.45
V 6496 -709713.70 -172471.45
V 6504 -709721.45 -172473.53
V 6512 -709727.12 -172479.20
V 6520 -709729.20 -172486.95
V 6528 -709729.20 -172557.95
V 6536 -709727.12 -172565.70
V 6544 -709721.45 -172571.37
V 6552 -709713.70 -172573.45
V 6560 -709614.20 -172573.45
V 6568 -709614.20 -172613.45
V 6576 -709713.70 -172613.45
V 6584 -709721.45 -172615.53
V 6592 -709727.12 -172621.20
V 6600 -709729.20 -172628.95
V 6608 -709729.20 -172699.95
V 6616 -709727.12 -172707.70
V 6624 -709721.45 -172713.37
V 6632 -709713.70 -172715.45
V 6640 -709614.20 -172715.45
V 6648 -709614.20 -172755.45
V 6656 -709713.70 -172755.45
V 6664 -709721.45 -172757.53
V 6672 -709727.12 -172763.20
V 6680 -709729.20 -172770.95
V 6688 -709729.20 -172841.95
V 6696 -709727.12 -172849.70
V 6704 -709721.45 -172855.37
V 6712 -709713.70 -172857.45
V 6720 -709614.20 -172857.45
V 6728 -709614.20 -172897.45
V 6736 -709713.70 -172897.45
V 6744 -709721.45 -172899.53
V 6752 -709727.12 -172905.20
V 6760 -709729.20 -172912.95
V 6768 -709729.20 -172983.95
V 6776 -709727.12 -172991.70
V 6784 -709721.45 -172997.37
V 6792 -709713.70 -172999.45
V 6800 -709614.20 -172999.45
V 6808 -709614.20 -173039.45
V 6816 -709713.70 -173039.45
V 6824 -709721.45 -173041.53
V 6832 -709727.12 -173047.20
V 6840 -709729.20 -173054.95
V 6848 -709729.20 -173125.95
V 6856 -709727.12 -173133.70
V 6864 -709721.45 -173139.37
V 6872 -709713.70 -173141.45
V 6880 -709614.20 -173141.45
V 6888 -709614.20 -173181.45
V 6896 -709713.70 -173181.45
V 6904 -709721.45 -173183.53
V 6912 -709727.12 -173189.20
V 6920 -709729.20 -173196.95
V 6928 -709729.20 -173267.95
V 6936 -709727.12 -173275.70
V 6944 -709721.45 -173281.37
V 6952 -709713.70 -173283.45
V 6960 -709614.20 -173283.45
V 6968 -709614.20 -173323.45
V 6976 -709713.70 -173323.45
V 6984 -709721.45 -173325.53
V 6992 -709727.12 -173331.20
V 7000 -709729.20 -173338.95
V 7008 -709729.20 -173409.95
V 7016 -709727.12 -173417.70
V 7024 -709721.45 -173423.37
V 7032 -709713.70 -173425.45
V 7040 -709614.20 -173425.45
V 7048 -709614.20 -173465.45
V 7056 -709713.70 -173465.45
V 7064 -709721.45 -173467.53
V 7072 -709727.12 -173473.20
V 7080 -709729.20 -173480.95
V 7088 -709729.20 -173551.95
V 7096 -709727.12 -173559.70
V 7104 -709721.45 -173565.37
V 7112 -709713.70 -173567.45
V 7120 -709614.20 -173567.45
V 7128 -709614.20 -173607.45
V 7136 -709713.70 -173607.45
V 7144 -709721.45 -173609.53
V 7152 -709727.12 -173615.20
V 7160 -709729.20 -173622.95
V 7168 -709729.20 -173693.95
V 7176 -709727.12 -173701.70
V 7184 -709721.45 -173707.37
V 7192 -709713.70 -173709.45
V 7200 -709614.20 -173709.45
V 7208 -709614.20 -173749.45
V 7216 -709713.70 -173749.45
V 7224 -709721.45 -173751.53
V 7232 -709727.12 -173757.20
V 7240 -709729.20 -173764.95
V 7248 -709729.20 -173835.95
V 7256 -709727.12 -173843.70
V 7264 -709721.45 -173849.37
V 7272 -709713.70 -173851.45
V 7280 -709614.20 -173851.45
V 7288 -709614.20 -173891.45
V 7296 -709713.70 -173891.45
V 7304 -709721.45 -173893.53
V 7312 -709727.12 -173899.20
V 7320 -709729.20 -173906.95
V 7328 -709729.20 -173977.95
V 7336 -709727.12 -173985.70
V 7344 -709721.45 -173991.37
V 7352 -709713.70 -173993.45
V 7360 -709614.20 -173993.45
V 7368 -709614.20 -174033.45
V 7376 -709713.70 -174033.45
V 7384 -709721.45 -174035.53
V 7392 -709727.12 -174041.20
V 7400 -709729.20 -174048.95
V 7408 -709729.20 -174119.95
V 7416 -709727.12 -174127.70
V 7424 -709721.45 -174133.37
V 7432 -709713.70 -174135.45
V 7440 -709614.20 -174135.45
V 7448 -709614.20 -174175.45
V 7456 -709713.70 -174175.45
V 7464 -709721.45 -174177.53
V 7472 -709727.12 -174183.20
V 7480 -709729.20 -174190.95
V 7488 -709729.20 -174261.95
V 7496 -709727.12 -174269.70
V 7504 -709721.45 -174275.37
V 7512 -709713.70 -174277.45
V 7520 -709614.20 -174277.45
V 7528 -709614.20 -174317.45
V 7536 -709713.70 -174317.45
V 7544 -709721.45 -174319.53
V 7552 -709727.12 -174325.20
V 7560 -709729.20 -174332.95
V 7568 -709729.20 -174403.95
V 7576 -709727.12 -174411.70
V 7584 -709721.45 -174417.37
V 7592 -709713.70 -174419.45
V 7600 -709614.20 -174419.45
V 7608 -709614.20 -174459.45
V 7616 -709713.70 -174459.45
V 7624 -709721.45 -174461.53
V 7632 -709727.12 -174467.20
V 7640 -709729.20 -174474.95
V 7648 -709729.20 -174545.95
V 7656 -709727.12 -174553.70
V 7664 -709721.45 -174559.37
V 7672 -709713.70 -174561.45
V 7680 -709614.20 -174561.45
V 7688 -709614.20 -174601.45
V 7696 -709713.70 -174601.45
V 7704 -709721.45 -174603.53
V 7712 -709727.12 -174609.20
V 7720 -709729.20 -174616.95
V 7728 -709729.20 -174687.95
V 7736 -709727.12 -174695.70
V 7744 -709721.45 -174701.37
V 7752 -709713.70 -174703.45
V 7760 -709614.20 -174703.45
V 7768 -709614.20 -174743.45
V 7776 -709713.70 -174743.45
V 7784 -709721.45 -174745.53
V 7792 -709727.12 -174751.20
V 7800 -709729.20 -174758.95
V 7808 -709729.20 -174829.95
V 7816 -709727.12 -174837.70
V 7824 -709721.45 -174843.37
V 7832 -709713.70 -174845.45
V 7840 -709614.20 -174845.45
V 7848 -709614.20 -174885.45
V 7856 -709713.70 -174885.45
V 7864 -709721.45 -174887.53
V 7872 -709727.12 -174893.20
V 7880 -709729.20 -174900.95
V 7888 -709729.20 -174971.95
V 7896 -709727.12 -174979.70
V 7904 -709721.45 -174985.37
V 7912 -709713.70 -174987.45
V 7920 -709614.20 -174987.45
V 7928 -709614.20 -175027.45
V 7936 -709713.70 -175027.45
V 7944 -709721.45 -175029.53
V 7952 -709727.12 -175035.20
V 7960 -709729.20 -175042.95
V 7968 -709729.20 -175113.95
V 7976 -709727.12 -175121.70
V 7984 -709721.45 -175127.37
V 7992 -709713.70 -175129.45
V 8000 -709614.20 -175129.45
V 8008 -709614.20 -175169.45
V 8016 -709713.70 -175169.45
V 8024 -709721.45 -175171.53
V 8032 -709727.12 -175177.20
V 8040 -709729.20 -175184.95
V 8048 -709729.20 -175255.95
V 8056 -709727.12 -175263.70
V 8064 -709721.45 -175269.37
V 8072 -709713.70 -175271.45
V 8080 -709614.20 -175271.45
V 8088 -709614.20 -175311.45
V 8096 -709713.70 -175311.45
V 8104 -709721.45 -175313.53
V 8112 -709727.12 -175319.20
V 8120 -709729.20 -175326.95
V 8128 -709729.20 -175397.95
V 8136 -709727.12 -175405.70
V 8144 -709721.45 -175411.37
V 8152 -709713.70 -175413.45
V 8160 -709614.20 -175413.45
V 8168 -709614.20 -175453.45
V 8176 -709713.70 -175453.45
V 8184 -709721.45 -175455.53
V 8192 -709727.12 -175461.20
V 8200 -709729.20 -175468.95
V 8208 -709729.20 -175539.95
V 8216 -709727.12 -175547.70
V 8224 -709721.45 -175553.37
V 8232 -709713.70 -175555.45
V 8240 -709614.20 -175555.45
V 8248 -709614.20 -175595.45
V 8256 -709713.70 -175595.45
V 8264 -709721.45 -175597.53
V 8272 -709727.12 -175603.20
V 8280 -709729.20 -175610.95
V 8288 -709729.20 -175681.95
V 8296 -709727.12 -175689.70
V 8304 -709721.45 -175695.37
V 8312 -709713.70 -175697.45
V 8320 -709614.20 -175697.45
V 8328 -709614.20 -175737.45
V 8336 -709713.70 -175737.45
V 8344 -709721.45 -175739.53
V 8352 -709727.12 -175745.20
V 8360 -709729.20 -175752.95
V 8368 -709729.20 -175823.95
V 8376 -709727.12 -175831.70
V 8384 -709721.45 -175837.37
V 8392 -709713.70 -175839.45
V 8400 -709614.20 -175839.45
V 8408 -709614.20 -175879.45
V 8416 -709713.70 -175879.45
V 8424 -709721.45 -175881.53
V 8432 -709727.12 -175887.20
V 8440 -709729.20 -175894.95
V 8448 -709729.20 -175965.95
V 8456 -709727.12 -175973.70
V 8464 -709721.45 -175979.37
V 8472 -709713.70 -175981.45
V 8480 -709614.20 -175981.45
V 8488 -709614.20 -176021.45
V 8496 -709713.70 -176021.45
V 8504 -709721.45 -176023.53
V 8512 -709727.12 -176029.20
V 8520 -709729.20 -176036.95
V 8528 -709729.20 -176107.95
V 8536 -709727.12 -176115.70
V 8544 -709721.45 -176121.37
V 8552 -709713.70 -176123.45
V 8560 -709614.20 -176123.45
V 8568 -709614.20 -176163.45
V 8576 -709713.70 -176163.45
V 8584 -709721.45 -176165.53
V 8592 -709727.12 -176171.20
V 8600 -709729.20 -176178.95
V 8608 -709729.20 -176249.95
V 8616 -709727.12 -176257.70
V 8624 -709721.45 -176263.37
V 8632 -709713.70 -176265.45
V 8640 -709614.20 -176265.45
V 8648 -709614.20 -176305.45
V 8656 -709713.70 -176305.45
V 8664 -709721.45 -176307.53
V 8672 -709727.12 -176313.20
V 8680 -709729.20 -176320.95
V 8688 -709729.20 -176391.95
V 8696 -709727.12 -176399.70
V 8704 -709721.45 -176405.37
V 8712 -709713.70 -176407.45
V 8720 -709614.20 -176407.45
V 8728 -709614.20 -176447.45
V 8736 -709713.70 -176447.45
V 8744 -709721.45 -176449.53
V 8752 -709727.12 -176455.20
V 8760 -709729.20 -176462.95
V 8768 -709729.20 -176533.95
V 8776 -709727.12 -176541.70
V 8784 -709721.45 -176547.37
V 8792 -709713.70 -176549.45
V 8800 -709614.20 -176549.45
V 8808 -709614.20 -176589.45
V 8816 -709713.70 -176589.45
V 8824 -709721.45 -176591.53
V 8832 -709727.12 -176597.20
V 8840 -709729.20 -176604.95
V 8848 -709729.20 -176675.95
V 8856 -709727.12 -176683.70
V 8864 -709721.45 -176689.37
V 8872 -709713.70 -176691.45
V 8880 -709614.20 -176691.45
V 8888 -709614.20 -176731.45
V 8896 -709713.70 -176731.45
V 8904 -709721.45 -176733.53
V 8912 -709727.12 -176739.20
V 8920 -709729.20 -176746.95
V 8928 -709729.20 -176817.95
V 8936 -709727.12 -176825.70
V 8944 -709721.45 -176831.37
V 8952 -709713.70 -176833.45
V 8960 -709614.20 -176833.45
V 8968 -709614.20 -176873.45
V 8976 -709713.70 -176873.45
V 8984 -709721.45 -176875.53
V 8992 -709727.12 -176881.20
V 9000 -709729.20 -176888.95
V 9008 -709729.20 -176959.95
V 9016 -709727.12 -176967.70
V 9024 -709721.45 -176973.37
V 9032 -709713.70 -176975.45
V 9040 -709614.20 -176975.45
V 9048 -709614.20 -177015.45
V 9056 -709713.70 -177015.45
V 9064 -709721.45 -177017.53
V 9072 -709727.12 -177023.20
V 9080 -709729.20 -177030.95
V 9088 -709729.20 -177101.95
V 9096 -709727.12 -177109.70
V 9104 -709721.45 -177115.37
V 9112 -709713.70 -177117.45
V 9120 -709614.20 -177117.45
V 9128 -709614.20 -177157.45
V 9136 -709713.70 -177157.45
V 9144 -709721.45 -177159.53
V 9152 -709727.12 -177165.20
V 9160 -709729.20 -177172.95
V 9168 -709729.20 -177243.95
V 9176 -709727.12 -177251.70
V 9184 -709721.45 -177257.37
V 9192 -709713.70 -177259.45
V 9200 -709614.20 -177259.45
V 9208 -709614.20 -177299.45
V 9216 -709713.70 -177299.45
V 9224 -709721.45 -177301.53
V 9232 -709727.12 -177307.20
V 9240 -709729.20 -177314.95
V 9248 -709729.20 -177385.95
V 9256 -709727.12 -177393.70
V 9264 -709721.45 -177399.37
V 9272 -709713.70 -177401.45
V 9280 -709614.20 -177401.45
V 9288 -709614.20 -177441.45
V 9296 -709713.70 -177441.45
V 9304 -709721.45 -177443.53
V 9312 -709727.12 -177449.20
V 9320 -709729.20 -177456.95
V 9328 -709729.20 -177527.95
V 9336 -709727.12 -177535.70
V 9344 -709721.45 -177541.37
V 9352 -709713.70 -177543.45
V 9360 -709614.20 -177543.45
V 9368 -709614.20 -177583.45
V 9376 -709713.70 -177583.45
V 9384 -709721.45 -177585.53
V 9392 -709727.12 -177591.20
V 9400 -709729.20 -177598.95
V 9408 -709729.20 -177669.95
V 9416 -709727.12 -177677.70
V 9424 -709721.45 -177683.37
V 9432 -709713.70 -177685.45
V 9440 -709614.20 -177685.45
V 9448 -709614.20 -177725.45
V 9456 -709713.70 -177725.45
V 9464 -709721.45 -177727.53
V 9472 -709727.12 -177733.20
V 9480 -709729.20 -177740.95
V 9488 -709729.20 -177811.95
V 9496 -709727.12 -177819.70
V 9504 -709721.45 -177825.37
V 9512 -709713.70 -177827.45
V 9520 -709614.20 -177827.45
V 9528 -709614.20 -177867.45
V 9536 -709713.70 -177867.45
V 9544 -709721.45 -177869.53
V 9552 -709727.12 -177875.20
V 9560 -709729.20 -177882.95
V 9568 -709729.20 -177953.95
V 9576 -709727.12 -177961.70
V 9584 -709721.45 -177967.37
V 9592 -709713.70 -177969.45
V 9600 -709614.20 -177969.45
V 9608 -709614.20 -178009.45
V 9616 -709713.70 -178009.45
V 9624 -709721.45 -178011.53
V 9632 -709727.12 -178017.20
V 9640 -709729.20 -178024.95
V 9648 -709729.20 -178095.95
V 9656 -709727.12 -178103.70
V 9664 -709721.45 -178109.37
V 9672 -709713.70 -178111.45
V 9680 -709614.20 -178111.45
V 9688 -709614.20 -178151.45
V 9696 -709713.70 -178151.45
V 9704 -709721.45 -178153.53
V 9712 -709727.12 -178159.20
V 9720 -709729.20 -178166.95
V 9728 -709729.20 -178237.95
V 9736 -709727.12 -178245.70
V 9744 -709721.45 -178251.37
V 9752 -709713.70 -178253.45
V 9760 -709614.20 -178253.45
V 9768 -709614.20 -178293.45
V 9776 -709713.70 -178293.45
V 9784 -709721.45 -178295.53
V 9792 -709727.12 -178301.20
V 9800 -709729.20 -178308.95
V 9808 -709729.20 -178379.95
V 9816 -709727.12 -178387.70
V 9824 -709721.45 -178393.37
V 9832 -709713.70 -178395.45
V 9840 -709671.70 -178395.45
V 9848 -709671.70 -178404.45
V 9856 -709640.70 -178404.45
V 9864 -709640.70 -178379.95
V 9872 -709640.74 -178378.84
V 9880 -709640.86 -178377.74
V 9888 -709641.05 -178376.66
V 9896 -709641.33 -178375.58
V 9904 -709641.68 -178374.53
V 9912 -709642.10 -178373.51
V 9920 -709642.60 -178372.52
V 9928 -709643.16 -178371.57
V 9936 -709643.79 -178370.66
V 9944 -709644.49 -178369.80
V 9952 -709645.24 -178368.99
V 9960 -709646.05 -178368.24
V 9968 -709646.91 -178367.54
V 9976 -709647.82 -178366.91
V 9984 -709648.77 -178366.35
V 9992 -709649.76 -178365.85
V 10000 -709650.78 -178365.43
V 10008 -709651.83 -178365.08
V 10016 -709652.91 -178364.80
V 10024 -709653.99 -178364.61
V 10032 -709655.09 -178364.49
V 10040 -709656.20 -178364.45
V 10048 -709698.20 -178364.45
V 10056 -709698.20 -178324.45
V 10064 -709598.70 -178324.45
V 10072 -709590.95 -178322.37
V 10080 -709585.28 -178316.70
V 10088 -709583.20 -178308.95
V 10096 -709583.20 -178237.95
V 10104 -709585.28 -178230.20
V 10112 -709590.95 -178224.53
V 10120 -709598.70 -178222.45
V 10128 -709698.20 -178222.45
V 10136 -709698.20 -178182.45
V 10144 -709598.70 -178182.45
V 10152 -709590.95 -178180.37
V 10160 -709585.28 -178174.70
V 10168 -709583.20 -178166.95
V 10176 -709583.20 -178095.95
V 10184 -709585.28 -178088.20
V 10192 -709590.95 -178082.53
V 10200 -709598.70 -178080.45
V 10208 -709698.20 -178080.45
V 10216 -709698.20 -178040.45
V 10224 -709598.70 -178040.45
V 10232 -709590.95 -178038.37
V 10240 -709585.28 -178032.70
V 10248 -709583.20 -178024.95
V 10256 -709583.20 -177953.95
V 10264 -709585.28 -177946.20
V 10272 -709590.95 -177940.53
V 10280 -709598.70 -177938.45
V 10288 -709698.20 -177938.45
V 10296 -709698.20 -177898.45
V 10304 -709598.70 -177898.45
V 10312 -709590.95 -177896.37
V 10320 -709585.28 -177890.70
V 10328 -709583.20 -177882.95
V 10336 -709583.20 -177811.95
V 10344 -709585.28 -177804.20
V 10352 -709590.95 -177798.53
V 10360 -709598.70 -177796.45
V 10368 -709698.20 -177796.45
V 10376 -709698.20 -177756.45
V 10384 -709598.70 -177756.45
V 10392 -709590.95 -177754.37
V 10400 -709585.28 -177748.70
V 10408 -709583.20 -177740.95
V 10416 -709583.20 -177669.95
V 10424 -709585.28 -177662.20
V 10432 -709590.95 -177656.53
V 10440 -709598.70 -177654.45
V 10448 -709698.20 -177654.45
V 10456 -709698.20 -177614.45
V 10464 -709598.70 -177614.45
V 10472 -709590.95 -177612.37
V 10480 -709585.28 -177606.70
V 10488 -709583.20 -177598.95
V 10496 -709583.20 -177527.95
V 10504 -709585.28 -177520.20
V 10512 -709590.95 -177514.53
V 10520 -709598.70 -177512.45
V 10528 -709698.20 -177512.45
V 10536 -709698.20 -177472.45
V 10544 -709598.70 -177472.45
V 10552 -709590.95 -177470.37
V 10560 -709585.28 -177464.70
V 10568 -709583.20 -177456.95
V 10576 -709583.20 -177385.95
V 10584 -709585.28 -177378.20
V 10592 -709590.95 -177372.53
V 10600 -709598.70 -177370.45
V 10608 -709698.20 -177370.45
V 10616 -709698.20 -177330.45
V 10624 -709598.70 -177330.45
V 10632 -709590.95 -177328.37
V 10640 -709585.28 -177322.70
V 10648 -709583.20 -177314.95
V 10656 -709583.20 -177243.95
V 10664 -709585.28 -177236.20
V 10672 -709590.95 -177230.53
V 10680 -709598.70 -177228.45
V 10688 -709698.20 -177228.45
V 10696 -709698.20 -177188.45
V 10704 -709598.70 -177188.45
V 10712 -709590.95 -177186.37
V 10720 -709585.28 -177180.70
V 10728 -709583.20 -177172.95
V 10736 -709583.20 -177101.95
V 10744 -709585.28 -177094.20
V 10752 -709590.95 -177088.53
V 10760 -709598.70 -177086.45
V 10768 -709698.20 -177086.45
V 10776 -709698.20 -177046.45
V 10784 -709598.70 -177046.45
V 10792 -709590.95 -177044.37
V 10800 -709585.28 -177038.70
V 10808 -709583.20 -177030.95
V 10816 -709583.20 -176959.95
V 10824 -709585.28 -176952.20
V 10832 -709590.95 -176946.53
V 10840 -709598.70 -176944.45
V 10848 -709698.20 -176944.45
V 10856 -709698.20 -176904.45
V 10864 -709598.70 -176904.45
V 10872 -709590.95 -176902.37
V 10880 -709585.28 -176896.70
V 10888 -709583.20 -176888.95
V 10896 -709583.20 -176817.95
V 10904 -709585.28 -176810.20
V 10912 -709590.95 -176804.53
V 10920 -709598.70 -176802.45
V 10928 -709698.20 -176802.45
V 10936 -709698.20 -176762.45
V 10944 -709598.70 -176762.45
V 10952 -709590.95 -176760.37
V 10960 -709585.28 -176754.70
V 10968 -709583.20 -176746.95
V 10976 -709583.20 -176675.95
V 10984 -709585.28 -176668.20
V 10992 -709590.95 -176662.53
V 11000 -709598.70 -176660.45
V 11008 -709698.20 -176660.45
V 11016 -709698.20 -176620.45
V 11024 -709598.70 -176620.45
V 11032 -709590.95 -176618.37
V 11040 -709585.28 -176612.70
V 11048 -709583.20 -176604.95
V 11056 -709583.20 -176533.95
V 11064 -709585.28 -176526.20
V 11072 -709590.95 -176520.53
V 11080 -709598.70 -176518.45
V 11088 -709698.20 -176518.45
V 11096 -709698.20 -176478.45
V 11104 -709598.70 -176478.45
V 11112 -709590.95 -176476.37
V 11120 -709585.28 -176470.70
V 11128 -709583.20 -176462.95
V 11136 -709583.20 -176391.95
V 11144 -709585.28 -176384.20
V 11152 -709590.95 -176378.53
V 11160 -709598.70 -176376.45
V 11168 -709698.20 -176376.45
V 11176 -709698.20 -176336.45
V 11184 -709598.70 -176336.45
V 11192 -709590.95 -176334.37
V 11200 -709585.28 -176328.70
V 11208 -709583.20 -176320.95
V 11216 -709583.20 -176249.95
V 11224 -709585.28 -176242.20
V 11232 -709590.95 -176236.53
V 11240 -709598.70 -176234.45
V 11248 -709698.20 -176234.45
V 11256 -709698.20 -176194.45
V 11264 -709598.70 -176194.45
V 11272 -709590.95 -176192.37
V 11280 -709585.28 -176186.70
V 11288 -709583.20 -176178.95
V 11296 -709583.20 -176107.95
V 11304 -709585.28 -176100.20
V 11312 -709590.95 -176094.53
V 11320 -709598.70 -176092.45
V 11328 -709698.20 -176092.45
V 11336 -709698.20 -176052.45
V 11344 -709598.70 -176052.45
V 11352 -709590.95 -176050.37
V 11360 -709585.28 -176044.70
V 11368 -709583.20 -176036.95
V 11376 -709583.20 -175965.95
V 11384 -709585.28 -175958.20
V 11392 -709590.95 -175952.53
V 11400 -709598.70 -175950.45
V 11408 -709698.20 -175950.45
V 11416 -709698.20 -175910.45
V 11424 -709598.70 -175910.45
V 11432 -709590.95 -175908.37
V 11440 -709585.28 -175902.70
V 11448 -709583.20 -175894.95
V 11456 -709583.20 -175823.95
V 11464 -709585.28 -175816.20
V 11472 -709590.95 -175810.53
V 11480 -709598.70 -175808.45
V 11488 -709698.20 -175808.45
V 11496 -709698.20 -175768.45
V 11504 -709598.70 -175768.45
V 11512 -709590.95 -175766.37
V 11520 -709585.28 -175760.70
V 11528 -709583.20 -175752.95
V 11536 -709583.20 -175681.95
V 11544 -709585.28 -175674.20
V 11552 -709590.95 -175668.53
V 11560 -709598.70 -175666.45
V 11568 -709698.20 -175666.45
V 11576 -709698.20 -175626.45
V 11584 -709598.70 -175626.45
V 11592 -709590.95 -175624.37
V 11600 -709585.28 -175618.70
V 11608 -709583.20 -175610.95
V 11616 -709583.20 -175539.95
V 11624 -709585.28 -175532.20
V 11632 -709590.95 -175526.53
V 11640 -709598.70 -175524.45
V 11648 -709698.20 -175524.45
V 11656 -709698.20 -175484.45
V 11664 -709598.70 -175484.45
V 11672 -709590.95 -175482.37
V 11680 -709585.28 -175476.70
V 11688 -709583.20 -175468.95
V 11696 -709583.20 -175397.95
V 11704 -709585.28 -175390.20
V 11712 -709590.95 -175384.53
V 11720 -709598.70 -175382.45
V 11728 -709698.20 -175382.45
V 11736 -709698.20 -175342.45
V 11744 -709598.70 -175342.45
V 11752 -709590.95 -175340.37
V 11760 -709585.28 -175334.70
V 11768 -709583.20 -175326.95
V 11776 -709583.20 -175255.95
V 11784 -709585.28 -175248.20
V 11792 -709590.95 -175242.53
V 11800 -709598.70 -175240.45
V 11808 -709698.20 -175240.45
V 11816 -709698.20 -175200.45
V 11824 -709598.70 -175200.45
V 11832 -709590.95 -175198.37
V 11840 -709585.28 -175192.70
V 11848 -709583.20 -175184.95
V 11856 -709583.20 -175113.95
V 11864 -709585.28 -175106.20
V 11872 -709590.95 -175100.53
V 11880 -709598.70 -175098.45
V 11888 -709698.20 -175098.45
V 11896 -709698.20 -175058.45
V 11904 -709598.70 -175058.45
V 11912 -709590.95 -175056.37
V 11920 -709585.28 -175050.70
V 11928 -709583.20 -175042.95
V 11936 -709583.20 -174971.95
V 11944 -709585.28 -174964.20
V 11952 -709590.95 -174958.53
V 11960 -709598.70 -174956.45
V 11968 -709698.20 -174956.45
V 11976 -709698.20 -174916.45
V 11984 -709598.70 -174916.45
V 11992 -709590.95 -174914.37
V 12000 -709585.28 -174908.70
V 12008 -709583.20 -174900.95
V 12016 -709583.20 -174829.95
V 12024 -709585.28 -174822.20
V 12032 -709590.95 -174816.53
V 12040 -709598.70 -174814.45
V 12048 -709698.20 -174814.45
V 12056 -709698.20 -174774.45
V 12064 -709598.70 -174774.45
V 12072 -709590.95 -174772.37
V 12080 -709585.28 -174766.70
V 12088 -709583.20 -174758.95
V 12096 -709583.20 -174687.95
V 12104 -709585.28 -174680.20
V 12112 -709590.95 -174674.53
V 12120 -709598.70 -174672.45
V 12128 -709698.20 -174672.45
V 12136 -709698.20 -174632.45
V 12144 -709598.70 -174632.45
V 12152 -709590.95 -174630.37
V 12160 -709585.28 -174624.70
V 12168 -709583.20 -174616.95
V 12176 -709583.20 -174545.95
V 12184 -709585.28 -174538.20
V 12192 -709590.95 -174532.53
V 12200 -709598.70 -174530.45
V 12208 -709698.20 -174530.45
V 12216 -709698.20 -174490.45
V 12224 -709598.70 -174490.45
V 12232 -709590.95 -174488.37
V 12240 -709585.28 -174482.70
V 12248 -709583.20 -174474.95
V 12256 -709583.20 -174403.95
V 12264 -709585.28 -174396.20
V 12272 -709590.95 -174390.53
V 12280 -709598.70 -174388.45
V 12288 -709698.20 -174388.45
V 12296 -709698.20 -174348.45
V 12304 -709598.70 -174348.45
V 12312 -709590.95 -174346.37
V 12320 -709585.28 -174340.70
V 12328 -709583.20 -174332.95
V 12336 -709583.20 -174261.95
V 12344 -709585.28 -174254.20
V 12352 -709590.95 -174248.53
V 12360 -709598.70 -174246.45
V 12368 -709698.20 -174246.45
V 12376 -709698.20 -174206.45
V 12384 -709598.70 -174206.45
V 12392 -709590.95 -174204.37
V 12400 -709585.28 -174198.70
V 12408 -709583.20 -174190.95
V 12416 -709583.20 -174119.95
V 12424 -709585.28 -174112.20
V 12432 -709590.95 -174106.53
V 12440 -709598.70 -174104.45
V 12448 -709698.20 -174104.45
V 12456 -709698.20 -174064.45
V 12464 -709598.70 -174064.45
V 12472 -709590.95 -174062.37
V 12480 -709585.28 -174056.70
V 12488 -709583.20 -174048.95
V 12496 -709583.20 -173977.95
V 12504 -709585.28 -173970.20
V 12512 -709590.95 -173964.53
V 12520 -709598.70 -173962.45
V 12528 -709698.20 -173962.45
V 12536 -709698.20 -173922.45
V 12544 -709598.70 -173922.45
V 12552 -709590.95 -173920.37
V 12560 -709585.28 -173914.70
V 12568 -709583.20 -173906.95
V 12576 -709583.20 -173835.95
V 12584 -709585.28 -173828.20
V 12592 -709590.95 -173822.53
V 12600 -709598.70 -173820.45
V 12608 -709698.20 -173820.45
V 12616 -709698.20 -173780.45
V 12624 -709598.70 -173780.45
V 12632 -709590.95 -173778.37
V 12640 -709585.28 -173772.70
V 12648 -709583.20 -173764.95
V 12656 -709583.20 -173693.95
V 12664 -709585.28 -173686.20
V 12672 -709590.95 -173680.53
V 12680 -709598.70 -173678.45
V 12688 -709698.20 -173678.45
V 12696 -709698.20 -173638.45
V 12704 -709598.70 -173638.45
V 12712 -709590.95 -173636.37
V 12720 -709585.28 -173630.70
V 12728 -709583.20 -173622.95
V 12736 -709583.20 -173551.95
V 12744 -709585.28 -173544.20
V 12752 -709590.95 -173538.53
V 12760 -709598.70 -173536.45
V 12768 -709698.20 -173536.45
V 12776 -709698.20 -173496.45
V 12784 -709598.70 -173496.45
V 12792 -709590.95 -173494.37
V 12800 -709585.28 -173488.70
V 12808 -709583.20 -173480.95
V 12816 -709583.20 -173409.95
V 12824 -709585.28 -173402.20
V 12832 -709590.95 -173396.53
V 12840 -709598.70 -173394.45
V 12848 -709698.20 -173394.45
V 12856 -709698.20 -173354.45
V 12864 -709598.70 -173354.45
V 12872 -709590.95 -173352.37
V 12880 -709585.28 -173346.70
V 12888 -709583.20 -173338.95
V 12896 -709583.20 -173267.95
V 12904 -709585.28 -173260.20
V 12912 -709590.95 -173254.53
V 12920 -709598.70 -173252.45
V 12928 -709698.20 -173252.45
V 12936 -709698.20 -173212.45
V 12944 -709598.70 -173212.45
V 12952 -709590.95 -173210.37
V 12960 -709585.28 -173204.70
V 12968 -709583.20 -173196.95
V 12976 -709583.20 -173125.95
V 12984 -709585.28 -173118.20
V 12992 -709590.95 -173112.53
V 13000 -709598.70 -173110.45
V 13008 -709698.20 -173110.45
V 13016 -709698.20 -173070.45
V 13024 -709598.70 -173070.45
V 13032 -709590.95 -173068.37
V 13040 -709585.28 -173062.70
V 13048 -709583.20 -173054.95
V 13056 -709583.20 -172983.95
V 13064 -709585.28 -172976.20
V 13072 -709590.95 -172970.53
V 13080 -709598.70 -172968.45
V 13088 -709698.20 -172968.45
V 13096 -709698.20 -172928.45
V 13104 -709598.70 -172928.45
V 13112 -709590.95 -172926.37
V 13120 -709585.28 -172920.70
V 13128 -709583.20 -172912.95
V 13136 -709583.20 -172841.95
V 13144 -709585.28 -172834.20
V 13152 -709590.95 -172828.53
V 13160 -709598.70 -172826.45
V 13168 -709698.20 -172826.45
V 13176 -709698.20 -172786.45
V 13184 -709598.70 -172786.45
V 13192 -709590.95 -172784.37
V 13200 -709585.28 -172778.70
V 13208 -709583.20 -172770.95
V 13216 -709583.20 -172699.95
V 13224 -709585.28 -172692.20
V 13232 -709590.95 -172686.53
V 13240 -709598.70 -172684.45
V 13248 -709698.20 -172684.45
V 13256 -709698.20 -172644.45
V 13264 -709598.70 -172644.45
V 13272 -709590.95 -172642.37
V 13280 -709585.28 -172636.70
V 13288 -709583.20 -172628.95
V 13296 -709583.20 -172557.95
V 13304 -709585.28 -172550.20
V 13312 -709590.95 -172544.53
V 13320 -709598.70 -172542.45
V 13328 -709698.20 -172542.45
V 13336 -709698.20 -172502.45
V 13344 -709598.70 -172502.45
V 13352 -709590.95 -172500.37
V 13360 -709585.28 -172494.70
V 13368 -709583.20 -172486.95
V 13376 -709583.20 -172415.95
V 13384 -709585.28 -172408.20
V 13392 -709590.95 -172402.53
V 13400 -709598.70 -172400.45
V 13408 -709698.20 -172400.45
V 13416 -709698.20 -172360.45
V 13424 -709598.70 -172360.45
V 13432 -709590.95 -172358.37
V 13440 -709585.28 -172352.70
V 13448 -709583.20 -172344.95
V 13456 -709583.20 -172273.95
V 13464 -709585.28 -172266.20
V 13472 -709590.95 -172260.53
V 13480 -709598.70 -172258.45
V 13488 -709698.20 -172258.45
V 13496 -709698.20 -172218.45
V 13504 -709598.70 -172218.45
V 13512 -709590.95 -172216.37
V 13520 -709585.28 -172210.70
V 13528 -709583.20 -172202.95
V 13536 -709583.20 -172131.95
V 13544 -709585.28 -172124.20
V 13552 -709590.95 -172118.53
V 13560 -709598.70 -172116.45
V 13568 -709698.20 -172116.45
V 13576 -709698.20 -172076.45
V 13584 -709598.70 -172076.45
V 13592 -709590.95 -172074.37
V 13600 -709585.28 -172068.70
V 13608 -709583.20 -172060.95
V 13616 -709583.20 -171989.95
V 13624 -709585.28 -171982.20
V 13632 -709590.95 -171976.53
V 13640 -709598.70 -171974.45
V 13648 -709698.20 -171974.45
V 13656 -709698.20 -171934.45
V 13664 -709598.70 -171934.45
V 13672 -709590.95 -171932.37
V 13680 -709585.28 -171926.70
V 13688 -709583.20 -171918.95
V 13696 -709583.20 -171847.95
V 13704 -709585.28 -171840.20
V 13712 -709590.95 -171834.53
V 13720 -709598.70 -171832.45
V 13728 -709698.20 -171832.45
V 13736 -709698.20 -171792.45
V 13744 -709598.70 -171792.45
V 13752 -709590.95 -171790.37
V 13760 -709585.28 -171784.70
V 13768 -709583.20 -171776.95
V 13776 -709583.20 -171705.95
V 13784 -709585.28 -171698.20
V 13792 -709590.95 -171692.53
V 13800 -709598.70 -171690.45
V 13808 -709698.20 -171690.45
V 13816 -709698.20 -171650.45
V 13824 -709598.70 -171650.45
V 13832 -709590.95 -171648.37
V 13840 -709585.28 -171642.70
V 13848 -709583.20 -171634.95
V 13856 -709583.20 -171563.95
V 13864 -709585.28 -171556.20
V 13872 -709590.95 -171550.53
V 13880 -709598.70 -171548.45
V 13888 -709698.20 -171548.45
V 13896 -709698.20 -171508.45
V 13904 -709598.70 -171508.45
V 13912 -709590.95 -171506.37
V 13920 -709585.28 -171500.70
V 13928 -709583.20 -171492.95
V 13936 -709583.20 -171421.95
V 13944 -709585.28 -171414.20
V 13952 -709590.95 -171408.53
V 13960 -709598.70 -171406.45
V 13968 -709698.20 -171406.45
V 13976 -709698.20 -171366.45
V 13984 -709598.70 -171366.45
V 13992 -709590.95 -171364.37
V 14000 -709585.28 -171358.70
V 14008 -709583.20 -171350.95
V 14016 -709583.20 -171279.95
V 14024 -709585.28 -171272.20
V 14032 -709590.95 -171266.53
V 14040 -709598.70 -171264.45
V 14048 -709698.20 -171264.45
V 14056 -709698.20 -171224.45
V 14064 -709598.70 -171224.45
V 14072 -709590.95 -171222.37
V 14080 -709585.28 -171216.70
V 14088 -709583.20 -171208.95
V 14096 -709583.20 -171137.95
V 14104 -709585.28 -171130.20
V 14112 -709590.95 -171124.53
V 14120 -709598.70 -171122.45
V 14128 -709698.20 -171122.45
V 14136 -709698.20 -171082.45
V 14144 -709598.70 -171082.45
V 14152 -709590.95 -171080.37
V 14160 -709585.28 -171074.70
V 14168 -709583.20 -171066.95
V 14176 -709583.20 -170995.95
V 14184 -709585.28 -170988.20
V 14192 -709590.95 -170982.53
V 14200 -709598.70 -170980.45
V 14208 -709698.20 -170980.45
V 14216 -709698.20 -170940.45
V 14224 -709598.70 -170940.45
V 14232 -709590.95 -170938.37
V 14240 -709585.28 -170932.70
V 14248 -709583.20 -170924.95
V 14256 -709583.20 -170853.95
V 14264 -709585.28 -170846.20
V 14272 -709590.95 -170840.53
V 14280 -709598.70 -170838.45
V 14288 -709698.20 -170838.45
V 14296 -709698.20 -170798.45
V 14304 -709598.70 -170798.45
V 14312 -709590.95 -170796.37
V 14320 -709585.28 -170790.70
V 14328 -709583.20 -170782.95
V 14336 -709583.20 -170711.95
V 14344 -709585.28 -170704.20
V 14352 -709590.95 -170698.53
V 14360 -709598.70 -170696.45
V 14368 -709698.20 -170696.45
V 14376 -709698.20 -170656.45
V 14384 -709598.70 -170656.45
V 14392 -709590.95 -170654.37
V 14400 -709585.28 -170648.70
V 14408 -709583.20 -170640.95
V 14416 -709583.20 -170569.95
V 14424 -709585.28 -170562.20
V 14432 -709590.95 -170556.53
V 14440 -709598.70 -170554.45
V 14448 -709698.20 -170554.45
V 14456 -709698.20 -170514.45
V 14464 -709598.70 -170514.45
V 14472 -709590.95 -170512.37
V 14480 -709585.28 -170506.70
V 14488 -709583.20 -170498.95
V 14496 -709583.20 -170427.95
V 14504 -709585.28 -170420.20
V 14512 -709590.95 -170414.53
V 14520 -709598.70 -170412.45
V 14528 -709698.20 -170412.45
V 14536 -709698.20 -170372.45
V 14544 -709598.70 -170372.45
V 14552 -709590.95 -170370.37
V 14560 -709585.28 -170364.70
V 14568 -709583.20 -170356.95
V 14576 -709583.20 -170285.95
V 14584 -709585.28 -170278.20
V 14592 -709590.95 -170272.53
V 14600 -709598.70 -170270.45
V 14608 -709698.20 -170270.45
V 14616 -709698.20 -170230.45
V 14624 -709598.70 -170230.45
V 14632 -709590.95 -170228.37
V 14640 -709585.28 -170222.70
V 14648 -709583.20 -170214.95
V 14656 -709583.20 -170143.95
V 14664 -709585.28 -170136.20
V 14672 -709590.95 -170130.53
V 14680 -709598.70 -170128.45
V 14688 -709698.20 -170128.45
V 14696 -709698.20 -170088.45
V 14704 -709598.70 -170088.45
V 14712 -709590.95 -170086.37
V 14720 -709585.28 -170080.70
V 14728 -709583.20 -170072.95
V 14736 -709583.20 -170001.95
V 14744 -709585.28 -169994.20
V 14752 -709590.95 -169988.53
V 14760 -709598.70 -169986.45
V 14768 -709698.20 -169986.45
V 14776 -709698.20 -169946.45
V 14784 -709598.70 -169946.45
V 14792 -709590.95 -169944.37
V 14800 -709585.28 -169938.70
V 14808 -709583.20 -169930.95
V 14816 -709583.20 -169859.95
V 14824 -709585.28 -169852.20
V 14832 -709590.95 -169846.53
V 14840 -709598.70 -169844.45
V 14848 -709698.20 -169844.45
V 14856 -709698.20 -169804.45
V 14864 -709598.70 -169804.45
V 14872 -709590.95 -169802.37
V 14880 -709585.28 -169796.70
V 14888 -709583.20 -169788.95
V 14896 -709583.20 -169717.95
V 14904 -709585.28 -169710.20
V 14912 -709590.95 -169704.53
V 14920 -709598.70 -169702.45
V 14928 -709698.20 -169702.45
V 14936 -709698.20 -169662.45
V 14944 -709598.70 -169662.45
V 14952 -709590.95 -169660.37
V 14960 -709585.28 -169654.70
V 14968 -709583.20 -169646.95
V 14976 -709583.20 -169575.95
V 14984 -709585.28 -169568.20
V 14992 -709590.95 -169562.53
V 15000 -709598.70 -169560.45
V 15008 -709698.20 -169560.45
V 15016 -709698.20 -169520.45
V 15024 -709598.70 -169520.45
V 15032 -709590.95 -169518.37
V 15040 -709585.28 -169512.70
V 15048 -709583.20 -169504.95
V 15056 -709583.20 -169433.95
V 15064 -709585.28 -169426.20
V 15072 -709590.95 -169420.53
V 15080 -709598.70 -169418.45
V 15088 -709698.20 -169418.45
V 15096 -709698.20 -169378.45
V 15104 -709598.70 -169378.45
V 15112 -709590.95 -169376.37
V 15120 -709585.28 -169370.70
V 15128 -709583.20 -169362.95
V 15136 -709583.20 -169291.95
V 15144 -709585.28 -169284.20
V 15152 -709590.95 -169278.53
V 15160 -709598.70 -169276.45
V 15168 -709698.20 -169276.45
V 15176 -709698.20 -169236.45
V 15184 -709598.70 -169236.45
V 15192 -709590.95 -169234.37
V 15200 -709585.28 -169228.70
V 15208 -709583.20 -169220.95
V 15216 -709583.20 -169149.95
V 15224 -709585.28 -169142.20
V 15232 -709590.95 -169136.53
V 15240 -709598.70 -169134.45
V 15248 -709698.20 -169134.45
V 15256 -709698.20 -169094.45
V 15264 -709598.70 -169094.45
V 15272 -709590.95 -169092.37
V 15280 -709585.28 -169086.70
V 15288 -709583.20 -169078.95
V 15296 -709583.20 -169007.95
V 15304 -709585.28 -169000.20
V 15312 -709590.95 -168994.53
V 15320 -709598.70 -168992.45
V 15328 -709698.20 -168992.45
V 15336 -709698.20 -168952.45
V 15344 -709598.70 -168952.45
V 15352 -709590.95 -168950.37
V 15360 -709585.28 -168944.70
V 15368 -709583.20 -168936.95
V 15376 -709583.20 -168865.95
V 15384 -709585.28 -168858.20
V 15392 -709590.95 -168852.53
V 15400 -709598.70 -168850.45
V 15408 -709698.20 -168850.45
V 15416 -709698.20 -168810.45
V 15424 -709598.70 -168810.45
V 15432 -709590.95 -168808.37
V 15440 -709585.28 -168802.70
V 15448 -709583.20 -168794.95
V 15456 -709583.20 -168723.95
V 15464 -709585.28 -168716.20
V 15472 -709590.95 -168710.53
V 15480 -709598.70 -168708.45
V 15488 -709698.20 -168708.45
V 15496 -709698.20 -168668.45
V 15504 -709598.70 -168668.45
V 15512 -709590.95 -168666.37
V 15520 -709585.28 -168660.70
V 15528 -709583.20 -168652.95
V 15536 -709583.20 -168581.95
V 15544 -709585.28 -168574.20
V 15552 -709590.95 -168568.53
V 15560 -709598.70 -168566.45
V 15568 -709698.20 -168566.45
V 15576 -709698.20 -168526.45
V 15584 -709598.70 -168526.45
V 15592 -709590.95 -168524.37
V 15600 -709585.28 -168518.70
V 15608 -709583.20 -168510.95
V 15616 -709583.20 -168439.95
V 15624 -709585.28 -168432.20
V 15632 -709590.95 -168426.53
V 15640 -709598.70 -168424.45
V 15648 -709698.20 -168424.45
V 15656 -709698.20 -168384.45
V 15664 -709598.70 -168384.45
V 15672 -709590.95 -168382.37
V 15680 -709585.28 -168376.70
V 15688 -709583.20 -168368.95
V 15696 -709583.20 -168297.95
V 15704 -709585.28 -168290.20
V 15712 -709590.95 -168284.53
V 15720 -709598.70 -168282.45
V 15728 -709698.20 -168282.45
V 15736 -709698.20 -168242.45
V 15744 -709598.70 -168242.45
V 15752 -709590.95 -168240.37
V 15760 -709585.28 -168234.70
V 15768 -709583.20 -168226.95
V 15776 -709583.20 -168155.95
V 15784 -709585.28 -168148.20
V 15792 -709590.95 -168142.53
V 15800 -709598.70 -168140.45
V 15808 -709698.20 -168140.45
V 15816 -709698.20 -168100.45
V 15824 -709598.70 -168100.45
V 15832 -709590.95 -168098.37
V 15840 -709585.28 -168092.70
V 15848 -709583.20 -168084.95
V 15856 -709583.20 -168013.95
V 15864 -709585.28 -168006.20
V 15872 -709590.95 -168000.53
V 15880 -709598.70 -167998.45
V 15888 -709698.20 -167998.45
V 15896 -709698.20 -167958.45
V 15904 -709598.70 -167958.45
V 15912 -709590.95 -167956.37
V 15920 -709585.28 -167950.70
V 15928 -709583.20 -167942.95
V 15936 -709583.20 -167871.95
V 15944 -709585.28 -167864.20
V 15952 -709590.95 -167858.53
V 15960 -709598.70 -167856.45
V 15968 -709698.20 -167856.45
V 15976 -709698.20 -167816.45
V 15984 -709598.70 -167816.45
V 15992 -709590.95 -167814.37
V 16000 -709585.28 -167808.70
V 16008 -709583.20 -167800.95
V 16016 -709583.20 -167729.95
V 16024 -709585.28 -167722.20
V 16032 -709590.95 -167716.53
V 16040 -709598.70 -167714.45
V 16048 -709698.20 -167714.45
V 16056 -709698.20 -167674.45
V 16064 -709598.70 -167674.45
V 16072 -709590.95 -167672.37
V 16080 -709585.28 -167666.70
V 16088 -709583.20 -167658.95
V 16096 -709583.20 -167587.95
V 16104 -709585.28 -167580.20
V 16112 -709590.95 -167574.53
V 16120 -709598.70 -167572.45
V 16128 -709698.20 -167572.45
V 16136 -709698.20 -167532.45
V 16144 -709598.70 -167532.45
V 16152 -709590.95 -167530.37
V 16160 -709585.28 -167524.70
V 16168 -709583.20 -167516.95
V 16176 -709583.20 -167445.95
V 16184 -709585.28 -167438.20
V 16192 -709590.95 -167432.53
V 16200 -709598.70 -167430.45
V 16208 -709698.20 -167430.45
V 16216 -709698.20 -167390.45
V 16224 -709598.70 -167390.45
V 16232 -709590.95 -167388.37
V 16240 -709585.28 -167382.70
V 16248 -709583.20 -167374.95
V 16256 -709583.20 -167303.95
V 16264 -709585.28 -167296.20
V 16272 -709590.95 -167290.53
V 16280 -709598.70 -167288.45
V 16288 -709698.20 -167288.45
V 16296 -709698.20 -167248.45
V 16304 -709598.70 -167248.45
V 16312 -709590.95 -167246.37
V 16320 -709585.28 -167240.70
V 16328 -709583.20 -167232.95
V 16336 -709583.20 -167161.95
V 16344 -709585.28 -167154.20
V 16352 -709590.95 -167148.53
V 16360 -709598.70 -167146.45
V 16368 -709698.20 -167146.45
V 16376 -709698.20 -167106.45
V 16384 -709598.70 -167106.45
V 16392 -709590.95 -167104.37
V 16400 -709585.28 -167098.70
V 16408 -709583.20 -167090.95
V 16416 -709583.20 -167019.95
V 16424 -709585.28 -167012.20
V 16432 -709590.95 -167006.53
V 16440 -709598.70 -167004.45
V 16448 -709698.20 -167004.45
V 16456 -709698.20 -166964.45
V 16464 -709598.70 -166964.45
V 16472 -709590.95 -166962.37
V 16480 -709585.28 -166956.70
V 16488 -709583.20 -166948.95
V 16496 -709583.20 -166877.95
V 16504 -709585.28 -166870.20
V 16512 -709590.95 -166864.53
V 16520 -709598.70 -166862.45
V 16528 -709698.20 -166862.45
V 16536 -709698.20 -166822.45
V 16544 -709598.70 -166822.45
V 16552 -709590.95 -166820.37
V 16560 -709585.28 -166814.70
V 16568 -709583.20 -166806.95
V 16576 -709583.20 -166735.95
V 16584 -709585.28 -166728.20
V 16592 -709590.95 -166722.53
V 16600 -709598.70 -166720.45
V 16608 -709698.20 -166720.45
V 16616 -709698.20 -166680.45
V 16624 -709598.70 -166680.45
V 16632 -709590.95 -166678.37
V 16640 -709585.28 -166672.70
V 16648 -709583.20 -166664.95
V 16656 -709583.20 -166593.95
V 16664 -709585.28 -166586.20
V 16672 -709590.95 -166580.53
V 16680 -709598.70 -166578.45
V 16688 -709698.20 -166578.45
V 16696 -709698.20 -166538.45
V 16704 -709598.70 -166538.45
V 16712 -709590.95 -166536.37
V 16720 -709585.28 -166530.70
V 16728 -709583.20 -166522.95
V 16736 -709583.20 -166451.95
V 16744 -709585.28 -166444.20
V 16752 -709590.95 -166438.53
V 16760 -709598.70 -166436.45
V 16768 -709698.20 -166436.45
V 16776 -709698.20 -166396.45
V 16784 -709598.70 -166396.45
V 16792 -709590.95 -166394.37
V 16800 -709585.28 -166388.70
V 16808 -709583.20 -166380.95
V 16816 -709583.20 -166309.95
V 16824 -709585.28 -166302.20
V 16832 -709590.95 -166296.53
V 16840 -709598.70 -166294.45
V 16848 -709698.20 -166294.45
V 16856 -709698.20 -166254.45
V 16864 -709598.70 -166254.45
V 16872 -709590.95 -166252.37
V 16880 -709585.28 -166246.70
V 16888 -709583.20 -166238.95
V 16896 -709583.20 -166167.95
V 16904 -709585.28 -166160.20
V 16912 -709590.95 -166154.53
V 16920 -709598.70 -166152.45
V 16928 -709698.20 -166152.45
V 16936 -709698.20 -166112.45
V 16944 -709598.70 -166112.45
V 16952 -709590.95 -166110.37
V 16960 -709585.28 -166104.70
V 16968 -709583.20 -166096.95
V 16976 -709583.20 -166025.95
V 16984 -709585.28 -166018.20
V 16992 -709590.95 -166012.53
V 17000 -709598.70 -166010.45
V 17008 -709698.20 -166010.45
V 17016 -709698.20 -165970.45
V 17024 -709598.70 -165970.45
V 17032 -709590.95 -165968.37
V 17040 -709585.28 -165962.70
V 17048 -709583.20 -165954.95
V 17056 -709583.20 -165883.95
V 17064 -709585.28 -165876.20
V 17072 -709590.95 -165870.53
V 17080 -709598.70 -165868.45
V 17088 -709698.20 -165868.45
V 17096 -709698.20 -165828.45
V 17104 -709598.70 -165828.45
V 17112 -709590.95 -165826.37
V 17120 -709585.28 -165820.70
V 17128 -709583.20 -165812.95
V 17136 -709583.20 -165741.95
V 17144 -709585.28 -165734.20
V 17152 -709590.95 -165728.53
V 17160 -709598.70 -165726.45
V 17168 -709698.20 -165726.45
V 17176 -709698.20 -165686.45
V 17184 -709598.70 -165686.45
V 17192 -709590.95 -165684.37
V 17200 -709585.28 -165678.70
V 17208 -709583.20 -165670.95
V 17216 -709583.20 -165599.95
V 17224 -709585.28 -165592.20
V 17232 -709590.95 -165586.53
V 17240 -709598.70 -165584.45
V 17248 -709698.20 -165584.45
V 17256 -709698.20 -165544.45
V 17264 -709598.70 -165544.45
V 17272 -709590.95 -165542.37
V 17280 -709585.28 -165536.70
V 17288 -709583.20 -165528.95
V 17296 -709583.20 -165457.95
V 17304 -709585.28 -165450.20
V 17312 -709590.95 -165444.53
V 17320 -709598.70 -165442.45
V 17328 -709698.20 -165442.45
V 17336 -709698.20 -165402.45
V 17344 -709598.70 -165402.45
V 17352 -709590.95 -165400.37
V 17360 -709585.28 -165394.70
V 17368 -709583.20 -165386.95
V 17376 -709583.20 -165315.95
V 17384 -709585.28 -165308.20
V 17392 -709590.95 -165302.53
V 17400 -709598.70 -165300.45
V 17408 -709698.20 -165300.45
V 17416 -709698.20 -165260.45
V 17424 -709598.70 -165260.45
V 17432 -709590.95 -165258.37
V 17440 -709585.28 -165252.70
V 17448 -709583.20 -165244.95
V 17456 -709583.20 -165173.95
V 17464 -709585.28 -165166.20
V 17472 -709590.95 -165160.53
V 17480 -709598.70 -165158.45
V 17488 -709698.20 -165158.45
V 17496 -709698.20 -165118.45
V 17504 -709598.70 -165118.45
V 17512 -709590.95 -165116.37
V 17520 -709585.28 -165110.70
V 17528 -709583.20 -165102.95
V 17536 -709583.20 -165031.95
V 17544 -709585.28 -165024.20
V 17552 -709590.95 -165018.53
V 17560 -709598.70 -165016.45
V 17568 -709698.20 -165016.45
V 17576 -709698.20 -164976.45
V 17584 -709598.70 -164976.45
V 17592 -709590.95 -164974.37
V 17600 -709585.28 -164968.70
V 17608 -709583.20 -164960.95
V 17616 -709583.20 -164889.95
V 17624 -709585.28 -164882.20
V 17632 -709590.95 -164876.53
V 17640 -709598.70 -164874.45
V 17648 -709698.20 -164874.45
V 17656 -709698.20 -164834.45
V 17664 -709598.70 -164834.45
V 17672 -709590.95 -164832.37
V 17680 -709585.28 -164826.70
V 17688 -709583.20 -164818.95
V 17696 -709583.20 -164747.95
V 17704 -709585.28 -164740.20
V 17712 -709590.95 -164734.53
V 17720 -709598.70 -164732.45
V 17728 -709698.20 -164732.45
V 17736 -709698.20 -164692.45
V 17744 -709598.70 -164692.45
V 17752 -709590.95 -164690.37
V 17760 -709585.28 -164684.70
V 17768 -709583.20 -164676.95
V 17776 -709583.20 -164605.95
V 17784 -709585.28 -164598.20
V 17792 -709590.95 -164592.53
V 17800 -709598.70 -164590.45
V 17808 -709698.20 -164590.45
V 17816 -709698.20 -164550.45
V 17824 -709598.70 -164550.45
V 17832 -709590.95 -164548.37
V 17840 -709585.28 -164542.70
V 17848 -709583.20 -164534.95
V 17856 -709583.20 -164463.95
V 17864 -709585.28 -164456.20
V 17872 -709590.95 -164450.53
V 17880 -709598.70 -164448.45
V 17888 -709698.20 -164448.45
V 17896 -709698.20 -164408.45
V 17904 -709598.70 -164408.45
V 17912 -709590.95 -164406.37
V 17920 -709585.28 -164400.70
V 17928 -709583.20 -164392.95
V 17936 -709583.20 -164321.95
V 17944 -709585.28 -164314.20
V 17952 -709590.95 -164308.53
V 17960 -709598.70 -164306.45
V 17968 -709698.20 -164306.45
V 17976 -709698.20 -164266.45
V 17984 -709598.70 -164266.45
V 17992 -709590.95 -164264.37
V 18000 -709585.28 -164258.70
V 18008 -709583.20 -164250.95
V 18016 -709583.20 -164179.95
V 18024 -709585.28 -164172.20
V 18032 -709590.95 -164166.53
V 18040 -709598.70 -164164.45
V 18048 -709698.20 -164164.45
V 18056 -709698.20 -164124.45
V 18064 -709598.70 -164124.45
V 18072 -709590.95 -164122.37
V 18080 -709585.28 -164116.70
V 18088 -709583.20 -164108.95
V 18096 -709583.20 -164037.95
V 18104 -709585.28 -164030.20
V 18112 -709590.95 -164024.53
V 18120 -709598.70 -164022.45
V 18128 -709698.20 -164022.45
V 18136 -709698.20 -163982.45
V 18144 -709598.70 -163982.45
V 18152 -709590.95 -163980.37
V 18160 -709585.28 -163974.70
V 18168 -709583.20 -163966.95
V 18176 -709583.20 -163895.95
V 18184 -709585.28 -163888.20
V 18192 -709590.95 -163882.53
V 18200 -709598.70 -163880.45
V 18208 -709698.20 -163880.45
V 18216 -709698.20 -163840.45
V 18224 -709598.70 -163840.45
V 18232 -709590.95 -163838.37
V 18240 -709585.28 -163832.70
V 18248 -709583.20 -163824.95
V 18256 -709583.20 -163753.95
V 18264 -709585.28 -163746.20
V 18272 -709590.95 -163740.53
V 18280 -709598.70 -163738.45
V 18288 -709698.20 -163738.45
V 18296 -709698.20 -163698.45
V 18304 -709598.70 -163698.45
V 18312 -709590.95 -163696.37
V 18320 -709585.28 -163690.70
V 18328 -709583.20 -163682.95
V 18336 -709583.20 -163611.95
V 18344 -709585.28 -163604.20
V 18352 -709590.95 -163598.53
V 18360 -709598.70 -163596.45
V 18368 -709698.20 -163596.45
V 18376 -709698.20 -163556.45
V 18384 -709598.70 -163556.45
V 18392 -709590.95 -163554.37
V 18400 -709585.28 -163548.70
V 18408 -709583.20 -163540.95
V 18416 -709583.20 -163469.95
V 18424 -709585.28 -163462.20
V 18432 -709590.95 -163456.53
V 18440 -709598.70 -163454.45
V 18448 -709698.20 -163454.45
V 18456 -709698.20 -163414.45
V 18464 -709598.70 -163414.45
V 18472 -709590.95 -163412.37
V 18480 -709585.28 -163406.70
V 18488 -709583.20 -163398.95
V 18496 -709583.20 -163327.95
V 18504 -709585.28 -163320.20
V 18512 -709590.95 -163314.53
V 18520 -709598.70 -163312.45
V 18528 -709698.20 -163312.45
V 18536 -709698.20 -163272.45
V 18544 -709598.70 -163272.45
V 18552 -709590.95 -163270.37
V 18560 -709585.28 -163264.70
V 18568 -709583.20 -163256.95
V 18576 -709583.20 -163185.95
V 18584 -709585.28 -163178.20
V 18592 -709590.95 -163172.53
V 18600 -709598.70 -163170.45
V 18608 -709698.20 -163170.45
V 18616 -709698.20 -163130.45
V 18624 -709598.70 -163130.45
V 18632 -709590.95 -163128.37
V 18640 -709585.28 -163122.70
V 18648 -709583.20 -163114.95
V 18656 -709583.20 -163043.95
V 18664 -709585.28 -163036.20
V 18672 -709590.95 -163030.53
V 18680 -709598.70 -163028.45
V 18688 -709698.20 -163028.45
V 18696 -709698.20 -162988.45
V 18704 -709598.70 -162988.45
V 18712 -709590.95 -162986.37
V 18720 -709585.28 -162980.70
V 18728 -709583.20 -162972.95
V 18736 -709583.20 -162901.95
V 18744 -709585.28 -162894.20
V 18752 -709590.95 -162888.53
V 18760 -709598.70 -162886.45
V 18768 -709698.20 -162886.45
V 18776 -709698.20 -162846.45
V 18784 -709598.70 -162846.45
V 18792 -709590.95 -162844.37
V 18800 -709585.28 -162838.70
V 18808 -709583.20 -162830.95
V 18816 -709583.20 -162759.95
V 18824 -709585.28 -162752.20
V 18832 -709590.95 -162746.53
V 18840 -709598.70 -162744.45
V 18848 -709698.20 -162744.45
V 18856 -709698.20 -162704.45
V 18864 -709598.70 -162704.45
V 18872 -709590.95 -162702.37
V 18880 -709585.28 -162696.70
V 18888 -709583.20 -162688.95
V 18896 -709583.20 -162617.95
V 18904 -709585.28 -162610.20
V 18912 -709590.95 -162604.53
V 18920 -709598.70 -162602.45
V 18928 -709698.20 -162602.45
V 18936 -709698.20 -162562.45
V 18944 -709598.70 -162562.45
V 18952 -709590.95 -162560.37
V 18960 -709585.28 -162554.70
V 18968 -709583.20 -162546.95
V 18976 -709583.20 -162475.95
V 18984 -709585.28 -162468.20
V 18992 -709590.95 -162462.53
V 19000 -709598.70 -162460.45
V 19008 -709698.20 -162460.45
V 19016 -709698.20 -162420.45
V 19024 -709598.70 -162420.45
V 19032 -709590.95 -162418.37
V 19040 -709585.28 -162412.70
V 19048 -709583.20 -162404.95
V 19056 -709583.20 -162333.95
V 19064 -709585.28 -162326.20
V 19072 -709590.95 -162320.53
V 19080 -709598.70 -162318.45
V 19088 -709698.20 -162318.45
V 19096 -709698.20 -162278.45
V 19104 -709598.70 -162278.45
V 19112 -709590.95 -162276.37
V 19120 -709585.28 -162270.70
V 19128 -709583.20 -162262.95
V 19136 -709583.20 -162191.95
V 19144 -709585.28 -162184.20
V 19152 -709590.95 -162178.53
V 19160 -709598.70 -162176.45
V 19168 -709698.20 -162176.45
V 19176 -709698.20 -162136.45
V 19184 -709598.70 -162136.45
V 19192 -709590.95 -162134.37
V 19200 -709585.28 -162128.70
V 19208 -709583.20 -162120.95
V 19216 -709583.20 -162049.95
V 19224 -709585.28 -162042.20
V 19232 -709590.95 -162036.53
V 19240 -709598.70 -162034.45
V 19248 -709698.20 -162034.45
V 19256 -709698.20 -161994.45
V 19264 -709598.70 -161994.45
V 19272 -709590.95 -161992.37
V 19280 -709585.28 -161986.70
V 19288 -709583.20 -161978.95
V 19296 -709583.20 -161907.95
V 19304 -709585.28 -161900.20
V 19312 -709590.95 -161894.53
V 19320 -709598.70 -161892.45
V 19328 -709698.20 -161892.45
V 19336 -709698.20 -161852.45
V 19344 -709598.70 -161852.45
V 19352 -709590.95 -161850.37
V 19360 -709585.28 -161844.70
V 19368 -709583.20 -161836.95
V 19376 -709583.20 -161765.95
V 19384 -709585.28 -161758.20
V 19392 -709590.95 -161752.53
V 19400 -709598.70 -161750.45
V 19408 -709698.20 -161750.45
V 19416 -709698.20 -161710.45
V 19424 -709598.70 -161710.45
V 19432 -709590.95 -161708.37
V 19440 -709585.28 -161702.70
V 19448 -709583.20 -161694.95
V 19456 -709583.20 -161623.95
V 19464 -709585.28 -161616.20
V 19472 -709590.95 -161610.53
V 19480 -709598.70 -161608.45
V 19488 -709698.20 -161608.45
V 19496 -709698.20 -161568.45
V 19504 -709598.70 -161568.45
V 19512 -709590.95 -161566.37
V 19520 -709585.28 -161560.70
V 19528 -709583.20 -161552.95
V 19536 -709583.20 -161481.95
V 19544 -709585.28 -161474.20
V 19552 -709590.95 -161468.53
V 19560 -709598.70 -161466.45
V 19568 -709673.72 -161466.45
V 19576 -709673.72 -161426.45
V 19584 -709656.20 -161426.45
V 19592 -709648.45 -161424.37
V 19600 -709642.78 -161418.70
V 19608 -709640.70 -161410.95
V 19616 -709640.70 -161306.62
V 19624 -707133.25 -160880.85
V 19632 -706037.61 -160694.81
V 19640 -704554.25 -160442.93
V 19648 -699912.13 -159654.69
V 19656 -699635.74 -159607.76
V 19664 -698681.19 -159445.67
V 19672 -697025.07 -159164.46
V 19680 -696199.78 -159024.32
V 19688 -696050.75 -158999.02
V 19696 -695550.05 -158914.00
V 19704 -695386.93 -158886.30
V 19712 -695137.15 -158843.89
V 19720 -694922.32 -158807.41
V 19728 -694244.76 -158692.36
V 19736 -693516.11 -158568.63
V 19744 -693292.22 -158530.61
V 19752 -693063.89 -158491.85
V 19760 -693027.38 -158485.64
V 19768 -691816.27 -158279.99
V 19776 -691774.96 -158272.98
V 19784 -691599.46 -158243.18
V 19792 -691359.49 -158202.43
V 19800 -690276.28 -158018.50
V 19808 -690026.49 -157976.09
V 19816 -689811.67 -157939.61
V 19824 -689313.14 -157854.96
V 19832 -688947.91 -157792.94
V 19840 -688748.91 -157759.15
V 19848 -688747.84 -157758.93
V 19856 -688746.80 -157758.64
V 19864 -688745.77 -157758.27
V 19872 -688744.78 -157757.84
V 19880 -688743.82 -157757.33
V 19888 -688742.89 -157756.76
V 19896 -688742.01 -157756.13
V 19904 -688741.17 -157755.43
V 19912 -688740.39 -157754.68
V 19920 -688739.66 -157753.87
V 19928 -688738.99 -157753.02
V 19936 -688738.38 -157752.12
V 19944 -688737.83 -157751.18
V 19952 -688737.35 -157750.20
V 19960 -688736.94 -157749.20
V 19968 -688736.61 -157748.16
V 19976 -688736.34 -157747.11
V 19984 -688736.15 -157746.04
V 19992 -688736.04 -157744.96
V 20000 -688736.00 -157743.87
V 20008 -688736.00 -157719.35
