V 0 1085836.72 49810.62
V 8 1085831.59 49867.07
V 16 1085831.59 49867.13
V 24 1085831.58 49867.24
V 32 1085825.52 49912.60
V 40 1085825.51 49912.63
V 48 1085823.40 49930.79
V 56 1085823.15 49931.47
V 64 1085822.61 49931.95
V 72 1085821.91 49932.12
V 80 1085735.66 49932.12
V 88 1085735.66 49929.12
V 96 1085820.57 49929.12
V 104 1085822.53 49912.31
V 112 1085822.54 49912.20
V 120 1085828.60 49866.84
V 128 1085833.86 49808.98
V 136 1085834.10 49808.29
V 144 1085834.64 49807.80
V 152 1085835.35 49807.62
V 160 1085839.86 49807.62
V 168 1085839.86 49810.62
