V 0 1085836.69 6360.64
V 8 1085832.26 6398.68
V 16 1085832.25 6398.78
V 24 1085832.21 6398.99
V 32 1085825.39 6423.86
V 40 1085824.77 6430.76
V 48 1085824.53 6431.45
V 56 1085823.99 6431.94
V 64 1085823.28 6432.12
V 72 1085735.66 6432.12
V 80 1085735.66 6429.12
V 88 1085821.91 6429.12
V 96 1085822.42 6423.52
V 104 1085822.42 6423.46
V 112 1085822.43 6423.36
V 120 1085822.46 6423.25
V 128 1085822.47 6423.15
V 136 1085829.28 6398.30
V 144 1085833.86 6358.97
V 152 1085834.11 6358.29
V 160 1085834.65 6357.81
V 168 1085835.35 6357.64
V 176 1085839.86 6357.64
V 184 1085839.86 6360.64
