V 0 1086199.16 78487.62
V 8 1086199.16 78584.13
V 16 1086199.15 78584.31
V 24 1086199.12 78584.49
V 32 1086199.06 78584.66
V 40 1086198.99 78584.83
V 48 1086198.89 78584.98
V 56 1086198.78 78585.12
V 64 1086198.65 78585.25
V 72 1086198.51 78585.36
V 80 1086198.36 78585.46
V 88 1086198.19 78585.53
V 96 1086198.02 78585.59
V 104 1086197.92 78585.61
V 112 1086197.92 78607.78
V 120 1086197.72 78608.53
V 128 1086197.17 78609.08
V 136 1086196.42 78609.28
V 144 1086100.89 78609.28
V 152 1086095.27 78609.83
V 160 1086094.97 78606.85
V 168 1086100.62 78606.30
V 176 1086100.65 78606.29
V 184 1086100.75 78606.28
V 192 1086194.92 78606.28
V 200 1086194.92 78584.13
V 208 1086194.93 78583.95
V 216 1086194.96 78583.77
V 224 1086195.02 78583.60
V 232 1086195.09 78583.43
V 240 1086195.19 78583.28
V 248 1086195.30 78583.14
V 256 1086195.43 78583.01
V 264 1086195.57 78582.90
V 272 1086195.72 78582.80
V 280 1086195.89 78582.73
V 288 1086196.06 78582.67
V 296 1086196.16 78582.65
V 304 1086196.16 78486.12
V 312 1086196.36 78485.37
V 320 1086196.91 78484.82
V 328 1086197.66 78484.62
V 336 1086263.36 78484.62
V 344 1086263.36 78487.62
