V 0 1085836.72 -8813.88
V 8 1085831.59 -8757.43
V 16 1085831.59 -8757.37
V 24 1085831.58 -8757.26
V 32 1085825.52 -8711.90
V 40 1085825.51 -8711.87
V 48 1085823.40 -8693.71
V 56 1085823.15 -8693.03
V 64 1085822.61 -8692.55
V 72 1085821.91 -8692.38
V 80 1085735.66 -8692.38
V 88 1085735.66 -8695.38
V 96 1085820.57 -8695.38
V 104 1085822.53 -8712.19
V 112 1085822.54 -8712.30
V 120 1085828.60 -8757.66
V 128 1085833.86 -8815.52
V 136 1085834.10 -8816.21
V 144 1085834.64 -8816.70
V 152 1085835.35 -8816.88
V 160 1085839.86 -8816.88
V 168 1085839.86 -8813.88
