V 0 1086849.87 -65441.88
V 8 1086827.98 -65384.86
V 16 1086827.96 -65384.82
V 24 1086827.96 -65384.80
V 32 1086809.25 -65341.11
V 40 1086809.23 -65341.06
V 48 1086809.21 -65341.04
V 56 1086799.87 -65318.65
V 64 1086799.55 -65318.17
V 72 1086799.06 -65317.84
V 80 1086798.49 -65317.73
V 88 1086684.54 -65317.73
V 96 1086684.44 -65317.74
V 104 1086684.17 -65317.80
V 112 1086684.14 -65317.81
V 120 1086678.69 -65319.38
V 128 1086679.51 -65322.26
V 136 1086684.83 -65320.73
V 144 1086797.49 -65320.73
V 152 1086806.49 -65342.29
V 160 1086806.51 -65342.33
V 168 1086806.51 -65342.35
V 176 1086825.21 -65386.02
V 184 1086847.44 -65443.92
V 192 1086847.76 -65444.42
V 200 1086848.25 -65444.76
V 208 1086848.84 -65444.88
V 216 1086868.36 -65444.88
V 224 1086868.36 -65441.88
