V 0 1085836.67 12304.05
V 8 1085831.49 12342.84
V 16 1085831.48 12342.87
V 24 1085826.35 12387.03
V 32 1085826.34 12387.13
V 40 1085826.30 12387.34
V 48 1085825.42 12390.52
V 56 1085825.12 12391.09
V 64 1085824.60 12391.48
V 72 1085823.97 12391.62
V 80 1085735.66 12391.62
V 88 1085735.66 12388.62
V 96 1085822.82 12388.62
V 104 1085823.37 12386.65
V 112 1085828.50 12342.55
V 120 1085828.51 12342.44
V 128 1085833.86 12302.35
V 136 1085834.12 12301.69
V 144 1085834.66 12301.22
V 152 1085835.35 12301.05
V 160 1085839.86 12301.05
V 168 1085839.86 12304.05
