V 0 1085836.72 26578.62
V 8 1085831.59 26635.07
V 16 1085831.59 26635.13
V 24 1085831.58 26635.24
V 32 1085825.52 26680.60
V 40 1085825.51 26680.63
V 48 1085823.40 26698.79
V 56 1085823.15 26699.47
V 64 1085822.61 26699.95
V 72 1085821.91 26700.12
V 80 1085735.66 26700.12
V 88 1085735.66 26697.12
V 96 1085820.57 26697.12
V 104 1085822.53 26680.31
V 112 1085822.54 26680.20
V 120 1085828.60 26634.84
V 128 1085833.86 26576.98
V 136 1085834.10 26576.29
V 144 1085834.64 26575.80
V 152 1085835.35 26575.62
V 160 1085839.86 26575.62
V 168 1085839.86 26578.62
