V 0 -464585.00 -157719.35
V 8 -464585.00 -157730.78
V 16 -464771.09 -157762.38
V 24 -465003.26 -157801.80
V 32 -465003.52 -157801.85
V 40 -465932.60 -157959.61
V 48 -467412.13 -158210.83
V 56 -469892.79 -158632.06
V 64 -469974.41 -158645.91
V 72 -472967.75 -159154.19
V 80 -474481.89 -159411.30
V 88 -476764.31 -159798.85
V 96 -477083.40 -159853.04
V 104 -477083.42 -159853.04
V 112 -477083.60 -159853.07
V 120 -477083.64 -159853.08
V 128 -478012.30 -160010.77
V 136 -478940.42 -160168.36
V 144 -478941.92 -160168.62
V 152 -481297.40 -160568.58
V 160 -481980.89 -160684.64
V 168 -482830.19 -160828.85
V 176 -485585.99 -161296.79
V 184 -485779.03 -161329.57
V 192 -493575.75 -162653.47
V 200 -493575.83 -162653.48
V 208 -493576.86 -162653.66
V 216 -493576.90 -162653.67
V 224 -497755.88 -163363.26
V 232 -497782.08 -163367.71
V 240 -499150.76 -163600.12
V 248 -499150.83 -163600.13
V 256 -499151.53 -163600.25
V 264 -499151.60 -163600.27
V 272 -513094.40 -165967.78
V 280 -513098.60 -165968.49
V 288 -522149.71 -167505.39
V 296 -526794.90 -168294.16
V 304 -526796.07 -168294.35
V 312 -532138.54 -169201.51
V 320 -532139.10 -169201.61
V 328 -552348.98 -172633.29
V 336 -552349.53 -172633.38
V 344 -552349.62 -172633.40
V 352 -554978.57 -173079.80
V 360 -555469.15 -173163.10
V 368 -563031.16 -174447.15
V 376 -563031.18 -174447.15
V 384 -563036.17 -174448.00
V 392 -563036.19 -174448.01
V 400 -564268.79 -174657.30
V 408 -564275.40 -174660.11
V 416 -564280.04 -174665.59
V 424 -564281.70 -174672.58
V 432 -564281.70 -174743.45
V 440 -564290.96 -174743.45
V 448 -564292.07 -174743.49
V 456 -564293.17 -174743.61
V 464 -564294.25 -174743.80
V 472 -564295.33 -174744.08
V 480 -564296.38 -174744.43
V 488 -564297.40 -174744.85
V 496 -564298.39 -174745.35
V 504 -564299.34 -174745.91
V 512 -564300.25 -174746.54
V 520 -564301.11 -174747.24
V 528 -564301.92 -174747.99
V 536 -564302.67 -174748.80
V 544 -564303.37 -174749.66
V 552 -564304.00 -174750.57
V 560 -564304.56 -174751.52
V 568 -564305.06 -174752.51
V 576 -564305.48 -174753.53
V 584 -564305.83 -174754.58
V 592 -564306.11 -174755.66
V 600 -564306.30 -174756.74
V 608 -564306.42 -174757.84
V 616 -564306.46 -174758.95
V 624 -564306.46 -174829.95
V 632 -564304.38 -174837.70
V 640 -564298.71 -174843.37
V 648 -564290.96 -174845.45
V 656 -564224.20 -174845.45
V 664 -564224.20 -174885.45
V 672 -564323.70 -174885.45
V 680 -564331.45 -174887.53
V 688 -564337.12 -174893.20
V 696 -564339.20 -174900.95
V 704 -564339.20 -174971.95
V 712 -564337.12 -174979.70
V 720 -564331.45 -174985.37
V 728 -564323.70 -174987.45
V 736 -564224.20 -174987.45
V 744 -564224.20 -175027.45
V 752 -564323.70 -175027.45
V 760 -564331.45 -175029.53
V 768 -564337.12 -175035.20
V 776 -564339.20 -175042.95
V 784 -564339.20 -175113.95
V 792 -564337.12 -175121.70
V 800 -564331.45 -175127.37
V 808 -564323.70 -175129.45
V 816 -564224.20 -175129.45
V 824 -564224.20 -175169.45
V 832 -564323.70 -175169.45
V 840 -564331.45 -175171.53
V 848 -564337.12 -175177.20
V 856 -564339.20 -175184.95
V 864 -564339.20 -175255.95
V 872 -564337.12 -175263.70
V 880 -564331.45 -175269.37
V 888 -564323.70 -175271.45
V 896 -564224.20 -175271.45
V 904 -564224.20 -175311.45
V 912 -564323.70 -175311.45
V 920 -564331.45 -175313.53
V 928 -564337.12 -175319.20
V 936 -564339.20 -175326.95
V 944 -564339.20 -175397.95
V 952 -564337.12 -175405.70
V 960 -564331.45 -175411.37
V 968 -564323.70 -175413.45
V 976 -564224.20 -175413.45
V 984 -564224.20 -175453.45
V 992 -564323.70 -175453.45
V 1000 -564331.45 -175455.53
V 1008 -564337.12 -175461.20
V 1016 -564339.20 -175468.95
V 1024 -564339.20 -175539.95
V 1032 -564337.12 -175547.70
V 1040 -564331.45 -175553.37
V 1048 -564323.70 -175555.45
V 1056 -564224.20 -175555.45
V 1064 -564224.20 -175595.45
V 1072 -564323.70 -175595.45
V 1080 -564331.45 -175597.53
V 1088 -564337.12 -175603.20
V 1096 -564339.20 -175610.95
V 1104 -564339.20 -175681.95
V 1112 -564337.12 -175689.70
V 1120 -564331.45 -175695.37
V 1128 -564323.70 -175697.45
V 1136 -564224.20 -175697.45
V 1144 -564224.20 -175737.45
V 1152 -564323.70 -175737.45
V 1160 -564331.45 -175739.53
V 1168 -564337.12 -175745.20
V 1176 -564339.20 -175752.95
V 1184 -564339.20 -175823.95
V 1192 -564337.12 -175831.70
V 1200 -564331.45 -175837.37
V 1208 -564323.70 -175839.45
V 1216 -564224.20 -175839.45
V 1224 -564224.20 -175879.45
V 1232 -564323.70 -175879.45
V 1240 -564331.45 -175881.53
V 1248 -564337.12 -175887.20
V 1256 -564339.20 -175894.95
V 1264 -564339.20 -175965.95
V 1272 -564337.12 -175973.70
V 1280 -564331.45 -175979.37
V 1288 -564323.70 -175981.45
V 1296 -564224.20 -175981.45
V 1304 -564224.20 -176021.45
V 1312 -564323.70 -176021.45
V 1320 -564331.45 -176023.53
V 1328 -564337.12 -176029.20
V 1336 -564339.20 -176036.95
V 1344 -564339.20 -176107.95
V 1352 -564337.12 -176115.70
V 1360 -564331.45 -176121.37
V 1368 -564323.70 -176123.45
V 1376 -564224.20 -176123.45
V 1384 -564224.20 -176163.45
V 1392 -564323.70 -176163.45
V 1400 -564331.45 -176165.53
V 1408 -564337.12 -176171.20
V 1416 -564339.20 -176178.95
V 1424 -564339.20 -176249.95
V 1432 -564337.12 -176257.70
V 1440 -564331.45 -176263.37
V 1448 -564323.70 -176265.45
V 1456 -564224.20 -176265.45
V 1464 -564224.20 -176305.45
V 1472 -564323.70 -176305.45
V 1480 -564331.45 -176307.53
V 1488 -564337.12 -176313.20
V 1496 -564339.20 -176320.95
V 1504 -564339.20 -176391.95
V 1512 -564337.12 -176399.70
V 1520 -564331.45 -176405.37
V 1528 -564323.70 -176407.45
V 1536 -564224.20 -176407.45
V 1544 -564224.20 -176447.45
V 1552 -564323.70 -176447.45
V 1560 -564331.45 -176449.53
V 1568 -564337.12 -176455.20
V 1576 -564339.20 -176462.95
V 1584 -564339.20 -176533.95
V 1592 -564337.12 -176541.70
V 1600 -564331.45 -176547.37
V 1608 -564323.70 -176549.45
V 1616 -564224.20 -176549.45
V 1624 -564224.20 -176589.45
V 1632 -564323.70 -176589.45
V 1640 -564331.45 -176591.53
V 1648 -564337.12 -176597.20
V 1656 -564339.20 -176604.95
V 1664 -564339.20 -176675.95
V 1672 -564337.12 -176683.70
V 1680 -564331.45 -176689.37
V 1688 -564323.70 -176691.45
V 1696 -564224.20 -176691.45
V 1704 -564224.20 -176731.45
V 1712 -564323.70 -176731.45
V 1720 -564331.45 -176733.53
V 1728 -564337.12 -176739.20
V 1736 -564339.20 -176746.95
V 1744 -564339.20 -176817.95
V 1752 -564337.12 -176825.70
V 1760 -564331.45 -176831.37
V 1768 -564323.70 -176833.45
V 1776 -564224.20 -176833.45
V 1784 -564224.20 -176873.45
V 1792 -564323.70 -176873.45
V 1800 -564331.45 -176875.53
V 1808 -564337.12 -176881.20
V 1816 -564339.20 -176888.95
V 1824 -564339.20 -176959.95
V 1832 -564337.12 -176967.70
V 1840 -564331.45 -176973.37
V 1848 -564323.70 -176975.45
V 1856 -564224.20 -176975.45
V 1864 -564224.20 -177015.45
V 1872 -564323.70 -177015.45
V 1880 -564331.45 -177017.53
V 1888 -564337.12 -177023.20
V 1896 -564339.20 -177030.95
V 1904 -564339.20 -177101.95
V 1912 -564337.12 -177109.70
V 1920 -564331.45 -177115.37
V 1928 -564323.70 -177117.45
V 1936 -564224.20 -177117.45
V 1944 -564224.20 -177157.45
V 1952 -564323.70 -177157.45
V 1960 -564331.45 -177159.53
V 1968 -564337.12 -177165.20
V 1976 -564339.20 -177172.95
V 1984 -564339.20 -177243.95
V 1992 -564337.12 -177251.70
V 2000 -564331.45 -177257.37
V 2008 -564323.70 -177259.45
V 2016 -564224.20 -177259.45
V 2024 -564224.20 -177299.45
V 2032 -564323.70 -177299.45
V 2040 -564331.45 -177301.53
V 2048 -564337.12 -177307.20
V 2056 -564339.20 -177314.95
V 2064 -564339.20 -177385.95
V 2072 -564337.12 -177393.70
V 2080 -564331.45 -177399.37
V 2088 -564323.70 -177401.45
V 2096 -564224.20 -177401.45
V 2104 -564224.20 -177441.45
V 2112 -564323.70 -177441.45
V 2120 -564331.45 -177443.53
V 2128 -564337.12 -177449.20
V 2136 -564339.20 -177456.95
V 2144 -564339.20 -177527.95
V 2152 -564337.12 -177535.70
V 2160 -564331.45 -177541.37
V 2168 -564323.70 -177543.45
V 2176 -564224.20 -177543.45
V 2184 -564224.20 -177583.45
V 2192 -564323.70 -177583.45
V 2200 -564331.45 -177585.53
V 2208 -564337.12 -177591.20
V 2216 -564339.20 -177598.95
V 2224 -564339.20 -177669.95
V 2232 -564337.12 -177677.70
V 2240 -564331.45 -177683.37
V 2248 -564323.70 -177685.45
V 2256 -564224.20 -177685.45
V 2264 -564224.20 -177725.45
V 2272 -564323.70 -177725.45
V 2280 -564331.45 -177727.53
V 2288 -564337.12 -177733.20
V 2296 -564339.20 -177740.95
V 2304 -564339.20 -177811.95
V 2312 -564337.12 -177819.70
V 2320 -564331.45 -177825.37
V 2328 -564323.70 -177827.45
V 2336 -564224.20 -177827.45
V 2344 -564224.20 -177867.45
V 2352 -564323.70 -177867.45
V 2360 -564331.45 -177869.53
V 2368 -564337.12 -177875.20
V 2376 -564339.20 -177882.95
V 2384 -564339.20 -177953.95
V 2392 -564337.12 -177961.70
V 2400 -564331.45 -177967.37
V 2408 -564323.70 -177969.45
V 2416 -564224.20 -177969.45
V 2424 -564224.20 -178009.45
V 2432 -564323.70 -178009.45
V 2440 -564331.45 -178011.53
V 2448 -564337.12 -178017.20
V 2456 -564339.20 -178024.95
V 2464 -564339.20 -178095.95
V 2472 -564337.12 -178103.70
V 2480 -564331.45 -178109.37
V 2488 -564323.70 -178111.45
V 2496 -564224.20 -178111.45
V 2504 -564224.20 -178151.45
V 2512 -564323.70 -178151.45
V 2520 -564331.45 -178153.53
V 2528 -564337.12 -178159.20
V 2536 -564339.20 -178166.95
V 2544 -564339.20 -178237.95
V 2552 -564337.12 -178245.70
V 2560 -564331.45 -178251.37
V 2568 -564323.70 -178253.45
V 2576 -564224.20 -178253.45
V 2584 -564224.20 -178293.45
V 2592 -564323.70 -178293.45
V 2600 -564331.45 -178295.53
V 2608 -564337.12 -178301.20
V 2616 -564339.20 -178308.95
V 2624 -564339.20 -178379.95
V 2632 -564337.12 -178387.70
V 2640 -564331.45 -178393.37
V 2648 -564323.70 -178395.45
V 2656 -564281.70 -178395.45
V 2664 -564281.70 -178404.45
V 2672 -564250.70 -178404.45
V 2680 -564250.70 -178379.95
V 2688 -564250.74 -178378.84
V 2696 -564250.86 -178377.74
V 2704 -564251.05 -178376.66
V 2712 -564251.33 -178375.58
V 2720 -564251.68 -178374.53
V 2728 -564252.10 -178373.51
V 2736 -564252.60 -178372.52
V 2744 -564253.16 -178371.57
V 2752 -564253.79 -178370.66
V 2760 -564254.49 -178369.80
V 2768 -564255.24 -178368.99
V 2776 -564256.05 -178368.24
V 2784 -564256.91 -178367.54
V 2792 -564257.82 -178366.91
V 2800 -564258.77 -178366.35
V 2808 -564259.76 -178365.85
V 2816 -564260.78 -178365.43
V 2824 -564261.83 -178365.08
V 2832 -564262.91 -178364.80
V 2840 -564263.99 -178364.61
V 2848 -564265.09 -178364.49
V 2856 -564266.20 -178364.45
V 2864 -564308.20 -178364.45
V 2872 -564308.20 -178324.45
V 2880 -564208.70 -178324.45
V 2888 -564200.95 -178322.37
V 2896 -564195.28 -178316.70
V 2904 -564193.20 -178308.95
V 2912 -564193.20 -178237.95
V 2920 -564195.28 -178230.20
V 2928 -564200.95 -178224.53
V 2936 -564208.70 -178222.45
V 2944 -564308.20 -178222.45
V 2952 -564308.20 -178182.45
V 2960 -564208.70 -178182.45
V 2968 -564200.95 -178180.37
V 2976 -564195.28 -178174.70
V 2984 -564193.20 -178166.95
V 2992 -564193.20 -178095.95
V 3000 -564195.28 -178088.20
V 3008 -564200.95 -178082.53
V 3016 -564208.70 -178080.45
V 3024 -564308.20 -178080.45
V 3032 -564308.20 -178040.45
V 3040 -564208.70 -178040.45
V 3048 -564200.95 -178038.37
V 3056 -564195.28 -178032.70
V 3064 -564193.20 -178024.95
V 3072 -564193.20 -177953.95
V 3080 -564195.28 -177946.20
V 3088 -564200.95 -177940.53
V 3096 -564208.70 -177938.45
V 3104 -564308.20 -177938.45
V 3112 -564308.20 -177898.45
V 3120 -564208.70 -177898.45
V 3128 -564200.95 -177896.37
V 3136 -564195.28 -177890.70
V 3144 -564193.20 -177882.95
V 3152 -564193.20 -177811.95
V 3160 -564195.28 -177804.20
V 3168 -564200.95 -177798.53
V 3176 -564208.70 -177796.45
V 3184 -564308.20 -177796.45
V 3192 -564308.20 -177756.45
V 3200 -564208.70 -177756.45
V 3208 -564200.95 -177754.37
V 3216 -564195.28 -177748.70
V 3224 -564193.20 -177740.95
V 3232 -564193.20 -177669.95
V 3240 -564195.28 -177662.20
V 3248 -564200.95 -177656.53
V 3256 -564208.70 -177654.45
V 3264 -564308.20 -177654.45
V 3272 -564308.20 -177614.45
V 3280 -564208.70 -177614.45
V 3288 -564200.95 -177612.37
V 3296 -564195.28 -177606.70
V 3304 -564193.20 -177598.95
V 3312 -564193.20 -177527.95
V 3320 -564195.28 -177520.20
V 3328 -564200.95 -177514.53
V 3336 -564208.70 -177512.45
V 3344 -564308.20 -177512.45
V 3352 -564308.20 -177472.45
V 3360 -564208.70 -177472.45
V 3368 -564200.95 -177470.37
V 3376 -564195.28 -177464.70
V 3384 -564193.20 -177456.95
V 3392 -564193.20 -177385.95
V 3400 -564195.28 -177378.20
V 3408 -564200.95 -177372.53
V 3416 -564208.70 -177370.45
V 3424 -564308.20 -177370.45
V 3432 -564308.20 -177330.45
V 3440 -564208.70 -177330.45
V 3448 -564200.95 -177328.37
V 3456 -564195.28 -177322.70
V 3464 -564193.20 -177314.95
V 3472 -564193.20 -177243.95
V 3480 -564195.28 -177236.20
V 3488 -564200.95 -177230.53
V 3496 -564208.70 -177228.45
V 3504 -564308.20 -177228.45
V 3512 -564308.20 -177188.45
V 3520 -564208.70 -177188.45
V 3528 -564200.95 -177186.37
V 3536 -564195.28 -177180.70
V 3544 -564193.20 -177172.95
V 3552 -564193.20 -177101.95
V 3560 -564195.28 -177094.20
V 3568 -564200.95 -177088.53
V 3576 -564208.70 -177086.45
V 3584 -564308.20 -177086.45
V 3592 -564308.20 -177046.45
V 3600 -564208.70 -177046.45
V 3608 -564200.95 -177044.37
V 3616 -564195.28 -177038.70
V 3624 -564193.20 -177030.95
V 3632 -564193.20 -176959.95
V 3640 -564195.28 -176952.20
V 3648 -564200.95 -176946.53
V 3656 -564208.70 -176944.45
V 3664 -564308.20 -176944.45
V 3672 -564308.20 -176904.45
V 3680 -564208.70 -176904.45
V 3688 -564200.95 -176902.37
V 3696 -564195.28 -176896.70
V 3704 -564193.20 -176888.95
V 3712 -564193.20 -176817.95
V 3720 -564195.28 -176810.20
V 3728 -564200.95 -176804.53
V 3736 -564208.70 -176802.45
V 3744 -564308.20 -176802.45
V 3752 -564308.20 -176762.45
V 3760 -564208.70 -176762.45
V 3768 -564200.95 -176760.37
V 3776 -564195.28 -176754.70
V 3784 -564193.20 -176746.95
V 3792 -564193.20 -176675.95
V 3800 -564195.28 -176668.20
V 3808 -564200.95 -176662.53
V 3816 -564208.70 -176660.45
V 3824 -564308.20 -176660.45
V 3832 -564308.20 -176620.45
V 3840 -564208.70 -176620.45
V 3848 -564200.95 -176618.37
V 3856 -564195.28 -176612.70
V 3864 -564193.20 -176604.95
V 3872 -564193.20 -176533.95
V 3880 -564195.28 -176526.20
V 3888 -564200.95 -176520.53
V 3896 -564208.70 -176518.45
V 3904 -564308.20 -176518.45
V 3912 -564308.20 -176478.45
V 3920 -564208.70 -176478.45
V 3928 -564200.95 -176476.37
V 3936 -564195.28 -176470.70
V 3944 -564193.20 -176462.95
V 3952 -564193.20 -176391.95
V 3960 -564195.28 -176384.20
V 3968 -564200.95 -176378.53
V 3976 -564208.70 -176376.45
V 3984 -564308.20 -176376.45
V 3992 -564308.20 -176336.45
V 4000 -564208.70 -176336.45
V 4008 -564200.95 -176334.37
V 4016 -564195.28 -176328.70
V 4024 -564193.20 -176320.95
V 4032 -564193.20 -176249.95
V 4040 -564195.28 -176242.20
V 4048 -564200.95 -176236.53
V 4056 -564208.70 -176234.45
V 4064 -564308.20 -176234.45
V 4072 -564308.20 -176194.45
V 4080 -564208.70 -176194.45
V 4088 -564200.95 -176192.37
V 4096 -564195.28 -176186.70
V 4104 -564193.20 -176178.95
V 4112 -564193.20 -176107.95
V 4120 -564195.28 -176100.20
V 4128 -564200.95 -176094.53
V 4136 -564208.70 -176092.45
V 4144 -564308.20 -176092.45
V 4152 -564308.20 -176052.45
V 4160 -564208.70 -176052.45
V 4168 -564200.95 -176050.37
V 4176 -564195.28 -176044.70
V 4184 -564193.20 -176036.95
V 4192 -564193.20 -175965.95
V 4200 -564195.28 -175958.20
V 4208 -564200.95 -175952.53
V 4216 -564208.70 -175950.45
V 4224 -564308.20 -175950.45
V 4232 -564308.20 -175910.45
V 4240 -564208.70 -175910.45
V 4248 -564200.95 -175908.37
V 4256 -564195.28 -175902.70
V 4264 -564193.20 -175894.95
V 4272 -564193.20 -175823.95
V 4280 -564195.28 -175816.20
V 4288 -564200.95 -175810.53
V 4296 -564208.70 -175808.45
V 4304 -564308.20 -175808.45
V 4312 -564308.20 -175768.45
V 4320 -564208.70 -175768.45
V 4328 -564200.95 -175766.37
V 4336 -564195.28 -175760.70
V 4344 -564193.20 -175752.95
V 4352 -564193.20 -175681.95
V 4360 -564195.28 -175674.20
V 4368 -564200.95 -175668.53
V 4376 -564208.70 -175666.45
V 4384 -564308.20 -175666.45
V 4392 -564308.20 -175626.45
V 4400 -564208.70 -175626.45
V 4408 -564200.95 -175624.37
V 4416 -564195.28 -175618.70
V 4424 -564193.20 -175610.95
V 4432 -564193.20 -175539.95
V 4440 -564195.28 -175532.20
V 4448 -564200.95 -175526.53
V 4456 -564208.70 -175524.45
V 4464 -564308.20 -175524.45
V 4472 -564308.20 -175484.45
V 4480 -564208.70 -175484.45
V 4488 -564200.95 -175482.37
V 4496 -564195.28 -175476.70
V 4504 -564193.20 -175468.95
V 4512 -564193.20 -175397.95
V 4520 -564195.28 -175390.20
V 4528 -564200.95 -175384.53
V 4536 -564208.70 -175382.45
V 4544 -564308.20 -175382.45
V 4552 -564308.20 -175342.45
V 4560 -564208.70 -175342.45
V 4568 -564200.95 -175340.37
V 4576 -564195.28 -175334.70
V 4584 -564193.20 -175326.95
V 4592 -564193.20 -175255.95
V 4600 -564195.28 -175248.20
V 4608 -564200.95 -175242.53
V 4616 -564208.70 -175240.45
V 4624 -564308.20 -175240.45
V 4632 -564308.20 -175200.45
V 4640 -564208.70 -175200.45
V 4648 -564200.95 -175198.37
V 4656 -564195.28 -175192.70
V 4664 -564193.20 -175184.95
V 4672 -564193.20 -175113.95
V 4680 -564195.28 -175106.20
V 4688 -564200.95 -175100.53
V 4696 -564208.70 -175098.45
V 4704 -564308.20 -175098.45
V 4712 -564308.20 -175058.45
V 4720 -564208.70 -175058.45
V 4728 -564200.95 -175056.37
V 4736 -564195.28 -175050.70
V 4744 -564193.20 -175042.95
V 4752 -564193.20 -174971.95
V 4760 -564195.28 -174964.20
V 4768 -564200.95 -174958.53
V 4776 -564208.70 -174956.45
V 4784 -564308.20 -174956.45
V 4792 -564308.20 -174916.45
V 4800 -564208.70 -174916.45
V 4808 -564200.95 -174914.37
V 4816 -564195.28 -174908.70
V 4824 -564193.20 -174900.95
V 4832 -564193.20 -174829.95
V 4840 -564195.28 -174822.20
V 4848 -564200.95 -174816.53
V 4856 -564208.70 -174814.45
V 4864 -564275.46 -174814.45
V 4872 -564275.46 -174774.45
V 4880 -564266.20 -174774.45
V 4888 -564265.09 -174774.41
V 4896 -564263.99 -174774.29
V 4904 -564262.91 -174774.10
V 4912 -564261.83 -174773.82
V 4920 -564260.78 -174773.47
V 4928 -564259.76 -174773.05
V 4936 -564258.77 -174772.55
V 4944 -564257.82 -174771.99
V 4952 -564256.91 -174771.36
V 4960 -564256.05 -174770.66
V 4968 -564255.24 -174769.91
V 4976 -564254.49 -174769.10
V 4984 -564253.79 -174768.24
V 4992 -564253.16 -174767.33
V 5000 -564252.60 -174766.38
V 5008 -564252.10 -174765.39
V 5016 -564251.68 -174764.37
V 5024 -564251.33 -174763.32
V 5032 -564251.05 -174762.24
V 5040 -564250.86 -174761.16
V 5048 -564250.74 -174760.06
V 5056 -564250.70 -174758.95
V 5064 -564250.70 -174685.67
V 5072 -563030.99 -174478.56
V 5080 -563030.97 -174478.56
V 5088 -563025.98 -174477.71
V 5096 -563025.96 -174477.70
V 5104 -555463.97 -173193.66
V 5112 -552344.53 -172663.98
V 5120 -552344.04 -172663.90
V 5128 -552343.95 -172663.88
V 5136 -532133.55 -169232.11
V 5144 -532132.99 -169232.01
V 5152 -526790.97 -168324.92
V 5160 -526789.74 -168324.72
V 5168 -522144.53 -167535.95
V 5176 -513093.42 -165999.05
V 5184 -513089.22 -165998.34
V 5192 -499146.36 -163630.82
V 5200 -499146.29 -163630.81
V 5208 -499145.59 -163630.69
V 5216 -499145.52 -163630.67
V 5224 -497776.88 -163398.27
V 5232 -497750.68 -163393.82
V 5240 -493571.60 -162684.21
V 5248 -493571.52 -162684.20
V 5256 -493570.49 -162684.02
V 5264 -493570.45 -162684.01
V 5272 -485773.85 -161360.13
V 5280 -485580.81 -161327.35
V 5288 -482825.01 -160859.41
V 5296 -481975.71 -160715.20
V 5304 -481292.22 -160599.14
V 5312 -478936.62 -160199.16
V 5320 -478935.18 -160198.91
V 5328 -478007.12 -160041.33
V 5336 -477078.54 -159883.65
V 5344 -477078.50 -159883.65
V 5352 -477078.32 -159883.62
V 5360 -477078.27 -159883.61
V 5368 -476759.11 -159829.41
V 5376 -474476.71 -159441.86
V 5384 -472962.57 -159184.75
V 5392 -469969.23 -158676.47
V 5400 -469887.61 -158662.62
V 5408 -467404.52 -158240.98
V 5416 -464998.09 -157832.37
V 5424 -464997.83 -157832.32
V 5432 -464566.91 -157759.15
V 5440 -464565.84 -157758.93
V 5448 -464564.80 -157758.64
V 5456 -464563.77 -157758.27
V 5464 -464562.78 -157757.84
V 5472 -464561.82 -157757.33
V 5480 -464560.89 -157756.76
V 5488 -464560.01 -157756.13
V 5496 -464559.17 -157755.43
V 5504 -464558.39 -157754.68
V 5512 -464557.66 -157753.87
V 5520 -464556.99 -157753.02
V 5528 -464556.38 -157752.12
V 5536 -464555.83 -157751.18
V 5544 -464555.35 -157750.20
V 5552 -464554.94 -157749.20
V 5560 -464554.61 -157748.16
V 5568 -464554.34 -157747.11
V 5576 -464554.15 -157746.04
V 5584 -464554.04 -157744.96
V 5592 -464554.00 -157743.87
V 5600 -464554.00 -157719.35
