V 0 1085836.69 69522.64
V 8 1085832.26 69560.68
V 16 1085832.25 69560.78
V 24 1085832.21 69560.99
V 32 1085825.39 69585.86
V 40 1085824.77 69592.76
V 48 1085824.53 69593.45
V 56 1085823.99 69593.94
V 64 1085823.28 69594.12
V 72 1085735.66 69594.12
V 80 1085735.66 69591.12
V 88 1085821.91 69591.12
V 96 1085822.42 69585.52
V 104 1085822.42 69585.46
V 112 1085822.43 69585.36
V 120 1085822.46 69585.25
V 128 1085822.47 69585.15
V 136 1085829.28 69560.30
V 144 1085833.86 69520.97
V 152 1085834.11 69520.29
V 160 1085834.65 69519.81
V 168 1085835.35 69519.64
V 176 1085839.86 69519.64
V 184 1085839.86 69522.64
