V 0 1085836.69 40482.64
V 8 1085832.26 40520.68
V 16 1085832.25 40520.78
V 24 1085832.21 40520.99
V 32 1085825.39 40545.86
V 40 1085824.77 40552.76
V 48 1085824.53 40553.45
V 56 1085823.99 40553.94
V 64 1085823.28 40554.12
V 72 1085735.66 40554.12
V 80 1085735.66 40551.12
V 88 1085821.91 40551.12
V 96 1085822.42 40545.52
V 104 1085822.42 40545.46
V 112 1085822.43 40545.36
V 120 1085822.46 40545.25
V 128 1085822.47 40545.15
V 136 1085829.28 40520.30
V 144 1085833.86 40480.97
V 152 1085834.11 40480.29
V 160 1085834.65 40479.81
V 168 1085835.35 40479.64
V 176 1085839.86 40479.64
V 184 1085839.86 40482.64
