V 0 1085836.50 17296.09
V 8 1085831.33 17314.93
V 16 1085828.08 17350.76
V 24 1085827.84 17351.45
V 32 1085827.30 17351.94
V 40 1085826.59 17352.12
V 48 1085735.66 17352.12
V 56 1085735.66 17349.12
V 64 1085825.22 17349.12
V 72 1085828.36 17314.59
V 80 1085828.36 17314.53
V 88 1085828.37 17314.43
V 96 1085828.40 17314.32
V 104 1085828.41 17314.22
V 112 1085833.90 17294.19
V 120 1085834.20 17293.62
V 128 1085834.72 17293.23
V 136 1085835.35 17293.09
V 144 1085839.86 17293.09
V 152 1085839.86 17296.09
