V 0 4118.98 -569.87
V 8 4117.24 -557.37
V 16 4112.26 -523.15
V 24 4107.06 -488.94
V 32 4101.65 -454.78
V 40 4096.00 -420.52
V 48 4090.15 -386.44
V 56 4090.13 -386.36
V 64 4090.12 -386.34
V 72 4084.10 -352.52
V 80 4084.10 -352.49
V 88 4084.08 -352.37
V 96 4084.07 -352.35
V 104 4077.82 -318.49
V 112 4077.82 -318.47
V 120 4077.80 -318.34
V 128 4071.33 -284.43
V 136 4071.32 -284.36
V 144 4064.62 -250.44
V 152 4064.61 -250.39
V 160 4057.69 -216.51
V 168 4050.58 -182.77
V 176 4043.24 -148.88
V 184 4035.67 -115.10
V 192 4035.64 -115.00
V 200 4027.93 -81.52
V 208 4027.91 -81.41
V 216 4027.89 -81.36
V 224 4019.93 -47.75
V 232 4019.92 -47.68
V 240 4019.91 -47.65
V 248 4011.76 -14.17
V 256 4011.74 -14.11
V 264 4003.34 19.42
V 272 4003.34 19.45
V 280 3994.71 53.02
V 288 3985.90 86.42
V 296 3976.88 119.79
V 304 3976.85 119.85
V 312 3967.63 153.13
V 320 3967.62 153.17
V 328 3967.59 153.26
V 336 3958.16 186.47
V 344 3958.15 186.51
V 352 3958.14 186.54
V 360 3948.50 219.65
V 368 3948.49 219.69
V 376 3938.63 252.82
V 384 3928.56 285.91
V 392 3928.53 285.99
V 400 3918.29 318.88
V 408 3918.24 319.03
V 416 3907.77 351.90
V 424 3907.77 351.93
V 432 3897.09 384.74
V 440 3886.19 417.60
V 448 3875.04 450.50
V 456 3875.03 450.52
V 464 3863.73 483.12
V 472 3863.69 483.24
V 480 3852.21 515.72
V 488 3852.17 515.85
V 496 3840.45 548.35
V 504 3828.51 580.86
V 512 3816.35 613.29
V 520 3816.32 613.33
V 528 3804.03 645.52
V 536 3804.01 645.55
V 544 3791.51 677.70
V 552 3791.49 677.77
V 560 3778.75 709.93
V 568 3765.80 742.01
V 576 3765.77 742.07
V 584 3752.66 773.97
V 592 3752.63 774.05
V 600 3752.62 774.07
V 608 3739.30 805.92
V 616 3739.28 805.96
V 624 3725.76 837.74
V 632 3725.74 837.79
V 640 3711.98 869.55
V 648 3698.01 901.24
V 656 3697.98 901.29
V 664 3697.97 901.33
V 672 3683.86 932.77
V 680 3683.81 932.87
V 688 3683.80 932.90
V 696 3669.53 964.21
V 704 3669.51 964.26
V 712 3654.98 995.62
V 720 3654.95 995.68
V 728 3576.50 1162.30
V 736 3576.47 1162.36
V 744 3576.45 1162.41
V 752 3576.42 1162.45
V 760 3439.27 1404.44
V 768 3439.26 1404.47
V 776 3439.24 1404.50
V 784 3439.23 1404.52
V 792 3328.04 1581.94
V 800 3328.00 1582.00
V 808 3202.21 1766.88
V 816 3202.19 1766.91
V 824 3202.15 1766.95
V 832 3074.53 1939.00
V 840 3074.52 1939.02
V 848 3074.50 1939.05
V 856 2946.29 2098.43
V 864 2946.26 2098.46
V 872 2773.37 2292.69
V 880 2773.33 2292.73
V 888 2773.32 2292.75
V 896 2692.22 2381.18
V 904 2625.71 2445.80
V 912 2500.97 2566.77
V 920 2500.94 2566.79
V 928 2500.91 2566.82
V 936 2500.88 2566.84
V 944 2373.39 2682.60
V 952 2373.36 2682.63
V 960 2021.46 2972.11
V 968 2021.44 2972.12
V 976 1935.92 3035.77
V 984 1935.86 3035.82
V 992 1682.28 3202.29
V 1000 1682.26 3202.30
V 1008 1682.21 3202.33
V 1016 1682.18 3202.34
V 1024 1619.61 3240.77
V 1032 1619.59 3240.78
V 1040 1619.54 3240.81
V 1048 1619.48 3240.85
V 1056 1619.45 3240.86
V 1064 1554.29 3277.32
V 1072 1554.25 3277.35
V 1080 1490.75 3311.77
V 1088 1427.31 3345.04
V 1096 1427.28 3345.05
V 1104 1364.05 3377.12
V 1112 1364.02 3377.14
V 1120 1363.98 3377.16
V 1128 1300.77 3408.17
V 1136 1300.70 3408.20
V 1144 1237.69 3438.08
V 1152 1237.63 3438.11
V 1160 1174.60 3466.96
V 1168 1174.55 3466.98
V 1176 1174.49 3467.00
V 1184 1111.76 3494.72
V 1192 1111.74 3494.74
V 1200 1111.69 3494.76
V 1208 1111.61 3494.80
V 1216 1048.82 3521.58
V 1224 1048.80 3521.59
V 1232 1048.72 3521.62
V 1240 986.14 3547.35
V 1248 986.08 3547.38
V 1256 923.45 3572.20
V 1264 860.94 3596.05
V 1272 860.91 3596.07
V 1280 798.48 3618.97
V 1288 798.35 3619.01
V 1296 736.15 3640.95
V 1304 736.11 3640.97
V 1312 673.86 3662.06
V 1320 611.64 3682.26
V 1328 549.73 3701.52
V 1336 549.65 3701.55
V 1344 487.70 3720.00
V 1352 487.62 3720.02
V 1360 425.89 3737.56
V 1368 425.82 3737.59
V 1376 364.05 3754.33
V 1384 302.37 3770.24
V 1392 302.34 3770.25
V 1400 240.84 3785.32
V 1408 240.81 3785.33
V 1416 240.74 3785.34
V 1424 179.38 3799.59
V 1432 179.33 3799.61
V 1440 179.30 3799.62
V 1448 117.92 3813.09
V 1456 56.68 3825.78
V 1464 56.63 3825.79
V 1472 -4.49 3837.70
V 1480 -4.62 3837.72
V 1488 -4.64 3837.72
V 1496 -65.57 3848.84
V 1504 -65.59 3848.85
V 1512 -65.67 3848.87
V 1520 -126.67 3859.28
V 1528 -187.59 3868.90
V 1536 -187.61 3868.90
V 1544 -248.42 3877.79
V 1552 -309.21 3885.93
V 1560 -309.23 3885.93
V 1568 -369.72 3893.35
V 1576 -369.75 3893.35
V 1584 -369.82 3893.36
V 1592 -369.86 3893.36
V 1600 -430.24 3900.04
V 1608 -430.28 3900.05
V 1616 -430.31 3900.06
V 1624 -490.74 3906.06
V 1632 -551.05 3911.29
V 1640 -555.14 3911.29
V 1648 -555.64 3911.16
V 1656 -556.01 3910.79
V 1664 -556.14 3910.29
V 1672 -556.14 3836.70
V 1680 -554.14 3836.70
V 1688 -554.14 3909.29
V 1696 -551.23 3909.29
V 1704 -490.94 3904.06
V 1712 -430.51 3898.06
V 1720 -430.43 3898.06
V 1728 -370.05 3891.38
V 1736 -370.01 3891.37
V 1744 -369.94 3891.36
V 1752 -369.92 3891.36
V 1760 -309.43 3883.94
V 1768 -309.40 3883.94
V 1776 -248.70 3875.81
V 1784 -187.91 3866.92
V 1792 -127.01 3857.30
V 1800 -66.01 3846.89
V 1808 -65.95 3846.89
V 1816 -5.02 3835.77
V 1824 -5.00 3835.76
V 1832 -4.94 3835.75
V 1840 56.17 3823.84
V 1848 117.46 3811.14
V 1856 117.50 3811.13
V 1864 178.87 3797.66
V 1872 178.90 3797.66
V 1880 240.26 3783.41
V 1888 240.31 3783.39
V 1896 240.34 3783.38
V 1904 301.84 3768.31
V 1912 301.87 3768.30
V 1920 363.53 3752.39
V 1928 425.29 3735.65
V 1936 425.34 3735.64
V 1944 487.07 3718.10
V 1952 487.12 3718.08
V 1960 549.06 3699.63
V 1968 549.10 3699.62
V 1976 611.01 3680.36
V 1984 673.22 3660.16
V 1992 735.46 3639.07
V 2000 735.53 3639.05
V 2008 797.76 3617.10
V 2016 860.16 3594.21
V 2024 922.68 3570.36
V 2032 922.71 3570.34
V 2040 985.34 3545.52
V 2048 985.42 3545.49
V 2056 1048.00 3519.76
V 2064 1048.08 3519.72
V 2072 1110.87 3492.94
V 2080 1110.89 3492.93
V 2088 1110.95 3492.91
V 2096 1173.68 3465.19
V 2104 1173.70 3465.17
V 2112 1173.76 3465.14
V 2120 1236.79 3436.29
V 2128 1236.84 3436.27
V 2136 1299.89 3406.37
V 2144 1363.10 3375.36
V 2152 1426.34 3343.29
V 2160 1426.37 3343.27
V 2168 1489.79 3310.01
V 2176 1553.29 3275.59
V 2184 1553.32 3275.58
V 2192 1618.48 3239.12
V 2200 1618.52 3239.09
V 2208 1618.55 3239.08
V 2216 1681.12 3200.65
V 2224 1681.14 3200.64
V 2232 1681.18 3200.61
V 2240 1934.73 3034.16
V 2248 2020.23 2970.53
V 2256 2372.08 2681.09
V 2264 2372.11 2681.07
V 2272 2499.57 2565.33
V 2280 2624.31 2444.36
V 2288 2690.75 2379.81
V 2296 2771.84 2291.39
V 2304 2944.73 2097.17
V 2312 3072.93 1937.80
V 2320 3200.55 1765.76
V 2328 3200.57 1765.73
V 2336 3326.34 1580.87
V 2344 3437.53 1403.46
V 2352 3574.68 1161.48
V 2360 3574.69 1161.45
V 2368 3653.14 994.83
V 2376 3653.16 994.78
V 2384 3667.69 963.42
V 2392 3667.71 963.39
V 2400 3667.72 963.36
V 2408 3681.99 932.05
V 2416 3682.03 931.97
V 2424 3682.04 931.93
V 2432 3696.16 900.47
V 2440 3696.17 900.44
V 2448 3710.14 868.75
V 2456 3723.90 836.99
V 2464 3737.42 805.22
V 2472 3737.44 805.18
V 2480 3750.76 773.33
V 2488 3750.80 773.25
V 2496 3763.91 741.35
V 2504 3763.94 741.27
V 2512 3776.89 709.19
V 2520 3789.63 677.03
V 2528 3789.65 677.00
V 2536 3802.15 644.85
V 2544 3802.17 644.78
V 2552 3802.19 644.75
V 2560 3814.45 612.64
V 2568 3814.47 612.58
V 2576 3826.63 580.16
V 2584 3826.64 580.13
V 2592 3838.59 547.59
V 2600 3850.32 515.07
V 2608 3861.79 482.62
V 2616 3861.84 482.47
V 2624 3873.13 449.90
V 2632 3873.15 449.83
V 2640 3884.29 416.96
V 2648 3895.17 384.18
V 2656 3905.87 351.31
V 2664 3916.34 318.44
V 2672 3916.34 318.41
V 2680 3916.38 318.28
V 2688 3926.63 285.36
V 2696 3926.64 285.32
V 2704 3936.71 252.24
V 2712 3946.57 219.11
V 2720 3956.21 186.01
V 2728 3956.24 185.92
V 2736 3965.67 152.71
V 2744 3965.68 152.67
V 2752 3965.71 152.59
V 2760 3974.93 119.31
V 2768 3974.94 119.26
V 2776 3983.96 85.90
V 2784 3992.77 52.50
V 2792 4001.40 18.95
V 2800 4001.41 18.92
V 2808 4009.81 -14.61
V 2816 4009.81 -14.64
V 2824 4009.82 -14.67
V 2832 4017.97 -48.15
V 2840 4017.98 -48.18
V 2848 4018.00 -48.23
V 2856 4025.96 -81.84
V 2864 4025.97 -81.91
V 2872 4025.99 -81.98
V 2880 4033.70 -115.46
V 2888 4033.71 -115.54
V 2896 4041.28 -149.32
V 2904 4048.62 -183.19
V 2912 4055.73 -216.93
V 2920 4055.74 -216.97
V 2928 4062.67 -250.90
V 2936 4069.37 -284.81
V 2944 4069.38 -284.88
V 2952 4075.85 -318.79
V 2960 4075.86 -318.85
V 2968 4075.87 -318.87
V 2976 4082.12 -352.73
V 2984 4082.12 -352.75
V 2992 4082.14 -352.87
V 3000 4082.15 -352.89
V 3008 4088.17 -386.71
V 3016 4088.17 -386.78
V 3024 4094.02 -420.86
V 3032 4099.67 -455.10
V 3040 4105.08 -489.26
V 3048 4110.28 -523.45
V 3056 4115.26 -557.65
V 3064 4117.12 -571.01
V 3072 4117.29 -571.45
V 3080 4117.65 -571.76
V 3088 4118.11 -571.87
V 3096 6533.31 -571.87
V 3104 6533.31 -569.87
