V 0 -405940.60 -119351.95
V 8 -405940.60 -121371.40
V 16 -406222.72 -122223.42
V 24 -406222.81 -122223.66
V 32 -406222.97 -122224.18
V 40 -406223.12 -122224.72
V 48 -406223.13 -122224.75
V 56 -406339.62 -122644.19
V 64 -406624.38 -123494.54
V 72 -406624.39 -123494.57
V 80 -406624.55 -123495.09
V 88 -406624.56 -123495.14
V 96 -406624.57 -123495.16
V 104 -406741.36 -123900.00
V 112 -407026.11 -124727.44
V 120 -407026.13 -124727.52
V 128 -407026.16 -124727.59
V 136 -407026.32 -124728.11
V 144 -407026.33 -124728.16
V 152 -407026.34 -124728.18
V 160 -407143.05 -125132.72
V 168 -407428.27 -125961.80
V 176 -407428.30 -125961.90
V 184 -407428.32 -125961.95
V 192 -407428.36 -125962.08
V 200 -407428.45 -125962.36
V 208 -407546.64 -126353.73
V 216 -407832.63 -127097.91
V 224 -407832.82 -127098.45
V 232 -407832.84 -127098.52
V 240 -407832.87 -127098.60
V 248 -407950.26 -127463.98
V 256 -408237.63 -128200.14
V 264 -408237.79 -128200.58
V 272 -408357.42 -128536.71
V 280 -408642.98 -129205.88
V 288 -408643.24 -129206.54
V 296 -408643.30 -129206.72
V 304 -408643.32 -129206.76
V 312 -408760.86 -129537.01
V 320 -409046.42 -130206.17
V 328 -409046.68 -130206.83
V 336 -409046.74 -130207.01
V 344 -409046.76 -130207.05
V 352 -409164.29 -130537.31
V 360 -409449.85 -131206.46
V 368 -409450.11 -131207.12
V 376 -409450.17 -131207.30
V 384 -409450.19 -131207.34
V 392 -409567.73 -131537.60
V 400 -409853.29 -132206.76
V 408 -409853.55 -132207.42
V 416 -409853.61 -132207.60
V 424 -409853.63 -132207.64
V 432 -409971.17 -132537.89
V 440 -410256.71 -133207.01
V 448 -410256.97 -133207.67
V 456 -410257.03 -133207.85
V 464 -410257.05 -133207.89
V 472 -410375.36 -133540.42
V 480 -410662.87 -134204.27
V 488 -410662.88 -134204.30
V 496 -410663.10 -134204.81
V 504 -410663.30 -134205.32
V 512 -410663.32 -134205.37
V 520 -410782.38 -134527.69
V 528 -411068.01 -135171.85
V 536 -411068.05 -135171.96
V 544 -411068.11 -135172.08
V 552 -411068.24 -135172.39
V 560 -411068.44 -135172.90
V 568 -411068.46 -135172.95
V 576 -411186.20 -135491.70
V 584 -411471.80 -136135.81
V 592 -411471.84 -136135.92
V 600 -411471.90 -136136.04
V 608 -411472.03 -136136.35
V 616 -411472.23 -136136.86
V 624 -411472.25 -136136.91
V 632 -411590.93 -136458.32
V 640 -411889.66 -137122.58
V 648 -412021.85 -137426.89
V 656 -412308.47 -137973.19
V 664 -412308.60 -137973.45
V 672 -412308.84 -137973.95
V 680 -412308.88 -137974.05
V 688 -412308.96 -137974.21
V 696 -412427.63 -138247.39
V 704 -412714.26 -138793.71
V 712 -412714.39 -138793.97
V 720 -412714.63 -138794.47
V 728 -412714.67 -138794.57
V 736 -412714.75 -138794.73
V 744 -412833.04 -139067.01
V 752 -413148.55 -139670.51
V 760 -413314.50 -139973.19
V 768 -413613.79 -140391.77
V 776 -413613.87 -140391.90
V 784 -413613.91 -140391.95
V 792 -413614.22 -140392.41
V 800 -413614.52 -140392.89
V 808 -413614.58 -140392.99
V 816 -413735.58 -140600.89
V 824 -414024.51 -141004.99
V 832 -414024.59 -141005.12
V 840 -414024.63 -141005.17
V 848 -414024.94 -141005.63
V 856 -414025.24 -141006.11
V 864 -414025.30 -141006.21
V 872 -414146.30 -141214.12
V 880 -414435.25 -141618.24
V 888 -414435.33 -141618.37
V 896 -414435.37 -141618.42
V 904 -414435.68 -141618.88
V 912 -414435.98 -141619.36
V 920 -414436.04 -141619.46
V 928 -414557.04 -141827.35
V 936 -414845.99 -142231.48
V 944 -414846.07 -142231.61
V 952 -414846.11 -142231.66
V 960 -414846.42 -142232.12
V 968 -414846.72 -142232.60
V 976 -414846.78 -142232.70
V 984 -414967.32 -142439.80
V 992 -415278.34 -142875.81
V 1000 -415278.43 -142875.94
V 1008 -415278.51 -142876.06
V 1016 -415278.77 -142876.44
V 1024 -415435.59 -143120.92
V 1032 -415736.43 -143483.63
V 1040 -415736.77 -143484.07
V 1048 -415737.09 -143484.52
V 1056 -415737.40 -143484.98
V 1064 -415859.64 -143668.17
V 1072 -416150.10 -144018.35
V 1080 -416150.44 -144018.79
V 1088 -416150.76 -144019.24
V 1096 -416151.07 -144019.70
V 1104 -416274.54 -144204.77
V 1112 -416577.37 -144568.21
V 1120 -416577.39 -144568.24
V 1128 -416577.53 -144568.40
V 1136 -416577.87 -144568.84
V 1144 -416578.09 -144569.15
V 1152 -416578.19 -144569.28
V 1160 -416712.73 -144762.74
V 1168 -417003.48 -145097.64
V 1176 -417003.51 -145097.68
V 1184 -417003.87 -145098.10
V 1192 -417004.21 -145098.54
V 1200 -417004.63 -145099.13
V 1208 -417127.59 -145275.93
V 1216 -417478.00 -145679.37
V 1224 -417478.07 -145679.44
V 1232 -417478.27 -145679.67
V 1240 -417640.83 -145875.94
V 1248 -417908.74 -146152.27
V 1256 -417908.76 -146152.30
V 1264 -418149.65 -146401.94
V 1272 -418377.84 -146619.57
V 1280 -418377.94 -146619.68
V 1288 -418378.10 -146619.83
V 1296 -418378.48 -146620.23
V 1304 -418378.85 -146620.64
V 1312 -418379.07 -146620.90
V 1320 -418379.11 -146620.94
V 1328 -418379.18 -146621.02
V 1336 -418379.21 -146621.06
V 1344 -418379.23 -146621.09
V 1352 -418504.13 -146772.88
V 1360 -418797.10 -147052.30
V 1368 -418797.20 -147052.41
V 1376 -418797.36 -147052.56
V 1384 -418797.74 -147052.96
V 1392 -418798.11 -147053.37
V 1400 -418798.33 -147053.63
V 1408 -418798.37 -147053.67
V 1416 -418798.44 -147053.75
V 1424 -418798.47 -147053.79
V 1432 -418798.49 -147053.82
V 1440 -418923.40 -147205.63
V 1448 -419216.41 -147485.07
V 1456 -419216.51 -147485.18
V 1464 -419216.67 -147485.33
V 1472 -419217.05 -147485.73
V 1480 -419217.42 -147486.14
V 1488 -419217.64 -147486.40
V 1496 -419217.68 -147486.44
V 1504 -419217.75 -147486.52
V 1512 -419217.78 -147486.56
V 1520 -419217.80 -147486.59
V 1528 -419342.58 -147638.25
V 1536 -419638.59 -147920.64
V 1544 -419638.85 -147920.90
V 1552 -419639.23 -147921.30
V 1560 -419639.60 -147921.71
V 1568 -419639.74 -147921.88
V 1576 -419639.83 -147921.97
V 1584 -419732.36 -148033.68
V 1592 -420018.44 -148329.04
V 1600 -420018.59 -148329.19
V 1608 -420296.95 -148612.71
V 1616 -420531.75 -148822.22
V 1624 -420531.87 -148822.34
V 1632 -420531.99 -148822.45
V 1640 -420532.39 -148822.83
V 1648 -420532.77 -148823.23
V 1656 -420533.04 -148823.53
V 1664 -420533.11 -148823.60
V 1672 -420658.96 -148967.96
V 1680 -420952.32 -149229.72
V 1688 -420952.44 -149229.84
V 1696 -420952.56 -149229.95
V 1704 -420952.96 -149230.33
V 1712 -420953.34 -149230.73
V 1720 -420953.61 -149231.02
V 1728 -420953.69 -149231.11
V 1736 -421083.34 -149379.95
V 1744 -421414.87 -149673.34
V 1752 -421414.99 -149673.46
V 1760 -421415.16 -149673.61
V 1768 -421415.56 -149673.99
V 1776 -421415.81 -149674.26
V 1784 -421415.93 -149674.37
V 1792 -421531.56 -149798.12
V 1800 -421830.68 -150068.77
V 1808 -421830.71 -150068.80
V 1816 -422089.30 -150304.21
V 1824 -422286.01 -150467.65
V 1832 -422286.04 -150467.67
V 1840 -422286.20 -150467.81
V 1848 -422286.25 -150467.85
V 1856 -422286.85 -150468.39
V 1864 -422287.25 -150468.77
V 1872 -422287.63 -150469.17
V 1880 -422287.66 -150469.20
V 1888 -422416.44 -150608.21
V 1896 -422749.00 -150883.42
V 1904 -422749.11 -150883.50
V 1912 -422749.53 -150883.86
V 1920 -422749.94 -150884.23
V 1928 -422750.34 -150884.61
V 1936 -422750.38 -150884.66
V 1944 -422750.41 -150884.68
V 1952 -422861.95 -150997.70
V 1960 -423174.29 -151263.80
V 1968 -423174.32 -151263.83
V 1976 -423174.39 -151263.89
V 1984 -423174.42 -151263.92
V 1992 -423440.41 -151492.07
V 2000 -423440.50 -151492.15
V 2008 -423626.16 -151636.90
V 2016 -423626.64 -151637.27
V 2024 -423627.06 -151637.63
V 2032 -423627.47 -151638.00
V 2040 -423627.87 -151638.38
V 2048 -423739.03 -151751.67
V 2056 -424109.47 -152049.04
V 2064 -424109.61 -152049.15
V 2072 -424109.74 -152049.26
V 2080 -424391.89 -152274.46
V 2088 -424563.93 -152398.51
V 2096 -424563.96 -152398.53
V 2104 -424564.15 -152398.67
V 2112 -424564.59 -152399.01
V 2120 -424565.01 -152399.37
V 2128 -424565.42 -152399.74
V 2136 -424565.56 -152399.88
V 2144 -424565.58 -152399.89
V 2152 -424693.71 -152522.67
V 2160 -424998.56 -152742.64
V 2168 -424998.59 -152742.66
V 2176 -424998.78 -152742.80
V 2184 -424999.22 -152743.14
V 2192 -424999.64 -152743.50
V 2200 -425000.05 -152743.87
V 2208 -425000.11 -152743.93
V 2216 -425000.15 -152743.96
V 2224 -425151.26 -152887.08
V 2232 -425580.02 -153185.29
V 2240 -425580.16 -153185.38
V 2248 -425866.67 -153386.59
V 2256 -426027.44 -153487.44
V 2264 -426027.58 -153487.53
V 2272 -426028.04 -153487.84
V 2280 -426028.49 -153488.16
V 2288 -426028.93 -153488.50
V 2296 -426029.19 -153488.72
V 2304 -426092.28 -153542.03
V 2312 -426444.55 -153787.03
V 2320 -426444.61 -153787.08
V 2328 -426734.06 -153990.35
V 2336 -426888.84 -154087.45
V 2344 -426888.98 -154087.54
V 2352 -426889.44 -154087.85
V 2360 -426889.89 -154088.17
V 2368 -426890.33 -154088.51
V 2376 -426890.59 -154088.73
V 2384 -426950.82 -154139.63
V 2392 -427308.66 -154388.52
V 2400 -427308.80 -154388.61
V 2408 -427601.53 -154594.18
V 2416 -427750.15 -154687.41
V 2424 -427750.29 -154687.50
V 2432 -427750.75 -154687.81
V 2440 -427751.20 -154688.13
V 2448 -427751.64 -154688.47
V 2456 -427751.90 -154688.69
V 2464 -427809.16 -154737.08
V 2472 -428173.19 -154990.26
V 2480 -428173.25 -154990.31
V 2488 -428468.92 -155197.94
V 2496 -428611.55 -155287.42
V 2504 -428611.69 -155287.51
V 2512 -428612.15 -155287.82
V 2520 -428612.60 -155288.14
V 2528 -428613.04 -155288.48
V 2536 -428613.30 -155288.70
V 2544 -428667.71 -155334.68
V 2552 -429037.30 -155591.75
V 2560 -429037.44 -155591.84
V 2568 -429336.39 -155801.78
V 2576 -429472.95 -155887.44
V 2584 -429473.09 -155887.53
V 2592 -429473.55 -155887.84
V 2600 -429474.00 -155888.16
V 2608 -429474.44 -155888.50
V 2616 -429474.64 -155888.67
V 2624 -429474.72 -155888.73
V 2632 -429526.21 -155932.25
V 2640 -429901.63 -156193.36
V 2648 -429901.77 -156193.45
V 2656 -430203.78 -156405.54
V 2664 -430334.25 -156487.38
V 2672 -430334.39 -156487.47
V 2680 -430334.85 -156487.78
V 2688 -430335.30 -156488.10
V 2696 -430335.74 -156488.44
V 2704 -430335.94 -156488.61
V 2712 -430336.02 -156488.67
V 2720 -430384.68 -156529.80
V 2728 -430764.87 -156794.19
V 2736 -431085.24 -157019.52
V 2744 -431315.69 -157161.48
V 2752 -431315.86 -157161.59
V 2760 -431316.32 -157161.90
V 2768 -431316.77 -157162.22
V 2776 -431317.21 -157162.56
V 2784 -431451.17 -157264.06
V 2792 -431860.54 -157515.44
V 2800 -431860.56 -157515.45
V 2808 -432108.81 -157668.43
V 2816 -432359.10 -157817.03
V 2824 -432359.28 -157817.14
V 2832 -432692.13 -158015.16
V 2840 -432791.13 -158066.77
V 2848 -432791.36 -158066.89
V 2856 -432791.62 -158067.03
V 2864 -432792.10 -158067.30
V 2872 -432792.57 -158067.59
V 2880 -432793.03 -158067.90
V 2888 -432793.29 -158068.09
V 2896 -432793.33 -158068.11
V 2904 -432825.95 -158091.93
V 2912 -433241.42 -158335.91
V 2920 -433241.48 -158335.95
V 2928 -433566.48 -158529.72
V 2936 -433708.34 -158603.81
V 2944 -433708.44 -158603.87
V 2952 -433708.59 -158603.95
V 2960 -433709.07 -158604.22
V 2968 -433709.54 -158604.51
V 2976 -433709.94 -158604.78
V 2984 -433710.04 -158604.84
V 2992 -433807.60 -158672.98
V 3000 -434274.70 -158927.25
V 3008 -434274.76 -158927.28
V 3016 -434274.81 -158927.31
V 3024 -434495.86 -159047.67
V 3032 -434495.89 -159047.68
V 3040 -434703.33 -159160.45
V 3048 -435041.29 -159346.85
V 3056 -435120.02 -159384.53
V 3064 -435120.52 -159384.77
V 3072 -435121.01 -159385.03
V 3080 -435121.49 -159385.30
V 3088 -435121.96 -159385.59
V 3096 -435122.25 -159385.79
V 3104 -435122.31 -159385.82
V 3112 -435189.81 -159431.84
V 3120 -435697.64 -159693.99
V 3128 -435697.86 -159694.10
V 3136 -435919.80 -159808.68
V 3144 -435920.02 -159808.79
V 3152 -436126.57 -159915.25
V 3160 -436126.66 -159915.30
V 3168 -436474.35 -160097.37
V 3176 -436535.28 -160124.83
V 3184 -436536.00 -160125.18
V 3192 -436536.71 -160125.57
V 3200 -436537.39 -160125.99
V 3208 -436548.29 -160133.12
V 3216 -437021.53 -160377.38
V 3224 -437021.75 -160377.49
V 3232 -437243.65 -160492.07
V 3240 -437243.87 -160492.18
V 3248 -437449.90 -160598.37
V 3256 -437449.99 -160598.42
V 3264 -437803.27 -160783.42
V 3272 -437853.74 -160806.16
V 3280 -437853.82 -160806.20
V 3288 -437853.93 -160806.24
V 3296 -437854.07 -160806.32
V 3304 -437854.47 -160806.51
V 3312 -437855.17 -160806.90
V 3320 -437855.86 -160807.32
V 3328 -437861.35 -160810.91
V 3336 -438345.32 -161060.74
V 3344 -438345.54 -161060.85
V 3352 -438567.48 -161175.44
V 3360 -438567.70 -161175.55
V 3368 -438774.32 -161282.06
V 3376 -438774.37 -161282.09
V 3384 -438774.65 -161282.24
V 3392 -439123.26 -161464.59
V 3400 -439297.77 -161544.03
V 3408 -439298.29 -161544.28
V 3416 -439298.78 -161544.54
V 3424 -439299.18 -161544.76
V 3432 -439480.21 -161650.75
V 3440 -440034.87 -161891.76
V 3448 -440258.10 -161988.74
V 3456 -440480.76 -162085.47
V 3464 -440706.12 -162183.41
V 3472 -440706.38 -162183.53
V 3480 -440706.41 -162183.54
V 3488 -440909.70 -162271.66
V 3496 -440910.21 -162271.88
V 3504 -440910.35 -162271.95
V 3512 -441290.54 -162440.23
V 3520 -441323.44 -162452.39
V 3528 -441323.92 -162452.58
V 3536 -441323.99 -162452.61
V 3544 -441324.09 -162452.65
V 3552 -441849.24 -162677.65
V 3560 -442072.53 -162773.31
V 3568 -442295.37 -162868.78
V 3576 -442521.00 -162965.47
V 3584 -442521.23 -162965.58
V 3592 -442725.30 -163052.82
V 3600 -442725.54 -163052.92
V 3608 -443100.22 -163216.25
V 3616 -443269.60 -163278.80
V 3624 -443269.63 -163278.81
V 3632 -443269.65 -163278.82
V 3640 -443270.16 -163279.02
V 3648 -443270.67 -163279.24
V 3656 -443271.00 -163279.40
V 3664 -443271.05 -163279.42
V 3672 -443481.80 -163382.64
V 3680 -444104.14 -163595.63
V 3688 -444104.30 -163595.68
V 3696 -444104.64 -163595.80
V 3704 -444330.16 -163673.00
V 3712 -444330.32 -163673.05
V 3720 -444330.66 -163673.17
V 3728 -444556.37 -163750.42
V 3736 -444556.53 -163750.47
V 3744 -444556.87 -163750.59
V 3752 -444782.27 -163827.73
V 3760 -444782.43 -163827.78
V 3768 -444782.77 -163827.90
V 3776 -445008.28 -163905.10
V 3784 -445008.44 -163905.15
V 3792 -445008.78 -163905.27
V 3800 -445234.56 -163982.54
V 3808 -445234.72 -163982.59
V 3816 -445234.85 -163982.63
V 3824 -445460.27 -164059.77
V 3832 -445460.48 -164059.85
V 3840 -445689.56 -164138.31
V 3848 -445689.72 -164138.36
V 3856 -445689.86 -164138.41
V 3864 -445889.40 -164206.46
V 3872 -445889.47 -164206.48
V 3880 -445889.77 -164206.59
V 3888 -446306.73 -164353.06
V 3896 -446656.46 -164450.36
V 3904 -446656.49 -164450.37
V 3912 -446657.03 -164450.52
V 3920 -446657.55 -164450.68
V 3928 -447007.79 -164569.21
V 3936 -447644.35 -164705.02
V 3944 -447644.55 -164705.06
V 3952 -447875.21 -164754.27
V 3960 -447875.41 -164754.31
V 3968 -448105.90 -164803.49
V 3976 -448106.10 -164803.53
V 3984 -448336.56 -164852.70
V 3992 -448336.76 -164852.74
V 4000 -448567.21 -164901.91
V 4008 -448567.41 -164901.95
V 4016 -448797.93 -164951.13
V 4024 -448798.13 -164951.17
V 4032 -449028.17 -165000.25
V 4040 -449028.20 -165000.26
V 4048 -449028.22 -165000.26
V 4056 -449028.24 -165000.27
V 4064 -449261.72 -165050.11
V 4072 -449261.89 -165050.15
V 4080 -449474.22 -165095.27
V 4088 -449474.40 -165095.30
V 4096 -449474.65 -165095.36
V 4104 -449816.88 -165170.18
V 4112 -450219.43 -165243.02
V 4120 -450516.63 -165293.82
V 4128 -450603.94 -165308.06
V 4136 -450604.63 -165308.19
V 4144 -450604.69 -165308.20
V 4152 -450604.77 -165308.22
V 4160 -451006.18 -165392.75
V 4168 -451478.96 -165448.15
V 4176 -451479.10 -165448.16
V 4184 -451479.65 -165448.23
V 4192 -451479.91 -165448.27
V 4200 -475443.94 -169517.41
V 4208 -475444.09 -169517.43
V 4216 -475444.87 -169517.57
V 4224 -475444.93 -169517.59
V 4232 -477297.11 -169832.09
V 4240 -477302.98 -169833.08
V 4248 -480280.33 -170338.64
V 4256 -480339.91 -170348.76
V 4264 -483945.02 -170960.91
V 4272 -484138.05 -170993.69
V 4280 -491935.96 -172317.79
V 4288 -491936.10 -172317.81
V 4296 -491937.10 -172317.99
V 4304 -496089.09 -173023.00
V 4312 -497509.81 -173264.25
V 4320 -497509.86 -173264.25
V 4328 -497510.27 -173264.32
V 4336 -497510.31 -173264.33
V 4344 -511451.11 -175631.50
V 4352 -511451.18 -175631.51
V 4360 -511455.38 -175632.23
V 4368 -511455.45 -175632.25
V 4376 -525154.32 -177958.34
V 4384 -525155.59 -177958.56
V 4392 -526293.79 -178151.83
V 4400 -526300.40 -178154.64
V 4408 -526305.04 -178160.12
V 4416 -526306.70 -178167.11
V 4424 -526306.70 -178404.45
V 4432 -526275.70 -178404.45
V 4440 -526275.70 -178180.20
V 4448 -525150.29 -177989.10
V 4456 -525149.08 -177988.89
V 4464 -511450.21 -175662.80
V 4472 -511450.14 -175662.79
V 4480 -511445.94 -175662.07
V 4488 -511445.87 -175662.05
V 4496 -497505.10 -173294.88
V 4504 -497505.05 -173294.88
V 4512 -497504.64 -173294.81
V 4520 -497504.60 -173294.80
V 4528 -496083.91 -173053.56
V 4536 -491931.73 -172348.52
V 4544 -491931.59 -172348.50
V 4552 -491930.59 -172348.32
V 4560 -484132.85 -171024.25
V 4568 -483939.82 -170991.47
V 4576 -481184.02 -170523.53
V 4584 -480304.92 -170374.26
V 4592 -480275.13 -170369.20
V 4600 -477297.80 -169863.64
V 4608 -477291.93 -169862.65
V 4616 -475439.54 -169548.11
V 4624 -475439.39 -169548.09
V 4632 -475438.61 -169547.95
V 4640 -475438.55 -169547.93
V 4648 -451475.18 -165478.91
V 4656 -451002.08 -165423.47
V 4664 -451001.94 -165423.46
V 4672 -451001.39 -165423.39
V 4680 -451000.85 -165423.30
V 4688 -451000.35 -165423.21
V 4696 -451000.27 -165423.19
V 4704 -450598.62 -165338.61
V 4712 -450511.63 -165324.42
V 4720 -450511.52 -165324.40
V 4728 -450214.21 -165273.58
V 4736 -450214.06 -165273.55
V 4744 -449811.09 -165200.63
V 4752 -449810.96 -165200.60
V 4760 -449810.56 -165200.53
V 4768 -449810.31 -165200.47
V 4776 -449467.99 -165125.63
V 4784 -449467.82 -165125.60
V 4792 -449467.65 -165125.56
V 4800 -449255.32 -165080.44
V 4808 -449255.19 -165080.42
V 4816 -449255.16 -165080.41
V 4824 -449255.14 -165080.41
V 4832 -449255.12 -165080.40
V 4840 -449021.64 -165030.56
V 4848 -449021.54 -165030.54
V 4856 -448791.55 -164981.47
V 4864 -448791.35 -164981.43
V 4872 -448560.83 -164932.25
V 4880 -448560.63 -164932.21
V 4888 -448330.18 -164883.04
V 4896 -448329.98 -164883.00
V 4904 -448099.52 -164833.83
V 4912 -448099.32 -164833.79
V 4920 -447868.83 -164784.61
V 4928 -447868.63 -164784.57
V 4936 -447637.97 -164735.36
V 4944 -447637.77 -164735.32
V 4952 -447000.50 -164599.35
V 4960 -447000.40 -164599.33
V 4968 -446999.86 -164599.20
V 4976 -446999.32 -164599.05
V 4984 -446998.80 -164598.89
V 4992 -446648.05 -164480.19
V 5000 -446298.26 -164382.88
V 5008 -446298.23 -164382.87
V 5016 -446297.69 -164382.72
V 5024 -446297.17 -164382.56
V 5032 -446296.87 -164382.45
V 5040 -445879.74 -164235.92
V 5048 -445879.69 -164235.90
V 5056 -445879.55 -164235.85
V 5064 -445680.01 -164167.80
V 5072 -445679.94 -164167.78
V 5080 -445679.60 -164167.66
V 5088 -445450.52 -164089.20
V 5096 -445450.36 -164089.15
V 5104 -445450.23 -164089.11
V 5112 -445224.81 -164011.97
V 5120 -445224.60 -164011.89
V 5128 -444998.82 -163934.62
V 5136 -444998.66 -163934.57
V 5144 -444998.32 -163934.45
V 5152 -444772.81 -163857.25
V 5160 -444772.65 -163857.20
V 5168 -444772.31 -163857.08
V 5176 -444546.91 -163779.94
V 5184 -444546.75 -163779.89
V 5192 -444546.41 -163779.77
V 5200 -444320.70 -163702.52
V 5208 -444320.54 -163702.47
V 5216 -444320.20 -163702.35
V 5224 -444094.68 -163625.15
V 5232 -444094.52 -163625.10
V 5240 -444094.18 -163624.98
V 5248 -443471.09 -163411.73
V 5256 -443470.93 -163411.68
V 5264 -443470.40 -163411.49
V 5272 -443469.89 -163411.29
V 5280 -443469.38 -163411.07
V 5288 -443469.03 -163410.90
V 5296 -443469.00 -163410.89
V 5304 -443258.11 -163307.60
V 5312 -443089.07 -163245.18
V 5320 -443088.51 -163244.96
V 5328 -443088.25 -163244.85
V 5336 -442713.23 -163081.37
V 5344 -442713.08 -163081.30
V 5352 -442509.01 -162994.06
V 5360 -442508.96 -162994.04
V 5368 -442508.80 -162993.97
V 5376 -442508.78 -162993.97
V 5384 -442283.15 -162897.28
V 5392 -442060.33 -162801.81
V 5400 -441837.04 -162706.15
V 5408 -441312.23 -162481.30
V 5416 -441279.41 -162469.17
V 5424 -441279.36 -162469.15
V 5432 -441278.85 -162468.95
V 5440 -441278.34 -162468.73
V 5448 -441278.20 -162468.66
V 5456 -440897.80 -162300.28
V 5464 -440897.33 -162300.08
V 5472 -440897.30 -162300.07
V 5480 -440694.01 -162211.95
V 5488 -440693.78 -162211.85
V 5496 -440693.76 -162211.85
V 5504 -440468.40 -162113.91
V 5512 -440245.74 -162017.18
V 5520 -440022.51 -161920.20
V 5528 -439467.01 -161678.83
V 5536 -439466.91 -161678.78
V 5544 -439466.75 -161678.71
V 5552 -439466.25 -161678.47
V 5560 -439465.76 -161678.21
V 5568 -439465.36 -161677.99
V 5576 -439284.20 -161571.92
V 5584 -439110.14 -161492.68
V 5592 -439109.64 -161492.44
V 5600 -439109.13 -161492.17
V 5608 -438760.38 -161309.75
V 5616 -438760.12 -161309.62
V 5624 -438553.50 -161203.11
V 5632 -438331.50 -161088.49
V 5640 -438331.34 -161088.41
V 5648 -437846.39 -160838.07
V 5656 -437845.69 -160837.69
V 5664 -437845.01 -160837.27
V 5672 -437839.89 -160833.92
V 5680 -437790.14 -160811.50
V 5688 -437790.06 -160811.47
V 5696 -437789.56 -160811.23
V 5704 -437789.37 -160811.13
V 5712 -437789.31 -160811.10
V 5720 -437435.70 -160625.93
V 5728 -437229.67 -160519.74
V 5736 -437007.71 -160405.13
V 5744 -437007.55 -160405.05
V 5752 -436533.38 -160160.30
V 5760 -436532.68 -160159.92
V 5768 -436532.01 -160159.50
V 5776 -436521.46 -160152.60
V 5784 -436461.22 -160125.45
V 5792 -436461.14 -160125.42
V 5800 -436460.64 -160125.18
V 5808 -436460.45 -160125.08
V 5816 -436460.39 -160125.05
V 5824 -436112.37 -159942.81
V 5832 -435905.82 -159836.35
V 5840 -435683.82 -159721.74
V 5848 -435683.66 -159721.66
V 5856 -435174.89 -159459.02
V 5864 -435174.73 -159458.94
V 5872 -435174.40 -159458.76
V 5880 -435173.92 -159458.49
V 5888 -435173.45 -159458.20
V 5896 -435173.17 -159458.01
V 5904 -435173.10 -159457.97
V 5912 -435105.80 -159412.09
V 5920 -435027.73 -159374.73
V 5928 -435027.23 -159374.49
V 5936 -435026.78 -159374.25
V 5944 -435026.68 -159374.20
V 5952 -434688.53 -159187.69
V 5960 -434481.09 -159074.92
V 5968 -434481.06 -159074.90
V 5976 -434481.01 -159074.87
V 5984 -434259.96 -158954.51
V 5992 -434259.90 -158954.48
V 6000 -434259.85 -158954.45
V 6008 -433792.00 -158699.77
V 6016 -433791.94 -158699.74
V 6024 -433791.46 -158699.47
V 6032 -433790.99 -158699.18
V 6040 -433790.60 -158698.92
V 6048 -433790.49 -158698.85
V 6056 -433693.09 -158630.82
V 6064 -433551.81 -158557.04
V 6072 -433551.60 -158556.92
V 6080 -433551.56 -158556.90
V 6088 -433551.08 -158556.63
V 6096 -433225.72 -158362.65
V 6104 -432809.61 -158118.29
V 6112 -432809.54 -158118.24
V 6120 -432809.08 -158117.96
V 6128 -432808.62 -158117.65
V 6136 -432808.38 -158117.48
V 6144 -432808.32 -158117.44
V 6152 -432775.97 -158093.82
V 6160 -432677.66 -158042.57
V 6168 -432677.43 -158042.45
V 6176 -432677.36 -158042.41
V 6184 -432677.17 -158042.31
V 6192 -432676.69 -158042.04
V 6200 -432676.51 -158041.93
V 6208 -432343.40 -157843.76
V 6216 -432343.28 -157843.69
V 6224 -432092.55 -157694.83
V 6232 -431844.30 -157541.85
V 6240 -431434.29 -157290.08
V 6248 -431434.07 -157289.94
V 6256 -431433.61 -157289.63
V 6264 -431433.16 -157289.31
V 6272 -431432.72 -157288.97
V 6280 -431298.77 -157187.47
V 6288 -431068.57 -157045.67
V 6296 -431068.32 -157045.51
V 6304 -431068.03 -157045.31
V 6312 -431067.78 -157045.15
V 6320 -430747.17 -156819.65
V 6328 -430366.38 -156554.84
V 6336 -430366.25 -156554.74
V 6344 -430365.94 -156554.52
V 6352 -430365.50 -156554.18
V 6360 -430365.22 -156553.95
V 6368 -430316.82 -156513.05
V 6376 -430187.03 -156431.63
V 6384 -430186.96 -156431.59
V 6392 -430186.89 -156431.54
V 6400 -430186.43 -156431.23
V 6408 -429883.89 -156218.77
V 6416 -429507.99 -155957.32
V 6424 -429507.85 -155957.23
V 6432 -429507.40 -155956.91
V 6440 -429506.96 -155956.57
V 6448 -429506.78 -155956.42
V 6456 -429506.68 -155956.34
V 6464 -429455.52 -155913.11
V 6472 -429319.64 -155827.87
V 6480 -429319.57 -155827.83
V 6488 -429319.50 -155827.78
V 6496 -429319.04 -155827.47
V 6504 -429019.56 -155617.16
V 6512 -428649.55 -155359.79
V 6520 -428649.41 -155359.70
V 6528 -428648.96 -155359.38
V 6536 -428648.52 -155359.04
V 6544 -428648.27 -155358.82
V 6552 -428648.25 -155358.81
V 6560 -428594.16 -155313.11
V 6568 -428452.17 -155224.03
V 6576 -428452.10 -155223.99
V 6584 -428452.03 -155223.94
V 6592 -428451.57 -155223.63
V 6600 -428155.49 -155015.72
V 6608 -427790.91 -154762.16
V 6616 -427790.80 -154762.07
V 6624 -427790.47 -154761.84
V 6632 -427790.03 -154761.50
V 6640 -427789.78 -154761.28
V 6648 -427789.76 -154761.27
V 6656 -427732.76 -154713.10
V 6664 -427584.78 -154620.27
V 6672 -427584.71 -154620.23
V 6680 -427584.64 -154620.18
V 6688 -427584.18 -154619.87
V 6696 -427290.92 -154413.93
V 6704 -426932.66 -154164.74
V 6712 -426932.52 -154164.65
V 6720 -426932.07 -154164.33
V 6728 -426931.63 -154163.99
V 6736 -426931.38 -154163.77
V 6744 -426931.36 -154163.76
V 6752 -426871.45 -154113.14
V 6760 -426717.31 -154016.44
V 6768 -426717.24 -154016.40
V 6776 -426717.17 -154016.35
V 6784 -426716.71 -154016.04
V 6792 -426426.85 -153812.49
V 6800 -426074.03 -153567.11
V 6808 -426073.92 -153567.02
V 6816 -426073.59 -153566.79
V 6824 -426073.15 -153566.45
V 6832 -426072.90 -153566.23
V 6840 -426072.88 -153566.22
V 6848 -426010.05 -153513.13
V 6856 -425849.92 -153412.68
V 6864 -425849.85 -153412.64
V 6872 -425849.78 -153412.59
V 6880 -425849.32 -153412.28
V 6888 -425562.28 -153210.70
V 6896 -425132.74 -152911.94
V 6904 -425132.60 -152911.85
V 6912 -425132.15 -152911.53
V 6920 -425131.71 -152911.19
V 6928 -425131.29 -152910.83
V 6936 -425130.88 -152910.46
V 6944 -425130.82 -152910.40
V 6952 -425130.78 -152910.37
V 6960 -424979.60 -152767.19
V 6968 -424674.72 -152547.20
V 6976 -424674.69 -152547.18
V 6984 -424674.50 -152547.04
V 6992 -424674.06 -152546.70
V 7000 -424673.64 -152546.34
V 7008 -424673.23 -152545.97
V 7016 -424673.09 -152545.83
V 7024 -424673.07 -152545.82
V 7032 -424544.94 -152423.04
V 7040 -424373.50 -152299.42
V 7048 -424373.44 -152299.37
V 7056 -424373.28 -152299.26
V 7064 -424372.84 -152298.92
V 7072 -424372.71 -152298.81
V 7080 -424090.46 -152073.53
V 7088 -424090.15 -152073.29
V 7096 -424090.07 -152073.23
V 7104 -423719.02 -151775.36
V 7112 -423718.88 -151775.25
V 7120 -423718.46 -151774.89
V 7128 -423718.05 -151774.52
V 7136 -423717.65 -151774.14
V 7144 -423717.59 -151774.07
V 7152 -423717.55 -151774.04
V 7160 -423606.55 -151660.91
V 7168 -423421.40 -151516.56
V 7176 -423420.96 -151516.22
V 7184 -423420.54 -151515.86
V 7192 -423420.51 -151515.83
V 7200 -423154.52 -151287.68
V 7208 -423154.19 -151287.40
V 7216 -422841.34 -151020.86
V 7224 -422841.28 -151020.80
V 7232 -422841.24 -151020.77
V 7240 -422840.83 -151020.40
V 7248 -422840.43 -151020.02
V 7256 -422728.88 -150907.00
V 7264 -422396.15 -150631.65
V 7272 -422396.04 -150631.57
V 7280 -422395.62 -150631.21
V 7288 -422395.21 -150630.84
V 7296 -422394.81 -150630.46
V 7304 -422394.40 -150630.03
V 7312 -422265.63 -150491.03
V 7320 -422069.50 -150328.07
V 7328 -422069.47 -150328.05
V 7336 -422069.07 -150327.70
V 7344 -422068.94 -150327.58
V 7352 -422068.79 -150327.45
V 7360 -421809.88 -150091.75
V 7368 -421510.24 -149820.63
V 7376 -421510.17 -149820.56
V 7384 -421510.08 -149820.48
V 7392 -421509.68 -149820.10
V 7400 -421509.44 -149819.85
V 7408 -421509.31 -149819.72
V 7416 -421393.77 -149696.06
V 7424 -421062.04 -149402.50
V 7432 -421061.96 -149402.42
V 7440 -421061.75 -149402.23
V 7448 -421061.35 -149401.85
V 7456 -421060.97 -149401.45
V 7464 -421060.70 -149401.15
V 7472 -421060.62 -149401.07
V 7480 -420930.97 -149252.22
V 7488 -420637.61 -148990.47
V 7496 -420637.49 -148990.35
V 7504 -420637.37 -148990.24
V 7512 -420636.97 -148989.86
V 7520 -420636.59 -148989.46
V 7528 -420636.32 -148989.16
V 7536 -420636.25 -148989.09
V 7544 -420510.40 -148844.73
V 7552 -420275.96 -148635.54
V 7560 -420275.32 -148634.93
V 7568 -420275.28 -148634.88
V 7576 -420275.22 -148634.83
V 7584 -419996.47 -148350.91
V 7592 -419996.41 -148350.84
V 7600 -419996.35 -148350.78
V 7608 -419709.82 -148054.95
V 7616 -419709.77 -148054.90
V 7624 -419709.39 -148054.50
V 7632 -419709.02 -148054.09
V 7640 -419708.91 -148053.96
V 7648 -419708.79 -148053.83
V 7656 -419616.53 -147942.45
V 7664 -419320.52 -147660.06
V 7672 -419320.42 -147659.95
V 7680 -419320.26 -147659.80
V 7688 -419319.88 -147659.40
V 7696 -419319.51 -147658.99
V 7704 -419319.29 -147658.73
V 7712 -419319.25 -147658.69
V 7720 -419319.18 -147658.61
V 7728 -419319.15 -147658.57
V 7736 -419319.13 -147658.54
V 7744 -419194.35 -147506.88
V 7752 -418901.34 -147227.44
V 7760 -418901.24 -147227.33
V 7768 -418901.08 -147227.18
V 7776 -418900.70 -147226.78
V 7784 -418900.33 -147226.37
V 7792 -418900.11 -147226.11
V 7800 -418900.07 -147226.07
V 7808 -418900.00 -147225.99
V 7816 -418899.97 -147225.95
V 7824 -418899.95 -147225.92
V 7832 -418775.04 -147074.11
V 7840 -418482.07 -146794.69
V 7848 -418481.97 -146794.58
V 7856 -418481.81 -146794.43
V 7864 -418481.43 -146794.03
V 7872 -418481.06 -146793.62
V 7880 -418480.84 -146793.36
V 7888 -418480.80 -146793.32
V 7896 -418480.73 -146793.24
V 7904 -418480.70 -146793.20
V 7912 -418480.68 -146793.17
V 7920 -418355.78 -146641.38
V 7928 -418128.17 -146424.31
V 7936 -418127.91 -146424.05
V 7944 -418127.72 -146423.85
V 7952 -417886.69 -146174.05
V 7960 -417886.65 -146174.02
V 7968 -417886.48 -146173.85
V 7976 -417618.13 -145897.06
V 7984 -417617.98 -145896.89
V 7992 -417617.92 -145896.83
V 8000 -417617.47 -145896.33
V 8008 -417617.32 -145896.16
V 8016 -417454.39 -145699.45
V 8024 -417103.67 -145295.65
V 8032 -417103.63 -145295.61
V 8040 -417103.27 -145295.19
V 8048 -417102.93 -145294.75
V 8056 -417102.51 -145294.16
V 8064 -416979.55 -145117.36
V 8072 -416688.75 -144782.40
V 8080 -416688.72 -144782.36
V 8088 -416688.36 -144781.94
V 8096 -416688.02 -144781.50
V 8104 -416687.77 -144781.15
V 8112 -416687.70 -144781.06
V 8120 -416553.09 -144587.50
V 8128 -416250.22 -144224.01
V 8136 -416250.20 -144223.99
V 8144 -416250.06 -144223.82
V 8152 -416249.72 -144223.38
V 8160 -416249.40 -144222.93
V 8168 -416249.05 -144222.41
V 8176 -416125.63 -144037.41
V 8184 -415835.31 -143687.40
V 8192 -415835.17 -143687.23
V 8200 -415834.83 -143686.79
V 8208 -415834.51 -143686.34
V 8216 -415834.16 -143685.82
V 8224 -415711.96 -143502.69
V 8232 -415411.12 -143139.98
V 8240 -415411.09 -143139.93
V 8248 -415410.98 -143139.81
V 8256 -415410.64 -143139.37
V 8264 -415410.32 -143138.92
V 8272 -415410.00 -143138.45
V 8280 -415252.84 -142893.45
V 8288 -414941.64 -142457.18
V 8296 -414941.60 -142457.12
V 8304 -414941.53 -142457.02
V 8312 -414941.22 -142456.56
V 8320 -414940.93 -142456.09
V 8328 -414940.92 -142456.07
V 8336 -414940.86 -142455.98
V 8344 -414820.34 -142248.92
V 8352 -414531.39 -141844.79
V 8360 -414531.31 -141844.66
V 8368 -414531.27 -141844.61
V 8376 -414530.96 -141844.15
V 8384 -414530.66 -141843.67
V 8392 -414530.60 -141843.57
V 8400 -414409.60 -141635.68
V 8408 -414120.65 -141231.56
V 8416 -414120.57 -141231.43
V 8424 -414120.53 -141231.38
V 8432 -414120.22 -141230.92
V 8440 -414119.92 -141230.44
V 8448 -414119.86 -141230.34
V 8456 -413998.86 -141022.43
V 8464 -413709.93 -140618.33
V 8472 -413709.85 -140618.20
V 8480 -413709.81 -140618.15
V 8488 -413709.50 -140617.69
V 8496 -413709.20 -140617.21
V 8504 -413709.14 -140617.11
V 8512 -413588.14 -140409.21
V 8520 -413288.77 -139990.52
V 8528 -413288.34 -139989.88
V 8536 -413288.05 -139989.41
V 8544 -413287.80 -139988.97
V 8552 -413121.22 -139685.14
V 8560 -413121.07 -139684.87
V 8568 -412805.29 -139080.85
V 8576 -412805.22 -139080.70
V 8584 -412805.17 -139080.61
V 8592 -412804.93 -139080.11
V 8600 -412804.89 -139080.01
V 8608 -412804.81 -139079.85
V 8616 -412686.53 -138807.59
V 8624 -412399.90 -138261.27
V 8632 -412399.77 -138261.01
V 8640 -412399.53 -138260.51
V 8648 -412399.49 -138260.41
V 8656 -412399.41 -138260.25
V 8664 -412280.74 -137987.07
V 8672 -411994.12 -137440.77
V 8680 -411993.99 -137440.51
V 8688 -411993.75 -137440.01
V 8696 -411993.71 -137439.91
V 8704 -411993.63 -137439.75
V 8712 -411861.25 -137135.00
V 8720 -411562.46 -136470.61
V 8728 -411562.38 -136470.41
V 8736 -411562.28 -136470.18
V 8744 -411562.06 -136469.62
V 8752 -411443.34 -136148.10
V 8760 -411157.74 -135503.99
V 8768 -411157.70 -135503.88
V 8776 -411157.64 -135503.76
V 8784 -411157.51 -135503.45
V 8792 -411157.31 -135502.94
V 8800 -411157.29 -135502.89
V 8808 -411039.55 -135184.14
V 8816 -410753.92 -134539.98
V 8824 -410753.88 -134539.87
V 8832 -410753.82 -134539.75
V 8840 -410753.69 -134539.44
V 8848 -410753.49 -134538.93
V 8856 -410753.47 -134538.88
V 8864 -410634.37 -134216.46
V 8872 -410346.83 -133552.55
V 8880 -410346.82 -133552.52
V 8888 -410346.60 -133552.01
V 8896 -410346.40 -133551.50
V 8904 -410346.32 -133551.28
V 8912 -410228.03 -133218.79
V 8920 -409942.49 -132549.67
V 8928 -409942.23 -132549.01
V 8936 -409942.17 -132548.83
V 8944 -409942.15 -132548.79
V 8952 -409824.61 -132218.54
V 8960 -409539.05 -131549.38
V 8968 -409538.79 -131548.72
V 8976 -409538.73 -131548.54
V 8984 -409538.71 -131548.50
V 8992 -409421.17 -131218.24
V 9000 -409135.61 -130549.09
V 9008 -409135.35 -130548.43
V 9016 -409135.29 -130548.25
V 9024 -409135.27 -130548.21
V 9032 -409017.74 -130217.95
V 9040 -408732.18 -129548.79
V 9048 -408731.92 -129548.13
V 9056 -408731.86 -129547.95
V 9064 -408731.84 -129547.91
V 9072 -408614.30 -129217.66
V 9080 -408328.74 -128548.49
V 9088 -408328.48 -128547.83
V 9096 -408328.42 -128547.65
V 9104 -408328.40 -128547.61
V 9112 -408208.71 -128211.32
V 9120 -407921.21 -127474.81
V 9128 -407921.15 -127474.64
V 9136 -407921.13 -127474.59
V 9144 -407920.94 -127474.06
V 9152 -407920.92 -127473.99
V 9160 -407920.89 -127473.91
V 9168 -407803.48 -127108.48
V 9176 -407517.50 -126364.32
V 9184 -407517.47 -126364.22
V 9192 -407517.45 -126364.18
V 9200 -407517.26 -126363.65
V 9208 -407517.17 -126363.35
V 9216 -407517.13 -126363.24
V 9224 -407398.86 -125971.62
V 9232 -407113.63 -125142.50
V 9240 -407113.61 -125142.42
V 9248 -407113.58 -125142.35
V 9256 -407113.42 -125141.83
V 9264 -407113.41 -125141.78
V 9272 -407113.40 -125141.76
V 9280 -406996.69 -124737.22
V 9288 -406711.94 -123909.78
V 9296 -406711.92 -123909.70
V 9304 -406711.89 -123909.63
V 9312 -406711.73 -123909.11
V 9320 -406711.72 -123909.06
V 9328 -406711.71 -123909.04
V 9336 -406594.90 -123504.14
V 9344 -406310.13 -122653.75
V 9352 -406310.12 -122653.72
V 9360 -406309.96 -122653.20
V 9368 -406309.81 -122652.66
V 9376 -406309.80 -122652.63
V 9384 -406193.27 -122233.04
V 9392 -405910.48 -121379.01
V 9400 -405910.39 -121378.77
V 9408 -405910.23 -121378.25
V 9416 -405910.08 -121377.71
V 9424 -405909.95 -121377.17
V 9432 -405909.85 -121376.63
V 9440 -405909.76 -121376.09
V 9448 -405909.69 -121375.54
V 9456 -405909.64 -121374.99
V 9464 -405909.61 -121374.43
V 9472 -405909.60 -121373.88
V 9480 -405909.60 -119351.95
