V 0 1085836.72 -12625.38
V 8 1085831.59 -12568.93
V 16 1085831.59 -12568.87
V 24 1085831.58 -12568.76
V 32 1085825.52 -12523.40
V 40 1085825.51 -12523.37
V 48 1085823.40 -12505.21
V 56 1085823.15 -12504.53
V 64 1085822.61 -12504.05
V 72 1085821.91 -12503.88
V 80 1085735.66 -12503.88
V 88 1085735.66 -12506.88
V 96 1085820.57 -12506.88
V 104 1085822.53 -12523.69
V 112 1085822.54 -12523.80
V 120 1085828.60 -12569.16
V 128 1085833.86 -12627.02
V 136 1085834.10 -12627.71
V 144 1085834.64 -12628.20
V 152 1085835.35 -12628.38
V 160 1085839.86 -12628.38
V 168 1085839.86 -12625.38
