V 0 -889230.28 -170846.20
V 8 -889235.95 -170840.53
V 16 -889243.70 -170838.45
V 24 -889285.70 -170838.45
V 32 -889285.70 -170725.46
V 40 -889287.36 -170718.47
V 48 -889292.00 -170712.99
V 56 -889298.61 -170710.18
V 64 -894201.55 -169877.65
V 72 -897470.96 -169322.50
V 80 -897576.64 -169304.55
V 88 -899630.91 -168955.74
V 96 -902906.75 -168399.49
V 104 -904011.78 -168211.85
V 112 -904126.01 -168192.46
V 120 -905309.75 -167991.46
V 128 -907797.60 -167569.01
V 136 -908032.04 -167529.21
V 144 -908463.29 -167455.98
V 152 -908752.99 -167406.78
V 160 -908945.08 -167374.17
V 168 -909436.66 -167290.70
V 176 -909879.66 -167215.47
V 184 -910370.81 -167132.08
V 192 -910530.11 -167105.03
V 200 -910550.79 -167101.51
V 208 -911771.82 -166894.18
V 216 -911979.38 -166858.94
V 224 -912549.76 -166762.09
V 232 -912827.36 -166714.95
V 240 -913168.60 -166657.01
V 248 -914281.51 -166468.03
V 256 -915340.52 -166288.21
V 264 -915454.98 -166268.77
V 272 -917153.94 -165980.29
V 280 -917337.40 -165949.13
V 288 -917401.55 -165938.24
V 296 -919077.61 -165653.64
V 304 -919287.24 -165618.05
V 312 -920926.75 -165339.66
V 320 -921601.71 -165225.04
V 328 -923294.71 -164937.57
V 336 -923450.59 -164911.10
V 344 -924284.05 -164769.58
V 352 -924680.61 -164702.24
V 360 -925885.82 -164497.60
V 368 -934753.73 -162991.81
V 376 -935532.86 -162859.51
V 384 -937333.38 -162553.78
V 392 -962066.01 -158354.12
V 400 -962298.02 -158314.73
V 408 -963142.80 -158171.28
V 416 -963195.89 -158162.27
V 424 -963386.73 -158129.86
V 432 -963751.81 -158067.87
V 440 -963909.65 -158041.07
V 448 -964368.52 -157963.15
V 456 -964977.75 -157859.70
V 464 -965550.91 -157762.38
V 472 -965737.00 -157730.78
V 480 -965737.00 -157719.35
V 488 -965768.00 -157719.35
V 496 -965768.00 -157743.87
V 504 -965767.96 -157744.96
V 512 -965767.85 -157746.04
V 520 -965767.66 -157747.11
V 528 -965767.39 -157748.16
V 536 -965767.06 -157749.20
V 544 -965766.65 -157750.20
V 552 -965766.17 -157751.18
V 560 -965765.62 -157752.12
V 568 -965765.01 -157753.02
V 576 -965764.34 -157753.87
V 584 -965763.61 -157754.68
V 592 -965762.83 -157755.43
V 600 -965761.99 -157756.13
V 608 -965761.11 -157756.76
V 616 -965760.18 -157757.33
V 624 -965759.22 -157757.84
V 632 -965758.23 -157758.27
V 640 -965757.20 -157758.64
V 648 -965756.16 -157758.93
V 656 -965755.09 -157759.15
V 664 -964982.93 -157890.26
V 672 -964373.70 -157993.71
V 680 -963914.83 -158071.63
V 688 -963756.99 -158098.43
V 696 -963391.93 -158160.42
V 704 -963201.09 -158192.83
V 712 -963148.00 -158201.84
V 720 -963100.01 -158209.99
V 728 -962539.17 -158305.22
V 736 -962303.20 -158345.29
V 744 -962071.19 -158384.68
V 752 -937338.56 -162584.34
V 760 -935538.04 -162890.07
V 768 -934758.91 -163022.37
V 776 -925891.00 -164528.16
V 784 -924685.79 -164732.80
V 792 -924289.23 -164800.14
V 800 -923455.77 -164941.66
V 808 -923299.89 -164968.13
V 816 -921693.12 -165240.96
V 824 -920931.95 -165370.22
V 832 -919292.42 -165648.61
V 840 -919082.79 -165684.20
V 848 -917342.60 -165979.69
V 856 -917159.14 -166010.85
V 864 -915460.18 -166299.33
V 872 -915345.72 -166318.77
V 880 -914975.97 -166381.55
V 888 -914286.69 -166498.59
V 896 -913173.78 -166687.57
V 904 -912832.54 -166745.51
V 912 -912554.94 -166792.65
V 920 -911984.56 -166889.50
V 928 -911777.00 -166924.74
V 936 -910555.99 -167132.07
V 944 -910535.31 -167135.59
V 952 -909884.86 -167246.03
V 960 -909441.86 -167321.26
V 968 -908950.26 -167404.73
V 976 -908758.19 -167437.34
V 984 -908468.49 -167486.54
V 992 -908037.22 -167559.77
V 1000 -907802.78 -167599.57
V 1008 -905314.93 -168022.02
V 1016 -904131.19 -168223.02
V 1024 -904016.96 -168242.41
V 1032 -902911.93 -168430.05
V 1040 -899636.09 -168986.30
V 1048 -897581.84 -169335.11
V 1056 -897476.16 -169353.06
V 1064 -894206.73 -169908.21
V 1072 -889316.70 -170738.55
V 1080 -889316.70 -170853.95
V 1088 -889314.62 -170861.70
V 1096 -889308.95 -170867.37
V 1104 -889301.20 -170869.45
V 1112 -889259.20 -170869.45
V 1120 -889259.20 -170909.45
V 1128 -889358.70 -170909.45
V 1136 -889366.45 -170911.53
V 1144 -889372.12 -170917.20
V 1152 -889374.20 -170924.95
V 1160 -889374.20 -170995.95
V 1168 -889372.12 -171003.70
V 1176 -889366.45 -171009.37
V 1184 -889358.70 -171011.45
V 1192 -889259.20 -171011.45
V 1200 -889259.20 -171051.45
V 1208 -889358.70 -171051.45
V 1216 -889366.45 -171053.53
V 1224 -889372.12 -171059.20
V 1232 -889374.20 -171066.95
V 1240 -889374.20 -171137.95
V 1248 -889372.12 -171145.70
V 1256 -889366.45 -171151.37
V 1264 -889358.70 -171153.45
V 1272 -889259.20 -171153.45
V 1280 -889259.20 -171193.45
V 1288 -889358.70 -171193.45
V 1296 -889366.45 -171195.53
V 1304 -889372.12 -171201.20
V 1312 -889374.20 -171208.95
V 1320 -889374.20 -171279.95
V 1328 -889372.12 -171287.70
V 1336 -889366.45 -171293.37
V 1344 -889358.70 -171295.45
V 1352 -889259.20 -171295.45
V 1360 -889259.20 -171335.45
V 1368 -889358.70 -171335.45
V 1376 -889366.45 -171337.53
V 1384 -889372.12 -171343.20
V 1392 -889374.20 -171350.95
V 1400 -889374.20 -171421.95
V 1408 -889372.12 -171429.70
V 1416 -889366.45 -171435.37
V 1424 -889358.70 -171437.45
V 1432 -889259.20 -171437.45
V 1440 -889259.20 -171477.45
V 1448 -889358.70 -171477.45
V 1456 -889366.45 -171479.53
V 1464 -889372.12 -171485.20
V 1472 -889374.20 -171492.95
V 1480 -889374.20 -171563.95
V 1488 -889372.12 -171571.70
V 1496 -889366.45 -171577.37
V 1504 -889358.70 -171579.45
V 1512 -889259.20 -171579.45
V 1520 -889259.20 -171619.45
V 1528 -889358.70 -171619.45
V 1536 -889366.45 -171621.53
V 1544 -889372.12 -171627.20
V 1552 -889374.20 -171634.95
V 1560 -889374.20 -171705.95
V 1568 -889372.12 -171713.70
V 1576 -889366.45 -171719.37
V 1584 -889358.70 -171721.45
V 1592 -889259.20 -171721.45
V 1600 -889259.20 -171761.45
V 1608 -889358.70 -171761.45
V 1616 -889366.45 -171763.53
V 1624 -889372.12 -171769.20
V 1632 -889374.20 -171776.95
V 1640 -889374.20 -171847.95
V 1648 -889372.12 -171855.70
V 1656 -889366.45 -171861.37
V 1664 -889358.70 -171863.45
V 1672 -889259.20 -171863.45
V 1680 -889259.20 -171903.45
V 1688 -889358.70 -171903.45
V 1696 -889366.45 -171905.53
V 1704 -889372.12 -171911.20
V 1712 -889374.20 -171918.95
V 1720 -889374.20 -171989.95
V 1728 -889372.12 -171997.70
V 1736 -889366.45 -172003.37
V 1744 -889358.70 -172005.45
V 1752 -889259.20 -172005.45
V 1760 -889259.20 -172045.45
V 1768 -889358.70 -172045.45
V 1776 -889366.45 -172047.53
V 1784 -889372.12 -172053.20
V 1792 -889374.20 -172060.95
V 1800 -889374.20 -172131.95
V 1808 -889372.12 -172139.70
V 1816 -889366.45 -172145.37
V 1824 -889358.70 -172147.45
V 1832 -889259.20 -172147.45
V 1840 -889259.20 -172187.45
V 1848 -889358.70 -172187.45
V 1856 -889366.45 -172189.53
V 1864 -889372.12 -172195.20
V 1872 -889374.20 -172202.95
V 1880 -889374.20 -172273.95
V 1888 -889372.12 -172281.70
V 1896 -889366.45 -172287.37
V 1904 -889358.70 -172289.45
V 1912 -889259.20 -172289.45
V 1920 -889259.20 -172329.45
V 1928 -889358.70 -172329.45
V 1936 -889366.45 -172331.53
V 1944 -889372.12 -172337.20
V 1952 -889374.20 -172344.95
V 1960 -889374.20 -172415.95
V 1968 -889372.12 -172423.70
V 1976 -889366.45 -172429.37
V 1984 -889358.70 -172431.45
V 1992 -889259.20 -172431.45
V 2000 -889259.20 -172471.45
V 2008 -889358.70 -172471.45
V 2016 -889366.45 -172473.53
V 2024 -889372.12 -172479.20
V 2032 -889374.20 -172486.95
V 2040 -889374.20 -172557.95
V 2048 -889372.12 -172565.70
V 2056 -889366.45 -172571.37
V 2064 -889358.70 -172573.45
V 2072 -889259.20 -172573.45
V 2080 -889259.20 -172613.45
V 2088 -889358.70 -172613.45
V 2096 -889366.45 -172615.53
V 2104 -889372.12 -172621.20
V 2112 -889374.20 -172628.95
V 2120 -889374.20 -172699.95
V 2128 -889372.12 -172707.70
V 2136 -889366.45 -172713.37
V 2144 -889358.70 -172715.45
V 2152 -889259.20 -172715.45
V 2160 -889259.20 -172755.45
V 2168 -889358.70 -172755.45
V 2176 -889366.45 -172757.53
V 2184 -889372.12 -172763.20
V 2192 -889374.20 -172770.95
V 2200 -889374.20 -172841.95
V 2208 -889372.12 -172849.70
V 2216 -889366.45 -172855.37
V 2224 -889358.70 -172857.45
V 2232 -889259.20 -172857.45
V 2240 -889259.20 -172897.45
V 2248 -889358.70 -172897.45
V 2256 -889366.45 -172899.53
V 2264 -889372.12 -172905.20
V 2272 -889374.20 -172912.95
V 2280 -889374.20 -172983.95
V 2288 -889372.12 -172991.70
V 2296 -889366.45 -172997.37
V 2304 -889358.70 -172999.45
V 2312 -889259.20 -172999.45
V 2320 -889259.20 -173039.45
V 2328 -889358.70 -173039.45
V 2336 -889366.45 -173041.53
V 2344 -889372.12 -173047.20
V 2352 -889374.20 -173054.95
V 2360 -889374.20 -173125.95
V 2368 -889372.12 -173133.70
V 2376 -889366.45 -173139.37
V 2384 -889358.70 -173141.45
V 2392 -889259.20 -173141.45
V 2400 -889259.20 -173181.45
V 2408 -889358.70 -173181.45
V 2416 -889366.45 -173183.53
V 2424 -889372.12 -173189.20
V 2432 -889374.20 -173196.95
V 2440 -889374.20 -173267.95
V 2448 -889372.12 -173275.70
V 2456 -889366.45 -173281.37
V 2464 -889358.70 -173283.45
V 2472 -889259.20 -173283.45
V 2480 -889259.20 -173323.45
V 2488 -889358.70 -173323.45
V 2496 -889366.45 -173325.53
V 2504 -889372.12 -173331.20
V 2512 -889374.20 -173338.95
V 2520 -889374.20 -173409.95
V 2528 -889372.12 -173417.70
V 2536 -889366.45 -173423.37
V 2544 -889358.70 -173425.45
V 2552 -889259.20 -173425.45
V 2560 -889259.20 -173465.45
V 2568 -889358.70 -173465.45
V 2576 -889366.45 -173467.53
V 2584 -889372.12 -173473.20
V 2592 -889374.20 -173480.95
V 2600 -889374.20 -173551.95
V 2608 -889372.12 -173559.70
V 2616 -889366.45 -173565.37
V 2624 -889358.70 -173567.45
V 2632 -889259.20 -173567.45
V 2640 -889259.20 -173607.45
V 2648 -889358.70 -173607.45
V 2656 -889366.45 -173609.53
V 2664 -889372.12 -173615.20
V 2672 -889374.20 -173622.95
V 2680 -889374.20 -173693.95
V 2688 -889372.12 -173701.70
V 2696 -889366.45 -173707.37
V 2704 -889358.70 -173709.45
V 2712 -889259.20 -173709.45
V 2720 -889259.20 -173749.45
V 2728 -889358.70 -173749.45
V 2736 -889366.45 -173751.53
V 2744 -889372.12 -173757.20
V 2752 -889374.20 -173764.95
V 2760 -889374.20 -173835.95
V 2768 -889372.12 -173843.70
V 2776 -889366.45 -173849.37
V 2784 -889358.70 -173851.45
V 2792 -889259.20 -173851.45
V 2800 -889259.20 -173891.45
V 2808 -889358.70 -173891.45
V 2816 -889366.45 -173893.53
V 2824 -889372.12 -173899.20
V 2832 -889374.20 -173906.95
V 2840 -889374.20 -173977.95
V 2848 -889372.12 -173985.70
V 2856 -889366.45 -173991.37
V 2864 -889358.70 -173993.45
V 2872 -889259.20 -173993.45
V 2880 -889259.20 -174033.45
V 2888 -889358.70 -174033.45
V 2896 -889366.45 -174035.53
V 2904 -889372.12 -174041.20
V 2912 -889374.20 -174048.95
V 2920 -889374.20 -174119.95
V 2928 -889372.12 -174127.70
V 2936 -889366.45 -174133.37
V 2944 -889358.70 -174135.45
V 2952 -889259.20 -174135.45
V 2960 -889259.20 -174175.45
V 2968 -889358.70 -174175.45
V 2976 -889366.45 -174177.53
V 2984 -889372.12 -174183.20
V 2992 -889374.20 -174190.95
V 3000 -889374.20 -174261.95
V 3008 -889372.12 -174269.70
V 3016 -889366.45 -174275.37
V 3024 -889358.70 -174277.45
V 3032 -889259.20 -174277.45
V 3040 -889259.20 -174317.45
V 3048 -889358.70 -174317.45
V 3056 -889366.45 -174319.53
V 3064 -889372.12 -174325.20
V 3072 -889374.20 -174332.95
V 3080 -889374.20 -174403.95
V 3088 -889372.12 -174411.70
V 3096 -889366.45 -174417.37
V 3104 -889358.70 -174419.45
V 3112 -889259.20 -174419.45
V 3120 -889259.20 -174459.45
V 3128 -889358.70 -174459.45
V 3136 -889366.45 -174461.53
V 3144 -889372.12 -174467.20
V 3152 -889374.20 -174474.95
V 3160 -889374.20 -174545.95
V 3168 -889372.12 -174553.70
V 3176 -889366.45 -174559.37
V 3184 -889358.70 -174561.45
V 3192 -889259.20 -174561.45
V 3200 -889259.20 -174601.45
V 3208 -889358.70 -174601.45
V 3216 -889366.45 -174603.53
V 3224 -889372.12 -174609.20
V 3232 -889374.20 -174616.95
V 3240 -889374.20 -174687.95
V 3248 -889372.12 -174695.70
V 3256 -889366.45 -174701.37
V 3264 -889358.70 -174703.45
V 3272 -889259.20 -174703.45
V 3280 -889259.20 -174743.45
V 3288 -889358.70 -174743.45
V 3296 -889366.45 -174745.53
V 3304 -889372.12 -174751.20
V 3312 -889374.20 -174758.95
V 3320 -889374.20 -174829.95
V 3328 -889372.12 -174837.70
V 3336 -889366.45 -174843.37
V 3344 -889358.70 -174845.45
V 3352 -889259.20 -174845.45
V 3360 -889259.20 -174885.45
V 3368 -889358.70 -174885.45
V 3376 -889366.45 -174887.53
V 3384 -889372.12 -174893.20
V 3392 -889374.20 -174900.95
V 3400 -889374.20 -174971.95
V 3408 -889372.12 -174979.70
V 3416 -889366.45 -174985.37
V 3424 -889358.70 -174987.45
V 3432 -889259.20 -174987.45
V 3440 -889259.20 -175027.45
V 3448 -889358.70 -175027.45
V 3456 -889366.45 -175029.53
V 3464 -889372.12 -175035.20
V 3472 -889374.20 -175042.95
V 3480 -889374.20 -175113.95
V 3488 -889372.12 -175121.70
V 3496 -889366.45 -175127.37
V 3504 -889358.70 -175129.45
V 3512 -889259.20 -175129.45
V 3520 -889259.20 -175169.45
V 3528 -889358.70 -175169.45
V 3536 -889366.45 -175171.53
V 3544 -889372.12 -175177.20
V 3552 -889374.20 -175184.95
V 3560 -889374.20 -175255.95
V 3568 -889372.12 -175263.70
V 3576 -889366.45 -175269.37
V 3584 -889358.70 -175271.45
V 3592 -889259.20 -175271.45
V 3600 -889259.20 -175311.45
V 3608 -889358.70 -175311.45
V 3616 -889366.45 -175313.53
V 3624 -889372.12 -175319.20
V 3632 -889374.20 -175326.95
V 3640 -889374.20 -175397.95
V 3648 -889372.12 -175405.70
V 3656 -889366.45 -175411.37
V 3664 -889358.70 -175413.45
V 3672 -889259.20 -175413.45
V 3680 -889259.20 -175453.45
V 3688 -889358.70 -175453.45
V 3696 -889366.45 -175455.53
V 3704 -889372.12 -175461.20
V 3712 -889374.20 -175468.95
V 3720 -889374.20 -175539.95
V 3728 -889372.12 -175547.70
V 3736 -889366.45 -175553.37
V 3744 -889358.70 -175555.45
V 3752 -889259.20 -175555.45
V 3760 -889259.20 -175595.45
V 3768 -889358.70 -175595.45
V 3776 -889366.45 -175597.53
V 3784 -889372.12 -175603.20
V 3792 -889374.20 -175610.95
V 3800 -889374.20 -175681.95
V 3808 -889372.12 -175689.70
V 3816 -889366.45 -175695.37
V 3824 -889358.70 -175697.45
V 3832 -889259.20 -175697.45
V 3840 -889259.20 -175737.45
V 3848 -889358.70 -175737.45
V 3856 -889366.45 -175739.53
V 3864 -889372.12 -175745.20
V 3872 -889374.20 -175752.95
V 3880 -889374.20 -175823.95
V 3888 -889372.12 -175831.70
V 3896 -889366.45 -175837.37
V 3904 -889358.70 -175839.45
V 3912 -889259.20 -175839.45
V 3920 -889259.20 -175879.45
V 3928 -889358.70 -175879.45
V 3936 -889366.45 -175881.53
V 3944 -889372.12 -175887.20
V 3952 -889374.20 -175894.95
V 3960 -889374.20 -175965.95
V 3968 -889372.12 -175973.70
V 3976 -889366.45 -175979.37
V 3984 -889358.70 -175981.45
V 3992 -889259.20 -175981.45
V 4000 -889259.20 -176021.45
V 4008 -889358.70 -176021.45
V 4016 -889366.45 -176023.53
V 4024 -889372.12 -176029.20
V 4032 -889374.20 -176036.95
V 4040 -889374.20 -176107.95
V 4048 -889372.12 -176115.70
V 4056 -889366.45 -176121.37
V 4064 -889358.70 -176123.45
V 4072 -889259.20 -176123.45
V 4080 -889259.20 -176163.45
V 4088 -889358.70 -176163.45
V 4096 -889366.45 -176165.53
V 4104 -889372.12 -176171.20
V 4112 -889374.20 -176178.95
V 4120 -889374.20 -176249.95
V 4128 -889372.12 -176257.70
V 4136 -889366.45 -176263.37
V 4144 -889358.70 -176265.45
V 4152 -889259.20 -176265.45
V 4160 -889259.20 -176305.45
V 4168 -889358.70 -176305.45
V 4176 -889366.45 -176307.53
V 4184 -889372.12 -176313.20
V 4192 -889374.20 -176320.95
V 4200 -889374.20 -176391.95
V 4208 -889372.12 -176399.70
V 4216 -889366.45 -176405.37
V 4224 -889358.70 -176407.45
V 4232 -889259.20 -176407.45
V 4240 -889259.20 -176447.45
V 4248 -889358.70 -176447.45
V 4256 -889366.45 -176449.53
V 4264 -889372.12 -176455.20
V 4272 -889374.20 -176462.95
V 4280 -889374.20 -176533.95
V 4288 -889372.12 -176541.70
V 4296 -889366.45 -176547.37
V 4304 -889358.70 -176549.45
V 4312 -889259.20 -176549.45
V 4320 -889259.20 -176589.45
V 4328 -889358.70 -176589.45
V 4336 -889366.45 -176591.53
V 4344 -889372.12 -176597.20
V 4352 -889374.20 -176604.95
V 4360 -889374.20 -176675.95
V 4368 -889372.12 -176683.70
V 4376 -889366.45 -176689.37
V 4384 -889358.70 -176691.45
V 4392 -889259.20 -176691.45
V 4400 -889259.20 -176731.45
V 4408 -889358.70 -176731.45
V 4416 -889366.45 -176733.53
V 4424 -889372.12 -176739.20
V 4432 -889374.20 -176746.95
V 4440 -889374.20 -176817.95
V 4448 -889372.12 -176825.70
V 4456 -889366.45 -176831.37
V 4464 -889358.70 -176833.45
V 4472 -889259.20 -176833.45
V 4480 -889259.20 -176873.45
V 4488 -889358.70 -176873.45
V 4496 -889366.45 -176875.53
V 4504 -889372.12 -176881.20
V 4512 -889374.20 -176888.95
V 4520 -889374.20 -176959.95
V 4528 -889372.12 -176967.70
V 4536 -889366.45 -176973.37
V 4544 -889358.70 -176975.45
V 4552 -889259.20 -176975.45
V 4560 -889259.20 -177015.45
V 4568 -889358.70 -177015.45
V 4576 -889366.45 -177017.53
V 4584 -889372.12 -177023.20
V 4592 -889374.20 -177030.95
V 4600 -889374.20 -177101.95
V 4608 -889372.12 -177109.70
V 4616 -889366.45 -177115.37
V 4624 -889358.70 -177117.45
V 4632 -889259.20 -177117.45
V 4640 -889259.20 -177157.45
V 4648 -889358.70 -177157.45
V 4656 -889366.45 -177159.53
V 4664 -889372.12 -177165.20
V 4672 -889374.20 -177172.95
V 4680 -889374.20 -177243.95
V 4688 -889372.12 -177251.70
V 4696 -889366.45 -177257.37
V 4704 -889358.70 -177259.45
V 4712 -889259.20 -177259.45
V 4720 -889259.20 -177299.45
V 4728 -889358.70 -177299.45
V 4736 -889366.45 -177301.53
V 4744 -889372.12 -177307.20
V 4752 -889374.20 -177314.95
V 4760 -889374.20 -177385.95
V 4768 -889372.12 -177393.70
V 4776 -889366.45 -177399.37
V 4784 -889358.70 -177401.45
V 4792 -889259.20 -177401.45
V 4800 -889259.20 -177441.45
V 4808 -889358.70 -177441.45
V 4816 -889366.45 -177443.53
V 4824 -889372.12 -177449.20
V 4832 -889374.20 -177456.95
V 4840 -889374.20 -177527.95
V 4848 -889372.12 -177535.70
V 4856 -889366.45 -177541.37
V 4864 -889358.70 -177543.45
V 4872 -889259.20 -177543.45
V 4880 -889259.20 -177583.45
V 4888 -889358.70 -177583.45
V 4896 -889366.45 -177585.53
V 4904 -889372.12 -177591.20
V 4912 -889374.20 -177598.95
V 4920 -889374.20 -177669.95
V 4928 -889372.12 -177677.70
V 4936 -889366.45 -177683.37
V 4944 -889358.70 -177685.45
V 4952 -889259.20 -177685.45
V 4960 -889259.20 -177725.45
V 4968 -889358.70 -177725.45
V 4976 -889366.45 -177727.53
V 4984 -889372.12 -177733.20
V 4992 -889374.20 -177740.95
V 5000 -889374.20 -177811.95
V 5008 -889372.12 -177819.70
V 5016 -889366.45 -177825.37
V 5024 -889358.70 -177827.45
V 5032 -889259.20 -177827.45
V 5040 -889259.20 -177867.45
V 5048 -889358.70 -177867.45
V 5056 -889366.45 -177869.53
V 5064 -889372.12 -177875.20
V 5072 -889374.20 -177882.95
V 5080 -889374.20 -177953.95
V 5088 -889372.12 -177961.70
V 5096 -889366.45 -177967.37
V 5104 -889358.70 -177969.45
V 5112 -889259.20 -177969.45
V 5120 -889259.20 -178009.45
V 5128 -889358.70 -178009.45
V 5136 -889366.45 -178011.53
V 5144 -889372.12 -178017.20
V 5152 -889374.20 -178024.95
V 5160 -889374.20 -178095.95
V 5168 -889372.12 -178103.70
V 5176 -889366.45 -178109.37
V 5184 -889358.70 -178111.45
V 5192 -889259.20 -178111.45
V 5200 -889259.20 -178151.45
V 5208 -889358.70 -178151.45
V 5216 -889366.45 -178153.53
V 5224 -889372.12 -178159.20
V 5232 -889374.20 -178166.95
V 5240 -889374.20 -178237.95
V 5248 -889372.12 -178245.70
V 5256 -889366.45 -178251.37
V 5264 -889358.70 -178253.45
V 5272 -889259.20 -178253.45
V 5280 -889259.20 -178293.45
V 5288 -889358.70 -178293.45
V 5296 -889366.45 -178295.53
V 5304 -889372.12 -178301.20
V 5312 -889374.20 -178308.95
V 5320 -889374.20 -178379.95
V 5328 -889372.12 -178387.70
V 5336 -889366.45 -178393.37
V 5344 -889358.70 -178395.45
V 5352 -889316.70 -178395.45
V 5360 -889316.70 -178404.45
V 5368 -889285.70 -178404.45
V 5376 -889285.70 -178379.95
V 5384 -889285.74 -178378.84
V 5392 -889285.86 -178377.74
V 5400 -889286.05 -178376.66
V 5408 -889286.33 -178375.58
V 5416 -889286.68 -178374.53
V 5424 -889287.10 -178373.51
V 5432 -889287.60 -178372.52
V 5440 -889288.16 -178371.57
V 5448 -889288.79 -178370.66
V 5456 -889289.49 -178369.80
V 5464 -889290.24 -178368.99
V 5472 -889291.05 -178368.24
V 5480 -889291.91 -178367.54
V 5488 -889292.82 -178366.91
V 5496 -889293.77 -178366.35
V 5504 -889294.76 -178365.85
V 5512 -889295.78 -178365.43
V 5520 -889296.83 -178365.08
V 5528 -889297.91 -178364.80
V 5536 -889298.99 -178364.61
V 5544 -889300.09 -178364.49
V 5552 -889301.20 -178364.45
V 5560 -889343.20 -178364.45
V 5568 -889343.20 -178324.45
V 5576 -889243.70 -178324.45
V 5584 -889235.95 -178322.37
V 5592 -889230.28 -178316.70
V 5600 -889228.20 -178308.95
V 5608 -889228.20 -178237.95
V 5616 -889230.28 -178230.20
V 5624 -889235.95 -178224.53
V 5632 -889243.70 -178222.45
V 5640 -889343.20 -178222.45
V 5648 -889343.20 -178182.45
V 5656 -889243.70 -178182.45
V 5664 -889235.95 -178180.37
V 5672 -889230.28 -178174.70
V 5680 -889228.20 -178166.95
V 5688 -889228.20 -178095.95
V 5696 -889230.28 -178088.20
V 5704 -889235.95 -178082.53
V 5712 -889243.70 -178080.45
V 5720 -889343.20 -178080.45
V 5728 -889343.20 -178040.45
V 5736 -889243.70 -178040.45
V 5744 -889235.95 -178038.37
V 5752 -889230.28 -178032.70
V 5760 -889228.20 -178024.95
V 5768 -889228.20 -177953.95
V 5776 -889230.28 -177946.20
V 5784 -889235.95 -177940.53
V 5792 -889243.70 -177938.45
V 5800 -889343.20 -177938.45
V 5808 -889343.20 -177898.45
V 5816 -889243.70 -177898.45
V 5824 -889235.95 -177896.37
V 5832 -889230.28 -177890.70
V 5840 -889228.20 -177882.95
V 5848 -889228.20 -177811.95
V 5856 -889230.28 -177804.20
V 5864 -889235.95 -177798.53
V 5872 -889243.70 -177796.45
V 5880 -889343.20 -177796.45
V 5888 -889343.20 -177756.45
V 5896 -889243.70 -177756.45
V 5904 -889235.95 -177754.37
V 5912 -889230.28 -177748.70
V 5920 -889228.20 -177740.95
V 5928 -889228.20 -177669.95
V 5936 -889230.28 -177662.20
V 5944 -889235.95 -177656.53
V 5952 -889243.70 -177654.45
V 5960 -889343.20 -177654.45
V 5968 -889343.20 -177614.45
V 5976 -889243.70 -177614.45
V 5984 -889235.95 -177612.37
V 5992 -889230.28 -177606.70
V 6000 -889228.20 -177598.95
V 6008 -889228.20 -177527.95
V 6016 -889230.28 -177520.20
V 6024 -889235.95 -177514.53
V 6032 -889243.70 -177512.45
V 6040 -889343.20 -177512.45
V 6048 -889343.20 -177472.45
V 6056 -889243.70 -177472.45
V 6064 -889235.95 -177470.37
V 6072 -889230.28 -177464.70
V 6080 -889228.20 -177456.95
V 6088 -889228.20 -177385.95
V 6096 -889230.28 -177378.20
V 6104 -889235.95 -177372.53
V 6112 -889243.70 -177370.45
V 6120 -889343.20 -177370.45
V 6128 -889343.20 -177330.45
V 6136 -889243.70 -177330.45
V 6144 -889235.95 -177328.37
V 6152 -889230.28 -177322.70
V 6160 -889228.20 -177314.95
V 6168 -889228.20 -177243.95
V 6176 -889230.28 -177236.20
V 6184 -889235.95 -177230.53
V 6192 -889243.70 -177228.45
V 6200 -889343.20 -177228.45
V 6208 -889343.20 -177188.45
V 6216 -889243.70 -177188.45
V 6224 -889235.95 -177186.37
V 6232 -889230.28 -177180.70
V 6240 -889228.20 -177172.95
V 6248 -889228.20 -177101.95
V 6256 -889230.28 -177094.20
V 6264 -889235.95 -177088.53
V 6272 -889243.70 -177086.45
V 6280 -889343.20 -177086.45
V 6288 -889343.20 -177046.45
V 6296 -889243.70 -177046.45
V 6304 -889235.95 -177044.37
V 6312 -889230.28 -177038.70
V 6320 -889228.20 -177030.95
V 6328 -889228.20 -176959.95
V 6336 -889230.28 -176952.20
V 6344 -889235.95 -176946.53
V 6352 -889243.70 -176944.45
V 6360 -889343.20 -176944.45
V 6368 -889343.20 -176904.45
V 6376 -889243.70 -176904.45
V 6384 -889235.95 -176902.37
V 6392 -889230.28 -176896.70
V 6400 -889228.20 -176888.95
V 6408 -889228.20 -176817.95
V 6416 -889230.28 -176810.20
V 6424 -889235.95 -176804.53
V 6432 -889243.70 -176802.45
V 6440 -889343.20 -176802.45
V 6448 -889343.20 -176762.45
V 6456 -889243.70 -176762.45
V 6464 -889235.95 -176760.37
V 6472 -889230.28 -176754.70
V 6480 -889228.20 -176746.95
V 6488 -889228.20 -176675.95
V 6496 -889230.28 -176668.20
V 6504 -889235.95 -176662.53
V 6512 -889243.70 -176660.45
V 6520 -889343.20 -176660.45
V 6528 -889343.20 -176620.45
V 6536 -889243.70 -176620.45
V 6544 -889235.95 -176618.37
V 6552 -889230.28 -176612.70
V 6560 -889228.20 -176604.95
V 6568 -889228.20 -176533.95
V 6576 -889230.28 -176526.20
V 6584 -889235.95 -176520.53
V 6592 -889243.70 -176518.45
V 6600 -889343.20 -176518.45
V 6608 -889343.20 -176478.45
V 6616 -889243.70 -176478.45
V 6624 -889235.95 -176476.37
V 6632 -889230.28 -176470.70
V 6640 -889228.20 -176462.95
V 6648 -889228.20 -176391.95
V 6656 -889230.28 -176384.20
V 6664 -889235.95 -176378.53
V 6672 -889243.70 -176376.45
V 6680 -889343.20 -176376.45
V 6688 -889343.20 -176336.45
V 6696 -889243.70 -176336.45
V 6704 -889235.95 -176334.37
V 6712 -889230.28 -176328.70
V 6720 -889228.20 -176320.95
V 6728 -889228.20 -176249.95
V 6736 -889230.28 -176242.20
V 6744 -889235.95 -176236.53
V 6752 -889243.70 -176234.45
V 6760 -889343.20 -176234.45
V 6768 -889343.20 -176194.45
V 6776 -889243.70 -176194.45
V 6784 -889235.95 -176192.37
V 6792 -889230.28 -176186.70
V 6800 -889228.20 -176178.95
V 6808 -889228.20 -176107.95
V 6816 -889230.28 -176100.20
V 6824 -889235.95 -176094.53
V 6832 -889243.70 -176092.45
V 6840 -889343.20 -176092.45
V 6848 -889343.20 -176052.45
V 6856 -889243.70 -176052.45
V 6864 -889235.95 -176050.37
V 6872 -889230.28 -176044.70
V 6880 -889228.20 -176036.95
V 6888 -889228.20 -175965.95
V 6896 -889230.28 -175958.20
V 6904 -889235.95 -175952.53
V 6912 -889243.70 -175950.45
V 6920 -889343.20 -175950.45
V 6928 -889343.20 -175910.45
V 6936 -889243.70 -175910.45
V 6944 -889235.95 -175908.37
V 6952 -889230.28 -175902.70
V 6960 -889228.20 -175894.95
V 6968 -889228.20 -175823.95
V 6976 -889230.28 -175816.20
V 6984 -889235.95 -175810.53
V 6992 -889243.70 -175808.45
V 7000 -889343.20 -175808.45
V 7008 -889343.20 -175768.45
V 7016 -889243.70 -175768.45
V 7024 -889235.95 -175766.37
V 7032 -889230.28 -175760.70
V 7040 -889228.20 -175752.95
V 7048 -889228.20 -175681.95
V 7056 -889230.28 -175674.20
V 7064 -889235.95 -175668.53
V 7072 -889243.70 -175666.45
V 7080 -889343.20 -175666.45
V 7088 -889343.20 -175626.45
V 7096 -889243.70 -175626.45
V 7104 -889235.95 -175624.37
V 7112 -889230.28 -175618.70
V 7120 -889228.20 -175610.95
V 7128 -889228.20 -175539.95
V 7136 -889230.28 -175532.20
V 7144 -889235.95 -175526.53
V 7152 -889243.70 -175524.45
V 7160 -889343.20 -175524.45
V 7168 -889343.20 -175484.45
V 7176 -889243.70 -175484.45
V 7184 -889235.95 -175482.37
V 7192 -889230.28 -175476.70
V 7200 -889228.20 -175468.95
V 7208 -889228.20 -175397.95
V 7216 -889230.28 -175390.20
V 7224 -889235.95 -175384.53
V 7232 -889243.70 -175382.45
V 7240 -889343.20 -175382.45
V 7248 -889343.20 -175342.45
V 7256 -889243.70 -175342.45
V 7264 -889235.95 -175340.37
V 7272 -889230.28 -175334.70
V 7280 -889228.20 -175326.95
V 7288 -889228.20 -175255.95
V 7296 -889230.28 -175248.20
V 7304 -889235.95 -175242.53
V 7312 -889243.70 -175240.45
V 7320 -889343.20 -175240.45
V 7328 -889343.20 -175200.45
V 7336 -889243.70 -175200.45
V 7344 -889235.95 -175198.37
V 7352 -889230.28 -175192.70
V 7360 -889228.20 -175184.95
V 7368 -889228.20 -175113.95
V 7376 -889230.28 -175106.20
V 7384 -889235.95 -175100.53
V 7392 -889243.70 -175098.45
V 7400 -889343.20 -175098.45
V 7408 -889343.20 -175058.45
V 7416 -889243.70 -175058.45
V 7424 -889235.95 -175056.37
V 7432 -889230.28 -175050.70
V 7440 -889228.20 -175042.95
V 7448 -889228.20 -174971.95
V 7456 -889230.28 -174964.20
V 7464 -889235.95 -174958.53
V 7472 -889243.70 -174956.45
V 7480 -889343.20 -174956.45
V 7488 -889343.20 -174916.45
V 7496 -889243.70 -174916.45
V 7504 -889235.95 -174914.37
V 7512 -889230.28 -174908.70
V 7520 -889228.20 -174900.95
V 7528 -889228.20 -174829.95
V 7536 -889230.28 -174822.20
V 7544 -889235.95 -174816.53
V 7552 -889243.70 -174814.45
V 7560 -889343.20 -174814.45
V 7568 -889343.20 -174774.45
V 7576 -889243.70 -174774.45
V 7584 -889235.95 -174772.37
V 7592 -889230.28 -174766.70
V 7600 -889228.20 -174758.95
V 7608 -889228.20 -174687.95
V 7616 -889230.28 -174680.20
V 7624 -889235.95 -174674.53
V 7632 -889243.70 -174672.45
V 7640 -889343.20 -174672.45
V 7648 -889343.20 -174632.45
V 7656 -889243.70 -174632.45
V 7664 -889235.95 -174630.37
V 7672 -889230.28 -174624.70
V 7680 -889228.20 -174616.95
V 7688 -889228.20 -174545.95
V 7696 -889230.28 -174538.20
V 7704 -889235.95 -174532.53
V 7712 -889243.70 -174530.45
V 7720 -889343.20 -174530.45
V 7728 -889343.20 -174490.45
V 7736 -889243.70 -174490.45
V 7744 -889235.95 -174488.37
V 7752 -889230.28 -174482.70
V 7760 -889228.20 -174474.95
V 7768 -889228.20 -174403.95
V 7776 -889230.28 -174396.20
V 7784 -889235.95 -174390.53
V 7792 -889243.70 -174388.45
V 7800 -889343.20 -174388.45
V 7808 -889343.20 -174348.45
V 7816 -889243.70 -174348.45
V 7824 -889235.95 -174346.37
V 7832 -889230.28 -174340.70
V 7840 -889228.20 -174332.95
V 7848 -889228.20 -174261.95
V 7856 -889230.28 -174254.20
V 7864 -889235.95 -174248.53
V 7872 -889243.70 -174246.45
V 7880 -889343.20 -174246.45
V 7888 -889343.20 -174206.45
V 7896 -889243.70 -174206.45
V 7904 -889235.95 -174204.37
V 7912 -889230.28 -174198.70
V 7920 -889228.20 -174190.95
V 7928 -889228.20 -174119.95
V 7936 -889230.28 -174112.20
V 7944 -889235.95 -174106.53
V 7952 -889243.70 -174104.45
V 7960 -889343.20 -174104.45
V 7968 -889343.20 -174064.45
V 7976 -889243.70 -174064.45
V 7984 -889235.95 -174062.37
V 7992 -889230.28 -174056.70
V 8000 -889228.20 -174048.95
V 8008 -889228.20 -173977.95
V 8016 -889230.28 -173970.20
V 8024 -889235.95 -173964.53
V 8032 -889243.70 -173962.45
V 8040 -889343.20 -173962.45
V 8048 -889343.20 -173922.45
V 8056 -889243.70 -173922.45
V 8064 -889235.95 -173920.37
V 8072 -889230.28 -173914.70
V 8080 -889228.20 -173906.95
V 8088 -889228.20 -173835.95
V 8096 -889230.28 -173828.20
V 8104 -889235.95 -173822.53
V 8112 -889243.70 -173820.45
V 8120 -889343.20 -173820.45
V 8128 -889343.20 -173780.45
V 8136 -889243.70 -173780.45
V 8144 -889235.95 -173778.37
V 8152 -889230.28 -173772.70
V 8160 -889228.20 -173764.95
V 8168 -889228.20 -173693.95
V 8176 -889230.28 -173686.20
V 8184 -889235.95 -173680.53
V 8192 -889243.70 -173678.45
V 8200 -889343.20 -173678.45
V 8208 -889343.20 -173638.45
V 8216 -889243.70 -173638.45
V 8224 -889235.95 -173636.37
V 8232 -889230.28 -173630.70
V 8240 -889228.20 -173622.95
V 8248 -889228.20 -173551.95
V 8256 -889230.28 -173544.20
V 8264 -889235.95 -173538.53
V 8272 -889243.70 -173536.45
V 8280 -889343.20 -173536.45
V 8288 -889343.20 -173496.45
V 8296 -889243.70 -173496.45
V 8304 -889235.95 -173494.37
V 8312 -889230.28 -173488.70
V 8320 -889228.20 -173480.95
V 8328 -889228.20 -173409.95
V 8336 -889230.28 -173402.20
V 8344 -889235.95 -173396.53
V 8352 -889243.70 -173394.45
V 8360 -889343.20 -173394.45
V 8368 -889343.20 -173354.45
V 8376 -889243.70 -173354.45
V 8384 -889235.95 -173352.37
V 8392 -889230.28 -173346.70
V 8400 -889228.20 -173338.95
V 8408 -889228.20 -173267.95
V 8416 -889230.28 -173260.20
V 8424 -889235.95 -173254.53
V 8432 -889243.70 -173252.45
V 8440 -889343.20 -173252.45
V 8448 -889343.20 -173212.45
V 8456 -889243.70 -173212.45
V 8464 -889235.95 -173210.37
V 8472 -889230.28 -173204.70
V 8480 -889228.20 -173196.95
V 8488 -889228.20 -173125.95
V 8496 -889230.28 -173118.20
V 8504 -889235.95 -173112.53
V 8512 -889243.70 -173110.45
V 8520 -889343.20 -173110.45
V 8528 -889343.20 -173070.45
V 8536 -889243.70 -173070.45
V 8544 -889235.95 -173068.37
V 8552 -889230.28 -173062.70
V 8560 -889228.20 -173054.95
V 8568 -889228.20 -172983.95
V 8576 -889230.28 -172976.20
V 8584 -889235.95 -172970.53
V 8592 -889243.70 -172968.45
V 8600 -889343.20 -172968.45
V 8608 -889343.20 -172928.45
V 8616 -889243.70 -172928.45
V 8624 -889235.95 -172926.37
V 8632 -889230.28 -172920.70
V 8640 -889228.20 -172912.95
V 8648 -889228.20 -172841.95
V 8656 -889230.28 -172834.20
V 8664 -889235.95 -172828.53
V 8672 -889243.70 -172826.45
V 8680 -889343.20 -172826.45
V 8688 -889343.20 -172786.45
V 8696 -889243.70 -172786.45
V 8704 -889235.95 -172784.37
V 8712 -889230.28 -172778.70
V 8720 -889228.20 -172770.95
V 8728 -889228.20 -172699.95
V 8736 -889230.28 -172692.20
V 8744 -889235.95 -172686.53
V 8752 -889243.70 -172684.45
V 8760 -889343.20 -172684.45
V 8768 -889343.20 -172644.45
V 8776 -889243.70 -172644.45
V 8784 -889235.95 -172642.37
V 8792 -889230.28 -172636.70
V 8800 -889228.20 -172628.95
V 8808 -889228.20 -172557.95
V 8816 -889230.28 -172550.20
V 8824 -889235.95 -172544.53
V 8832 -889243.70 -172542.45
V 8840 -889343.20 -172542.45
V 8848 -889343.20 -172502.45
V 8856 -889243.70 -172502.45
V 8864 -889235.95 -172500.37
V 8872 -889230.28 -172494.70
V 8880 -889228.20 -172486.95
V 8888 -889228.20 -172415.95
V 8896 -889230.28 -172408.20
V 8904 -889235.95 -172402.53
V 8912 -889243.70 -172400.45
V 8920 -889343.20 -172400.45
V 8928 -889343.20 -172360.45
V 8936 -889243.70 -172360.45
V 8944 -889235.95 -172358.37
V 8952 -889230.28 -172352.70
V 8960 -889228.20 -172344.95
V 8968 -889228.20 -172273.95
V 8976 -889230.28 -172266.20
V 8984 -889235.95 -172260.53
V 8992 -889243.70 -172258.45
V 9000 -889343.20 -172258.45
V 9008 -889343.20 -172218.45
V 9016 -889243.70 -172218.45
V 9024 -889235.95 -172216.37
V 9032 -889230.28 -172210.70
V 9040 -889228.20 -172202.95
V 9048 -889228.20 -172131.95
V 9056 -889230.28 -172124.20
V 9064 -889235.95 -172118.53
V 9072 -889243.70 -172116.45
V 9080 -889343.20 -172116.45
V 9088 -889343.20 -172076.45
V 9096 -889243.70 -172076.45
V 9104 -889235.95 -172074.37
V 9112 -889230.28 -172068.70
V 9120 -889228.20 -172060.95
V 9128 -889228.20 -171989.95
V 9136 -889230.28 -171982.20
V 9144 -889235.95 -171976.53
V 9152 -889243.70 -171974.45
V 9160 -889343.20 -171974.45
V 9168 -889343.20 -171934.45
V 9176 -889243.70 -171934.45
V 9184 -889235.95 -171932.37
V 9192 -889230.28 -171926.70
V 9200 -889228.20 -171918.95
V 9208 -889228.20 -171847.95
V 9216 -889230.28 -171840.20
V 9224 -889235.95 -171834.53
V 9232 -889243.70 -171832.45
V 9240 -889343.20 -171832.45
V 9248 -889343.20 -171792.45
V 9256 -889243.70 -171792.45
V 9264 -889235.95 -171790.37
V 9272 -889230.28 -171784.70
V 9280 -889228.20 -171776.95
V 9288 -889228.20 -171705.95
V 9296 -889230.28 -171698.20
V 9304 -889235.95 -171692.53
V 9312 -889243.70 -171690.45
V 9320 -889343.20 -171690.45
V 9328 -889343.20 -171650.45
V 9336 -889243.70 -171650.45
V 9344 -889235.95 -171648.37
V 9352 -889230.28 -171642.70
V 9360 -889228.20 -171634.95
V 9368 -889228.20 -171563.95
V 9376 -889230.28 -171556.20
V 9384 -889235.95 -171550.53
V 9392 -889243.70 -171548.45
V 9400 -889343.20 -171548.45
V 9408 -889343.20 -171508.45
V 9416 -889243.70 -171508.45
V 9424 -889235.95 -171506.37
V 9432 -889230.28 -171500.70
V 9440 -889228.20 -171492.95
V 9448 -889228.20 -171421.95
V 9456 -889230.28 -171414.20
V 9464 -889235.95 -171408.53
V 9472 -889243.70 -171406.45
V 9480 -889343.20 -171406.45
V 9488 -889343.20 -171366.45
V 9496 -889243.70 -171366.45
V 9504 -889235.95 -171364.37
V 9512 -889230.28 -171358.70
V 9520 -889228.20 -171350.95
V 9528 -889228.20 -171279.95
V 9536 -889230.28 -171272.20
V 9544 -889235.95 -171266.53
V 9552 -889243.70 -171264.45
V 9560 -889343.20 -171264.45
V 9568 -889343.20 -171224.45
V 9576 -889243.70 -171224.45
V 9584 -889235.95 -171222.37
V 9592 -889230.28 -171216.70
V 9600 -889228.20 -171208.95
V 9608 -889228.20 -171137.95
V 9616 -889230.28 -171130.20
V 9624 -889235.95 -171124.53
V 9632 -889243.70 -171122.45
V 9640 -889343.20 -171122.45
V 9648 -889343.20 -171082.45
V 9656 -889243.70 -171082.45
V 9664 -889235.95 -171080.37
V 9672 -889230.28 -171074.70
V 9680 -889228.20 -171066.95
V 9688 -889228.20 -170995.95
V 9696 -889230.28 -170988.20
V 9704 -889235.95 -170982.53
V 9712 -889243.70 -170980.45
V 9720 -889343.20 -170980.45
V 9728 -889343.20 -170940.45
V 9736 -889243.70 -170940.45
V 9744 -889235.95 -170938.37
V 9752 -889230.28 -170932.70
V 9760 -889228.20 -170924.95
V 9768 -889228.20 -170853.95
