V 0 1086227.74 78779.14
V 8 1086227.74 78817.09
V 16 1086227.73 78817.27
V 24 1086227.70 78817.45
V 32 1086227.64 78817.62
V 40 1086227.57 78817.79
V 48 1086227.47 78817.94
V 56 1086227.36 78818.08
V 64 1086227.23 78818.21
V 72 1086227.09 78818.32
V 80 1086226.94 78818.42
V 88 1086226.77 78818.49
V 96 1086226.60 78818.55
V 104 1086226.42 78818.58
V 112 1086226.24 78818.59
V 120 1086226.18 78818.59
V 128 1086226.18 78837.11
V 136 1086225.98 78837.86
V 144 1086225.43 78838.41
V 152 1086224.68 78838.61
V 160 1086222.73 78838.61
V 168 1086222.73 78849.00
V 176 1086222.53 78849.75
V 184 1086221.98 78850.30
V 192 1086221.23 78850.50
V 200 1086124.65 78850.50
V 208 1086119.03 78851.04
V 216 1086118.75 78848.06
V 224 1086124.38 78847.52
V 232 1086124.42 78847.51
V 240 1086124.52 78847.50
V 248 1086219.73 78847.50
V 256 1086219.73 78837.11
V 264 1086219.93 78836.36
V 272 1086220.48 78835.81
V 280 1086221.23 78835.61
V 288 1086223.18 78835.61
V 296 1086223.18 78817.09
V 304 1086223.19 78816.91
V 312 1086223.22 78816.73
V 320 1086223.28 78816.56
V 328 1086223.35 78816.39
V 336 1086223.45 78816.24
V 344 1086223.56 78816.10
V 352 1086223.69 78815.97
V 360 1086223.83 78815.86
V 368 1086223.98 78815.76
V 376 1086224.15 78815.69
V 384 1086224.32 78815.63
V 392 1086224.50 78815.60
V 400 1086224.68 78815.59
V 408 1086224.74 78815.59
V 416 1086224.74 78777.64
V 424 1086224.94 78776.89
V 432 1086225.49 78776.34
V 440 1086226.24 78776.14
V 448 1086263.36 78776.14
V 456 1086263.36 78779.14
