V 0 -913720.28 -173118.20
V 8 -913725.95 -173112.53
V 16 -913733.70 -173110.45
V 24 -913775.70 -173110.45
V 32 -913775.70 -172979.07
V 40 -913777.36 -172972.08
V 48 -913782.00 -172966.60
V 56 -913788.61 -172963.79
V 64 -918029.20 -172243.73
V 72 -921818.66 -171600.27
V 80 -921985.02 -171572.03
V 88 -922659.98 -171457.41
V 96 -922746.21 -171442.78
V 104 -924508.86 -171143.47
V 112 -925342.32 -171001.95
V 120 -925738.88 -170934.61
V 128 -927275.85 -170673.63
V 136 -928864.91 -170403.81
V 144 -935812.00 -169224.18
V 152 -963319.99 -164553.26
V 160 -963514.72 -164520.19
V 168 -964226.88 -164399.27
V 176 -966279.75 -164050.69
V 184 -967925.29 -163771.27
V 192 -968343.08 -163700.33
V 200 -968557.84 -163663.86
V 208 -968807.69 -163621.44
V 216 -969022.46 -163584.97
V 224 -969272.29 -163542.55
V 232 -969487.05 -163506.08
V 240 -969736.90 -163463.66
V 248 -969951.67 -163427.19
V 256 -970201.50 -163384.77
V 264 -970416.27 -163348.30
V 272 -970666.10 -163305.88
V 280 -970880.86 -163269.41
V 288 -971130.71 -163226.99
V 296 -971345.47 -163190.52
V 304 -971595.31 -163148.09
V 312 -971810.07 -163111.63
V 320 -972059.91 -163069.20
V 328 -972274.68 -163032.74
V 336 -972524.52 -162990.31
V 344 -972739.28 -162953.85
V 352 -972989.12 -162911.42
V 360 -973203.90 -162874.95
V 368 -974552.52 -162645.95
V 376 -975360.98 -162508.68
V 384 -976037.81 -162393.75
V 392 -977285.96 -162181.81
V 400 -977540.01 -162138.67
V 408 -978799.95 -161924.73
V 416 -979728.59 -161767.05
V 424 -979800.71 -161754.80
V 432 -982060.23 -161371.13
V 440 -983229.21 -161172.64
V 448 -983843.17 -161068.38
V 456 -988071.23 -160350.45
V 464 -988440.62 -160287.73
V 472 -988896.32 -160210.35
V 480 -989276.73 -160145.75
V 488 -991004.77 -159852.33
V 496 -991025.65 -159848.78
V 504 -991391.10 -159786.73
V 512 -991409.81 -159783.55
V 520 -991832.11 -159711.84
V 528 -992139.09 -159659.72
V 536 -993204.12 -159478.87
V 544 -995268.62 -159128.32
V 552 -996675.18 -158889.48
V 560 -996870.24 -158856.36
V 568 -997660.02 -158722.25
V 576 -997938.61 -158674.95
V 584 -998011.45 -158662.58
V 592 -999310.24 -158442.04
V 600 -999417.59 -158423.81
V 608 -999839.34 -158352.20
V 616 -1000143.72 -158300.52
V 624 -1000901.52 -158171.84
V 632 -1000918.12 -158169.02
V 640 -1001282.57 -158107.14
V 648 -1001838.37 -158012.76
V 656 -1002694.41 -157867.40
V 664 -1002938.56 -157825.95
V 672 -1003499.00 -157730.78
V 680 -1003499.00 -157719.35
V 688 -1003530.00 -157719.35
V 696 -1003530.00 -157743.87
V 704 -1003529.96 -157744.96
V 712 -1003529.85 -157746.04
V 720 -1003529.66 -157747.11
V 728 -1003529.39 -157748.16
V 736 -1003529.06 -157749.20
V 744 -1003528.65 -157750.20
V 752 -1003528.17 -157751.18
V 760 -1003527.62 -157752.12
V 768 -1003527.01 -157753.02
V 776 -1003526.34 -157753.87
V 784 -1003525.61 -157754.68
V 792 -1003524.83 -157755.43
V 800 -1003523.99 -157756.13
V 808 -1003523.11 -157756.76
V 816 -1003522.18 -157757.33
V 824 -1003521.22 -157757.84
V 832 -1003520.23 -157758.27
V 840 -1003519.20 -157758.64
V 848 -1003518.16 -157758.93
V 856 -1003517.09 -157759.15
V 864 -1003318.09 -157792.94
V 872 -1002943.74 -157856.51
V 880 -1002699.59 -157897.96
V 888 -1001843.55 -158043.32
V 896 -1001287.75 -158137.70
V 904 -1000923.32 -158199.58
V 912 -1000906.72 -158202.40
V 920 -1000148.90 -158331.08
V 928 -999844.52 -158382.76
V 936 -999422.79 -158454.37
V 944 -999315.44 -158472.60
V 952 -998784.22 -158562.80
V 960 -998016.65 -158693.14
V 968 -997943.81 -158705.51
V 976 -997665.20 -158752.81
V 984 -996875.42 -158886.92
V 992 -996680.36 -158920.04
V 1000 -995273.80 -159158.88
V 1008 -993209.30 -159509.43
V 1016 -992144.27 -159690.28
V 1024 -991837.29 -159742.40
V 1032 -991415.01 -159814.11
V 1040 -991396.30 -159817.29
V 1048 -991030.85 -159879.34
V 1056 -991009.97 -159882.89
V 1064 -989281.93 -160176.31
V 1072 -988901.52 -160240.91
V 1080 -988445.80 -160318.29
V 1088 -988076.41 -160381.01
V 1096 -983848.35 -161098.94
V 1104 -983234.39 -161203.20
V 1112 -982065.41 -161401.69
V 1120 -979805.91 -161785.36
V 1128 -979733.79 -161797.61
V 1136 -978805.13 -161955.29
V 1144 -977545.19 -162169.23
V 1152 -977291.14 -162212.37
V 1160 -976042.99 -162424.31
V 1168 -975366.16 -162539.24
V 1176 -974557.70 -162676.51
V 1184 -973209.08 -162905.51
V 1192 -972994.32 -162941.98
V 1200 -972744.48 -162984.41
V 1208 -972529.72 -163020.87
V 1216 -972279.88 -163063.30
V 1224 -972065.11 -163099.76
V 1232 -971815.27 -163142.19
V 1240 -971600.51 -163178.65
V 1248 -971350.67 -163221.08
V 1256 -971135.89 -163257.55
V 1264 -970886.06 -163299.97
V 1272 -970671.30 -163336.44
V 1280 -970421.45 -163378.86
V 1288 -970206.68 -163415.33
V 1296 -969956.85 -163457.75
V 1304 -969742.08 -163494.22
V 1312 -969492.25 -163536.64
V 1320 -969277.49 -163573.11
V 1328 -969027.64 -163615.53
V 1336 -968812.87 -163652.00
V 1344 -968563.04 -163694.42
V 1352 -968348.28 -163730.89
V 1360 -968098.43 -163773.31
V 1368 -966284.93 -164081.25
V 1376 -964232.06 -164429.83
V 1384 -963519.92 -164550.75
V 1392 -963337.14 -164581.79
V 1400 -935817.18 -169254.74
V 1408 -928870.09 -170434.37
V 1416 -927281.03 -170704.19
V 1424 -925744.06 -170965.17
V 1432 -925347.50 -171032.51
V 1440 -924514.04 -171174.03
V 1448 -922751.39 -171473.34
V 1456 -922665.18 -171487.97
V 1464 -921990.22 -171602.59
V 1472 -921823.84 -171630.83
V 1480 -913806.70 -172992.16
V 1488 -913806.70 -173125.95
V 1496 -913804.62 -173133.70
V 1504 -913798.95 -173139.37
V 1512 -913791.20 -173141.45
V 1520 -913749.20 -173141.45
V 1528 -913749.20 -173181.45
V 1536 -913848.70 -173181.45
V 1544 -913856.45 -173183.53
V 1552 -913862.12 -173189.20
V 1560 -913864.20 -173196.95
V 1568 -913864.20 -173267.95
V 1576 -913862.12 -173275.70
V 1584 -913856.45 -173281.37
V 1592 -913848.70 -173283.45
V 1600 -913749.20 -173283.45
V 1608 -913749.20 -173323.45
V 1616 -913848.70 -173323.45
V 1624 -913856.45 -173325.53
V 1632 -913862.12 -173331.20
V 1640 -913864.20 -173338.95
V 1648 -913864.20 -173409.95
V 1656 -913862.12 -173417.70
V 1664 -913856.45 -173423.37
V 1672 -913848.70 -173425.45
V 1680 -913749.20 -173425.45
V 1688 -913749.20 -173465.45
V 1696 -913848.70 -173465.45
V 1704 -913856.45 -173467.53
V 1712 -913862.12 -173473.20
V 1720 -913864.20 -173480.95
V 1728 -913864.20 -173551.95
V 1736 -913862.12 -173559.70
V 1744 -913856.45 -173565.37
V 1752 -913848.70 -173567.45
V 1760 -913749.20 -173567.45
V 1768 -913749.20 -173607.45
V 1776 -913848.70 -173607.45
V 1784 -913856.45 -173609.53
V 1792 -913862.12 -173615.20
V 1800 -913864.20 -173622.95
V 1808 -913864.20 -173693.95
V 1816 -913862.12 -173701.70
V 1824 -913856.45 -173707.37
V 1832 -913848.70 -173709.45
V 1840 -913749.20 -173709.45
V 1848 -913749.20 -173749.45
V 1856 -913848.70 -173749.45
V 1864 -913856.45 -173751.53
V 1872 -913862.12 -173757.20
V 1880 -913864.20 -173764.95
V 1888 -913864.20 -173835.95
V 1896 -913862.12 -173843.70
V 1904 -913856.45 -173849.37
V 1912 -913848.70 -173851.45
V 1920 -913749.20 -173851.45
V 1928 -913749.20 -173891.45
V 1936 -913848.70 -173891.45
V 1944 -913856.45 -173893.53
V 1952 -913862.12 -173899.20
V 1960 -913864.20 -173906.95
V 1968 -913864.20 -173977.95
V 1976 -913862.12 -173985.70
V 1984 -913856.45 -173991.37
V 1992 -913848.70 -173993.45
V 2000 -913749.20 -173993.45
V 2008 -913749.20 -174033.45
V 2016 -913848.70 -174033.45
V 2024 -913856.45 -174035.53
V 2032 -913862.12 -174041.20
V 2040 -913864.20 -174048.95
V 2048 -913864.20 -174119.95
V 2056 -913862.12 -174127.70
V 2064 -913856.45 -174133.37
V 2072 -913848.70 -174135.45
V 2080 -913749.20 -174135.45
V 2088 -913749.20 -174175.45
V 2096 -913848.70 -174175.45
V 2104 -913856.45 -174177.53
V 2112 -913862.12 -174183.20
V 2120 -913864.20 -174190.95
V 2128 -913864.20 -174261.95
V 2136 -913862.12 -174269.70
V 2144 -913856.45 -174275.37
V 2152 -913848.70 -174277.45
V 2160 -913749.20 -174277.45
V 2168 -913749.20 -174317.45
V 2176 -913848.70 -174317.45
V 2184 -913856.45 -174319.53
V 2192 -913862.12 -174325.20
V 2200 -913864.20 -174332.95
V 2208 -913864.20 -174403.95
V 2216 -913862.12 -174411.70
V 2224 -913856.45 -174417.37
V 2232 -913848.70 -174419.45
V 2240 -913749.20 -174419.45
V 2248 -913749.20 -174459.45
V 2256 -913848.70 -174459.45
V 2264 -913856.45 -174461.53
V 2272 -913862.12 -174467.20
V 2280 -913864.20 -174474.95
V 2288 -913864.20 -174545.95
V 2296 -913862.12 -174553.70
V 2304 -913856.45 -174559.37
V 2312 -913848.70 -174561.45
V 2320 -913749.20 -174561.45
V 2328 -913749.20 -174601.45
V 2336 -913848.70 -174601.45
V 2344 -913856.45 -174603.53
V 2352 -913862.12 -174609.20
V 2360 -913864.20 -174616.95
V 2368 -913864.20 -174687.95
V 2376 -913862.12 -174695.70
V 2384 -913856.45 -174701.37
V 2392 -913848.70 -174703.45
V 2400 -913749.20 -174703.45
V 2408 -913749.20 -174743.45
V 2416 -913848.70 -174743.45
V 2424 -913856.45 -174745.53
V 2432 -913862.12 -174751.20
V 2440 -913864.20 -174758.95
V 2448 -913864.20 -174829.95
V 2456 -913862.12 -174837.70
V 2464 -913856.45 -174843.37
V 2472 -913848.70 -174845.45
V 2480 -913749.20 -174845.45
V 2488 -913749.20 -174885.45
V 2496 -913848.70 -174885.45
V 2504 -913856.45 -174887.53
V 2512 -913862.12 -174893.20
V 2520 -913864.20 -174900.95
V 2528 -913864.20 -174971.95
V 2536 -913862.12 -174979.70
V 2544 -913856.45 -174985.37
V 2552 -913848.70 -174987.45
V 2560 -913749.20 -174987.45
V 2568 -913749.20 -175027.45
V 2576 -913848.70 -175027.45
V 2584 -913856.45 -175029.53
V 2592 -913862.12 -175035.20
V 2600 -913864.20 -175042.95
V 2608 -913864.20 -175113.95
V 2616 -913862.12 -175121.70
V 2624 -913856.45 -175127.37
V 2632 -913848.70 -175129.45
V 2640 -913749.20 -175129.45
V 2648 -913749.20 -175169.45
V 2656 -913848.70 -175169.45
V 2664 -913856.45 -175171.53
V 2672 -913862.12 -175177.20
V 2680 -913864.20 -175184.95
V 2688 -913864.20 -175255.95
V 2696 -913862.12 -175263.70
V 2704 -913856.45 -175269.37
V 2712 -913848.70 -175271.45
V 2720 -913749.20 -175271.45
V 2728 -913749.20 -175311.45
V 2736 -913848.70 -175311.45
V 2744 -913856.45 -175313.53
V 2752 -913862.12 -175319.20
V 2760 -913864.20 -175326.95
V 2768 -913864.20 -175397.95
V 2776 -913862.12 -175405.70
V 2784 -913856.45 -175411.37
V 2792 -913848.70 -175413.45
V 2800 -913749.20 -175413.45
V 2808 -913749.20 -175453.45
V 2816 -913848.70 -175453.45
V 2824 -913856.45 -175455.53
V 2832 -913862.12 -175461.20
V 2840 -913864.20 -175468.95
V 2848 -913864.20 -175539.95
V 2856 -913862.12 -175547.70
V 2864 -913856.45 -175553.37
V 2872 -913848.70 -175555.45
V 2880 -913749.20 -175555.45
V 2888 -913749.20 -175595.45
V 2896 -913848.70 -175595.45
V 2904 -913856.45 -175597.53
V 2912 -913862.12 -175603.20
V 2920 -913864.20 -175610.95
V 2928 -913864.20 -175681.95
V 2936 -913862.12 -175689.70
V 2944 -913856.45 -175695.37
V 2952 -913848.70 -175697.45
V 2960 -913749.20 -175697.45
V 2968 -913749.20 -175737.45
V 2976 -913848.70 -175737.45
V 2984 -913856.45 -175739.53
V 2992 -913862.12 -175745.20
V 3000 -913864.20 -175752.95
V 3008 -913864.20 -175823.95
V 3016 -913862.12 -175831.70
V 3024 -913856.45 -175837.37
V 3032 -913848.70 -175839.45
V 3040 -913749.20 -175839.45
V 3048 -913749.20 -175879.45
V 3056 -913848.70 -175879.45
V 3064 -913856.45 -175881.53
V 3072 -913862.12 -175887.20
V 3080 -913864.20 -175894.95
V 3088 -913864.20 -175965.95
V 3096 -913862.12 -175973.70
V 3104 -913856.45 -175979.37
V 3112 -913848.70 -175981.45
V 3120 -913749.20 -175981.45
V 3128 -913749.20 -176021.45
V 3136 -913848.70 -176021.45
V 3144 -913856.45 -176023.53
V 3152 -913862.12 -176029.20
V 3160 -913864.20 -176036.95
V 3168 -913864.20 -176107.95
V 3176 -913862.12 -176115.70
V 3184 -913856.45 -176121.37
V 3192 -913848.70 -176123.45
V 3200 -913749.20 -176123.45
V 3208 -913749.20 -176163.45
V 3216 -913848.70 -176163.45
V 3224 -913856.45 -176165.53
V 3232 -913862.12 -176171.20
V 3240 -913864.20 -176178.95
V 3248 -913864.20 -176249.95
V 3256 -913862.12 -176257.70
V 3264 -913856.45 -176263.37
V 3272 -913848.70 -176265.45
V 3280 -913749.20 -176265.45
V 3288 -913749.20 -176305.45
V 3296 -913848.70 -176305.45
V 3304 -913856.45 -176307.53
V 3312 -913862.12 -176313.20
V 3320 -913864.20 -176320.95
V 3328 -913864.20 -176391.95
V 3336 -913862.12 -176399.70
V 3344 -913856.45 -176405.37
V 3352 -913848.70 -176407.45
V 3360 -913749.20 -176407.45
V 3368 -913749.20 -176447.45
V 3376 -913848.70 -176447.45
V 3384 -913856.45 -176449.53
V 3392 -913862.12 -176455.20
V 3400 -913864.20 -176462.95
V 3408 -913864.20 -176533.95
V 3416 -913862.12 -176541.70
V 3424 -913856.45 -176547.37
V 3432 -913848.70 -176549.45
V 3440 -913749.20 -176549.45
V 3448 -913749.20 -176589.45
V 3456 -913848.70 -176589.45
V 3464 -913856.45 -176591.53
V 3472 -913862.12 -176597.20
V 3480 -913864.20 -176604.95
V 3488 -913864.20 -176675.95
V 3496 -913862.12 -176683.70
V 3504 -913856.45 -176689.37
V 3512 -913848.70 -176691.45
V 3520 -913749.20 -176691.45
V 3528 -913749.20 -176731.45
V 3536 -913848.70 -176731.45
V 3544 -913856.45 -176733.53
V 3552 -913862.12 -176739.20
V 3560 -913864.20 -176746.95
V 3568 -913864.20 -176817.95
V 3576 -913862.12 -176825.70
V 3584 -913856.45 -176831.37
V 3592 -913848.70 -176833.45
V 3600 -913749.20 -176833.45
V 3608 -913749.20 -176873.45
V 3616 -913848.70 -176873.45
V 3624 -913856.45 -176875.53
V 3632 -913862.12 -176881.20
V 3640 -913864.20 -176888.95
V 3648 -913864.20 -176959.95
V 3656 -913862.12 -176967.70
V 3664 -913856.45 -176973.37
V 3672 -913848.70 -176975.45
V 3680 -913749.20 -176975.45
V 3688 -913749.20 -177015.45
V 3696 -913848.70 -177015.45
V 3704 -913856.45 -177017.53
V 3712 -913862.12 -177023.20
V 3720 -913864.20 -177030.95
V 3728 -913864.20 -177101.95
V 3736 -913862.12 -177109.70
V 3744 -913856.45 -177115.37
V 3752 -913848.70 -177117.45
V 3760 -913749.20 -177117.45
V 3768 -913749.20 -177157.45
V 3776 -913848.70 -177157.45
V 3784 -913856.45 -177159.53
V 3792 -913862.12 -177165.20
V 3800 -913864.20 -177172.95
V 3808 -913864.20 -177243.95
V 3816 -913862.12 -177251.70
V 3824 -913856.45 -177257.37
V 3832 -913848.70 -177259.45
V 3840 -913749.20 -177259.45
V 3848 -913749.20 -177299.45
V 3856 -913848.70 -177299.45
V 3864 -913856.45 -177301.53
V 3872 -913862.12 -177307.20
V 3880 -913864.20 -177314.95
V 3888 -913864.20 -177385.95
V 3896 -913862.12 -177393.70
V 3904 -913856.45 -177399.37
V 3912 -913848.70 -177401.45
V 3920 -913749.20 -177401.45
V 3928 -913749.20 -177441.45
V 3936 -913848.70 -177441.45
V 3944 -913856.45 -177443.53
V 3952 -913862.12 -177449.20
V 3960 -913864.20 -177456.95
V 3968 -913864.20 -177527.95
V 3976 -913862.12 -177535.70
V 3984 -913856.45 -177541.37
V 3992 -913848.70 -177543.45
V 4000 -913749.20 -177543.45
V 4008 -913749.20 -177583.45
V 4016 -913848.70 -177583.45
V 4024 -913856.45 -177585.53
V 4032 -913862.12 -177591.20
V 4040 -913864.20 -177598.95
V 4048 -913864.20 -177669.95
V 4056 -913862.12 -177677.70
V 4064 -913856.45 -177683.37
V 4072 -913848.70 -177685.45
V 4080 -913749.20 -177685.45
V 4088 -913749.20 -177725.45
V 4096 -913848.70 -177725.45
V 4104 -913856.45 -177727.53
V 4112 -913862.12 -177733.20
V 4120 -913864.20 -177740.95
V 4128 -913864.20 -177811.95
V 4136 -913862.12 -177819.70
V 4144 -913856.45 -177825.37
V 4152 -913848.70 -177827.45
V 4160 -913749.20 -177827.45
V 4168 -913749.20 -177867.45
V 4176 -913848.70 -177867.45
V 4184 -913856.45 -177869.53
V 4192 -913862.12 -177875.20
V 4200 -913864.20 -177882.95
V 4208 -913864.20 -177953.95
V 4216 -913862.12 -177961.70
V 4224 -913856.45 -177967.37
V 4232 -913848.70 -177969.45
V 4240 -913749.20 -177969.45
V 4248 -913749.20 -178009.45
V 4256 -913848.70 -178009.45
V 4264 -913856.45 -178011.53
V 4272 -913862.12 -178017.20
V 4280 -913864.20 -178024.95
V 4288 -913864.20 -178095.95
V 4296 -913862.12 -178103.70
V 4304 -913856.45 -178109.37
V 4312 -913848.70 -178111.45
V 4320 -913749.20 -178111.45
V 4328 -913749.20 -178151.45
V 4336 -913848.70 -178151.45
V 4344 -913856.45 -178153.53
V 4352 -913862.12 -178159.20
V 4360 -913864.20 -178166.95
V 4368 -913864.20 -178237.95
V 4376 -913862.12 -178245.70
V 4384 -913856.45 -178251.37
V 4392 -913848.70 -178253.45
V 4400 -913749.20 -178253.45
V 4408 -913749.20 -178293.45
V 4416 -913848.70 -178293.45
V 4424 -913856.45 -178295.53
V 4432 -913862.12 -178301.20
V 4440 -913864.20 -178308.95
V 4448 -913864.20 -178379.95
V 4456 -913862.12 -178387.70
V 4464 -913856.45 -178393.37
V 4472 -913848.70 -178395.45
V 4480 -913806.70 -178395.45
V 4488 -913806.70 -178404.45
V 4496 -913775.70 -178404.45
V 4504 -913775.70 -178379.95
V 4512 -913775.74 -178378.84
V 4520 -913775.86 -178377.74
V 4528 -913776.05 -178376.66
V 4536 -913776.33 -178375.58
V 4544 -913776.68 -178374.53
V 4552 -913777.10 -178373.51
V 4560 -913777.60 -178372.52
V 4568 -913778.16 -178371.57
V 4576 -913778.79 -178370.66
V 4584 -913779.49 -178369.80
V 4592 -913780.24 -178368.99
V 4600 -913781.05 -178368.24
V 4608 -913781.91 -178367.54
V 4616 -913782.82 -178366.91
V 4624 -913783.77 -178366.35
V 4632 -913784.76 -178365.85
V 4640 -913785.78 -178365.43
V 4648 -913786.83 -178365.08
V 4656 -913787.91 -178364.80
V 4664 -913788.99 -178364.61
V 4672 -913790.09 -178364.49
V 4680 -913791.20 -178364.45
V 4688 -913833.20 -178364.45
V 4696 -913833.20 -178324.45
V 4704 -913733.70 -178324.45
V 4712 -913725.95 -178322.37
V 4720 -913720.28 -178316.70
V 4728 -913718.20 -178308.95
V 4736 -913718.20 -178237.95
V 4744 -913720.28 -178230.20
V 4752 -913725.95 -178224.53
V 4760 -913733.70 -178222.45
V 4768 -913833.20 -178222.45
V 4776 -913833.20 -178182.45
V 4784 -913733.70 -178182.45
V 4792 -913725.95 -178180.37
V 4800 -913720.28 -178174.70
V 4808 -913718.20 -178166.95
V 4816 -913718.20 -178095.95
V 4824 -913720.28 -178088.20
V 4832 -913725.95 -178082.53
V 4840 -913733.70 -178080.45
V 4848 -913833.20 -178080.45
V 4856 -913833.20 -178040.45
V 4864 -913733.70 -178040.45
V 4872 -913725.95 -178038.37
V 4880 -913720.28 -178032.70
V 4888 -913718.20 -178024.95
V 4896 -913718.20 -177953.95
V 4904 -913720.28 -177946.20
V 4912 -913725.95 -177940.53
V 4920 -913733.70 -177938.45
V 4928 -913833.20 -177938.45
V 4936 -913833.20 -177898.45
V 4944 -913733.70 -177898.45
V 4952 -913725.95 -177896.37
V 4960 -913720.28 -177890.70
V 4968 -913718.20 -177882.95
V 4976 -913718.20 -177811.95
V 4984 -913720.28 -177804.20
V 4992 -913725.95 -177798.53
V 5000 -913733.70 -177796.45
V 5008 -913833.20 -177796.45
V 5016 -913833.20 -177756.45
V 5024 -913733.70 -177756.45
V 5032 -913725.95 -177754.37
V 5040 -913720.28 -177748.70
V 5048 -913718.20 -177740.95
V 5056 -913718.20 -177669.95
V 5064 -913720.28 -177662.20
V 5072 -913725.95 -177656.53
V 5080 -913733.70 -177654.45
V 5088 -913833.20 -177654.45
V 5096 -913833.20 -177614.45
V 5104 -913733.70 -177614.45
V 5112 -913725.95 -177612.37
V 5120 -913720.28 -177606.70
V 5128 -913718.20 -177598.95
V 5136 -913718.20 -177527.95
V 5144 -913720.28 -177520.20
V 5152 -913725.95 -177514.53
V 5160 -913733.70 -177512.45
V 5168 -913833.20 -177512.45
V 5176 -913833.20 -177472.45
V 5184 -913733.70 -177472.45
V 5192 -913725.95 -177470.37
V 5200 -913720.28 -177464.70
V 5208 -913718.20 -177456.95
V 5216 -913718.20 -177385.95
V 5224 -913720.28 -177378.20
V 5232 -913725.95 -177372.53
V 5240 -913733.70 -177370.45
V 5248 -913833.20 -177370.45
V 5256 -913833.20 -177330.45
V 5264 -913733.70 -177330.45
V 5272 -913725.95 -177328.37
V 5280 -913720.28 -177322.70
V 5288 -913718.20 -177314.95
V 5296 -913718.20 -177243.95
V 5304 -913720.28 -177236.20
V 5312 -913725.95 -177230.53
V 5320 -913733.70 -177228.45
V 5328 -913833.20 -177228.45
V 5336 -913833.20 -177188.45
V 5344 -913733.70 -177188.45
V 5352 -913725.95 -177186.37
V 5360 -913720.28 -177180.70
V 5368 -913718.20 -177172.95
V 5376 -913718.20 -177101.95
V 5384 -913720.28 -177094.20
V 5392 -913725.95 -177088.53
V 5400 -913733.70 -177086.45
V 5408 -913833.20 -177086.45
V 5416 -913833.20 -177046.45
V 5424 -913733.70 -177046.45
V 5432 -913725.95 -177044.37
V 5440 -913720.28 -177038.70
V 5448 -913718.20 -177030.95
V 5456 -913718.20 -176959.95
V 5464 -913720.28 -176952.20
V 5472 -913725.95 -176946.53
V 5480 -913733.70 -176944.45
V 5488 -913833.20 -176944.45
V 5496 -913833.20 -176904.45
V 5504 -913733.70 -176904.45
V 5512 -913725.95 -176902.37
V 5520 -913720.28 -176896.70
V 5528 -913718.20 -176888.95
V 5536 -913718.20 -176817.95
V 5544 -913720.28 -176810.20
V 5552 -913725.95 -176804.53
V 5560 -913733.70 -176802.45
V 5568 -913833.20 -176802.45
V 5576 -913833.20 -176762.45
V 5584 -913733.70 -176762.45
V 5592 -913725.95 -176760.37
V 5600 -913720.28 -176754.70
V 5608 -913718.20 -176746.95
V 5616 -913718.20 -176675.95
V 5624 -913720.28 -176668.20
V 5632 -913725.95 -176662.53
V 5640 -913733.70 -176660.45
V 5648 -913833.20 -176660.45
V 5656 -913833.20 -176620.45
V 5664 -913733.70 -176620.45
V 5672 -913725.95 -176618.37
V 5680 -913720.28 -176612.70
V 5688 -913718.20 -176604.95
V 5696 -913718.20 -176533.95
V 5704 -913720.28 -176526.20
V 5712 -913725.95 -176520.53
V 5720 -913733.70 -176518.45
V 5728 -913833.20 -176518.45
V 5736 -913833.20 -176478.45
V 5744 -913733.70 -176478.45
V 5752 -913725.95 -176476.37
V 5760 -913720.28 -176470.70
V 5768 -913718.20 -176462.95
V 5776 -913718.20 -176391.95
V 5784 -913720.28 -176384.20
V 5792 -913725.95 -176378.53
V 5800 -913733.70 -176376.45
V 5808 -913833.20 -176376.45
V 5816 -913833.20 -176336.45
V 5824 -913733.70 -176336.45
V 5832 -913725.95 -176334.37
V 5840 -913720.28 -176328.70
V 5848 -913718.20 -176320.95
V 5856 -913718.20 -176249.95
V 5864 -913720.28 -176242.20
V 5872 -913725.95 -176236.53
V 5880 -913733.70 -176234.45
V 5888 -913833.20 -176234.45
V 5896 -913833.20 -176194.45
V 5904 -913733.70 -176194.45
V 5912 -913725.95 -176192.37
V 5920 -913720.28 -176186.70
V 5928 -913718.20 -176178.95
V 5936 -913718.20 -176107.95
V 5944 -913720.28 -176100.20
V 5952 -913725.95 -176094.53
V 5960 -913733.70 -176092.45
V 5968 -913833.20 -176092.45
V 5976 -913833.20 -176052.45
V 5984 -913733.70 -176052.45
V 5992 -913725.95 -176050.37
V 6000 -913720.28 -176044.70
V 6008 -913718.20 -176036.95
V 6016 -913718.20 -175965.95
V 6024 -913720.28 -175958.20
V 6032 -913725.95 -175952.53
V 6040 -913733.70 -175950.45
V 6048 -913833.20 -175950.45
V 6056 -913833.20 -175910.45
V 6064 -913733.70 -175910.45
V 6072 -913725.95 -175908.37
V 6080 -913720.28 -175902.70
V 6088 -913718.20 -175894.95
V 6096 -913718.20 -175823.95
V 6104 -913720.28 -175816.20
V 6112 -913725.95 -175810.53
V 6120 -913733.70 -175808.45
V 6128 -913833.20 -175808.45
V 6136 -913833.20 -175768.45
V 6144 -913733.70 -175768.45
V 6152 -913725.95 -175766.37
V 6160 -913720.28 -175760.70
V 6168 -913718.20 -175752.95
V 6176 -913718.20 -175681.95
V 6184 -913720.28 -175674.20
V 6192 -913725.95 -175668.53
V 6200 -913733.70 -175666.45
V 6208 -913833.20 -175666.45
V 6216 -913833.20 -175626.45
V 6224 -913733.70 -175626.45
V 6232 -913725.95 -175624.37
V 6240 -913720.28 -175618.70
V 6248 -913718.20 -175610.95
V 6256 -913718.20 -175539.95
V 6264 -913720.28 -175532.20
V 6272 -913725.95 -175526.53
V 6280 -913733.70 -175524.45
V 6288 -913833.20 -175524.45
V 6296 -913833.20 -175484.45
V 6304 -913733.70 -175484.45
V 6312 -913725.95 -175482.37
V 6320 -913720.28 -175476.70
V 6328 -913718.20 -175468.95
V 6336 -913718.20 -175397.95
V 6344 -913720.28 -175390.20
V 6352 -913725.95 -175384.53
V 6360 -913733.70 -175382.45
V 6368 -913833.20 -175382.45
V 6376 -913833.20 -175342.45
V 6384 -913733.70 -175342.45
V 6392 -913725.95 -175340.37
V 6400 -913720.28 -175334.70
V 6408 -913718.20 -175326.95
V 6416 -913718.20 -175255.95
V 6424 -913720.28 -175248.20
V 6432 -913725.95 -175242.53
V 6440 -913733.70 -175240.45
V 6448 -913833.20 -175240.45
V 6456 -913833.20 -175200.45
V 6464 -913733.70 -175200.45
V 6472 -913725.95 -175198.37
V 6480 -913720.28 -175192.70
V 6488 -913718.20 -175184.95
V 6496 -913718.20 -175113.95
V 6504 -913720.28 -175106.20
V 6512 -913725.95 -175100.53
V 6520 -913733.70 -175098.45
V 6528 -913833.20 -175098.45
V 6536 -913833.20 -175058.45
V 6544 -913733.70 -175058.45
V 6552 -913725.95 -175056.37
V 6560 -913720.28 -175050.70
V 6568 -913718.20 -175042.95
V 6576 -913718.20 -174971.95
V 6584 -913720.28 -174964.20
V 6592 -913725.95 -174958.53
V 6600 -913733.70 -174956.45
V 6608 -913833.20 -174956.45
V 6616 -913833.20 -174916.45
V 6624 -913733.70 -174916.45
V 6632 -913725.95 -174914.37
V 6640 -913720.28 -174908.70
V 6648 -913718.20 -174900.95
V 6656 -913718.20 -174829.95
V 6664 -913720.28 -174822.20
V 6672 -913725.95 -174816.53
V 6680 -913733.70 -174814.45
V 6688 -913833.20 -174814.45
V 6696 -913833.20 -174774.45
V 6704 -913733.70 -174774.45
V 6712 -913725.95 -174772.37
V 6720 -913720.28 -174766.70
V 6728 -913718.20 -174758.95
V 6736 -913718.20 -174687.95
V 6744 -913720.28 -174680.20
V 6752 -913725.95 -174674.53
V 6760 -913733.70 -174672.45
V 6768 -913833.20 -174672.45
V 6776 -913833.20 -174632.45
V 6784 -913733.70 -174632.45
V 6792 -913725.95 -174630.37
V 6800 -913720.28 -174624.70
V 6808 -913718.20 -174616.95
V 6816 -913718.20 -174545.95
V 6824 -913720.28 -174538.20
V 6832 -913725.95 -174532.53
V 6840 -913733.70 -174530.45
V 6848 -913833.20 -174530.45
V 6856 -913833.20 -174490.45
V 6864 -913733.70 -174490.45
V 6872 -913725.95 -174488.37
V 6880 -913720.28 -174482.70
V 6888 -913718.20 -174474.95
V 6896 -913718.20 -174403.95
V 6904 -913720.28 -174396.20
V 6912 -913725.95 -174390.53
V 6920 -913733.70 -174388.45
V 6928 -913833.20 -174388.45
V 6936 -913833.20 -174348.45
V 6944 -913733.70 -174348.45
V 6952 -913725.95 -174346.37
V 6960 -913720.28 -174340.70
V 6968 -913718.20 -174332.95
V 6976 -913718.20 -174261.95
V 6984 -913720.28 -174254.20
V 6992 -913725.95 -174248.53
V 7000 -913733.70 -174246.45
V 7008 -913833.20 -174246.45
V 7016 -913833.20 -174206.45
V 7024 -913733.70 -174206.45
V 7032 -913725.95 -174204.37
V 7040 -913720.28 -174198.70
V 7048 -913718.20 -174190.95
V 7056 -913718.20 -174119.95
V 7064 -913720.28 -174112.20
V 7072 -913725.95 -174106.53
V 7080 -913733.70 -174104.45
V 7088 -913833.20 -174104.45
V 7096 -913833.20 -174064.45
V 7104 -913733.70 -174064.45
V 7112 -913725.95 -174062.37
V 7120 -913720.28 -174056.70
V 7128 -913718.20 -174048.95
V 7136 -913718.20 -173977.95
V 7144 -913720.28 -173970.20
V 7152 -913725.95 -173964.53
V 7160 -913733.70 -173962.45
V 7168 -913833.20 -173962.45
V 7176 -913833.20 -173922.45
V 7184 -913733.70 -173922.45
V 7192 -913725.95 -173920.37
V 7200 -913720.28 -173914.70
V 7208 -913718.20 -173906.95
V 7216 -913718.20 -173835.95
V 7224 -913720.28 -173828.20
V 7232 -913725.95 -173822.53
V 7240 -913733.70 -173820.45
V 7248 -913833.20 -173820.45
V 7256 -913833.20 -173780.45
V 7264 -913733.70 -173780.45
V 7272 -913725.95 -173778.37
V 7280 -913720.28 -173772.70
V 7288 -913718.20 -173764.95
V 7296 -913718.20 -173693.95
V 7304 -913720.28 -173686.20
V 7312 -913725.95 -173680.53
V 7320 -913733.70 -173678.45
V 7328 -913833.20 -173678.45
V 7336 -913833.20 -173638.45
V 7344 -913733.70 -173638.45
V 7352 -913725.95 -173636.37
V 7360 -913720.28 -173630.70
V 7368 -913718.20 -173622.95
V 7376 -913718.20 -173551.95
V 7384 -913720.28 -173544.20
V 7392 -913725.95 -173538.53
V 7400 -913733.70 -173536.45
V 7408 -913833.20 -173536.45
V 7416 -913833.20 -173496.45
V 7424 -913733.70 -173496.45
V 7432 -913725.95 -173494.37
V 7440 -913720.28 -173488.70
V 7448 -913718.20 -173480.95
V 7456 -913718.20 -173409.95
V 7464 -913720.28 -173402.20
V 7472 -913725.95 -173396.53
V 7480 -913733.70 -173394.45
V 7488 -913833.20 -173394.45
V 7496 -913833.20 -173354.45
V 7504 -913733.70 -173354.45
V 7512 -913725.95 -173352.37
V 7520 -913720.28 -173346.70
V 7528 -913718.20 -173338.95
V 7536 -913718.20 -173267.95
V 7544 -913720.28 -173260.20
V 7552 -913725.95 -173254.53
V 7560 -913733.70 -173252.45
V 7568 -913833.20 -173252.45
V 7576 -913833.20 -173212.45
V 7584 -913733.70 -173212.45
V 7592 -913725.95 -173210.37
V 7600 -913720.28 -173204.70
V 7608 -913718.20 -173196.95
V 7616 -913718.20 -173125.95
