V 0 1085836.67 54230.55
V 8 1085831.49 54269.34
V 16 1085831.48 54269.37
V 24 1085826.35 54313.53
V 32 1085826.34 54313.63
V 40 1085826.30 54313.84
V 48 1085825.42 54317.02
V 56 1085825.12 54317.59
V 64 1085824.60 54317.98
V 72 1085823.97 54318.12
V 80 1085735.66 54318.12
V 88 1085735.66 54315.12
V 96 1085822.82 54315.12
V 104 1085823.37 54313.15
V 112 1085828.50 54269.05
V 120 1085828.51 54268.94
V 128 1085833.86 54228.85
V 136 1085834.12 54228.19
V 144 1085834.66 54227.72
V 152 1085835.35 54227.55
V 160 1085839.86 54227.55
V 168 1085839.86 54230.55
