V 0 1085836.69 10535.14
V 8 1085832.26 10573.18
V 16 1085832.25 10573.28
V 24 1085832.21 10573.49
V 32 1085825.39 10598.36
V 40 1085824.77 10605.26
V 48 1085824.53 10605.95
V 56 1085823.99 10606.44
V 64 1085823.28 10606.62
V 72 1085735.66 10606.62
V 80 1085735.66 10603.62
V 88 1085821.91 10603.62
V 96 1085822.42 10598.02
V 104 1085822.42 10597.96
V 112 1085822.43 10597.86
V 120 1085822.46 10597.75
V 128 1085822.47 10597.65
V 136 1085829.28 10572.80
V 144 1085833.86 10533.47
V 152 1085834.11 10532.79
V 160 1085834.65 10532.31
V 168 1085835.35 10532.14
V 176 1085839.86 10532.14
V 184 1085839.86 10535.14
