V 0 -4317.38 -48594.67
V 8 -4321.11 -48589.60
V 16 -4326.60 -48586.51
V 24 -4404.94 -48562.11
V 32 -4405.06 -48562.07
V 40 -4405.14 -48562.05
V 48 -4682.07 -48475.76
V 56 -4682.19 -48475.72
V 64 -4682.27 -48475.70
V 72 -4959.22 -48389.42
V 80 -4959.34 -48389.38
V 88 -4959.42 -48389.36
V 96 -5236.37 -48303.06
V 104 -5236.49 -48303.02
V 112 -5236.57 -48303.00
V 120 -5513.52 -48216.72
V 128 -5513.64 -48216.68
V 136 -5513.72 -48216.66
V 144 -5790.67 -48130.36
V 152 -5790.79 -48130.32
V 160 -5790.87 -48130.30
V 168 -6067.83 -48044.02
V 176 -6067.95 -48043.98
V 184 -6068.03 -48043.96
V 192 -6344.97 -47957.67
V 200 -6345.09 -47957.63
V 208 -6345.17 -47957.61
V 216 -6899.27 -47784.97
V 224 -6899.39 -47784.93
V 232 -6899.47 -47784.91
V 240 -7176.42 -47698.63
V 248 -7176.54 -47698.59
V 256 -7176.62 -47698.57
V 264 -7453.57 -47612.27
V 272 -7453.69 -47612.23
V 280 -7453.77 -47612.21
V 288 -7730.72 -47525.93
V 296 -7730.84 -47525.89
V 304 -7730.92 -47525.87
V 312 -8007.88 -47439.57
V 320 -8008.00 -47439.53
V 328 -8008.08 -47439.51
V 336 -8285.02 -47353.23
V 344 -8285.14 -47353.19
V 352 -8285.22 -47353.17
V 360 -9116.47 -47094.18
V 368 -9116.59 -47094.14
V 376 -9116.67 -47094.12
V 384 -9397.76 -47006.55
V 392 -9397.88 -47006.51
V 400 -9397.90 -47006.50
V 408 -9944.74 -46834.18
V 416 -10418.77 -46564.88
V 424 -10418.80 -46564.86
V 432 -10418.89 -46564.81
V 440 -10419.28 -46564.59
V 448 -10656.73 -46438.87
V 456 -10927.25 -46294.27
V 464 -10927.29 -46294.25
V 472 -11193.34 -46152.21
V 480 -11727.01 -45867.26
V 488 -11993.78 -45724.81
V 496 -12260.50 -45582.39
V 504 -12527.21 -45439.98
V 512 -12527.25 -45439.96
V 520 -12793.78 -45297.66
V 528 -13060.71 -45155.12
V 536 -13327.44 -45012.70
V 544 -13594.16 -44870.28
V 552 -13594.20 -44870.26
V 560 -13860.72 -44727.96
V 568 -14127.65 -44585.43
V 576 -14394.38 -44443.00
V 584 -14661.09 -44300.59
V 592 -14661.13 -44300.57
V 600 -14927.66 -44158.26
V 608 -15194.58 -44015.73
V 616 -15194.62 -44015.71
V 624 -15994.78 -43588.47
V 632 -16261.51 -43446.04
V 640 -16528.23 -43303.62
V 648 -16528.27 -43303.60
V 656 -16794.80 -43161.30
V 664 -17061.72 -43018.77
V 672 -17617.67 -42721.91
V 680 -17956.13 -42517.14
V 688 -18256.95 -42271.97
V 696 -18510.57 -42071.03
V 704 -18510.60 -42071.01
V 712 -18510.76 -42070.89
V 720 -18768.43 -41866.17
V 728 -18768.60 -41866.02
V 736 -19026.24 -41661.38
V 744 -19283.91 -41456.71
V 752 -19541.59 -41252.04
V 760 -19799.26 -41047.37
V 768 -20056.95 -40842.70
V 776 -20314.63 -40638.02
V 784 -20572.41 -40433.27
V 792 -21860.67 -39410.01
V 800 -22090.00 -39227.85
V 808 -22090.00 -38940.00
V 816 -22120.00 -38940.00
V 824 -22120.00 -39235.10
V 832 -22118.51 -39241.62
V 840 -22114.33 -39246.85
V 848 -20591.07 -40456.77
V 856 -20333.29 -40661.52
V 864 -20075.61 -40866.20
V 872 -19817.92 -41070.87
V 880 -19560.25 -41275.54
V 888 -19302.57 -41480.21
V 896 -19044.90 -41684.88
V 904 -18787.26 -41889.52
V 912 -18787.06 -41889.67
V 920 -18529.39 -42094.39
V 928 -18529.21 -42094.55
V 936 -18275.61 -42295.48
V 944 -17974.33 -42541.02
V 952 -17974.27 -42541.06
V 960 -17974.14 -42541.17
V 968 -17973.71 -42541.49
V 976 -17973.27 -42541.81
V 984 -17972.81 -42542.10
V 992 -17972.30 -42542.41
V 1000 -17632.99 -42747.70
V 1008 -17632.95 -42747.72
V 1016 -17632.49 -42748.00
V 1024 -17632.14 -42748.19
V 1032 -17632.06 -42748.24
V 1040 -17075.86 -43045.23
V 1048 -16809.11 -43187.67
V 1056 -16808.90 -43187.78
V 1064 -16542.37 -43330.08
V 1072 -16275.65 -43472.50
V 1080 -16008.92 -43614.93
V 1088 -15475.44 -43899.78
V 1096 -15475.23 -43899.89
V 1104 -15208.72 -44042.19
V 1112 -14941.97 -44184.63
V 1120 -14941.76 -44184.74
V 1128 -14675.23 -44327.05
V 1136 -14408.52 -44469.46
V 1144 -14141.79 -44611.89
V 1152 -13875.03 -44754.33
V 1160 -13874.82 -44754.44
V 1168 -13608.30 -44896.74
V 1176 -13341.58 -45039.16
V 1184 -13074.85 -45181.58
V 1192 -12808.09 -45324.03
V 1200 -12807.88 -45324.14
V 1208 -12541.35 -45466.44
V 1216 -12274.64 -45608.85
V 1224 -12007.92 -45751.27
V 1232 -11741.15 -45893.72
V 1240 -11207.65 -46178.58
V 1248 -11207.44 -46178.69
V 1256 -10941.39 -46320.73
V 1264 -10670.82 -46465.36
V 1272 -10670.77 -46465.39
V 1280 -10433.36 -46591.09
V 1288 -9958.27 -46860.99
V 1296 -9958.24 -46861.01
V 1304 -9958.15 -46861.06
V 1312 -9957.77 -46861.27
V 1320 -9957.28 -46861.52
V 1328 -9956.79 -46861.75
V 1336 -9955.79 -46862.15
V 1344 -9955.25 -46862.33
V 1352 -9406.92 -47035.12
V 1360 -9406.87 -47035.13
V 1368 -9125.77 -47122.70
V 1376 -9125.65 -47122.74
V 1384 -9125.57 -47122.76
V 1392 -8294.32 -47381.75
V 1400 -8294.20 -47381.79
V 1408 -8294.12 -47381.81
V 1416 -8017.18 -47468.09
V 1424 -8017.06 -47468.13
V 1432 -8016.98 -47468.15
V 1440 -7740.02 -47554.45
V 1448 -7739.90 -47554.49
V 1456 -7739.82 -47554.51
V 1464 -7462.87 -47640.79
V 1472 -7462.75 -47640.83
V 1480 -7462.67 -47640.85
V 1488 -7185.72 -47727.15
V 1496 -7185.60 -47727.19
V 1504 -7185.52 -47727.21
V 1512 -6908.57 -47813.49
V 1520 -6908.45 -47813.53
V 1528 -6908.37 -47813.55
V 1536 -6354.27 -47986.19
V 1544 -6354.15 -47986.23
V 1552 -6354.07 -47986.25
V 1560 -6077.13 -48072.54
V 1568 -6077.01 -48072.58
V 1576 -6076.93 -48072.60
V 1584 -5799.97 -48158.88
V 1592 -5799.85 -48158.92
V 1600 -5799.77 -48158.94
V 1608 -5522.82 -48245.24
V 1616 -5522.70 -48245.28
V 1624 -5522.62 -48245.30
V 1632 -5245.67 -48331.58
V 1640 -5245.55 -48331.62
V 1648 -5245.47 -48331.64
V 1656 -4968.52 -48417.94
V 1664 -4968.40 -48417.98
V 1672 -4968.32 -48418.00
V 1680 -4691.37 -48504.28
V 1688 -4691.25 -48504.32
V 1696 -4691.17 -48504.34
V 1704 -4414.24 -48590.63
V 1712 -4414.12 -48590.67
V 1720 -4414.04 -48590.69
V 1728 -4346.06 -48611.87
V 1736 -4346.06 -55615.95
V 1744 -4316.06 -55615.95
V 1752 -4316.06 -48600.83
