V 0 1085836.50 25100.59
V 8 1085831.33 25119.43
V 16 1085828.08 25155.26
V 24 1085827.84 25155.95
V 32 1085827.30 25156.44
V 40 1085826.59 25156.62
V 48 1085735.66 25156.62
V 56 1085735.66 25153.62
V 64 1085825.22 25153.62
V 72 1085828.36 25119.09
V 80 1085828.36 25119.03
V 88 1085828.37 25118.93
V 96 1085828.40 25118.82
V 104 1085828.41 25118.72
V 112 1085833.90 25098.69
V 120 1085834.20 25098.12
V 128 1085834.72 25097.73
V 136 1085835.35 25097.59
V 144 1085839.86 25097.59
V 152 1085839.86 25100.59
