V 0 1086006.11 76491.12
V 8 1086006.11 76547.55
V 16 1086006.10 76547.73
V 24 1086006.07 76547.91
V 32 1086006.01 76548.08
V 40 1086005.94 76548.25
V 48 1086005.84 76548.40
V 56 1086005.73 76548.54
V 64 1086005.60 76548.67
V 72 1086005.46 76548.78
V 80 1086005.43 76548.80
V 88 1086005.43 76587.63
V 96 1086005.42 76587.81
V 104 1086005.39 76587.99
V 112 1086005.33 76588.16
V 120 1086005.26 76588.33
V 128 1086005.16 76588.48
V 136 1086005.05 76588.62
V 144 1086004.92 76588.75
V 152 1086004.78 76588.86
V 160 1086004.63 76588.96
V 168 1086004.46 76589.03
V 176 1086004.29 76589.09
V 184 1086004.11 76589.12
V 192 1086003.93 76589.13
V 200 1086002.99 76589.13
V 208 1086002.99 76611.22
V 216 1086002.79 76611.97
V 224 1086002.24 76612.52
V 232 1086001.49 76612.72
V 240 1085907.83 76612.72
V 248 1085902.22 76613.20
V 256 1085901.96 76610.22
V 264 1085907.59 76609.74
V 272 1085907.63 76609.73
V 280 1085907.73 76609.72
V 288 1085999.99 76609.72
V 296 1085999.99 76587.63
V 304 1086000.00 76587.45
V 312 1086000.03 76587.27
V 320 1086000.09 76587.10
V 328 1086000.16 76586.93
V 336 1086000.26 76586.78
V 344 1086000.37 76586.64
V 352 1086000.50 76586.51
V 360 1086000.64 76586.40
V 368 1086000.79 76586.30
V 376 1086000.96 76586.23
V 384 1086001.13 76586.17
V 392 1086001.31 76586.14
V 400 1086001.49 76586.13
V 408 1086002.43 76586.13
V 416 1086002.43 76547.55
V 424 1086002.44 76547.37
V 432 1086002.47 76547.19
V 440 1086002.53 76547.02
V 448 1086002.60 76546.85
V 456 1086002.70 76546.70
V 464 1086002.81 76546.56
V 472 1086002.94 76546.43
V 480 1086003.08 76546.32
V 488 1086003.11 76546.30
V 496 1086003.11 76489.62
V 504 1086003.31 76488.87
V 512 1086003.86 76488.32
V 520 1086004.61 76488.12
V 528 1086021.36 76488.12
V 536 1086021.36 76491.12
