V 0 1085836.72 49266.12
V 8 1085831.59 49322.57
V 16 1085831.59 49322.63
V 24 1085831.58 49322.74
V 32 1085825.52 49368.10
V 40 1085825.51 49368.13
V 48 1085823.40 49386.29
V 56 1085823.15 49386.97
V 64 1085822.61 49387.45
V 72 1085821.91 49387.62
V 80 1085735.66 49387.62
V 88 1085735.66 49384.62
V 96 1085820.57 49384.62
V 104 1085822.53 49367.81
V 112 1085822.54 49367.70
V 120 1085828.60 49322.34
V 128 1085833.86 49264.48
V 136 1085834.10 49263.79
V 144 1085834.64 49263.30
V 152 1085835.35 49263.12
V 160 1085839.86 49263.12
V 168 1085839.86 49266.12
