V 0 1088680.83 -70958.36
V 8 1088659.25 -70919.68
V 16 1088659.22 -70919.63
V 24 1088659.21 -70919.61
V 32 1088659.16 -70919.53
V 40 1088642.65 -70896.72
V 48 1088637.75 -70887.31
V 56 1088637.20 -70886.72
V 64 1088636.42 -70886.50
V 72 1088508.25 -70886.50
V 80 1088508.15 -70886.51
V 88 1088507.88 -70886.57
V 96 1088507.79 -70886.61
V 104 1088507.70 -70886.64
V 112 1088507.68 -70886.65
V 120 1088502.45 -70888.83
V 128 1088503.61 -70891.59
V 136 1088508.63 -70889.50
V 144 1088635.51 -70889.50
V 152 1088640.05 -70898.23
V 160 1088640.10 -70898.30
V 168 1088640.12 -70898.35
V 176 1088640.14 -70898.37
V 184 1088640.17 -70898.43
V 192 1088656.69 -70921.25
V 200 1088678.64 -70960.59
V 208 1088679.19 -70961.15
V 216 1088679.95 -70961.36
V 224 1088743.86 -70961.36
V 232 1088743.86 -70958.36
