V 0 -811420.28 -163746.20
V 8 -811425.95 -163740.53
V 16 -811433.70 -163738.45
V 24 -811511.46 -163738.45
V 32 -811511.46 -163698.45
V 40 -811491.20 -163698.45
V 48 -811483.45 -163696.37
V 56 -811477.78 -163690.70
V 64 -811475.70 -163682.95
V 72 -811475.70 -163565.25
V 80 -811477.36 -163558.26
V 88 -811482.00 -163552.78
V 96 -811488.61 -163549.97
V 104 -812924.80 -163306.10
V 112 -815520.83 -162865.29
V 120 -815696.20 -162835.51
V 128 -815946.03 -162793.09
V 136 -816160.79 -162756.62
V 144 -816415.05 -162713.45
V 152 -816581.01 -162685.26
V 160 -816676.17 -162669.11
V 168 -816683.13 -162667.93
V 176 -818647.60 -162334.35
V 184 -819050.03 -162266.02
V 192 -819633.48 -162166.95
V 200 -820347.06 -162045.78
V 208 -821129.42 -161912.94
V 216 -821384.72 -161869.58
V 224 -821860.15 -161788.86
V 232 -821860.19 -161788.85
V 240 -821860.59 -161788.78
V 248 -821860.67 -161788.77
V 256 -823329.60 -161539.34
V 264 -823525.64 -161506.05
V 272 -824669.87 -161311.76
V 280 -824854.63 -161280.39
V 288 -826167.74 -161057.42
V 296 -826424.53 -161013.81
V 304 -827101.98 -160898.78
V 312 -827298.88 -160865.35
V 320 -827534.60 -160825.32
V 328 -827775.91 -160784.35
V 336 -828747.55 -160619.36
V 344 -832198.48 -160033.39
V 352 -833159.14 -159870.26
V 360 -833479.67 -159815.84
V 368 -833670.74 -159783.39
V 376 -834440.93 -159652.61
V 384 -835539.05 -159466.15
V 392 -835906.79 -159403.71
V 400 -836735.30 -159263.02
V 408 -837347.10 -159159.14
V 416 -837755.89 -159089.72
V 424 -838247.03 -159006.33
V 432 -838461.79 -158969.86
V 440 -838711.64 -158927.44
V 448 -839168.28 -158849.90
V 456 -839366.19 -158816.29
V 464 -839642.02 -158769.46
V 472 -839642.04 -158769.45
V 480 -839651.57 -158767.83
V 488 -839651.59 -158767.83
V 496 -840661.55 -158596.34
V 504 -840796.92 -158573.35
V 512 -841538.02 -158447.51
V 520 -841786.64 -158405.30
V 528 -842472.25 -158288.88
V 536 -842618.43 -158264.06
V 544 -842886.31 -158218.57
V 552 -843116.30 -158179.52
V 560 -843514.39 -158111.92
V 568 -843712.30 -158078.32
V 576 -844077.07 -158016.38
V 584 -844125.57 -158008.14
V 592 -844915.74 -157873.97
V 600 -845340.60 -157801.83
V 608 -845572.91 -157762.38
V 616 -845759.00 -157730.78
V 624 -845759.00 -157719.35
V 632 -845790.00 -157719.35
V 640 -845790.00 -157743.87
V 648 -845789.96 -157744.96
V 656 -845789.85 -157746.04
V 664 -845789.66 -157747.11
V 672 -845789.39 -157748.16
V 680 -845789.06 -157749.20
V 688 -845788.65 -157750.20
V 696 -845788.17 -157751.18
V 704 -845787.62 -157752.12
V 712 -845787.01 -157753.02
V 720 -845786.34 -157753.87
V 728 -845785.61 -157754.68
V 736 -845784.83 -157755.43
V 744 -845783.99 -157756.13
V 752 -845783.11 -157756.76
V 760 -845782.18 -157757.33
V 768 -845781.22 -157757.84
V 776 -845780.23 -157758.27
V 784 -845779.20 -157758.64
V 792 -845778.16 -157758.93
V 800 -845777.09 -157759.15
V 808 -845345.80 -157832.39
V 816 -844920.92 -157904.53
V 824 -844130.77 -158038.70
V 832 -844082.27 -158046.94
V 840 -843717.48 -158108.88
V 848 -843519.57 -158142.48
V 856 -843121.48 -158210.08
V 864 -842891.49 -158249.13
V 872 -842623.61 -158294.62
V 880 -842477.43 -158319.44
V 888 -841791.82 -158435.86
V 896 -841543.20 -158478.07
V 904 -840802.12 -158603.91
V 912 -840666.75 -158626.90
V 920 -839656.79 -158798.38
V 928 -839656.77 -158798.39
V 936 -839647.24 -158800.01
V 944 -839647.22 -158800.01
V 952 -839371.39 -158846.85
V 960 -839173.48 -158880.46
V 968 -838931.59 -158921.53
V 976 -838716.82 -158958.00
V 984 -838466.99 -159000.42
V 992 -838252.23 -159036.89
V 1000 -837761.09 -159120.28
V 1008 -837525.37 -159160.31
V 1016 -837352.28 -159189.70
V 1024 -836740.48 -159293.58
V 1032 -835911.97 -159434.27
V 1040 -835544.23 -159496.71
V 1048 -834446.11 -159683.17
V 1056 -833675.94 -159813.95
V 1064 -833484.87 -159846.40
V 1072 -833164.32 -159900.82
V 1080 -832203.66 -160063.95
V 1088 -828752.73 -160649.92
V 1096 -827781.09 -160814.91
V 1104 -827539.80 -160855.88
V 1112 -827304.08 -160895.91
V 1120 -827107.16 -160929.34
V 1128 -826429.73 -161044.37
V 1136 -826172.94 -161087.98
V 1144 -824859.81 -161310.95
V 1152 -824675.05 -161342.32
V 1160 -823530.82 -161536.61
V 1168 -823334.78 -161569.90
V 1176 -821865.97 -161819.31
V 1184 -821865.93 -161819.32
V 1192 -821865.53 -161819.39
V 1200 -821865.45 -161819.40
V 1208 -821389.92 -161900.14
V 1216 -821134.62 -161943.50
V 1224 -820352.24 -162076.34
V 1232 -819638.66 -162197.51
V 1240 -819055.21 -162296.58
V 1248 -818652.78 -162364.91
V 1256 -816688.31 -162698.49
V 1264 -816681.35 -162699.67
V 1272 -816586.21 -162715.82
V 1280 -816420.25 -162744.01
V 1288 -816165.99 -162787.18
V 1296 -815951.23 -162823.65
V 1304 -815701.38 -162866.07
V 1312 -815526.01 -162895.85
V 1320 -812929.98 -163336.66
V 1328 -811506.70 -163578.34
V 1336 -811506.70 -163667.45
V 1344 -811526.96 -163667.45
V 1352 -811534.71 -163669.53
V 1360 -811540.38 -163675.20
V 1368 -811542.46 -163682.95
V 1376 -811542.46 -163753.95
V 1384 -811540.38 -163761.70
V 1392 -811534.71 -163767.37
V 1400 -811526.96 -163769.45
V 1408 -811449.20 -163769.45
V 1416 -811449.20 -163809.45
V 1424 -811548.70 -163809.45
V 1432 -811556.45 -163811.53
V 1440 -811562.12 -163817.20
V 1448 -811564.20 -163824.95
V 1456 -811564.20 -163895.95
V 1464 -811562.12 -163903.70
V 1472 -811556.45 -163909.37
V 1480 -811548.70 -163911.45
V 1488 -811449.20 -163911.45
V 1496 -811449.20 -163951.45
V 1504 -811548.70 -163951.45
V 1512 -811556.45 -163953.53
V 1520 -811562.12 -163959.20
V 1528 -811564.20 -163966.95
V 1536 -811564.20 -164037.95
V 1544 -811562.12 -164045.70
V 1552 -811556.45 -164051.37
V 1560 -811548.70 -164053.45
V 1568 -811449.20 -164053.45
V 1576 -811449.20 -164093.45
V 1584 -811548.70 -164093.45
V 1592 -811556.45 -164095.53
V 1600 -811562.12 -164101.20
V 1608 -811564.20 -164108.95
V 1616 -811564.20 -164179.95
V 1624 -811562.12 -164187.70
V 1632 -811556.45 -164193.37
V 1640 -811548.70 -164195.45
V 1648 -811449.20 -164195.45
V 1656 -811449.20 -164235.45
V 1664 -811548.70 -164235.45
V 1672 -811556.45 -164237.53
V 1680 -811562.12 -164243.20
V 1688 -811564.20 -164250.95
V 1696 -811564.20 -164321.95
V 1704 -811562.12 -164329.70
V 1712 -811556.45 -164335.37
V 1720 -811548.70 -164337.45
V 1728 -811449.20 -164337.45
V 1736 -811449.20 -164377.45
V 1744 -811548.70 -164377.45
V 1752 -811556.45 -164379.53
V 1760 -811562.12 -164385.20
V 1768 -811564.20 -164392.95
V 1776 -811564.20 -164463.95
V 1784 -811562.12 -164471.70
V 1792 -811556.45 -164477.37
V 1800 -811548.70 -164479.45
V 1808 -811449.20 -164479.45
V 1816 -811449.20 -164519.45
V 1824 -811548.70 -164519.45
V 1832 -811556.45 -164521.53
V 1840 -811562.12 -164527.20
V 1848 -811564.20 -164534.95
V 1856 -811564.20 -164605.95
V 1864 -811562.12 -164613.70
V 1872 -811556.45 -164619.37
V 1880 -811548.70 -164621.45
V 1888 -811449.20 -164621.45
V 1896 -811449.20 -164661.45
V 1904 -811548.70 -164661.45
V 1912 -811556.45 -164663.53
V 1920 -811562.12 -164669.20
V 1928 -811564.20 -164676.95
V 1936 -811564.20 -164747.95
V 1944 -811562.12 -164755.70
V 1952 -811556.45 -164761.37
V 1960 -811548.70 -164763.45
V 1968 -811449.20 -164763.45
V 1976 -811449.20 -164803.45
V 1984 -811548.70 -164803.45
V 1992 -811556.45 -164805.53
V 2000 -811562.12 -164811.20
V 2008 -811564.20 -164818.95
V 2016 -811564.20 -164889.95
V 2024 -811562.12 -164897.70
V 2032 -811556.45 -164903.37
V 2040 -811548.70 -164905.45
V 2048 -811449.20 -164905.45
V 2056 -811449.20 -164945.45
V 2064 -811548.70 -164945.45
V 2072 -811556.45 -164947.53
V 2080 -811562.12 -164953.20
V 2088 -811564.20 -164960.95
V 2096 -811564.20 -165031.95
V 2104 -811562.12 -165039.70
V 2112 -811556.45 -165045.37
V 2120 -811548.70 -165047.45
V 2128 -811449.20 -165047.45
V 2136 -811449.20 -165087.45
V 2144 -811548.70 -165087.45
V 2152 -811556.45 -165089.53
V 2160 -811562.12 -165095.20
V 2168 -811564.20 -165102.95
V 2176 -811564.20 -165173.95
V 2184 -811562.12 -165181.70
V 2192 -811556.45 -165187.37
V 2200 -811548.70 -165189.45
V 2208 -811449.20 -165189.45
V 2216 -811449.20 -165229.45
V 2224 -811548.70 -165229.45
V 2232 -811556.45 -165231.53
V 2240 -811562.12 -165237.20
V 2248 -811564.20 -165244.95
V 2256 -811564.20 -165315.95
V 2264 -811562.12 -165323.70
V 2272 -811556.45 -165329.37
V 2280 -811548.70 -165331.45
V 2288 -811449.20 -165331.45
V 2296 -811449.20 -165371.45
V 2304 -811548.70 -165371.45
V 2312 -811556.45 -165373.53
V 2320 -811562.12 -165379.20
V 2328 -811564.20 -165386.95
V 2336 -811564.20 -165457.95
V 2344 -811562.12 -165465.70
V 2352 -811556.45 -165471.37
V 2360 -811548.70 -165473.45
V 2368 -811449.20 -165473.45
V 2376 -811449.20 -165513.45
V 2384 -811548.70 -165513.45
V 2392 -811556.45 -165515.53
V 2400 -811562.12 -165521.20
V 2408 -811564.20 -165528.95
V 2416 -811564.20 -165599.95
V 2424 -811562.12 -165607.70
V 2432 -811556.45 -165613.37
V 2440 -811548.70 -165615.45
V 2448 -811449.20 -165615.45
V 2456 -811449.20 -165655.45
V 2464 -811548.70 -165655.45
V 2472 -811556.45 -165657.53
V 2480 -811562.12 -165663.20
V 2488 -811564.20 -165670.95
V 2496 -811564.20 -165741.95
V 2504 -811562.12 -165749.70
V 2512 -811556.45 -165755.37
V 2520 -811548.70 -165757.45
V 2528 -811449.20 -165757.45
V 2536 -811449.20 -165797.45
V 2544 -811548.70 -165797.45
V 2552 -811556.45 -165799.53
V 2560 -811562.12 -165805.20
V 2568 -811564.20 -165812.95
V 2576 -811564.20 -165883.95
V 2584 -811562.12 -165891.70
V 2592 -811556.45 -165897.37
V 2600 -811548.70 -165899.45
V 2608 -811449.20 -165899.45
V 2616 -811449.20 -165939.45
V 2624 -811548.70 -165939.45
V 2632 -811556.45 -165941.53
V 2640 -811562.12 -165947.20
V 2648 -811564.20 -165954.95
V 2656 -811564.20 -166025.95
V 2664 -811562.12 -166033.70
V 2672 -811556.45 -166039.37
V 2680 -811548.70 -166041.45
V 2688 -811449.20 -166041.45
V 2696 -811449.20 -166081.45
V 2704 -811548.70 -166081.45
V 2712 -811556.45 -166083.53
V 2720 -811562.12 -166089.20
V 2728 -811564.20 -166096.95
V 2736 -811564.20 -166167.95
V 2744 -811562.12 -166175.70
V 2752 -811556.45 -166181.37
V 2760 -811548.70 -166183.45
V 2768 -811449.20 -166183.45
V 2776 -811449.20 -166223.45
V 2784 -811548.70 -166223.45
V 2792 -811556.45 -166225.53
V 2800 -811562.12 -166231.20
V 2808 -811564.20 -166238.95
V 2816 -811564.20 -166309.95
V 2824 -811562.12 -166317.70
V 2832 -811556.45 -166323.37
V 2840 -811548.70 -166325.45
V 2848 -811449.20 -166325.45
V 2856 -811449.20 -166365.45
V 2864 -811548.70 -166365.45
V 2872 -811556.45 -166367.53
V 2880 -811562.12 -166373.20
V 2888 -811564.20 -166380.95
V 2896 -811564.20 -166451.95
V 2904 -811562.12 -166459.70
V 2912 -811556.45 -166465.37
V 2920 -811548.70 -166467.45
V 2928 -811449.20 -166467.45
V 2936 -811449.20 -166507.45
V 2944 -811548.70 -166507.45
V 2952 -811556.45 -166509.53
V 2960 -811562.12 -166515.20
V 2968 -811564.20 -166522.95
V 2976 -811564.20 -166593.95
V 2984 -811562.12 -166601.70
V 2992 -811556.45 -166607.37
V 3000 -811548.70 -166609.45
V 3008 -811449.20 -166609.45
V 3016 -811449.20 -166649.45
V 3024 -811548.70 -166649.45
V 3032 -811556.45 -166651.53
V 3040 -811562.12 -166657.20
V 3048 -811564.20 -166664.95
V 3056 -811564.20 -166735.95
V 3064 -811562.12 -166743.70
V 3072 -811556.45 -166749.37
V 3080 -811548.70 -166751.45
V 3088 -811449.20 -166751.45
V 3096 -811449.20 -166791.45
V 3104 -811548.70 -166791.45
V 3112 -811556.45 -166793.53
V 3120 -811562.12 -166799.20
V 3128 -811564.20 -166806.95
V 3136 -811564.20 -166877.95
V 3144 -811562.12 -166885.70
V 3152 -811556.45 -166891.37
V 3160 -811548.70 -166893.45
V 3168 -811449.20 -166893.45
V 3176 -811449.20 -166933.45
V 3184 -811548.70 -166933.45
V 3192 -811556.45 -166935.53
V 3200 -811562.12 -166941.20
V 3208 -811564.20 -166948.95
V 3216 -811564.20 -167019.95
V 3224 -811562.12 -167027.70
V 3232 -811556.45 -167033.37
V 3240 -811548.70 -167035.45
V 3248 -811449.20 -167035.45
V 3256 -811449.20 -167075.45
V 3264 -811548.70 -167075.45
V 3272 -811556.45 -167077.53
V 3280 -811562.12 -167083.20
V 3288 -811564.20 -167090.95
V 3296 -811564.20 -167161.95
V 3304 -811562.12 -167169.70
V 3312 -811556.45 -167175.37
V 3320 -811548.70 -167177.45
V 3328 -811449.20 -167177.45
V 3336 -811449.20 -167217.45
V 3344 -811548.70 -167217.45
V 3352 -811556.45 -167219.53
V 3360 -811562.12 -167225.20
V 3368 -811564.20 -167232.95
V 3376 -811564.20 -167303.95
V 3384 -811562.12 -167311.70
V 3392 -811556.45 -167317.37
V 3400 -811548.70 -167319.45
V 3408 -811449.20 -167319.45
V 3416 -811449.20 -167359.45
V 3424 -811548.70 -167359.45
V 3432 -811556.45 -167361.53
V 3440 -811562.12 -167367.20
V 3448 -811564.20 -167374.95
V 3456 -811564.20 -167445.95
V 3464 -811562.12 -167453.70
V 3472 -811556.45 -167459.37
V 3480 -811548.70 -167461.45
V 3488 -811449.20 -167461.45
V 3496 -811449.20 -167501.45
V 3504 -811548.70 -167501.45
V 3512 -811556.45 -167503.53
V 3520 -811562.12 -167509.20
V 3528 -811564.20 -167516.95
V 3536 -811564.20 -167587.95
V 3544 -811562.12 -167595.70
V 3552 -811556.45 -167601.37
V 3560 -811548.70 -167603.45
V 3568 -811449.20 -167603.45
V 3576 -811449.20 -167643.45
V 3584 -811548.70 -167643.45
V 3592 -811556.45 -167645.53
V 3600 -811562.12 -167651.20
V 3608 -811564.20 -167658.95
V 3616 -811564.20 -167729.95
V 3624 -811562.12 -167737.70
V 3632 -811556.45 -167743.37
V 3640 -811548.70 -167745.45
V 3648 -811449.20 -167745.45
V 3656 -811449.20 -167785.45
V 3664 -811548.70 -167785.45
V 3672 -811556.45 -167787.53
V 3680 -811562.12 -167793.20
V 3688 -811564.20 -167800.95
V 3696 -811564.20 -167871.95
V 3704 -811562.12 -167879.70
V 3712 -811556.45 -167885.37
V 3720 -811548.70 -167887.45
V 3728 -811449.20 -167887.45
V 3736 -811449.20 -167927.45
V 3744 -811548.70 -167927.45
V 3752 -811556.45 -167929.53
V 3760 -811562.12 -167935.20
V 3768 -811564.20 -167942.95
V 3776 -811564.20 -168013.95
V 3784 -811562.12 -168021.70
V 3792 -811556.45 -168027.37
V 3800 -811548.70 -168029.45
V 3808 -811449.20 -168029.45
V 3816 -811449.20 -168069.45
V 3824 -811548.70 -168069.45
V 3832 -811556.45 -168071.53
V 3840 -811562.12 -168077.20
V 3848 -811564.20 -168084.95
V 3856 -811564.20 -168155.95
V 3864 -811562.12 -168163.70
V 3872 -811556.45 -168169.37
V 3880 -811548.70 -168171.45
V 3888 -811449.20 -168171.45
V 3896 -811449.20 -168211.45
V 3904 -811548.70 -168211.45
V 3912 -811556.45 -168213.53
V 3920 -811562.12 -168219.20
V 3928 -811564.20 -168226.95
V 3936 -811564.20 -168297.95
V 3944 -811562.12 -168305.70
V 3952 -811556.45 -168311.37
V 3960 -811548.70 -168313.45
V 3968 -811449.20 -168313.45
V 3976 -811449.20 -168353.45
V 3984 -811548.70 -168353.45
V 3992 -811556.45 -168355.53
V 4000 -811562.12 -168361.20
V 4008 -811564.20 -168368.95
V 4016 -811564.20 -168439.95
V 4024 -811562.12 -168447.70
V 4032 -811556.45 -168453.37
V 4040 -811548.70 -168455.45
V 4048 -811449.20 -168455.45
V 4056 -811449.20 -168495.45
V 4064 -811548.70 -168495.45
V 4072 -811556.45 -168497.53
V 4080 -811562.12 -168503.20
V 4088 -811564.20 -168510.95
V 4096 -811564.20 -168581.95
V 4104 -811562.12 -168589.70
V 4112 -811556.45 -168595.37
V 4120 -811548.70 -168597.45
V 4128 -811449.20 -168597.45
V 4136 -811449.20 -168637.45
V 4144 -811548.70 -168637.45
V 4152 -811556.45 -168639.53
V 4160 -811562.12 -168645.20
V 4168 -811564.20 -168652.95
V 4176 -811564.20 -168723.95
V 4184 -811562.12 -168731.70
V 4192 -811556.45 -168737.37
V 4200 -811548.70 -168739.45
V 4208 -811449.20 -168739.45
V 4216 -811449.20 -168779.45
V 4224 -811548.70 -168779.45
V 4232 -811556.45 -168781.53
V 4240 -811562.12 -168787.20
V 4248 -811564.20 -168794.95
V 4256 -811564.20 -168865.95
V 4264 -811562.12 -168873.70
V 4272 -811556.45 -168879.37
V 4280 -811548.70 -168881.45
V 4288 -811449.20 -168881.45
V 4296 -811449.20 -168921.45
V 4304 -811548.70 -168921.45
V 4312 -811556.45 -168923.53
V 4320 -811562.12 -168929.20
V 4328 -811564.20 -168936.95
V 4336 -811564.20 -169007.95
V 4344 -811562.12 -169015.70
V 4352 -811556.45 -169021.37
V 4360 -811548.70 -169023.45
V 4368 -811449.20 -169023.45
V 4376 -811449.20 -169063.45
V 4384 -811548.70 -169063.45
V 4392 -811556.45 -169065.53
V 4400 -811562.12 -169071.20
V 4408 -811564.20 -169078.95
V 4416 -811564.20 -169149.95
V 4424 -811562.12 -169157.70
V 4432 -811556.45 -169163.37
V 4440 -811548.70 -169165.45
V 4448 -811449.20 -169165.45
V 4456 -811449.20 -169205.45
V 4464 -811548.70 -169205.45
V 4472 -811556.45 -169207.53
V 4480 -811562.12 -169213.20
V 4488 -811564.20 -169220.95
V 4496 -811564.20 -169291.95
V 4504 -811562.12 -169299.70
V 4512 -811556.45 -169305.37
V 4520 -811548.70 -169307.45
V 4528 -811449.20 -169307.45
V 4536 -811449.20 -169347.45
V 4544 -811548.70 -169347.45
V 4552 -811556.45 -169349.53
V 4560 -811562.12 -169355.20
V 4568 -811564.20 -169362.95
V 4576 -811564.20 -169433.95
V 4584 -811562.12 -169441.70
V 4592 -811556.45 -169447.37
V 4600 -811548.70 -169449.45
V 4608 -811449.20 -169449.45
V 4616 -811449.20 -169489.45
V 4624 -811548.70 -169489.45
V 4632 -811556.45 -169491.53
V 4640 -811562.12 -169497.20
V 4648 -811564.20 -169504.95
V 4656 -811564.20 -169575.95
V 4664 -811562.12 -169583.70
V 4672 -811556.45 -169589.37
V 4680 -811548.70 -169591.45
V 4688 -811449.20 -169591.45
V 4696 -811449.20 -169631.45
V 4704 -811548.70 -169631.45
V 4712 -811556.45 -169633.53
V 4720 -811562.12 -169639.20
V 4728 -811564.20 -169646.95
V 4736 -811564.20 -169717.95
V 4744 -811562.12 -169725.70
V 4752 -811556.45 -169731.37
V 4760 -811548.70 -169733.45
V 4768 -811449.20 -169733.45
V 4776 -811449.20 -169773.45
V 4784 -811548.70 -169773.45
V 4792 -811556.45 -169775.53
V 4800 -811562.12 -169781.20
V 4808 -811564.20 -169788.95
V 4816 -811564.20 -169859.95
V 4824 -811562.12 -169867.70
V 4832 -811556.45 -169873.37
V 4840 -811548.70 -169875.45
V 4848 -811449.20 -169875.45
V 4856 -811449.20 -169915.45
V 4864 -811548.70 -169915.45
V 4872 -811556.45 -169917.53
V 4880 -811562.12 -169923.20
V 4888 -811564.20 -169930.95
V 4896 -811564.20 -170001.95
V 4904 -811562.12 -170009.70
V 4912 -811556.45 -170015.37
V 4920 -811548.70 -170017.45
V 4928 -811449.20 -170017.45
V 4936 -811449.20 -170057.45
V 4944 -811548.70 -170057.45
V 4952 -811556.45 -170059.53
V 4960 -811562.12 -170065.20
V 4968 -811564.20 -170072.95
V 4976 -811564.20 -170143.95
V 4984 -811562.12 -170151.70
V 4992 -811556.45 -170157.37
V 5000 -811548.70 -170159.45
V 5008 -811449.20 -170159.45
V 5016 -811449.20 -170199.45
V 5024 -811548.70 -170199.45
V 5032 -811556.45 -170201.53
V 5040 -811562.12 -170207.20
V 5048 -811564.20 -170214.95
V 5056 -811564.20 -170285.95
V 5064 -811562.12 -170293.70
V 5072 -811556.45 -170299.37
V 5080 -811548.70 -170301.45
V 5088 -811449.20 -170301.45
V 5096 -811449.20 -170341.45
V 5104 -811548.70 -170341.45
V 5112 -811556.45 -170343.53
V 5120 -811562.12 -170349.20
V 5128 -811564.20 -170356.95
V 5136 -811564.20 -170427.95
V 5144 -811562.12 -170435.70
V 5152 -811556.45 -170441.37
V 5160 -811548.70 -170443.45
V 5168 -811449.20 -170443.45
V 5176 -811449.20 -170483.45
V 5184 -811548.70 -170483.45
V 5192 -811556.45 -170485.53
V 5200 -811562.12 -170491.20
V 5208 -811564.20 -170498.95
V 5216 -811564.20 -170569.95
V 5224 -811562.12 -170577.70
V 5232 -811556.45 -170583.37
V 5240 -811548.70 -170585.45
V 5248 -811449.20 -170585.45
V 5256 -811449.20 -170625.45
V 5264 -811548.70 -170625.45
V 5272 -811556.45 -170627.53
V 5280 -811562.12 -170633.20
V 5288 -811564.20 -170640.95
V 5296 -811564.20 -170711.95
V 5304 -811562.12 -170719.70
V 5312 -811556.45 -170725.37
V 5320 -811548.70 -170727.45
V 5328 -811449.20 -170727.45
V 5336 -811449.20 -170767.45
V 5344 -811548.70 -170767.45
V 5352 -811556.45 -170769.53
V 5360 -811562.12 -170775.20
V 5368 -811564.20 -170782.95
V 5376 -811564.20 -170853.95
V 5384 -811562.12 -170861.70
V 5392 -811556.45 -170867.37
V 5400 -811548.70 -170869.45
V 5408 -811449.20 -170869.45
V 5416 -811449.20 -170909.45
V 5424 -811548.70 -170909.45
V 5432 -811556.45 -170911.53
V 5440 -811562.12 -170917.20
V 5448 -811564.20 -170924.95
V 5456 -811564.20 -170995.95
V 5464 -811562.12 -171003.70
V 5472 -811556.45 -171009.37
V 5480 -811548.70 -171011.45
V 5488 -811449.20 -171011.45
V 5496 -811449.20 -171051.45
V 5504 -811548.70 -171051.45
V 5512 -811556.45 -171053.53
V 5520 -811562.12 -171059.20
V 5528 -811564.20 -171066.95
V 5536 -811564.20 -171137.95
V 5544 -811562.12 -171145.70
V 5552 -811556.45 -171151.37
V 5560 -811548.70 -171153.45
V 5568 -811449.20 -171153.45
V 5576 -811449.20 -171193.45
V 5584 -811548.70 -171193.45
V 5592 -811556.45 -171195.53
V 5600 -811562.12 -171201.20
V 5608 -811564.20 -171208.95
V 5616 -811564.20 -171279.95
V 5624 -811562.12 -171287.70
V 5632 -811556.45 -171293.37
V 5640 -811548.70 -171295.45
V 5648 -811449.20 -171295.45
V 5656 -811449.20 -171335.45
V 5664 -811548.70 -171335.45
V 5672 -811556.45 -171337.53
V 5680 -811562.12 -171343.20
V 5688 -811564.20 -171350.95
V 5696 -811564.20 -171421.95
V 5704 -811562.12 -171429.70
V 5712 -811556.45 -171435.37
V 5720 -811548.70 -171437.45
V 5728 -811449.20 -171437.45
V 5736 -811449.20 -171477.45
V 5744 -811548.70 -171477.45
V 5752 -811556.45 -171479.53
V 5760 -811562.12 -171485.20
V 5768 -811564.20 -171492.95
V 5776 -811564.20 -171563.95
V 5784 -811562.12 -171571.70
V 5792 -811556.45 -171577.37
V 5800 -811548.70 -171579.45
V 5808 -811449.20 -171579.45
V 5816 -811449.20 -171619.45
V 5824 -811548.70 -171619.45
V 5832 -811556.45 -171621.53
V 5840 -811562.12 -171627.20
V 5848 -811564.20 -171634.95
V 5856 -811564.20 -171705.95
V 5864 -811562.12 -171713.70
V 5872 -811556.45 -171719.37
V 5880 -811548.70 -171721.45
V 5888 -811449.20 -171721.45
V 5896 -811449.20 -171761.45
V 5904 -811548.70 -171761.45
V 5912 -811556.45 -171763.53
V 5920 -811562.12 -171769.20
V 5928 -811564.20 -171776.95
V 5936 -811564.20 -171847.95
V 5944 -811562.12 -171855.70
V 5952 -811556.45 -171861.37
V 5960 -811548.70 -171863.45
V 5968 -811449.20 -171863.45
V 5976 -811449.20 -171903.45
V 5984 -811548.70 -171903.45
V 5992 -811556.45 -171905.53
V 6000 -811562.12 -171911.20
V 6008 -811564.20 -171918.95
V 6016 -811564.20 -171989.95
V 6024 -811562.12 -171997.70
V 6032 -811556.45 -172003.37
V 6040 -811548.70 -172005.45
V 6048 -811449.20 -172005.45
V 6056 -811449.20 -172045.45
V 6064 -811548.70 -172045.45
V 6072 -811556.45 -172047.53
V 6080 -811562.12 -172053.20
V 6088 -811564.20 -172060.95
V 6096 -811564.20 -172131.95
V 6104 -811562.12 -172139.70
V 6112 -811556.45 -172145.37
V 6120 -811548.70 -172147.45
V 6128 -811449.20 -172147.45
V 6136 -811449.20 -172187.45
V 6144 -811548.70 -172187.45
V 6152 -811556.45 -172189.53
V 6160 -811562.12 -172195.20
V 6168 -811564.20 -172202.95
V 6176 -811564.20 -172273.95
V 6184 -811562.12 -172281.70
V 6192 -811556.45 -172287.37
V 6200 -811548.70 -172289.45
V 6208 -811449.20 -172289.45
V 6216 -811449.20 -172329.45
V 6224 -811548.70 -172329.45
V 6232 -811556.45 -172331.53
V 6240 -811562.12 -172337.20
V 6248 -811564.20 -172344.95
V 6256 -811564.20 -172415.95
V 6264 -811562.12 -172423.70
V 6272 -811556.45 -172429.37
V 6280 -811548.70 -172431.45
V 6288 -811449.20 -172431.45
V 6296 -811449.20 -172471.45
V 6304 -811548.70 -172471.45
V 6312 -811556.45 -172473.53
V 6320 -811562.12 -172479.20
V 6328 -811564.20 -172486.95
V 6336 -811564.20 -172557.95
V 6344 -811562.12 -172565.70
V 6352 -811556.45 -172571.37
V 6360 -811548.70 -172573.45
V 6368 -811449.20 -172573.45
V 6376 -811449.20 -172613.45
V 6384 -811548.70 -172613.45
V 6392 -811556.45 -172615.53
V 6400 -811562.12 -172621.20
V 6408 -811564.20 -172628.95
V 6416 -811564.20 -172699.95
V 6424 -811562.12 -172707.70
V 6432 -811556.45 -172713.37
V 6440 -811548.70 -172715.45
V 6448 -811449.20 -172715.45
V 6456 -811449.20 -172755.45
V 6464 -811548.70 -172755.45
V 6472 -811556.45 -172757.53
V 6480 -811562.12 -172763.20
V 6488 -811564.20 -172770.95
V 6496 -811564.20 -172841.95
V 6504 -811562.12 -172849.70
V 6512 -811556.45 -172855.37
V 6520 -811548.70 -172857.45
V 6528 -811449.20 -172857.45
V 6536 -811449.20 -172897.45
V 6544 -811548.70 -172897.45
V 6552 -811556.45 -172899.53
V 6560 -811562.12 -172905.20
V 6568 -811564.20 -172912.95
V 6576 -811564.20 -172983.95
V 6584 -811562.12 -172991.70
V 6592 -811556.45 -172997.37
V 6600 -811548.70 -172999.45
V 6608 -811449.20 -172999.45
V 6616 -811449.20 -173039.45
V 6624 -811548.70 -173039.45
V 6632 -811556.45 -173041.53
V 6640 -811562.12 -173047.20
V 6648 -811564.20 -173054.95
V 6656 -811564.20 -173125.95
V 6664 -811562.12 -173133.70
V 6672 -811556.45 -173139.37
V 6680 -811548.70 -173141.45
V 6688 -811449.20 -173141.45
V 6696 -811449.20 -173181.45
V 6704 -811548.70 -173181.45
V 6712 -811556.45 -173183.53
V 6720 -811562.12 -173189.20
V 6728 -811564.20 -173196.95
V 6736 -811564.20 -173267.95
V 6744 -811562.12 -173275.70
V 6752 -811556.45 -173281.37
V 6760 -811548.70 -173283.45
V 6768 -811449.20 -173283.45
V 6776 -811449.20 -173323.45
V 6784 -811548.70 -173323.45
V 6792 -811556.45 -173325.53
V 6800 -811562.12 -173331.20
V 6808 -811564.20 -173338.95
V 6816 -811564.20 -173409.95
V 6824 -811562.12 -173417.70
V 6832 -811556.45 -173423.37
V 6840 -811548.70 -173425.45
V 6848 -811449.20 -173425.45
V 6856 -811449.20 -173465.45
V 6864 -811548.70 -173465.45
V 6872 -811556.45 -173467.53
V 6880 -811562.12 -173473.20
V 6888 -811564.20 -173480.95
V 6896 -811564.20 -173551.95
V 6904 -811562.12 -173559.70
V 6912 -811556.45 -173565.37
V 6920 -811548.70 -173567.45
V 6928 -811449.20 -173567.45
V 6936 -811449.20 -173607.45
V 6944 -811548.70 -173607.45
V 6952 -811556.45 -173609.53
V 6960 -811562.12 -173615.20
V 6968 -811564.20 -173622.95
V 6976 -811564.20 -173693.95
V 6984 -811562.12 -173701.70
V 6992 -811556.45 -173707.37
V 7000 -811548.70 -173709.45
V 7008 -811449.20 -173709.45
V 7016 -811449.20 -173749.45
V 7024 -811548.70 -173749.45
V 7032 -811556.45 -173751.53
V 7040 -811562.12 -173757.20
V 7048 -811564.20 -173764.95
V 7056 -811564.20 -173835.95
V 7064 -811562.12 -173843.70
V 7072 -811556.45 -173849.37
V 7080 -811548.70 -173851.45
V 7088 -811449.20 -173851.45
V 7096 -811449.20 -173891.45
V 7104 -811548.70 -173891.45
V 7112 -811556.45 -173893.53
V 7120 -811562.12 -173899.20
V 7128 -811564.20 -173906.95
V 7136 -811564.20 -173977.95
V 7144 -811562.12 -173985.70
V 7152 -811556.45 -173991.37
V 7160 -811548.70 -173993.45
V 7168 -811449.20 -173993.45
V 7176 -811449.20 -174033.45
V 7184 -811548.70 -174033.45
V 7192 -811556.45 -174035.53
V 7200 -811562.12 -174041.20
V 7208 -811564.20 -174048.95
V 7216 -811564.20 -174119.95
V 7224 -811562.12 -174127.70
V 7232 -811556.45 -174133.37
V 7240 -811548.70 -174135.45
V 7248 -811449.20 -174135.45
V 7256 -811449.20 -174175.45
V 7264 -811548.70 -174175.45
V 7272 -811556.45 -174177.53
V 7280 -811562.12 -174183.20
V 7288 -811564.20 -174190.95
V 7296 -811564.20 -174261.95
V 7304 -811562.12 -174269.70
V 7312 -811556.45 -174275.37
V 7320 -811548.70 -174277.45
V 7328 -811449.20 -174277.45
V 7336 -811449.20 -174317.45
V 7344 -811548.70 -174317.45
V 7352 -811556.45 -174319.53
V 7360 -811562.12 -174325.20
V 7368 -811564.20 -174332.95
V 7376 -811564.20 -174403.95
V 7384 -811562.12 -174411.70
V 7392 -811556.45 -174417.37
V 7400 -811548.70 -174419.45
V 7408 -811449.20 -174419.45
V 7416 -811449.20 -174459.45
V 7424 -811548.70 -174459.45
V 7432 -811556.45 -174461.53
V 7440 -811562.12 -174467.20
V 7448 -811564.20 -174474.95
V 7456 -811564.20 -174545.95
V 7464 -811562.12 -174553.70
V 7472 -811556.45 -174559.37
V 7480 -811548.70 -174561.45
V 7488 -811449.20 -174561.45
V 7496 -811449.20 -174601.45
V 7504 -811548.70 -174601.45
V 7512 -811556.45 -174603.53
V 7520 -811562.12 -174609.20
V 7528 -811564.20 -174616.95
V 7536 -811564.20 -174687.95
V 7544 -811562.12 -174695.70
V 7552 -811556.45 -174701.37
V 7560 -811548.70 -174703.45
V 7568 -811449.20 -174703.45
V 7576 -811449.20 -174743.45
V 7584 -811548.70 -174743.45
V 7592 -811556.45 -174745.53
V 7600 -811562.12 -174751.20
V 7608 -811564.20 -174758.95
V 7616 -811564.20 -174829.95
V 7624 -811562.12 -174837.70
V 7632 -811556.45 -174843.37
V 7640 -811548.70 -174845.45
V 7648 -811449.20 -174845.45
V 7656 -811449.20 -174885.45
V 7664 -811548.70 -174885.45
V 7672 -811556.45 -174887.53
V 7680 -811562.12 -174893.20
V 7688 -811564.20 -174900.95
V 7696 -811564.20 -174971.95
V 7704 -811562.12 -174979.70
V 7712 -811556.45 -174985.37
V 7720 -811548.70 -174987.45
V 7728 -811449.20 -174987.45
V 7736 -811449.20 -175027.45
V 7744 -811548.70 -175027.45
V 7752 -811556.45 -175029.53
V 7760 -811562.12 -175035.20
V 7768 -811564.20 -175042.95
V 7776 -811564.20 -175113.95
V 7784 -811562.12 -175121.70
V 7792 -811556.45 -175127.37
V 7800 -811548.70 -175129.45
V 7808 -811449.20 -175129.45
V 7816 -811449.20 -175169.45
V 7824 -811548.70 -175169.45
V 7832 -811556.45 -175171.53
V 7840 -811562.12 -175177.20
V 7848 -811564.20 -175184.95
V 7856 -811564.20 -175255.95
V 7864 -811562.12 -175263.70
V 7872 -811556.45 -175269.37
V 7880 -811548.70 -175271.45
V 7888 -811449.20 -175271.45
V 7896 -811449.20 -175311.45
V 7904 -811548.70 -175311.45
V 7912 -811556.45 -175313.53
V 7920 -811562.12 -175319.20
V 7928 -811564.20 -175326.95
V 7936 -811564.20 -175397.95
V 7944 -811562.12 -175405.70
V 7952 -811556.45 -175411.37
V 7960 -811548.70 -175413.45
V 7968 -811449.20 -175413.45
V 7976 -811449.20 -175453.45
V 7984 -811548.70 -175453.45
V 7992 -811556.45 -175455.53
V 8000 -811562.12 -175461.20
V 8008 -811564.20 -175468.95
V 8016 -811564.20 -175539.95
V 8024 -811562.12 -175547.70
V 8032 -811556.45 -175553.37
V 8040 -811548.70 -175555.45
V 8048 -811449.20 -175555.45
V 8056 -811449.20 -175595.45
V 8064 -811548.70 -175595.45
V 8072 -811556.45 -175597.53
V 8080 -811562.12 -175603.20
V 8088 -811564.20 -175610.95
V 8096 -811564.20 -175681.95
V 8104 -811562.12 -175689.70
V 8112 -811556.45 -175695.37
V 8120 -811548.70 -175697.45
V 8128 -811449.20 -175697.45
V 8136 -811449.20 -175737.45
V 8144 -811548.70 -175737.45
V 8152 -811556.45 -175739.53
V 8160 -811562.12 -175745.20
V 8168 -811564.20 -175752.95
V 8176 -811564.20 -175823.95
V 8184 -811562.12 -175831.70
V 8192 -811556.45 -175837.37
V 8200 -811548.70 -175839.45
V 8208 -811449.20 -175839.45
V 8216 -811449.20 -175879.45
V 8224 -811548.70 -175879.45
V 8232 -811556.45 -175881.53
V 8240 -811562.12 -175887.20
V 8248 -811564.20 -175894.95
V 8256 -811564.20 -175965.95
V 8264 -811562.12 -175973.70
V 8272 -811556.45 -175979.37
V 8280 -811548.70 -175981.45
V 8288 -811449.20 -175981.45
V 8296 -811449.20 -176021.45
V 8304 -811548.70 -176021.45
V 8312 -811556.45 -176023.53
V 8320 -811562.12 -176029.20
V 8328 -811564.20 -176036.95
V 8336 -811564.20 -176107.95
V 8344 -811562.12 -176115.70
V 8352 -811556.45 -176121.37
V 8360 -811548.70 -176123.45
V 8368 -811449.20 -176123.45
V 8376 -811449.20 -176163.45
V 8384 -811548.70 -176163.45
V 8392 -811556.45 -176165.53
V 8400 -811562.12 -176171.20
V 8408 -811564.20 -176178.95
V 8416 -811564.20 -176249.95
V 8424 -811562.12 -176257.70
V 8432 -811556.45 -176263.37
V 8440 -811548.70 -176265.45
V 8448 -811449.20 -176265.45
V 8456 -811449.20 -176305.45
V 8464 -811548.70 -176305.45
V 8472 -811556.45 -176307.53
V 8480 -811562.12 -176313.20
V 8488 -811564.20 -176320.95
V 8496 -811564.20 -176391.95
V 8504 -811562.12 -176399.70
V 8512 -811556.45 -176405.37
V 8520 -811548.70 -176407.45
V 8528 -811449.20 -176407.45
V 8536 -811449.20 -176447.45
V 8544 -811548.70 -176447.45
V 8552 -811556.45 -176449.53
V 8560 -811562.12 -176455.20
V 8568 -811564.20 -176462.95
V 8576 -811564.20 -176533.95
V 8584 -811562.12 -176541.70
V 8592 -811556.45 -176547.37
V 8600 -811548.70 -176549.45
V 8608 -811449.20 -176549.45
V 8616 -811449.20 -176589.45
V 8624 -811548.70 -176589.45
V 8632 -811556.45 -176591.53
V 8640 -811562.12 -176597.20
V 8648 -811564.20 -176604.95
V 8656 -811564.20 -176675.95
V 8664 -811562.12 -176683.70
V 8672 -811556.45 -176689.37
V 8680 -811548.70 -176691.45
V 8688 -811449.20 -176691.45
V 8696 -811449.20 -176731.45
V 8704 -811548.70 -176731.45
V 8712 -811556.45 -176733.53
V 8720 -811562.12 -176739.20
V 8728 -811564.20 -176746.95
V 8736 -811564.20 -176817.95
V 8744 -811562.12 -176825.70
V 8752 -811556.45 -176831.37
V 8760 -811548.70 -176833.45
V 8768 -811449.20 -176833.45
V 8776 -811449.20 -176873.45
V 8784 -811548.70 -176873.45
V 8792 -811556.45 -176875.53
V 8800 -811562.12 -176881.20
V 8808 -811564.20 -176888.95
V 8816 -811564.20 -176959.95
V 8824 -811562.12 -176967.70
V 8832 -811556.45 -176973.37
V 8840 -811548.70 -176975.45
V 8848 -811449.20 -176975.45
V 8856 -811449.20 -177015.45
V 8864 -811548.70 -177015.45
V 8872 -811556.45 -177017.53
V 8880 -811562.12 -177023.20
V 8888 -811564.20 -177030.95
V 8896 -811564.20 -177101.95
V 8904 -811562.12 -177109.70
V 8912 -811556.45 -177115.37
V 8920 -811548.70 -177117.45
V 8928 -811449.20 -177117.45
V 8936 -811449.20 -177157.45
V 8944 -811548.70 -177157.45
V 8952 -811556.45 -177159.53
V 8960 -811562.12 -177165.20
V 8968 -811564.20 -177172.95
V 8976 -811564.20 -177243.95
V 8984 -811562.12 -177251.70
V 8992 -811556.45 -177257.37
V 9000 -811548.70 -177259.45
V 9008 -811449.20 -177259.45
V 9016 -811449.20 -177299.45
V 9024 -811548.70 -177299.45
V 9032 -811556.45 -177301.53
V 9040 -811562.12 -177307.20
V 9048 -811564.20 -177314.95
V 9056 -811564.20 -177385.95
V 9064 -811562.12 -177393.70
V 9072 -811556.45 -177399.37
V 9080 -811548.70 -177401.45
V 9088 -811449.20 -177401.45
V 9096 -811449.20 -177441.45
V 9104 -811548.70 -177441.45
V 9112 -811556.45 -177443.53
V 9120 -811562.12 -177449.20
V 9128 -811564.20 -177456.95
V 9136 -811564.20 -177527.95
V 9144 -811562.12 -177535.70
V 9152 -811556.45 -177541.37
V 9160 -811548.70 -177543.45
V 9168 -811449.20 -177543.45
V 9176 -811449.20 -177583.45
V 9184 -811548.70 -177583.45
V 9192 -811556.45 -177585.53
V 9200 -811562.12 -177591.20
V 9208 -811564.20 -177598.95
V 9216 -811564.20 -177669.95
V 9224 -811562.12 -177677.70
V 9232 -811556.45 -177683.37
V 9240 -811548.70 -177685.45
V 9248 -811449.20 -177685.45
V 9256 -811449.20 -177725.45
V 9264 -811548.70 -177725.45
V 9272 -811556.45 -177727.53
V 9280 -811562.12 -177733.20
V 9288 -811564.20 -177740.95
V 9296 -811564.20 -177811.95
V 9304 -811562.12 -177819.70
V 9312 -811556.45 -177825.37
V 9320 -811548.70 -177827.45
V 9328 -811449.20 -177827.45
V 9336 -811449.20 -177867.45
V 9344 -811548.70 -177867.45
V 9352 -811556.45 -177869.53
V 9360 -811562.12 -177875.20
V 9368 -811564.20 -177882.95
V 9376 -811564.20 -177953.95
V 9384 -811562.12 -177961.70
V 9392 -811556.45 -177967.37
V 9400 -811548.70 -177969.45
V 9408 -811449.20 -177969.45
V 9416 -811449.20 -178009.45
V 9424 -811548.70 -178009.45
V 9432 -811556.45 -178011.53
V 9440 -811562.12 -178017.20
V 9448 -811564.20 -178024.95
V 9456 -811564.20 -178095.95
V 9464 -811562.12 -178103.70
V 9472 -811556.45 -178109.37
V 9480 -811548.70 -178111.45
V 9488 -811449.20 -178111.45
V 9496 -811449.20 -178151.45
V 9504 -811548.70 -178151.45
V 9512 -811556.45 -178153.53
V 9520 -811562.12 -178159.20
V 9528 -811564.20 -178166.95
V 9536 -811564.20 -178237.95
V 9544 -811562.12 -178245.70
V 9552 -811556.45 -178251.37
V 9560 -811548.70 -178253.45
V 9568 -811449.20 -178253.45
V 9576 -811449.20 -178293.45
V 9584 -811548.70 -178293.45
V 9592 -811556.45 -178295.53
V 9600 -811562.12 -178301.20
V 9608 -811564.20 -178308.95
V 9616 -811564.20 -178379.95
V 9624 -811562.12 -178387.70
V 9632 -811556.45 -178393.37
V 9640 -811548.70 -178395.45
V 9648 -811506.70 -178395.45
V 9656 -811506.70 -178404.45
V 9664 -811475.70 -178404.45
V 9672 -811475.70 -178379.95
V 9680 -811475.74 -178378.84
V 9688 -811475.86 -178377.74
V 9696 -811476.05 -178376.66
V 9704 -811476.33 -178375.58
V 9712 -811476.68 -178374.53
V 9720 -811477.10 -178373.51
V 9728 -811477.60 -178372.52
V 9736 -811478.16 -178371.57
V 9744 -811478.79 -178370.66
V 9752 -811479.49 -178369.80
V 9760 -811480.24 -178368.99
V 9768 -811481.05 -178368.24
V 9776 -811481.91 -178367.54
V 9784 -811482.82 -178366.91
V 9792 -811483.77 -178366.35
V 9800 -811484.76 -178365.85
V 9808 -811485.78 -178365.43
V 9816 -811486.83 -178365.08
V 9824 -811487.91 -178364.80
V 9832 -811488.99 -178364.61
V 9840 -811490.09 -178364.49
V 9848 -811491.20 -178364.45
V 9856 -811533.20 -178364.45
V 9864 -811533.20 -178324.45
V 9872 -811433.70 -178324.45
V 9880 -811425.95 -178322.37
V 9888 -811420.28 -178316.70
V 9896 -811418.20 -178308.95
V 9904 -811418.20 -178237.95
V 9912 -811420.28 -178230.20
V 9920 -811425.95 -178224.53
V 9928 -811433.70 -178222.45
V 9936 -811533.20 -178222.45
V 9944 -811533.20 -178182.45
V 9952 -811433.70 -178182.45
V 9960 -811425.95 -178180.37
V 9968 -811420.28 -178174.70
V 9976 -811418.20 -178166.95
V 9984 -811418.20 -178095.95
V 9992 -811420.28 -178088.20
V 10000 -811425.95 -178082.53
V 10008 -811433.70 -178080.45
V 10016 -811533.20 -178080.45
V 10024 -811533.20 -178040.45
V 10032 -811433.70 -178040.45
V 10040 -811425.95 -178038.37
V 10048 -811420.28 -178032.70
V 10056 -811418.20 -178024.95
V 10064 -811418.20 -177953.95
V 10072 -811420.28 -177946.20
V 10080 -811425.95 -177940.53
V 10088 -811433.70 -177938.45
V 10096 -811533.20 -177938.45
V 10104 -811533.20 -177898.45
V 10112 -811433.70 -177898.45
V 10120 -811425.95 -177896.37
V 10128 -811420.28 -177890.70
V 10136 -811418.20 -177882.95
V 10144 -811418.20 -177811.95
V 10152 -811420.28 -177804.20
V 10160 -811425.95 -177798.53
V 10168 -811433.70 -177796.45
V 10176 -811533.20 -177796.45
V 10184 -811533.20 -177756.45
V 10192 -811433.70 -177756.45
V 10200 -811425.95 -177754.37
V 10208 -811420.28 -177748.70
V 10216 -811418.20 -177740.95
V 10224 -811418.20 -177669.95
V 10232 -811420.28 -177662.20
V 10240 -811425.95 -177656.53
V 10248 -811433.70 -177654.45
V 10256 -811533.20 -177654.45
V 10264 -811533.20 -177614.45
V 10272 -811433.70 -177614.45
V 10280 -811425.95 -177612.37
V 10288 -811420.28 -177606.70
V 10296 -811418.20 -177598.95
V 10304 -811418.20 -177527.95
V 10312 -811420.28 -177520.20
V 10320 -811425.95 -177514.53
V 10328 -811433.70 -177512.45
V 10336 -811533.20 -177512.45
V 10344 -811533.20 -177472.45
V 10352 -811433.70 -177472.45
V 10360 -811425.95 -177470.37
V 10368 -811420.28 -177464.70
V 10376 -811418.20 -177456.95
V 10384 -811418.20 -177385.95
V 10392 -811420.28 -177378.20
V 10400 -811425.95 -177372.53
V 10408 -811433.70 -177370.45
V 10416 -811533.20 -177370.45
V 10424 -811533.20 -177330.45
V 10432 -811433.70 -177330.45
V 10440 -811425.95 -177328.37
V 10448 -811420.28 -177322.70
V 10456 -811418.20 -177314.95
V 10464 -811418.20 -177243.95
V 10472 -811420.28 -177236.20
V 10480 -811425.95 -177230.53
V 10488 -811433.70 -177228.45
V 10496 -811533.20 -177228.45
V 10504 -811533.20 -177188.45
V 10512 -811433.70 -177188.45
V 10520 -811425.95 -177186.37
V 10528 -811420.28 -177180.70
V 10536 -811418.20 -177172.95
V 10544 -811418.20 -177101.95
V 10552 -811420.28 -177094.20
V 10560 -811425.95 -177088.53
V 10568 -811433.70 -177086.45
V 10576 -811533.20 -177086.45
V 10584 -811533.20 -177046.45
V 10592 -811433.70 -177046.45
V 10600 -811425.95 -177044.37
V 10608 -811420.28 -177038.70
V 10616 -811418.20 -177030.95
V 10624 -811418.20 -176959.95
V 10632 -811420.28 -176952.20
V 10640 -811425.95 -176946.53
V 10648 -811433.70 -176944.45
V 10656 -811533.20 -176944.45
V 10664 -811533.20 -176904.45
V 10672 -811433.70 -176904.45
V 10680 -811425.95 -176902.37
V 10688 -811420.28 -176896.70
V 10696 -811418.20 -176888.95
V 10704 -811418.20 -176817.95
V 10712 -811420.28 -176810.20
V 10720 -811425.95 -176804.53
V 10728 -811433.70 -176802.45
V 10736 -811533.20 -176802.45
V 10744 -811533.20 -176762.45
V 10752 -811433.70 -176762.45
V 10760 -811425.95 -176760.37
V 10768 -811420.28 -176754.70
V 10776 -811418.20 -176746.95
V 10784 -811418.20 -176675.95
V 10792 -811420.28 -176668.20
V 10800 -811425.95 -176662.53
V 10808 -811433.70 -176660.45
V 10816 -811533.20 -176660.45
V 10824 -811533.20 -176620.45
V 10832 -811433.70 -176620.45
V 10840 -811425.95 -176618.37
V 10848 -811420.28 -176612.70
V 10856 -811418.20 -176604.95
V 10864 -811418.20 -176533.95
V 10872 -811420.28 -176526.20
V 10880 -811425.95 -176520.53
V 10888 -811433.70 -176518.45
V 10896 -811533.20 -176518.45
V 10904 -811533.20 -176478.45
V 10912 -811433.70 -176478.45
V 10920 -811425.95 -176476.37
V 10928 -811420.28 -176470.70
V 10936 -811418.20 -176462.95
V 10944 -811418.20 -176391.95
V 10952 -811420.28 -176384.20
V 10960 -811425.95 -176378.53
V 10968 -811433.70 -176376.45
V 10976 -811533.20 -176376.45
V 10984 -811533.20 -176336.45
V 10992 -811433.70 -176336.45
V 11000 -811425.95 -176334.37
V 11008 -811420.28 -176328.70
V 11016 -811418.20 -176320.95
V 11024 -811418.20 -176249.95
V 11032 -811420.28 -176242.20
V 11040 -811425.95 -176236.53
V 11048 -811433.70 -176234.45
V 11056 -811533.20 -176234.45
V 11064 -811533.20 -176194.45
V 11072 -811433.70 -176194.45
V 11080 -811425.95 -176192.37
V 11088 -811420.28 -176186.70
V 11096 -811418.20 -176178.95
V 11104 -811418.20 -176107.95
V 11112 -811420.28 -176100.20
V 11120 -811425.95 -176094.53
V 11128 -811433.70 -176092.45
V 11136 -811533.20 -176092.45
V 11144 -811533.20 -176052.45
V 11152 -811433.70 -176052.45
V 11160 -811425.95 -176050.37
V 11168 -811420.28 -176044.70
V 11176 -811418.20 -176036.95
V 11184 -811418.20 -175965.95
V 11192 -811420.28 -175958.20
V 11200 -811425.95 -175952.53
V 11208 -811433.70 -175950.45
V 11216 -811533.20 -175950.45
V 11224 -811533.20 -175910.45
V 11232 -811433.70 -175910.45
V 11240 -811425.95 -175908.37
V 11248 -811420.28 -175902.70
V 11256 -811418.20 -175894.95
V 11264 -811418.20 -175823.95
V 11272 -811420.28 -175816.20
V 11280 -811425.95 -175810.53
V 11288 -811433.70 -175808.45
V 11296 -811533.20 -175808.45
V 11304 -811533.20 -175768.45
V 11312 -811433.70 -175768.45
V 11320 -811425.95 -175766.37
V 11328 -811420.28 -175760.70
V 11336 -811418.20 -175752.95
V 11344 -811418.20 -175681.95
V 11352 -811420.28 -175674.20
V 11360 -811425.95 -175668.53
V 11368 -811433.70 -175666.45
V 11376 -811533.20 -175666.45
V 11384 -811533.20 -175626.45
V 11392 -811433.70 -175626.45
V 11400 -811425.95 -175624.37
V 11408 -811420.28 -175618.70
V 11416 -811418.20 -175610.95
V 11424 -811418.20 -175539.95
V 11432 -811420.28 -175532.20
V 11440 -811425.95 -175526.53
V 11448 -811433.70 -175524.45
V 11456 -811533.20 -175524.45
V 11464 -811533.20 -175484.45
V 11472 -811433.70 -175484.45
V 11480 -811425.95 -175482.37
V 11488 -811420.28 -175476.70
V 11496 -811418.20 -175468.95
V 11504 -811418.20 -175397.95
V 11512 -811420.28 -175390.20
V 11520 -811425.95 -175384.53
V 11528 -811433.70 -175382.45
V 11536 -811533.20 -175382.45
V 11544 -811533.20 -175342.45
V 11552 -811433.70 -175342.45
V 11560 -811425.95 -175340.37
V 11568 -811420.28 -175334.70
V 11576 -811418.20 -175326.95
V 11584 -811418.20 -175255.95
V 11592 -811420.28 -175248.20
V 11600 -811425.95 -175242.53
V 11608 -811433.70 -175240.45
V 11616 -811533.20 -175240.45
V 11624 -811533.20 -175200.45
V 11632 -811433.70 -175200.45
V 11640 -811425.95 -175198.37
V 11648 -811420.28 -175192.70
V 11656 -811418.20 -175184.95
V 11664 -811418.20 -175113.95
V 11672 -811420.28 -175106.20
V 11680 -811425.95 -175100.53
V 11688 -811433.70 -175098.45
V 11696 -811533.20 -175098.45
V 11704 -811533.20 -175058.45
V 11712 -811433.70 -175058.45
V 11720 -811425.95 -175056.37
V 11728 -811420.28 -175050.70
V 11736 -811418.20 -175042.95
V 11744 -811418.20 -174971.95
V 11752 -811420.28 -174964.20
V 11760 -811425.95 -174958.53
V 11768 -811433.70 -174956.45
V 11776 -811533.20 -174956.45
V 11784 -811533.20 -174916.45
V 11792 -811433.70 -174916.45
V 11800 -811425.95 -174914.37
V 11808 -811420.28 -174908.70
V 11816 -811418.20 -174900.95
V 11824 -811418.20 -174829.95
V 11832 -811420.28 -174822.20
V 11840 -811425.95 -174816.53
V 11848 -811433.70 -174814.45
V 11856 -811533.20 -174814.45
V 11864 -811533.20 -174774.45
V 11872 -811433.70 -174774.45
V 11880 -811425.95 -174772.37
V 11888 -811420.28 -174766.70
V 11896 -811418.20 -174758.95
V 11904 -811418.20 -174687.95
V 11912 -811420.28 -174680.20
V 11920 -811425.95 -174674.53
V 11928 -811433.70 -174672.45
V 11936 -811533.20 -174672.45
V 11944 -811533.20 -174632.45
V 11952 -811433.70 -174632.45
V 11960 -811425.95 -174630.37
V 11968 -811420.28 -174624.70
V 11976 -811418.20 -174616.95
V 11984 -811418.20 -174545.95
V 11992 -811420.28 -174538.20
V 12000 -811425.95 -174532.53
V 12008 -811433.70 -174530.45
V 12016 -811533.20 -174530.45
V 12024 -811533.20 -174490.45
V 12032 -811433.70 -174490.45
V 12040 -811425.95 -174488.37
V 12048 -811420.28 -174482.70
V 12056 -811418.20 -174474.95
V 12064 -811418.20 -174403.95
V 12072 -811420.28 -174396.20
V 12080 -811425.95 -174390.53
V 12088 -811433.70 -174388.45
V 12096 -811533.20 -174388.45
V 12104 -811533.20 -174348.45
V 12112 -811433.70 -174348.45
V 12120 -811425.95 -174346.37
V 12128 -811420.28 -174340.70
V 12136 -811418.20 -174332.95
V 12144 -811418.20 -174261.95
V 12152 -811420.28 -174254.20
V 12160 -811425.95 -174248.53
V 12168 -811433.70 -174246.45
V 12176 -811533.20 -174246.45
V 12184 -811533.20 -174206.45
V 12192 -811433.70 -174206.45
V 12200 -811425.95 -174204.37
V 12208 -811420.28 -174198.70
V 12216 -811418.20 -174190.95
V 12224 -811418.20 -174119.95
V 12232 -811420.28 -174112.20
V 12240 -811425.95 -174106.53
V 12248 -811433.70 -174104.45
V 12256 -811533.20 -174104.45
V 12264 -811533.20 -174064.45
V 12272 -811433.70 -174064.45
V 12280 -811425.95 -174062.37
V 12288 -811420.28 -174056.70
V 12296 -811418.20 -174048.95
V 12304 -811418.20 -173977.95
V 12312 -811420.28 -173970.20
V 12320 -811425.95 -173964.53
V 12328 -811433.70 -173962.45
V 12336 -811533.20 -173962.45
V 12344 -811533.20 -173922.45
V 12352 -811433.70 -173922.45
V 12360 -811425.95 -173920.37
V 12368 -811420.28 -173914.70
V 12376 -811418.20 -173906.95
V 12384 -811418.20 -173835.95
V 12392 -811420.28 -173828.20
V 12400 -811425.95 -173822.53
V 12408 -811433.70 -173820.45
V 12416 -811533.20 -173820.45
V 12424 -811533.20 -173780.45
V 12432 -811433.70 -173780.45
V 12440 -811425.95 -173778.37
V 12448 -811420.28 -173772.70
V 12456 -811418.20 -173764.95
V 12464 -811418.20 -173693.95
V 12472 -811420.28 -173686.20
V 12480 -811425.95 -173680.53
V 12488 -811433.70 -173678.45
V 12496 -811533.20 -173678.45
V 12504 -811533.20 -173638.45
V 12512 -811433.70 -173638.45
V 12520 -811425.95 -173636.37
V 12528 -811420.28 -173630.70
V 12536 -811418.20 -173622.95
V 12544 -811418.20 -173551.95
V 12552 -811420.28 -173544.20
V 12560 -811425.95 -173538.53
V 12568 -811433.70 -173536.45
V 12576 -811533.20 -173536.45
V 12584 -811533.20 -173496.45
V 12592 -811433.70 -173496.45
V 12600 -811425.95 -173494.37
V 12608 -811420.28 -173488.70
V 12616 -811418.20 -173480.95
V 12624 -811418.20 -173409.95
V 12632 -811420.28 -173402.20
V 12640 -811425.95 -173396.53
V 12648 -811433.70 -173394.45
V 12656 -811533.20 -173394.45
V 12664 -811533.20 -173354.45
V 12672 -811433.70 -173354.45
V 12680 -811425.95 -173352.37
V 12688 -811420.28 -173346.70
V 12696 -811418.20 -173338.95
V 12704 -811418.20 -173267.95
V 12712 -811420.28 -173260.20
V 12720 -811425.95 -173254.53
V 12728 -811433.70 -173252.45
V 12736 -811533.20 -173252.45
V 12744 -811533.20 -173212.45
V 12752 -811433.70 -173212.45
V 12760 -811425.95 -173210.37
V 12768 -811420.28 -173204.70
V 12776 -811418.20 -173196.95
V 12784 -811418.20 -173125.95
V 12792 -811420.28 -173118.20
V 12800 -811425.95 -173112.53
V 12808 -811433.70 -173110.45
V 12816 -811533.20 -173110.45
V 12824 -811533.20 -173070.45
V 12832 -811433.70 -173070.45
V 12840 -811425.95 -173068.37
V 12848 -811420.28 -173062.70
V 12856 -811418.20 -173054.95
V 12864 -811418.20 -172983.95
V 12872 -811420.28 -172976.20
V 12880 -811425.95 -172970.53
V 12888 -811433.70 -172968.45
V 12896 -811533.20 -172968.45
V 12904 -811533.20 -172928.45
V 12912 -811433.70 -172928.45
V 12920 -811425.95 -172926.37
V 12928 -811420.28 -172920.70
V 12936 -811418.20 -172912.95
V 12944 -811418.20 -172841.95
V 12952 -811420.28 -172834.20
V 12960 -811425.95 -172828.53
V 12968 -811433.70 -172826.45
V 12976 -811533.20 -172826.45
V 12984 -811533.20 -172786.45
V 12992 -811433.70 -172786.45
V 13000 -811425.95 -172784.37
V 13008 -811420.28 -172778.70
V 13016 -811418.20 -172770.95
V 13024 -811418.20 -172699.95
V 13032 -811420.28 -172692.20
V 13040 -811425.95 -172686.53
V 13048 -811433.70 -172684.45
V 13056 -811533.20 -172684.45
V 13064 -811533.20 -172644.45
V 13072 -811433.70 -172644.45
V 13080 -811425.95 -172642.37
V 13088 -811420.28 -172636.70
V 13096 -811418.20 -172628.95
V 13104 -811418.20 -172557.95
V 13112 -811420.28 -172550.20
V 13120 -811425.95 -172544.53
V 13128 -811433.70 -172542.45
V 13136 -811533.20 -172542.45
V 13144 -811533.20 -172502.45
V 13152 -811433.70 -172502.45
V 13160 -811425.95 -172500.37
V 13168 -811420.28 -172494.70
V 13176 -811418.20 -172486.95
V 13184 -811418.20 -172415.95
V 13192 -811420.28 -172408.20
V 13200 -811425.95 -172402.53
V 13208 -811433.70 -172400.45
V 13216 -811533.20 -172400.45
V 13224 -811533.20 -172360.45
V 13232 -811433.70 -172360.45
V 13240 -811425.95 -172358.37
V 13248 -811420.28 -172352.70
V 13256 -811418.20 -172344.95
V 13264 -811418.20 -172273.95
V 13272 -811420.28 -172266.20
V 13280 -811425.95 -172260.53
V 13288 -811433.70 -172258.45
V 13296 -811533.20 -172258.45
V 13304 -811533.20 -172218.45
V 13312 -811433.70 -172218.45
V 13320 -811425.95 -172216.37
V 13328 -811420.28 -172210.70
V 13336 -811418.20 -172202.95
V 13344 -811418.20 -172131.95
V 13352 -811420.28 -172124.20
V 13360 -811425.95 -172118.53
V 13368 -811433.70 -172116.45
V 13376 -811533.20 -172116.45
V 13384 -811533.20 -172076.45
V 13392 -811433.70 -172076.45
V 13400 -811425.95 -172074.37
V 13408 -811420.28 -172068.70
V 13416 -811418.20 -172060.95
V 13424 -811418.20 -171989.95
V 13432 -811420.28 -171982.20
V 13440 -811425.95 -171976.53
V 13448 -811433.70 -171974.45
V 13456 -811533.20 -171974.45
V 13464 -811533.20 -171934.45
V 13472 -811433.70 -171934.45
V 13480 -811425.95 -171932.37
V 13488 -811420.28 -171926.70
V 13496 -811418.20 -171918.95
V 13504 -811418.20 -171847.95
V 13512 -811420.28 -171840.20
V 13520 -811425.95 -171834.53
V 13528 -811433.70 -171832.45
V 13536 -811533.20 -171832.45
V 13544 -811533.20 -171792.45
V 13552 -811433.70 -171792.45
V 13560 -811425.95 -171790.37
V 13568 -811420.28 -171784.70
V 13576 -811418.20 -171776.95
V 13584 -811418.20 -171705.95
V 13592 -811420.28 -171698.20
V 13600 -811425.95 -171692.53
V 13608 -811433.70 -171690.45
V 13616 -811533.20 -171690.45
V 13624 -811533.20 -171650.45
V 13632 -811433.70 -171650.45
V 13640 -811425.95 -171648.37
V 13648 -811420.28 -171642.70
V 13656 -811418.20 -171634.95
V 13664 -811418.20 -171563.95
V 13672 -811420.28 -171556.20
V 13680 -811425.95 -171550.53
V 13688 -811433.70 -171548.45
V 13696 -811533.20 -171548.45
V 13704 -811533.20 -171508.45
V 13712 -811433.70 -171508.45
V 13720 -811425.95 -171506.37
V 13728 -811420.28 -171500.70
V 13736 -811418.20 -171492.95
V 13744 -811418.20 -171421.95
V 13752 -811420.28 -171414.20
V 13760 -811425.95 -171408.53
V 13768 -811433.70 -171406.45
V 13776 -811533.20 -171406.45
V 13784 -811533.20 -171366.45
V 13792 -811433.70 -171366.45
V 13800 -811425.95 -171364.37
V 13808 -811420.28 -171358.70
V 13816 -811418.20 -171350.95
V 13824 -811418.20 -171279.95
V 13832 -811420.28 -171272.20
V 13840 -811425.95 -171266.53
V 13848 -811433.70 -171264.45
V 13856 -811533.20 -171264.45
V 13864 -811533.20 -171224.45
V 13872 -811433.70 -171224.45
V 13880 -811425.95 -171222.37
V 13888 -811420.28 -171216.70
V 13896 -811418.20 -171208.95
V 13904 -811418.20 -171137.95
V 13912 -811420.28 -171130.20
V 13920 -811425.95 -171124.53
V 13928 -811433.70 -171122.45
V 13936 -811533.20 -171122.45
V 13944 -811533.20 -171082.45
V 13952 -811433.70 -171082.45
V 13960 -811425.95 -171080.37
V 13968 -811420.28 -171074.70
V 13976 -811418.20 -171066.95
V 13984 -811418.20 -170995.95
V 13992 -811420.28 -170988.20
V 14000 -811425.95 -170982.53
V 14008 -811433.70 -170980.45
V 14016 -811533.20 -170980.45
V 14024 -811533.20 -170940.45
V 14032 -811433.70 -170940.45
V 14040 -811425.95 -170938.37
V 14048 -811420.28 -170932.70
V 14056 -811418.20 -170924.95
V 14064 -811418.20 -170853.95
V 14072 -811420.28 -170846.20
V 14080 -811425.95 -170840.53
V 14088 -811433.70 -170838.45
V 14096 -811533.20 -170838.45
V 14104 -811533.20 -170798.45
V 14112 -811433.70 -170798.45
V 14120 -811425.95 -170796.37
V 14128 -811420.28 -170790.70
V 14136 -811418.20 -170782.95
V 14144 -811418.20 -170711.95
V 14152 -811420.28 -170704.20
V 14160 -811425.95 -170698.53
V 14168 -811433.70 -170696.45
V 14176 -811533.20 -170696.45
V 14184 -811533.20 -170656.45
V 14192 -811433.70 -170656.45
V 14200 -811425.95 -170654.37
V 14208 -811420.28 -170648.70
V 14216 -811418.20 -170640.95
V 14224 -811418.20 -170569.95
V 14232 -811420.28 -170562.20
V 14240 -811425.95 -170556.53
V 14248 -811433.70 -170554.45
V 14256 -811533.20 -170554.45
V 14264 -811533.20 -170514.45
V 14272 -811433.70 -170514.45
V 14280 -811425.95 -170512.37
V 14288 -811420.28 -170506.70
V 14296 -811418.20 -170498.95
V 14304 -811418.20 -170427.95
V 14312 -811420.28 -170420.20
V 14320 -811425.95 -170414.53
V 14328 -811433.70 -170412.45
V 14336 -811533.20 -170412.45
V 14344 -811533.20 -170372.45
V 14352 -811433.70 -170372.45
V 14360 -811425.95 -170370.37
V 14368 -811420.28 -170364.70
V 14376 -811418.20 -170356.95
V 14384 -811418.20 -170285.95
V 14392 -811420.28 -170278.20
V 14400 -811425.95 -170272.53
V 14408 -811433.70 -170270.45
V 14416 -811533.20 -170270.45
V 14424 -811533.20 -170230.45
V 14432 -811433.70 -170230.45
V 14440 -811425.95 -170228.37
V 14448 -811420.28 -170222.70
V 14456 -811418.20 -170214.95
V 14464 -811418.20 -170143.95
V 14472 -811420.28 -170136.20
V 14480 -811425.95 -170130.53
V 14488 -811433.70 -170128.45
V 14496 -811533.20 -170128.45
V 14504 -811533.20 -170088.45
V 14512 -811433.70 -170088.45
V 14520 -811425.95 -170086.37
V 14528 -811420.28 -170080.70
V 14536 -811418.20 -170072.95
V 14544 -811418.20 -170001.95
V 14552 -811420.28 -169994.20
V 14560 -811425.95 -169988.53
V 14568 -811433.70 -169986.45
V 14576 -811533.20 -169986.45
V 14584 -811533.20 -169946.45
V 14592 -811433.70 -169946.45
V 14600 -811425.95 -169944.37
V 14608 -811420.28 -169938.70
V 14616 -811418.20 -169930.95
V 14624 -811418.20 -169859.95
V 14632 -811420.28 -169852.20
V 14640 -811425.95 -169846.53
V 14648 -811433.70 -169844.45
V 14656 -811533.20 -169844.45
V 14664 -811533.20 -169804.45
V 14672 -811433.70 -169804.45
V 14680 -811425.95 -169802.37
V 14688 -811420.28 -169796.70
V 14696 -811418.20 -169788.95
V 14704 -811418.20 -169717.95
V 14712 -811420.28 -169710.20
V 14720 -811425.95 -169704.53
V 14728 -811433.70 -169702.45
V 14736 -811533.20 -169702.45
V 14744 -811533.20 -169662.45
V 14752 -811433.70 -169662.45
V 14760 -811425.95 -169660.37
V 14768 -811420.28 -169654.70
V 14776 -811418.20 -169646.95
V 14784 -811418.20 -169575.95
V 14792 -811420.28 -169568.20
V 14800 -811425.95 -169562.53
V 14808 -811433.70 -169560.45
V 14816 -811533.20 -169560.45
V 14824 -811533.20 -169520.45
V 14832 -811433.70 -169520.45
V 14840 -811425.95 -169518.37
V 14848 -811420.28 -169512.70
V 14856 -811418.20 -169504.95
V 14864 -811418.20 -169433.95
V 14872 -811420.28 -169426.20
V 14880 -811425.95 -169420.53
V 14888 -811433.70 -169418.45
V 14896 -811533.20 -169418.45
V 14904 -811533.20 -169378.45
V 14912 -811433.70 -169378.45
V 14920 -811425.95 -169376.37
V 14928 -811420.28 -169370.70
V 14936 -811418.20 -169362.95
V 14944 -811418.20 -169291.95
V 14952 -811420.28 -169284.20
V 14960 -811425.95 -169278.53
V 14968 -811433.70 -169276.45
V 14976 -811533.20 -169276.45
V 14984 -811533.20 -169236.45
V 14992 -811433.70 -169236.45
V 15000 -811425.95 -169234.37
V 15008 -811420.28 -169228.70
V 15016 -811418.20 -169220.95
V 15024 -811418.20 -169149.95
V 15032 -811420.28 -169142.20
V 15040 -811425.95 -169136.53
V 15048 -811433.70 -169134.45
V 15056 -811533.20 -169134.45
V 15064 -811533.20 -169094.45
V 15072 -811433.70 -169094.45
V 15080 -811425.95 -169092.37
V 15088 -811420.28 -169086.70
V 15096 -811418.20 -169078.95
V 15104 -811418.20 -169007.95
V 15112 -811420.28 -169000.20
V 15120 -811425.95 -168994.53
V 15128 -811433.70 -168992.45
V 15136 -811533.20 -168992.45
V 15144 -811533.20 -168952.45
V 15152 -811433.70 -168952.45
V 15160 -811425.95 -168950.37
V 15168 -811420.28 -168944.70
V 15176 -811418.20 -168936.95
V 15184 -811418.20 -168865.95
V 15192 -811420.28 -168858.20
V 15200 -811425.95 -168852.53
V 15208 -811433.70 -168850.45
V 15216 -811533.20 -168850.45
V 15224 -811533.20 -168810.45
V 15232 -811433.70 -168810.45
V 15240 -811425.95 -168808.37
V 15248 -811420.28 -168802.70
V 15256 -811418.20 -168794.95
V 15264 -811418.20 -168723.95
V 15272 -811420.28 -168716.20
V 15280 -811425.95 -168710.53
V 15288 -811433.70 -168708.45
V 15296 -811533.20 -168708.45
V 15304 -811533.20 -168668.45
V 15312 -811433.70 -168668.45
V 15320 -811425.95 -168666.37
V 15328 -811420.28 -168660.70
V 15336 -811418.20 -168652.95
V 15344 -811418.20 -168581.95
V 15352 -811420.28 -168574.20
V 15360 -811425.95 -168568.53
V 15368 -811433.70 -168566.45
V 15376 -811533.20 -168566.45
V 15384 -811533.20 -168526.45
V 15392 -811433.70 -168526.45
V 15400 -811425.95 -168524.37
V 15408 -811420.28 -168518.70
V 15416 -811418.20 -168510.95
V 15424 -811418.20 -168439.95
V 15432 -811420.28 -168432.20
V 15440 -811425.95 -168426.53
V 15448 -811433.70 -168424.45
V 15456 -811533.20 -168424.45
V 15464 -811533.20 -168384.45
V 15472 -811433.70 -168384.45
V 15480 -811425.95 -168382.37
V 15488 -811420.28 -168376.70
V 15496 -811418.20 -168368.95
V 15504 -811418.20 -168297.95
V 15512 -811420.28 -168290.20
V 15520 -811425.95 -168284.53
V 15528 -811433.70 -168282.45
V 15536 -811533.20 -168282.45
V 15544 -811533.20 -168242.45
V 15552 -811433.70 -168242.45
V 15560 -811425.95 -168240.37
V 15568 -811420.28 -168234.70
V 15576 -811418.20 -168226.95
V 15584 -811418.20 -168155.95
V 15592 -811420.28 -168148.20
V 15600 -811425.95 -168142.53
V 15608 -811433.70 -168140.45
V 15616 -811533.20 -168140.45
V 15624 -811533.20 -168100.45
V 15632 -811433.70 -168100.45
V 15640 -811425.95 -168098.37
V 15648 -811420.28 -168092.70
V 15656 -811418.20 -168084.95
V 15664 -811418.20 -168013.95
V 15672 -811420.28 -168006.20
V 15680 -811425.95 -168000.53
V 15688 -811433.70 -167998.45
V 15696 -811533.20 -167998.45
V 15704 -811533.20 -167958.45
V 15712 -811433.70 -167958.45
V 15720 -811425.95 -167956.37
V 15728 -811420.28 -167950.70
V 15736 -811418.20 -167942.95
V 15744 -811418.20 -167871.95
V 15752 -811420.28 -167864.20
V 15760 -811425.95 -167858.53
V 15768 -811433.70 -167856.45
V 15776 -811533.20 -167856.45
V 15784 -811533.20 -167816.45
V 15792 -811433.70 -167816.45
V 15800 -811425.95 -167814.37
V 15808 -811420.28 -167808.70
V 15816 -811418.20 -167800.95
V 15824 -811418.20 -167729.95
V 15832 -811420.28 -167722.20
V 15840 -811425.95 -167716.53
V 15848 -811433.70 -167714.45
V 15856 -811533.20 -167714.45
V 15864 -811533.20 -167674.45
V 15872 -811433.70 -167674.45
V 15880 -811425.95 -167672.37
V 15888 -811420.28 -167666.70
V 15896 -811418.20 -167658.95
V 15904 -811418.20 -167587.95
V 15912 -811420.28 -167580.20
V 15920 -811425.95 -167574.53
V 15928 -811433.70 -167572.45
V 15936 -811533.20 -167572.45
V 15944 -811533.20 -167532.45
V 15952 -811433.70 -167532.45
V 15960 -811425.95 -167530.37
V 15968 -811420.28 -167524.70
V 15976 -811418.20 -167516.95
V 15984 -811418.20 -167445.95
V 15992 -811420.28 -167438.20
V 16000 -811425.95 -167432.53
V 16008 -811433.70 -167430.45
V 16016 -811533.20 -167430.45
V 16024 -811533.20 -167390.45
V 16032 -811433.70 -167390.45
V 16040 -811425.95 -167388.37
V 16048 -811420.28 -167382.70
V 16056 -811418.20 -167374.95
V 16064 -811418.20 -167303.95
V 16072 -811420.28 -167296.20
V 16080 -811425.95 -167290.53
V 16088 -811433.70 -167288.45
V 16096 -811533.20 -167288.45
V 16104 -811533.20 -167248.45
V 16112 -811433.70 -167248.45
V 16120 -811425.95 -167246.37
V 16128 -811420.28 -167240.70
V 16136 -811418.20 -167232.95
V 16144 -811418.20 -167161.95
V 16152 -811420.28 -167154.20
V 16160 -811425.95 -167148.53
V 16168 -811433.70 -167146.45
V 16176 -811533.20 -167146.45
V 16184 -811533.20 -167106.45
V 16192 -811433.70 -167106.45
V 16200 -811425.95 -167104.37
V 16208 -811420.28 -167098.70
V 16216 -811418.20 -167090.95
V 16224 -811418.20 -167019.95
V 16232 -811420.28 -167012.20
V 16240 -811425.95 -167006.53
V 16248 -811433.70 -167004.45
V 16256 -811533.20 -167004.45
V 16264 -811533.20 -166964.45
V 16272 -811433.70 -166964.45
V 16280 -811425.95 -166962.37
V 16288 -811420.28 -166956.70
V 16296 -811418.20 -166948.95
V 16304 -811418.20 -166877.95
V 16312 -811420.28 -166870.20
V 16320 -811425.95 -166864.53
V 16328 -811433.70 -166862.45
V 16336 -811533.20 -166862.45
V 16344 -811533.20 -166822.45
V 16352 -811433.70 -166822.45
V 16360 -811425.95 -166820.37
V 16368 -811420.28 -166814.70
V 16376 -811418.20 -166806.95
V 16384 -811418.20 -166735.95
V 16392 -811420.28 -166728.20
V 16400 -811425.95 -166722.53
V 16408 -811433.70 -166720.45
V 16416 -811533.20 -166720.45
V 16424 -811533.20 -166680.45
V 16432 -811433.70 -166680.45
V 16440 -811425.95 -166678.37
V 16448 -811420.28 -166672.70
V 16456 -811418.20 -166664.95
V 16464 -811418.20 -166593.95
V 16472 -811420.28 -166586.20
V 16480 -811425.95 -166580.53
V 16488 -811433.70 -166578.45
V 16496 -811533.20 -166578.45
V 16504 -811533.20 -166538.45
V 16512 -811433.70 -166538.45
V 16520 -811425.95 -166536.37
V 16528 -811420.28 -166530.70
V 16536 -811418.20 -166522.95
V 16544 -811418.20 -166451.95
V 16552 -811420.28 -166444.20
V 16560 -811425.95 -166438.53
V 16568 -811433.70 -166436.45
V 16576 -811533.20 -166436.45
V 16584 -811533.20 -166396.45
V 16592 -811433.70 -166396.45
V 16600 -811425.95 -166394.37
V 16608 -811420.28 -166388.70
V 16616 -811418.20 -166380.95
V 16624 -811418.20 -166309.95
V 16632 -811420.28 -166302.20
V 16640 -811425.95 -166296.53
V 16648 -811433.70 -166294.45
V 16656 -811533.20 -166294.45
V 16664 -811533.20 -166254.45
V 16672 -811433.70 -166254.45
V 16680 -811425.95 -166252.37
V 16688 -811420.28 -166246.70
V 16696 -811418.20 -166238.95
V 16704 -811418.20 -166167.95
V 16712 -811420.28 -166160.20
V 16720 -811425.95 -166154.53
V 16728 -811433.70 -166152.45
V 16736 -811533.20 -166152.45
V 16744 -811533.20 -166112.45
V 16752 -811433.70 -166112.45
V 16760 -811425.95 -166110.37
V 16768 -811420.28 -166104.70
V 16776 -811418.20 -166096.95
V 16784 -811418.20 -166025.95
V 16792 -811420.28 -166018.20
V 16800 -811425.95 -166012.53
V 16808 -811433.70 -166010.45
V 16816 -811533.20 -166010.45
V 16824 -811533.20 -165970.45
V 16832 -811433.70 -165970.45
V 16840 -811425.95 -165968.37
V 16848 -811420.28 -165962.70
V 16856 -811418.20 -165954.95
V 16864 -811418.20 -165883.95
V 16872 -811420.28 -165876.20
V 16880 -811425.95 -165870.53
V 16888 -811433.70 -165868.45
V 16896 -811533.20 -165868.45
V 16904 -811533.20 -165828.45
V 16912 -811433.70 -165828.45
V 16920 -811425.95 -165826.37
V 16928 -811420.28 -165820.70
V 16936 -811418.20 -165812.95
V 16944 -811418.20 -165741.95
V 16952 -811420.28 -165734.20
V 16960 -811425.95 -165728.53
V 16968 -811433.70 -165726.45
V 16976 -811533.20 -165726.45
V 16984 -811533.20 -165686.45
V 16992 -811433.70 -165686.45
V 17000 -811425.95 -165684.37
V 17008 -811420.28 -165678.70
V 17016 -811418.20 -165670.95
V 17024 -811418.20 -165599.95
V 17032 -811420.28 -165592.20
V 17040 -811425.95 -165586.53
V 17048 -811433.70 -165584.45
V 17056 -811533.20 -165584.45
V 17064 -811533.20 -165544.45
V 17072 -811433.70 -165544.45
V 17080 -811425.95 -165542.37
V 17088 -811420.28 -165536.70
V 17096 -811418.20 -165528.95
V 17104 -811418.20 -165457.95
V 17112 -811420.28 -165450.20
V 17120 -811425.95 -165444.53
V 17128 -811433.70 -165442.45
V 17136 -811533.20 -165442.45
V 17144 -811533.20 -165402.45
V 17152 -811433.70 -165402.45
V 17160 -811425.95 -165400.37
V 17168 -811420.28 -165394.70
V 17176 -811418.20 -165386.95
V 17184 -811418.20 -165315.95
V 17192 -811420.28 -165308.20
V 17200 -811425.95 -165302.53
V 17208 -811433.70 -165300.45
V 17216 -811533.20 -165300.45
V 17224 -811533.20 -165260.45
V 17232 -811433.70 -165260.45
V 17240 -811425.95 -165258.37
V 17248 -811420.28 -165252.70
V 17256 -811418.20 -165244.95
V 17264 -811418.20 -165173.95
V 17272 -811420.28 -165166.20
V 17280 -811425.95 -165160.53
V 17288 -811433.70 -165158.45
V 17296 -811533.20 -165158.45
V 17304 -811533.20 -165118.45
V 17312 -811433.70 -165118.45
V 17320 -811425.95 -165116.37
V 17328 -811420.28 -165110.70
V 17336 -811418.20 -165102.95
V 17344 -811418.20 -165031.95
V 17352 -811420.28 -165024.20
V 17360 -811425.95 -165018.53
V 17368 -811433.70 -165016.45
V 17376 -811533.20 -165016.45
V 17384 -811533.20 -164976.45
V 17392 -811433.70 -164976.45
V 17400 -811425.95 -164974.37
V 17408 -811420.28 -164968.70
V 17416 -811418.20 -164960.95
V 17424 -811418.20 -164889.95
V 17432 -811420.28 -164882.20
V 17440 -811425.95 -164876.53
V 17448 -811433.70 -164874.45
V 17456 -811533.20 -164874.45
V 17464 -811533.20 -164834.45
V 17472 -811433.70 -164834.45
V 17480 -811425.95 -164832.37
V 17488 -811420.28 -164826.70
V 17496 -811418.20 -164818.95
V 17504 -811418.20 -164747.95
V 17512 -811420.28 -164740.20
V 17520 -811425.95 -164734.53
V 17528 -811433.70 -164732.45
V 17536 -811533.20 -164732.45
V 17544 -811533.20 -164692.45
V 17552 -811433.70 -164692.45
V 17560 -811425.95 -164690.37
V 17568 -811420.28 -164684.70
V 17576 -811418.20 -164676.95
V 17584 -811418.20 -164605.95
V 17592 -811420.28 -164598.20
V 17600 -811425.95 -164592.53
V 17608 -811433.70 -164590.45
V 17616 -811533.20 -164590.45
V 17624 -811533.20 -164550.45
V 17632 -811433.70 -164550.45
V 17640 -811425.95 -164548.37
V 17648 -811420.28 -164542.70
V 17656 -811418.20 -164534.95
V 17664 -811418.20 -164463.95
V 17672 -811420.28 -164456.20
V 17680 -811425.95 -164450.53
V 17688 -811433.70 -164448.45
V 17696 -811533.20 -164448.45
V 17704 -811533.20 -164408.45
V 17712 -811433.70 -164408.45
V 17720 -811425.95 -164406.37
V 17728 -811420.28 -164400.70
V 17736 -811418.20 -164392.95
V 17744 -811418.20 -164321.95
V 17752 -811420.28 -164314.20
V 17760 -811425.95 -164308.53
V 17768 -811433.70 -164306.45
V 17776 -811533.20 -164306.45
V 17784 -811533.20 -164266.45
V 17792 -811433.70 -164266.45
V 17800 -811425.95 -164264.37
V 17808 -811420.28 -164258.70
V 17816 -811418.20 -164250.95
V 17824 -811418.20 -164179.95
V 17832 -811420.28 -164172.20
V 17840 -811425.95 -164166.53
V 17848 -811433.70 -164164.45
V 17856 -811533.20 -164164.45
V 17864 -811533.20 -164124.45
V 17872 -811433.70 -164124.45
V 17880 -811425.95 -164122.37
V 17888 -811420.28 -164116.70
V 17896 -811418.20 -164108.95
V 17904 -811418.20 -164037.95
V 17912 -811420.28 -164030.20
V 17920 -811425.95 -164024.53
V 17928 -811433.70 -164022.45
V 17936 -811533.20 -164022.45
V 17944 -811533.20 -163982.45
V 17952 -811433.70 -163982.45
V 17960 -811425.95 -163980.37
V 17968 -811420.28 -163974.70
V 17976 -811418.20 -163966.95
V 17984 -811418.20 -163895.95
V 17992 -811420.28 -163888.20
V 18000 -811425.95 -163882.53
V 18008 -811433.70 -163880.45
V 18016 -811533.20 -163880.45
V 18024 -811533.20 -163840.45
V 18032 -811433.70 -163840.45
V 18040 -811425.95 -163838.37
V 18048 -811420.28 -163832.70
V 18056 -811418.20 -163824.95
V 18064 -811418.20 -163753.95
