V 0 1091056.54 -75360.45
V 8 1091023.61 -75320.95
V 16 1091023.58 -75320.90
V 24 1091023.54 -75320.86
V 32 1090986.44 -75279.46
V 40 1090986.40 -75279.42
V 48 1090976.13 -75267.94
V 56 1090975.62 -75267.57
V 64 1090975.01 -75267.44
V 72 1090826.33 -75267.44
V 80 1090825.90 -75267.50
V 88 1090825.50 -75267.69
V 96 1090820.71 -75270.88
V 104 1090822.37 -75273.38
V 112 1090826.78 -75270.44
V 120 1090974.34 -75270.44
V 128 1090984.11 -75281.36
V 136 1090984.12 -75281.38
V 144 1090984.16 -75281.42
V 152 1091021.25 -75322.80
V 160 1091021.26 -75322.82
V 168 1091021.30 -75322.86
V 176 1091054.69 -75362.91
V 184 1091055.20 -75363.31
V 192 1091055.84 -75363.45
V 200 1091103.36 -75363.45
V 208 1091103.36 -75360.45
