V 0 1085836.72 35653.62
V 8 1085831.59 35710.07
V 16 1085831.59 35710.13
V 24 1085831.58 35710.24
V 32 1085825.52 35755.60
V 40 1085825.51 35755.63
V 48 1085823.40 35773.79
V 56 1085823.15 35774.47
V 64 1085822.61 35774.95
V 72 1085821.91 35775.12
V 80 1085735.66 35775.12
V 88 1085735.66 35772.12
V 96 1085820.57 35772.12
V 104 1085822.53 35755.31
V 112 1085822.54 35755.20
V 120 1085828.60 35709.84
V 128 1085833.86 35651.98
V 136 1085834.10 35651.29
V 144 1085834.64 35650.80
V 152 1085835.35 35650.62
V 160 1085839.86 35650.62
V 168 1085839.86 35653.62
