V 0 1085836.50 48332.59
V 8 1085831.33 48351.43
V 16 1085828.08 48387.26
V 24 1085827.84 48387.95
V 32 1085827.30 48388.44
V 40 1085826.59 48388.62
V 48 1085735.66 48388.62
V 56 1085735.66 48385.62
V 64 1085825.22 48385.62
V 72 1085828.36 48351.09
V 80 1085828.36 48351.03
V 88 1085828.37 48350.93
V 96 1085828.40 48350.82
V 104 1085828.41 48350.72
V 112 1085833.90 48330.69
V 120 1085834.20 48330.12
V 128 1085834.72 48329.73
V 136 1085835.35 48329.59
V 144 1085839.86 48329.59
V 152 1085839.86 48332.59
