V 0 1085836.72 10788.12
V 8 1085831.59 10844.57
V 16 1085831.59 10844.63
V 24 1085831.58 10844.74
V 32 1085825.52 10890.10
V 40 1085825.51 10890.13
V 48 1085823.40 10908.29
V 56 1085823.15 10908.97
V 64 1085822.61 10909.45
V 72 1085821.91 10909.62
V 80 1085735.66 10909.62
V 88 1085735.66 10906.62
V 96 1085820.57 10906.62
V 104 1085822.53 10889.81
V 112 1085822.54 10889.70
V 120 1085828.60 10844.34
V 128 1085833.86 10786.48
V 136 1085834.10 10785.79
V 144 1085834.64 10785.30
V 152 1085835.35 10785.12
V 160 1085839.86 10785.12
V 168 1085839.86 10788.12
