V 0 -937590.28 -175390.20
V 8 -937595.95 -175384.53
V 16 -937603.70 -175382.45
V 24 -937703.20 -175382.45
V 32 -937703.20 -175342.45
V 40 -937639.08 -175342.45
V 48 -937631.33 -175340.37
V 56 -937625.66 -175334.70
V 64 -937623.58 -175326.95
V 72 -937623.58 -175255.95
V 80 -937623.62 -175254.84
V 88 -937623.74 -175253.74
V 96 -937623.93 -175252.66
V 104 -937624.21 -175251.58
V 112 -937624.56 -175250.53
V 120 -937624.98 -175249.51
V 128 -937625.48 -175248.52
V 136 -937626.04 -175247.57
V 144 -937626.67 -175246.66
V 152 -937627.37 -175245.80
V 160 -937628.12 -175244.99
V 168 -937628.93 -175244.24
V 176 -937629.79 -175243.54
V 184 -937630.70 -175242.91
V 192 -937631.65 -175242.35
V 200 -937632.64 -175241.85
V 208 -937633.66 -175241.43
V 216 -937634.71 -175241.08
V 224 -937635.79 -175240.80
V 232 -937636.87 -175240.61
V 240 -937637.97 -175240.49
V 248 -937639.08 -175240.45
V 256 -937645.70 -175240.45
V 264 -937645.70 -175175.63
V 272 -937647.36 -175168.64
V 280 -937652.00 -175163.16
V 288 -937658.61 -175160.35
V 296 -964336.46 -170630.40
V 304 -964418.52 -170616.46
V 312 -965069.76 -170505.88
V 320 -966675.20 -170233.28
V 328 -969352.07 -169778.74
V 336 -969749.01 -169711.33
V 344 -969839.17 -169696.03
V 352 -970053.94 -169659.56
V 360 -970303.77 -169617.14
V 368 -970518.54 -169580.67
V 376 -970768.37 -169538.25
V 384 -970983.13 -169501.78
V 392 -971232.98 -169459.36
V 400 -971447.74 -169422.89
V 408 -971697.58 -169380.46
V 416 -971912.34 -169344.00
V 424 -972162.18 -169301.57
V 432 -972376.95 -169265.11
V 440 -972626.79 -169222.68
V 448 -972841.55 -169186.22
V 456 -973091.39 -169143.79
V 464 -973306.15 -169107.32
V 472 -973556.00 -169064.90
V 480 -973770.77 -169028.43
V 488 -974020.60 -168986.01
V 496 -974235.36 -168949.54
V 504 -974602.69 -168887.17
V 512 -975584.00 -168720.54
V 520 -976856.99 -168504.39
V 528 -977721.05 -168357.67
V 536 -978796.15 -168175.11
V 544 -979048.42 -168132.28
V 552 -979831.43 -167999.32
V 560 -983091.70 -167445.72
V 568 -983632.35 -167353.92
V 576 -984260.68 -167247.22
V 584 -987427.19 -166709.55
V 592 -988606.81 -166509.24
V 600 -989096.75 -166426.05
V 608 -991538.64 -166011.41
V 616 -991769.89 -165972.14
V 624 -993225.81 -165724.93
V 632 -997040.29 -165077.22
V 640 -997957.58 -164921.46
V 648 -999736.65 -164619.37
V 656 -1000996.08 -164405.52
V 664 -1002046.75 -164227.11
V 672 -1008166.87 -163187.90
V 680 -1015311.74 -161974.69
V 688 -1020308.61 -161126.21
V 696 -1021584.02 -160909.64
V 704 -1022364.20 -160777.17
V 712 -1023267.26 -160623.83
V 720 -1024143.05 -160475.11
V 728 -1024509.56 -160412.88
V 736 -1024614.55 -160395.05
V 744 -1024680.47 -160383.86
V 752 -1026211.25 -160123.93
V 760 -1026855.81 -160014.48
V 768 -1027609.01 -159886.59
V 776 -1029046.25 -159642.54
V 784 -1029288.43 -159601.42
V 792 -1029638.89 -159541.91
V 800 -1029874.62 -159501.88
V 808 -1030308.81 -159428.16
V 816 -1030681.87 -159364.81
V 824 -1032217.83 -159104.00
V 832 -1032663.16 -159028.38
V 840 -1032663.35 -159028.35
V 848 -1033191.08 -158938.74
V 856 -1034152.06 -158775.56
V 864 -1034576.84 -158703.44
V 872 -1035113.14 -158612.37
V 880 -1035176.42 -158601.63
V 888 -1036321.35 -158407.21
V 896 -1036456.38 -158384.29
V 904 -1037679.77 -158176.55
V 912 -1037684.09 -158175.82
V 920 -1037895.47 -158139.92
V 928 -1038571.20 -158025.18
V 936 -1038815.34 -157983.73
V 944 -1039069.60 -157940.55
V 952 -1039267.55 -157906.94
V 960 -1039519.12 -157864.23
V 968 -1040305.00 -157730.78
V 976 -1040305.00 -157719.35
V 984 -1040336.00 -157719.35
V 992 -1040336.00 -157743.87
V 1000 -1040335.96 -157744.96
V 1008 -1040335.85 -157746.04
V 1016 -1040335.66 -157747.11
V 1024 -1040335.39 -157748.16
V 1032 -1040335.06 -157749.20
V 1040 -1040334.65 -157750.20
V 1048 -1040334.17 -157751.18
V 1056 -1040333.62 -157752.12
V 1064 -1040333.01 -157753.02
V 1072 -1040332.34 -157753.87
V 1080 -1040331.61 -157754.68
V 1088 -1040330.83 -157755.43
V 1096 -1040329.99 -157756.13
V 1104 -1040329.11 -157756.76
V 1112 -1040328.18 -157757.33
V 1120 -1040327.22 -157757.84
V 1128 -1040326.23 -157758.27
V 1136 -1040325.20 -157758.64
V 1144 -1040324.16 -157758.93
V 1152 -1040323.09 -157759.15
V 1160 -1040124.09 -157792.94
V 1168 -1039524.30 -157894.79
V 1176 -1039272.73 -157937.50
V 1184 -1039074.80 -157971.11
V 1192 -1038820.54 -158014.29
V 1200 -1038576.38 -158055.74
V 1208 -1037900.67 -158170.48
V 1216 -1037689.29 -158206.38
V 1224 -1037689.27 -158206.38
V 1232 -1037684.95 -158207.11
V 1240 -1036461.56 -158414.85
V 1248 -1036326.53 -158437.77
V 1256 -1035181.60 -158632.19
V 1264 -1035118.32 -158642.93
V 1272 -1034582.02 -158734.00
V 1280 -1034157.24 -158806.12
V 1288 -1032668.48 -159058.92
V 1296 -1032668.29 -159058.95
V 1304 -1030687.05 -159395.37
V 1312 -1030313.99 -159458.72
V 1320 -1029879.80 -159532.44
V 1328 -1029644.07 -159572.47
V 1336 -1029293.61 -159631.98
V 1344 -1029051.43 -159673.10
V 1352 -1027614.19 -159917.15
V 1360 -1026860.99 -160045.04
V 1368 -1026216.43 -160154.49
V 1376 -1024619.75 -160425.61
V 1384 -1024514.76 -160443.44
V 1392 -1024148.25 -160505.67
V 1400 -1024050.97 -160522.19
V 1408 -1023272.44 -160654.39
V 1416 -1022369.38 -160807.73
V 1424 -1021589.20 -160940.20
V 1432 -1020313.79 -161156.77
V 1440 -1015316.92 -162005.25
V 1448 -1008172.05 -163218.46
V 1456 -1002051.93 -164257.67
V 1464 -1001001.26 -164436.08
V 1472 -999741.83 -164649.93
V 1480 -997962.76 -164952.02
V 1488 -997045.47 -165107.78
V 1496 -993230.99 -165755.49
V 1504 -991775.09 -166002.70
V 1512 -991543.84 -166041.97
V 1520 -989103.41 -166456.36
V 1528 -988611.99 -166539.80
V 1536 -987432.37 -166740.11
V 1544 -984265.86 -167277.78
V 1552 -983637.53 -167384.48
V 1560 -983096.88 -167476.28
V 1568 -979836.61 -168029.88
V 1576 -979053.60 -168162.84
V 1584 -978801.33 -168205.67
V 1592 -977726.23 -168388.23
V 1600 -976862.17 -168534.95
V 1608 -975589.18 -168751.10
V 1616 -974240.56 -168980.10
V 1624 -974025.80 -169016.57
V 1632 -973775.95 -169058.99
V 1640 -973561.18 -169095.46
V 1648 -973311.35 -169137.88
V 1656 -973096.59 -169174.35
V 1664 -972846.75 -169216.78
V 1672 -972631.99 -169253.24
V 1680 -972382.15 -169295.67
V 1688 -972167.38 -169332.13
V 1696 -971917.54 -169374.56
V 1704 -971702.78 -169411.02
V 1712 -971452.94 -169453.45
V 1720 -971238.16 -169489.92
V 1728 -970988.33 -169532.34
V 1736 -970773.57 -169568.81
V 1744 -970523.72 -169611.23
V 1752 -970308.95 -169647.70
V 1760 -970059.12 -169690.12
V 1768 -969844.35 -169726.59
V 1776 -969754.21 -169741.89
V 1784 -969357.27 -169809.30
V 1792 -966680.38 -170263.84
V 1800 -965074.94 -170536.44
V 1808 -964423.72 -170647.02
V 1816 -964341.66 -170660.96
V 1824 -937676.70 -175188.72
V 1832 -937676.70 -175255.95
V 1840 -937676.66 -175257.06
V 1848 -937676.54 -175258.16
V 1856 -937676.35 -175259.24
V 1864 -937676.07 -175260.32
V 1872 -937675.72 -175261.37
V 1880 -937675.30 -175262.39
V 1888 -937674.80 -175263.38
V 1896 -937674.24 -175264.33
V 1904 -937673.61 -175265.24
V 1912 -937672.91 -175266.10
V 1920 -937672.16 -175266.91
V 1928 -937671.35 -175267.66
V 1936 -937670.49 -175268.36
V 1944 -937669.58 -175268.99
V 1952 -937668.63 -175269.55
V 1960 -937667.64 -175270.05
V 1968 -937666.62 -175270.47
V 1976 -937665.57 -175270.82
V 1984 -937664.49 -175271.10
V 1992 -937663.41 -175271.29
V 2000 -937662.31 -175271.41
V 2008 -937661.20 -175271.45
V 2016 -937654.58 -175271.45
V 2024 -937654.58 -175311.45
V 2032 -937718.70 -175311.45
V 2040 -937726.45 -175313.53
V 2048 -937732.12 -175319.20
V 2056 -937734.20 -175326.95
V 2064 -937734.20 -175397.95
V 2072 -937732.12 -175405.70
V 2080 -937726.45 -175411.37
V 2088 -937718.70 -175413.45
V 2096 -937619.20 -175413.45
V 2104 -937619.20 -175453.45
V 2112 -937718.70 -175453.45
V 2120 -937726.45 -175455.53
V 2128 -937732.12 -175461.20
V 2136 -937734.20 -175468.95
V 2144 -937734.20 -175539.95
V 2152 -937732.12 -175547.70
V 2160 -937726.45 -175553.37
V 2168 -937718.70 -175555.45
V 2176 -937619.20 -175555.45
V 2184 -937619.20 -175595.45
V 2192 -937718.70 -175595.45
V 2200 -937726.45 -175597.53
V 2208 -937732.12 -175603.20
V 2216 -937734.20 -175610.95
V 2224 -937734.20 -175681.95
V 2232 -937732.12 -175689.70
V 2240 -937726.45 -175695.37
V 2248 -937718.70 -175697.45
V 2256 -937619.20 -175697.45
V 2264 -937619.20 -175737.45
V 2272 -937718.70 -175737.45
V 2280 -937726.45 -175739.53
V 2288 -937732.12 -175745.20
V 2296 -937734.20 -175752.95
V 2304 -937734.20 -175823.95
V 2312 -937732.12 -175831.70
V 2320 -937726.45 -175837.37
V 2328 -937718.70 -175839.45
V 2336 -937619.20 -175839.45
V 2344 -937619.20 -175879.45
V 2352 -937718.70 -175879.45
V 2360 -937726.45 -175881.53
V 2368 -937732.12 -175887.20
V 2376 -937734.20 -175894.95
V 2384 -937734.20 -175965.95
V 2392 -937732.12 -175973.70
V 2400 -937726.45 -175979.37
V 2408 -937718.70 -175981.45
V 2416 -937619.20 -175981.45
V 2424 -937619.20 -176021.45
V 2432 -937718.70 -176021.45
V 2440 -937726.45 -176023.53
V 2448 -937732.12 -176029.20
V 2456 -937734.20 -176036.95
V 2464 -937734.20 -176107.95
V 2472 -937732.12 -176115.70
V 2480 -937726.45 -176121.37
V 2488 -937718.70 -176123.45
V 2496 -937619.20 -176123.45
V 2504 -937619.20 -176163.45
V 2512 -937718.70 -176163.45
V 2520 -937726.45 -176165.53
V 2528 -937732.12 -176171.20
V 2536 -937734.20 -176178.95
V 2544 -937734.20 -176249.95
V 2552 -937732.12 -176257.70
V 2560 -937726.45 -176263.37
V 2568 -937718.70 -176265.45
V 2576 -937619.20 -176265.45
V 2584 -937619.20 -176305.45
V 2592 -937718.70 -176305.45
V 2600 -937726.45 -176307.53
V 2608 -937732.12 -176313.20
V 2616 -937734.20 -176320.95
V 2624 -937734.20 -176391.95
V 2632 -937732.12 -176399.70
V 2640 -937726.45 -176405.37
V 2648 -937718.70 -176407.45
V 2656 -937619.20 -176407.45
V 2664 -937619.20 -176447.45
V 2672 -937718.70 -176447.45
V 2680 -937726.45 -176449.53
V 2688 -937732.12 -176455.20
V 2696 -937734.20 -176462.95
V 2704 -937734.20 -176533.95
V 2712 -937732.12 -176541.70
V 2720 -937726.45 -176547.37
V 2728 -937718.70 -176549.45
V 2736 -937619.20 -176549.45
V 2744 -937619.20 -176589.45
V 2752 -937718.70 -176589.45
V 2760 -937726.45 -176591.53
V 2768 -937732.12 -176597.20
V 2776 -937734.20 -176604.95
V 2784 -937734.20 -176675.95
V 2792 -937732.12 -176683.70
V 2800 -937726.45 -176689.37
V 2808 -937718.70 -176691.45
V 2816 -937619.20 -176691.45
V 2824 -937619.20 -176731.45
V 2832 -937718.70 -176731.45
V 2840 -937726.45 -176733.53
V 2848 -937732.12 -176739.20
V 2856 -937734.20 -176746.95
V 2864 -937734.20 -176817.95
V 2872 -937732.12 -176825.70
V 2880 -937726.45 -176831.37
V 2888 -937718.70 -176833.45
V 2896 -937619.20 -176833.45
V 2904 -937619.20 -176873.45
V 2912 -937718.70 -176873.45
V 2920 -937726.45 -176875.53
V 2928 -937732.12 -176881.20
V 2936 -937734.20 -176888.95
V 2944 -937734.20 -176959.95
V 2952 -937732.12 -176967.70
V 2960 -937726.45 -176973.37
V 2968 -937718.70 -176975.45
V 2976 -937619.20 -176975.45
V 2984 -937619.20 -177015.45
V 2992 -937718.70 -177015.45
V 3000 -937726.45 -177017.53
V 3008 -937732.12 -177023.20
V 3016 -937734.20 -177030.95
V 3024 -937734.20 -177101.95
V 3032 -937732.12 -177109.70
V 3040 -937726.45 -177115.37
V 3048 -937718.70 -177117.45
V 3056 -937619.20 -177117.45
V 3064 -937619.20 -177157.45
V 3072 -937718.70 -177157.45
V 3080 -937726.45 -177159.53
V 3088 -937732.12 -177165.20
V 3096 -937734.20 -177172.95
V 3104 -937734.20 -177243.95
V 3112 -937732.12 -177251.70
V 3120 -937726.45 -177257.37
V 3128 -937718.70 -177259.45
V 3136 -937619.20 -177259.45
V 3144 -937619.20 -177299.45
V 3152 -937718.70 -177299.45
V 3160 -937726.45 -177301.53
V 3168 -937732.12 -177307.20
V 3176 -937734.20 -177314.95
V 3184 -937734.20 -177385.95
V 3192 -937732.12 -177393.70
V 3200 -937726.45 -177399.37
V 3208 -937718.70 -177401.45
V 3216 -937619.20 -177401.45
V 3224 -937619.20 -177441.45
V 3232 -937718.70 -177441.45
V 3240 -937726.45 -177443.53
V 3248 -937732.12 -177449.20
V 3256 -937734.20 -177456.95
V 3264 -937734.20 -177527.95
V 3272 -937732.12 -177535.70
V 3280 -937726.45 -177541.37
V 3288 -937718.70 -177543.45
V 3296 -937619.20 -177543.45
V 3304 -937619.20 -177583.45
V 3312 -937718.70 -177583.45
V 3320 -937726.45 -177585.53
V 3328 -937732.12 -177591.20
V 3336 -937734.20 -177598.95
V 3344 -937734.20 -177669.95
V 3352 -937732.12 -177677.70
V 3360 -937726.45 -177683.37
V 3368 -937718.70 -177685.45
V 3376 -937619.20 -177685.45
V 3384 -937619.20 -177725.45
V 3392 -937718.70 -177725.45
V 3400 -937726.45 -177727.53
V 3408 -937732.12 -177733.20
V 3416 -937734.20 -177740.95
V 3424 -937734.20 -177811.95
V 3432 -937732.12 -177819.70
V 3440 -937726.45 -177825.37
V 3448 -937718.70 -177827.45
V 3456 -937619.20 -177827.45
V 3464 -937619.20 -177867.45
V 3472 -937718.70 -177867.45
V 3480 -937726.45 -177869.53
V 3488 -937732.12 -177875.20
V 3496 -937734.20 -177882.95
V 3504 -937734.20 -177953.95
V 3512 -937732.12 -177961.70
V 3520 -937726.45 -177967.37
V 3528 -937718.70 -177969.45
V 3536 -937619.20 -177969.45
V 3544 -937619.20 -178009.45
V 3552 -937718.70 -178009.45
V 3560 -937726.45 -178011.53
V 3568 -937732.12 -178017.20
V 3576 -937734.20 -178024.95
V 3584 -937734.20 -178095.95
V 3592 -937732.12 -178103.70
V 3600 -937726.45 -178109.37
V 3608 -937718.70 -178111.45
V 3616 -937619.20 -178111.45
V 3624 -937619.20 -178151.45
V 3632 -937718.70 -178151.45
V 3640 -937726.45 -178153.53
V 3648 -937732.12 -178159.20
V 3656 -937734.20 -178166.95
V 3664 -937734.20 -178237.95
V 3672 -937732.12 -178245.70
V 3680 -937726.45 -178251.37
V 3688 -937718.70 -178253.45
V 3696 -937619.20 -178253.45
V 3704 -937619.20 -178293.45
V 3712 -937718.70 -178293.45
V 3720 -937726.45 -178295.53
V 3728 -937732.12 -178301.20
V 3736 -937734.20 -178308.95
V 3744 -937734.20 -178379.95
V 3752 -937732.12 -178387.70
V 3760 -937726.45 -178393.37
V 3768 -937718.70 -178395.45
V 3776 -937676.70 -178395.45
V 3784 -937676.70 -178404.45
V 3792 -937645.70 -178404.45
V 3800 -937645.70 -178379.95
V 3808 -937645.74 -178378.84
V 3816 -937645.86 -178377.74
V 3824 -937646.05 -178376.66
V 3832 -937646.33 -178375.58
V 3840 -937646.68 -178374.53
V 3848 -937647.10 -178373.51
V 3856 -937647.60 -178372.52
V 3864 -937648.16 -178371.57
V 3872 -937648.79 -178370.66
V 3880 -937649.49 -178369.80
V 3888 -937650.24 -178368.99
V 3896 -937651.05 -178368.24
V 3904 -937651.91 -178367.54
V 3912 -937652.82 -178366.91
V 3920 -937653.77 -178366.35
V 3928 -937654.76 -178365.85
V 3936 -937655.78 -178365.43
V 3944 -937656.83 -178365.08
V 3952 -937657.91 -178364.80
V 3960 -937658.99 -178364.61
V 3968 -937660.09 -178364.49
V 3976 -937661.20 -178364.45
V 3984 -937703.20 -178364.45
V 3992 -937703.20 -178324.45
V 4000 -937603.70 -178324.45
V 4008 -937595.95 -178322.37
V 4016 -937590.28 -178316.70
V 4024 -937588.20 -178308.95
V 4032 -937588.20 -178237.95
V 4040 -937590.28 -178230.20
V 4048 -937595.95 -178224.53
V 4056 -937603.70 -178222.45
V 4064 -937703.20 -178222.45
V 4072 -937703.20 -178182.45
V 4080 -937603.70 -178182.45
V 4088 -937595.95 -178180.37
V 4096 -937590.28 -178174.70
V 4104 -937588.20 -178166.95
V 4112 -937588.20 -178095.95
V 4120 -937590.28 -178088.20
V 4128 -937595.95 -178082.53
V 4136 -937603.70 -178080.45
V 4144 -937703.20 -178080.45
V 4152 -937703.20 -178040.45
V 4160 -937603.70 -178040.45
V 4168 -937595.95 -178038.37
V 4176 -937590.28 -178032.70
V 4184 -937588.20 -178024.95
V 4192 -937588.20 -177953.95
V 4200 -937590.28 -177946.20
V 4208 -937595.95 -177940.53
V 4216 -937603.70 -177938.45
V 4224 -937703.20 -177938.45
V 4232 -937703.20 -177898.45
V 4240 -937603.70 -177898.45
V 4248 -937595.95 -177896.37
V 4256 -937590.28 -177890.70
V 4264 -937588.20 -177882.95
V 4272 -937588.20 -177811.95
V 4280 -937590.28 -177804.20
V 4288 -937595.95 -177798.53
V 4296 -937603.70 -177796.45
V 4304 -937703.20 -177796.45
V 4312 -937703.20 -177756.45
V 4320 -937603.70 -177756.45
V 4328 -937595.95 -177754.37
V 4336 -937590.28 -177748.70
V 4344 -937588.20 -177740.95
V 4352 -937588.20 -177669.95
V 4360 -937590.28 -177662.20
V 4368 -937595.95 -177656.53
V 4376 -937603.70 -177654.45
V 4384 -937703.20 -177654.45
V 4392 -937703.20 -177614.45
V 4400 -937603.70 -177614.45
V 4408 -937595.95 -177612.37
V 4416 -937590.28 -177606.70
V 4424 -937588.20 -177598.95
V 4432 -937588.20 -177527.95
V 4440 -937590.28 -177520.20
V 4448 -937595.95 -177514.53
V 4456 -937603.70 -177512.45
V 4464 -937703.20 -177512.45
V 4472 -937703.20 -177472.45
V 4480 -937603.70 -177472.45
V 4488 -937595.95 -177470.37
V 4496 -937590.28 -177464.70
V 4504 -937588.20 -177456.95
V 4512 -937588.20 -177385.95
V 4520 -937590.28 -177378.20
V 4528 -937595.95 -177372.53
V 4536 -937603.70 -177370.45
V 4544 -937703.20 -177370.45
V 4552 -937703.20 -177330.45
V 4560 -937603.70 -177330.45
V 4568 -937595.95 -177328.37
V 4576 -937590.28 -177322.70
V 4584 -937588.20 -177314.95
V 4592 -937588.20 -177243.95
V 4600 -937590.28 -177236.20
V 4608 -937595.95 -177230.53
V 4616 -937603.70 -177228.45
V 4624 -937703.20 -177228.45
V 4632 -937703.20 -177188.45
V 4640 -937603.70 -177188.45
V 4648 -937595.95 -177186.37
V 4656 -937590.28 -177180.70
V 4664 -937588.20 -177172.95
V 4672 -937588.20 -177101.95
V 4680 -937590.28 -177094.20
V 4688 -937595.95 -177088.53
V 4696 -937603.70 -177086.45
V 4704 -937703.20 -177086.45
V 4712 -937703.20 -177046.45
V 4720 -937603.70 -177046.45
V 4728 -937595.95 -177044.37
V 4736 -937590.28 -177038.70
V 4744 -937588.20 -177030.95
V 4752 -937588.20 -176959.95
V 4760 -937590.28 -176952.20
V 4768 -937595.95 -176946.53
V 4776 -937603.70 -176944.45
V 4784 -937703.20 -176944.45
V 4792 -937703.20 -176904.45
V 4800 -937603.70 -176904.45
V 4808 -937595.95 -176902.37
V 4816 -937590.28 -176896.70
V 4824 -937588.20 -176888.95
V 4832 -937588.20 -176817.95
V 4840 -937590.28 -176810.20
V 4848 -937595.95 -176804.53
V 4856 -937603.70 -176802.45
V 4864 -937703.20 -176802.45
V 4872 -937703.20 -176762.45
V 4880 -937603.70 -176762.45
V 4888 -937595.95 -176760.37
V 4896 -937590.28 -176754.70
V 4904 -937588.20 -176746.95
V 4912 -937588.20 -176675.95
V 4920 -937590.28 -176668.20
V 4928 -937595.95 -176662.53
V 4936 -937603.70 -176660.45
V 4944 -937703.20 -176660.45
V 4952 -937703.20 -176620.45
V 4960 -937603.70 -176620.45
V 4968 -937595.95 -176618.37
V 4976 -937590.28 -176612.70
V 4984 -937588.20 -176604.95
V 4992 -937588.20 -176533.95
V 5000 -937590.28 -176526.20
V 5008 -937595.95 -176520.53
V 5016 -937603.70 -176518.45
V 5024 -937703.20 -176518.45
V 5032 -937703.20 -176478.45
V 5040 -937603.70 -176478.45
V 5048 -937595.95 -176476.37
V 5056 -937590.28 -176470.70
V 5064 -937588.20 -176462.95
V 5072 -937588.20 -176391.95
V 5080 -937590.28 -176384.20
V 5088 -937595.95 -176378.53
V 5096 -937603.70 -176376.45
V 5104 -937703.20 -176376.45
V 5112 -937703.20 -176336.45
V 5120 -937603.70 -176336.45
V 5128 -937595.95 -176334.37
V 5136 -937590.28 -176328.70
V 5144 -937588.20 -176320.95
V 5152 -937588.20 -176249.95
V 5160 -937590.28 -176242.20
V 5168 -937595.95 -176236.53
V 5176 -937603.70 -176234.45
V 5184 -937703.20 -176234.45
V 5192 -937703.20 -176194.45
V 5200 -937603.70 -176194.45
V 5208 -937595.95 -176192.37
V 5216 -937590.28 -176186.70
V 5224 -937588.20 -176178.95
V 5232 -937588.20 -176107.95
V 5240 -937590.28 -176100.20
V 5248 -937595.95 -176094.53
V 5256 -937603.70 -176092.45
V 5264 -937703.20 -176092.45
V 5272 -937703.20 -176052.45
V 5280 -937603.70 -176052.45
V 5288 -937595.95 -176050.37
V 5296 -937590.28 -176044.70
V 5304 -937588.20 -176036.95
V 5312 -937588.20 -175965.95
V 5320 -937590.28 -175958.20
V 5328 -937595.95 -175952.53
V 5336 -937603.70 -175950.45
V 5344 -937703.20 -175950.45
V 5352 -937703.20 -175910.45
V 5360 -937603.70 -175910.45
V 5368 -937595.95 -175908.37
V 5376 -937590.28 -175902.70
V 5384 -937588.20 -175894.95
V 5392 -937588.20 -175823.95
V 5400 -937590.28 -175816.20
V 5408 -937595.95 -175810.53
V 5416 -937603.70 -175808.45
V 5424 -937703.20 -175808.45
V 5432 -937703.20 -175768.45
V 5440 -937603.70 -175768.45
V 5448 -937595.95 -175766.37
V 5456 -937590.28 -175760.70
V 5464 -937588.20 -175752.95
V 5472 -937588.20 -175681.95
V 5480 -937590.28 -175674.20
V 5488 -937595.95 -175668.53
V 5496 -937603.70 -175666.45
V 5504 -937703.20 -175666.45
V 5512 -937703.20 -175626.45
V 5520 -937603.70 -175626.45
V 5528 -937595.95 -175624.37
V 5536 -937590.28 -175618.70
V 5544 -937588.20 -175610.95
V 5552 -937588.20 -175539.95
V 5560 -937590.28 -175532.20
V 5568 -937595.95 -175526.53
V 5576 -937603.70 -175524.45
V 5584 -937703.20 -175524.45
V 5592 -937703.20 -175484.45
V 5600 -937603.70 -175484.45
V 5608 -937595.95 -175482.37
V 5616 -937590.28 -175476.70
V 5624 -937588.20 -175468.95
V 5632 -937588.20 -175397.95
