V 0 -945960.28 -176242.20
V 8 -945965.95 -176236.53
V 16 -945973.70 -176234.45
V 24 -946073.20 -176234.45
V 32 -946073.20 -176194.45
V 40 -946031.20 -176194.45
V 48 -946023.45 -176192.37
V 56 -946017.78 -176186.70
V 64 -946015.70 -176178.95
V 72 -946015.70 -175945.86
V 80 -946017.36 -175938.87
V 88 -946022.00 -175933.39
V 96 -946028.61 -175930.58
V 104 -964688.23 -172762.13
V 112 -964715.79 -172757.46
V 120 -964715.81 -172757.45
V 128 -964723.39 -172756.16
V 136 -964723.41 -172756.16
V 144 -965216.09 -172672.50
V 152 -967036.89 -172363.33
V 160 -970403.33 -171791.70
V 168 -970454.52 -171783.01
V 176 -970880.23 -171710.72
V 184 -971130.06 -171668.30
V 192 -971344.82 -171631.83
V 200 -971594.67 -171589.41
V 208 -971809.44 -171552.94
V 216 -972059.27 -171510.52
V 224 -972274.03 -171474.05
V 232 -972523.87 -171431.62
V 240 -972738.63 -171395.16
V 248 -972988.47 -171352.73
V 256 -973203.24 -171316.27
V 264 -973453.08 -171273.84
V 272 -973667.84 -171237.38
V 280 -973917.68 -171194.95
V 288 -974132.46 -171158.48
V 296 -974382.29 -171116.06
V 304 -974597.06 -171079.59
V 312 -974964.38 -171017.22
V 320 -975945.69 -170850.59
V 328 -977218.68 -170634.44
V 336 -978082.73 -170487.72
V 344 -979585.25 -170232.59
V 352 -979813.29 -170193.87
V 360 -980193.11 -170129.37
V 368 -983453.39 -169575.77
V 376 -983994.04 -169483.97
V 384 -984622.37 -169377.27
V 392 -986919.89 -168987.15
V 400 -988615.86 -168699.17
V 408 -989459.83 -168555.86
V 416 -989459.94 -168555.84
V 424 -989460.62 -168555.73
V 432 -989460.64 -168555.73
V 440 -989785.55 -168500.56
V 448 -992131.59 -168102.19
V 456 -993587.49 -167854.98
V 464 -997832.37 -167134.19
V 472 -998740.04 -166980.06
V 480 -1000487.48 -166683.35
V 488 -1001357.76 -166535.57
V 496 -1004775.36 -165955.26
V 504 -1008528.56 -165317.95
V 512 -1014076.70 -164375.87
V 520 -1021945.71 -163039.69
V 528 -1022725.89 -162907.22
V 536 -1023628.95 -162753.88
V 544 -1024442.39 -162615.75
V 552 -1024538.58 -162599.42
V 560 -1025033.06 -162515.46
V 568 -1037333.59 -160426.80
V 576 -1038772.23 -160182.52
V 584 -1039487.83 -160061.01
V 592 -1040807.19 -159836.97
V 600 -1040834.84 -159832.28
V 608 -1043442.82 -159389.44
V 616 -1043442.93 -159389.42
V 624 -1043443.20 -159389.38
V 632 -1043443.75 -159389.31
V 640 -1043443.79 -159389.31
V 648 -1043443.91 -159389.29
V 656 -1043859.67 -159348.90
V 664 -1044140.82 -159288.68
V 672 -1044141.58 -159288.54
V 680 -1044341.89 -159255.98
V 688 -1044579.23 -159215.39
V 696 -1044579.25 -159215.39
V 704 -1044810.71 -159176.13
V 712 -1045043.15 -159136.65
V 720 -1045538.20 -159052.60
V 728 -1045798.24 -158995.65
V 736 -1045798.40 -158995.61
V 744 -1045798.64 -158995.57
V 752 -1046028.05 -158945.52
V 760 -1046028.40 -158945.44
V 768 -1046028.64 -158945.40
V 776 -1046258.60 -158895.21
V 784 -1046258.95 -158895.13
V 792 -1046259.12 -158895.10
V 800 -1046489.14 -158844.89
V 808 -1046489.39 -158844.83
V 816 -1046489.63 -158844.79
V 824 -1046719.53 -158794.62
V 832 -1046719.88 -158794.54
V 840 -1046720.05 -158794.51
V 848 -1046950.09 -158744.30
V 856 -1046950.34 -158744.24
V 864 -1046950.58 -158744.20
V 872 -1047219.16 -158685.60
V 880 -1047465.76 -158611.54
V 888 -1047466.35 -158611.38
V 896 -1047937.82 -158489.72
V 904 -1048143.84 -158389.74
V 912 -1048144.40 -158389.47
V 920 -1048144.50 -158389.43
V 928 -1048144.62 -158389.37
V 936 -1048225.09 -158354.09
V 944 -1048225.19 -158354.05
V 952 -1048225.38 -158353.97
V 960 -1048225.89 -158353.77
V 968 -1048226.42 -158353.58
V 976 -1048226.50 -158353.56
V 984 -1048226.54 -158353.54
V 992 -1048415.88 -158292.27
V 1000 -1048647.27 -158213.94
V 1008 -1048647.38 -158213.91
V 1016 -1048872.76 -158138.08
V 1024 -1048872.84 -158138.05
V 1032 -1049099.20 -158061.83
V 1040 -1049099.31 -158061.80
V 1048 -1049325.29 -157985.73
V 1056 -1049325.37 -157985.70
V 1064 -1049551.62 -157909.53
V 1072 -1050013.38 -157754.06
V 1080 -1050241.45 -157668.11
V 1088 -1050241.83 -157667.97
V 1096 -1050673.56 -157516.86
V 1104 -1050840.67 -157419.71
V 1112 -1050841.10 -157419.47
V 1120 -1050951.52 -157359.87
V 1128 -1050951.57 -157359.84
V 1136 -1050951.94 -157359.65
V 1144 -1050952.44 -157359.41
V 1152 -1050952.87 -157359.23
V 1160 -1050952.90 -157359.21
V 1168 -1051159.97 -157272.66
V 1176 -1051384.85 -157175.54
V 1184 -1051384.87 -157175.53
V 1192 -1051607.87 -157079.60
V 1200 -1052047.55 -156890.37
V 1208 -1052047.69 -156890.32
V 1216 -1052047.75 -156890.29
V 1224 -1052048.26 -156890.09
V 1232 -1052048.61 -156889.96
V 1240 -1052450.88 -156750.62
V 1248 -1052596.22 -156666.00
V 1256 -1052596.66 -156665.76
V 1264 -1052725.45 -156596.27
V 1272 -1052725.50 -156596.24
V 1280 -1052725.87 -156596.05
V 1288 -1052726.37 -156595.81
V 1296 -1052726.80 -156595.63
V 1304 -1052726.83 -156595.61
V 1312 -1052946.80 -156503.67
V 1320 -1053170.16 -156407.20
V 1328 -1053170.18 -156407.19
V 1336 -1053359.80 -156325.62
V 1344 -1053359.80 -156157.95
V 1352 -1053390.80 -156157.95
V 1360 -1053390.80 -156335.83
V 1368 -1053389.65 -156341.70
V 1376 -1053386.36 -156346.69
V 1384 -1053381.43 -156350.07
V 1392 -1053182.44 -156435.67
V 1400 -1052959.10 -156532.13
V 1408 -1052739.49 -156623.92
V 1416 -1052611.76 -156692.84
V 1424 -1052465.19 -156778.17
V 1432 -1052465.11 -156778.21
V 1440 -1052464.82 -156778.37
V 1448 -1052464.33 -156778.63
V 1456 -1052463.83 -156778.87
V 1464 -1052463.32 -156779.09
V 1472 -1052462.81 -156779.29
V 1480 -1052462.51 -156779.40
V 1488 -1052462.46 -156779.42
V 1496 -1052059.30 -156919.07
V 1504 -1051620.13 -157108.08
V 1512 -1051397.13 -157204.01
V 1520 -1051172.27 -157301.12
V 1528 -1050965.56 -157387.52
V 1536 -1050856.06 -157446.62
V 1544 -1050687.86 -157544.40
V 1552 -1050687.50 -157544.60
V 1560 -1050687.01 -157544.86
V 1568 -1050686.51 -157545.10
V 1576 -1050686.00 -157545.32
V 1584 -1050685.49 -157545.52
V 1592 -1050685.21 -157545.62
V 1600 -1050685.19 -157545.63
V 1608 -1050252.14 -157697.21
V 1616 -1050023.90 -157783.22
V 1624 -1050023.43 -157783.39
V 1632 -1049561.52 -157938.91
V 1640 -1049335.21 -158015.10
V 1648 -1049335.10 -158015.13
V 1656 -1049109.12 -158091.20
V 1664 -1049109.04 -158091.23
V 1672 -1048882.68 -158167.45
V 1680 -1048882.57 -158167.48
V 1688 -1048657.19 -158243.31
V 1696 -1048657.05 -158243.36
V 1704 -1048425.54 -158321.73
V 1712 -1048425.49 -158321.74
V 1720 -1048425.42 -158321.77
V 1728 -1048236.83 -158382.80
V 1736 -1048157.21 -158417.71
V 1744 -1047950.11 -158518.21
V 1752 -1047949.61 -158518.45
V 1760 -1047949.10 -158518.67
V 1768 -1047948.59 -158518.87
V 1776 -1047948.06 -158519.06
V 1784 -1047947.54 -158519.22
V 1792 -1047947.05 -158519.36
V 1800 -1047474.50 -158641.30
V 1808 -1047227.63 -158715.43
V 1816 -1047227.45 -158715.48
V 1824 -1047227.00 -158715.60
V 1832 -1047226.46 -158715.73
V 1840 -1047226.22 -158715.77
V 1848 -1046957.27 -158774.46
V 1856 -1046956.92 -158774.54
V 1864 -1046956.75 -158774.57
V 1872 -1046726.71 -158824.78
V 1880 -1046726.46 -158824.84
V 1888 -1046726.22 -158824.88
V 1896 -1046496.32 -158875.05
V 1904 -1046495.97 -158875.13
V 1912 -1046495.80 -158875.16
V 1920 -1046265.78 -158925.37
V 1928 -1046265.53 -158925.43
V 1936 -1046265.29 -158925.47
V 1944 -1046035.33 -158975.66
V 1952 -1046034.98 -158975.74
V 1960 -1046034.74 -158975.78
V 1968 -1045805.33 -159025.83
V 1976 -1045804.98 -159025.91
V 1984 -1045804.88 -159025.93
V 1992 -1045544.64 -159082.92
V 2000 -1045544.48 -159082.96
V 2008 -1045543.94 -159083.06
V 2016 -1045543.91 -159083.06
V 2024 -1045543.78 -159083.09
V 2032 -1045048.35 -159167.21
V 2040 -1044815.91 -159206.69
V 2048 -1044584.45 -159245.95
V 2056 -1044346.93 -159286.57
V 2064 -1044147.00 -159319.07
V 2072 -1043865.32 -159379.40
V 2080 -1043865.24 -159379.41
V 2088 -1043864.82 -159379.49
V 2096 -1043864.28 -159379.58
V 2104 -1043863.66 -159379.66
V 2112 -1043863.57 -159379.67
V 2120 -1043447.39 -159420.10
V 2128 -1040840.02 -159862.84
V 2136 -1040812.37 -159867.53
V 2144 -1039493.01 -160091.57
V 2152 -1038777.41 -160213.08
V 2160 -1037338.77 -160457.36
V 2168 -1025038.24 -162546.02
V 2176 -1024543.76 -162629.98
V 2184 -1024447.57 -162646.31
V 2192 -1023634.13 -162784.44
V 2200 -1022731.07 -162937.78
V 2208 -1021950.89 -163070.25
V 2216 -1014081.88 -164406.43
V 2224 -1008533.74 -165348.51
V 2232 -1004780.54 -165985.82
V 2240 -1001362.94 -166566.13
V 2248 -1000492.66 -166713.91
V 2256 -998745.22 -167010.62
V 2264 -997837.55 -167164.75
V 2272 -993592.67 -167885.54
V 2280 -992136.77 -168132.75
V 2288 -989790.73 -168531.12
V 2296 -989465.69 -168586.31
V 2304 -989465.58 -168586.33
V 2312 -989464.90 -168586.44
V 2320 -989464.88 -168586.44
V 2328 -988621.04 -168729.73
V 2336 -986925.07 -169017.71
V 2344 -984627.55 -169407.83
V 2352 -983999.22 -169514.53
V 2360 -983458.57 -169606.33
V 2368 -980198.31 -170159.93
V 2376 -979818.49 -170224.43
V 2384 -979590.43 -170263.15
V 2392 -978087.91 -170518.28
V 2400 -977223.86 -170665.00
V 2408 -975950.87 -170881.15
V 2416 -974969.56 -171047.78
V 2424 -974602.24 -171110.15
V 2432 -974387.47 -171146.62
V 2440 -974137.64 -171189.04
V 2448 -973922.88 -171225.51
V 2456 -973673.04 -171267.94
V 2464 -973458.28 -171304.40
V 2472 -973208.44 -171346.83
V 2480 -972993.67 -171383.29
V 2488 -972743.83 -171425.72
V 2496 -972529.07 -171462.18
V 2504 -972279.23 -171504.61
V 2512 -972064.45 -171541.08
V 2520 -971814.62 -171583.50
V 2528 -971599.85 -171619.97
V 2536 -971350.02 -171662.39
V 2544 -971135.26 -171698.86
V 2552 -970885.41 -171741.28
V 2560 -970459.70 -171813.57
V 2568 -970408.51 -171822.26
V 2576 -967042.07 -172393.89
V 2584 -965221.27 -172703.06
V 2592 -964728.61 -172786.71
V 2600 -964728.59 -172786.72
V 2608 -964721.01 -172788.01
V 2616 -964720.99 -172788.01
V 2624 -964693.41 -172792.69
V 2632 -946046.70 -175958.95
V 2640 -946046.70 -176163.45
V 2648 -946088.70 -176163.45
V 2656 -946096.45 -176165.53
V 2664 -946102.12 -176171.20
V 2672 -946104.20 -176178.95
V 2680 -946104.20 -176249.95
V 2688 -946102.12 -176257.70
V 2696 -946096.45 -176263.37
V 2704 -946088.70 -176265.45
V 2712 -945989.20 -176265.45
V 2720 -945989.20 -176305.45
V 2728 -946088.70 -176305.45
V 2736 -946096.45 -176307.53
V 2744 -946102.12 -176313.20
V 2752 -946104.20 -176320.95
V 2760 -946104.20 -176391.95
V 2768 -946102.12 -176399.70
V 2776 -946096.45 -176405.37
V 2784 -946088.70 -176407.45
V 2792 -945989.20 -176407.45
V 2800 -945989.20 -176447.45
V 2808 -946088.70 -176447.45
V 2816 -946096.45 -176449.53
V 2824 -946102.12 -176455.20
V 2832 -946104.20 -176462.95
V 2840 -946104.20 -176533.95
V 2848 -946102.12 -176541.70
V 2856 -946096.45 -176547.37
V 2864 -946088.70 -176549.45
V 2872 -945989.20 -176549.45
V 2880 -945989.20 -176589.45
V 2888 -946088.70 -176589.45
V 2896 -946096.45 -176591.53
V 2904 -946102.12 -176597.20
V 2912 -946104.20 -176604.95
V 2920 -946104.20 -176675.95
V 2928 -946102.12 -176683.70
V 2936 -946096.45 -176689.37
V 2944 -946088.70 -176691.45
V 2952 -945989.20 -176691.45
V 2960 -945989.20 -176731.45
V 2968 -946088.70 -176731.45
V 2976 -946096.45 -176733.53
V 2984 -946102.12 -176739.20
V 2992 -946104.20 -176746.95
V 3000 -946104.20 -176817.95
V 3008 -946102.12 -176825.70
V 3016 -946096.45 -176831.37
V 3024 -946088.70 -176833.45
V 3032 -945989.20 -176833.45
V 3040 -945989.20 -176873.45
V 3048 -946088.70 -176873.45
V 3056 -946096.45 -176875.53
V 3064 -946102.12 -176881.20
V 3072 -946104.20 -176888.95
V 3080 -946104.20 -176959.95
V 3088 -946102.12 -176967.70
V 3096 -946096.45 -176973.37
V 3104 -946088.70 -176975.45
V 3112 -945989.20 -176975.45
V 3120 -945989.20 -177015.45
V 3128 -946088.70 -177015.45
V 3136 -946096.45 -177017.53
V 3144 -946102.12 -177023.20
V 3152 -946104.20 -177030.95
V 3160 -946104.20 -177101.95
V 3168 -946102.12 -177109.70
V 3176 -946096.45 -177115.37
V 3184 -946088.70 -177117.45
V 3192 -945989.20 -177117.45
V 3200 -945989.20 -177157.45
V 3208 -946088.70 -177157.45
V 3216 -946096.45 -177159.53
V 3224 -946102.12 -177165.20
V 3232 -946104.20 -177172.95
V 3240 -946104.20 -177243.95
V 3248 -946102.12 -177251.70
V 3256 -946096.45 -177257.37
V 3264 -946088.70 -177259.45
V 3272 -945989.20 -177259.45
V 3280 -945989.20 -177299.45
V 3288 -946088.70 -177299.45
V 3296 -946096.45 -177301.53
V 3304 -946102.12 -177307.20
V 3312 -946104.20 -177314.95
V 3320 -946104.20 -177385.95
V 3328 -946102.12 -177393.70
V 3336 -946096.45 -177399.37
V 3344 -946088.70 -177401.45
V 3352 -945989.20 -177401.45
V 3360 -945989.20 -177441.45
V 3368 -946088.70 -177441.45
V 3376 -946096.45 -177443.53
V 3384 -946102.12 -177449.20
V 3392 -946104.20 -177456.95
V 3400 -946104.20 -177527.95
V 3408 -946102.12 -177535.70
V 3416 -946096.45 -177541.37
V 3424 -946088.70 -177543.45
V 3432 -945989.20 -177543.45
V 3440 -945989.20 -177583.45
V 3448 -946088.70 -177583.45
V 3456 -946096.45 -177585.53
V 3464 -946102.12 -177591.20
V 3472 -946104.20 -177598.95
V 3480 -946104.20 -177669.95
V 3488 -946102.12 -177677.70
V 3496 -946096.45 -177683.37
V 3504 -946088.70 -177685.45
V 3512 -945989.20 -177685.45
V 3520 -945989.20 -177725.45
V 3528 -946088.70 -177725.45
V 3536 -946096.45 -177727.53
V 3544 -946102.12 -177733.20
V 3552 -946104.20 -177740.95
V 3560 -946104.20 -177811.95
V 3568 -946102.12 -177819.70
V 3576 -946096.45 -177825.37
V 3584 -946088.70 -177827.45
V 3592 -945989.20 -177827.45
V 3600 -945989.20 -177867.45
V 3608 -946088.70 -177867.45
V 3616 -946096.45 -177869.53
V 3624 -946102.12 -177875.20
V 3632 -946104.20 -177882.95
V 3640 -946104.20 -177953.95
V 3648 -946102.12 -177961.70
V 3656 -946096.45 -177967.37
V 3664 -946088.70 -177969.45
V 3672 -945989.20 -177969.45
V 3680 -945989.20 -178009.45
V 3688 -946088.70 -178009.45
V 3696 -946096.45 -178011.53
V 3704 -946102.12 -178017.20
V 3712 -946104.20 -178024.95
V 3720 -946104.20 -178095.95
V 3728 -946102.12 -178103.70
V 3736 -946096.45 -178109.37
V 3744 -946088.70 -178111.45
V 3752 -945989.20 -178111.45
V 3760 -945989.20 -178151.45
V 3768 -946088.70 -178151.45
V 3776 -946096.45 -178153.53
V 3784 -946102.12 -178159.20
V 3792 -946104.20 -178166.95
V 3800 -946104.20 -178237.95
V 3808 -946102.12 -178245.70
V 3816 -946096.45 -178251.37
V 3824 -946088.70 -178253.45
V 3832 -945989.20 -178253.45
V 3840 -945989.20 -178293.45
V 3848 -946088.70 -178293.45
V 3856 -946096.45 -178295.53
V 3864 -946102.12 -178301.20
V 3872 -946104.20 -178308.95
V 3880 -946104.20 -178379.95
V 3888 -946102.12 -178387.70
V 3896 -946096.45 -178393.37
V 3904 -946088.70 -178395.45
V 3912 -946046.70 -178395.45
V 3920 -946046.70 -178404.45
V 3928 -946015.70 -178404.45
V 3936 -946015.70 -178379.95
V 3944 -946015.74 -178378.84
V 3952 -946015.86 -178377.74
V 3960 -946016.05 -178376.66
V 3968 -946016.33 -178375.58
V 3976 -946016.68 -178374.53
V 3984 -946017.10 -178373.51
V 3992 -946017.60 -178372.52
V 4000 -946018.16 -178371.57
V 4008 -946018.79 -178370.66
V 4016 -946019.49 -178369.80
V 4024 -946020.24 -178368.99
V 4032 -946021.05 -178368.24
V 4040 -946021.91 -178367.54
V 4048 -946022.82 -178366.91
V 4056 -946023.77 -178366.35
V 4064 -946024.76 -178365.85
V 4072 -946025.78 -178365.43
V 4080 -946026.83 -178365.08
V 4088 -946027.91 -178364.80
V 4096 -946028.99 -178364.61
V 4104 -946030.09 -178364.49
V 4112 -946031.20 -178364.45
V 4120 -946073.20 -178364.45
V 4128 -946073.20 -178324.45
V 4136 -945973.70 -178324.45
V 4144 -945965.95 -178322.37
V 4152 -945960.28 -178316.70
V 4160 -945958.20 -178308.95
V 4168 -945958.20 -178237.95
V 4176 -945960.28 -178230.20
V 4184 -945965.95 -178224.53
V 4192 -945973.70 -178222.45
V 4200 -946073.20 -178222.45
V 4208 -946073.20 -178182.45
V 4216 -945973.70 -178182.45
V 4224 -945965.95 -178180.37
V 4232 -945960.28 -178174.70
V 4240 -945958.20 -178166.95
V 4248 -945958.20 -178095.95
V 4256 -945960.28 -178088.20
V 4264 -945965.95 -178082.53
V 4272 -945973.70 -178080.45
V 4280 -946073.20 -178080.45
V 4288 -946073.20 -178040.45
V 4296 -945973.70 -178040.45
V 4304 -945965.95 -178038.37
V 4312 -945960.28 -178032.70
V 4320 -945958.20 -178024.95
V 4328 -945958.20 -177953.95
V 4336 -945960.28 -177946.20
V 4344 -945965.95 -177940.53
V 4352 -945973.70 -177938.45
V 4360 -946073.20 -177938.45
V 4368 -946073.20 -177898.45
V 4376 -945973.70 -177898.45
V 4384 -945965.95 -177896.37
V 4392 -945960.28 -177890.70
V 4400 -945958.20 -177882.95
V 4408 -945958.20 -177811.95
V 4416 -945960.28 -177804.20
V 4424 -945965.95 -177798.53
V 4432 -945973.70 -177796.45
V 4440 -946073.20 -177796.45
V 4448 -946073.20 -177756.45
V 4456 -945973.70 -177756.45
V 4464 -945965.95 -177754.37
V 4472 -945960.28 -177748.70
V 4480 -945958.20 -177740.95
V 4488 -945958.20 -177669.95
V 4496 -945960.28 -177662.20
V 4504 -945965.95 -177656.53
V 4512 -945973.70 -177654.45
V 4520 -946073.20 -177654.45
V 4528 -946073.20 -177614.45
V 4536 -945973.70 -177614.45
V 4544 -945965.95 -177612.37
V 4552 -945960.28 -177606.70
V 4560 -945958.20 -177598.95
V 4568 -945958.20 -177527.95
V 4576 -945960.28 -177520.20
V 4584 -945965.95 -177514.53
V 4592 -945973.70 -177512.45
V 4600 -946073.20 -177512.45
V 4608 -946073.20 -177472.45
V 4616 -945973.70 -177472.45
V 4624 -945965.95 -177470.37
V 4632 -945960.28 -177464.70
V 4640 -945958.20 -177456.95
V 4648 -945958.20 -177385.95
V 4656 -945960.28 -177378.20
V 4664 -945965.95 -177372.53
V 4672 -945973.70 -177370.45
V 4680 -946073.20 -177370.45
V 4688 -946073.20 -177330.45
V 4696 -945973.70 -177330.45
V 4704 -945965.95 -177328.37
V 4712 -945960.28 -177322.70
V 4720 -945958.20 -177314.95
V 4728 -945958.20 -177243.95
V 4736 -945960.28 -177236.20
V 4744 -945965.95 -177230.53
V 4752 -945973.70 -177228.45
V 4760 -946073.20 -177228.45
V 4768 -946073.20 -177188.45
V 4776 -945973.70 -177188.45
V 4784 -945965.95 -177186.37
V 4792 -945960.28 -177180.70
V 4800 -945958.20 -177172.95
V 4808 -945958.20 -177101.95
V 4816 -945960.28 -177094.20
V 4824 -945965.95 -177088.53
V 4832 -945973.70 -177086.45
V 4840 -946073.20 -177086.45
V 4848 -946073.20 -177046.45
V 4856 -945973.70 -177046.45
V 4864 -945965.95 -177044.37
V 4872 -945960.28 -177038.70
V 4880 -945958.20 -177030.95
V 4888 -945958.20 -176959.95
V 4896 -945960.28 -176952.20
V 4904 -945965.95 -176946.53
V 4912 -945973.70 -176944.45
V 4920 -946073.20 -176944.45
V 4928 -946073.20 -176904.45
V 4936 -945973.70 -176904.45
V 4944 -945965.95 -176902.37
V 4952 -945960.28 -176896.70
V 4960 -945958.20 -176888.95
V 4968 -945958.20 -176817.95
V 4976 -945960.28 -176810.20
V 4984 -945965.95 -176804.53
V 4992 -945973.70 -176802.45
V 5000 -946073.20 -176802.45
V 5008 -946073.20 -176762.45
V 5016 -945973.70 -176762.45
V 5024 -945965.95 -176760.37
V 5032 -945960.28 -176754.70
V 5040 -945958.20 -176746.95
V 5048 -945958.20 -176675.95
V 5056 -945960.28 -176668.20
V 5064 -945965.95 -176662.53
V 5072 -945973.70 -176660.45
V 5080 -946073.20 -176660.45
V 5088 -946073.20 -176620.45
V 5096 -945973.70 -176620.45
V 5104 -945965.95 -176618.37
V 5112 -945960.28 -176612.70
V 5120 -945958.20 -176604.95
V 5128 -945958.20 -176533.95
V 5136 -945960.28 -176526.20
V 5144 -945965.95 -176520.53
V 5152 -945973.70 -176518.45
V 5160 -946073.20 -176518.45
V 5168 -946073.20 -176478.45
V 5176 -945973.70 -176478.45
V 5184 -945965.95 -176476.37
V 5192 -945960.28 -176470.70
V 5200 -945958.20 -176462.95
V 5208 -945958.20 -176391.95
V 5216 -945960.28 -176384.20
V 5224 -945965.95 -176378.53
V 5232 -945973.70 -176376.45
V 5240 -946073.20 -176376.45
V 5248 -946073.20 -176336.45
V 5256 -945973.70 -176336.45
V 5264 -945965.95 -176334.37
V 5272 -945960.28 -176328.70
V 5280 -945958.20 -176320.95
V 5288 -945958.20 -176249.95
