V 0 1085836.69 48831.64
V 8 1085832.26 48869.68
V 16 1085832.25 48869.78
V 24 1085832.21 48869.99
V 32 1085825.39 48894.86
V 40 1085824.77 48901.76
V 48 1085824.53 48902.45
V 56 1085823.99 48902.94
V 64 1085823.28 48903.12
V 72 1085735.66 48903.12
V 80 1085735.66 48900.12
V 88 1085821.91 48900.12
V 96 1085822.42 48894.52
V 104 1085822.42 48894.46
V 112 1085822.43 48894.36
V 120 1085822.46 48894.25
V 128 1085822.47 48894.15
V 136 1085829.28 48869.30
V 144 1085833.86 48829.97
V 152 1085834.11 48829.29
V 160 1085834.65 48828.81
V 168 1085835.35 48828.64
V 176 1085839.86 48828.64
V 184 1085839.86 48831.64
