V 0 1085836.67 14300.55
V 8 1085831.49 14339.34
V 16 1085831.48 14339.37
V 24 1085826.35 14383.53
V 32 1085826.34 14383.63
V 40 1085826.30 14383.84
V 48 1085825.42 14387.02
V 56 1085825.12 14387.59
V 64 1085824.60 14387.98
V 72 1085823.97 14388.12
V 80 1085735.66 14388.12
V 88 1085735.66 14385.12
V 96 1085822.82 14385.12
V 104 1085823.37 14383.15
V 112 1085828.50 14339.05
V 120 1085828.51 14338.94
V 128 1085833.86 14298.85
V 136 1085834.12 14298.19
V 144 1085834.66 14297.72
V 152 1085835.35 14297.55
V 160 1085839.86 14297.55
V 168 1085839.86 14300.55
