V 0 1085836.72 13147.62
V 8 1085831.59 13204.07
V 16 1085831.59 13204.13
V 24 1085831.58 13204.24
V 32 1085825.52 13249.60
V 40 1085825.51 13249.63
V 48 1085823.40 13267.79
V 56 1085823.15 13268.47
V 64 1085822.61 13268.95
V 72 1085821.91 13269.12
V 80 1085735.66 13269.12
V 88 1085735.66 13266.12
V 96 1085820.57 13266.12
V 104 1085822.53 13249.31
V 112 1085822.54 13249.20
V 120 1085828.60 13203.84
V 128 1085833.86 13145.98
V 136 1085834.10 13145.29
V 144 1085834.64 13144.80
V 152 1085835.35 13144.62
V 160 1085839.86 13144.62
V 168 1085839.86 13147.62
