V 0 -433186.60 -152811.95
V 8 -433186.60 -152922.68
V 16 -433378.95 -153056.45
V 24 -433595.62 -153208.84
V 32 -433895.06 -153393.29
V 40 -433895.23 -153393.40
V 48 -433895.69 -153393.71
V 56 -433896.14 -153394.03
V 64 -433896.58 -153394.37
V 72 -434028.01 -153493.95
V 80 -434250.36 -153630.49
V 88 -434250.38 -153630.50
V 96 -434469.68 -153765.65
V 104 -434689.36 -153896.07
V 112 -434689.54 -153896.18
V 120 -434914.19 -154029.83
V 128 -435203.74 -154180.79
V 136 -435204.22 -154181.05
V 144 -435204.70 -154181.32
V 152 -435205.17 -154181.61
V 160 -435205.63 -154181.92
V 168 -435205.89 -154182.11
V 176 -435205.93 -154182.13
V 184 -435331.76 -154273.99
V 192 -435564.20 -154410.49
V 200 -435564.26 -154410.53
V 208 -435791.86 -154546.23
V 216 -436079.67 -154696.54
V 224 -436079.77 -154696.60
V 232 -436079.92 -154696.68
V 240 -436080.40 -154696.95
V 248 -436080.87 -154697.24
V 256 -436081.27 -154697.51
V 264 -436081.37 -154697.57
V 272 -436211.23 -154788.27
V 280 -436455.64 -154921.31
V 288 -436455.70 -154921.34
V 296 -436455.75 -154921.37
V 304 -436675.65 -155041.11
V 312 -436675.68 -155041.12
V 320 -436894.03 -155159.82
V 328 -437128.91 -155289.37
V 336 -437402.20 -155420.15
V 344 -437402.70 -155420.39
V 352 -437403.19 -155420.65
V 360 -437403.67 -155420.92
V 368 -437404.14 -155421.21
V 376 -437404.43 -155421.41
V 384 -437404.49 -155421.44
V 392 -437529.18 -155506.45
V 400 -437789.91 -155641.04
V 408 -437790.13 -155641.15
V 416 -438010.80 -155755.07
V 424 -438011.02 -155755.18
V 432 -438229.39 -155867.74
V 440 -438229.48 -155867.79
V 448 -438471.02 -155994.27
V 456 -438733.64 -156112.62
V 464 -438733.72 -156112.65
V 472 -438734.22 -156112.89
V 480 -438734.71 -156113.15
V 488 -438735.19 -156113.42
V 496 -438735.66 -156113.71
V 504 -438735.89 -156113.87
V 512 -438848.48 -156187.49
V 520 -439113.80 -156324.43
V 528 -439114.02 -156324.54
V 536 -439334.73 -156438.50
V 544 -439334.95 -156438.61
V 552 -439552.72 -156550.85
V 560 -439552.81 -156550.90
V 568 -439799.94 -156680.32
V 576 -440051.97 -156793.90
V 584 -440052.05 -156793.93
V 592 -440052.55 -156794.17
V 600 -440053.04 -156794.43
V 608 -440053.52 -156794.70
V 616 -440053.99 -156794.99
V 624 -440161.44 -156865.24
V 632 -440437.66 -157007.83
V 640 -440437.88 -157007.94
V 648 -440658.64 -157121.92
V 656 -440658.86 -157122.03
V 664 -440876.30 -157234.11
V 672 -440876.35 -157234.14
V 680 -440876.63 -157234.29
V 688 -441126.69 -157365.10
V 696 -441400.50 -157489.75
V 704 -441401.02 -157490.00
V 712 -441401.51 -157490.26
V 720 -441401.91 -157490.48
V 728 -441548.74 -157576.45
V 736 -441852.43 -157708.40
V 744 -442075.53 -157805.32
V 752 -442298.48 -157902.18
V 760 -442522.15 -157999.39
V 768 -442522.41 -157999.51
V 776 -442522.44 -157999.52
V 784 -442739.79 -158093.74
V 792 -442740.30 -158093.96
V 800 -442740.44 -158094.03
V 808 -443005.85 -158211.50
V 816 -443234.81 -158296.12
V 824 -443234.83 -158296.13
V 832 -443234.86 -158296.14
V 840 -443235.37 -158296.34
V 848 -443235.88 -158296.56
V 856 -443236.38 -158296.80
V 864 -443236.87 -158297.06
V 872 -443236.93 -158297.10
V 880 -443237.03 -158297.14
V 888 -443334.46 -158351.84
V 896 -443645.42 -158485.07
V 904 -444091.81 -158676.31
V 912 -444315.77 -158772.29
V 920 -444316.00 -158772.40
V 928 -444533.09 -158865.20
V 936 -444533.33 -158865.30
V 944 -444803.07 -158982.88
V 952 -445067.42 -159080.51
V 960 -445067.45 -159080.52
V 968 -445067.47 -159080.53
V 976 -445067.98 -159080.73
V 984 -445068.49 -159080.95
V 992 -445068.82 -159081.11
V 1000 -445068.87 -159081.13
V 1008 -445230.21 -159160.15
V 1016 -445581.18 -159280.27
V 1024 -445581.34 -159280.32
V 1032 -445581.68 -159280.44
V 1040 -445807.22 -159357.64
V 1048 -445807.38 -159357.69
V 1056 -445807.72 -159357.81
V 1064 -446033.31 -159435.02
V 1072 -446033.47 -159435.07
V 1080 -446033.81 -159435.19
V 1088 -446259.31 -159512.37
V 1096 -446259.47 -159512.42
V 1104 -446259.81 -159512.54
V 1112 -446485.34 -159589.74
V 1120 -446485.50 -159589.79
V 1128 -446485.84 -159589.91
V 1136 -446711.47 -159667.13
V 1144 -446711.63 -159667.18
V 1152 -446711.97 -159667.30
V 1160 -446937.29 -159744.42
V 1168 -446937.45 -159744.47
V 1176 -446937.79 -159744.59
V 1184 -447164.57 -159822.25
V 1192 -447164.73 -159822.30
V 1200 -447164.87 -159822.35
V 1208 -447381.45 -159896.21
V 1216 -447381.52 -159896.23
V 1224 -447381.82 -159896.34
V 1232 -447675.40 -159999.47
V 1240 -447999.77 -160089.72
V 1248 -447999.80 -160089.73
V 1256 -448000.34 -160089.88
V 1264 -448000.86 -160090.04
V 1272 -448218.74 -160163.78
V 1280 -448596.22 -160244.31
V 1288 -448596.42 -160244.35
V 1296 -448826.97 -160293.54
V 1304 -448827.17 -160293.58
V 1312 -449057.61 -160342.74
V 1320 -449057.81 -160342.78
V 1328 -449288.25 -160391.95
V 1336 -449288.45 -160391.99
V 1344 -449518.91 -160441.16
V 1352 -449519.11 -160441.20
V 1360 -449749.59 -160490.38
V 1368 -449749.79 -160490.42
V 1376 -449980.11 -160539.55
V 1384 -449980.14 -160539.56
V 1392 -449980.16 -160539.56
V 1400 -449980.18 -160539.57
V 1408 -450211.93 -160589.04
V 1416 -450212.10 -160589.08
V 1424 -450435.33 -160636.53
V 1432 -450435.51 -160636.56
V 1440 -450435.76 -160636.62
V 1448 -450710.33 -160696.64
V 1456 -451009.80 -160750.83
V 1464 -451268.06 -160794.97
V 1472 -451441.52 -160823.27
V 1480 -451442.21 -160823.40
V 1488 -451442.27 -160823.41
V 1496 -451442.35 -160823.43
V 1504 -451743.05 -160886.75
V 1512 -452126.56 -160931.69
V 1520 -452126.70 -160931.70
V 1528 -452127.25 -160931.77
V 1536 -452127.51 -160931.81
V 1544 -472380.69 -164370.84
V 1552 -478061.18 -165335.40
V 1560 -478061.20 -165335.40
V 1568 -478065.60 -165336.15
V 1576 -478065.62 -165336.16
V 1584 -480846.82 -165808.41
V 1592 -481103.46 -165851.99
V 1600 -481952.76 -165996.20
V 1608 -484708.58 -166464.14
V 1616 -484901.61 -166496.92
V 1624 -492698.90 -167820.92
V 1632 -492698.94 -167820.92
V 1640 -492699.90 -167821.08
V 1648 -492699.94 -167821.09
V 1656 -496861.74 -168527.77
V 1664 -498273.05 -168767.42
V 1672 -498273.10 -168767.42
V 1680 -498273.51 -168767.49
V 1688 -498273.55 -168767.50
V 1696 -512216.80 -171135.10
V 1704 -512221.00 -171135.81
V 1712 -521272.28 -172672.73
V 1720 -525917.67 -173461.54
V 1728 -525918.84 -173461.73
V 1736 -531260.66 -174368.79
V 1744 -531260.70 -174368.79
V 1752 -531261.24 -174368.88
V 1760 -531261.28 -174368.89
V 1768 -543963.79 -176525.80
V 1776 -543970.40 -176528.61
V 1784 -543975.04 -176534.09
V 1792 -543976.70 -176541.08
V 1800 -543976.70 -176731.45
V 1808 -543987.83 -176731.45
V 1816 -543988.94 -176731.49
V 1824 -543990.04 -176731.61
V 1832 -543991.12 -176731.80
V 1840 -543992.20 -176732.08
V 1848 -543993.25 -176732.43
V 1856 -543994.27 -176732.85
V 1864 -543995.26 -176733.35
V 1872 -543996.21 -176733.91
V 1880 -543997.12 -176734.54
V 1888 -543997.98 -176735.24
V 1896 -543998.79 -176735.99
V 1904 -543999.54 -176736.80
V 1912 -544000.24 -176737.66
V 1920 -544000.87 -176738.57
V 1928 -544001.43 -176739.52
V 1936 -544001.93 -176740.51
V 1944 -544002.35 -176741.53
V 1952 -544002.70 -176742.58
V 1960 -544002.98 -176743.66
V 1968 -544003.17 -176744.74
V 1976 -544003.29 -176745.84
V 1984 -544003.33 -176746.95
V 1992 -544003.33 -176817.95
V 2000 -544001.25 -176825.70
V 2008 -543995.58 -176831.37
V 2016 -543987.83 -176833.45
V 2024 -543919.20 -176833.45
V 2032 -543919.20 -176873.45
V 2040 -544018.70 -176873.45
V 2048 -544026.45 -176875.53
V 2056 -544032.12 -176881.20
V 2064 -544034.20 -176888.95
V 2072 -544034.20 -176959.95
V 2080 -544032.12 -176967.70
V 2088 -544026.45 -176973.37
V 2096 -544018.70 -176975.45
V 2104 -543919.20 -176975.45
V 2112 -543919.20 -177015.45
V 2120 -544018.70 -177015.45
V 2128 -544026.45 -177017.53
V 2136 -544032.12 -177023.20
V 2144 -544034.20 -177030.95
V 2152 -544034.20 -177101.95
V 2160 -544032.12 -177109.70
V 2168 -544026.45 -177115.37
V 2176 -544018.70 -177117.45
V 2184 -543919.20 -177117.45
V 2192 -543919.20 -177157.45
V 2200 -544018.70 -177157.45
V 2208 -544026.45 -177159.53
V 2216 -544032.12 -177165.20
V 2224 -544034.20 -177172.95
V 2232 -544034.20 -177243.95
V 2240 -544032.12 -177251.70
V 2248 -544026.45 -177257.37
V 2256 -544018.70 -177259.45
V 2264 -543919.20 -177259.45
V 2272 -543919.20 -177299.45
V 2280 -544018.70 -177299.45
V 2288 -544026.45 -177301.53
V 2296 -544032.12 -177307.20
V 2304 -544034.20 -177314.95
V 2312 -544034.20 -177385.95
V 2320 -544032.12 -177393.70
V 2328 -544026.45 -177399.37
V 2336 -544018.70 -177401.45
V 2344 -543919.20 -177401.45
V 2352 -543919.20 -177441.45
V 2360 -544018.70 -177441.45
V 2368 -544026.45 -177443.53
V 2376 -544032.12 -177449.20
V 2384 -544034.20 -177456.95
V 2392 -544034.20 -177527.95
V 2400 -544032.12 -177535.70
V 2408 -544026.45 -177541.37
V 2416 -544018.70 -177543.45
V 2424 -543919.20 -177543.45
V 2432 -543919.20 -177583.45
V 2440 -544018.70 -177583.45
V 2448 -544026.45 -177585.53
V 2456 -544032.12 -177591.20
V 2464 -544034.20 -177598.95
V 2472 -544034.20 -177669.95
V 2480 -544032.12 -177677.70
V 2488 -544026.45 -177683.37
V 2496 -544018.70 -177685.45
V 2504 -543919.20 -177685.45
V 2512 -543919.20 -177725.45
V 2520 -544018.70 -177725.45
V 2528 -544026.45 -177727.53
V 2536 -544032.12 -177733.20
V 2544 -544034.20 -177740.95
V 2552 -544034.20 -177811.95
V 2560 -544032.12 -177819.70
V 2568 -544026.45 -177825.37
V 2576 -544018.70 -177827.45
V 2584 -543919.20 -177827.45
V 2592 -543919.20 -177867.45
V 2600 -544018.70 -177867.45
V 2608 -544026.45 -177869.53
V 2616 -544032.12 -177875.20
V 2624 -544034.20 -177882.95
V 2632 -544034.20 -177953.95
V 2640 -544032.12 -177961.70
V 2648 -544026.45 -177967.37
V 2656 -544018.70 -177969.45
V 2664 -543919.20 -177969.45
V 2672 -543919.20 -178009.45
V 2680 -544018.70 -178009.45
V 2688 -544026.45 -178011.53
V 2696 -544032.12 -178017.20
V 2704 -544034.20 -178024.95
V 2712 -544034.20 -178095.95
V 2720 -544032.12 -178103.70
V 2728 -544026.45 -178109.37
V 2736 -544018.70 -178111.45
V 2744 -543919.20 -178111.45
V 2752 -543919.20 -178151.45
V 2760 -544018.70 -178151.45
V 2768 -544026.45 -178153.53
V 2776 -544032.12 -178159.20
V 2784 -544034.20 -178166.95
V 2792 -544034.20 -178237.95
V 2800 -544032.12 -178245.70
V 2808 -544026.45 -178251.37
V 2816 -544018.70 -178253.45
V 2824 -543919.20 -178253.45
V 2832 -543919.20 -178293.45
V 2840 -544018.70 -178293.45
V 2848 -544026.45 -178295.53
V 2856 -544032.12 -178301.20
V 2864 -544034.20 -178308.95
V 2872 -544034.20 -178379.95
V 2880 -544032.12 -178387.70
V 2888 -544026.45 -178393.37
V 2896 -544018.70 -178395.45
V 2904 -543976.70 -178395.45
V 2912 -543976.70 -178404.45
V 2920 -543945.70 -178404.45
V 2928 -543945.70 -178379.95
V 2936 -543945.74 -178378.84
V 2944 -543945.86 -178377.74
V 2952 -543946.05 -178376.66
V 2960 -543946.33 -178375.58
V 2968 -543946.68 -178374.53
V 2976 -543947.10 -178373.51
V 2984 -543947.60 -178372.52
V 2992 -543948.16 -178371.57
V 3000 -543948.79 -178370.66
V 3008 -543949.49 -178369.80
V 3016 -543950.24 -178368.99
V 3024 -543951.05 -178368.24
V 3032 -543951.91 -178367.54
V 3040 -543952.82 -178366.91
V 3048 -543953.77 -178366.35
V 3056 -543954.76 -178365.85
V 3064 -543955.78 -178365.43
V 3072 -543956.83 -178365.08
V 3080 -543957.91 -178364.80
V 3088 -543958.99 -178364.61
V 3096 -543960.09 -178364.49
V 3104 -543961.20 -178364.45
V 3112 -544003.20 -178364.45
V 3120 -544003.20 -178324.45
V 3128 -543903.70 -178324.45
V 3136 -543895.95 -178322.37
V 3144 -543890.28 -178316.70
V 3152 -543888.20 -178308.95
V 3160 -543888.20 -178237.95
V 3168 -543890.28 -178230.20
V 3176 -543895.95 -178224.53
V 3184 -543903.70 -178222.45
V 3192 -544003.20 -178222.45
V 3200 -544003.20 -178182.45
V 3208 -543903.70 -178182.45
V 3216 -543895.95 -178180.37
V 3224 -543890.28 -178174.70
V 3232 -543888.20 -178166.95
V 3240 -543888.20 -178095.95
V 3248 -543890.28 -178088.20
V 3256 -543895.95 -178082.53
V 3264 -543903.70 -178080.45
V 3272 -544003.20 -178080.45
V 3280 -544003.20 -178040.45
V 3288 -543903.70 -178040.45
V 3296 -543895.95 -178038.37
V 3304 -543890.28 -178032.70
V 3312 -543888.20 -178024.95
V 3320 -543888.20 -177953.95
V 3328 -543890.28 -177946.20
V 3336 -543895.95 -177940.53
V 3344 -543903.70 -177938.45
V 3352 -544003.20 -177938.45
V 3360 -544003.20 -177898.45
V 3368 -543903.70 -177898.45
V 3376 -543895.95 -177896.37
V 3384 -543890.28 -177890.70
V 3392 -543888.20 -177882.95
V 3400 -543888.20 -177811.95
V 3408 -543890.28 -177804.20
V 3416 -543895.95 -177798.53
V 3424 -543903.70 -177796.45
V 3432 -544003.20 -177796.45
V 3440 -544003.20 -177756.45
V 3448 -543903.70 -177756.45
V 3456 -543895.95 -177754.37
V 3464 -543890.28 -177748.70
V 3472 -543888.20 -177740.95
V 3480 -543888.20 -177669.95
V 3488 -543890.28 -177662.20
V 3496 -543895.95 -177656.53
V 3504 -543903.70 -177654.45
V 3512 -544003.20 -177654.45
V 3520 -544003.20 -177614.45
V 3528 -543903.70 -177614.45
V 3536 -543895.95 -177612.37
V 3544 -543890.28 -177606.70
V 3552 -543888.20 -177598.95
V 3560 -543888.20 -177527.95
V 3568 -543890.28 -177520.20
V 3576 -543895.95 -177514.53
V 3584 -543903.70 -177512.45
V 3592 -544003.20 -177512.45
V 3600 -544003.20 -177472.45
V 3608 -543903.70 -177472.45
V 3616 -543895.95 -177470.37
V 3624 -543890.28 -177464.70
V 3632 -543888.20 -177456.95
V 3640 -543888.20 -177385.95
V 3648 -543890.28 -177378.20
V 3656 -543895.95 -177372.53
V 3664 -543903.70 -177370.45
V 3672 -544003.20 -177370.45
V 3680 -544003.20 -177330.45
V 3688 -543903.70 -177330.45
V 3696 -543895.95 -177328.37
V 3704 -543890.28 -177322.70
V 3712 -543888.20 -177314.95
V 3720 -543888.20 -177243.95
V 3728 -543890.28 -177236.20
V 3736 -543895.95 -177230.53
V 3744 -543903.70 -177228.45
V 3752 -544003.20 -177228.45
V 3760 -544003.20 -177188.45
V 3768 -543903.70 -177188.45
V 3776 -543895.95 -177186.37
V 3784 -543890.28 -177180.70
V 3792 -543888.20 -177172.95
V 3800 -543888.20 -177101.95
V 3808 -543890.28 -177094.20
V 3816 -543895.95 -177088.53
V 3824 -543903.70 -177086.45
V 3832 -544003.20 -177086.45
V 3840 -544003.20 -177046.45
V 3848 -543903.70 -177046.45
V 3856 -543895.95 -177044.37
V 3864 -543890.28 -177038.70
V 3872 -543888.20 -177030.95
V 3880 -543888.20 -176959.95
V 3888 -543890.28 -176952.20
V 3896 -543895.95 -176946.53
V 3904 -543903.70 -176944.45
V 3912 -544003.20 -176944.45
V 3920 -544003.20 -176904.45
V 3928 -543903.70 -176904.45
V 3936 -543895.95 -176902.37
V 3944 -543890.28 -176896.70
V 3952 -543888.20 -176888.95
V 3960 -543888.20 -176817.95
V 3968 -543890.28 -176810.20
V 3976 -543895.95 -176804.53
V 3984 -543903.70 -176802.45
V 3992 -543972.33 -176802.45
V 4000 -543972.33 -176762.45
V 4008 -543961.20 -176762.45
V 4016 -543960.09 -176762.41
V 4024 -543958.99 -176762.29
V 4032 -543957.91 -176762.10
V 4040 -543956.83 -176761.82
V 4048 -543955.78 -176761.47
V 4056 -543954.76 -176761.05
V 4064 -543953.77 -176760.55
V 4072 -543952.82 -176759.99
V 4080 -543951.91 -176759.36
V 4088 -543951.05 -176758.66
V 4096 -543950.24 -176757.91
V 4104 -543949.49 -176757.10
V 4112 -543948.79 -176756.24
V 4120 -543948.16 -176755.33
V 4128 -543947.60 -176754.38
V 4136 -543947.10 -176753.39
V 4144 -543946.68 -176752.37
V 4152 -543946.33 -176751.32
V 4160 -543946.05 -176750.24
V 4168 -543945.86 -176749.16
V 4176 -543945.74 -176748.06
V 4184 -543945.70 -176746.95
V 4192 -543945.70 -176554.17
V 4200 -531256.18 -174399.46
V 4208 -531256.14 -174399.46
V 4216 -531255.60 -174399.37
V 4224 -531255.56 -174399.36
V 4232 -525913.74 -173492.30
V 4240 -525912.51 -173492.10
V 4248 -521267.10 -172703.29
V 4256 -512215.82 -171166.37
V 4264 -512211.62 -171165.66
V 4272 -498268.34 -168798.05
V 4280 -498268.29 -168798.05
V 4288 -498267.88 -168797.98
V 4296 -498267.84 -168797.97
V 4304 -492694.84 -167851.66
V 4312 -492694.80 -167851.66
V 4320 -492693.84 -167851.50
V 4328 -492693.80 -167851.49
V 4336 -484896.41 -166527.48
V 4344 -484703.38 -166494.70
V 4352 -481947.58 -166026.76
V 4360 -481098.28 -165882.55
V 4368 -480841.64 -165838.97
V 4376 -478060.42 -165366.71
V 4384 -478060.40 -165366.71
V 4392 -478056.00 -165365.96
V 4400 -478055.98 -165365.95
V 4408 -476202.14 -165051.17
V 4416 -472375.51 -164401.40
V 4424 -452122.78 -160962.45
V 4432 -451738.95 -160917.47
V 4440 -451738.81 -160917.46
V 4448 -451738.26 -160917.39
V 4456 -451737.72 -160917.30
V 4464 -451737.22 -160917.21
V 4472 -451737.14 -160917.19
V 4480 -451436.20 -160853.82
V 4488 -451263.06 -160825.57
V 4496 -451262.95 -160825.55
V 4504 -451004.58 -160781.39
V 4512 -451004.43 -160781.36
V 4520 -450704.54 -160727.09
V 4528 -450704.41 -160727.06
V 4536 -450704.01 -160726.99
V 4544 -450703.76 -160726.93
V 4552 -450429.10 -160666.89
V 4560 -450428.93 -160666.86
V 4568 -450428.76 -160666.82
V 4576 -450205.53 -160619.37
V 4584 -450205.40 -160619.35
V 4592 -450205.37 -160619.34
V 4600 -450205.35 -160619.34
V 4608 -450205.33 -160619.33
V 4616 -449973.58 -160569.86
V 4624 -449973.48 -160569.84
V 4632 -449743.21 -160520.72
V 4640 -449743.01 -160520.68
V 4648 -449512.53 -160471.50
V 4656 -449512.33 -160471.46
V 4664 -449281.87 -160422.29
V 4672 -449281.67 -160422.25
V 4680 -449051.23 -160373.08
V 4688 -449051.03 -160373.04
V 4696 -448820.59 -160323.88
V 4704 -448820.39 -160323.84
V 4712 -448589.84 -160274.65
V 4720 -448589.64 -160274.61
V 4728 -448211.45 -160193.92
V 4736 -448211.35 -160193.90
V 4744 -448210.81 -160193.77
V 4752 -448210.27 -160193.62
V 4760 -448209.75 -160193.46
V 4768 -447991.36 -160119.55
V 4776 -447666.93 -160029.29
V 4784 -447666.90 -160029.28
V 4792 -447666.36 -160029.13
V 4800 -447665.84 -160028.97
V 4808 -447665.54 -160028.86
V 4816 -447371.79 -159925.67
V 4824 -447371.74 -159925.65
V 4832 -447371.60 -159925.60
V 4840 -447155.02 -159851.74
V 4848 -447154.95 -159851.72
V 4856 -447154.61 -159851.60
V 4864 -446927.83 -159773.94
V 4872 -446927.67 -159773.89
V 4880 -446927.33 -159773.77
V 4888 -446702.01 -159696.65
V 4896 -446701.85 -159696.60
V 4904 -446701.51 -159696.48
V 4912 -446475.88 -159619.26
V 4920 -446475.72 -159619.21
V 4928 -446475.38 -159619.09
V 4936 -446249.85 -159541.89
V 4944 -446249.69 -159541.84
V 4952 -446249.35 -159541.72
V 4960 -446023.85 -159464.54
V 4968 -446023.69 -159464.49
V 4976 -446023.35 -159464.37
V 4984 -445797.76 -159387.16
V 4992 -445797.60 -159387.11
V 5000 -445797.26 -159386.99
V 5008 -445571.72 -159309.79
V 5016 -445571.56 -159309.74
V 5024 -445571.22 -159309.62
V 5032 -445219.50 -159189.24
V 5040 -445219.34 -159189.19
V 5048 -445218.81 -159189.00
V 5056 -445218.30 -159188.80
V 5064 -445217.79 -159188.58
V 5072 -445217.44 -159188.41
V 5080 -445217.41 -159188.40
V 5088 -445055.93 -159109.31
V 5096 -444791.92 -159011.81
V 5104 -444791.36 -159011.59
V 5112 -444791.10 -159011.48
V 5120 -444521.02 -158893.75
V 5128 -444520.87 -158893.68
V 5136 -444303.78 -158800.88
V 5144 -444303.73 -158800.86
V 5152 -444303.57 -158800.79
V 5160 -444303.55 -158800.79
V 5168 -444079.59 -158704.81
V 5176 -443856.48 -158609.22
V 5184 -443633.22 -158513.57
V 5192 -443321.46 -158380.00
V 5200 -443321.40 -158379.97
V 5208 -443321.12 -158379.85
V 5216 -443320.62 -158379.61
V 5224 -443320.11 -158379.34
V 5232 -443319.97 -158379.27
V 5240 -443222.89 -158324.76
V 5248 -442994.72 -158240.44
V 5256 -442994.67 -158240.42
V 5264 -442994.16 -158240.22
V 5272 -442993.65 -158240.00
V 5280 -442993.51 -158239.93
V 5288 -442727.89 -158122.36
V 5296 -442727.42 -158122.16
V 5304 -442727.39 -158122.15
V 5312 -442510.04 -158027.93
V 5320 -442509.81 -158027.83
V 5328 -442509.79 -158027.83
V 5336 -442286.12 -157930.62
V 5344 -442063.17 -157833.76
V 5352 -441840.07 -157736.84
V 5360 -441535.55 -157604.53
V 5368 -441535.45 -157604.48
V 5376 -441535.29 -157604.41
V 5384 -441534.79 -157604.17
V 5392 -441534.30 -157603.91
V 5400 -441533.90 -157603.69
V 5408 -441386.93 -157517.64
V 5416 -441113.57 -157393.19
V 5424 -441113.07 -157392.95
V 5432 -441112.56 -157392.68
V 5440 -440862.36 -157261.80
V 5448 -440862.10 -157261.67
V 5456 -440644.66 -157149.59
V 5464 -440423.84 -157035.58
V 5472 -440423.68 -157035.50
V 5480 -440146.69 -156892.51
V 5488 -440146.53 -156892.43
V 5496 -440146.20 -156892.25
V 5504 -440145.72 -156891.98
V 5512 -440145.25 -156891.69
V 5520 -440038.16 -156821.67
V 5528 -439786.81 -156708.40
V 5536 -439786.73 -156708.37
V 5544 -439786.23 -156708.13
V 5552 -439786.04 -156708.03
V 5560 -439785.98 -156708.00
V 5568 -439538.52 -156578.41
V 5576 -439320.75 -156466.17
V 5584 -439099.98 -156352.18
V 5592 -439099.82 -156352.10
V 5600 -438833.73 -156214.76
V 5608 -438833.57 -156214.68
V 5616 -438833.24 -156214.50
V 5624 -438832.76 -156214.23
V 5632 -438832.29 -156213.94
V 5640 -438832.06 -156213.78
V 5648 -438719.83 -156140.39
V 5656 -438457.89 -156022.35
V 5664 -438457.81 -156022.32
V 5672 -438457.31 -156022.08
V 5680 -438457.12 -156021.98
V 5688 -438457.06 -156021.95
V 5696 -438215.19 -155895.30
V 5704 -437996.82 -155782.74
V 5712 -437776.09 -155668.79
V 5720 -437775.93 -155668.71
V 5728 -437514.26 -155533.63
V 5736 -437514.10 -155533.55
V 5744 -437513.77 -155533.37
V 5752 -437513.29 -155533.10
V 5760 -437512.82 -155532.81
V 5768 -437512.54 -155532.62
V 5776 -437512.47 -155532.58
V 5784 -437387.98 -155447.71
V 5792 -437115.35 -155317.25
V 5800 -437114.85 -155317.01
V 5808 -437114.40 -155316.77
V 5816 -437114.30 -155316.72
V 5824 -436879.23 -155187.06
V 5832 -436660.88 -155068.36
V 5840 -436660.85 -155068.34
V 5848 -436660.80 -155068.31
V 5856 -436440.90 -154948.57
V 5864 -436440.84 -154948.54
V 5872 -436440.79 -154948.51
V 5880 -436195.63 -154815.06
V 5888 -436195.57 -154815.03
V 5896 -436195.09 -154814.76
V 5904 -436194.62 -154814.47
V 5912 -436194.23 -154814.21
V 5920 -436194.12 -154814.14
V 5928 -436064.42 -154723.55
V 5936 -435777.19 -154573.55
V 5944 -435776.98 -154573.43
V 5952 -435776.94 -154573.41
V 5960 -435776.46 -154573.14
V 5968 -435548.50 -154437.23
V 5976 -435315.42 -154300.35
V 5984 -435315.35 -154300.30
V 5992 -435314.89 -154300.02
V 6000 -435314.43 -154299.71
V 6008 -435314.19 -154299.54
V 6016 -435314.13 -154299.50
V 6024 -435188.57 -154207.84
V 6032 -434899.71 -154057.24
V 6040 -434899.49 -154057.12
V 6048 -434899.42 -154057.08
V 6056 -434899.23 -154056.98
V 6064 -434898.75 -154056.71
V 6072 -434898.57 -154056.60
V 6080 -434673.66 -153922.80
V 6088 -434673.54 -153922.73
V 6096 -434453.42 -153792.05
V 6104 -434234.12 -153656.90
V 6112 -434011.13 -153519.97
V 6120 -434010.91 -153519.83
V 6128 -434010.45 -153519.52
V 6136 -434010.00 -153519.20
V 6144 -434009.56 -153518.86
V 6152 -433878.14 -153419.28
V 6160 -433578.95 -153234.99
V 6168 -433578.70 -153234.83
V 6176 -433578.41 -153234.63
V 6184 -433578.16 -153234.47
V 6192 -433361.25 -153081.91
V 6200 -433162.25 -152943.52
V 6208 -433157.36 -152937.97
V 6216 -433155.60 -152930.79
V 6224 -433155.60 -152811.95
