V 0 1088195.86 -69797.88
V 8 1088173.22 -69741.01
V 16 1088173.17 -69740.90
V 24 1088173.14 -69740.81
V 32 1088152.68 -69697.46
V 40 1088139.53 -69673.70
V 48 1088138.98 -69673.14
V 56 1088138.22 -69672.93
V 64 1088022.50 -69672.93
V 72 1088022.40 -69672.94
V 80 1088022.13 -69673.00
V 88 1088016.66 -69674.84
V 96 1088017.62 -69677.68
V 104 1088022.83 -69675.93
V 112 1088137.34 -69675.93
V 120 1088149.96 -69698.74
V 128 1088170.42 -69742.09
V 136 1088170.44 -69742.12
V 144 1088193.46 -69799.93
V 152 1088193.78 -69800.43
V 160 1088194.27 -69800.76
V 168 1088194.85 -69800.88
V 176 1088199.36 -69800.88
V 184 1088199.36 -69797.88
