V 0 -463629.00 -157719.35
V 8 -463629.00 -157730.78
V 16 -463815.09 -157762.38
V 24 -464047.38 -157801.82
V 32 -464768.77 -157924.32
V 40 -467374.42 -158366.76
V 48 -469866.01 -158789.84
V 56 -469947.62 -158803.70
V 64 -473862.49 -159468.45
V 72 -474455.10 -159569.08
V 80 -477056.65 -160010.82
V 88 -477057.10 -160010.90
V 96 -477057.23 -160010.93
V 104 -477520.91 -160089.66
V 112 -478913.42 -160326.11
V 120 -478913.49 -160326.12
V 128 -478915.04 -160326.38
V 136 -478915.11 -160326.40
V 144 -481270.61 -160726.36
V 152 -481954.10 -160842.42
V 160 -482803.40 -160986.64
V 168 -485559.20 -161454.58
V 176 -485752.24 -161487.35
V 184 -493548.97 -162811.26
V 192 -493549.93 -162811.42
V 200 -493550.00 -162811.43
V 208 -497729.33 -163521.09
V 216 -497756.35 -163525.68
V 224 -499123.94 -163757.89
V 232 -499124.01 -163757.90
V 240 -499124.71 -163758.02
V 248 -499124.78 -163758.04
V 256 -513067.64 -166125.56
V 264 -513067.71 -166125.57
V 272 -513071.91 -166126.29
V 280 -513071.98 -166126.31
V 288 -522122.91 -167663.17
V 296 -526768.14 -168451.94
V 304 -526769.41 -168452.16
V 312 -532111.41 -169359.24
V 320 -532112.02 -169359.34
V 328 -532112.11 -169359.36
V 336 -552322.27 -172791.09
V 344 -552322.31 -172791.09
V 352 -552322.79 -172791.17
V 360 -552322.83 -172791.18
V 368 -554951.78 -173237.58
V 376 -555442.36 -173320.88
V 384 -563004.36 -174604.93
V 392 -563004.52 -174604.96
V 400 -563004.54 -174604.96
V 408 -563009.33 -174605.77
V 416 -563009.35 -174605.77
V 424 -563648.79 -174714.35
V 432 -563655.40 -174717.16
V 440 -563660.04 -174722.64
V 448 -563661.70 -174729.63
V 456 -563661.70 -174829.95
V 464 -563659.62 -174837.70
V 472 -563653.95 -174843.37
V 480 -563646.20 -174845.45
V 488 -563630.69 -174845.45
V 496 -563630.69 -174885.45
V 504 -563703.70 -174885.45
V 512 -563711.45 -174887.53
V 520 -563717.12 -174893.20
V 528 -563719.20 -174900.95
V 536 -563719.20 -174971.95
V 544 -563717.12 -174979.70
V 552 -563711.45 -174985.37
V 560 -563703.70 -174987.45
V 568 -563604.20 -174987.45
V 576 -563604.20 -175027.45
V 584 -563703.70 -175027.45
V 592 -563711.45 -175029.53
V 600 -563717.12 -175035.20
V 608 -563719.20 -175042.95
V 616 -563719.20 -175113.95
V 624 -563717.12 -175121.70
V 632 -563711.45 -175127.37
V 640 -563703.70 -175129.45
V 648 -563604.20 -175129.45
V 656 -563604.20 -175169.45
V 664 -563703.70 -175169.45
V 672 -563711.45 -175171.53
V 680 -563717.12 -175177.20
V 688 -563719.20 -175184.95
V 696 -563719.20 -175255.95
V 704 -563717.12 -175263.70
V 712 -563711.45 -175269.37
V 720 -563703.70 -175271.45
V 728 -563604.20 -175271.45
V 736 -563604.20 -175311.45
V 744 -563703.70 -175311.45
V 752 -563711.45 -175313.53
V 760 -563717.12 -175319.20
V 768 -563719.20 -175326.95
V 776 -563719.20 -175397.95
V 784 -563717.12 -175405.70
V 792 -563711.45 -175411.37
V 800 -563703.70 -175413.45
V 808 -563604.20 -175413.45
V 816 -563604.20 -175453.45
V 824 -563703.70 -175453.45
V 832 -563711.45 -175455.53
V 840 -563717.12 -175461.20
V 848 -563719.20 -175468.95
V 856 -563719.20 -175539.95
V 864 -563717.12 -175547.70
V 872 -563711.45 -175553.37
V 880 -563703.70 -175555.45
V 888 -563604.20 -175555.45
V 896 -563604.20 -175595.45
V 904 -563703.70 -175595.45
V 912 -563711.45 -175597.53
V 920 -563717.12 -175603.20
V 928 -563719.20 -175610.95
V 936 -563719.20 -175681.95
V 944 -563717.12 -175689.70
V 952 -563711.45 -175695.37
V 960 -563703.70 -175697.45
V 968 -563604.20 -175697.45
V 976 -563604.20 -175737.45
V 984 -563703.70 -175737.45
V 992 -563711.45 -175739.53
V 1000 -563717.12 -175745.20
V 1008 -563719.20 -175752.95
V 1016 -563719.20 -175823.95
V 1024 -563717.12 -175831.70
V 1032 -563711.45 -175837.37
V 1040 -563703.70 -175839.45
V 1048 -563604.20 -175839.45
V 1056 -563604.20 -175879.45
V 1064 -563703.70 -175879.45
V 1072 -563711.45 -175881.53
V 1080 -563717.12 -175887.20
V 1088 -563719.20 -175894.95
V 1096 -563719.20 -175965.95
V 1104 -563717.12 -175973.70
V 1112 -563711.45 -175979.37
V 1120 -563703.70 -175981.45
V 1128 -563604.20 -175981.45
V 1136 -563604.20 -176021.45
V 1144 -563703.70 -176021.45
V 1152 -563711.45 -176023.53
V 1160 -563717.12 -176029.20
V 1168 -563719.20 -176036.95
V 1176 -563719.20 -176107.95
V 1184 -563717.12 -176115.70
V 1192 -563711.45 -176121.37
V 1200 -563703.70 -176123.45
V 1208 -563604.20 -176123.45
V 1216 -563604.20 -176163.45
V 1224 -563703.70 -176163.45
V 1232 -563711.45 -176165.53
V 1240 -563717.12 -176171.20
V 1248 -563719.20 -176178.95
V 1256 -563719.20 -176249.95
V 1264 -563717.12 -176257.70
V 1272 -563711.45 -176263.37
V 1280 -563703.70 -176265.45
V 1288 -563604.20 -176265.45
V 1296 -563604.20 -176305.45
V 1304 -563703.70 -176305.45
V 1312 -563711.45 -176307.53
V 1320 -563717.12 -176313.20
V 1328 -563719.20 -176320.95
V 1336 -563719.20 -176391.95
V 1344 -563717.12 -176399.70
V 1352 -563711.45 -176405.37
V 1360 -563703.70 -176407.45
V 1368 -563604.20 -176407.45
V 1376 -563604.20 -176447.45
V 1384 -563703.70 -176447.45
V 1392 -563711.45 -176449.53
V 1400 -563717.12 -176455.20
V 1408 -563719.20 -176462.95
V 1416 -563719.20 -176533.95
V 1424 -563717.12 -176541.70
V 1432 -563711.45 -176547.37
V 1440 -563703.70 -176549.45
V 1448 -563604.20 -176549.45
V 1456 -563604.20 -176589.45
V 1464 -563703.70 -176589.45
V 1472 -563711.45 -176591.53
V 1480 -563717.12 -176597.20
V 1488 -563719.20 -176604.95
V 1496 -563719.20 -176675.95
V 1504 -563717.12 -176683.70
V 1512 -563711.45 -176689.37
V 1520 -563703.70 -176691.45
V 1528 -563604.20 -176691.45
V 1536 -563604.20 -176731.45
V 1544 -563703.70 -176731.45
V 1552 -563711.45 -176733.53
V 1560 -563717.12 -176739.20
V 1568 -563719.20 -176746.95
V 1576 -563719.20 -176817.95
V 1584 -563717.12 -176825.70
V 1592 -563711.45 -176831.37
V 1600 -563703.70 -176833.45
V 1608 -563604.20 -176833.45
V 1616 -563604.20 -176873.45
V 1624 -563703.70 -176873.45
V 1632 -563711.45 -176875.53
V 1640 -563717.12 -176881.20
V 1648 -563719.20 -176888.95
V 1656 -563719.20 -176959.95
V 1664 -563717.12 -176967.70
V 1672 -563711.45 -176973.37
V 1680 -563703.70 -176975.45
V 1688 -563604.20 -176975.45
V 1696 -563604.20 -177015.45
V 1704 -563703.70 -177015.45
V 1712 -563711.45 -177017.53
V 1720 -563717.12 -177023.20
V 1728 -563719.20 -177030.95
V 1736 -563719.20 -177101.95
V 1744 -563717.12 -177109.70
V 1752 -563711.45 -177115.37
V 1760 -563703.70 -177117.45
V 1768 -563604.20 -177117.45
V 1776 -563604.20 -177157.45
V 1784 -563703.70 -177157.45
V 1792 -563711.45 -177159.53
V 1800 -563717.12 -177165.20
V 1808 -563719.20 -177172.95
V 1816 -563719.20 -177243.95
V 1824 -563717.12 -177251.70
V 1832 -563711.45 -177257.37
V 1840 -563703.70 -177259.45
V 1848 -563604.20 -177259.45
V 1856 -563604.20 -177299.45
V 1864 -563703.70 -177299.45
V 1872 -563711.45 -177301.53
V 1880 -563717.12 -177307.20
V 1888 -563719.20 -177314.95
V 1896 -563719.20 -177385.95
V 1904 -563717.12 -177393.70
V 1912 -563711.45 -177399.37
V 1920 -563703.70 -177401.45
V 1928 -563604.20 -177401.45
V 1936 -563604.20 -177441.45
V 1944 -563703.70 -177441.45
V 1952 -563711.45 -177443.53
V 1960 -563717.12 -177449.20
V 1968 -563719.20 -177456.95
V 1976 -563719.20 -177527.95
V 1984 -563717.12 -177535.70
V 1992 -563711.45 -177541.37
V 2000 -563703.70 -177543.45
V 2008 -563604.20 -177543.45
V 2016 -563604.20 -177583.45
V 2024 -563703.70 -177583.45
V 2032 -563711.45 -177585.53
V 2040 -563717.12 -177591.20
V 2048 -563719.20 -177598.95
V 2056 -563719.20 -177669.95
V 2064 -563717.12 -177677.70
V 2072 -563711.45 -177683.37
V 2080 -563703.70 -177685.45
V 2088 -563604.20 -177685.45
V 2096 -563604.20 -177725.45
V 2104 -563703.70 -177725.45
V 2112 -563711.45 -177727.53
V 2120 -563717.12 -177733.20
V 2128 -563719.20 -177740.95
V 2136 -563719.20 -177811.95
V 2144 -563717.12 -177819.70
V 2152 -563711.45 -177825.37
V 2160 -563703.70 -177827.45
V 2168 -563604.20 -177827.45
V 2176 -563604.20 -177867.45
V 2184 -563703.70 -177867.45
V 2192 -563711.45 -177869.53
V 2200 -563717.12 -177875.20
V 2208 -563719.20 -177882.95
V 2216 -563719.20 -177953.95
V 2224 -563717.12 -177961.70
V 2232 -563711.45 -177967.37
V 2240 -563703.70 -177969.45
V 2248 -563604.20 -177969.45
V 2256 -563604.20 -178009.45
V 2264 -563703.70 -178009.45
V 2272 -563711.45 -178011.53
V 2280 -563717.12 -178017.20
V 2288 -563719.20 -178024.95
V 2296 -563719.20 -178095.95
V 2304 -563717.12 -178103.70
V 2312 -563711.45 -178109.37
V 2320 -563703.70 -178111.45
V 2328 -563604.20 -178111.45
V 2336 -563604.20 -178151.45
V 2344 -563703.70 -178151.45
V 2352 -563711.45 -178153.53
V 2360 -563717.12 -178159.20
V 2368 -563719.20 -178166.95
V 2376 -563719.20 -178237.95
V 2384 -563717.12 -178245.70
V 2392 -563711.45 -178251.37
V 2400 -563703.70 -178253.45
V 2408 -563604.20 -178253.45
V 2416 -563604.20 -178293.45
V 2424 -563703.70 -178293.45
V 2432 -563711.45 -178295.53
V 2440 -563717.12 -178301.20
V 2448 -563719.20 -178308.95
V 2456 -563719.20 -178379.95
V 2464 -563717.12 -178387.70
V 2472 -563711.45 -178393.37
V 2480 -563703.70 -178395.45
V 2488 -563661.70 -178395.45
V 2496 -563661.70 -178404.45
V 2504 -563630.70 -178404.45
V 2512 -563630.70 -178379.95
V 2520 -563630.74 -178378.84
V 2528 -563630.86 -178377.74
V 2536 -563631.05 -178376.66
V 2544 -563631.33 -178375.58
V 2552 -563631.68 -178374.53
V 2560 -563632.10 -178373.51
V 2568 -563632.60 -178372.52
V 2576 -563633.16 -178371.57
V 2584 -563633.79 -178370.66
V 2592 -563634.49 -178369.80
V 2600 -563635.24 -178368.99
V 2608 -563636.05 -178368.24
V 2616 -563636.91 -178367.54
V 2624 -563637.82 -178366.91
V 2632 -563638.77 -178366.35
V 2640 -563639.76 -178365.85
V 2648 -563640.78 -178365.43
V 2656 -563641.83 -178365.08
V 2664 -563642.91 -178364.80
V 2672 -563643.99 -178364.61
V 2680 -563645.09 -178364.49
V 2688 -563646.20 -178364.45
V 2696 -563688.20 -178364.45
V 2704 -563688.20 -178324.45
V 2712 -563588.70 -178324.45
V 2720 -563580.95 -178322.37
V 2728 -563575.28 -178316.70
V 2736 -563573.20 -178308.95
V 2744 -563573.20 -178237.95
V 2752 -563575.28 -178230.20
V 2760 -563580.95 -178224.53
V 2768 -563588.70 -178222.45
V 2776 -563688.20 -178222.45
V 2784 -563688.20 -178182.45
V 2792 -563588.70 -178182.45
V 2800 -563580.95 -178180.37
V 2808 -563575.28 -178174.70
V 2816 -563573.20 -178166.95
V 2824 -563573.20 -178095.95
V 2832 -563575.28 -178088.20
V 2840 -563580.95 -178082.53
V 2848 -563588.70 -178080.45
V 2856 -563688.20 -178080.45
V 2864 -563688.20 -178040.45
V 2872 -563588.70 -178040.45
V 2880 -563580.95 -178038.37
V 2888 -563575.28 -178032.70
V 2896 -563573.20 -178024.95
V 2904 -563573.20 -177953.95
V 2912 -563575.28 -177946.20
V 2920 -563580.95 -177940.53
V 2928 -563588.70 -177938.45
V 2936 -563688.20 -177938.45
V 2944 -563688.20 -177898.45
V 2952 -563588.70 -177898.45
V 2960 -563580.95 -177896.37
V 2968 -563575.28 -177890.70
V 2976 -563573.20 -177882.95
V 2984 -563573.20 -177811.95
V 2992 -563575.28 -177804.20
V 3000 -563580.95 -177798.53
V 3008 -563588.70 -177796.45
V 3016 -563688.20 -177796.45
V 3024 -563688.20 -177756.45
V 3032 -563588.70 -177756.45
V 3040 -563580.95 -177754.37
V 3048 -563575.28 -177748.70
V 3056 -563573.20 -177740.95
V 3064 -563573.20 -177669.95
V 3072 -563575.28 -177662.20
V 3080 -563580.95 -177656.53
V 3088 -563588.70 -177654.45
V 3096 -563688.20 -177654.45
V 3104 -563688.20 -177614.45
V 3112 -563588.70 -177614.45
V 3120 -563580.95 -177612.37
V 3128 -563575.28 -177606.70
V 3136 -563573.20 -177598.95
V 3144 -563573.20 -177527.95
V 3152 -563575.28 -177520.20
V 3160 -563580.95 -177514.53
V 3168 -563588.70 -177512.45
V 3176 -563688.20 -177512.45
V 3184 -563688.20 -177472.45
V 3192 -563588.70 -177472.45
V 3200 -563580.95 -177470.37
V 3208 -563575.28 -177464.70
V 3216 -563573.20 -177456.95
V 3224 -563573.20 -177385.95
V 3232 -563575.28 -177378.20
V 3240 -563580.95 -177372.53
V 3248 -563588.70 -177370.45
V 3256 -563688.20 -177370.45
V 3264 -563688.20 -177330.45
V 3272 -563588.70 -177330.45
V 3280 -563580.95 -177328.37
V 3288 -563575.28 -177322.70
V 3296 -563573.20 -177314.95
V 3304 -563573.20 -177243.95
V 3312 -563575.28 -177236.20
V 3320 -563580.95 -177230.53
V 3328 -563588.70 -177228.45
V 3336 -563688.20 -177228.45
V 3344 -563688.20 -177188.45
V 3352 -563588.70 -177188.45
V 3360 -563580.95 -177186.37
V 3368 -563575.28 -177180.70
V 3376 -563573.20 -177172.95
V 3384 -563573.20 -177101.95
V 3392 -563575.28 -177094.20
V 3400 -563580.95 -177088.53
V 3408 -563588.70 -177086.45
V 3416 -563688.20 -177086.45
V 3424 -563688.20 -177046.45
V 3432 -563588.70 -177046.45
V 3440 -563580.95 -177044.37
V 3448 -563575.28 -177038.70
V 3456 -563573.20 -177030.95
V 3464 -563573.20 -176959.95
V 3472 -563575.28 -176952.20
V 3480 -563580.95 -176946.53
V 3488 -563588.70 -176944.45
V 3496 -563688.20 -176944.45
V 3504 -563688.20 -176904.45
V 3512 -563588.70 -176904.45
V 3520 -563580.95 -176902.37
V 3528 -563575.28 -176896.70
V 3536 -563573.20 -176888.95
V 3544 -563573.20 -176817.95
V 3552 -563575.28 -176810.20
V 3560 -563580.95 -176804.53
V 3568 -563588.70 -176802.45
V 3576 -563688.20 -176802.45
V 3584 -563688.20 -176762.45
V 3592 -563588.70 -176762.45
V 3600 -563580.95 -176760.37
V 3608 -563575.28 -176754.70
V 3616 -563573.20 -176746.95
V 3624 -563573.20 -176675.95
V 3632 -563575.28 -176668.20
V 3640 -563580.95 -176662.53
V 3648 -563588.70 -176660.45
V 3656 -563688.20 -176660.45
V 3664 -563688.20 -176620.45
V 3672 -563588.70 -176620.45
V 3680 -563580.95 -176618.37
V 3688 -563575.28 -176612.70
V 3696 -563573.20 -176604.95
V 3704 -563573.20 -176533.95
V 3712 -563575.28 -176526.20
V 3720 -563580.95 -176520.53
V 3728 -563588.70 -176518.45
V 3736 -563688.20 -176518.45
V 3744 -563688.20 -176478.45
V 3752 -563588.70 -176478.45
V 3760 -563580.95 -176476.37
V 3768 -563575.28 -176470.70
V 3776 -563573.20 -176462.95
V 3784 -563573.20 -176391.95
V 3792 -563575.28 -176384.20
V 3800 -563580.95 -176378.53
V 3808 -563588.70 -176376.45
V 3816 -563688.20 -176376.45
V 3824 -563688.20 -176336.45
V 3832 -563588.70 -176336.45
V 3840 -563580.95 -176334.37
V 3848 -563575.28 -176328.70
V 3856 -563573.20 -176320.95
V 3864 -563573.20 -176249.95
V 3872 -563575.28 -176242.20
V 3880 -563580.95 -176236.53
V 3888 -563588.70 -176234.45
V 3896 -563688.20 -176234.45
V 3904 -563688.20 -176194.45
V 3912 -563588.70 -176194.45
V 3920 -563580.95 -176192.37
V 3928 -563575.28 -176186.70
V 3936 -563573.20 -176178.95
V 3944 -563573.20 -176107.95
V 3952 -563575.28 -176100.20
V 3960 -563580.95 -176094.53
V 3968 -563588.70 -176092.45
V 3976 -563688.20 -176092.45
V 3984 -563688.20 -176052.45
V 3992 -563588.70 -176052.45
V 4000 -563580.95 -176050.37
V 4008 -563575.28 -176044.70
V 4016 -563573.20 -176036.95
V 4024 -563573.20 -175965.95
V 4032 -563575.28 -175958.20
V 4040 -563580.95 -175952.53
V 4048 -563588.70 -175950.45
V 4056 -563688.20 -175950.45
V 4064 -563688.20 -175910.45
V 4072 -563588.70 -175910.45
V 4080 -563580.95 -175908.37
V 4088 -563575.28 -175902.70
V 4096 -563573.20 -175894.95
V 4104 -563573.20 -175823.95
V 4112 -563575.28 -175816.20
V 4120 -563580.95 -175810.53
V 4128 -563588.70 -175808.45
V 4136 -563688.20 -175808.45
V 4144 -563688.20 -175768.45
V 4152 -563588.70 -175768.45
V 4160 -563580.95 -175766.37
V 4168 -563575.28 -175760.70
V 4176 -563573.20 -175752.95
V 4184 -563573.20 -175681.95
V 4192 -563575.28 -175674.20
V 4200 -563580.95 -175668.53
V 4208 -563588.70 -175666.45
V 4216 -563688.20 -175666.45
V 4224 -563688.20 -175626.45
V 4232 -563588.70 -175626.45
V 4240 -563580.95 -175624.37
V 4248 -563575.28 -175618.70
V 4256 -563573.20 -175610.95
V 4264 -563573.20 -175539.95
V 4272 -563575.28 -175532.20
V 4280 -563580.95 -175526.53
V 4288 -563588.70 -175524.45
V 4296 -563688.20 -175524.45
V 4304 -563688.20 -175484.45
V 4312 -563588.70 -175484.45
V 4320 -563580.95 -175482.37
V 4328 -563575.28 -175476.70
V 4336 -563573.20 -175468.95
V 4344 -563573.20 -175397.95
V 4352 -563575.28 -175390.20
V 4360 -563580.95 -175384.53
V 4368 -563588.70 -175382.45
V 4376 -563688.20 -175382.45
V 4384 -563688.20 -175342.45
V 4392 -563588.70 -175342.45
V 4400 -563580.95 -175340.37
V 4408 -563575.28 -175334.70
V 4416 -563573.20 -175326.95
V 4424 -563573.20 -175255.95
V 4432 -563575.28 -175248.20
V 4440 -563580.95 -175242.53
V 4448 -563588.70 -175240.45
V 4456 -563688.20 -175240.45
V 4464 -563688.20 -175200.45
V 4472 -563588.70 -175200.45
V 4480 -563580.95 -175198.37
V 4488 -563575.28 -175192.70
V 4496 -563573.20 -175184.95
V 4504 -563573.20 -175113.95
V 4512 -563575.28 -175106.20
V 4520 -563580.95 -175100.53
V 4528 -563588.70 -175098.45
V 4536 -563688.20 -175098.45
V 4544 -563688.20 -175058.45
V 4552 -563588.70 -175058.45
V 4560 -563580.95 -175056.37
V 4568 -563575.28 -175050.70
V 4576 -563573.20 -175042.95
V 4584 -563573.20 -174971.95
V 4592 -563575.28 -174964.20
V 4600 -563580.95 -174958.53
V 4608 -563588.70 -174956.45
V 4616 -563688.20 -174956.45
V 4624 -563688.20 -174916.45
V 4632 -563615.19 -174916.45
V 4640 -563607.44 -174914.37
V 4648 -563601.77 -174908.70
V 4656 -563599.69 -174900.95
V 4664 -563599.69 -174829.95
V 4672 -563601.77 -174822.20
V 4680 -563607.44 -174816.53
V 4688 -563615.19 -174814.45
V 4696 -563630.70 -174814.45
V 4704 -563630.70 -174742.72
V 4712 -563004.17 -174636.33
V 4720 -563004.01 -174636.30
V 4728 -563003.99 -174636.30
V 4736 -562999.20 -174635.49
V 4744 -562999.18 -174635.49
V 4752 -555437.18 -173351.44
V 4760 -554946.60 -173268.14
V 4768 -552317.73 -172821.75
V 4776 -552317.69 -172821.75
V 4784 -552317.21 -172821.67
V 4792 -552317.17 -172821.66
V 4800 -532107.02 -169389.94
V 4808 -532106.47 -169389.85
V 4816 -532106.38 -169389.83
V 4824 -526764.11 -168482.70
V 4832 -526762.90 -168482.49
V 4840 -522117.73 -167693.73
V 4848 -513066.74 -166156.86
V 4856 -513066.67 -166156.85
V 4864 -513062.47 -166156.13
V 4872 -513062.40 -166156.11
V 4880 -499119.54 -163788.59
V 4888 -499119.47 -163788.58
V 4896 -499118.77 -163788.46
V 4904 -499118.70 -163788.44
V 4912 -497751.15 -163556.24
V 4920 -497724.13 -163551.65
V 4928 -493544.82 -162841.99
V 4936 -493543.86 -162841.83
V 4944 -493543.79 -162841.82
V 4952 -485747.06 -161517.91
V 4960 -485554.02 -161485.14
V 4968 -482798.22 -161017.20
V 4976 -481948.92 -160872.98
V 4984 -481265.43 -160756.92
V 4992 -478909.99 -160356.97
V 5000 -478909.92 -160356.96
V 5008 -478908.37 -160356.70
V 5016 -478908.30 -160356.68
V 5024 -477051.72 -160041.43
V 5032 -477051.27 -160041.35
V 5040 -477051.14 -160041.32
V 5048 -476732.33 -159987.19
V 5056 -474449.92 -159599.64
V 5064 -473857.31 -159499.01
V 5072 -469942.42 -158834.26
V 5080 -469860.81 -158820.40
V 5088 -467369.24 -158397.32
V 5096 -464763.59 -157954.88
V 5104 -464042.20 -157832.38
V 5112 -463809.91 -157792.94
V 5120 -463610.91 -157759.15
V 5128 -463609.84 -157758.93
V 5136 -463608.80 -157758.64
V 5144 -463607.77 -157758.27
V 5152 -463606.78 -157757.84
V 5160 -463605.82 -157757.33
V 5168 -463604.89 -157756.76
V 5176 -463604.01 -157756.13
V 5184 -463603.17 -157755.43
V 5192 -463602.39 -157754.68
V 5200 -463601.66 -157753.87
V 5208 -463600.99 -157753.02
V 5216 -463600.38 -157752.12
V 5224 -463599.83 -157751.18
V 5232 -463599.35 -157750.20
V 5240 -463598.94 -157749.20
V 5248 -463598.61 -157748.16
V 5256 -463598.34 -157747.11
V 5264 -463598.15 -157746.04
V 5272 -463598.04 -157744.96
V 5280 -463598.00 -157743.87
V 5288 -463598.00 -157719.35
