V 0 1085836.67 -33252.45
V 8 1085831.49 -33213.66
V 16 1085831.48 -33213.63
V 24 1085826.35 -33169.47
V 32 1085826.34 -33169.37
V 40 1085826.30 -33169.16
V 48 1085825.42 -33165.98
V 56 1085825.12 -33165.41
V 64 1085824.60 -33165.02
V 72 1085823.97 -33164.88
V 80 1085735.66 -33164.88
V 88 1085735.66 -33167.88
V 96 1085822.82 -33167.88
V 104 1085823.37 -33169.85
V 112 1085828.50 -33213.95
V 120 1085828.51 -33214.06
V 128 1085833.86 -33254.15
V 136 1085834.12 -33254.81
V 144 1085834.66 -33255.28
V 152 1085835.35 -33255.45
V 160 1085839.86 -33255.45
V 168 1085839.86 -33252.45
