V 0 1085836.67 -31800.45
V 8 1085831.49 -31761.66
V 16 1085831.48 -31761.63
V 24 1085826.35 -31717.47
V 32 1085826.34 -31717.37
V 40 1085826.30 -31717.16
V 48 1085825.42 -31713.98
V 56 1085825.12 -31713.41
V 64 1085824.60 -31713.02
V 72 1085823.97 -31712.88
V 80 1085735.66 -31712.88
V 88 1085735.66 -31715.88
V 96 1085822.82 -31715.88
V 104 1085823.37 -31717.85
V 112 1085828.50 -31761.95
V 120 1085828.51 -31762.06
V 128 1085833.86 -31802.15
V 136 1085834.12 -31802.81
V 144 1085834.66 -31803.28
V 152 1085835.35 -31803.45
V 160 1085839.86 -31803.45
V 168 1085839.86 -31800.45
