V 0 1085836.69 -39921.86
V 8 1085832.26 -39883.82
V 16 1085832.25 -39883.72
V 24 1085832.21 -39883.51
V 32 1085825.39 -39858.64
V 40 1085824.77 -39851.74
V 48 1085824.53 -39851.05
V 56 1085823.99 -39850.56
V 64 1085823.28 -39850.38
V 72 1085735.66 -39850.38
V 80 1085735.66 -39853.38
V 88 1085821.91 -39853.38
V 96 1085822.42 -39858.98
V 104 1085822.42 -39859.04
V 112 1085822.43 -39859.14
V 120 1085822.46 -39859.25
V 128 1085822.47 -39859.35
V 136 1085829.28 -39884.20
V 144 1085833.86 -39923.53
V 152 1085834.11 -39924.21
V 160 1085834.65 -39924.69
V 168 1085835.35 -39924.86
V 176 1085839.86 -39924.86
V 184 1085839.86 -39921.86
