V 0 -778715.28 -160764.20
V 8 -778720.95 -160758.53
V 16 -778728.70 -160756.45
V 24 -778828.20 -160756.45
V 32 -778828.20 -160716.45
V 40 -778786.20 -160716.45
V 48 -778778.45 -160714.37
V 56 -778772.78 -160708.70
V 64 -778770.70 -160700.95
V 72 -778770.70 -160555.67
V 80 -778770.74 -160554.58
V 88 -778770.85 -160553.50
V 96 -778771.04 -160552.43
V 104 -778771.31 -160551.38
V 112 -778771.64 -160550.34
V 120 -778772.05 -160549.34
V 128 -778772.53 -160548.36
V 136 -778773.08 -160547.42
V 144 -778773.69 -160546.52
V 152 -778774.36 -160545.67
V 160 -778775.09 -160544.86
V 168 -778775.87 -160544.11
V 176 -778776.71 -160543.41
V 184 -778777.59 -160542.78
V 192 -778778.52 -160542.21
V 200 -778779.48 -160541.70
V 208 -778780.47 -160541.27
V 216 -778781.50 -160540.90
V 224 -778782.54 -160540.61
V 232 -778783.61 -160540.39
V 240 -778811.31 -160535.69
V 248 -780495.69 -160249.68
V 256 -781914.97 -160008.68
V 264 -783296.50 -159774.10
V 272 -785209.98 -159449.18
V 280 -785378.09 -159420.64
V 288 -785541.86 -159392.83
V 296 -785709.77 -159364.32
V 304 -786140.87 -159291.11
V 312 -794447.01 -157880.72
V 320 -794683.80 -157840.51
V 328 -794925.79 -157799.42
V 336 -795143.90 -157762.38
V 344 -795330.00 -157730.78
V 352 -795330.00 -157719.35
V 360 -795361.00 -157719.35
V 368 -795361.00 -157743.87
V 376 -795360.96 -157744.96
V 384 -795360.85 -157746.04
V 392 -795360.66 -157747.11
V 400 -795360.39 -157748.16
V 408 -795360.06 -157749.20
V 416 -795359.65 -157750.20
V 424 -795359.17 -157751.18
V 432 -795358.62 -157752.12
V 440 -795358.01 -157753.02
V 448 -795357.34 -157753.87
V 456 -795356.61 -157754.68
V 464 -795355.83 -157755.43
V 472 -795354.99 -157756.13
V 480 -795354.11 -157756.76
V 488 -795353.18 -157757.33
V 496 -795352.22 -157757.84
V 504 -795351.23 -157758.27
V 512 -795350.20 -157758.64
V 520 -795349.16 -157758.93
V 528 -795348.09 -157759.15
V 536 -795149.10 -157792.94
V 544 -794930.99 -157829.98
V 552 -794688.98 -157871.07
V 560 -794452.19 -157911.28
V 568 -786146.07 -159321.67
V 576 -785714.97 -159394.88
V 584 -785547.04 -159423.39
V 592 -785383.27 -159451.20
V 600 -785215.16 -159479.74
V 608 -783301.68 -159804.66
V 616 -781920.15 -160039.24
V 624 -780500.87 -160280.24
V 632 -778816.49 -160566.25
V 640 -778801.70 -160568.76
V 648 -778801.70 -160685.45
V 656 -778843.70 -160685.45
V 664 -778851.45 -160687.53
V 672 -778857.12 -160693.20
V 680 -778859.20 -160700.95
V 688 -778859.20 -160771.95
V 696 -778857.12 -160779.70
V 704 -778851.45 -160785.37
V 712 -778843.70 -160787.45
V 720 -778744.20 -160787.45
V 728 -778744.20 -160827.45
V 736 -778843.70 -160827.45
V 744 -778851.45 -160829.53
V 752 -778857.12 -160835.20
V 760 -778859.20 -160842.95
V 768 -778859.20 -160913.95
V 776 -778857.12 -160921.70
V 784 -778851.45 -160927.37
V 792 -778843.70 -160929.45
V 800 -778744.20 -160929.45
V 808 -778744.20 -160969.45
V 816 -778843.70 -160969.45
V 824 -778851.45 -160971.53
V 832 -778857.12 -160977.20
V 840 -778859.20 -160984.95
V 848 -778859.20 -161055.95
V 856 -778857.12 -161063.70
V 864 -778851.45 -161069.37
V 872 -778843.70 -161071.45
V 880 -778744.20 -161071.45
V 888 -778744.20 -161111.45
V 896 -778843.70 -161111.45
V 904 -778851.45 -161113.53
V 912 -778857.12 -161119.20
V 920 -778859.20 -161126.95
V 928 -778859.20 -161197.95
V 936 -778857.12 -161205.70
V 944 -778851.45 -161211.37
V 952 -778843.70 -161213.45
V 960 -778744.20 -161213.45
V 968 -778744.20 -161253.45
V 976 -778843.70 -161253.45
V 984 -778851.45 -161255.53
V 992 -778857.12 -161261.20
V 1000 -778859.20 -161268.95
V 1008 -778859.20 -161339.95
V 1016 -778857.12 -161347.70
V 1024 -778851.45 -161353.37
V 1032 -778843.70 -161355.45
V 1040 -778744.20 -161355.45
V 1048 -778744.20 -161395.45
V 1056 -778843.70 -161395.45
V 1064 -778851.45 -161397.53
V 1072 -778857.12 -161403.20
V 1080 -778859.20 -161410.95
V 1088 -778859.20 -161481.95
V 1096 -778857.12 -161489.70
V 1104 -778851.45 -161495.37
V 1112 -778843.70 -161497.45
V 1120 -778744.20 -161497.45
V 1128 -778744.20 -161537.45
V 1136 -778843.70 -161537.45
V 1144 -778851.45 -161539.53
V 1152 -778857.12 -161545.20
V 1160 -778859.20 -161552.95
V 1168 -778859.20 -161623.95
V 1176 -778857.12 -161631.70
V 1184 -778851.45 -161637.37
V 1192 -778843.70 -161639.45
V 1200 -778744.20 -161639.45
V 1208 -778744.20 -161679.45
V 1216 -778843.70 -161679.45
V 1224 -778851.45 -161681.53
V 1232 -778857.12 -161687.20
V 1240 -778859.20 -161694.95
V 1248 -778859.20 -161765.95
V 1256 -778857.12 -161773.70
V 1264 -778851.45 -161779.37
V 1272 -778843.70 -161781.45
V 1280 -778744.20 -161781.45
V 1288 -778744.20 -161821.45
V 1296 -778843.70 -161821.45
V 1304 -778851.45 -161823.53
V 1312 -778857.12 -161829.20
V 1320 -778859.20 -161836.95
V 1328 -778859.20 -161907.95
V 1336 -778857.12 -161915.70
V 1344 -778851.45 -161921.37
V 1352 -778843.70 -161923.45
V 1360 -778744.20 -161923.45
V 1368 -778744.20 -161963.45
V 1376 -778843.70 -161963.45
V 1384 -778851.45 -161965.53
V 1392 -778857.12 -161971.20
V 1400 -778859.20 -161978.95
V 1408 -778859.20 -162049.95
V 1416 -778857.12 -162057.70
V 1424 -778851.45 -162063.37
V 1432 -778843.70 -162065.45
V 1440 -778744.20 -162065.45
V 1448 -778744.20 -162105.45
V 1456 -778843.70 -162105.45
V 1464 -778851.45 -162107.53
V 1472 -778857.12 -162113.20
V 1480 -778859.20 -162120.95
V 1488 -778859.20 -162191.95
V 1496 -778857.12 -162199.70
V 1504 -778851.45 -162205.37
V 1512 -778843.70 -162207.45
V 1520 -778744.20 -162207.45
V 1528 -778744.20 -162247.45
V 1536 -778843.70 -162247.45
V 1544 -778851.45 -162249.53
V 1552 -778857.12 -162255.20
V 1560 -778859.20 -162262.95
V 1568 -778859.20 -162333.95
V 1576 -778857.12 -162341.70
V 1584 -778851.45 -162347.37
V 1592 -778843.70 -162349.45
V 1600 -778744.20 -162349.45
V 1608 -778744.20 -162389.45
V 1616 -778843.70 -162389.45
V 1624 -778851.45 -162391.53
V 1632 -778857.12 -162397.20
V 1640 -778859.20 -162404.95
V 1648 -778859.20 -162475.95
V 1656 -778857.12 -162483.70
V 1664 -778851.45 -162489.37
V 1672 -778843.70 -162491.45
V 1680 -778744.20 -162491.45
V 1688 -778744.20 -162531.45
V 1696 -778843.70 -162531.45
V 1704 -778851.45 -162533.53
V 1712 -778857.12 -162539.20
V 1720 -778859.20 -162546.95
V 1728 -778859.20 -162617.95
V 1736 -778857.12 -162625.70
V 1744 -778851.45 -162631.37
V 1752 -778843.70 -162633.45
V 1760 -778744.20 -162633.45
V 1768 -778744.20 -162673.45
V 1776 -778843.70 -162673.45
V 1784 -778851.45 -162675.53
V 1792 -778857.12 -162681.20
V 1800 -778859.20 -162688.95
V 1808 -778859.20 -162759.95
V 1816 -778857.12 -162767.70
V 1824 -778851.45 -162773.37
V 1832 -778843.70 -162775.45
V 1840 -778744.20 -162775.45
V 1848 -778744.20 -162815.45
V 1856 -778843.70 -162815.45
V 1864 -778851.45 -162817.53
V 1872 -778857.12 -162823.20
V 1880 -778859.20 -162830.95
V 1888 -778859.20 -162901.95
V 1896 -778857.12 -162909.70
V 1904 -778851.45 -162915.37
V 1912 -778843.70 -162917.45
V 1920 -778744.20 -162917.45
V 1928 -778744.20 -162957.45
V 1936 -778843.70 -162957.45
V 1944 -778851.45 -162959.53
V 1952 -778857.12 -162965.20
V 1960 -778859.20 -162972.95
V 1968 -778859.20 -163043.95
V 1976 -778857.12 -163051.70
V 1984 -778851.45 -163057.37
V 1992 -778843.70 -163059.45
V 2000 -778744.20 -163059.45
V 2008 -778744.20 -163099.45
V 2016 -778843.70 -163099.45
V 2024 -778851.45 -163101.53
V 2032 -778857.12 -163107.20
V 2040 -778859.20 -163114.95
V 2048 -778859.20 -163185.95
V 2056 -778857.12 -163193.70
V 2064 -778851.45 -163199.37
V 2072 -778843.70 -163201.45
V 2080 -778744.20 -163201.45
V 2088 -778744.20 -163241.45
V 2096 -778843.70 -163241.45
V 2104 -778851.45 -163243.53
V 2112 -778857.12 -163249.20
V 2120 -778859.20 -163256.95
V 2128 -778859.20 -163327.95
V 2136 -778857.12 -163335.70
V 2144 -778851.45 -163341.37
V 2152 -778843.70 -163343.45
V 2160 -778744.20 -163343.45
V 2168 -778744.20 -163383.45
V 2176 -778843.70 -163383.45
V 2184 -778851.45 -163385.53
V 2192 -778857.12 -163391.20
V 2200 -778859.20 -163398.95
V 2208 -778859.20 -163469.95
V 2216 -778857.12 -163477.70
V 2224 -778851.45 -163483.37
V 2232 -778843.70 -163485.45
V 2240 -778744.20 -163485.45
V 2248 -778744.20 -163525.45
V 2256 -778843.70 -163525.45
V 2264 -778851.45 -163527.53
V 2272 -778857.12 -163533.20
V 2280 -778859.20 -163540.95
V 2288 -778859.20 -163611.95
V 2296 -778857.12 -163619.70
V 2304 -778851.45 -163625.37
V 2312 -778843.70 -163627.45
V 2320 -778744.20 -163627.45
V 2328 -778744.20 -163667.45
V 2336 -778843.70 -163667.45
V 2344 -778851.45 -163669.53
V 2352 -778857.12 -163675.20
V 2360 -778859.20 -163682.95
V 2368 -778859.20 -163753.95
V 2376 -778857.12 -163761.70
V 2384 -778851.45 -163767.37
V 2392 -778843.70 -163769.45
V 2400 -778744.20 -163769.45
V 2408 -778744.20 -163809.45
V 2416 -778843.70 -163809.45
V 2424 -778851.45 -163811.53
V 2432 -778857.12 -163817.20
V 2440 -778859.20 -163824.95
V 2448 -778859.20 -163895.95
V 2456 -778857.12 -163903.70
V 2464 -778851.45 -163909.37
V 2472 -778843.70 -163911.45
V 2480 -778744.20 -163911.45
V 2488 -778744.20 -163951.45
V 2496 -778843.70 -163951.45
V 2504 -778851.45 -163953.53
V 2512 -778857.12 -163959.20
V 2520 -778859.20 -163966.95
V 2528 -778859.20 -164037.95
V 2536 -778857.12 -164045.70
V 2544 -778851.45 -164051.37
V 2552 -778843.70 -164053.45
V 2560 -778744.20 -164053.45
V 2568 -778744.20 -164093.45
V 2576 -778843.70 -164093.45
V 2584 -778851.45 -164095.53
V 2592 -778857.12 -164101.20
V 2600 -778859.20 -164108.95
V 2608 -778859.20 -164179.95
V 2616 -778857.12 -164187.70
V 2624 -778851.45 -164193.37
V 2632 -778843.70 -164195.45
V 2640 -778744.20 -164195.45
V 2648 -778744.20 -164235.45
V 2656 -778843.70 -164235.45
V 2664 -778851.45 -164237.53
V 2672 -778857.12 -164243.20
V 2680 -778859.20 -164250.95
V 2688 -778859.20 -164321.95
V 2696 -778857.12 -164329.70
V 2704 -778851.45 -164335.37
V 2712 -778843.70 -164337.45
V 2720 -778744.20 -164337.45
V 2728 -778744.20 -164377.45
V 2736 -778843.70 -164377.45
V 2744 -778851.45 -164379.53
V 2752 -778857.12 -164385.20
V 2760 -778859.20 -164392.95
V 2768 -778859.20 -164463.95
V 2776 -778857.12 -164471.70
V 2784 -778851.45 -164477.37
V 2792 -778843.70 -164479.45
V 2800 -778744.20 -164479.45
V 2808 -778744.20 -164519.45
V 2816 -778843.70 -164519.45
V 2824 -778851.45 -164521.53
V 2832 -778857.12 -164527.20
V 2840 -778859.20 -164534.95
V 2848 -778859.20 -164605.95
V 2856 -778857.12 -164613.70
V 2864 -778851.45 -164619.37
V 2872 -778843.70 -164621.45
V 2880 -778744.20 -164621.45
V 2888 -778744.20 -164661.45
V 2896 -778843.70 -164661.45
V 2904 -778851.45 -164663.53
V 2912 -778857.12 -164669.20
V 2920 -778859.20 -164676.95
V 2928 -778859.20 -164747.95
V 2936 -778857.12 -164755.70
V 2944 -778851.45 -164761.37
V 2952 -778843.70 -164763.45
V 2960 -778744.20 -164763.45
V 2968 -778744.20 -164803.45
V 2976 -778843.70 -164803.45
V 2984 -778851.45 -164805.53
V 2992 -778857.12 -164811.20
V 3000 -778859.20 -164818.95
V 3008 -778859.20 -164889.95
V 3016 -778857.12 -164897.70
V 3024 -778851.45 -164903.37
V 3032 -778843.70 -164905.45
V 3040 -778744.20 -164905.45
V 3048 -778744.20 -164945.45
V 3056 -778843.70 -164945.45
V 3064 -778851.45 -164947.53
V 3072 -778857.12 -164953.20
V 3080 -778859.20 -164960.95
V 3088 -778859.20 -165031.95
V 3096 -778857.12 -165039.70
V 3104 -778851.45 -165045.37
V 3112 -778843.70 -165047.45
V 3120 -778744.20 -165047.45
V 3128 -778744.20 -165087.45
V 3136 -778843.70 -165087.45
V 3144 -778851.45 -165089.53
V 3152 -778857.12 -165095.20
V 3160 -778859.20 -165102.95
V 3168 -778859.20 -165173.95
V 3176 -778857.12 -165181.70
V 3184 -778851.45 -165187.37
V 3192 -778843.70 -165189.45
V 3200 -778744.20 -165189.45
V 3208 -778744.20 -165229.45
V 3216 -778843.70 -165229.45
V 3224 -778851.45 -165231.53
V 3232 -778857.12 -165237.20
V 3240 -778859.20 -165244.95
V 3248 -778859.20 -165315.95
V 3256 -778857.12 -165323.70
V 3264 -778851.45 -165329.37
V 3272 -778843.70 -165331.45
V 3280 -778744.20 -165331.45
V 3288 -778744.20 -165371.45
V 3296 -778843.70 -165371.45
V 3304 -778851.45 -165373.53
V 3312 -778857.12 -165379.20
V 3320 -778859.20 -165386.95
V 3328 -778859.20 -165457.95
V 3336 -778857.12 -165465.70
V 3344 -778851.45 -165471.37
V 3352 -778843.70 -165473.45
V 3360 -778744.20 -165473.45
V 3368 -778744.20 -165513.45
V 3376 -778843.70 -165513.45
V 3384 -778851.45 -165515.53
V 3392 -778857.12 -165521.20
V 3400 -778859.20 -165528.95
V 3408 -778859.20 -165599.95
V 3416 -778857.12 -165607.70
V 3424 -778851.45 -165613.37
V 3432 -778843.70 -165615.45
V 3440 -778744.20 -165615.45
V 3448 -778744.20 -165655.45
V 3456 -778843.70 -165655.45
V 3464 -778851.45 -165657.53
V 3472 -778857.12 -165663.20
V 3480 -778859.20 -165670.95
V 3488 -778859.20 -165741.95
V 3496 -778857.12 -165749.70
V 3504 -778851.45 -165755.37
V 3512 -778843.70 -165757.45
V 3520 -778744.20 -165757.45
V 3528 -778744.20 -165797.45
V 3536 -778843.70 -165797.45
V 3544 -778851.45 -165799.53
V 3552 -778857.12 -165805.20
V 3560 -778859.20 -165812.95
V 3568 -778859.20 -165883.95
V 3576 -778857.12 -165891.70
V 3584 -778851.45 -165897.37
V 3592 -778843.70 -165899.45
V 3600 -778744.20 -165899.45
V 3608 -778744.20 -165939.45
V 3616 -778843.70 -165939.45
V 3624 -778851.45 -165941.53
V 3632 -778857.12 -165947.20
V 3640 -778859.20 -165954.95
V 3648 -778859.20 -166025.95
V 3656 -778857.12 -166033.70
V 3664 -778851.45 -166039.37
V 3672 -778843.70 -166041.45
V 3680 -778744.20 -166041.45
V 3688 -778744.20 -166081.45
V 3696 -778843.70 -166081.45
V 3704 -778851.45 -166083.53
V 3712 -778857.12 -166089.20
V 3720 -778859.20 -166096.95
V 3728 -778859.20 -166167.95
V 3736 -778857.12 -166175.70
V 3744 -778851.45 -166181.37
V 3752 -778843.70 -166183.45
V 3760 -778744.20 -166183.45
V 3768 -778744.20 -166223.45
V 3776 -778843.70 -166223.45
V 3784 -778851.45 -166225.53
V 3792 -778857.12 -166231.20
V 3800 -778859.20 -166238.95
V 3808 -778859.20 -166309.95
V 3816 -778857.12 -166317.70
V 3824 -778851.45 -166323.37
V 3832 -778843.70 -166325.45
V 3840 -778744.20 -166325.45
V 3848 -778744.20 -166365.45
V 3856 -778843.70 -166365.45
V 3864 -778851.45 -166367.53
V 3872 -778857.12 -166373.20
V 3880 -778859.20 -166380.95
V 3888 -778859.20 -166451.95
V 3896 -778857.12 -166459.70
V 3904 -778851.45 -166465.37
V 3912 -778843.70 -166467.45
V 3920 -778744.20 -166467.45
V 3928 -778744.20 -166507.45
V 3936 -778843.70 -166507.45
V 3944 -778851.45 -166509.53
V 3952 -778857.12 -166515.20
V 3960 -778859.20 -166522.95
V 3968 -778859.20 -166593.95
V 3976 -778857.12 -166601.70
V 3984 -778851.45 -166607.37
V 3992 -778843.70 -166609.45
V 4000 -778744.20 -166609.45
V 4008 -778744.20 -166649.45
V 4016 -778843.70 -166649.45
V 4024 -778851.45 -166651.53
V 4032 -778857.12 -166657.20
V 4040 -778859.20 -166664.95
V 4048 -778859.20 -166735.95
V 4056 -778857.12 -166743.70
V 4064 -778851.45 -166749.37
V 4072 -778843.70 -166751.45
V 4080 -778744.20 -166751.45
V 4088 -778744.20 -166791.45
V 4096 -778843.70 -166791.45
V 4104 -778851.45 -166793.53
V 4112 -778857.12 -166799.20
V 4120 -778859.20 -166806.95
V 4128 -778859.20 -166877.95
V 4136 -778857.12 -166885.70
V 4144 -778851.45 -166891.37
V 4152 -778843.70 -166893.45
V 4160 -778744.20 -166893.45
V 4168 -778744.20 -166933.45
V 4176 -778843.70 -166933.45
V 4184 -778851.45 -166935.53
V 4192 -778857.12 -166941.20
V 4200 -778859.20 -166948.95
V 4208 -778859.20 -167019.95
V 4216 -778857.12 -167027.70
V 4224 -778851.45 -167033.37
V 4232 -778843.70 -167035.45
V 4240 -778744.20 -167035.45
V 4248 -778744.20 -167075.45
V 4256 -778843.70 -167075.45
V 4264 -778851.45 -167077.53
V 4272 -778857.12 -167083.20
V 4280 -778859.20 -167090.95
V 4288 -778859.20 -167161.95
V 4296 -778857.12 -167169.70
V 4304 -778851.45 -167175.37
V 4312 -778843.70 -167177.45
V 4320 -778744.20 -167177.45
V 4328 -778744.20 -167217.45
V 4336 -778843.70 -167217.45
V 4344 -778851.45 -167219.53
V 4352 -778857.12 -167225.20
V 4360 -778859.20 -167232.95
V 4368 -778859.20 -167303.95
V 4376 -778857.12 -167311.70
V 4384 -778851.45 -167317.37
V 4392 -778843.70 -167319.45
V 4400 -778744.20 -167319.45
V 4408 -778744.20 -167359.45
V 4416 -778843.70 -167359.45
V 4424 -778851.45 -167361.53
V 4432 -778857.12 -167367.20
V 4440 -778859.20 -167374.95
V 4448 -778859.20 -167445.95
V 4456 -778857.12 -167453.70
V 4464 -778851.45 -167459.37
V 4472 -778843.70 -167461.45
V 4480 -778744.20 -167461.45
V 4488 -778744.20 -167501.45
V 4496 -778843.70 -167501.45
V 4504 -778851.45 -167503.53
V 4512 -778857.12 -167509.20
V 4520 -778859.20 -167516.95
V 4528 -778859.20 -167587.95
V 4536 -778857.12 -167595.70
V 4544 -778851.45 -167601.37
V 4552 -778843.70 -167603.45
V 4560 -778744.20 -167603.45
V 4568 -778744.20 -167643.45
V 4576 -778843.70 -167643.45
V 4584 -778851.45 -167645.53
V 4592 -778857.12 -167651.20
V 4600 -778859.20 -167658.95
V 4608 -778859.20 -167729.95
V 4616 -778857.12 -167737.70
V 4624 -778851.45 -167743.37
V 4632 -778843.70 -167745.45
V 4640 -778744.20 -167745.45
V 4648 -778744.20 -167785.45
V 4656 -778843.70 -167785.45
V 4664 -778851.45 -167787.53
V 4672 -778857.12 -167793.20
V 4680 -778859.20 -167800.95
V 4688 -778859.20 -167871.95
V 4696 -778857.12 -167879.70
V 4704 -778851.45 -167885.37
V 4712 -778843.70 -167887.45
V 4720 -778744.20 -167887.45
V 4728 -778744.20 -167927.45
V 4736 -778843.70 -167927.45
V 4744 -778851.45 -167929.53
V 4752 -778857.12 -167935.20
V 4760 -778859.20 -167942.95
V 4768 -778859.20 -168013.95
V 4776 -778857.12 -168021.70
V 4784 -778851.45 -168027.37
V 4792 -778843.70 -168029.45
V 4800 -778744.20 -168029.45
V 4808 -778744.20 -168069.45
V 4816 -778843.70 -168069.45
V 4824 -778851.45 -168071.53
V 4832 -778857.12 -168077.20
V 4840 -778859.20 -168084.95
V 4848 -778859.20 -168155.95
V 4856 -778857.12 -168163.70
V 4864 -778851.45 -168169.37
V 4872 -778843.70 -168171.45
V 4880 -778744.20 -168171.45
V 4888 -778744.20 -168211.45
V 4896 -778843.70 -168211.45
V 4904 -778851.45 -168213.53
V 4912 -778857.12 -168219.20
V 4920 -778859.20 -168226.95
V 4928 -778859.20 -168297.95
V 4936 -778857.12 -168305.70
V 4944 -778851.45 -168311.37
V 4952 -778843.70 -168313.45
V 4960 -778744.20 -168313.45
V 4968 -778744.20 -168353.45
V 4976 -778843.70 -168353.45
V 4984 -778851.45 -168355.53
V 4992 -778857.12 -168361.20
V 5000 -778859.20 -168368.95
V 5008 -778859.20 -168439.95
V 5016 -778857.12 -168447.70
V 5024 -778851.45 -168453.37
V 5032 -778843.70 -168455.45
V 5040 -778744.20 -168455.45
V 5048 -778744.20 -168495.45
V 5056 -778843.70 -168495.45
V 5064 -778851.45 -168497.53
V 5072 -778857.12 -168503.20
V 5080 -778859.20 -168510.95
V 5088 -778859.20 -168581.95
V 5096 -778857.12 -168589.70
V 5104 -778851.45 -168595.37
V 5112 -778843.70 -168597.45
V 5120 -778744.20 -168597.45
V 5128 -778744.20 -168637.45
V 5136 -778843.70 -168637.45
V 5144 -778851.45 -168639.53
V 5152 -778857.12 -168645.20
V 5160 -778859.20 -168652.95
V 5168 -778859.20 -168723.95
V 5176 -778857.12 -168731.70
V 5184 -778851.45 -168737.37
V 5192 -778843.70 -168739.45
V 5200 -778744.20 -168739.45
V 5208 -778744.20 -168779.45
V 5216 -778843.70 -168779.45
V 5224 -778851.45 -168781.53
V 5232 -778857.12 -168787.20
V 5240 -778859.20 -168794.95
V 5248 -778859.20 -168865.95
V 5256 -778857.12 -168873.70
V 5264 -778851.45 -168879.37
V 5272 -778843.70 -168881.45
V 5280 -778744.20 -168881.45
V 5288 -778744.20 -168921.45
V 5296 -778843.70 -168921.45
V 5304 -778851.45 -168923.53
V 5312 -778857.12 -168929.20
V 5320 -778859.20 -168936.95
V 5328 -778859.20 -169007.95
V 5336 -778857.12 -169015.70
V 5344 -778851.45 -169021.37
V 5352 -778843.70 -169023.45
V 5360 -778744.20 -169023.45
V 5368 -778744.20 -169063.45
V 5376 -778843.70 -169063.45
V 5384 -778851.45 -169065.53
V 5392 -778857.12 -169071.20
V 5400 -778859.20 -169078.95
V 5408 -778859.20 -169149.95
V 5416 -778857.12 -169157.70
V 5424 -778851.45 -169163.37
V 5432 -778843.70 -169165.45
V 5440 -778744.20 -169165.45
V 5448 -778744.20 -169205.45
V 5456 -778843.70 -169205.45
V 5464 -778851.45 -169207.53
V 5472 -778857.12 -169213.20
V 5480 -778859.20 -169220.95
V 5488 -778859.20 -169291.95
V 5496 -778857.12 -169299.70
V 5504 -778851.45 -169305.37
V 5512 -778843.70 -169307.45
V 5520 -778744.20 -169307.45
V 5528 -778744.20 -169347.45
V 5536 -778843.70 -169347.45
V 5544 -778851.45 -169349.53
V 5552 -778857.12 -169355.20
V 5560 -778859.20 -169362.95
V 5568 -778859.20 -169433.95
V 5576 -778857.12 -169441.70
V 5584 -778851.45 -169447.37
V 5592 -778843.70 -169449.45
V 5600 -778744.20 -169449.45
V 5608 -778744.20 -169489.45
V 5616 -778843.70 -169489.45
V 5624 -778851.45 -169491.53
V 5632 -778857.12 -169497.20
V 5640 -778859.20 -169504.95
V 5648 -778859.20 -169575.95
V 5656 -778857.12 -169583.70
V 5664 -778851.45 -169589.37
V 5672 -778843.70 -169591.45
V 5680 -778744.20 -169591.45
V 5688 -778744.20 -169631.45
V 5696 -778843.70 -169631.45
V 5704 -778851.45 -169633.53
V 5712 -778857.12 -169639.20
V 5720 -778859.20 -169646.95
V 5728 -778859.20 -169717.95
V 5736 -778857.12 -169725.70
V 5744 -778851.45 -169731.37
V 5752 -778843.70 -169733.45
V 5760 -778744.20 -169733.45
V 5768 -778744.20 -169773.45
V 5776 -778843.70 -169773.45
V 5784 -778851.45 -169775.53
V 5792 -778857.12 -169781.20
V 5800 -778859.20 -169788.95
V 5808 -778859.20 -169859.95
V 5816 -778857.12 -169867.70
V 5824 -778851.45 -169873.37
V 5832 -778843.70 -169875.45
V 5840 -778744.20 -169875.45
V 5848 -778744.20 -169915.45
V 5856 -778843.70 -169915.45
V 5864 -778851.45 -169917.53
V 5872 -778857.12 -169923.20
V 5880 -778859.20 -169930.95
V 5888 -778859.20 -170001.95
V 5896 -778857.12 -170009.70
V 5904 -778851.45 -170015.37
V 5912 -778843.70 -170017.45
V 5920 -778744.20 -170017.45
V 5928 -778744.20 -170057.45
V 5936 -778843.70 -170057.45
V 5944 -778851.45 -170059.53
V 5952 -778857.12 -170065.20
V 5960 -778859.20 -170072.95
V 5968 -778859.20 -170143.95
V 5976 -778857.12 -170151.70
V 5984 -778851.45 -170157.37
V 5992 -778843.70 -170159.45
V 6000 -778744.20 -170159.45
V 6008 -778744.20 -170199.45
V 6016 -778843.70 -170199.45
V 6024 -778851.45 -170201.53
V 6032 -778857.12 -170207.20
V 6040 -778859.20 -170214.95
V 6048 -778859.20 -170285.95
V 6056 -778857.12 -170293.70
V 6064 -778851.45 -170299.37
V 6072 -778843.70 -170301.45
V 6080 -778744.20 -170301.45
V 6088 -778744.20 -170341.45
V 6096 -778843.70 -170341.45
V 6104 -778851.45 -170343.53
V 6112 -778857.12 -170349.20
V 6120 -778859.20 -170356.95
V 6128 -778859.20 -170427.95
V 6136 -778857.12 -170435.70
V 6144 -778851.45 -170441.37
V 6152 -778843.70 -170443.45
V 6160 -778744.20 -170443.45
V 6168 -778744.20 -170483.45
V 6176 -778843.70 -170483.45
V 6184 -778851.45 -170485.53
V 6192 -778857.12 -170491.20
V 6200 -778859.20 -170498.95
V 6208 -778859.20 -170569.95
V 6216 -778857.12 -170577.70
V 6224 -778851.45 -170583.37
V 6232 -778843.70 -170585.45
V 6240 -778744.20 -170585.45
V 6248 -778744.20 -170625.45
V 6256 -778843.70 -170625.45
V 6264 -778851.45 -170627.53
V 6272 -778857.12 -170633.20
V 6280 -778859.20 -170640.95
V 6288 -778859.20 -170711.95
V 6296 -778857.12 -170719.70
V 6304 -778851.45 -170725.37
V 6312 -778843.70 -170727.45
V 6320 -778744.20 -170727.45
V 6328 -778744.20 -170767.45
V 6336 -778843.70 -170767.45
V 6344 -778851.45 -170769.53
V 6352 -778857.12 -170775.20
V 6360 -778859.20 -170782.95
V 6368 -778859.20 -170853.95
V 6376 -778857.12 -170861.70
V 6384 -778851.45 -170867.37
V 6392 -778843.70 -170869.45
V 6400 -778744.20 -170869.45
V 6408 -778744.20 -170909.45
V 6416 -778843.70 -170909.45
V 6424 -778851.45 -170911.53
V 6432 -778857.12 -170917.20
V 6440 -778859.20 -170924.95
V 6448 -778859.20 -170995.95
V 6456 -778857.12 -171003.70
V 6464 -778851.45 -171009.37
V 6472 -778843.70 -171011.45
V 6480 -778744.20 -171011.45
V 6488 -778744.20 -171051.45
V 6496 -778843.70 -171051.45
V 6504 -778851.45 -171053.53
V 6512 -778857.12 -171059.20
V 6520 -778859.20 -171066.95
V 6528 -778859.20 -171137.95
V 6536 -778857.12 -171145.70
V 6544 -778851.45 -171151.37
V 6552 -778843.70 -171153.45
V 6560 -778744.20 -171153.45
V 6568 -778744.20 -171193.45
V 6576 -778843.70 -171193.45
V 6584 -778851.45 -171195.53
V 6592 -778857.12 -171201.20
V 6600 -778859.20 -171208.95
V 6608 -778859.20 -171279.95
V 6616 -778857.12 -171287.70
V 6624 -778851.45 -171293.37
V 6632 -778843.70 -171295.45
V 6640 -778744.20 -171295.45
V 6648 -778744.20 -171335.45
V 6656 -778843.70 -171335.45
V 6664 -778851.45 -171337.53
V 6672 -778857.12 -171343.20
V 6680 -778859.20 -171350.95
V 6688 -778859.20 -171421.95
V 6696 -778857.12 -171429.70
V 6704 -778851.45 -171435.37
V 6712 -778843.70 -171437.45
V 6720 -778744.20 -171437.45
V 6728 -778744.20 -171477.45
V 6736 -778843.70 -171477.45
V 6744 -778851.45 -171479.53
V 6752 -778857.12 -171485.20
V 6760 -778859.20 -171492.95
V 6768 -778859.20 -171563.95
V 6776 -778857.12 -171571.70
V 6784 -778851.45 -171577.37
V 6792 -778843.70 -171579.45
V 6800 -778744.20 -171579.45
V 6808 -778744.20 -171619.45
V 6816 -778843.70 -171619.45
V 6824 -778851.45 -171621.53
V 6832 -778857.12 -171627.20
V 6840 -778859.20 -171634.95
V 6848 -778859.20 -171705.95
V 6856 -778857.12 -171713.70
V 6864 -778851.45 -171719.37
V 6872 -778843.70 -171721.45
V 6880 -778744.20 -171721.45
V 6888 -778744.20 -171761.45
V 6896 -778843.70 -171761.45
V 6904 -778851.45 -171763.53
V 6912 -778857.12 -171769.20
V 6920 -778859.20 -171776.95
V 6928 -778859.20 -171847.95
V 6936 -778857.12 -171855.70
V 6944 -778851.45 -171861.37
V 6952 -778843.70 -171863.45
V 6960 -778744.20 -171863.45
V 6968 -778744.20 -171903.45
V 6976 -778843.70 -171903.45
V 6984 -778851.45 -171905.53
V 6992 -778857.12 -171911.20
V 7000 -778859.20 -171918.95
V 7008 -778859.20 -171989.95
V 7016 -778857.12 -171997.70
V 7024 -778851.45 -172003.37
V 7032 -778843.70 -172005.45
V 7040 -778744.20 -172005.45
V 7048 -778744.20 -172045.45
V 7056 -778843.70 -172045.45
V 7064 -778851.45 -172047.53
V 7072 -778857.12 -172053.20
V 7080 -778859.20 -172060.95
V 7088 -778859.20 -172131.95
V 7096 -778857.12 -172139.70
V 7104 -778851.45 -172145.37
V 7112 -778843.70 -172147.45
V 7120 -778744.20 -172147.45
V 7128 -778744.20 -172187.45
V 7136 -778843.70 -172187.45
V 7144 -778851.45 -172189.53
V 7152 -778857.12 -172195.20
V 7160 -778859.20 -172202.95
V 7168 -778859.20 -172273.95
V 7176 -778857.12 -172281.70
V 7184 -778851.45 -172287.37
V 7192 -778843.70 -172289.45
V 7200 -778744.20 -172289.45
V 7208 -778744.20 -172329.45
V 7216 -778843.70 -172329.45
V 7224 -778851.45 -172331.53
V 7232 -778857.12 -172337.20
V 7240 -778859.20 -172344.95
V 7248 -778859.20 -172415.95
V 7256 -778857.12 -172423.70
V 7264 -778851.45 -172429.37
V 7272 -778843.70 -172431.45
V 7280 -778744.20 -172431.45
V 7288 -778744.20 -172471.45
V 7296 -778843.70 -172471.45
V 7304 -778851.45 -172473.53
V 7312 -778857.12 -172479.20
V 7320 -778859.20 -172486.95
V 7328 -778859.20 -172557.95
V 7336 -778857.12 -172565.70
V 7344 -778851.45 -172571.37
V 7352 -778843.70 -172573.45
V 7360 -778744.20 -172573.45
V 7368 -778744.20 -172613.45
V 7376 -778843.70 -172613.45
V 7384 -778851.45 -172615.53
V 7392 -778857.12 -172621.20
V 7400 -778859.20 -172628.95
V 7408 -778859.20 -172699.95
V 7416 -778857.12 -172707.70
V 7424 -778851.45 -172713.37
V 7432 -778843.70 -172715.45
V 7440 -778744.20 -172715.45
V 7448 -778744.20 -172755.45
V 7456 -778843.70 -172755.45
V 7464 -778851.45 -172757.53
V 7472 -778857.12 -172763.20
V 7480 -778859.20 -172770.95
V 7488 -778859.20 -172841.95
V 7496 -778857.12 -172849.70
V 7504 -778851.45 -172855.37
V 7512 -778843.70 -172857.45
V 7520 -778744.20 -172857.45
V 7528 -778744.20 -172897.45
V 7536 -778843.70 -172897.45
V 7544 -778851.45 -172899.53
V 7552 -778857.12 -172905.20
V 7560 -778859.20 -172912.95
V 7568 -778859.20 -172983.95
V 7576 -778857.12 -172991.70
V 7584 -778851.45 -172997.37
V 7592 -778843.70 -172999.45
V 7600 -778744.20 -172999.45
V 7608 -778744.20 -173039.45
V 7616 -778843.70 -173039.45
V 7624 -778851.45 -173041.53
V 7632 -778857.12 -173047.20
V 7640 -778859.20 -173054.95
V 7648 -778859.20 -173125.95
V 7656 -778857.12 -173133.70
V 7664 -778851.45 -173139.37
V 7672 -778843.70 -173141.45
V 7680 -778744.20 -173141.45
V 7688 -778744.20 -173181.45
V 7696 -778843.70 -173181.45
V 7704 -778851.45 -173183.53
V 7712 -778857.12 -173189.20
V 7720 -778859.20 -173196.95
V 7728 -778859.20 -173267.95
V 7736 -778857.12 -173275.70
V 7744 -778851.45 -173281.37
V 7752 -778843.70 -173283.45
V 7760 -778744.20 -173283.45
V 7768 -778744.20 -173323.45
V 7776 -778843.70 -173323.45
V 7784 -778851.45 -173325.53
V 7792 -778857.12 -173331.20
V 7800 -778859.20 -173338.95
V 7808 -778859.20 -173409.95
V 7816 -778857.12 -173417.70
V 7824 -778851.45 -173423.37
V 7832 -778843.70 -173425.45
V 7840 -778744.20 -173425.45
V 7848 -778744.20 -173465.45
V 7856 -778843.70 -173465.45
V 7864 -778851.45 -173467.53
V 7872 -778857.12 -173473.20
V 7880 -778859.20 -173480.95
V 7888 -778859.20 -173551.95
V 7896 -778857.12 -173559.70
V 7904 -778851.45 -173565.37
V 7912 -778843.70 -173567.45
V 7920 -778744.20 -173567.45
V 7928 -778744.20 -173607.45
V 7936 -778843.70 -173607.45
V 7944 -778851.45 -173609.53
V 7952 -778857.12 -173615.20
V 7960 -778859.20 -173622.95
V 7968 -778859.20 -173693.95
V 7976 -778857.12 -173701.70
V 7984 -778851.45 -173707.37
V 7992 -778843.70 -173709.45
V 8000 -778744.20 -173709.45
V 8008 -778744.20 -173749.45
V 8016 -778843.70 -173749.45
V 8024 -778851.45 -173751.53
V 8032 -778857.12 -173757.20
V 8040 -778859.20 -173764.95
V 8048 -778859.20 -173835.95
V 8056 -778857.12 -173843.70
V 8064 -778851.45 -173849.37
V 8072 -778843.70 -173851.45
V 8080 -778744.20 -173851.45
V 8088 -778744.20 -173891.45
V 8096 -778843.70 -173891.45
V 8104 -778851.45 -173893.53
V 8112 -778857.12 -173899.20
V 8120 -778859.20 -173906.95
V 8128 -778859.20 -173977.95
V 8136 -778857.12 -173985.70
V 8144 -778851.45 -173991.37
V 8152 -778843.70 -173993.45
V 8160 -778744.20 -173993.45
V 8168 -778744.20 -174033.45
V 8176 -778843.70 -174033.45
V 8184 -778851.45 -174035.53
V 8192 -778857.12 -174041.20
V 8200 -778859.20 -174048.95
V 8208 -778859.20 -174119.95
V 8216 -778857.12 -174127.70
V 8224 -778851.45 -174133.37
V 8232 -778843.70 -174135.45
V 8240 -778744.20 -174135.45
V 8248 -778744.20 -174175.45
V 8256 -778843.70 -174175.45
V 8264 -778851.45 -174177.53
V 8272 -778857.12 -174183.20
V 8280 -778859.20 -174190.95
V 8288 -778859.20 -174261.95
V 8296 -778857.12 -174269.70
V 8304 -778851.45 -174275.37
V 8312 -778843.70 -174277.45
V 8320 -778744.20 -174277.45
V 8328 -778744.20 -174317.45
V 8336 -778843.70 -174317.45
V 8344 -778851.45 -174319.53
V 8352 -778857.12 -174325.20
V 8360 -778859.20 -174332.95
V 8368 -778859.20 -174403.95
V 8376 -778857.12 -174411.70
V 8384 -778851.45 -174417.37
V 8392 -778843.70 -174419.45
V 8400 -778744.20 -174419.45
V 8408 -778744.20 -174459.45
V 8416 -778843.70 -174459.45
V 8424 -778851.45 -174461.53
V 8432 -778857.12 -174467.20
V 8440 -778859.20 -174474.95
V 8448 -778859.20 -174545.95
V 8456 -778857.12 -174553.70
V 8464 -778851.45 -174559.37
V 8472 -778843.70 -174561.45
V 8480 -778744.20 -174561.45
V 8488 -778744.20 -174601.45
V 8496 -778843.70 -174601.45
V 8504 -778851.45 -174603.53
V 8512 -778857.12 -174609.20
V 8520 -778859.20 -174616.95
V 8528 -778859.20 -174687.95
V 8536 -778857.12 -174695.70
V 8544 -778851.45 -174701.37
V 8552 -778843.70 -174703.45
V 8560 -778744.20 -174703.45
V 8568 -778744.20 -174743.45
V 8576 -778843.70 -174743.45
V 8584 -778851.45 -174745.53
V 8592 -778857.12 -174751.20
V 8600 -778859.20 -174758.95
V 8608 -778859.20 -174829.95
V 8616 -778857.12 -174837.70
V 8624 -778851.45 -174843.37
V 8632 -778843.70 -174845.45
V 8640 -778744.20 -174845.45
V 8648 -778744.20 -174885.45
V 8656 -778843.70 -174885.45
V 8664 -778851.45 -174887.53
V 8672 -778857.12 -174893.20
V 8680 -778859.20 -174900.95
V 8688 -778859.20 -174971.95
V 8696 -778857.12 -174979.70
V 8704 -778851.45 -174985.37
V 8712 -778843.70 -174987.45
V 8720 -778744.20 -174987.45
V 8728 -778744.20 -175027.45
V 8736 -778843.70 -175027.45
V 8744 -778851.45 -175029.53
V 8752 -778857.12 -175035.20
V 8760 -778859.20 -175042.95
V 8768 -778859.20 -175113.95
V 8776 -778857.12 -175121.70
V 8784 -778851.45 -175127.37
V 8792 -778843.70 -175129.45
V 8800 -778744.20 -175129.45
V 8808 -778744.20 -175169.45
V 8816 -778843.70 -175169.45
V 8824 -778851.45 -175171.53
V 8832 -778857.12 -175177.20
V 8840 -778859.20 -175184.95
V 8848 -778859.20 -175255.95
V 8856 -778857.12 -175263.70
V 8864 -778851.45 -175269.37
V 8872 -778843.70 -175271.45
V 8880 -778744.20 -175271.45
V 8888 -778744.20 -175311.45
V 8896 -778843.70 -175311.45
V 8904 -778851.45 -175313.53
V 8912 -778857.12 -175319.20
V 8920 -778859.20 -175326.95
V 8928 -778859.20 -175397.95
V 8936 -778857.12 -175405.70
V 8944 -778851.45 -175411.37
V 8952 -778843.70 -175413.45
V 8960 -778744.20 -175413.45
V 8968 -778744.20 -175453.45
V 8976 -778843.70 -175453.45
V 8984 -778851.45 -175455.53
V 8992 -778857.12 -175461.20
V 9000 -778859.20 -175468.95
V 9008 -778859.20 -175539.95
V 9016 -778857.12 -175547.70
V 9024 -778851.45 -175553.37
V 9032 -778843.70 -175555.45
V 9040 -778744.20 -175555.45
V 9048 -778744.20 -175595.45
V 9056 -778843.70 -175595.45
V 9064 -778851.45 -175597.53
V 9072 -778857.12 -175603.20
V 9080 -778859.20 -175610.95
V 9088 -778859.20 -175681.95
V 9096 -778857.12 -175689.70
V 9104 -778851.45 -175695.37
V 9112 -778843.70 -175697.45
V 9120 -778744.20 -175697.45
V 9128 -778744.20 -175737.45
V 9136 -778843.70 -175737.45
V 9144 -778851.45 -175739.53
V 9152 -778857.12 -175745.20
V 9160 -778859.20 -175752.95
V 9168 -778859.20 -175823.95
V 9176 -778857.12 -175831.70
V 9184 -778851.45 -175837.37
V 9192 -778843.70 -175839.45
V 9200 -778744.20 -175839.45
V 9208 -778744.20 -175879.45
V 9216 -778843.70 -175879.45
V 9224 -778851.45 -175881.53
V 9232 -778857.12 -175887.20
V 9240 -778859.20 -175894.95
V 9248 -778859.20 -175965.95
V 9256 -778857.12 -175973.70
V 9264 -778851.45 -175979.37
V 9272 -778843.70 -175981.45
V 9280 -778744.20 -175981.45
V 9288 -778744.20 -176021.45
V 9296 -778843.70 -176021.45
V 9304 -778851.45 -176023.53
V 9312 -778857.12 -176029.20
V 9320 -778859.20 -176036.95
V 9328 -778859.20 -176107.95
V 9336 -778857.12 -176115.70
V 9344 -778851.45 -176121.37
V 9352 -778843.70 -176123.45
V 9360 -778744.20 -176123.45
V 9368 -778744.20 -176163.45
V 9376 -778843.70 -176163.45
V 9384 -778851.45 -176165.53
V 9392 -778857.12 -176171.20
V 9400 -778859.20 -176178.95
V 9408 -778859.20 -176249.95
V 9416 -778857.12 -176257.70
V 9424 -778851.45 -176263.37
V 9432 -778843.70 -176265.45
V 9440 -778744.20 -176265.45
V 9448 -778744.20 -176305.45
V 9456 -778843.70 -176305.45
V 9464 -778851.45 -176307.53
V 9472 -778857.12 -176313.20
V 9480 -778859.20 -176320.95
V 9488 -778859.20 -176391.95
V 9496 -778857.12 -176399.70
V 9504 -778851.45 -176405.37
V 9512 -778843.70 -176407.45
V 9520 -778744.20 -176407.45
V 9528 -778744.20 -176447.45
V 9536 -778843.70 -176447.45
V 9544 -778851.45 -176449.53
V 9552 -778857.12 -176455.20
V 9560 -778859.20 -176462.95
V 9568 -778859.20 -176533.95
V 9576 -778857.12 -176541.70
V 9584 -778851.45 -176547.37
V 9592 -778843.70 -176549.45
V 9600 -778744.20 -176549.45
V 9608 -778744.20 -176589.45
V 9616 -778843.70 -176589.45
V 9624 -778851.45 -176591.53
V 9632 -778857.12 -176597.20
V 9640 -778859.20 -176604.95
V 9648 -778859.20 -176675.95
V 9656 -778857.12 -176683.70
V 9664 -778851.45 -176689.37
V 9672 -778843.70 -176691.45
V 9680 -778744.20 -176691.45
V 9688 -778744.20 -176731.45
V 9696 -778843.70 -176731.45
V 9704 -778851.45 -176733.53
V 9712 -778857.12 -176739.20
V 9720 -778859.20 -176746.95
V 9728 -778859.20 -176817.95
V 9736 -778857.12 -176825.70
V 9744 -778851.45 -176831.37
V 9752 -778843.70 -176833.45
V 9760 -778744.20 -176833.45
V 9768 -778744.20 -176873.45
V 9776 -778843.70 -176873.45
V 9784 -778851.45 -176875.53
V 9792 -778857.12 -176881.20
V 9800 -778859.20 -176888.95
V 9808 -778859.20 -176959.95
V 9816 -778857.12 -176967.70
V 9824 -778851.45 -176973.37
V 9832 -778843.70 -176975.45
V 9840 -778744.20 -176975.45
V 9848 -778744.20 -177015.45
V 9856 -778843.70 -177015.45
V 9864 -778851.45 -177017.53
V 9872 -778857.12 -177023.20
V 9880 -778859.20 -177030.95
V 9888 -778859.20 -177101.95
V 9896 -778857.12 -177109.70
V 9904 -778851.45 -177115.37
V 9912 -778843.70 -177117.45
V 9920 -778744.20 -177117.45
V 9928 -778744.20 -177157.45
V 9936 -778843.70 -177157.45
V 9944 -778851.45 -177159.53
V 9952 -778857.12 -177165.20
V 9960 -778859.20 -177172.95
V 9968 -778859.20 -177243.95
V 9976 -778857.12 -177251.70
V 9984 -778851.45 -177257.37
V 9992 -778843.70 -177259.45
V 10000 -778744.20 -177259.45
V 10008 -778744.20 -177299.45
V 10016 -778843.70 -177299.45
V 10024 -778851.45 -177301.53
V 10032 -778857.12 -177307.20
V 10040 -778859.20 -177314.95
V 10048 -778859.20 -177385.95
V 10056 -778857.12 -177393.70
V 10064 -778851.45 -177399.37
V 10072 -778843.70 -177401.45
V 10080 -778744.20 -177401.45
V 10088 -778744.20 -177441.45
V 10096 -778843.70 -177441.45
V 10104 -778851.45 -177443.53
V 10112 -778857.12 -177449.20
V 10120 -778859.20 -177456.95
V 10128 -778859.20 -177527.95
V 10136 -778857.12 -177535.70
V 10144 -778851.45 -177541.37
V 10152 -778843.70 -177543.45
V 10160 -778744.20 -177543.45
V 10168 -778744.20 -177583.45
V 10176 -778843.70 -177583.45
V 10184 -778851.45 -177585.53
V 10192 -778857.12 -177591.20
V 10200 -778859.20 -177598.95
V 10208 -778859.20 -177669.95
V 10216 -778857.12 -177677.70
V 10224 -778851.45 -177683.37
V 10232 -778843.70 -177685.45
V 10240 -778744.20 -177685.45
V 10248 -778744.20 -177725.45
V 10256 -778843.70 -177725.45
V 10264 -778851.45 -177727.53
V 10272 -778857.12 -177733.20
V 10280 -778859.20 -177740.95
V 10288 -778859.20 -177811.95
V 10296 -778857.12 -177819.70
V 10304 -778851.45 -177825.37
V 10312 -778843.70 -177827.45
V 10320 -778744.20 -177827.45
V 10328 -778744.20 -177867.45
V 10336 -778843.70 -177867.45
V 10344 -778851.45 -177869.53
V 10352 -778857.12 -177875.20
V 10360 -778859.20 -177882.95
V 10368 -778859.20 -177953.95
V 10376 -778857.12 -177961.70
V 10384 -778851.45 -177967.37
V 10392 -778843.70 -177969.45
V 10400 -778744.20 -177969.45
V 10408 -778744.20 -178009.45
V 10416 -778843.70 -178009.45
V 10424 -778851.45 -178011.53
V 10432 -778857.12 -178017.20
V 10440 -778859.20 -178024.95
V 10448 -778859.20 -178095.95
V 10456 -778857.12 -178103.70
V 10464 -778851.45 -178109.37
V 10472 -778843.70 -178111.45
V 10480 -778744.20 -178111.45
V 10488 -778744.20 -178151.45
V 10496 -778843.70 -178151.45
V 10504 -778851.45 -178153.53
V 10512 -778857.12 -178159.20
V 10520 -778859.20 -178166.95
V 10528 -778859.20 -178237.95
V 10536 -778857.12 -178245.70
V 10544 -778851.45 -178251.37
V 10552 -778843.70 -178253.45
V 10560 -778744.20 -178253.45
V 10568 -778744.20 -178293.45
V 10576 -778843.70 -178293.45
V 10584 -778851.45 -178295.53
V 10592 -778857.12 -178301.20
V 10600 -778859.20 -178308.95
V 10608 -778859.20 -178379.95
V 10616 -778857.12 -178387.70
V 10624 -778851.45 -178393.37
V 10632 -778843.70 -178395.45
V 10640 -778801.70 -178395.45
V 10648 -778801.70 -178404.45
V 10656 -778770.70 -178404.45
V 10664 -778770.70 -178379.95
V 10672 -778770.74 -178378.84
V 10680 -778770.86 -178377.74
V 10688 -778771.05 -178376.66
V 10696 -778771.33 -178375.58
V 10704 -778771.68 -178374.53
V 10712 -778772.10 -178373.51
V 10720 -778772.60 -178372.52
V 10728 -778773.16 -178371.57
V 10736 -778773.79 -178370.66
V 10744 -778774.49 -178369.80
V 10752 -778775.24 -178368.99
V 10760 -778776.05 -178368.24
V 10768 -778776.91 -178367.54
V 10776 -778777.82 -178366.91
V 10784 -778778.77 -178366.35
V 10792 -778779.76 -178365.85
V 10800 -778780.78 -178365.43
V 10808 -778781.83 -178365.08
V 10816 -778782.91 -178364.80
V 10824 -778783.99 -178364.61
V 10832 -778785.09 -178364.49
V 10840 -778786.20 -178364.45
V 10848 -778828.20 -178364.45
V 10856 -778828.20 -178324.45
V 10864 -778728.70 -178324.45
V 10872 -778720.95 -178322.37
V 10880 -778715.28 -178316.70
V 10888 -778713.20 -178308.95
V 10896 -778713.20 -178237.95
V 10904 -778715.28 -178230.20
V 10912 -778720.95 -178224.53
V 10920 -778728.70 -178222.45
V 10928 -778828.20 -178222.45
V 10936 -778828.20 -178182.45
V 10944 -778728.70 -178182.45
V 10952 -778720.95 -178180.37
V 10960 -778715.28 -178174.70
V 10968 -778713.20 -178166.95
V 10976 -778713.20 -178095.95
V 10984 -778715.28 -178088.20
V 10992 -778720.95 -178082.53
V 11000 -778728.70 -178080.45
V 11008 -778828.20 -178080.45
V 11016 -778828.20 -178040.45
V 11024 -778728.70 -178040.45
V 11032 -778720.95 -178038.37
V 11040 -778715.28 -178032.70
V 11048 -778713.20 -178024.95
V 11056 -778713.20 -177953.95
V 11064 -778715.28 -177946.20
V 11072 -778720.95 -177940.53
V 11080 -778728.70 -177938.45
V 11088 -778828.20 -177938.45
V 11096 -778828.20 -177898.45
V 11104 -778728.70 -177898.45
V 11112 -778720.95 -177896.37
V 11120 -778715.28 -177890.70
V 11128 -778713.20 -177882.95
V 11136 -778713.20 -177811.95
V 11144 -778715.28 -177804.20
V 11152 -778720.95 -177798.53
V 11160 -778728.70 -177796.45
V 11168 -778828.20 -177796.45
V 11176 -778828.20 -177756.45
V 11184 -778728.70 -177756.45
V 11192 -778720.95 -177754.37
V 11200 -778715.28 -177748.70
V 11208 -778713.20 -177740.95
V 11216 -778713.20 -177669.95
V 11224 -778715.28 -177662.20
V 11232 -778720.95 -177656.53
V 11240 -778728.70 -177654.45
V 11248 -778828.20 -177654.45
V 11256 -778828.20 -177614.45
V 11264 -778728.70 -177614.45
V 11272 -778720.95 -177612.37
V 11280 -778715.28 -177606.70
V 11288 -778713.20 -177598.95
V 11296 -778713.20 -177527.95
V 11304 -778715.28 -177520.20
V 11312 -778720.95 -177514.53
V 11320 -778728.70 -177512.45
V 11328 -778828.20 -177512.45
V 11336 -778828.20 -177472.45
V 11344 -778728.70 -177472.45
V 11352 -778720.95 -177470.37
V 11360 -778715.28 -177464.70
V 11368 -778713.20 -177456.95
V 11376 -778713.20 -177385.95
V 11384 -778715.28 -177378.20
V 11392 -778720.95 -177372.53
V 11400 -778728.70 -177370.45
V 11408 -778828.20 -177370.45
V 11416 -778828.20 -177330.45
V 11424 -778728.70 -177330.45
V 11432 -778720.95 -177328.37
V 11440 -778715.28 -177322.70
V 11448 -778713.20 -177314.95
V 11456 -778713.20 -177243.95
V 11464 -778715.28 -177236.20
V 11472 -778720.95 -177230.53
V 11480 -778728.70 -177228.45
V 11488 -778828.20 -177228.45
V 11496 -778828.20 -177188.45
V 11504 -778728.70 -177188.45
V 11512 -778720.95 -177186.37
V 11520 -778715.28 -177180.70
V 11528 -778713.20 -177172.95
V 11536 -778713.20 -177101.95
V 11544 -778715.28 -177094.20
V 11552 -778720.95 -177088.53
V 11560 -778728.70 -177086.45
V 11568 -778828.20 -177086.45
V 11576 -778828.20 -177046.45
V 11584 -778728.70 -177046.45
V 11592 -778720.95 -177044.37
V 11600 -778715.28 -177038.70
V 11608 -778713.20 -177030.95
V 11616 -778713.20 -176959.95
V 11624 -778715.28 -176952.20
V 11632 -778720.95 -176946.53
V 11640 -778728.70 -176944.45
V 11648 -778828.20 -176944.45
V 11656 -778828.20 -176904.45
V 11664 -778728.70 -176904.45
V 11672 -778720.95 -176902.37
V 11680 -778715.28 -176896.70
V 11688 -778713.20 -176888.95
V 11696 -778713.20 -176817.95
V 11704 -778715.28 -176810.20
V 11712 -778720.95 -176804.53
V 11720 -778728.70 -176802.45
V 11728 -778828.20 -176802.45
V 11736 -778828.20 -176762.45
V 11744 -778728.70 -176762.45
V 11752 -778720.95 -176760.37
V 11760 -778715.28 -176754.70
V 11768 -778713.20 -176746.95
V 11776 -778713.20 -176675.95
V 11784 -778715.28 -176668.20
V 11792 -778720.95 -176662.53
V 11800 -778728.70 -176660.45
V 11808 -778828.20 -176660.45
V 11816 -778828.20 -176620.45
V 11824 -778728.70 -176620.45
V 11832 -778720.95 -176618.37
V 11840 -778715.28 -176612.70
V 11848 -778713.20 -176604.95
V 11856 -778713.20 -176533.95
V 11864 -778715.28 -176526.20
V 11872 -778720.95 -176520.53
V 11880 -778728.70 -176518.45
V 11888 -778828.20 -176518.45
V 11896 -778828.20 -176478.45
V 11904 -778728.70 -176478.45
V 11912 -778720.95 -176476.37
V 11920 -778715.28 -176470.70
V 11928 -778713.20 -176462.95
V 11936 -778713.20 -176391.95
V 11944 -778715.28 -176384.20
V 11952 -778720.95 -176378.53
V 11960 -778728.70 -176376.45
V 11968 -778828.20 -176376.45
V 11976 -778828.20 -176336.45
V 11984 -778728.70 -176336.45
V 11992 -778720.95 -176334.37
V 12000 -778715.28 -176328.70
V 12008 -778713.20 -176320.95
V 12016 -778713.20 -176249.95
V 12024 -778715.28 -176242.20
V 12032 -778720.95 -176236.53
V 12040 -778728.70 -176234.45
V 12048 -778828.20 -176234.45
V 12056 -778828.20 -176194.45
V 12064 -778728.70 -176194.45
V 12072 -778720.95 -176192.37
V 12080 -778715.28 -176186.70
V 12088 -778713.20 -176178.95
V 12096 -778713.20 -176107.95
V 12104 -778715.28 -176100.20
V 12112 -778720.95 -176094.53
V 12120 -778728.70 -176092.45
V 12128 -778828.20 -176092.45
V 12136 -778828.20 -176052.45
V 12144 -778728.70 -176052.45
V 12152 -778720.95 -176050.37
V 12160 -778715.28 -176044.70
V 12168 -778713.20 -176036.95
V 12176 -778713.20 -175965.95
V 12184 -778715.28 -175958.20
V 12192 -778720.95 -175952.53
V 12200 -778728.70 -175950.45
V 12208 -778828.20 -175950.45
V 12216 -778828.20 -175910.45
V 12224 -778728.70 -175910.45
V 12232 -778720.95 -175908.37
V 12240 -778715.28 -175902.70
V 12248 -778713.20 -175894.95
V 12256 -778713.20 -175823.95
V 12264 -778715.28 -175816.20
V 12272 -778720.95 -175810.53
V 12280 -778728.70 -175808.45
V 12288 -778828.20 -175808.45
V 12296 -778828.20 -175768.45
V 12304 -778728.70 -175768.45
V 12312 -778720.95 -175766.37
V 12320 -778715.28 -175760.70
V 12328 -778713.20 -175752.95
V 12336 -778713.20 -175681.95
V 12344 -778715.28 -175674.20
V 12352 -778720.95 -175668.53
V 12360 -778728.70 -175666.45
V 12368 -778828.20 -175666.45
V 12376 -778828.20 -175626.45
V 12384 -778728.70 -175626.45
V 12392 -778720.95 -175624.37
V 12400 -778715.28 -175618.70
V 12408 -778713.20 -175610.95
V 12416 -778713.20 -175539.95
V 12424 -778715.28 -175532.20
V 12432 -778720.95 -175526.53
V 12440 -778728.70 -175524.45
V 12448 -778828.20 -175524.45
V 12456 -778828.20 -175484.45
V 12464 -778728.70 -175484.45
V 12472 -778720.95 -175482.37
V 12480 -778715.28 -175476.70
V 12488 -778713.20 -175468.95
V 12496 -778713.20 -175397.95
V 12504 -778715.28 -175390.20
V 12512 -778720.95 -175384.53
V 12520 -778728.70 -175382.45
V 12528 -778828.20 -175382.45
V 12536 -778828.20 -175342.45
V 12544 -778728.70 -175342.45
V 12552 -778720.95 -175340.37
V 12560 -778715.28 -175334.70
V 12568 -778713.20 -175326.95
V 12576 -778713.20 -175255.95
V 12584 -778715.28 -175248.20
V 12592 -778720.95 -175242.53
V 12600 -778728.70 -175240.45
V 12608 -778828.20 -175240.45
V 12616 -778828.20 -175200.45
V 12624 -778728.70 -175200.45
V 12632 -778720.95 -175198.37
V 12640 -778715.28 -175192.70
V 12648 -778713.20 -175184.95
V 12656 -778713.20 -175113.95
V 12664 -778715.28 -175106.20
V 12672 -778720.95 -175100.53
V 12680 -778728.70 -175098.45
V 12688 -778828.20 -175098.45
V 12696 -778828.20 -175058.45
V 12704 -778728.70 -175058.45
V 12712 -778720.95 -175056.37
V 12720 -778715.28 -175050.70
V 12728 -778713.20 -175042.95
V 12736 -778713.20 -174971.95
V 12744 -778715.28 -174964.20
V 12752 -778720.95 -174958.53
V 12760 -778728.70 -174956.45
V 12768 -778828.20 -174956.45
V 12776 -778828.20 -174916.45
V 12784 -778728.70 -174916.45
V 12792 -778720.95 -174914.37
V 12800 -778715.28 -174908.70
V 12808 -778713.20 -174900.95
V 12816 -778713.20 -174829.95
V 12824 -778715.28 -174822.20
V 12832 -778720.95 -174816.53
V 12840 -778728.70 -174814.45
V 12848 -778828.20 -174814.45
V 12856 -778828.20 -174774.45
V 12864 -778728.70 -174774.45
V 12872 -778720.95 -174772.37
V 12880 -778715.28 -174766.70
V 12888 -778713.20 -174758.95
V 12896 -778713.20 -174687.95
V 12904 -778715.28 -174680.20
V 12912 -778720.95 -174674.53
V 12920 -778728.70 -174672.45
V 12928 -778828.20 -174672.45
V 12936 -778828.20 -174632.45
V 12944 -778728.70 -174632.45
V 12952 -778720.95 -174630.37
V 12960 -778715.28 -174624.70
V 12968 -778713.20 -174616.95
V 12976 -778713.20 -174545.95
V 12984 -778715.28 -174538.20
V 12992 -778720.95 -174532.53
V 13000 -778728.70 -174530.45
V 13008 -778828.20 -174530.45
V 13016 -778828.20 -174490.45
V 13024 -778728.70 -174490.45
V 13032 -778720.95 -174488.37
V 13040 -778715.28 -174482.70
V 13048 -778713.20 -174474.95
V 13056 -778713.20 -174403.95
V 13064 -778715.28 -174396.20
V 13072 -778720.95 -174390.53
V 13080 -778728.70 -174388.45
V 13088 -778828.20 -174388.45
V 13096 -778828.20 -174348.45
V 13104 -778728.70 -174348.45
V 13112 -778720.95 -174346.37
V 13120 -778715.28 -174340.70
V 13128 -778713.20 -174332.95
V 13136 -778713.20 -174261.95
V 13144 -778715.28 -174254.20
V 13152 -778720.95 -174248.53
V 13160 -778728.70 -174246.45
V 13168 -778828.20 -174246.45
V 13176 -778828.20 -174206.45
V 13184 -778728.70 -174206.45
V 13192 -778720.95 -174204.37
V 13200 -778715.28 -174198.70
V 13208 -778713.20 -174190.95
V 13216 -778713.20 -174119.95
V 13224 -778715.28 -174112.20
V 13232 -778720.95 -174106.53
V 13240 -778728.70 -174104.45
V 13248 -778828.20 -174104.45
V 13256 -778828.20 -174064.45
V 13264 -778728.70 -174064.45
V 13272 -778720.95 -174062.37
V 13280 -778715.28 -174056.70
V 13288 -778713.20 -174048.95
V 13296 -778713.20 -173977.95
V 13304 -778715.28 -173970.20
V 13312 -778720.95 -173964.53
V 13320 -778728.70 -173962.45
V 13328 -778828.20 -173962.45
V 13336 -778828.20 -173922.45
V 13344 -778728.70 -173922.45
V 13352 -778720.95 -173920.37
V 13360 -778715.28 -173914.70
V 13368 -778713.20 -173906.95
V 13376 -778713.20 -173835.95
V 13384 -778715.28 -173828.20
V 13392 -778720.95 -173822.53
V 13400 -778728.70 -173820.45
V 13408 -778828.20 -173820.45
V 13416 -778828.20 -173780.45
V 13424 -778728.70 -173780.45
V 13432 -778720.95 -173778.37
V 13440 -778715.28 -173772.70
V 13448 -778713.20 -173764.95
V 13456 -778713.20 -173693.95
V 13464 -778715.28 -173686.20
V 13472 -778720.95 -173680.53
V 13480 -778728.70 -173678.45
V 13488 -778828.20 -173678.45
V 13496 -778828.20 -173638.45
V 13504 -778728.70 -173638.45
V 13512 -778720.95 -173636.37
V 13520 -778715.28 -173630.70
V 13528 -778713.20 -173622.95
V 13536 -778713.20 -173551.95
V 13544 -778715.28 -173544.20
V 13552 -778720.95 -173538.53
V 13560 -778728.70 -173536.45
V 13568 -778828.20 -173536.45
V 13576 -778828.20 -173496.45
V 13584 -778728.70 -173496.45
V 13592 -778720.95 -173494.37
V 13600 -778715.28 -173488.70
V 13608 -778713.20 -173480.95
V 13616 -778713.20 -173409.95
V 13624 -778715.28 -173402.20
V 13632 -778720.95 -173396.53
V 13640 -778728.70 -173394.45
V 13648 -778828.20 -173394.45
V 13656 -778828.20 -173354.45
V 13664 -778728.70 -173354.45
V 13672 -778720.95 -173352.37
V 13680 -778715.28 -173346.70
V 13688 -778713.20 -173338.95
V 13696 -778713.20 -173267.95
V 13704 -778715.28 -173260.20
V 13712 -778720.95 -173254.53
V 13720 -778728.70 -173252.45
V 13728 -778828.20 -173252.45
V 13736 -778828.20 -173212.45
V 13744 -778728.70 -173212.45
V 13752 -778720.95 -173210.37
V 13760 -778715.28 -173204.70
V 13768 -778713.20 -173196.95
V 13776 -778713.20 -173125.95
V 13784 -778715.28 -173118.20
V 13792 -778720.95 -173112.53
V 13800 -778728.70 -173110.45
V 13808 -778828.20 -173110.45
V 13816 -778828.20 -173070.45
V 13824 -778728.70 -173070.45
V 13832 -778720.95 -173068.37
V 13840 -778715.28 -173062.70
V 13848 -778713.20 -173054.95
V 13856 -778713.20 -172983.95
V 13864 -778715.28 -172976.20
V 13872 -778720.95 -172970.53
V 13880 -778728.70 -172968.45
V 13888 -778828.20 -172968.45
V 13896 -778828.20 -172928.45
V 13904 -778728.70 -172928.45
V 13912 -778720.95 -172926.37
V 13920 -778715.28 -172920.70
V 13928 -778713.20 -172912.95
V 13936 -778713.20 -172841.95
V 13944 -778715.28 -172834.20
V 13952 -778720.95 -172828.53
V 13960 -778728.70 -172826.45
V 13968 -778828.20 -172826.45
V 13976 -778828.20 -172786.45
V 13984 -778728.70 -172786.45
V 13992 -778720.95 -172784.37
V 14000 -778715.28 -172778.70
V 14008 -778713.20 -172770.95
V 14016 -778713.20 -172699.95
V 14024 -778715.28 -172692.20
V 14032 -778720.95 -172686.53
V 14040 -778728.70 -172684.45
V 14048 -778828.20 -172684.45
V 14056 -778828.20 -172644.45
V 14064 -778728.70 -172644.45
V 14072 -778720.95 -172642.37
V 14080 -778715.28 -172636.70
V 14088 -778713.20 -172628.95
V 14096 -778713.20 -172557.95
V 14104 -778715.28 -172550.20
V 14112 -778720.95 -172544.53
V 14120 -778728.70 -172542.45
V 14128 -778828.20 -172542.45
V 14136 -778828.20 -172502.45
V 14144 -778728.70 -172502.45
V 14152 -778720.95 -172500.37
V 14160 -778715.28 -172494.70
V 14168 -778713.20 -172486.95
V 14176 -778713.20 -172415.95
V 14184 -778715.28 -172408.20
V 14192 -778720.95 -172402.53
V 14200 -778728.70 -172400.45
V 14208 -778828.20 -172400.45
V 14216 -778828.20 -172360.45
V 14224 -778728.70 -172360.45
V 14232 -778720.95 -172358.37
V 14240 -778715.28 -172352.70
V 14248 -778713.20 -172344.95
V 14256 -778713.20 -172273.95
V 14264 -778715.28 -172266.20
V 14272 -778720.95 -172260.53
V 14280 -778728.70 -172258.45
V 14288 -778828.20 -172258.45
V 14296 -778828.20 -172218.45
V 14304 -778728.70 -172218.45
V 14312 -778720.95 -172216.37
V 14320 -778715.28 -172210.70
V 14328 -778713.20 -172202.95
V 14336 -778713.20 -172131.95
V 14344 -778715.28 -172124.20
V 14352 -778720.95 -172118.53
V 14360 -778728.70 -172116.45
V 14368 -778828.20 -172116.45
V 14376 -778828.20 -172076.45
V 14384 -778728.70 -172076.45
V 14392 -778720.95 -172074.37
V 14400 -778715.28 -172068.70
V 14408 -778713.20 -172060.95
V 14416 -778713.20 -171989.95
V 14424 -778715.28 -171982.20
V 14432 -778720.95 -171976.53
V 14440 -778728.70 -171974.45
V 14448 -778828.20 -171974.45
V 14456 -778828.20 -171934.45
V 14464 -778728.70 -171934.45
V 14472 -778720.95 -171932.37
V 14480 -778715.28 -171926.70
V 14488 -778713.20 -171918.95
V 14496 -778713.20 -171847.95
V 14504 -778715.28 -171840.20
V 14512 -778720.95 -171834.53
V 14520 -778728.70 -171832.45
V 14528 -778828.20 -171832.45
V 14536 -778828.20 -171792.45
V 14544 -778728.70 -171792.45
V 14552 -778720.95 -171790.37
V 14560 -778715.28 -171784.70
V 14568 -778713.20 -171776.95
V 14576 -778713.20 -171705.95
V 14584 -778715.28 -171698.20
V 14592 -778720.95 -171692.53
V 14600 -778728.70 -171690.45
V 14608 -778828.20 -171690.45
V 14616 -778828.20 -171650.45
V 14624 -778728.70 -171650.45
V 14632 -778720.95 -171648.37
V 14640 -778715.28 -171642.70
V 14648 -778713.20 -171634.95
V 14656 -778713.20 -171563.95
V 14664 -778715.28 -171556.20
V 14672 -778720.95 -171550.53
V 14680 -778728.70 -171548.45
V 14688 -778828.20 -171548.45
V 14696 -778828.20 -171508.45
V 14704 -778728.70 -171508.45
V 14712 -778720.95 -171506.37
V 14720 -778715.28 -171500.70
V 14728 -778713.20 -171492.95
V 14736 -778713.20 -171421.95
V 14744 -778715.28 -171414.20
V 14752 -778720.95 -171408.53
V 14760 -778728.70 -171406.45
V 14768 -778828.20 -171406.45
V 14776 -778828.20 -171366.45
V 14784 -778728.70 -171366.45
V 14792 -778720.95 -171364.37
V 14800 -778715.28 -171358.70
V 14808 -778713.20 -171350.95
V 14816 -778713.20 -171279.95
V 14824 -778715.28 -171272.20
V 14832 -778720.95 -171266.53
V 14840 -778728.70 -171264.45
V 14848 -778828.20 -171264.45
V 14856 -778828.20 -171224.45
V 14864 -778728.70 -171224.45
V 14872 -778720.95 -171222.37
V 14880 -778715.28 -171216.70
V 14888 -778713.20 -171208.95
V 14896 -778713.20 -171137.95
V 14904 -778715.28 -171130.20
V 14912 -778720.95 -171124.53
V 14920 -778728.70 -171122.45
V 14928 -778828.20 -171122.45
V 14936 -778828.20 -171082.45
V 14944 -778728.70 -171082.45
V 14952 -778720.95 -171080.37
V 14960 -778715.28 -171074.70
V 14968 -778713.20 -171066.95
V 14976 -778713.20 -170995.95
V 14984 -778715.28 -170988.20
V 14992 -778720.95 -170982.53
V 15000 -778728.70 -170980.45
V 15008 -778828.20 -170980.45
V 15016 -778828.20 -170940.45
V 15024 -778728.70 -170940.45
V 15032 -778720.95 -170938.37
V 15040 -778715.28 -170932.70
V 15048 -778713.20 -170924.95
V 15056 -778713.20 -170853.95
V 15064 -778715.28 -170846.20
V 15072 -778720.95 -170840.53
V 15080 -778728.70 -170838.45
V 15088 -778828.20 -170838.45
V 15096 -778828.20 -170798.45
V 15104 -778728.70 -170798.45
V 15112 -778720.95 -170796.37
V 15120 -778715.28 -170790.70
V 15128 -778713.20 -170782.95
V 15136 -778713.20 -170711.95
V 15144 -778715.28 -170704.20
V 15152 -778720.95 -170698.53
V 15160 -778728.70 -170696.45
V 15168 -778828.20 -170696.45
V 15176 -778828.20 -170656.45
V 15184 -778728.70 -170656.45
V 15192 -778720.95 -170654.37
V 15200 -778715.28 -170648.70
V 15208 -778713.20 -170640.95
V 15216 -778713.20 -170569.95
V 15224 -778715.28 -170562.20
V 15232 -778720.95 -170556.53
V 15240 -778728.70 -170554.45
V 15248 -778828.20 -170554.45
V 15256 -778828.20 -170514.45
V 15264 -778728.70 -170514.45
V 15272 -778720.95 -170512.37
V 15280 -778715.28 -170506.70
V 15288 -778713.20 -170498.95
V 15296 -778713.20 -170427.95
V 15304 -778715.28 -170420.20
V 15312 -778720.95 -170414.53
V 15320 -778728.70 -170412.45
V 15328 -778828.20 -170412.45
V 15336 -778828.20 -170372.45
V 15344 -778728.70 -170372.45
V 15352 -778720.95 -170370.37
V 15360 -778715.28 -170364.70
V 15368 -778713.20 -170356.95
V 15376 -778713.20 -170285.95
V 15384 -778715.28 -170278.20
V 15392 -778720.95 -170272.53
V 15400 -778728.70 -170270.45
V 15408 -778828.20 -170270.45
V 15416 -778828.20 -170230.45
V 15424 -778728.70 -170230.45
V 15432 -778720.95 -170228.37
V 15440 -778715.28 -170222.70
V 15448 -778713.20 -170214.95
V 15456 -778713.20 -170143.95
V 15464 -778715.28 -170136.20
V 15472 -778720.95 -170130.53
V 15480 -778728.70 -170128.45
V 15488 -778828.20 -170128.45
V 15496 -778828.20 -170088.45
V 15504 -778728.70 -170088.45
V 15512 -778720.95 -170086.37
V 15520 -778715.28 -170080.70
V 15528 -778713.20 -170072.95
V 15536 -778713.20 -170001.95
V 15544 -778715.28 -169994.20
V 15552 -778720.95 -169988.53
V 15560 -778728.70 -169986.45
V 15568 -778828.20 -169986.45
V 15576 -778828.20 -169946.45
V 15584 -778728.70 -169946.45
V 15592 -778720.95 -169944.37
V 15600 -778715.28 -169938.70
V 15608 -778713.20 -169930.95
V 15616 -778713.20 -169859.95
V 15624 -778715.28 -169852.20
V 15632 -778720.95 -169846.53
V 15640 -778728.70 -169844.45
V 15648 -778828.20 -169844.45
V 15656 -778828.20 -169804.45
V 15664 -778728.70 -169804.45
V 15672 -778720.95 -169802.37
V 15680 -778715.28 -169796.70
V 15688 -778713.20 -169788.95
V 15696 -778713.20 -169717.95
V 15704 -778715.28 -169710.20
V 15712 -778720.95 -169704.53
V 15720 -778728.70 -169702.45
V 15728 -778828.20 -169702.45
V 15736 -778828.20 -169662.45
V 15744 -778728.70 -169662.45
V 15752 -778720.95 -169660.37
V 15760 -778715.28 -169654.70
V 15768 -778713.20 -169646.95
V 15776 -778713.20 -169575.95
V 15784 -778715.28 -169568.20
V 15792 -778720.95 -169562.53
V 15800 -778728.70 -169560.45
V 15808 -778828.20 -169560.45
V 15816 -778828.20 -169520.45
V 15824 -778728.70 -169520.45
V 15832 -778720.95 -169518.37
V 15840 -778715.28 -169512.70
V 15848 -778713.20 -169504.95
V 15856 -778713.20 -169433.95
V 15864 -778715.28 -169426.20
V 15872 -778720.95 -169420.53
V 15880 -778728.70 -169418.45
V 15888 -778828.20 -169418.45
V 15896 -778828.20 -169378.45
V 15904 -778728.70 -169378.45
V 15912 -778720.95 -169376.37
V 15920 -778715.28 -169370.70
V 15928 -778713.20 -169362.95
V 15936 -778713.20 -169291.95
V 15944 -778715.28 -169284.20
V 15952 -778720.95 -169278.53
V 15960 -778728.70 -169276.45
V 15968 -778828.20 -169276.45
V 15976 -778828.20 -169236.45
V 15984 -778728.70 -169236.45
V 15992 -778720.95 -169234.37
V 16000 -778715.28 -169228.70
V 16008 -778713.20 -169220.95
V 16016 -778713.20 -169149.95
V 16024 -778715.28 -169142.20
V 16032 -778720.95 -169136.53
V 16040 -778728.70 -169134.45
V 16048 -778828.20 -169134.45
V 16056 -778828.20 -169094.45
V 16064 -778728.70 -169094.45
V 16072 -778720.95 -169092.37
V 16080 -778715.28 -169086.70
V 16088 -778713.20 -169078.95
V 16096 -778713.20 -169007.95
V 16104 -778715.28 -169000.20
V 16112 -778720.95 -168994.53
V 16120 -778728.70 -168992.45
V 16128 -778828.20 -168992.45
V 16136 -778828.20 -168952.45
V 16144 -778728.70 -168952.45
V 16152 -778720.95 -168950.37
V 16160 -778715.28 -168944.70
V 16168 -778713.20 -168936.95
V 16176 -778713.20 -168865.95
V 16184 -778715.28 -168858.20
V 16192 -778720.95 -168852.53
V 16200 -778728.70 -168850.45
V 16208 -778828.20 -168850.45
V 16216 -778828.20 -168810.45
V 16224 -778728.70 -168810.45
V 16232 -778720.95 -168808.37
V 16240 -778715.28 -168802.70
V 16248 -778713.20 -168794.95
V 16256 -778713.20 -168723.95
V 16264 -778715.28 -168716.20
V 16272 -778720.95 -168710.53
V 16280 -778728.70 -168708.45
V 16288 -778828.20 -168708.45
V 16296 -778828.20 -168668.45
V 16304 -778728.70 -168668.45
V 16312 -778720.95 -168666.37
V 16320 -778715.28 -168660.70
V 16328 -778713.20 -168652.95
V 16336 -778713.20 -168581.95
V 16344 -778715.28 -168574.20
V 16352 -778720.95 -168568.53
V 16360 -778728.70 -168566.45
V 16368 -778828.20 -168566.45
V 16376 -778828.20 -168526.45
V 16384 -778728.70 -168526.45
V 16392 -778720.95 -168524.37
V 16400 -778715.28 -168518.70
V 16408 -778713.20 -168510.95
V 16416 -778713.20 -168439.95
V 16424 -778715.28 -168432.20
V 16432 -778720.95 -168426.53
V 16440 -778728.70 -168424.45
V 16448 -778828.20 -168424.45
V 16456 -778828.20 -168384.45
V 16464 -778728.70 -168384.45
V 16472 -778720.95 -168382.37
V 16480 -778715.28 -168376.70
V 16488 -778713.20 -168368.95
V 16496 -778713.20 -168297.95
V 16504 -778715.28 -168290.20
V 16512 -778720.95 -168284.53
V 16520 -778728.70 -168282.45
V 16528 -778828.20 -168282.45
V 16536 -778828.20 -168242.45
V 16544 -778728.70 -168242.45
V 16552 -778720.95 -168240.37
V 16560 -778715.28 -168234.70
V 16568 -778713.20 -168226.95
V 16576 -778713.20 -168155.95
V 16584 -778715.28 -168148.20
V 16592 -778720.95 -168142.53
V 16600 -778728.70 -168140.45
V 16608 -778828.20 -168140.45
V 16616 -778828.20 -168100.45
V 16624 -778728.70 -168100.45
V 16632 -778720.95 -168098.37
V 16640 -778715.28 -168092.70
V 16648 -778713.20 -168084.95
V 16656 -778713.20 -168013.95
V 16664 -778715.28 -168006.20
V 16672 -778720.95 -168000.53
V 16680 -778728.70 -167998.45
V 16688 -778828.20 -167998.45
V 16696 -778828.20 -167958.45
V 16704 -778728.70 -167958.45
V 16712 -778720.95 -167956.37
V 16720 -778715.28 -167950.70
V 16728 -778713.20 -167942.95
V 16736 -778713.20 -167871.95
V 16744 -778715.28 -167864.20
V 16752 -778720.95 -167858.53
V 16760 -778728.70 -167856.45
V 16768 -778828.20 -167856.45
V 16776 -778828.20 -167816.45
V 16784 -778728.70 -167816.45
V 16792 -778720.95 -167814.37
V 16800 -778715.28 -167808.70
V 16808 -778713.20 -167800.95
V 16816 -778713.20 -167729.95
V 16824 -778715.28 -167722.20
V 16832 -778720.95 -167716.53
V 16840 -778728.70 -167714.45
V 16848 -778828.20 -167714.45
V 16856 -778828.20 -167674.45
V 16864 -778728.70 -167674.45
V 16872 -778720.95 -167672.37
V 16880 -778715.28 -167666.70
V 16888 -778713.20 -167658.95
V 16896 -778713.20 -167587.95
V 16904 -778715.28 -167580.20
V 16912 -778720.95 -167574.53
V 16920 -778728.70 -167572.45
V 16928 -778828.20 -167572.45
V 16936 -778828.20 -167532.45
V 16944 -778728.70 -167532.45
V 16952 -778720.95 -167530.37
V 16960 -778715.28 -167524.70
V 16968 -778713.20 -167516.95
V 16976 -778713.20 -167445.95
V 16984 -778715.28 -167438.20
V 16992 -778720.95 -167432.53
V 17000 -778728.70 -167430.45
V 17008 -778828.20 -167430.45
V 17016 -778828.20 -167390.45
V 17024 -778728.70 -167390.45
V 17032 -778720.95 -167388.37
V 17040 -778715.28 -167382.70
V 17048 -778713.20 -167374.95
V 17056 -778713.20 -167303.95
V 17064 -778715.28 -167296.20
V 17072 -778720.95 -167290.53
V 17080 -778728.70 -167288.45
V 17088 -778828.20 -167288.45
V 17096 -778828.20 -167248.45
V 17104 -778728.70 -167248.45
V 17112 -778720.95 -167246.37
V 17120 -778715.28 -167240.70
V 17128 -778713.20 -167232.95
V 17136 -778713.20 -167161.95
V 17144 -778715.28 -167154.20
V 17152 -778720.95 -167148.53
V 17160 -778728.70 -167146.45
V 17168 -778828.20 -167146.45
V 17176 -778828.20 -167106.45
V 17184 -778728.70 -167106.45
V 17192 -778720.95 -167104.37
V 17200 -778715.28 -167098.70
V 17208 -778713.20 -167090.95
V 17216 -778713.20 -167019.95
V 17224 -778715.28 -167012.20
V 17232 -778720.95 -167006.53
V 17240 -778728.70 -167004.45
V 17248 -778828.20 -167004.45
V 17256 -778828.20 -166964.45
V 17264 -778728.70 -166964.45
V 17272 -778720.95 -166962.37
V 17280 -778715.28 -166956.70
V 17288 -778713.20 -166948.95
V 17296 -778713.20 -166877.95
V 17304 -778715.28 -166870.20
V 17312 -778720.95 -166864.53
V 17320 -778728.70 -166862.45
V 17328 -778828.20 -166862.45
V 17336 -778828.20 -166822.45
V 17344 -778728.70 -166822.45
V 17352 -778720.95 -166820.37
V 17360 -778715.28 -166814.70
V 17368 -778713.20 -166806.95
V 17376 -778713.20 -166735.95
V 17384 -778715.28 -166728.20
V 17392 -778720.95 -166722.53
V 17400 -778728.70 -166720.45
V 17408 -778828.20 -166720.45
V 17416 -778828.20 -166680.45
V 17424 -778728.70 -166680.45
V 17432 -778720.95 -166678.37
V 17440 -778715.28 -166672.70
V 17448 -778713.20 -166664.95
V 17456 -778713.20 -166593.95
V 17464 -778715.28 -166586.20
V 17472 -778720.95 -166580.53
V 17480 -778728.70 -166578.45
V 17488 -778828.20 -166578.45
V 17496 -778828.20 -166538.45
V 17504 -778728.70 -166538.45
V 17512 -778720.95 -166536.37
V 17520 -778715.28 -166530.70
V 17528 -778713.20 -166522.95
V 17536 -778713.20 -166451.95
V 17544 -778715.28 -166444.20
V 17552 -778720.95 -166438.53
V 17560 -778728.70 -166436.45
V 17568 -778828.20 -166436.45
V 17576 -778828.20 -166396.45
V 17584 -778728.70 -166396.45
V 17592 -778720.95 -166394.37
V 17600 -778715.28 -166388.70
V 17608 -778713.20 -166380.95
V 17616 -778713.20 -166309.95
V 17624 -778715.28 -166302.20
V 17632 -778720.95 -166296.53
V 17640 -778728.70 -166294.45
V 17648 -778828.20 -166294.45
V 17656 -778828.20 -166254.45
V 17664 -778728.70 -166254.45
V 17672 -778720.95 -166252.37
V 17680 -778715.28 -166246.70
V 17688 -778713.20 -166238.95
V 17696 -778713.20 -166167.95
V 17704 -778715.28 -166160.20
V 17712 -778720.95 -166154.53
V 17720 -778728.70 -166152.45
V 17728 -778828.20 -166152.45
V 17736 -778828.20 -166112.45
V 17744 -778728.70 -166112.45
V 17752 -778720.95 -166110.37
V 17760 -778715.28 -166104.70
V 17768 -778713.20 -166096.95
V 17776 -778713.20 -166025.95
V 17784 -778715.28 -166018.20
V 17792 -778720.95 -166012.53
V 17800 -778728.70 -166010.45
V 17808 -778828.20 -166010.45
V 17816 -778828.20 -165970.45
V 17824 -778728.70 -165970.45
V 17832 -778720.95 -165968.37
V 17840 -778715.28 -165962.70
V 17848 -778713.20 -165954.95
V 17856 -778713.20 -165883.95
V 17864 -778715.28 -165876.20
V 17872 -778720.95 -165870.53
V 17880 -778728.70 -165868.45
V 17888 -778828.20 -165868.45
V 17896 -778828.20 -165828.45
V 17904 -778728.70 -165828.45
V 17912 -778720.95 -165826.37
V 17920 -778715.28 -165820.70
V 17928 -778713.20 -165812.95
V 17936 -778713.20 -165741.95
V 17944 -778715.28 -165734.20
V 17952 -778720.95 -165728.53
V 17960 -778728.70 -165726.45
V 17968 -778828.20 -165726.45
V 17976 -778828.20 -165686.45
V 17984 -778728.70 -165686.45
V 17992 -778720.95 -165684.37
V 18000 -778715.28 -165678.70
V 18008 -778713.20 -165670.95
V 18016 -778713.20 -165599.95
V 18024 -778715.28 -165592.20
V 18032 -778720.95 -165586.53
V 18040 -778728.70 -165584.45
V 18048 -778828.20 -165584.45
V 18056 -778828.20 -165544.45
V 18064 -778728.70 -165544.45
V 18072 -778720.95 -165542.37
V 18080 -778715.28 -165536.70
V 18088 -778713.20 -165528.95
V 18096 -778713.20 -165457.95
V 18104 -778715.28 -165450.20
V 18112 -778720.95 -165444.53
V 18120 -778728.70 -165442.45
V 18128 -778828.20 -165442.45
V 18136 -778828.20 -165402.45
V 18144 -778728.70 -165402.45
V 18152 -778720.95 -165400.37
V 18160 -778715.28 -165394.70
V 18168 -778713.20 -165386.95
V 18176 -778713.20 -165315.95
V 18184 -778715.28 -165308.20
V 18192 -778720.95 -165302.53
V 18200 -778728.70 -165300.45
V 18208 -778828.20 -165300.45
V 18216 -778828.20 -165260.45
V 18224 -778728.70 -165260.45
V 18232 -778720.95 -165258.37
V 18240 -778715.28 -165252.70
V 18248 -778713.20 -165244.95
V 18256 -778713.20 -165173.95
V 18264 -778715.28 -165166.20
V 18272 -778720.95 -165160.53
V 18280 -778728.70 -165158.45
V 18288 -778828.20 -165158.45
V 18296 -778828.20 -165118.45
V 18304 -778728.70 -165118.45
V 18312 -778720.95 -165116.37
V 18320 -778715.28 -165110.70
V 18328 -778713.20 -165102.95
V 18336 -778713.20 -165031.95
V 18344 -778715.28 -165024.20
V 18352 -778720.95 -165018.53
V 18360 -778728.70 -165016.45
V 18368 -778828.20 -165016.45
V 18376 -778828.20 -164976.45
V 18384 -778728.70 -164976.45
V 18392 -778720.95 -164974.37
V 18400 -778715.28 -164968.70
V 18408 -778713.20 -164960.95
V 18416 -778713.20 -164889.95
V 18424 -778715.28 -164882.20
V 18432 -778720.95 -164876.53
V 18440 -778728.70 -164874.45
V 18448 -778828.20 -164874.45
V 18456 -778828.20 -164834.45
V 18464 -778728.70 -164834.45
V 18472 -778720.95 -164832.37
V 18480 -778715.28 -164826.70
V 18488 -778713.20 -164818.95
V 18496 -778713.20 -164747.95
V 18504 -778715.28 -164740.20
V 18512 -778720.95 -164734.53
V 18520 -778728.70 -164732.45
V 18528 -778828.20 -164732.45
V 18536 -778828.20 -164692.45
V 18544 -778728.70 -164692.45
V 18552 -778720.95 -164690.37
V 18560 -778715.28 -164684.70
V 18568 -778713.20 -164676.95
V 18576 -778713.20 -164605.95
V 18584 -778715.28 -164598.20
V 18592 -778720.95 -164592.53
V 18600 -778728.70 -164590.45
V 18608 -778828.20 -164590.45
V 18616 -778828.20 -164550.45
V 18624 -778728.70 -164550.45
V 18632 -778720.95 -164548.37
V 18640 -778715.28 -164542.70
V 18648 -778713.20 -164534.95
V 18656 -778713.20 -164463.95
V 18664 -778715.28 -164456.20
V 18672 -778720.95 -164450.53
V 18680 -778728.70 -164448.45
V 18688 -778828.20 -164448.45
V 18696 -778828.20 -164408.45
V 18704 -778728.70 -164408.45
V 18712 -778720.95 -164406.37
V 18720 -778715.28 -164400.70
V 18728 -778713.20 -164392.95
V 18736 -778713.20 -164321.95
V 18744 -778715.28 -164314.20
V 18752 -778720.95 -164308.53
V 18760 -778728.70 -164306.45
V 18768 -778828.20 -164306.45
V 18776 -778828.20 -164266.45
V 18784 -778728.70 -164266.45
V 18792 -778720.95 -164264.37
V 18800 -778715.28 -164258.70
V 18808 -778713.20 -164250.95
V 18816 -778713.20 -164179.95
V 18824 -778715.28 -164172.20
V 18832 -778720.95 -164166.53
V 18840 -778728.70 -164164.45
V 18848 -778828.20 -164164.45
V 18856 -778828.20 -164124.45
V 18864 -778728.70 -164124.45
V 18872 -778720.95 -164122.37
V 18880 -778715.28 -164116.70
V 18888 -778713.20 -164108.95
V 18896 -778713.20 -164037.95
V 18904 -778715.28 -164030.20
V 18912 -778720.95 -164024.53
V 18920 -778728.70 -164022.45
V 18928 -778828.20 -164022.45
V 18936 -778828.20 -163982.45
V 18944 -778728.70 -163982.45
V 18952 -778720.95 -163980.37
V 18960 -778715.28 -163974.70
V 18968 -778713.20 -163966.95
V 18976 -778713.20 -163895.95
V 18984 -778715.28 -163888.20
V 18992 -778720.95 -163882.53
V 19000 -778728.70 -163880.45
V 19008 -778828.20 -163880.45
V 19016 -778828.20 -163840.45
V 19024 -778728.70 -163840.45
V 19032 -778720.95 -163838.37
V 19040 -778715.28 -163832.70
V 19048 -778713.20 -163824.95
V 19056 -778713.20 -163753.95
V 19064 -778715.28 -163746.20
V 19072 -778720.95 -163740.53
V 19080 -778728.70 -163738.45
V 19088 -778828.20 -163738.45
V 19096 -778828.20 -163698.45
V 19104 -778728.70 -163698.45
V 19112 -778720.95 -163696.37
V 19120 -778715.28 -163690.70
V 19128 -778713.20 -163682.95
V 19136 -778713.20 -163611.95
V 19144 -778715.28 -163604.20
V 19152 -778720.95 -163598.53
V 19160 -778728.70 -163596.45
V 19168 -778828.20 -163596.45
V 19176 -778828.20 -163556.45
V 19184 -778728.70 -163556.45
V 19192 -778720.95 -163554.37
V 19200 -778715.28 -163548.70
V 19208 -778713.20 -163540.95
V 19216 -778713.20 -163469.95
V 19224 -778715.28 -163462.20
V 19232 -778720.95 -163456.53
V 19240 -778728.70 -163454.45
V 19248 -778828.20 -163454.45
V 19256 -778828.20 -163414.45
V 19264 -778728.70 -163414.45
V 19272 -778720.95 -163412.37
V 19280 -778715.28 -163406.70
V 19288 -778713.20 -163398.95
V 19296 -778713.20 -163327.95
V 19304 -778715.28 -163320.20
V 19312 -778720.95 -163314.53
V 19320 -778728.70 -163312.45
V 19328 -778828.20 -163312.45
V 19336 -778828.20 -163272.45
V 19344 -778728.70 -163272.45
V 19352 -778720.95 -163270.37
V 19360 -778715.28 -163264.70
V 19368 -778713.20 -163256.95
V 19376 -778713.20 -163185.95
V 19384 -778715.28 -163178.20
V 19392 -778720.95 -163172.53
V 19400 -778728.70 -163170.45
V 19408 -778828.20 -163170.45
V 19416 -778828.20 -163130.45
V 19424 -778728.70 -163130.45
V 19432 -778720.95 -163128.37
V 19440 -778715.28 -163122.70
V 19448 -778713.20 -163114.95
V 19456 -778713.20 -163043.95
V 19464 -778715.28 -163036.20
V 19472 -778720.95 -163030.53
V 19480 -778728.70 -163028.45
V 19488 -778828.20 -163028.45
V 19496 -778828.20 -162988.45
V 19504 -778728.70 -162988.45
V 19512 -778720.95 -162986.37
V 19520 -778715.28 -162980.70
V 19528 -778713.20 -162972.95
V 19536 -778713.20 -162901.95
V 19544 -778715.28 -162894.20
V 19552 -778720.95 -162888.53
V 19560 -778728.70 -162886.45
V 19568 -778828.20 -162886.45
V 19576 -778828.20 -162846.45
V 19584 -778728.70 -162846.45
V 19592 -778720.95 -162844.37
V 19600 -778715.28 -162838.70
V 19608 -778713.20 -162830.95
V 19616 -778713.20 -162759.95
V 19624 -778715.28 -162752.20
V 19632 -778720.95 -162746.53
V 19640 -778728.70 -162744.45
V 19648 -778828.20 -162744.45
V 19656 -778828.20 -162704.45
V 19664 -778728.70 -162704.45
V 19672 -778720.95 -162702.37
V 19680 -778715.28 -162696.70
V 19688 -778713.20 -162688.95
V 19696 -778713.20 -162617.95
V 19704 -778715.28 -162610.20
V 19712 -778720.95 -162604.53
V 19720 -778728.70 -162602.45
V 19728 -778828.20 -162602.45
V 19736 -778828.20 -162562.45
V 19744 -778728.70 -162562.45
V 19752 -778720.95 -162560.37
V 19760 -778715.28 -162554.70
V 19768 -778713.20 -162546.95
V 19776 -778713.20 -162475.95
V 19784 -778715.28 -162468.20
V 19792 -778720.95 -162462.53
V 19800 -778728.70 -162460.45
V 19808 -778828.20 -162460.45
V 19816 -778828.20 -162420.45
V 19824 -778728.70 -162420.45
V 19832 -778720.95 -162418.37
V 19840 -778715.28 -162412.70
V 19848 -778713.20 -162404.95
V 19856 -778713.20 -162333.95
V 19864 -778715.28 -162326.20
V 19872 -778720.95 -162320.53
V 19880 -778728.70 -162318.45
V 19888 -778828.20 -162318.45
V 19896 -778828.20 -162278.45
V 19904 -778728.70 -162278.45
V 19912 -778720.95 -162276.37
V 19920 -778715.28 -162270.70
V 19928 -778713.20 -162262.95
V 19936 -778713.20 -162191.95
V 19944 -778715.28 -162184.20
V 19952 -778720.95 -162178.53
V 19960 -778728.70 -162176.45
V 19968 -778828.20 -162176.45
V 19976 -778828.20 -162136.45
V 19984 -778728.70 -162136.45
V 19992 -778720.95 -162134.37
V 20000 -778715.28 -162128.70
V 20008 -778713.20 -162120.95
V 20016 -778713.20 -162049.95
V 20024 -778715.28 -162042.20
V 20032 -778720.95 -162036.53
V 20040 -778728.70 -162034.45
V 20048 -778828.20 -162034.45
V 20056 -778828.20 -161994.45
V 20064 -778728.70 -161994.45
V 20072 -778720.95 -161992.37
V 20080 -778715.28 -161986.70
V 20088 -778713.20 -161978.95
V 20096 -778713.20 -161907.95
V 20104 -778715.28 -161900.20
V 20112 -778720.95 -161894.53
V 20120 -778728.70 -161892.45
V 20128 -778828.20 -161892.45
V 20136 -778828.20 -161852.45
V 20144 -778728.70 -161852.45
V 20152 -778720.95 -161850.37
V 20160 -778715.28 -161844.70
V 20168 -778713.20 -161836.95
V 20176 -778713.20 -161765.95
V 20184 -778715.28 -161758.20
V 20192 -778720.95 -161752.53
V 20200 -778728.70 -161750.45
V 20208 -778828.20 -161750.45
V 20216 -778828.20 -161710.45
V 20224 -778728.70 -161710.45
V 20232 -778720.95 -161708.37
V 20240 -778715.28 -161702.70
V 20248 -778713.20 -161694.95
V 20256 -778713.20 -161623.95
V 20264 -778715.28 -161616.20
V 20272 -778720.95 -161610.53
V 20280 -778728.70 -161608.45
V 20288 -778828.20 -161608.45
V 20296 -778828.20 -161568.45
V 20304 -778728.70 -161568.45
V 20312 -778720.95 -161566.37
V 20320 -778715.28 -161560.70
V 20328 -778713.20 -161552.95
V 20336 -778713.20 -161481.95
V 20344 -778715.28 -161474.20
V 20352 -778720.95 -161468.53
V 20360 -778728.70 -161466.45
V 20368 -778828.20 -161466.45
V 20376 -778828.20 -161426.45
V 20384 -778728.70 -161426.45
V 20392 -778720.95 -161424.37
V 20400 -778715.28 -161418.70
V 20408 -778713.20 -161410.95
V 20416 -778713.20 -161339.95
V 20424 -778715.28 -161332.20
V 20432 -778720.95 -161326.53
V 20440 -778728.70 -161324.45
V 20448 -778828.20 -161324.45
V 20456 -778828.20 -161284.45
V 20464 -778728.70 -161284.45
V 20472 -778720.95 -161282.37
V 20480 -778715.28 -161276.70
V 20488 -778713.20 -161268.95
V 20496 -778713.20 -161197.95
V 20504 -778715.28 -161190.20
V 20512 -778720.95 -161184.53
V 20520 -778728.70 -161182.45
V 20528 -778828.20 -161182.45
V 20536 -778828.20 -161142.45
V 20544 -778728.70 -161142.45
V 20552 -778720.95 -161140.37
V 20560 -778715.28 -161134.70
V 20568 -778713.20 -161126.95
V 20576 -778713.20 -161055.95
V 20584 -778715.28 -161048.20
V 20592 -778720.95 -161042.53
V 20600 -778728.70 -161040.45
V 20608 -778828.20 -161040.45
V 20616 -778828.20 -161000.45
V 20624 -778728.70 -161000.45
V 20632 -778720.95 -160998.37
V 20640 -778715.28 -160992.70
V 20648 -778713.20 -160984.95
V 20656 -778713.20 -160913.95
V 20664 -778715.28 -160906.20
V 20672 -778720.95 -160900.53
V 20680 -778728.70 -160898.45
V 20688 -778828.20 -160898.45
V 20696 -778828.20 -160858.45
V 20704 -778728.70 -160858.45
V 20712 -778720.95 -160856.37
V 20720 -778715.28 -160850.70
V 20728 -778713.20 -160842.95
V 20736 -778713.20 -160771.95
