V 0 4137.11 -499.87
V 8 4134.80 -484.64
V 16 4129.36 -450.30
V 24 4123.68 -415.85
V 32 4117.80 -381.61
V 40 4117.78 -381.53
V 48 4117.77 -381.51
V 56 4111.72 -347.52
V 64 4111.72 -347.49
V 72 4111.70 -347.37
V 80 4111.69 -347.35
V 88 4105.41 -313.31
V 96 4105.41 -313.29
V 104 4105.39 -313.16
V 112 4098.88 -279.08
V 120 4098.87 -279.01
V 128 4092.14 -244.91
V 136 4092.13 -244.86
V 144 4085.18 -210.81
V 152 4078.03 -176.90
V 160 4070.65 -142.84
V 168 4063.04 -108.89
V 176 4063.01 -108.79
V 184 4055.27 -75.14
V 192 4055.25 -75.03
V 200 4055.23 -74.98
V 208 4047.22 -41.19
V 216 4047.21 -41.12
V 224 4047.20 -41.09
V 232 4039.01 -7.44
V 240 4038.99 -7.38
V 248 4030.55 26.33
V 256 4030.55 26.36
V 264 4021.87 60.09
V 272 4013.02 93.66
V 280 4003.95 127.20
V 288 4003.92 127.26
V 296 3994.66 160.72
V 304 3994.65 160.76
V 312 3994.62 160.85
V 320 3985.13 194.23
V 328 3985.12 194.27
V 336 3985.11 194.30
V 344 3975.43 227.57
V 352 3975.42 227.61
V 360 3965.51 260.91
V 368 3955.38 294.17
V 376 3955.35 294.25
V 384 3945.06 327.31
V 392 3945.01 327.46
V 400 3934.49 360.50
V 408 3934.49 360.53
V 416 3923.74 393.57
V 424 3912.80 426.53
V 432 3901.59 459.60
V 440 3901.58 459.62
V 448 3890.22 492.39
V 456 3890.18 492.51
V 464 3878.65 525.15
V 472 3878.61 525.28
V 480 3866.83 557.94
V 488 3854.83 590.63
V 496 3842.60 623.23
V 504 3842.57 623.27
V 512 3830.23 655.62
V 520 3830.21 655.66
V 528 3817.64 687.95
V 536 3817.62 688.02
V 544 3804.81 720.35
V 552 3791.80 752.60
V 560 3791.77 752.66
V 568 3778.59 784.72
V 576 3778.56 784.80
V 584 3778.55 784.82
V 592 3765.16 816.83
V 600 3765.14 816.87
V 608 3751.55 848.81
V 616 3751.53 848.86
V 624 3737.70 880.79
V 632 3723.66 912.64
V 640 3723.63 912.69
V 648 3723.62 912.73
V 656 3709.44 944.33
V 664 3709.39 944.43
V 672 3709.38 944.46
V 680 3695.04 975.93
V 688 3695.02 975.98
V 696 3680.41 1007.50
V 704 3680.38 1007.56
V 712 3601.45 1175.21
V 720 3601.42 1175.27
V 728 3601.40 1175.32
V 736 3601.37 1175.36
V 744 3463.39 1418.82
V 752 3463.38 1418.85
V 760 3463.36 1418.88
V 768 3463.35 1418.90
V 776 3351.55 1597.30
V 784 3351.51 1597.36
V 792 3225.09 1783.14
V 800 3225.07 1783.17
V 808 3225.03 1783.21
V 816 3096.74 1956.16
V 824 3096.73 1956.18
V 832 3096.71 1956.21
V 840 2967.72 2116.57
V 848 2967.69 2116.60
V 856 2794.20 2311.51
V 864 2794.16 2311.55
V 872 2794.15 2311.57
V 880 2712.36 2400.75
V 888 2645.26 2465.94
V 896 2520.18 2587.24
V 904 2520.15 2587.26
V 912 2520.12 2587.29
V 920 2520.09 2587.31
V 928 2391.75 2703.84
V 936 2391.72 2703.87
V 944 2038.77 2994.22
V 952 2038.75 2994.23
V 960 1952.02 3058.78
V 968 1951.96 3058.83
V 976 1697.33 3225.99
V 984 1697.31 3226.00
V 992 1697.26 3226.03
V 1000 1697.23 3226.04
V 1008 1633.81 3264.99
V 1016 1633.79 3265.00
V 1024 1633.74 3265.03
V 1032 1633.68 3265.07
V 1040 1633.65 3265.08
V 1048 1567.83 3301.91
V 1056 1567.79 3301.94
V 1064 1503.96 3336.54
V 1072 1440.18 3369.99
V 1080 1440.15 3370.00
V 1088 1376.58 3402.24
V 1096 1376.55 3402.26
V 1104 1376.51 3402.28
V 1112 1312.96 3433.45
V 1120 1312.89 3433.48
V 1128 1249.54 3463.52
V 1136 1249.48 3463.55
V 1144 1186.12 3492.56
V 1152 1186.07 3492.58
V 1160 1186.01 3492.60
V 1168 1122.94 3520.47
V 1176 1122.92 3520.49
V 1184 1122.87 3520.51
V 1192 1122.79 3520.55
V 1200 1059.67 3547.47
V 1208 1059.65 3547.48
V 1216 1059.57 3547.51
V 1224 996.65 3573.38
V 1232 996.59 3573.41
V 1240 933.63 3598.36
V 1248 870.78 3622.34
V 1256 870.75 3622.36
V 1264 807.99 3645.38
V 1272 807.86 3645.42
V 1280 745.32 3667.48
V 1288 745.28 3667.50
V 1296 682.70 3688.70
V 1304 620.15 3709.01
V 1312 557.91 3728.37
V 1320 557.83 3728.40
V 1328 495.54 3746.95
V 1336 495.46 3746.97
V 1344 433.40 3764.61
V 1352 433.33 3764.64
V 1360 371.22 3781.47
V 1368 309.22 3797.46
V 1376 309.19 3797.47
V 1384 247.35 3812.62
V 1392 247.32 3812.63
V 1400 247.25 3812.64
V 1408 185.57 3826.97
V 1416 185.52 3826.99
V 1424 185.49 3827.00
V 1432 123.78 3840.54
V 1440 62.22 3853.30
V 1448 62.17 3853.31
V 1456 0.71 3865.29
V 1464 0.58 3865.31
V 1472 0.56 3865.31
V 1480 -60.69 3876.49
V 1488 -60.71 3876.50
V 1496 -60.79 3876.52
V 1504 -122.12 3886.98
V 1512 -183.37 3896.65
V 1520 -183.39 3896.65
V 1528 -244.52 3905.58
V 1536 -305.64 3913.77
V 1544 -305.66 3913.77
V 1552 -366.47 3921.23
V 1560 -366.50 3921.23
V 1568 -366.57 3921.24
V 1576 -366.61 3921.24
V 1584 -427.31 3927.96
V 1592 -427.35 3927.97
V 1600 -427.38 3927.98
V 1608 -488.14 3934.01
V 1616 -548.82 3939.27
V 1624 -609.38 3943.83
V 1632 -609.40 3943.83
V 1640 -670.44 3947.74
V 1648 -679.25 3947.74
V 1656 -702.78 3947.58
V 1664 -710.35 3947.58
V 1672 -762.00 3950.36
V 1680 -762.03 3950.36
V 1688 -822.18 3952.48
V 1696 -822.23 3952.48
V 1704 -882.17 3953.87
V 1712 -882.23 3953.87
V 1720 -942.66 3954.59
V 1728 -946.72 3954.59
V 1736 -947.22 3954.46
V 1744 -947.59 3954.09
V 1752 -947.72 3953.59
V 1760 -947.72 3896.70
V 1768 -945.72 3896.70
V 1776 -945.72 3952.59
V 1784 -942.73 3952.59
V 1792 -882.30 3951.87
V 1800 -882.26 3951.87
V 1808 -822.32 3950.48
V 1816 -822.29 3950.48
V 1824 -762.14 3948.36
V 1832 -762.12 3948.36
V 1840 -710.47 3945.58
V 1848 -702.71 3945.58
V 1856 -679.18 3945.74
V 1864 -670.56 3945.74
V 1872 -609.54 3941.83
V 1880 -549.00 3937.27
V 1888 -488.34 3932.01
V 1896 -427.58 3925.98
V 1904 -427.50 3925.98
V 1912 -366.80 3919.26
V 1920 -366.76 3919.25
V 1928 -366.69 3919.24
V 1936 -366.67 3919.24
V 1944 -305.86 3911.78
V 1952 -305.83 3911.78
V 1960 -244.80 3903.60
V 1968 -183.69 3894.67
V 1976 -122.46 3885.00
V 1984 -61.13 3874.54
V 1992 -61.07 3874.54
V 2000 0.18 3863.36
V 2008 0.20 3863.35
V 2016 0.26 3863.34
V 2024 61.71 3851.36
V 2032 123.32 3838.59
V 2040 123.36 3838.58
V 2048 185.06 3825.04
V 2056 185.09 3825.04
V 2064 246.77 3810.71
V 2072 246.82 3810.69
V 2080 246.85 3810.68
V 2088 308.69 3795.53
V 2096 308.72 3795.52
V 2104 370.70 3779.53
V 2112 432.80 3762.70
V 2120 432.85 3762.69
V 2128 494.91 3745.05
V 2136 494.96 3745.03
V 2144 557.24 3726.48
V 2152 557.28 3726.47
V 2160 619.52 3707.11
V 2168 682.06 3686.80
V 2176 744.63 3665.60
V 2184 744.70 3665.58
V 2192 807.27 3643.51
V 2200 870.00 3620.50
V 2208 932.86 3596.52
V 2216 932.89 3596.50
V 2224 995.85 3571.55
V 2232 995.93 3571.52
V 2240 1058.85 3545.65
V 2248 1058.93 3545.61
V 2256 1122.05 3518.69
V 2264 1122.07 3518.68
V 2272 1122.13 3518.66
V 2280 1185.20 3490.79
V 2288 1185.22 3490.77
V 2296 1185.28 3490.74
V 2304 1248.64 3461.73
V 2312 1248.69 3461.71
V 2320 1312.08 3431.65
V 2328 1375.63 3400.48
V 2336 1439.21 3368.24
V 2344 1439.24 3368.22
V 2352 1503.00 3334.78
V 2360 1566.83 3300.18
V 2368 1566.86 3300.17
V 2376 1632.68 3263.34
V 2384 1632.72 3263.31
V 2392 1632.75 3263.30
V 2400 1696.17 3224.35
V 2408 1696.19 3224.34
V 2416 1696.23 3224.31
V 2424 1950.83 3057.17
V 2432 2037.54 2992.64
V 2440 2390.44 2702.33
V 2448 2390.47 2702.31
V 2456 2518.78 2585.80
V 2464 2643.86 2464.50
V 2472 2710.89 2399.38
V 2480 2792.67 2310.21
V 2488 2966.16 2115.31
V 2496 3095.14 1954.96
V 2504 3223.43 1782.02
V 2512 3223.45 1781.99
V 2520 3349.85 1596.23
V 2528 3461.65 1417.84
V 2536 3599.63 1174.39
V 2544 3599.64 1174.36
V 2552 3678.57 1006.71
V 2560 3678.59 1006.66
V 2568 3693.20 975.14
V 2576 3693.22 975.11
V 2584 3693.23 975.08
V 2592 3707.57 943.61
V 2600 3707.61 943.53
V 2608 3707.62 943.49
V 2616 3721.81 911.87
V 2624 3721.82 911.84
V 2632 3735.86 879.99
V 2640 3749.69 848.06
V 2648 3763.28 816.13
V 2656 3763.30 816.09
V 2664 3776.69 784.08
V 2672 3776.73 784.00
V 2680 3789.91 751.94
V 2688 3789.94 751.86
V 2696 3802.95 719.61
V 2704 3815.76 687.28
V 2712 3815.78 687.24
V 2720 3828.35 654.95
V 2728 3828.37 654.88
V 2736 3828.39 654.85
V 2744 3840.70 622.58
V 2752 3840.72 622.52
V 2760 3852.95 589.93
V 2768 3852.96 589.90
V 2776 3864.97 557.18
V 2784 3876.76 524.50
V 2792 3888.28 491.89
V 2800 3888.33 491.74
V 2808 3899.68 459.00
V 2816 3899.70 458.93
V 2824 3910.90 425.89
V 2832 3921.84 392.93
V 2840 3932.59 359.91
V 2848 3943.11 326.87
V 2856 3943.11 326.84
V 2864 3943.15 326.71
V 2872 3953.45 293.62
V 2880 3953.46 293.58
V 2888 3963.59 260.33
V 2896 3973.50 227.03
V 2904 3983.18 193.77
V 2912 3983.21 193.68
V 2920 3992.70 160.30
V 2928 3992.71 160.26
V 2936 3992.74 160.18
V 2944 4002.00 126.72
V 2952 4002.01 126.67
V 2960 4011.08 93.14
V 2968 4019.93 59.59
V 2976 4028.61 25.86
V 2984 4028.62 25.83
V 2992 4037.06 -7.88
V 3000 4037.06 -7.91
V 3008 4037.07 -7.94
V 3016 4045.26 -41.59
V 3024 4045.27 -41.62
V 3032 4045.29 -41.67
V 3040 4053.30 -75.46
V 3048 4053.31 -75.53
V 3056 4053.33 -75.60
V 3064 4061.07 -109.25
V 3072 4061.08 -109.33
V 3080 4068.69 -143.28
V 3088 4076.07 -177.32
V 3096 4083.22 -211.23
V 3104 4083.23 -211.27
V 3112 4090.19 -245.37
V 3120 4096.92 -279.46
V 3128 4096.93 -279.53
V 3136 4103.44 -313.61
V 3144 4103.45 -313.67
V 3152 4103.46 -313.69
V 3160 4109.74 -347.73
V 3168 4109.74 -347.75
V 3176 4109.76 -347.87
V 3184 4109.77 -347.89
V 3192 4115.82 -381.88
V 3200 4115.82 -381.95
V 3208 4121.70 -416.19
V 3216 4127.38 -450.62
V 3224 4132.82 -484.96
V 3232 4135.26 -501.02
V 3240 4135.44 -501.45
V 3248 4135.79 -501.76
V 3256 4136.25 -501.87
V 3264 6533.31 -501.87
V 3272 6533.31 -499.87
