V 0 25080.00 -36285.00
V 8 25080.00 -37629.66
V 16 24593.34 -38016.22
V 24 24335.54 -38220.98
V 32 24077.66 -38425.82
V 40 23562.29 -38835.17
V 48 23304.62 -39039.84
V 56 23046.94 -39244.51
V 64 22789.28 -39449.17
V 72 22531.59 -39653.86
V 80 22082.21 -40010.80
V 88 21241.36 -40678.69
V 96 20985.89 -40881.60
V 104 20728.02 -41086.43
V 112 20470.16 -41291.24
V 120 20212.50 -41495.90
V 128 19697.16 -41905.24
V 136 19439.49 -42109.90
V 144 19181.84 -42314.54
V 152 19181.67 -42314.69
V 160 18923.88 -42519.49
V 168 18923.72 -42519.61
V 176 18923.57 -42519.74
V 184 18671.58 -42719.51
V 192 18671.45 -42719.61
V 200 18671.08 -42719.92
V 208 18357.40 -42974.07
V 216 17973.72 -43221.31
V 224 17651.09 -43393.59
V 232 17384.57 -43535.89
V 240 17384.36 -43536.00
V 248 17117.64 -43678.42
V 256 16850.91 -43820.84
V 264 16584.15 -43963.29
V 272 16317.62 -44105.59
V 280 16317.41 -44105.70
V 288 15517.21 -44532.98
V 296 15250.68 -44675.29
V 304 15250.47 -44675.40
V 312 14983.77 -44817.81
V 320 14717.04 -44960.23
V 328 14450.27 -45102.68
V 336 14183.74 -45244.99
V 344 14183.53 -45245.10
V 352 13916.84 -45387.50
V 360 13650.10 -45529.93
V 368 13116.80 -45814.68
V 376 13116.59 -45814.79
V 384 12849.90 -45957.20
V 392 12316.60 -46241.95
V 400 12316.39 -46242.06
V 408 12049.70 -46384.46
V 416 11782.97 -46526.89
V 424 11516.13 -46669.37
V 432 11250.12 -46811.39
V 440 11249.91 -46811.50
V 448 10979.31 -46956.12
V 456 10741.99 -47081.96
V 464 10263.11 -47351.10
V 472 9666.53 -47559.88
V 480 9335.17 -47663.12
V 488 9335.09 -47663.14
V 496 9334.97 -47663.18
V 504 9058.02 -47749.47
V 512 9057.94 -47749.49
V 520 9057.82 -47749.53
V 528 8780.87 -47835.81
V 536 8780.79 -47835.83
V 544 8780.67 -47835.87
V 552 8503.72 -47922.17
V 560 8503.64 -47922.19
V 568 8503.52 -47922.23
V 576 8226.57 -48008.51
V 584 8226.49 -48008.53
V 592 8226.37 -48008.57
V 600 7949.43 -48094.86
V 608 7949.35 -48094.88
V 616 7949.23 -48094.92
V 624 7672.27 -48181.21
V 632 7672.19 -48181.23
V 640 7672.07 -48181.27
V 648 7395.13 -48267.56
V 656 7395.05 -48267.58
V 664 7394.93 -48267.62
V 672 7117.98 -48353.90
V 680 7117.90 -48353.92
V 688 7117.78 -48353.96
V 696 6840.83 -48440.26
V 704 6840.75 -48440.28
V 712 6840.63 -48440.32
V 720 6563.68 -48526.60
V 728 6563.60 -48526.62
V 736 6563.48 -48526.66
V 744 6286.54 -48612.95
V 752 6286.46 -48612.97
V 760 6286.34 -48613.01
V 768 6009.38 -48699.30
V 776 6009.30 -48699.32
V 784 6009.18 -48699.36
V 792 5732.23 -48785.66
V 800 5732.15 -48785.68
V 808 5732.03 -48785.72
V 816 5455.08 -48872.00
V 824 5455.00 -48872.02
V 832 5454.88 -48872.06
V 840 5264.48 -48931.38
V 848 5258.99 -48934.47
V 856 5255.26 -48939.54
V 864 5253.94 -48945.70
V 872 5253.94 -55615.95
V 880 5283.94 -55615.95
V 888 5283.94 -48956.74
V 896 5463.98 -48900.64
V 904 5464.06 -48900.62
V 912 5464.18 -48900.58
V 920 5741.13 -48814.30
V 928 5741.21 -48814.28
V 936 5741.33 -48814.24
V 944 6018.28 -48727.94
V 952 6018.36 -48727.92
V 960 6018.48 -48727.88
V 968 6295.44 -48641.59
V 976 6295.52 -48641.57
V 984 6295.64 -48641.53
V 992 6572.58 -48555.24
V 1000 6572.66 -48555.22
V 1008 6572.78 -48555.18
V 1016 6849.73 -48468.90
V 1024 6849.81 -48468.88
V 1032 6849.93 -48468.84
V 1040 7126.88 -48382.54
V 1048 7126.96 -48382.52
V 1056 7127.08 -48382.48
V 1064 7404.03 -48296.20
V 1072 7404.11 -48296.18
V 1080 7404.23 -48296.14
V 1088 7681.17 -48209.85
V 1096 7681.25 -48209.83
V 1104 7681.37 -48209.79
V 1112 7958.33 -48123.50
V 1120 7958.41 -48123.48
V 1128 7958.53 -48123.44
V 1136 8235.47 -48037.15
V 1144 8235.55 -48037.13
V 1152 8235.67 -48037.09
V 1160 8512.62 -47950.81
V 1168 8512.70 -47950.79
V 1176 8512.82 -47950.75
V 1184 8789.77 -47864.45
V 1192 8789.85 -47864.43
V 1200 8789.97 -47864.39
V 1208 9066.92 -47778.11
V 1216 9067.00 -47778.09
V 1224 9067.12 -47778.05
V 1232 9344.07 -47691.76
V 1240 9344.15 -47691.74
V 1248 9344.27 -47691.70
V 1256 9675.74 -47588.43
V 1264 9675.82 -47588.41
V 1272 9676.34 -47588.24
V 1280 9676.44 -47588.20
V 1288 10274.16 -47379.02
V 1296 10274.38 -47378.95
V 1304 10275.38 -47378.55
V 1312 10275.87 -47378.32
V 1320 10276.36 -47378.07
V 1328 10276.61 -47377.93
V 1336 10276.68 -47377.90
V 1344 10756.68 -47108.13
V 1352 10993.41 -46982.60
V 1360 10993.45 -46982.58
V 1368 11264.22 -46837.87
V 1376 11530.23 -46695.85
V 1384 11530.27 -46695.83
V 1392 11797.11 -46553.35
V 1400 12063.84 -46410.92
V 1408 12330.70 -46268.43
V 1416 12597.23 -46126.12
V 1424 12597.27 -46126.10
V 1432 12864.04 -45983.66
V 1440 13130.90 -45841.16
V 1448 13397.43 -45698.85
V 1456 13397.47 -45698.83
V 1464 13664.24 -45556.39
V 1472 13930.98 -45413.96
V 1480 14197.84 -45271.47
V 1488 14464.37 -45129.16
V 1496 14464.41 -45129.14
V 1504 14731.18 -44986.69
V 1512 14997.91 -44844.27
V 1520 15264.78 -44701.77
V 1528 15531.31 -44559.46
V 1536 15531.35 -44559.44
V 1544 16331.72 -44132.07
V 1552 16598.25 -43989.77
V 1560 16598.29 -43989.75
V 1568 16865.05 -43847.30
V 1576 17131.78 -43704.88
V 1584 17398.67 -43562.37
V 1592 17665.19 -43420.07
V 1600 17665.23 -43420.05
V 1608 17988.43 -43247.47
V 1616 17988.86 -43247.23
V 1624 17989.32 -43246.95
V 1632 17989.49 -43246.85
V 1640 18374.27 -42998.90
V 1648 18374.34 -42998.85
V 1656 18374.56 -42998.71
V 1664 18375.00 -42998.39
V 1672 18375.43 -42998.07
V 1680 18375.80 -42997.76
V 1688 18689.90 -42743.27
V 1696 18690.03 -42743.17
V 1704 18690.18 -42743.04
V 1712 18942.17 -42543.27
V 1720 18942.30 -42543.17
V 1728 18942.51 -42542.99
V 1736 19200.30 -42338.19
V 1744 19200.50 -42338.04
V 1752 19458.15 -42133.40
V 1760 19715.82 -41928.74
V 1768 20231.16 -41519.40
V 1776 20488.82 -41314.74
V 1784 20746.68 -41109.93
V 1792 21004.55 -40905.10
V 1800 21260.02 -40702.19
V 1808 22100.87 -40034.30
V 1816 22550.25 -39677.36
V 1824 22807.94 -39472.67
V 1832 23065.60 -39268.01
V 1840 23323.28 -39063.34
V 1848 23580.95 -38858.67
V 1856 24096.32 -38449.32
V 1864 24354.20 -38244.48
V 1872 24612.00 -38039.72
V 1880 24869.33 -37835.32
V 1888 25104.33 -37648.66
V 1896 25108.51 -37643.43
V 1904 25110.00 -37636.91
V 1912 25110.00 -36285.00
