V 0 1085836.67 -13831.95
V 8 1085831.49 -13793.16
V 16 1085831.48 -13793.13
V 24 1085826.35 -13748.97
V 32 1085826.34 -13748.87
V 40 1085826.30 -13748.66
V 48 1085825.42 -13745.48
V 56 1085825.12 -13744.91
V 64 1085824.60 -13744.52
V 72 1085823.97 -13744.38
V 80 1085735.66 -13744.38
V 88 1085735.66 -13747.38
V 96 1085822.82 -13747.38
V 104 1085823.37 -13749.35
V 112 1085828.50 -13793.45
V 120 1085828.51 -13793.56
V 128 1085833.86 -13833.65
V 136 1085834.12 -13834.31
V 144 1085834.66 -13834.78
V 152 1085835.35 -13834.95
V 160 1085839.86 -13834.95
V 168 1085839.86 -13831.95
