V 0 1085836.67 -17280.45
V 8 1085831.49 -17241.66
V 16 1085831.48 -17241.63
V 24 1085826.35 -17197.47
V 32 1085826.34 -17197.37
V 40 1085826.30 -17197.16
V 48 1085825.42 -17193.98
V 56 1085825.12 -17193.41
V 64 1085824.60 -17193.02
V 72 1085823.97 -17192.88
V 80 1085735.66 -17192.88
V 88 1085735.66 -17195.88
V 96 1085822.82 -17195.88
V 104 1085823.37 -17197.85
V 112 1085828.50 -17241.95
V 120 1085828.51 -17242.06
V 128 1085833.86 -17282.15
V 136 1085834.12 -17282.81
V 144 1085834.66 -17283.28
V 152 1085835.35 -17283.45
V 160 1085839.86 -17283.45
V 168 1085839.86 -17280.45
