V 0 -758255.28 -158918.20
V 8 -758260.95 -158912.53
V 16 -758268.70 -158910.45
V 24 -758368.20 -158910.45
V 32 -758368.20 -158870.45
V 40 -758289.77 -158870.45
V 48 -758282.02 -158868.37
V 56 -758276.35 -158862.70
V 64 -758274.27 -158854.95
V 72 -758274.27 -158783.95
V 80 -758276.35 -158776.20
V 88 -758282.02 -158770.53
V 96 -758289.77 -158768.45
V 104 -758310.70 -158768.45
V 112 -758310.70 -158672.91
V 120 -758312.36 -158665.93
V 128 -758316.99 -158660.44
V 136 -758323.60 -158657.63
V 144 -758536.82 -158621.42
V 152 -758720.63 -158590.21
V 160 -758964.12 -158548.87
V 168 -759108.42 -158524.36
V 176 -759480.82 -158461.13
V 184 -759724.62 -158419.73
V 192 -759960.34 -158379.71
V 200 -760201.63 -158338.74
V 208 -760451.46 -158296.31
V 216 -760666.24 -158259.84
V 224 -761118.43 -158183.06
V 232 -761354.14 -158143.04
V 240 -761595.44 -158102.06
V 248 -761837.33 -158060.99
V 256 -762035.23 -158027.39
V 264 -762076.49 -158020.38
V 272 -762252.88 -157990.43
V 280 -762673.40 -157919.02
V 288 -762887.73 -157882.63
V 296 -763363.60 -157801.83
V 304 -763595.90 -157762.38
V 312 -763782.00 -157730.78
V 320 -763782.00 -157719.35
V 328 -763813.00 -157719.35
V 336 -763813.00 -157743.87
V 344 -763812.96 -157744.96
V 352 -763812.85 -157746.04
V 360 -763812.66 -157747.11
V 368 -763812.39 -157748.16
V 376 -763812.06 -157749.20
V 384 -763811.65 -157750.20
V 392 -763811.17 -157751.18
V 400 -763810.62 -157752.12
V 408 -763810.01 -157753.02
V 416 -763809.34 -157753.87
V 424 -763808.61 -157754.68
V 432 -763807.83 -157755.43
V 440 -763806.99 -157756.13
V 448 -763806.11 -157756.76
V 456 -763805.18 -157757.33
V 464 -763804.22 -157757.84
V 472 -763803.23 -157758.27
V 480 -763802.20 -157758.64
V 488 -763801.16 -157758.93
V 496 -763800.09 -157759.15
V 504 -763601.10 -157792.94
V 512 -763368.80 -157832.39
V 520 -762678.58 -157949.58
V 528 -762081.69 -158050.94
V 536 -762040.43 -158057.95
V 544 -761842.51 -158091.55
V 552 -761600.64 -158132.62
V 560 -761359.34 -158173.60
V 568 -761123.61 -158213.62
V 576 -760671.42 -158290.40
V 584 -760456.66 -158326.87
V 592 -760206.83 -158369.30
V 600 -759965.52 -158410.27
V 608 -759729.80 -158450.29
V 616 -759486.00 -158491.69
V 624 -759113.62 -158554.92
V 632 -758969.32 -158579.43
V 640 -758725.81 -158620.77
V 648 -758542.02 -158651.98
V 656 -758341.70 -158686.00
V 664 -758341.70 -158783.95
V 672 -758339.62 -158791.70
V 680 -758333.95 -158797.37
V 688 -758326.20 -158799.45
V 696 -758305.27 -158799.45
V 704 -758305.27 -158839.45
V 712 -758383.70 -158839.45
V 720 -758391.45 -158841.53
V 728 -758397.12 -158847.20
V 736 -758399.20 -158854.95
V 744 -758399.20 -158925.95
V 752 -758397.12 -158933.70
V 760 -758391.45 -158939.37
V 768 -758383.70 -158941.45
V 776 -758284.20 -158941.45
V 784 -758284.20 -158981.45
V 792 -758383.70 -158981.45
V 800 -758391.45 -158983.53
V 808 -758397.12 -158989.20
V 816 -758399.20 -158996.95
V 824 -758399.20 -159067.95
V 832 -758397.12 -159075.70
V 840 -758391.45 -159081.37
V 848 -758383.70 -159083.45
V 856 -758284.20 -159083.45
V 864 -758284.20 -159123.45
V 872 -758383.70 -159123.45
V 880 -758391.45 -159125.53
V 888 -758397.12 -159131.20
V 896 -758399.20 -159138.95
V 904 -758399.20 -159209.95
V 912 -758397.12 -159217.70
V 920 -758391.45 -159223.37
V 928 -758383.70 -159225.45
V 936 -758284.20 -159225.45
V 944 -758284.20 -159265.45
V 952 -758383.70 -159265.45
V 960 -758391.45 -159267.53
V 968 -758397.12 -159273.20
V 976 -758399.20 -159280.95
V 984 -758399.20 -159351.95
V 992 -758397.12 -159359.70
V 1000 -758391.45 -159365.37
V 1008 -758383.70 -159367.45
V 1016 -758284.20 -159367.45
V 1024 -758284.20 -159407.45
V 1032 -758383.70 -159407.45
V 1040 -758391.45 -159409.53
V 1048 -758397.12 -159415.20
V 1056 -758399.20 -159422.95
V 1064 -758399.20 -159493.95
V 1072 -758397.12 -159501.70
V 1080 -758391.45 -159507.37
V 1088 -758383.70 -159509.45
V 1096 -758284.20 -159509.45
V 1104 -758284.20 -159549.45
V 1112 -758383.70 -159549.45
V 1120 -758391.45 -159551.53
V 1128 -758397.12 -159557.20
V 1136 -758399.20 -159564.95
V 1144 -758399.20 -159635.95
V 1152 -758397.12 -159643.70
V 1160 -758391.45 -159649.37
V 1168 -758383.70 -159651.45
V 1176 -758284.20 -159651.45
V 1184 -758284.20 -159691.45
V 1192 -758383.70 -159691.45
V 1200 -758391.45 -159693.53
V 1208 -758397.12 -159699.20
V 1216 -758399.20 -159706.95
V 1224 -758399.20 -159777.95
V 1232 -758397.12 -159785.70
V 1240 -758391.45 -159791.37
V 1248 -758383.70 -159793.45
V 1256 -758284.20 -159793.45
V 1264 -758284.20 -159833.45
V 1272 -758383.70 -159833.45
V 1280 -758391.45 -159835.53
V 1288 -758397.12 -159841.20
V 1296 -758399.20 -159848.95
V 1304 -758399.20 -159919.95
V 1312 -758397.12 -159927.70
V 1320 -758391.45 -159933.37
V 1328 -758383.70 -159935.45
V 1336 -758284.20 -159935.45
V 1344 -758284.20 -159975.45
V 1352 -758383.70 -159975.45
V 1360 -758391.45 -159977.53
V 1368 -758397.12 -159983.20
V 1376 -758399.20 -159990.95
V 1384 -758399.20 -160061.95
V 1392 -758397.12 -160069.70
V 1400 -758391.45 -160075.37
V 1408 -758383.70 -160077.45
V 1416 -758284.20 -160077.45
V 1424 -758284.20 -160117.45
V 1432 -758383.70 -160117.45
V 1440 -758391.45 -160119.53
V 1448 -758397.12 -160125.20
V 1456 -758399.20 -160132.95
V 1464 -758399.20 -160203.95
V 1472 -758397.12 -160211.70
V 1480 -758391.45 -160217.37
V 1488 -758383.70 -160219.45
V 1496 -758284.20 -160219.45
V 1504 -758284.20 -160259.45
V 1512 -758383.70 -160259.45
V 1520 -758391.45 -160261.53
V 1528 -758397.12 -160267.20
V 1536 -758399.20 -160274.95
V 1544 -758399.20 -160345.95
V 1552 -758397.12 -160353.70
V 1560 -758391.45 -160359.37
V 1568 -758383.70 -160361.45
V 1576 -758284.20 -160361.45
V 1584 -758284.20 -160401.45
V 1592 -758383.70 -160401.45
V 1600 -758391.45 -160403.53
V 1608 -758397.12 -160409.20
V 1616 -758399.20 -160416.95
V 1624 -758399.20 -160487.95
V 1632 -758397.12 -160495.70
V 1640 -758391.45 -160501.37
V 1648 -758383.70 -160503.45
V 1656 -758284.20 -160503.45
V 1664 -758284.20 -160543.45
V 1672 -758383.70 -160543.45
V 1680 -758391.45 -160545.53
V 1688 -758397.12 -160551.20
V 1696 -758399.20 -160558.95
V 1704 -758399.20 -160629.95
V 1712 -758397.12 -160637.70
V 1720 -758391.45 -160643.37
V 1728 -758383.70 -160645.45
V 1736 -758284.20 -160645.45
V 1744 -758284.20 -160685.45
V 1752 -758383.70 -160685.45
V 1760 -758391.45 -160687.53
V 1768 -758397.12 -160693.20
V 1776 -758399.20 -160700.95
V 1784 -758399.20 -160771.95
V 1792 -758397.12 -160779.70
V 1800 -758391.45 -160785.37
V 1808 -758383.70 -160787.45
V 1816 -758284.20 -160787.45
V 1824 -758284.20 -160827.45
V 1832 -758383.70 -160827.45
V 1840 -758391.45 -160829.53
V 1848 -758397.12 -160835.20
V 1856 -758399.20 -160842.95
V 1864 -758399.20 -160913.95
V 1872 -758397.12 -160921.70
V 1880 -758391.45 -160927.37
V 1888 -758383.70 -160929.45
V 1896 -758284.20 -160929.45
V 1904 -758284.20 -160969.45
V 1912 -758383.70 -160969.45
V 1920 -758391.45 -160971.53
V 1928 -758397.12 -160977.20
V 1936 -758399.20 -160984.95
V 1944 -758399.20 -161055.95
V 1952 -758397.12 -161063.70
V 1960 -758391.45 -161069.37
V 1968 -758383.70 -161071.45
V 1976 -758284.20 -161071.45
V 1984 -758284.20 -161111.45
V 1992 -758383.70 -161111.45
V 2000 -758391.45 -161113.53
V 2008 -758397.12 -161119.20
V 2016 -758399.20 -161126.95
V 2024 -758399.20 -161197.95
V 2032 -758397.12 -161205.70
V 2040 -758391.45 -161211.37
V 2048 -758383.70 -161213.45
V 2056 -758284.20 -161213.45
V 2064 -758284.20 -161253.45
V 2072 -758383.70 -161253.45
V 2080 -758391.45 -161255.53
V 2088 -758397.12 -161261.20
V 2096 -758399.20 -161268.95
V 2104 -758399.20 -161339.95
V 2112 -758397.12 -161347.70
V 2120 -758391.45 -161353.37
V 2128 -758383.70 -161355.45
V 2136 -758284.20 -161355.45
V 2144 -758284.20 -161395.45
V 2152 -758383.70 -161395.45
V 2160 -758391.45 -161397.53
V 2168 -758397.12 -161403.20
V 2176 -758399.20 -161410.95
V 2184 -758399.20 -161481.95
V 2192 -758397.12 -161489.70
V 2200 -758391.45 -161495.37
V 2208 -758383.70 -161497.45
V 2216 -758284.20 -161497.45
V 2224 -758284.20 -161537.45
V 2232 -758383.70 -161537.45
V 2240 -758391.45 -161539.53
V 2248 -758397.12 -161545.20
V 2256 -758399.20 -161552.95
V 2264 -758399.20 -161623.95
V 2272 -758397.12 -161631.70
V 2280 -758391.45 -161637.37
V 2288 -758383.70 -161639.45
V 2296 -758284.20 -161639.45
V 2304 -758284.20 -161679.45
V 2312 -758383.70 -161679.45
V 2320 -758391.45 -161681.53
V 2328 -758397.12 -161687.20
V 2336 -758399.20 -161694.95
V 2344 -758399.20 -161765.95
V 2352 -758397.12 -161773.70
V 2360 -758391.45 -161779.37
V 2368 -758383.70 -161781.45
V 2376 -758284.20 -161781.45
V 2384 -758284.20 -161821.45
V 2392 -758383.70 -161821.45
V 2400 -758391.45 -161823.53
V 2408 -758397.12 -161829.20
V 2416 -758399.20 -161836.95
V 2424 -758399.20 -161907.95
V 2432 -758397.12 -161915.70
V 2440 -758391.45 -161921.37
V 2448 -758383.70 -161923.45
V 2456 -758284.20 -161923.45
V 2464 -758284.20 -161963.45
V 2472 -758383.70 -161963.45
V 2480 -758391.45 -161965.53
V 2488 -758397.12 -161971.20
V 2496 -758399.20 -161978.95
V 2504 -758399.20 -162049.95
V 2512 -758397.12 -162057.70
V 2520 -758391.45 -162063.37
V 2528 -758383.70 -162065.45
V 2536 -758284.20 -162065.45
V 2544 -758284.20 -162105.45
V 2552 -758383.70 -162105.45
V 2560 -758391.45 -162107.53
V 2568 -758397.12 -162113.20
V 2576 -758399.20 -162120.95
V 2584 -758399.20 -162191.95
V 2592 -758397.12 -162199.70
V 2600 -758391.45 -162205.37
V 2608 -758383.70 -162207.45
V 2616 -758284.20 -162207.45
V 2624 -758284.20 -162247.45
V 2632 -758383.70 -162247.45
V 2640 -758391.45 -162249.53
V 2648 -758397.12 -162255.20
V 2656 -758399.20 -162262.95
V 2664 -758399.20 -162333.95
V 2672 -758397.12 -162341.70
V 2680 -758391.45 -162347.37
V 2688 -758383.70 -162349.45
V 2696 -758284.20 -162349.45
V 2704 -758284.20 -162389.45
V 2712 -758383.70 -162389.45
V 2720 -758391.45 -162391.53
V 2728 -758397.12 -162397.20
V 2736 -758399.20 -162404.95
V 2744 -758399.20 -162475.95
V 2752 -758397.12 -162483.70
V 2760 -758391.45 -162489.37
V 2768 -758383.70 -162491.45
V 2776 -758284.20 -162491.45
V 2784 -758284.20 -162531.45
V 2792 -758383.70 -162531.45
V 2800 -758391.45 -162533.53
V 2808 -758397.12 -162539.20
V 2816 -758399.20 -162546.95
V 2824 -758399.20 -162617.95
V 2832 -758397.12 -162625.70
V 2840 -758391.45 -162631.37
V 2848 -758383.70 -162633.45
V 2856 -758284.20 -162633.45
V 2864 -758284.20 -162673.45
V 2872 -758383.70 -162673.45
V 2880 -758391.45 -162675.53
V 2888 -758397.12 -162681.20
V 2896 -758399.20 -162688.95
V 2904 -758399.20 -162759.95
V 2912 -758397.12 -162767.70
V 2920 -758391.45 -162773.37
V 2928 -758383.70 -162775.45
V 2936 -758284.20 -162775.45
V 2944 -758284.20 -162815.45
V 2952 -758383.70 -162815.45
V 2960 -758391.45 -162817.53
V 2968 -758397.12 -162823.20
V 2976 -758399.20 -162830.95
V 2984 -758399.20 -162901.95
V 2992 -758397.12 -162909.70
V 3000 -758391.45 -162915.37
V 3008 -758383.70 -162917.45
V 3016 -758284.20 -162917.45
V 3024 -758284.20 -162957.45
V 3032 -758383.70 -162957.45
V 3040 -758391.45 -162959.53
V 3048 -758397.12 -162965.20
V 3056 -758399.20 -162972.95
V 3064 -758399.20 -163043.95
V 3072 -758397.12 -163051.70
V 3080 -758391.45 -163057.37
V 3088 -758383.70 -163059.45
V 3096 -758284.20 -163059.45
V 3104 -758284.20 -163099.45
V 3112 -758383.70 -163099.45
V 3120 -758391.45 -163101.53
V 3128 -758397.12 -163107.20
V 3136 -758399.20 -163114.95
V 3144 -758399.20 -163185.95
V 3152 -758397.12 -163193.70
V 3160 -758391.45 -163199.37
V 3168 -758383.70 -163201.45
V 3176 -758284.20 -163201.45
V 3184 -758284.20 -163241.45
V 3192 -758383.70 -163241.45
V 3200 -758391.45 -163243.53
V 3208 -758397.12 -163249.20
V 3216 -758399.20 -163256.95
V 3224 -758399.20 -163327.95
V 3232 -758397.12 -163335.70
V 3240 -758391.45 -163341.37
V 3248 -758383.70 -163343.45
V 3256 -758284.20 -163343.45
V 3264 -758284.20 -163383.45
V 3272 -758383.70 -163383.45
V 3280 -758391.45 -163385.53
V 3288 -758397.12 -163391.20
V 3296 -758399.20 -163398.95
V 3304 -758399.20 -163469.95
V 3312 -758397.12 -163477.70
V 3320 -758391.45 -163483.37
V 3328 -758383.70 -163485.45
V 3336 -758284.20 -163485.45
V 3344 -758284.20 -163525.45
V 3352 -758383.70 -163525.45
V 3360 -758391.45 -163527.53
V 3368 -758397.12 -163533.20
V 3376 -758399.20 -163540.95
V 3384 -758399.20 -163611.95
V 3392 -758397.12 -163619.70
V 3400 -758391.45 -163625.37
V 3408 -758383.70 -163627.45
V 3416 -758284.20 -163627.45
V 3424 -758284.20 -163667.45
V 3432 -758383.70 -163667.45
V 3440 -758391.45 -163669.53
V 3448 -758397.12 -163675.20
V 3456 -758399.20 -163682.95
V 3464 -758399.20 -163753.95
V 3472 -758397.12 -163761.70
V 3480 -758391.45 -163767.37
V 3488 -758383.70 -163769.45
V 3496 -758284.20 -163769.45
V 3504 -758284.20 -163809.45
V 3512 -758383.70 -163809.45
V 3520 -758391.45 -163811.53
V 3528 -758397.12 -163817.20
V 3536 -758399.20 -163824.95
V 3544 -758399.20 -163895.95
V 3552 -758397.12 -163903.70
V 3560 -758391.45 -163909.37
V 3568 -758383.70 -163911.45
V 3576 -758284.20 -163911.45
V 3584 -758284.20 -163951.45
V 3592 -758383.70 -163951.45
V 3600 -758391.45 -163953.53
V 3608 -758397.12 -163959.20
V 3616 -758399.20 -163966.95
V 3624 -758399.20 -164037.95
V 3632 -758397.12 -164045.70
V 3640 -758391.45 -164051.37
V 3648 -758383.70 -164053.45
V 3656 -758284.20 -164053.45
V 3664 -758284.20 -164093.45
V 3672 -758383.70 -164093.45
V 3680 -758391.45 -164095.53
V 3688 -758397.12 -164101.20
V 3696 -758399.20 -164108.95
V 3704 -758399.20 -164179.95
V 3712 -758397.12 -164187.70
V 3720 -758391.45 -164193.37
V 3728 -758383.70 -164195.45
V 3736 -758284.20 -164195.45
V 3744 -758284.20 -164235.45
V 3752 -758383.70 -164235.45
V 3760 -758391.45 -164237.53
V 3768 -758397.12 -164243.20
V 3776 -758399.20 -164250.95
V 3784 -758399.20 -164321.95
V 3792 -758397.12 -164329.70
V 3800 -758391.45 -164335.37
V 3808 -758383.70 -164337.45
V 3816 -758284.20 -164337.45
V 3824 -758284.20 -164377.45
V 3832 -758383.70 -164377.45
V 3840 -758391.45 -164379.53
V 3848 -758397.12 -164385.20
V 3856 -758399.20 -164392.95
V 3864 -758399.20 -164463.95
V 3872 -758397.12 -164471.70
V 3880 -758391.45 -164477.37
V 3888 -758383.70 -164479.45
V 3896 -758284.20 -164479.45
V 3904 -758284.20 -164519.45
V 3912 -758383.70 -164519.45
V 3920 -758391.45 -164521.53
V 3928 -758397.12 -164527.20
V 3936 -758399.20 -164534.95
V 3944 -758399.20 -164605.95
V 3952 -758397.12 -164613.70
V 3960 -758391.45 -164619.37
V 3968 -758383.70 -164621.45
V 3976 -758284.20 -164621.45
V 3984 -758284.20 -164661.45
V 3992 -758383.70 -164661.45
V 4000 -758391.45 -164663.53
V 4008 -758397.12 -164669.20
V 4016 -758399.20 -164676.95
V 4024 -758399.20 -164747.95
V 4032 -758397.12 -164755.70
V 4040 -758391.45 -164761.37
V 4048 -758383.70 -164763.45
V 4056 -758284.20 -164763.45
V 4064 -758284.20 -164803.45
V 4072 -758383.70 -164803.45
V 4080 -758391.45 -164805.53
V 4088 -758397.12 -164811.20
V 4096 -758399.20 -164818.95
V 4104 -758399.20 -164889.95
V 4112 -758397.12 -164897.70
V 4120 -758391.45 -164903.37
V 4128 -758383.70 -164905.45
V 4136 -758284.20 -164905.45
V 4144 -758284.20 -164945.45
V 4152 -758383.70 -164945.45
V 4160 -758391.45 -164947.53
V 4168 -758397.12 -164953.20
V 4176 -758399.20 -164960.95
V 4184 -758399.20 -165031.95
V 4192 -758397.12 -165039.70
V 4200 -758391.45 -165045.37
V 4208 -758383.70 -165047.45
V 4216 -758284.20 -165047.45
V 4224 -758284.20 -165087.45
V 4232 -758383.70 -165087.45
V 4240 -758391.45 -165089.53
V 4248 -758397.12 -165095.20
V 4256 -758399.20 -165102.95
V 4264 -758399.20 -165173.95
V 4272 -758397.12 -165181.70
V 4280 -758391.45 -165187.37
V 4288 -758383.70 -165189.45
V 4296 -758284.20 -165189.45
V 4304 -758284.20 -165229.45
V 4312 -758383.70 -165229.45
V 4320 -758391.45 -165231.53
V 4328 -758397.12 -165237.20
V 4336 -758399.20 -165244.95
V 4344 -758399.20 -165315.95
V 4352 -758397.12 -165323.70
V 4360 -758391.45 -165329.37
V 4368 -758383.70 -165331.45
V 4376 -758284.20 -165331.45
V 4384 -758284.20 -165371.45
V 4392 -758383.70 -165371.45
V 4400 -758391.45 -165373.53
V 4408 -758397.12 -165379.20
V 4416 -758399.20 -165386.95
V 4424 -758399.20 -165457.95
V 4432 -758397.12 -165465.70
V 4440 -758391.45 -165471.37
V 4448 -758383.70 -165473.45
V 4456 -758284.20 -165473.45
V 4464 -758284.20 -165513.45
V 4472 -758383.70 -165513.45
V 4480 -758391.45 -165515.53
V 4488 -758397.12 -165521.20
V 4496 -758399.20 -165528.95
V 4504 -758399.20 -165599.95
V 4512 -758397.12 -165607.70
V 4520 -758391.45 -165613.37
V 4528 -758383.70 -165615.45
V 4536 -758284.20 -165615.45
V 4544 -758284.20 -165655.45
V 4552 -758383.70 -165655.45
V 4560 -758391.45 -165657.53
V 4568 -758397.12 -165663.20
V 4576 -758399.20 -165670.95
V 4584 -758399.20 -165741.95
V 4592 -758397.12 -165749.70
V 4600 -758391.45 -165755.37
V 4608 -758383.70 -165757.45
V 4616 -758284.20 -165757.45
V 4624 -758284.20 -165797.45
V 4632 -758383.70 -165797.45
V 4640 -758391.45 -165799.53
V 4648 -758397.12 -165805.20
V 4656 -758399.20 -165812.95
V 4664 -758399.20 -165883.95
V 4672 -758397.12 -165891.70
V 4680 -758391.45 -165897.37
V 4688 -758383.70 -165899.45
V 4696 -758284.20 -165899.45
V 4704 -758284.20 -165939.45
V 4712 -758383.70 -165939.45
V 4720 -758391.45 -165941.53
V 4728 -758397.12 -165947.20
V 4736 -758399.20 -165954.95
V 4744 -758399.20 -166025.95
V 4752 -758397.12 -166033.70
V 4760 -758391.45 -166039.37
V 4768 -758383.70 -166041.45
V 4776 -758284.20 -166041.45
V 4784 -758284.20 -166081.45
V 4792 -758383.70 -166081.45
V 4800 -758391.45 -166083.53
V 4808 -758397.12 -166089.20
V 4816 -758399.20 -166096.95
V 4824 -758399.20 -166167.95
V 4832 -758397.12 -166175.70
V 4840 -758391.45 -166181.37
V 4848 -758383.70 -166183.45
V 4856 -758284.20 -166183.45
V 4864 -758284.20 -166223.45
V 4872 -758383.70 -166223.45
V 4880 -758391.45 -166225.53
V 4888 -758397.12 -166231.20
V 4896 -758399.20 -166238.95
V 4904 -758399.20 -166309.95
V 4912 -758397.12 -166317.70
V 4920 -758391.45 -166323.37
V 4928 -758383.70 -166325.45
V 4936 -758284.20 -166325.45
V 4944 -758284.20 -166365.45
V 4952 -758383.70 -166365.45
V 4960 -758391.45 -166367.53
V 4968 -758397.12 -166373.20
V 4976 -758399.20 -166380.95
V 4984 -758399.20 -166451.95
V 4992 -758397.12 -166459.70
V 5000 -758391.45 -166465.37
V 5008 -758383.70 -166467.45
V 5016 -758284.20 -166467.45
V 5024 -758284.20 -166507.45
V 5032 -758383.70 -166507.45
V 5040 -758391.45 -166509.53
V 5048 -758397.12 -166515.20
V 5056 -758399.20 -166522.95
V 5064 -758399.20 -166593.95
V 5072 -758397.12 -166601.70
V 5080 -758391.45 -166607.37
V 5088 -758383.70 -166609.45
V 5096 -758284.20 -166609.45
V 5104 -758284.20 -166649.45
V 5112 -758383.70 -166649.45
V 5120 -758391.45 -166651.53
V 5128 -758397.12 -166657.20
V 5136 -758399.20 -166664.95
V 5144 -758399.20 -166735.95
V 5152 -758397.12 -166743.70
V 5160 -758391.45 -166749.37
V 5168 -758383.70 -166751.45
V 5176 -758284.20 -166751.45
V 5184 -758284.20 -166791.45
V 5192 -758383.70 -166791.45
V 5200 -758391.45 -166793.53
V 5208 -758397.12 -166799.20
V 5216 -758399.20 -166806.95
V 5224 -758399.20 -166877.95
V 5232 -758397.12 -166885.70
V 5240 -758391.45 -166891.37
V 5248 -758383.70 -166893.45
V 5256 -758284.20 -166893.45
V 5264 -758284.20 -166933.45
V 5272 -758383.70 -166933.45
V 5280 -758391.45 -166935.53
V 5288 -758397.12 -166941.20
V 5296 -758399.20 -166948.95
V 5304 -758399.20 -167019.95
V 5312 -758397.12 -167027.70
V 5320 -758391.45 -167033.37
V 5328 -758383.70 -167035.45
V 5336 -758284.20 -167035.45
V 5344 -758284.20 -167075.45
V 5352 -758383.70 -167075.45
V 5360 -758391.45 -167077.53
V 5368 -758397.12 -167083.20
V 5376 -758399.20 -167090.95
V 5384 -758399.20 -167161.95
V 5392 -758397.12 -167169.70
V 5400 -758391.45 -167175.37
V 5408 -758383.70 -167177.45
V 5416 -758284.20 -167177.45
V 5424 -758284.20 -167217.45
V 5432 -758383.70 -167217.45
V 5440 -758391.45 -167219.53
V 5448 -758397.12 -167225.20
V 5456 -758399.20 -167232.95
V 5464 -758399.20 -167303.95
V 5472 -758397.12 -167311.70
V 5480 -758391.45 -167317.37
V 5488 -758383.70 -167319.45
V 5496 -758284.20 -167319.45
V 5504 -758284.20 -167359.45
V 5512 -758383.70 -167359.45
V 5520 -758391.45 -167361.53
V 5528 -758397.12 -167367.20
V 5536 -758399.20 -167374.95
V 5544 -758399.20 -167445.95
V 5552 -758397.12 -167453.70
V 5560 -758391.45 -167459.37
V 5568 -758383.70 -167461.45
V 5576 -758284.20 -167461.45
V 5584 -758284.20 -167501.45
V 5592 -758383.70 -167501.45
V 5600 -758391.45 -167503.53
V 5608 -758397.12 -167509.20
V 5616 -758399.20 -167516.95
V 5624 -758399.20 -167587.95
V 5632 -758397.12 -167595.70
V 5640 -758391.45 -167601.37
V 5648 -758383.70 -167603.45
V 5656 -758284.20 -167603.45
V 5664 -758284.20 -167643.45
V 5672 -758383.70 -167643.45
V 5680 -758391.45 -167645.53
V 5688 -758397.12 -167651.20
V 5696 -758399.20 -167658.95
V 5704 -758399.20 -167729.95
V 5712 -758397.12 -167737.70
V 5720 -758391.45 -167743.37
V 5728 -758383.70 -167745.45
V 5736 -758284.20 -167745.45
V 5744 -758284.20 -167785.45
V 5752 -758383.70 -167785.45
V 5760 -758391.45 -167787.53
V 5768 -758397.12 -167793.20
V 5776 -758399.20 -167800.95
V 5784 -758399.20 -167871.95
V 5792 -758397.12 -167879.70
V 5800 -758391.45 -167885.37
V 5808 -758383.70 -167887.45
V 5816 -758284.20 -167887.45
V 5824 -758284.20 -167927.45
V 5832 -758383.70 -167927.45
V 5840 -758391.45 -167929.53
V 5848 -758397.12 -167935.20
V 5856 -758399.20 -167942.95
V 5864 -758399.20 -168013.95
V 5872 -758397.12 -168021.70
V 5880 -758391.45 -168027.37
V 5888 -758383.70 -168029.45
V 5896 -758284.20 -168029.45
V 5904 -758284.20 -168069.45
V 5912 -758383.70 -168069.45
V 5920 -758391.45 -168071.53
V 5928 -758397.12 -168077.20
V 5936 -758399.20 -168084.95
V 5944 -758399.20 -168155.95
V 5952 -758397.12 -168163.70
V 5960 -758391.45 -168169.37
V 5968 -758383.70 -168171.45
V 5976 -758284.20 -168171.45
V 5984 -758284.20 -168211.45
V 5992 -758383.70 -168211.45
V 6000 -758391.45 -168213.53
V 6008 -758397.12 -168219.20
V 6016 -758399.20 -168226.95
V 6024 -758399.20 -168297.95
V 6032 -758397.12 -168305.70
V 6040 -758391.45 -168311.37
V 6048 -758383.70 -168313.45
V 6056 -758284.20 -168313.45
V 6064 -758284.20 -168353.45
V 6072 -758383.70 -168353.45
V 6080 -758391.45 -168355.53
V 6088 -758397.12 -168361.20
V 6096 -758399.20 -168368.95
V 6104 -758399.20 -168439.95
V 6112 -758397.12 -168447.70
V 6120 -758391.45 -168453.37
V 6128 -758383.70 -168455.45
V 6136 -758284.20 -168455.45
V 6144 -758284.20 -168495.45
V 6152 -758383.70 -168495.45
V 6160 -758391.45 -168497.53
V 6168 -758397.12 -168503.20
V 6176 -758399.20 -168510.95
V 6184 -758399.20 -168581.95
V 6192 -758397.12 -168589.70
V 6200 -758391.45 -168595.37
V 6208 -758383.70 -168597.45
V 6216 -758284.20 -168597.45
V 6224 -758284.20 -168637.45
V 6232 -758383.70 -168637.45
V 6240 -758391.45 -168639.53
V 6248 -758397.12 -168645.20
V 6256 -758399.20 -168652.95
V 6264 -758399.20 -168723.95
V 6272 -758397.12 -168731.70
V 6280 -758391.45 -168737.37
V 6288 -758383.70 -168739.45
V 6296 -758284.20 -168739.45
V 6304 -758284.20 -168779.45
V 6312 -758383.70 -168779.45
V 6320 -758391.45 -168781.53
V 6328 -758397.12 -168787.20
V 6336 -758399.20 -168794.95
V 6344 -758399.20 -168865.95
V 6352 -758397.12 -168873.70
V 6360 -758391.45 -168879.37
V 6368 -758383.70 -168881.45
V 6376 -758284.20 -168881.45
V 6384 -758284.20 -168921.45
V 6392 -758383.70 -168921.45
V 6400 -758391.45 -168923.53
V 6408 -758397.12 -168929.20
V 6416 -758399.20 -168936.95
V 6424 -758399.20 -169007.95
V 6432 -758397.12 -169015.70
V 6440 -758391.45 -169021.37
V 6448 -758383.70 -169023.45
V 6456 -758284.20 -169023.45
V 6464 -758284.20 -169063.45
V 6472 -758383.70 -169063.45
V 6480 -758391.45 -169065.53
V 6488 -758397.12 -169071.20
V 6496 -758399.20 -169078.95
V 6504 -758399.20 -169149.95
V 6512 -758397.12 -169157.70
V 6520 -758391.45 -169163.37
V 6528 -758383.70 -169165.45
V 6536 -758284.20 -169165.45
V 6544 -758284.20 -169205.45
V 6552 -758383.70 -169205.45
V 6560 -758391.45 -169207.53
V 6568 -758397.12 -169213.20
V 6576 -758399.20 -169220.95
V 6584 -758399.20 -169291.95
V 6592 -758397.12 -169299.70
V 6600 -758391.45 -169305.37
V 6608 -758383.70 -169307.45
V 6616 -758284.20 -169307.45
V 6624 -758284.20 -169347.45
V 6632 -758383.70 -169347.45
V 6640 -758391.45 -169349.53
V 6648 -758397.12 -169355.20
V 6656 -758399.20 -169362.95
V 6664 -758399.20 -169433.95
V 6672 -758397.12 -169441.70
V 6680 -758391.45 -169447.37
V 6688 -758383.70 -169449.45
V 6696 -758284.20 -169449.45
V 6704 -758284.20 -169489.45
V 6712 -758383.70 -169489.45
V 6720 -758391.45 -169491.53
V 6728 -758397.12 -169497.20
V 6736 -758399.20 -169504.95
V 6744 -758399.20 -169575.95
V 6752 -758397.12 -169583.70
V 6760 -758391.45 -169589.37
V 6768 -758383.70 -169591.45
V 6776 -758284.20 -169591.45
V 6784 -758284.20 -169631.45
V 6792 -758383.70 -169631.45
V 6800 -758391.45 -169633.53
V 6808 -758397.12 -169639.20
V 6816 -758399.20 -169646.95
V 6824 -758399.20 -169717.95
V 6832 -758397.12 -169725.70
V 6840 -758391.45 -169731.37
V 6848 -758383.70 -169733.45
V 6856 -758284.20 -169733.45
V 6864 -758284.20 -169773.45
V 6872 -758383.70 -169773.45
V 6880 -758391.45 -169775.53
V 6888 -758397.12 -169781.20
V 6896 -758399.20 -169788.95
V 6904 -758399.20 -169859.95
V 6912 -758397.12 -169867.70
V 6920 -758391.45 -169873.37
V 6928 -758383.70 -169875.45
V 6936 -758284.20 -169875.45
V 6944 -758284.20 -169915.45
V 6952 -758383.70 -169915.45
V 6960 -758391.45 -169917.53
V 6968 -758397.12 -169923.20
V 6976 -758399.20 -169930.95
V 6984 -758399.20 -170001.95
V 6992 -758397.12 -170009.70
V 7000 -758391.45 -170015.37
V 7008 -758383.70 -170017.45
V 7016 -758284.20 -170017.45
V 7024 -758284.20 -170057.45
V 7032 -758383.70 -170057.45
V 7040 -758391.45 -170059.53
V 7048 -758397.12 -170065.20
V 7056 -758399.20 -170072.95
V 7064 -758399.20 -170143.95
V 7072 -758397.12 -170151.70
V 7080 -758391.45 -170157.37
V 7088 -758383.70 -170159.45
V 7096 -758284.20 -170159.45
V 7104 -758284.20 -170199.45
V 7112 -758383.70 -170199.45
V 7120 -758391.45 -170201.53
V 7128 -758397.12 -170207.20
V 7136 -758399.20 -170214.95
V 7144 -758399.20 -170285.95
V 7152 -758397.12 -170293.70
V 7160 -758391.45 -170299.37
V 7168 -758383.70 -170301.45
V 7176 -758284.20 -170301.45
V 7184 -758284.20 -170341.45
V 7192 -758383.70 -170341.45
V 7200 -758391.45 -170343.53
V 7208 -758397.12 -170349.20
V 7216 -758399.20 -170356.95
V 7224 -758399.20 -170427.95
V 7232 -758397.12 -170435.70
V 7240 -758391.45 -170441.37
V 7248 -758383.70 -170443.45
V 7256 -758284.20 -170443.45
V 7264 -758284.20 -170483.45
V 7272 -758383.70 -170483.45
V 7280 -758391.45 -170485.53
V 7288 -758397.12 -170491.20
V 7296 -758399.20 -170498.95
V 7304 -758399.20 -170569.95
V 7312 -758397.12 -170577.70
V 7320 -758391.45 -170583.37
V 7328 -758383.70 -170585.45
V 7336 -758284.20 -170585.45
V 7344 -758284.20 -170625.45
V 7352 -758383.70 -170625.45
V 7360 -758391.45 -170627.53
V 7368 -758397.12 -170633.20
V 7376 -758399.20 -170640.95
V 7384 -758399.20 -170711.95
V 7392 -758397.12 -170719.70
V 7400 -758391.45 -170725.37
V 7408 -758383.70 -170727.45
V 7416 -758284.20 -170727.45
V 7424 -758284.20 -170767.45
V 7432 -758383.70 -170767.45
V 7440 -758391.45 -170769.53
V 7448 -758397.12 -170775.20
V 7456 -758399.20 -170782.95
V 7464 -758399.20 -170853.95
V 7472 -758397.12 -170861.70
V 7480 -758391.45 -170867.37
V 7488 -758383.70 -170869.45
V 7496 -758284.20 -170869.45
V 7504 -758284.20 -170909.45
V 7512 -758383.70 -170909.45
V 7520 -758391.45 -170911.53
V 7528 -758397.12 -170917.20
V 7536 -758399.20 -170924.95
V 7544 -758399.20 -170995.95
V 7552 -758397.12 -171003.70
V 7560 -758391.45 -171009.37
V 7568 -758383.70 -171011.45
V 7576 -758284.20 -171011.45
V 7584 -758284.20 -171051.45
V 7592 -758383.70 -171051.45
V 7600 -758391.45 -171053.53
V 7608 -758397.12 -171059.20
V 7616 -758399.20 -171066.95
V 7624 -758399.20 -171137.95
V 7632 -758397.12 -171145.70
V 7640 -758391.45 -171151.37
V 7648 -758383.70 -171153.45
V 7656 -758284.20 -171153.45
V 7664 -758284.20 -171193.45
V 7672 -758383.70 -171193.45
V 7680 -758391.45 -171195.53
V 7688 -758397.12 -171201.20
V 7696 -758399.20 -171208.95
V 7704 -758399.20 -171279.95
V 7712 -758397.12 -171287.70
V 7720 -758391.45 -171293.37
V 7728 -758383.70 -171295.45
V 7736 -758284.20 -171295.45
V 7744 -758284.20 -171335.45
V 7752 -758383.70 -171335.45
V 7760 -758391.45 -171337.53
V 7768 -758397.12 -171343.20
V 7776 -758399.20 -171350.95
V 7784 -758399.20 -171421.95
V 7792 -758397.12 -171429.70
V 7800 -758391.45 -171435.37
V 7808 -758383.70 -171437.45
V 7816 -758284.20 -171437.45
V 7824 -758284.20 -171477.45
V 7832 -758383.70 -171477.45
V 7840 -758391.45 -171479.53
V 7848 -758397.12 -171485.20
V 7856 -758399.20 -171492.95
V 7864 -758399.20 -171563.95
V 7872 -758397.12 -171571.70
V 7880 -758391.45 -171577.37
V 7888 -758383.70 -171579.45
V 7896 -758284.20 -171579.45
V 7904 -758284.20 -171619.45
V 7912 -758383.70 -171619.45
V 7920 -758391.45 -171621.53
V 7928 -758397.12 -171627.20
V 7936 -758399.20 -171634.95
V 7944 -758399.20 -171705.95
V 7952 -758397.12 -171713.70
V 7960 -758391.45 -171719.37
V 7968 -758383.70 -171721.45
V 7976 -758284.20 -171721.45
V 7984 -758284.20 -171761.45
V 7992 -758383.70 -171761.45
V 8000 -758391.45 -171763.53
V 8008 -758397.12 -171769.20
V 8016 -758399.20 -171776.95
V 8024 -758399.20 -171847.95
V 8032 -758397.12 -171855.70
V 8040 -758391.45 -171861.37
V 8048 -758383.70 -171863.45
V 8056 -758284.20 -171863.45
V 8064 -758284.20 -171903.45
V 8072 -758383.70 -171903.45
V 8080 -758391.45 -171905.53
V 8088 -758397.12 -171911.20
V 8096 -758399.20 -171918.95
V 8104 -758399.20 -171989.95
V 8112 -758397.12 -171997.70
V 8120 -758391.45 -172003.37
V 8128 -758383.70 -172005.45
V 8136 -758284.20 -172005.45
V 8144 -758284.20 -172045.45
V 8152 -758383.70 -172045.45
V 8160 -758391.45 -172047.53
V 8168 -758397.12 -172053.20
V 8176 -758399.20 -172060.95
V 8184 -758399.20 -172131.95
V 8192 -758397.12 -172139.70
V 8200 -758391.45 -172145.37
V 8208 -758383.70 -172147.45
V 8216 -758284.20 -172147.45
V 8224 -758284.20 -172187.45
V 8232 -758383.70 -172187.45
V 8240 -758391.45 -172189.53
V 8248 -758397.12 -172195.20
V 8256 -758399.20 -172202.95
V 8264 -758399.20 -172273.95
V 8272 -758397.12 -172281.70
V 8280 -758391.45 -172287.37
V 8288 -758383.70 -172289.45
V 8296 -758284.20 -172289.45
V 8304 -758284.20 -172329.45
V 8312 -758383.70 -172329.45
V 8320 -758391.45 -172331.53
V 8328 -758397.12 -172337.20
V 8336 -758399.20 -172344.95
V 8344 -758399.20 -172415.95
V 8352 -758397.12 -172423.70
V 8360 -758391.45 -172429.37
V 8368 -758383.70 -172431.45
V 8376 -758284.20 -172431.45
V 8384 -758284.20 -172471.45
V 8392 -758383.70 -172471.45
V 8400 -758391.45 -172473.53
V 8408 -758397.12 -172479.20
V 8416 -758399.20 -172486.95
V 8424 -758399.20 -172557.95
V 8432 -758397.12 -172565.70
V 8440 -758391.45 -172571.37
V 8448 -758383.70 -172573.45
V 8456 -758284.20 -172573.45
V 8464 -758284.20 -172613.45
V 8472 -758383.70 -172613.45
V 8480 -758391.45 -172615.53
V 8488 -758397.12 -172621.20
V 8496 -758399.20 -172628.95
V 8504 -758399.20 -172699.95
V 8512 -758397.12 -172707.70
V 8520 -758391.45 -172713.37
V 8528 -758383.70 -172715.45
V 8536 -758284.20 -172715.45
V 8544 -758284.20 -172755.45
V 8552 -758383.70 -172755.45
V 8560 -758391.45 -172757.53
V 8568 -758397.12 -172763.20
V 8576 -758399.20 -172770.95
V 8584 -758399.20 -172841.95
V 8592 -758397.12 -172849.70
V 8600 -758391.45 -172855.37
V 8608 -758383.70 -172857.45
V 8616 -758284.20 -172857.45
V 8624 -758284.20 -172897.45
V 8632 -758383.70 -172897.45
V 8640 -758391.45 -172899.53
V 8648 -758397.12 -172905.20
V 8656 -758399.20 -172912.95
V 8664 -758399.20 -172983.95
V 8672 -758397.12 -172991.70
V 8680 -758391.45 -172997.37
V 8688 -758383.70 -172999.45
V 8696 -758284.20 -172999.45
V 8704 -758284.20 -173039.45
V 8712 -758383.70 -173039.45
V 8720 -758391.45 -173041.53
V 8728 -758397.12 -173047.20
V 8736 -758399.20 -173054.95
V 8744 -758399.20 -173125.95
V 8752 -758397.12 -173133.70
V 8760 -758391.45 -173139.37
V 8768 -758383.70 -173141.45
V 8776 -758284.20 -173141.45
V 8784 -758284.20 -173181.45
V 8792 -758383.70 -173181.45
V 8800 -758391.45 -173183.53
V 8808 -758397.12 -173189.20
V 8816 -758399.20 -173196.95
V 8824 -758399.20 -173267.95
V 8832 -758397.12 -173275.70
V 8840 -758391.45 -173281.37
V 8848 -758383.70 -173283.45
V 8856 -758284.20 -173283.45
V 8864 -758284.20 -173323.45
V 8872 -758383.70 -173323.45
V 8880 -758391.45 -173325.53
V 8888 -758397.12 -173331.20
V 8896 -758399.20 -173338.95
V 8904 -758399.20 -173409.95
V 8912 -758397.12 -173417.70
V 8920 -758391.45 -173423.37
V 8928 -758383.70 -173425.45
V 8936 -758284.20 -173425.45
V 8944 -758284.20 -173465.45
V 8952 -758383.70 -173465.45
V 8960 -758391.45 -173467.53
V 8968 -758397.12 -173473.20
V 8976 -758399.20 -173480.95
V 8984 -758399.20 -173551.95
V 8992 -758397.12 -173559.70
V 9000 -758391.45 -173565.37
V 9008 -758383.70 -173567.45
V 9016 -758284.20 -173567.45
V 9024 -758284.20 -173607.45
V 9032 -758383.70 -173607.45
V 9040 -758391.45 -173609.53
V 9048 -758397.12 -173615.20
V 9056 -758399.20 -173622.95
V 9064 -758399.20 -173693.95
V 9072 -758397.12 -173701.70
V 9080 -758391.45 -173707.37
V 9088 -758383.70 -173709.45
V 9096 -758284.20 -173709.45
V 9104 -758284.20 -173749.45
V 9112 -758383.70 -173749.45
V 9120 -758391.45 -173751.53
V 9128 -758397.12 -173757.20
V 9136 -758399.20 -173764.95
V 9144 -758399.20 -173835.95
V 9152 -758397.12 -173843.70
V 9160 -758391.45 -173849.37
V 9168 -758383.70 -173851.45
V 9176 -758284.20 -173851.45
V 9184 -758284.20 -173891.45
V 9192 -758383.70 -173891.45
V 9200 -758391.45 -173893.53
V 9208 -758397.12 -173899.20
V 9216 -758399.20 -173906.95
V 9224 -758399.20 -173977.95
V 9232 -758397.12 -173985.70
V 9240 -758391.45 -173991.37
V 9248 -758383.70 -173993.45
V 9256 -758284.20 -173993.45
V 9264 -758284.20 -174033.45
V 9272 -758383.70 -174033.45
V 9280 -758391.45 -174035.53
V 9288 -758397.12 -174041.20
V 9296 -758399.20 -174048.95
V 9304 -758399.20 -174119.95
V 9312 -758397.12 -174127.70
V 9320 -758391.45 -174133.37
V 9328 -758383.70 -174135.45
V 9336 -758284.20 -174135.45
V 9344 -758284.20 -174175.45
V 9352 -758383.70 -174175.45
V 9360 -758391.45 -174177.53
V 9368 -758397.12 -174183.20
V 9376 -758399.20 -174190.95
V 9384 -758399.20 -174261.95
V 9392 -758397.12 -174269.70
V 9400 -758391.45 -174275.37
V 9408 -758383.70 -174277.45
V 9416 -758284.20 -174277.45
V 9424 -758284.20 -174317.45
V 9432 -758383.70 -174317.45
V 9440 -758391.45 -174319.53
V 9448 -758397.12 -174325.20
V 9456 -758399.20 -174332.95
V 9464 -758399.20 -174403.95
V 9472 -758397.12 -174411.70
V 9480 -758391.45 -174417.37
V 9488 -758383.70 -174419.45
V 9496 -758284.20 -174419.45
V 9504 -758284.20 -174459.45
V 9512 -758383.70 -174459.45
V 9520 -758391.45 -174461.53
V 9528 -758397.12 -174467.20
V 9536 -758399.20 -174474.95
V 9544 -758399.20 -174545.95
V 9552 -758397.12 -174553.70
V 9560 -758391.45 -174559.37
V 9568 -758383.70 -174561.45
V 9576 -758284.20 -174561.45
V 9584 -758284.20 -174601.45
V 9592 -758383.70 -174601.45
V 9600 -758391.45 -174603.53
V 9608 -758397.12 -174609.20
V 9616 -758399.20 -174616.95
V 9624 -758399.20 -174687.95
V 9632 -758397.12 -174695.70
V 9640 -758391.45 -174701.37
V 9648 -758383.70 -174703.45
V 9656 -758284.20 -174703.45
V 9664 -758284.20 -174743.45
V 9672 -758383.70 -174743.45
V 9680 -758391.45 -174745.53
V 9688 -758397.12 -174751.20
V 9696 -758399.20 -174758.95
V 9704 -758399.20 -174829.95
V 9712 -758397.12 -174837.70
V 9720 -758391.45 -174843.37
V 9728 -758383.70 -174845.45
V 9736 -758284.20 -174845.45
V 9744 -758284.20 -174885.45
V 9752 -758383.70 -174885.45
V 9760 -758391.45 -174887.53
V 9768 -758397.12 -174893.20
V 9776 -758399.20 -174900.95
V 9784 -758399.20 -174971.95
V 9792 -758397.12 -174979.70
V 9800 -758391.45 -174985.37
V 9808 -758383.70 -174987.45
V 9816 -758284.20 -174987.45
V 9824 -758284.20 -175027.45
V 9832 -758383.70 -175027.45
V 9840 -758391.45 -175029.53
V 9848 -758397.12 -175035.20
V 9856 -758399.20 -175042.95
V 9864 -758399.20 -175113.95
V 9872 -758397.12 -175121.70
V 9880 -758391.45 -175127.37
V 9888 -758383.70 -175129.45
V 9896 -758284.20 -175129.45
V 9904 -758284.20 -175169.45
V 9912 -758383.70 -175169.45
V 9920 -758391.45 -175171.53
V 9928 -758397.12 -175177.20
V 9936 -758399.20 -175184.95
V 9944 -758399.20 -175255.95
V 9952 -758397.12 -175263.70
V 9960 -758391.45 -175269.37
V 9968 -758383.70 -175271.45
V 9976 -758284.20 -175271.45
V 9984 -758284.20 -175311.45
V 9992 -758383.70 -175311.45
V 10000 -758391.45 -175313.53
V 10008 -758397.12 -175319.20
V 10016 -758399.20 -175326.95
V 10024 -758399.20 -175397.95
V 10032 -758397.12 -175405.70
V 10040 -758391.45 -175411.37
V 10048 -758383.70 -175413.45
V 10056 -758284.20 -175413.45
V 10064 -758284.20 -175453.45
V 10072 -758383.70 -175453.45
V 10080 -758391.45 -175455.53
V 10088 -758397.12 -175461.20
V 10096 -758399.20 -175468.95
V 10104 -758399.20 -175539.95
V 10112 -758397.12 -175547.70
V 10120 -758391.45 -175553.37
V 10128 -758383.70 -175555.45
V 10136 -758284.20 -175555.45
V 10144 -758284.20 -175595.45
V 10152 -758383.70 -175595.45
V 10160 -758391.45 -175597.53
V 10168 -758397.12 -175603.20
V 10176 -758399.20 -175610.95
V 10184 -758399.20 -175681.95
V 10192 -758397.12 -175689.70
V 10200 -758391.45 -175695.37
V 10208 -758383.70 -175697.45
V 10216 -758284.20 -175697.45
V 10224 -758284.20 -175737.45
V 10232 -758383.70 -175737.45
V 10240 -758391.45 -175739.53
V 10248 -758397.12 -175745.20
V 10256 -758399.20 -175752.95
V 10264 -758399.20 -175823.95
V 10272 -758397.12 -175831.70
V 10280 -758391.45 -175837.37
V 10288 -758383.70 -175839.45
V 10296 -758284.20 -175839.45
V 10304 -758284.20 -175879.45
V 10312 -758383.70 -175879.45
V 10320 -758391.45 -175881.53
V 10328 -758397.12 -175887.20
V 10336 -758399.20 -175894.95
V 10344 -758399.20 -175965.95
V 10352 -758397.12 -175973.70
V 10360 -758391.45 -175979.37
V 10368 -758383.70 -175981.45
V 10376 -758284.20 -175981.45
V 10384 -758284.20 -176021.45
V 10392 -758383.70 -176021.45
V 10400 -758391.45 -176023.53
V 10408 -758397.12 -176029.20
V 10416 -758399.20 -176036.95
V 10424 -758399.20 -176107.95
V 10432 -758397.12 -176115.70
V 10440 -758391.45 -176121.37
V 10448 -758383.70 -176123.45
V 10456 -758284.20 -176123.45
V 10464 -758284.20 -176163.45
V 10472 -758383.70 -176163.45
V 10480 -758391.45 -176165.53
V 10488 -758397.12 -176171.20
V 10496 -758399.20 -176178.95
V 10504 -758399.20 -176249.95
V 10512 -758397.12 -176257.70
V 10520 -758391.45 -176263.37
V 10528 -758383.70 -176265.45
V 10536 -758284.20 -176265.45
V 10544 -758284.20 -176305.45
V 10552 -758383.70 -176305.45
V 10560 -758391.45 -176307.53
V 10568 -758397.12 -176313.20
V 10576 -758399.20 -176320.95
V 10584 -758399.20 -176391.95
V 10592 -758397.12 -176399.70
V 10600 -758391.45 -176405.37
V 10608 -758383.70 -176407.45
V 10616 -758284.20 -176407.45
V 10624 -758284.20 -176447.45
V 10632 -758383.70 -176447.45
V 10640 -758391.45 -176449.53
V 10648 -758397.12 -176455.20
V 10656 -758399.20 -176462.95
V 10664 -758399.20 -176533.95
V 10672 -758397.12 -176541.70
V 10680 -758391.45 -176547.37
V 10688 -758383.70 -176549.45
V 10696 -758284.20 -176549.45
V 10704 -758284.20 -176589.45
V 10712 -758383.70 -176589.45
V 10720 -758391.45 -176591.53
V 10728 -758397.12 -176597.20
V 10736 -758399.20 -176604.95
V 10744 -758399.20 -176675.95
V 10752 -758397.12 -176683.70
V 10760 -758391.45 -176689.37
V 10768 -758383.70 -176691.45
V 10776 -758284.20 -176691.45
V 10784 -758284.20 -176731.45
V 10792 -758383.70 -176731.45
V 10800 -758391.45 -176733.53
V 10808 -758397.12 -176739.20
V 10816 -758399.20 -176746.95
V 10824 -758399.20 -176817.95
V 10832 -758397.12 -176825.70
V 10840 -758391.45 -176831.37
V 10848 -758383.70 -176833.45
V 10856 -758284.20 -176833.45
V 10864 -758284.20 -176873.45
V 10872 -758383.70 -176873.45
V 10880 -758391.45 -176875.53
V 10888 -758397.12 -176881.20
V 10896 -758399.20 -176888.95
V 10904 -758399.20 -176959.95
V 10912 -758397.12 -176967.70
V 10920 -758391.45 -176973.37
V 10928 -758383.70 -176975.45
V 10936 -758284.20 -176975.45
V 10944 -758284.20 -177015.45
V 10952 -758383.70 -177015.45
V 10960 -758391.45 -177017.53
V 10968 -758397.12 -177023.20
V 10976 -758399.20 -177030.95
V 10984 -758399.20 -177101.95
V 10992 -758397.12 -177109.70
V 11000 -758391.45 -177115.37
V 11008 -758383.70 -177117.45
V 11016 -758284.20 -177117.45
V 11024 -758284.20 -177157.45
V 11032 -758383.70 -177157.45
V 11040 -758391.45 -177159.53
V 11048 -758397.12 -177165.20
V 11056 -758399.20 -177172.95
V 11064 -758399.20 -177243.95
V 11072 -758397.12 -177251.70
V 11080 -758391.45 -177257.37
V 11088 -758383.70 -177259.45
V 11096 -758284.20 -177259.45
V 11104 -758284.20 -177299.45
V 11112 -758383.70 -177299.45
V 11120 -758391.45 -177301.53
V 11128 -758397.12 -177307.20
V 11136 -758399.20 -177314.95
V 11144 -758399.20 -177385.95
V 11152 -758397.12 -177393.70
V 11160 -758391.45 -177399.37
V 11168 -758383.70 -177401.45
V 11176 -758284.20 -177401.45
V 11184 -758284.20 -177441.45
V 11192 -758383.70 -177441.45
V 11200 -758391.45 -177443.53
V 11208 -758397.12 -177449.20
V 11216 -758399.20 -177456.95
V 11224 -758399.20 -177527.95
V 11232 -758397.12 -177535.70
V 11240 -758391.45 -177541.37
V 11248 -758383.70 -177543.45
V 11256 -758284.20 -177543.45
V 11264 -758284.20 -177583.45
V 11272 -758383.70 -177583.45
V 11280 -758391.45 -177585.53
V 11288 -758397.12 -177591.20
V 11296 -758399.20 -177598.95
V 11304 -758399.20 -177669.95
V 11312 -758397.12 -177677.70
V 11320 -758391.45 -177683.37
V 11328 -758383.70 -177685.45
V 11336 -758284.20 -177685.45
V 11344 -758284.20 -177725.45
V 11352 -758383.70 -177725.45
V 11360 -758391.45 -177727.53
V 11368 -758397.12 -177733.20
V 11376 -758399.20 -177740.95
V 11384 -758399.20 -177811.95
V 11392 -758397.12 -177819.70
V 11400 -758391.45 -177825.37
V 11408 -758383.70 -177827.45
V 11416 -758284.20 -177827.45
V 11424 -758284.20 -177867.45
V 11432 -758383.70 -177867.45
V 11440 -758391.45 -177869.53
V 11448 -758397.12 -177875.20
V 11456 -758399.20 -177882.95
V 11464 -758399.20 -177953.95
V 11472 -758397.12 -177961.70
V 11480 -758391.45 -177967.37
V 11488 -758383.70 -177969.45
V 11496 -758284.20 -177969.45
V 11504 -758284.20 -178009.45
V 11512 -758383.70 -178009.45
V 11520 -758391.45 -178011.53
V 11528 -758397.12 -178017.20
V 11536 -758399.20 -178024.95
V 11544 -758399.20 -178095.95
V 11552 -758397.12 -178103.70
V 11560 -758391.45 -178109.37
V 11568 -758383.70 -178111.45
V 11576 -758284.20 -178111.45
V 11584 -758284.20 -178151.45
V 11592 -758383.70 -178151.45
V 11600 -758391.45 -178153.53
V 11608 -758397.12 -178159.20
V 11616 -758399.20 -178166.95
V 11624 -758399.20 -178237.95
V 11632 -758397.12 -178245.70
V 11640 -758391.45 -178251.37
V 11648 -758383.70 -178253.45
V 11656 -758284.20 -178253.45
V 11664 -758284.20 -178293.45
V 11672 -758383.70 -178293.45
V 11680 -758391.45 -178295.53
V 11688 -758397.12 -178301.20
V 11696 -758399.20 -178308.95
V 11704 -758399.20 -178379.95
V 11712 -758397.12 -178387.70
V 11720 -758391.45 -178393.37
V 11728 -758383.70 -178395.45
V 11736 -758341.70 -178395.45
V 11744 -758341.70 -178404.45
V 11752 -758310.70 -178404.45
V 11760 -758310.70 -178379.95
V 11768 -758310.74 -178378.84
V 11776 -758310.86 -178377.74
V 11784 -758311.05 -178376.66
V 11792 -758311.33 -178375.58
V 11800 -758311.68 -178374.53
V 11808 -758312.10 -178373.51
V 11816 -758312.60 -178372.52
V 11824 -758313.16 -178371.57
V 11832 -758313.79 -178370.66
V 11840 -758314.49 -178369.80
V 11848 -758315.24 -178368.99
V 11856 -758316.05 -178368.24
V 11864 -758316.91 -178367.54
V 11872 -758317.82 -178366.91
V 11880 -758318.77 -178366.35
V 11888 -758319.76 -178365.85
V 11896 -758320.78 -178365.43
V 11904 -758321.83 -178365.08
V 11912 -758322.91 -178364.80
V 11920 -758323.99 -178364.61
V 11928 -758325.09 -178364.49
V 11936 -758326.20 -178364.45
V 11944 -758368.20 -178364.45
V 11952 -758368.20 -178324.45
V 11960 -758268.70 -178324.45
V 11968 -758260.95 -178322.37
V 11976 -758255.28 -178316.70
V 11984 -758253.20 -178308.95
V 11992 -758253.20 -178237.95
V 12000 -758255.28 -178230.20
V 12008 -758260.95 -178224.53
V 12016 -758268.70 -178222.45
V 12024 -758368.20 -178222.45
V 12032 -758368.20 -178182.45
V 12040 -758268.70 -178182.45
V 12048 -758260.95 -178180.37
V 12056 -758255.28 -178174.70
V 12064 -758253.20 -178166.95
V 12072 -758253.20 -178095.95
V 12080 -758255.28 -178088.20
V 12088 -758260.95 -178082.53
V 12096 -758268.70 -178080.45
V 12104 -758368.20 -178080.45
V 12112 -758368.20 -178040.45
V 12120 -758268.70 -178040.45
V 12128 -758260.95 -178038.37
V 12136 -758255.28 -178032.70
V 12144 -758253.20 -178024.95
V 12152 -758253.20 -177953.95
V 12160 -758255.28 -177946.20
V 12168 -758260.95 -177940.53
V 12176 -758268.70 -177938.45
V 12184 -758368.20 -177938.45
V 12192 -758368.20 -177898.45
V 12200 -758268.70 -177898.45
V 12208 -758260.95 -177896.37
V 12216 -758255.28 -177890.70
V 12224 -758253.20 -177882.95
V 12232 -758253.20 -177811.95
V 12240 -758255.28 -177804.20
V 12248 -758260.95 -177798.53
V 12256 -758268.70 -177796.45
V 12264 -758368.20 -177796.45
V 12272 -758368.20 -177756.45
V 12280 -758268.70 -177756.45
V 12288 -758260.95 -177754.37
V 12296 -758255.28 -177748.70
V 12304 -758253.20 -177740.95
V 12312 -758253.20 -177669.95
V 12320 -758255.28 -177662.20
V 12328 -758260.95 -177656.53
V 12336 -758268.70 -177654.45
V 12344 -758368.20 -177654.45
V 12352 -758368.20 -177614.45
V 12360 -758268.70 -177614.45
V 12368 -758260.95 -177612.37
V 12376 -758255.28 -177606.70
V 12384 -758253.20 -177598.95
V 12392 -758253.20 -177527.95
V 12400 -758255.28 -177520.20
V 12408 -758260.95 -177514.53
V 12416 -758268.70 -177512.45
V 12424 -758368.20 -177512.45
V 12432 -758368.20 -177472.45
V 12440 -758268.70 -177472.45
V 12448 -758260.95 -177470.37
V 12456 -758255.28 -177464.70
V 12464 -758253.20 -177456.95
V 12472 -758253.20 -177385.95
V 12480 -758255.28 -177378.20
V 12488 -758260.95 -177372.53
V 12496 -758268.70 -177370.45
V 12504 -758368.20 -177370.45
V 12512 -758368.20 -177330.45
V 12520 -758268.70 -177330.45
V 12528 -758260.95 -177328.37
V 12536 -758255.28 -177322.70
V 12544 -758253.20 -177314.95
V 12552 -758253.20 -177243.95
V 12560 -758255.28 -177236.20
V 12568 -758260.95 -177230.53
V 12576 -758268.70 -177228.45
V 12584 -758368.20 -177228.45
V 12592 -758368.20 -177188.45
V 12600 -758268.70 -177188.45
V 12608 -758260.95 -177186.37
V 12616 -758255.28 -177180.70
V 12624 -758253.20 -177172.95
V 12632 -758253.20 -177101.95
V 12640 -758255.28 -177094.20
V 12648 -758260.95 -177088.53
V 12656 -758268.70 -177086.45
V 12664 -758368.20 -177086.45
V 12672 -758368.20 -177046.45
V 12680 -758268.70 -177046.45
V 12688 -758260.95 -177044.37
V 12696 -758255.28 -177038.70
V 12704 -758253.20 -177030.95
V 12712 -758253.20 -176959.95
V 12720 -758255.28 -176952.20
V 12728 -758260.95 -176946.53
V 12736 -758268.70 -176944.45
V 12744 -758368.20 -176944.45
V 12752 -758368.20 -176904.45
V 12760 -758268.70 -176904.45
V 12768 -758260.95 -176902.37
V 12776 -758255.28 -176896.70
V 12784 -758253.20 -176888.95
V 12792 -758253.20 -176817.95
V 12800 -758255.28 -176810.20
V 12808 -758260.95 -176804.53
V 12816 -758268.70 -176802.45
V 12824 -758368.20 -176802.45
V 12832 -758368.20 -176762.45
V 12840 -758268.70 -176762.45
V 12848 -758260.95 -176760.37
V 12856 -758255.28 -176754.70
V 12864 -758253.20 -176746.95
V 12872 -758253.20 -176675.95
V 12880 -758255.28 -176668.20
V 12888 -758260.95 -176662.53
V 12896 -758268.70 -176660.45
V 12904 -758368.20 -176660.45
V 12912 -758368.20 -176620.45
V 12920 -758268.70 -176620.45
V 12928 -758260.95 -176618.37
V 12936 -758255.28 -176612.70
V 12944 -758253.20 -176604.95
V 12952 -758253.20 -176533.95
V 12960 -758255.28 -176526.20
V 12968 -758260.95 -176520.53
V 12976 -758268.70 -176518.45
V 12984 -758368.20 -176518.45
V 12992 -758368.20 -176478.45
V 13000 -758268.70 -176478.45
V 13008 -758260.95 -176476.37
V 13016 -758255.28 -176470.70
V 13024 -758253.20 -176462.95
V 13032 -758253.20 -176391.95
V 13040 -758255.28 -176384.20
V 13048 -758260.95 -176378.53
V 13056 -758268.70 -176376.45
V 13064 -758368.20 -176376.45
V 13072 -758368.20 -176336.45
V 13080 -758268.70 -176336.45
V 13088 -758260.95 -176334.37
V 13096 -758255.28 -176328.70
V 13104 -758253.20 -176320.95
V 13112 -758253.20 -176249.95
V 13120 -758255.28 -176242.20
V 13128 -758260.95 -176236.53
V 13136 -758268.70 -176234.45
V 13144 -758368.20 -176234.45
V 13152 -758368.20 -176194.45
V 13160 -758268.70 -176194.45
V 13168 -758260.95 -176192.37
V 13176 -758255.28 -176186.70
V 13184 -758253.20 -176178.95
V 13192 -758253.20 -176107.95
V 13200 -758255.28 -176100.20
V 13208 -758260.95 -176094.53
V 13216 -758268.70 -176092.45
V 13224 -758368.20 -176092.45
V 13232 -758368.20 -176052.45
V 13240 -758268.70 -176052.45
V 13248 -758260.95 -176050.37
V 13256 -758255.28 -176044.70
V 13264 -758253.20 -176036.95
V 13272 -758253.20 -175965.95
V 13280 -758255.28 -175958.20
V 13288 -758260.95 -175952.53
V 13296 -758268.70 -175950.45
V 13304 -758368.20 -175950.45
V 13312 -758368.20 -175910.45
V 13320 -758268.70 -175910.45
V 13328 -758260.95 -175908.37
V 13336 -758255.28 -175902.70
V 13344 -758253.20 -175894.95
V 13352 -758253.20 -175823.95
V 13360 -758255.28 -175816.20
V 13368 -758260.95 -175810.53
V 13376 -758268.70 -175808.45
V 13384 -758368.20 -175808.45
V 13392 -758368.20 -175768.45
V 13400 -758268.70 -175768.45
V 13408 -758260.95 -175766.37
V 13416 -758255.28 -175760.70
V 13424 -758253.20 -175752.95
V 13432 -758253.20 -175681.95
V 13440 -758255.28 -175674.20
V 13448 -758260.95 -175668.53
V 13456 -758268.70 -175666.45
V 13464 -758368.20 -175666.45
V 13472 -758368.20 -175626.45
V 13480 -758268.70 -175626.45
V 13488 -758260.95 -175624.37
V 13496 -758255.28 -175618.70
V 13504 -758253.20 -175610.95
V 13512 -758253.20 -175539.95
V 13520 -758255.28 -175532.20
V 13528 -758260.95 -175526.53
V 13536 -758268.70 -175524.45
V 13544 -758368.20 -175524.45
V 13552 -758368.20 -175484.45
V 13560 -758268.70 -175484.45
V 13568 -758260.95 -175482.37
V 13576 -758255.28 -175476.70
V 13584 -758253.20 -175468.95
V 13592 -758253.20 -175397.95
V 13600 -758255.28 -175390.20
V 13608 -758260.95 -175384.53
V 13616 -758268.70 -175382.45
V 13624 -758368.20 -175382.45
V 13632 -758368.20 -175342.45
V 13640 -758268.70 -175342.45
V 13648 -758260.95 -175340.37
V 13656 -758255.28 -175334.70
V 13664 -758253.20 -175326.95
V 13672 -758253.20 -175255.95
V 13680 -758255.28 -175248.20
V 13688 -758260.95 -175242.53
V 13696 -758268.70 -175240.45
V 13704 -758368.20 -175240.45
V 13712 -758368.20 -175200.45
V 13720 -758268.70 -175200.45
V 13728 -758260.95 -175198.37
V 13736 -758255.28 -175192.70
V 13744 -758253.20 -175184.95
V 13752 -758253.20 -175113.95
V 13760 -758255.28 -175106.20
V 13768 -758260.95 -175100.53
V 13776 -758268.70 -175098.45
V 13784 -758368.20 -175098.45
V 13792 -758368.20 -175058.45
V 13800 -758268.70 -175058.45
V 13808 -758260.95 -175056.37
V 13816 -758255.28 -175050.70
V 13824 -758253.20 -175042.95
V 13832 -758253.20 -174971.95
V 13840 -758255.28 -174964.20
V 13848 -758260.95 -174958.53
V 13856 -758268.70 -174956.45
V 13864 -758368.20 -174956.45
V 13872 -758368.20 -174916.45
V 13880 -758268.70 -174916.45
V 13888 -758260.95 -174914.37
V 13896 -758255.28 -174908.70
V 13904 -758253.20 -174900.95
V 13912 -758253.20 -174829.95
V 13920 -758255.28 -174822.20
V 13928 -758260.95 -174816.53
V 13936 -758268.70 -174814.45
V 13944 -758368.20 -174814.45
V 13952 -758368.20 -174774.45
V 13960 -758268.70 -174774.45
V 13968 -758260.95 -174772.37
V 13976 -758255.28 -174766.70
V 13984 -758253.20 -174758.95
V 13992 -758253.20 -174687.95
V 14000 -758255.28 -174680.20
V 14008 -758260.95 -174674.53
V 14016 -758268.70 -174672.45
V 14024 -758368.20 -174672.45
V 14032 -758368.20 -174632.45
V 14040 -758268.70 -174632.45
V 14048 -758260.95 -174630.37
V 14056 -758255.28 -174624.70
V 14064 -758253.20 -174616.95
V 14072 -758253.20 -174545.95
V 14080 -758255.28 -174538.20
V 14088 -758260.95 -174532.53
V 14096 -758268.70 -174530.45
V 14104 -758368.20 -174530.45
V 14112 -758368.20 -174490.45
V 14120 -758268.70 -174490.45
V 14128 -758260.95 -174488.37
V 14136 -758255.28 -174482.70
V 14144 -758253.20 -174474.95
V 14152 -758253.20 -174403.95
V 14160 -758255.28 -174396.20
V 14168 -758260.95 -174390.53
V 14176 -758268.70 -174388.45
V 14184 -758368.20 -174388.45
V 14192 -758368.20 -174348.45
V 14200 -758268.70 -174348.45
V 14208 -758260.95 -174346.37
V 14216 -758255.28 -174340.70
V 14224 -758253.20 -174332.95
V 14232 -758253.20 -174261.95
V 14240 -758255.28 -174254.20
V 14248 -758260.95 -174248.53
V 14256 -758268.70 -174246.45
V 14264 -758368.20 -174246.45
V 14272 -758368.20 -174206.45
V 14280 -758268.70 -174206.45
V 14288 -758260.95 -174204.37
V 14296 -758255.28 -174198.70
V 14304 -758253.20 -174190.95
V 14312 -758253.20 -174119.95
V 14320 -758255.28 -174112.20
V 14328 -758260.95 -174106.53
V 14336 -758268.70 -174104.45
V 14344 -758368.20 -174104.45
V 14352 -758368.20 -174064.45
V 14360 -758268.70 -174064.45
V 14368 -758260.95 -174062.37
V 14376 -758255.28 -174056.70
V 14384 -758253.20 -174048.95
V 14392 -758253.20 -173977.95
V 14400 -758255.28 -173970.20
V 14408 -758260.95 -173964.53
V 14416 -758268.70 -173962.45
V 14424 -758368.20 -173962.45
V 14432 -758368.20 -173922.45
V 14440 -758268.70 -173922.45
V 14448 -758260.95 -173920.37
V 14456 -758255.28 -173914.70
V 14464 -758253.20 -173906.95
V 14472 -758253.20 -173835.95
V 14480 -758255.28 -173828.20
V 14488 -758260.95 -173822.53
V 14496 -758268.70 -173820.45
V 14504 -758368.20 -173820.45
V 14512 -758368.20 -173780.45
V 14520 -758268.70 -173780.45
V 14528 -758260.95 -173778.37
V 14536 -758255.28 -173772.70
V 14544 -758253.20 -173764.95
V 14552 -758253.20 -173693.95
V 14560 -758255.28 -173686.20
V 14568 -758260.95 -173680.53
V 14576 -758268.70 -173678.45
V 14584 -758368.20 -173678.45
V 14592 -758368.20 -173638.45
V 14600 -758268.70 -173638.45
V 14608 -758260.95 -173636.37
V 14616 -758255.28 -173630.70
V 14624 -758253.20 -173622.95
V 14632 -758253.20 -173551.95
V 14640 -758255.28 -173544.20
V 14648 -758260.95 -173538.53
V 14656 -758268.70 -173536.45
V 14664 -758368.20 -173536.45
V 14672 -758368.20 -173496.45
V 14680 -758268.70 -173496.45
V 14688 -758260.95 -173494.37
V 14696 -758255.28 -173488.70
V 14704 -758253.20 -173480.95
V 14712 -758253.20 -173409.95
V 14720 -758255.28 -173402.20
V 14728 -758260.95 -173396.53
V 14736 -758268.70 -173394.45
V 14744 -758368.20 -173394.45
V 14752 -758368.20 -173354.45
V 14760 -758268.70 -173354.45
V 14768 -758260.95 -173352.37
V 14776 -758255.28 -173346.70
V 14784 -758253.20 -173338.95
V 14792 -758253.20 -173267.95
V 14800 -758255.28 -173260.20
V 14808 -758260.95 -173254.53
V 14816 -758268.70 -173252.45
V 14824 -758368.20 -173252.45
V 14832 -758368.20 -173212.45
V 14840 -758268.70 -173212.45
V 14848 -758260.95 -173210.37
V 14856 -758255.28 -173204.70
V 14864 -758253.20 -173196.95
V 14872 -758253.20 -173125.95
V 14880 -758255.28 -173118.20
V 14888 -758260.95 -173112.53
V 14896 -758268.70 -173110.45
V 14904 -758368.20 -173110.45
V 14912 -758368.20 -173070.45
V 14920 -758268.70 -173070.45
V 14928 -758260.95 -173068.37
V 14936 -758255.28 -173062.70
V 14944 -758253.20 -173054.95
V 14952 -758253.20 -172983.95
V 14960 -758255.28 -172976.20
V 14968 -758260.95 -172970.53
V 14976 -758268.70 -172968.45
V 14984 -758368.20 -172968.45
V 14992 -758368.20 -172928.45
V 15000 -758268.70 -172928.45
V 15008 -758260.95 -172926.37
V 15016 -758255.28 -172920.70
V 15024 -758253.20 -172912.95
V 15032 -758253.20 -172841.95
V 15040 -758255.28 -172834.20
V 15048 -758260.95 -172828.53
V 15056 -758268.70 -172826.45
V 15064 -758368.20 -172826.45
V 15072 -758368.20 -172786.45
V 15080 -758268.70 -172786.45
V 15088 -758260.95 -172784.37
V 15096 -758255.28 -172778.70
V 15104 -758253.20 -172770.95
V 15112 -758253.20 -172699.95
V 15120 -758255.28 -172692.20
V 15128 -758260.95 -172686.53
V 15136 -758268.70 -172684.45
V 15144 -758368.20 -172684.45
V 15152 -758368.20 -172644.45
V 15160 -758268.70 -172644.45
V 15168 -758260.95 -172642.37
V 15176 -758255.28 -172636.70
V 15184 -758253.20 -172628.95
V 15192 -758253.20 -172557.95
V 15200 -758255.28 -172550.20
V 15208 -758260.95 -172544.53
V 15216 -758268.70 -172542.45
V 15224 -758368.20 -172542.45
V 15232 -758368.20 -172502.45
V 15240 -758268.70 -172502.45
V 15248 -758260.95 -172500.37
V 15256 -758255.28 -172494.70
V 15264 -758253.20 -172486.95
V 15272 -758253.20 -172415.95
V 15280 -758255.28 -172408.20
V 15288 -758260.95 -172402.53
V 15296 -758268.70 -172400.45
V 15304 -758368.20 -172400.45
V 15312 -758368.20 -172360.45
V 15320 -758268.70 -172360.45
V 15328 -758260.95 -172358.37
V 15336 -758255.28 -172352.70
V 15344 -758253.20 -172344.95
V 15352 -758253.20 -172273.95
V 15360 -758255.28 -172266.20
V 15368 -758260.95 -172260.53
V 15376 -758268.70 -172258.45
V 15384 -758368.20 -172258.45
V 15392 -758368.20 -172218.45
V 15400 -758268.70 -172218.45
V 15408 -758260.95 -172216.37
V 15416 -758255.28 -172210.70
V 15424 -758253.20 -172202.95
V 15432 -758253.20 -172131.95
V 15440 -758255.28 -172124.20
V 15448 -758260.95 -172118.53
V 15456 -758268.70 -172116.45
V 15464 -758368.20 -172116.45
V 15472 -758368.20 -172076.45
V 15480 -758268.70 -172076.45
V 15488 -758260.95 -172074.37
V 15496 -758255.28 -172068.70
V 15504 -758253.20 -172060.95
V 15512 -758253.20 -171989.95
V 15520 -758255.28 -171982.20
V 15528 -758260.95 -171976.53
V 15536 -758268.70 -171974.45
V 15544 -758368.20 -171974.45
V 15552 -758368.20 -171934.45
V 15560 -758268.70 -171934.45
V 15568 -758260.95 -171932.37
V 15576 -758255.28 -171926.70
V 15584 -758253.20 -171918.95
V 15592 -758253.20 -171847.95
V 15600 -758255.28 -171840.20
V 15608 -758260.95 -171834.53
V 15616 -758268.70 -171832.45
V 15624 -758368.20 -171832.45
V 15632 -758368.20 -171792.45
V 15640 -758268.70 -171792.45
V 15648 -758260.95 -171790.37
V 15656 -758255.28 -171784.70
V 15664 -758253.20 -171776.95
V 15672 -758253.20 -171705.95
V 15680 -758255.28 -171698.20
V 15688 -758260.95 -171692.53
V 15696 -758268.70 -171690.45
V 15704 -758368.20 -171690.45
V 15712 -758368.20 -171650.45
V 15720 -758268.70 -171650.45
V 15728 -758260.95 -171648.37
V 15736 -758255.28 -171642.70
V 15744 -758253.20 -171634.95
V 15752 -758253.20 -171563.95
V 15760 -758255.28 -171556.20
V 15768 -758260.95 -171550.53
V 15776 -758268.70 -171548.45
V 15784 -758368.20 -171548.45
V 15792 -758368.20 -171508.45
V 15800 -758268.70 -171508.45
V 15808 -758260.95 -171506.37
V 15816 -758255.28 -171500.70
V 15824 -758253.20 -171492.95
V 15832 -758253.20 -171421.95
V 15840 -758255.28 -171414.20
V 15848 -758260.95 -171408.53
V 15856 -758268.70 -171406.45
V 15864 -758368.20 -171406.45
V 15872 -758368.20 -171366.45
V 15880 -758268.70 -171366.45
V 15888 -758260.95 -171364.37
V 15896 -758255.28 -171358.70
V 15904 -758253.20 -171350.95
V 15912 -758253.20 -171279.95
V 15920 -758255.28 -171272.20
V 15928 -758260.95 -171266.53
V 15936 -758268.70 -171264.45
V 15944 -758368.20 -171264.45
V 15952 -758368.20 -171224.45
V 15960 -758268.70 -171224.45
V 15968 -758260.95 -171222.37
V 15976 -758255.28 -171216.70
V 15984 -758253.20 -171208.95
V 15992 -758253.20 -171137.95
V 16000 -758255.28 -171130.20
V 16008 -758260.95 -171124.53
V 16016 -758268.70 -171122.45
V 16024 -758368.20 -171122.45
V 16032 -758368.20 -171082.45
V 16040 -758268.70 -171082.45
V 16048 -758260.95 -171080.37
V 16056 -758255.28 -171074.70
V 16064 -758253.20 -171066.95
V 16072 -758253.20 -170995.95
V 16080 -758255.28 -170988.20
V 16088 -758260.95 -170982.53
V 16096 -758268.70 -170980.45
V 16104 -758368.20 -170980.45
V 16112 -758368.20 -170940.45
V 16120 -758268.70 -170940.45
V 16128 -758260.95 -170938.37
V 16136 -758255.28 -170932.70
V 16144 -758253.20 -170924.95
V 16152 -758253.20 -170853.95
V 16160 -758255.28 -170846.20
V 16168 -758260.95 -170840.53
V 16176 -758268.70 -170838.45
V 16184 -758368.20 -170838.45
V 16192 -758368.20 -170798.45
V 16200 -758268.70 -170798.45
V 16208 -758260.95 -170796.37
V 16216 -758255.28 -170790.70
V 16224 -758253.20 -170782.95
V 16232 -758253.20 -170711.95
V 16240 -758255.28 -170704.20
V 16248 -758260.95 -170698.53
V 16256 -758268.70 -170696.45
V 16264 -758368.20 -170696.45
V 16272 -758368.20 -170656.45
V 16280 -758268.70 -170656.45
V 16288 -758260.95 -170654.37
V 16296 -758255.28 -170648.70
V 16304 -758253.20 -170640.95
V 16312 -758253.20 -170569.95
V 16320 -758255.28 -170562.20
V 16328 -758260.95 -170556.53
V 16336 -758268.70 -170554.45
V 16344 -758368.20 -170554.45
V 16352 -758368.20 -170514.45
V 16360 -758268.70 -170514.45
V 16368 -758260.95 -170512.37
V 16376 -758255.28 -170506.70
V 16384 -758253.20 -170498.95
V 16392 -758253.20 -170427.95
V 16400 -758255.28 -170420.20
V 16408 -758260.95 -170414.53
V 16416 -758268.70 -170412.45
V 16424 -758368.20 -170412.45
V 16432 -758368.20 -170372.45
V 16440 -758268.70 -170372.45
V 16448 -758260.95 -170370.37
V 16456 -758255.28 -170364.70
V 16464 -758253.20 -170356.95
V 16472 -758253.20 -170285.95
V 16480 -758255.28 -170278.20
V 16488 -758260.95 -170272.53
V 16496 -758268.70 -170270.45
V 16504 -758368.20 -170270.45
V 16512 -758368.20 -170230.45
V 16520 -758268.70 -170230.45
V 16528 -758260.95 -170228.37
V 16536 -758255.28 -170222.70
V 16544 -758253.20 -170214.95
V 16552 -758253.20 -170143.95
V 16560 -758255.28 -170136.20
V 16568 -758260.95 -170130.53
V 16576 -758268.70 -170128.45
V 16584 -758368.20 -170128.45
V 16592 -758368.20 -170088.45
V 16600 -758268.70 -170088.45
V 16608 -758260.95 -170086.37
V 16616 -758255.28 -170080.70
V 16624 -758253.20 -170072.95
V 16632 -758253.20 -170001.95
V 16640 -758255.28 -169994.20
V 16648 -758260.95 -169988.53
V 16656 -758268.70 -169986.45
V 16664 -758368.20 -169986.45
V 16672 -758368.20 -169946.45
V 16680 -758268.70 -169946.45
V 16688 -758260.95 -169944.37
V 16696 -758255.28 -169938.70
V 16704 -758253.20 -169930.95
V 16712 -758253.20 -169859.95
V 16720 -758255.28 -169852.20
V 16728 -758260.95 -169846.53
V 16736 -758268.70 -169844.45
V 16744 -758368.20 -169844.45
V 16752 -758368.20 -169804.45
V 16760 -758268.70 -169804.45
V 16768 -758260.95 -169802.37
V 16776 -758255.28 -169796.70
V 16784 -758253.20 -169788.95
V 16792 -758253.20 -169717.95
V 16800 -758255.28 -169710.20
V 16808 -758260.95 -169704.53
V 16816 -758268.70 -169702.45
V 16824 -758368.20 -169702.45
V 16832 -758368.20 -169662.45
V 16840 -758268.70 -169662.45
V 16848 -758260.95 -169660.37
V 16856 -758255.28 -169654.70
V 16864 -758253.20 -169646.95
V 16872 -758253.20 -169575.95
V 16880 -758255.28 -169568.20
V 16888 -758260.95 -169562.53
V 16896 -758268.70 -169560.45
V 16904 -758368.20 -169560.45
V 16912 -758368.20 -169520.45
V 16920 -758268.70 -169520.45
V 16928 -758260.95 -169518.37
V 16936 -758255.28 -169512.70
V 16944 -758253.20 -169504.95
V 16952 -758253.20 -169433.95
V 16960 -758255.28 -169426.20
V 16968 -758260.95 -169420.53
V 16976 -758268.70 -169418.45
V 16984 -758368.20 -169418.45
V 16992 -758368.20 -169378.45
V 17000 -758268.70 -169378.45
V 17008 -758260.95 -169376.37
V 17016 -758255.28 -169370.70
V 17024 -758253.20 -169362.95
V 17032 -758253.20 -169291.95
V 17040 -758255.28 -169284.20
V 17048 -758260.95 -169278.53
V 17056 -758268.70 -169276.45
V 17064 -758368.20 -169276.45
V 17072 -758368.20 -169236.45
V 17080 -758268.70 -169236.45
V 17088 -758260.95 -169234.37
V 17096 -758255.28 -169228.70
V 17104 -758253.20 -169220.95
V 17112 -758253.20 -169149.95
V 17120 -758255.28 -169142.20
V 17128 -758260.95 -169136.53
V 17136 -758268.70 -169134.45
V 17144 -758368.20 -169134.45
V 17152 -758368.20 -169094.45
V 17160 -758268.70 -169094.45
V 17168 -758260.95 -169092.37
V 17176 -758255.28 -169086.70
V 17184 -758253.20 -169078.95
V 17192 -758253.20 -169007.95
V 17200 -758255.28 -169000.20
V 17208 -758260.95 -168994.53
V 17216 -758268.70 -168992.45
V 17224 -758368.20 -168992.45
V 17232 -758368.20 -168952.45
V 17240 -758268.70 -168952.45
V 17248 -758260.95 -168950.37
V 17256 -758255.28 -168944.70
V 17264 -758253.20 -168936.95
V 17272 -758253.20 -168865.95
V 17280 -758255.28 -168858.20
V 17288 -758260.95 -168852.53
V 17296 -758268.70 -168850.45
V 17304 -758368.20 -168850.45
V 17312 -758368.20 -168810.45
V 17320 -758268.70 -168810.45
V 17328 -758260.95 -168808.37
V 17336 -758255.28 -168802.70
V 17344 -758253.20 -168794.95
V 17352 -758253.20 -168723.95
V 17360 -758255.28 -168716.20
V 17368 -758260.95 -168710.53
V 17376 -758268.70 -168708.45
V 17384 -758368.20 -168708.45
V 17392 -758368.20 -168668.45
V 17400 -758268.70 -168668.45
V 17408 -758260.95 -168666.37
V 17416 -758255.28 -168660.70
V 17424 -758253.20 -168652.95
V 17432 -758253.20 -168581.95
V 17440 -758255.28 -168574.20
V 17448 -758260.95 -168568.53
V 17456 -758268.70 -168566.45
V 17464 -758368.20 -168566.45
V 17472 -758368.20 -168526.45
V 17480 -758268.70 -168526.45
V 17488 -758260.95 -168524.37
V 17496 -758255.28 -168518.70
V 17504 -758253.20 -168510.95
V 17512 -758253.20 -168439.95
V 17520 -758255.28 -168432.20
V 17528 -758260.95 -168426.53
V 17536 -758268.70 -168424.45
V 17544 -758368.20 -168424.45
V 17552 -758368.20 -168384.45
V 17560 -758268.70 -168384.45
V 17568 -758260.95 -168382.37
V 17576 -758255.28 -168376.70
V 17584 -758253.20 -168368.95
V 17592 -758253.20 -168297.95
V 17600 -758255.28 -168290.20
V 17608 -758260.95 -168284.53
V 17616 -758268.70 -168282.45
V 17624 -758368.20 -168282.45
V 17632 -758368.20 -168242.45
V 17640 -758268.70 -168242.45
V 17648 -758260.95 -168240.37
V 17656 -758255.28 -168234.70
V 17664 -758253.20 -168226.95
V 17672 -758253.20 -168155.95
V 17680 -758255.28 -168148.20
V 17688 -758260.95 -168142.53
V 17696 -758268.70 -168140.45
V 17704 -758368.20 -168140.45
V 17712 -758368.20 -168100.45
V 17720 -758268.70 -168100.45
V 17728 -758260.95 -168098.37
V 17736 -758255.28 -168092.70
V 17744 -758253.20 -168084.95
V 17752 -758253.20 -168013.95
V 17760 -758255.28 -168006.20
V 17768 -758260.95 -168000.53
V 17776 -758268.70 -167998.45
V 17784 -758368.20 -167998.45
V 17792 -758368.20 -167958.45
V 17800 -758268.70 -167958.45
V 17808 -758260.95 -167956.37
V 17816 -758255.28 -167950.70
V 17824 -758253.20 -167942.95
V 17832 -758253.20 -167871.95
V 17840 -758255.28 -167864.20
V 17848 -758260.95 -167858.53
V 17856 -758268.70 -167856.45
V 17864 -758368.20 -167856.45
V 17872 -758368.20 -167816.45
V 17880 -758268.70 -167816.45
V 17888 -758260.95 -167814.37
V 17896 -758255.28 -167808.70
V 17904 -758253.20 -167800.95
V 17912 -758253.20 -167729.95
V 17920 -758255.28 -167722.20
V 17928 -758260.95 -167716.53
V 17936 -758268.70 -167714.45
V 17944 -758368.20 -167714.45
V 17952 -758368.20 -167674.45
V 17960 -758268.70 -167674.45
V 17968 -758260.95 -167672.37
V 17976 -758255.28 -167666.70
V 17984 -758253.20 -167658.95
V 17992 -758253.20 -167587.95
V 18000 -758255.28 -167580.20
V 18008 -758260.95 -167574.53
V 18016 -758268.70 -167572.45
V 18024 -758368.20 -167572.45
V 18032 -758368.20 -167532.45
V 18040 -758268.70 -167532.45
V 18048 -758260.95 -167530.37
V 18056 -758255.28 -167524.70
V 18064 -758253.20 -167516.95
V 18072 -758253.20 -167445.95
V 18080 -758255.28 -167438.20
V 18088 -758260.95 -167432.53
V 18096 -758268.70 -167430.45
V 18104 -758368.20 -167430.45
V 18112 -758368.20 -167390.45
V 18120 -758268.70 -167390.45
V 18128 -758260.95 -167388.37
V 18136 -758255.28 -167382.70
V 18144 -758253.20 -167374.95
V 18152 -758253.20 -167303.95
V 18160 -758255.28 -167296.20
V 18168 -758260.95 -167290.53
V 18176 -758268.70 -167288.45
V 18184 -758368.20 -167288.45
V 18192 -758368.20 -167248.45
V 18200 -758268.70 -167248.45
V 18208 -758260.95 -167246.37
V 18216 -758255.28 -167240.70
V 18224 -758253.20 -167232.95
V 18232 -758253.20 -167161.95
V 18240 -758255.28 -167154.20
V 18248 -758260.95 -167148.53
V 18256 -758268.70 -167146.45
V 18264 -758368.20 -167146.45
V 18272 -758368.20 -167106.45
V 18280 -758268.70 -167106.45
V 18288 -758260.95 -167104.37
V 18296 -758255.28 -167098.70
V 18304 -758253.20 -167090.95
V 18312 -758253.20 -167019.95
V 18320 -758255.28 -167012.20
V 18328 -758260.95 -167006.53
V 18336 -758268.70 -167004.45
V 18344 -758368.20 -167004.45
V 18352 -758368.20 -166964.45
V 18360 -758268.70 -166964.45
V 18368 -758260.95 -166962.37
V 18376 -758255.28 -166956.70
V 18384 -758253.20 -166948.95
V 18392 -758253.20 -166877.95
V 18400 -758255.28 -166870.20
V 18408 -758260.95 -166864.53
V 18416 -758268.70 -166862.45
V 18424 -758368.20 -166862.45
V 18432 -758368.20 -166822.45
V 18440 -758268.70 -166822.45
V 18448 -758260.95 -166820.37
V 18456 -758255.28 -166814.70
V 18464 -758253.20 -166806.95
V 18472 -758253.20 -166735.95
V 18480 -758255.28 -166728.20
V 18488 -758260.95 -166722.53
V 18496 -758268.70 -166720.45
V 18504 -758368.20 -166720.45
V 18512 -758368.20 -166680.45
V 18520 -758268.70 -166680.45
V 18528 -758260.95 -166678.37
V 18536 -758255.28 -166672.70
V 18544 -758253.20 -166664.95
V 18552 -758253.20 -166593.95
V 18560 -758255.28 -166586.20
V 18568 -758260.95 -166580.53
V 18576 -758268.70 -166578.45
V 18584 -758368.20 -166578.45
V 18592 -758368.20 -166538.45
V 18600 -758268.70 -166538.45
V 18608 -758260.95 -166536.37
V 18616 -758255.28 -166530.70
V 18624 -758253.20 -166522.95
V 18632 -758253.20 -166451.95
V 18640 -758255.28 -166444.20
V 18648 -758260.95 -166438.53
V 18656 -758268.70 -166436.45
V 18664 -758368.20 -166436.45
V 18672 -758368.20 -166396.45
V 18680 -758268.70 -166396.45
V 18688 -758260.95 -166394.37
V 18696 -758255.28 -166388.70
V 18704 -758253.20 -166380.95
V 18712 -758253.20 -166309.95
V 18720 -758255.28 -166302.20
V 18728 -758260.95 -166296.53
V 18736 -758268.70 -166294.45
V 18744 -758368.20 -166294.45
V 18752 -758368.20 -166254.45
V 18760 -758268.70 -166254.45
V 18768 -758260.95 -166252.37
V 18776 -758255.28 -166246.70
V 18784 -758253.20 -166238.95
V 18792 -758253.20 -166167.95
V 18800 -758255.28 -166160.20
V 18808 -758260.95 -166154.53
V 18816 -758268.70 -166152.45
V 18824 -758368.20 -166152.45
V 18832 -758368.20 -166112.45
V 18840 -758268.70 -166112.45
V 18848 -758260.95 -166110.37
V 18856 -758255.28 -166104.70
V 18864 -758253.20 -166096.95
V 18872 -758253.20 -166025.95
V 18880 -758255.28 -166018.20
V 18888 -758260.95 -166012.53
V 18896 -758268.70 -166010.45
V 18904 -758368.20 -166010.45
V 18912 -758368.20 -165970.45
V 18920 -758268.70 -165970.45
V 18928 -758260.95 -165968.37
V 18936 -758255.28 -165962.70
V 18944 -758253.20 -165954.95
V 18952 -758253.20 -165883.95
V 18960 -758255.28 -165876.20
V 18968 -758260.95 -165870.53
V 18976 -758268.70 -165868.45
V 18984 -758368.20 -165868.45
V 18992 -758368.20 -165828.45
V 19000 -758268.70 -165828.45
V 19008 -758260.95 -165826.37
V 19016 -758255.28 -165820.70
V 19024 -758253.20 -165812.95
V 19032 -758253.20 -165741.95
V 19040 -758255.28 -165734.20
V 19048 -758260.95 -165728.53
V 19056 -758268.70 -165726.45
V 19064 -758368.20 -165726.45
V 19072 -758368.20 -165686.45
V 19080 -758268.70 -165686.45
V 19088 -758260.95 -165684.37
V 19096 -758255.28 -165678.70
V 19104 -758253.20 -165670.95
V 19112 -758253.20 -165599.95
V 19120 -758255.28 -165592.20
V 19128 -758260.95 -165586.53
V 19136 -758268.70 -165584.45
V 19144 -758368.20 -165584.45
V 19152 -758368.20 -165544.45
V 19160 -758268.70 -165544.45
V 19168 -758260.95 -165542.37
V 19176 -758255.28 -165536.70
V 19184 -758253.20 -165528.95
V 19192 -758253.20 -165457.95
V 19200 -758255.28 -165450.20
V 19208 -758260.95 -165444.53
V 19216 -758268.70 -165442.45
V 19224 -758368.20 -165442.45
V 19232 -758368.20 -165402.45
V 19240 -758268.70 -165402.45
V 19248 -758260.95 -165400.37
V 19256 -758255.28 -165394.70
V 19264 -758253.20 -165386.95
V 19272 -758253.20 -165315.95
V 19280 -758255.28 -165308.20
V 19288 -758260.95 -165302.53
V 19296 -758268.70 -165300.45
V 19304 -758368.20 -165300.45
V 19312 -758368.20 -165260.45
V 19320 -758268.70 -165260.45
V 19328 -758260.95 -165258.37
V 19336 -758255.28 -165252.70
V 19344 -758253.20 -165244.95
V 19352 -758253.20 -165173.95
V 19360 -758255.28 -165166.20
V 19368 -758260.95 -165160.53
V 19376 -758268.70 -165158.45
V 19384 -758368.20 -165158.45
V 19392 -758368.20 -165118.45
V 19400 -758268.70 -165118.45
V 19408 -758260.95 -165116.37
V 19416 -758255.28 -165110.70
V 19424 -758253.20 -165102.95
V 19432 -758253.20 -165031.95
V 19440 -758255.28 -165024.20
V 19448 -758260.95 -165018.53
V 19456 -758268.70 -165016.45
V 19464 -758368.20 -165016.45
V 19472 -758368.20 -164976.45
V 19480 -758268.70 -164976.45
V 19488 -758260.95 -164974.37
V 19496 -758255.28 -164968.70
V 19504 -758253.20 -164960.95
V 19512 -758253.20 -164889.95
V 19520 -758255.28 -164882.20
V 19528 -758260.95 -164876.53
V 19536 -758268.70 -164874.45
V 19544 -758368.20 -164874.45
V 19552 -758368.20 -164834.45
V 19560 -758268.70 -164834.45
V 19568 -758260.95 -164832.37
V 19576 -758255.28 -164826.70
V 19584 -758253.20 -164818.95
V 19592 -758253.20 -164747.95
V 19600 -758255.28 -164740.20
V 19608 -758260.95 -164734.53
V 19616 -758268.70 -164732.45
V 19624 -758368.20 -164732.45
V 19632 -758368.20 -164692.45
V 19640 -758268.70 -164692.45
V 19648 -758260.95 -164690.37
V 19656 -758255.28 -164684.70
V 19664 -758253.20 -164676.95
V 19672 -758253.20 -164605.95
V 19680 -758255.28 -164598.20
V 19688 -758260.95 -164592.53
V 19696 -758268.70 -164590.45
V 19704 -758368.20 -164590.45
V 19712 -758368.20 -164550.45
V 19720 -758268.70 -164550.45
V 19728 -758260.95 -164548.37
V 19736 -758255.28 -164542.70
V 19744 -758253.20 -164534.95
V 19752 -758253.20 -164463.95
V 19760 -758255.28 -164456.20
V 19768 -758260.95 -164450.53
V 19776 -758268.70 -164448.45
V 19784 -758368.20 -164448.45
V 19792 -758368.20 -164408.45
V 19800 -758268.70 -164408.45
V 19808 -758260.95 -164406.37
V 19816 -758255.28 -164400.70
V 19824 -758253.20 -164392.95
V 19832 -758253.20 -164321.95
V 19840 -758255.28 -164314.20
V 19848 -758260.95 -164308.53
V 19856 -758268.70 -164306.45
V 19864 -758368.20 -164306.45
V 19872 -758368.20 -164266.45
V 19880 -758268.70 -164266.45
V 19888 -758260.95 -164264.37
V 19896 -758255.28 -164258.70
V 19904 -758253.20 -164250.95
V 19912 -758253.20 -164179.95
V 19920 -758255.28 -164172.20
V 19928 -758260.95 -164166.53
V 19936 -758268.70 -164164.45
V 19944 -758368.20 -164164.45
V 19952 -758368.20 -164124.45
V 19960 -758268.70 -164124.45
V 19968 -758260.95 -164122.37
V 19976 -758255.28 -164116.70
V 19984 -758253.20 -164108.95
V 19992 -758253.20 -164037.95
V 20000 -758255.28 -164030.20
V 20008 -758260.95 -164024.53
V 20016 -758268.70 -164022.45
V 20024 -758368.20 -164022.45
V 20032 -758368.20 -163982.45
V 20040 -758268.70 -163982.45
V 20048 -758260.95 -163980.37
V 20056 -758255.28 -163974.70
V 20064 -758253.20 -163966.95
V 20072 -758253.20 -163895.95
V 20080 -758255.28 -163888.20
V 20088 -758260.95 -163882.53
V 20096 -758268.70 -163880.45
V 20104 -758368.20 -163880.45
V 20112 -758368.20 -163840.45
V 20120 -758268.70 -163840.45
V 20128 -758260.95 -163838.37
V 20136 -758255.28 -163832.70
V 20144 -758253.20 -163824.95
V 20152 -758253.20 -163753.95
V 20160 -758255.28 -163746.20
V 20168 -758260.95 -163740.53
V 20176 -758268.70 -163738.45
V 20184 -758368.20 -163738.45
V 20192 -758368.20 -163698.45
V 20200 -758268.70 -163698.45
V 20208 -758260.95 -163696.37
V 20216 -758255.28 -163690.70
V 20224 -758253.20 -163682.95
V 20232 -758253.20 -163611.95
V 20240 -758255.28 -163604.20
V 20248 -758260.95 -163598.53
V 20256 -758268.70 -163596.45
V 20264 -758368.20 -163596.45
V 20272 -758368.20 -163556.45
V 20280 -758268.70 -163556.45
V 20288 -758260.95 -163554.37
V 20296 -758255.28 -163548.70
V 20304 -758253.20 -163540.95
V 20312 -758253.20 -163469.95
V 20320 -758255.28 -163462.20
V 20328 -758260.95 -163456.53
V 20336 -758268.70 -163454.45
V 20344 -758368.20 -163454.45
V 20352 -758368.20 -163414.45
V 20360 -758268.70 -163414.45
V 20368 -758260.95 -163412.37
V 20376 -758255.28 -163406.70
V 20384 -758253.20 -163398.95
V 20392 -758253.20 -163327.95
V 20400 -758255.28 -163320.20
V 20408 -758260.95 -163314.53
V 20416 -758268.70 -163312.45
V 20424 -758368.20 -163312.45
V 20432 -758368.20 -163272.45
V 20440 -758268.70 -163272.45
V 20448 -758260.95 -163270.37
V 20456 -758255.28 -163264.70
V 20464 -758253.20 -163256.95
V 20472 -758253.20 -163185.95
V 20480 -758255.28 -163178.20
V 20488 -758260.95 -163172.53
V 20496 -758268.70 -163170.45
V 20504 -758368.20 -163170.45
V 20512 -758368.20 -163130.45
V 20520 -758268.70 -163130.45
V 20528 -758260.95 -163128.37
V 20536 -758255.28 -163122.70
V 20544 -758253.20 -163114.95
V 20552 -758253.20 -163043.95
V 20560 -758255.28 -163036.20
V 20568 -758260.95 -163030.53
V 20576 -758268.70 -163028.45
V 20584 -758368.20 -163028.45
V 20592 -758368.20 -162988.45
V 20600 -758268.70 -162988.45
V 20608 -758260.95 -162986.37
V 20616 -758255.28 -162980.70
V 20624 -758253.20 -162972.95
V 20632 -758253.20 -162901.95
V 20640 -758255.28 -162894.20
V 20648 -758260.95 -162888.53
V 20656 -758268.70 -162886.45
V 20664 -758368.20 -162886.45
V 20672 -758368.20 -162846.45
V 20680 -758268.70 -162846.45
V 20688 -758260.95 -162844.37
V 20696 -758255.28 -162838.70
V 20704 -758253.20 -162830.95
V 20712 -758253.20 -162759.95
V 20720 -758255.28 -162752.20
V 20728 -758260.95 -162746.53
V 20736 -758268.70 -162744.45
V 20744 -758368.20 -162744.45
V 20752 -758368.20 -162704.45
V 20760 -758268.70 -162704.45
V 20768 -758260.95 -162702.37
V 20776 -758255.28 -162696.70
V 20784 -758253.20 -162688.95
V 20792 -758253.20 -162617.95
V 20800 -758255.28 -162610.20
V 20808 -758260.95 -162604.53
V 20816 -758268.70 -162602.45
V 20824 -758368.20 -162602.45
V 20832 -758368.20 -162562.45
V 20840 -758268.70 -162562.45
V 20848 -758260.95 -162560.37
V 20856 -758255.28 -162554.70
V 20864 -758253.20 -162546.95
V 20872 -758253.20 -162475.95
V 20880 -758255.28 -162468.20
V 20888 -758260.95 -162462.53
V 20896 -758268.70 -162460.45
V 20904 -758368.20 -162460.45
V 20912 -758368.20 -162420.45
V 20920 -758268.70 -162420.45
V 20928 -758260.95 -162418.37
V 20936 -758255.28 -162412.70
V 20944 -758253.20 -162404.95
V 20952 -758253.20 -162333.95
V 20960 -758255.28 -162326.20
V 20968 -758260.95 -162320.53
V 20976 -758268.70 -162318.45
V 20984 -758368.20 -162318.45
V 20992 -758368.20 -162278.45
V 21000 -758268.70 -162278.45
V 21008 -758260.95 -162276.37
V 21016 -758255.28 -162270.70
V 21024 -758253.20 -162262.95
V 21032 -758253.20 -162191.95
V 21040 -758255.28 -162184.20
V 21048 -758260.95 -162178.53
V 21056 -758268.70 -162176.45
V 21064 -758368.20 -162176.45
V 21072 -758368.20 -162136.45
V 21080 -758268.70 -162136.45
V 21088 -758260.95 -162134.37
V 21096 -758255.28 -162128.70
V 21104 -758253.20 -162120.95
V 21112 -758253.20 -162049.95
V 21120 -758255.28 -162042.20
V 21128 -758260.95 -162036.53
V 21136 -758268.70 -162034.45
V 21144 -758368.20 -162034.45
V 21152 -758368.20 -161994.45
V 21160 -758268.70 -161994.45
V 21168 -758260.95 -161992.37
V 21176 -758255.28 -161986.70
V 21184 -758253.20 -161978.95
V 21192 -758253.20 -161907.95
V 21200 -758255.28 -161900.20
V 21208 -758260.95 -161894.53
V 21216 -758268.70 -161892.45
V 21224 -758368.20 -161892.45
V 21232 -758368.20 -161852.45
V 21240 -758268.70 -161852.45
V 21248 -758260.95 -161850.37
V 21256 -758255.28 -161844.70
V 21264 -758253.20 -161836.95
V 21272 -758253.20 -161765.95
V 21280 -758255.28 -161758.20
V 21288 -758260.95 -161752.53
V 21296 -758268.70 -161750.45
V 21304 -758368.20 -161750.45
V 21312 -758368.20 -161710.45
V 21320 -758268.70 -161710.45
V 21328 -758260.95 -161708.37
V 21336 -758255.28 -161702.70
V 21344 -758253.20 -161694.95
V 21352 -758253.20 -161623.95
V 21360 -758255.28 -161616.20
V 21368 -758260.95 -161610.53
V 21376 -758268.70 -161608.45
V 21384 -758368.20 -161608.45
V 21392 -758368.20 -161568.45
V 21400 -758268.70 -161568.45
V 21408 -758260.95 -161566.37
V 21416 -758255.28 -161560.70
V 21424 -758253.20 -161552.95
V 21432 -758253.20 -161481.95
V 21440 -758255.28 -161474.20
V 21448 -758260.95 -161468.53
V 21456 -758268.70 -161466.45
V 21464 -758368.20 -161466.45
V 21472 -758368.20 -161426.45
V 21480 -758268.70 -161426.45
V 21488 -758260.95 -161424.37
V 21496 -758255.28 -161418.70
V 21504 -758253.20 -161410.95
V 21512 -758253.20 -161339.95
V 21520 -758255.28 -161332.20
V 21528 -758260.95 -161326.53
V 21536 -758268.70 -161324.45
V 21544 -758368.20 -161324.45
V 21552 -758368.20 -161284.45
V 21560 -758268.70 -161284.45
V 21568 -758260.95 -161282.37
V 21576 -758255.28 -161276.70
V 21584 -758253.20 -161268.95
V 21592 -758253.20 -161197.95
V 21600 -758255.28 -161190.20
V 21608 -758260.95 -161184.53
V 21616 -758268.70 -161182.45
V 21624 -758368.20 -161182.45
V 21632 -758368.20 -161142.45
V 21640 -758268.70 -161142.45
V 21648 -758260.95 -161140.37
V 21656 -758255.28 -161134.70
V 21664 -758253.20 -161126.95
V 21672 -758253.20 -161055.95
V 21680 -758255.28 -161048.20
V 21688 -758260.95 -161042.53
V 21696 -758268.70 -161040.45
V 21704 -758368.20 -161040.45
V 21712 -758368.20 -161000.45
V 21720 -758268.70 -161000.45
V 21728 -758260.95 -160998.37
V 21736 -758255.28 -160992.70
V 21744 -758253.20 -160984.95
V 21752 -758253.20 -160913.95
V 21760 -758255.28 -160906.20
V 21768 -758260.95 -160900.53
V 21776 -758268.70 -160898.45
V 21784 -758368.20 -160898.45
V 21792 -758368.20 -160858.45
V 21800 -758268.70 -160858.45
V 21808 -758260.95 -160856.37
V 21816 -758255.28 -160850.70
V 21824 -758253.20 -160842.95
V 21832 -758253.20 -160771.95
V 21840 -758255.28 -160764.20
V 21848 -758260.95 -160758.53
V 21856 -758268.70 -160756.45
V 21864 -758368.20 -160756.45
V 21872 -758368.20 -160716.45
V 21880 -758268.70 -160716.45
V 21888 -758260.95 -160714.37
V 21896 -758255.28 -160708.70
V 21904 -758253.20 -160700.95
V 21912 -758253.20 -160629.95
V 21920 -758255.28 -160622.20
V 21928 -758260.95 -160616.53
V 21936 -758268.70 -160614.45
V 21944 -758368.20 -160614.45
V 21952 -758368.20 -160574.45
V 21960 -758268.70 -160574.45
V 21968 -758260.95 -160572.37
V 21976 -758255.28 -160566.70
V 21984 -758253.20 -160558.95
V 21992 -758253.20 -160487.95
V 22000 -758255.28 -160480.20
V 22008 -758260.95 -160474.53
V 22016 -758268.70 -160472.45
V 22024 -758368.20 -160472.45
V 22032 -758368.20 -160432.45
V 22040 -758268.70 -160432.45
V 22048 -758260.95 -160430.37
V 22056 -758255.28 -160424.70
V 22064 -758253.20 -160416.95
V 22072 -758253.20 -160345.95
V 22080 -758255.28 -160338.20
V 22088 -758260.95 -160332.53
V 22096 -758268.70 -160330.45
V 22104 -758368.20 -160330.45
V 22112 -758368.20 -160290.45
V 22120 -758268.70 -160290.45
V 22128 -758260.95 -160288.37
V 22136 -758255.28 -160282.70
V 22144 -758253.20 -160274.95
V 22152 -758253.20 -160203.95
V 22160 -758255.28 -160196.20
V 22168 -758260.95 -160190.53
V 22176 -758268.70 -160188.45
V 22184 -758368.20 -160188.45
V 22192 -758368.20 -160148.45
V 22200 -758268.70 -160148.45
V 22208 -758260.95 -160146.37
V 22216 -758255.28 -160140.70
V 22224 -758253.20 -160132.95
V 22232 -758253.20 -160061.95
V 22240 -758255.28 -160054.20
V 22248 -758260.95 -160048.53
V 22256 -758268.70 -160046.45
V 22264 -758368.20 -160046.45
V 22272 -758368.20 -160006.45
V 22280 -758268.70 -160006.45
V 22288 -758260.95 -160004.37
V 22296 -758255.28 -159998.70
V 22304 -758253.20 -159990.95
V 22312 -758253.20 -159919.95
V 22320 -758255.28 -159912.20
V 22328 -758260.95 -159906.53
V 22336 -758268.70 -159904.45
V 22344 -758368.20 -159904.45
V 22352 -758368.20 -159864.45
V 22360 -758268.70 -159864.45
V 22368 -758260.95 -159862.37
V 22376 -758255.28 -159856.70
V 22384 -758253.20 -159848.95
V 22392 -758253.20 -159777.95
V 22400 -758255.28 -159770.20
V 22408 -758260.95 -159764.53
V 22416 -758268.70 -159762.45
V 22424 -758368.20 -159762.45
V 22432 -758368.20 -159722.45
V 22440 -758268.70 -159722.45
V 22448 -758260.95 -159720.37
V 22456 -758255.28 -159714.70
V 22464 -758253.20 -159706.95
V 22472 -758253.20 -159635.95
V 22480 -758255.28 -159628.20
V 22488 -758260.95 -159622.53
V 22496 -758268.70 -159620.45
V 22504 -758368.20 -159620.45
V 22512 -758368.20 -159580.45
V 22520 -758268.70 -159580.45
V 22528 -758260.95 -159578.37
V 22536 -758255.28 -159572.70
V 22544 -758253.20 -159564.95
V 22552 -758253.20 -159493.95
V 22560 -758255.28 -159486.20
V 22568 -758260.95 -159480.53
V 22576 -758268.70 -159478.45
V 22584 -758368.20 -159478.45
V 22592 -758368.20 -159438.45
V 22600 -758268.70 -159438.45
V 22608 -758260.95 -159436.37
V 22616 -758255.28 -159430.70
V 22624 -758253.20 -159422.95
V 22632 -758253.20 -159351.95
V 22640 -758255.28 -159344.20
V 22648 -758260.95 -159338.53
V 22656 -758268.70 -159336.45
V 22664 -758368.20 -159336.45
V 22672 -758368.20 -159296.45
V 22680 -758268.70 -159296.45
V 22688 -758260.95 -159294.37
V 22696 -758255.28 -159288.70
V 22704 -758253.20 -159280.95
V 22712 -758253.20 -159209.95
V 22720 -758255.28 -159202.20
V 22728 -758260.95 -159196.53
V 22736 -758268.70 -159194.45
V 22744 -758368.20 -159194.45
V 22752 -758368.20 -159154.45
V 22760 -758268.70 -159154.45
V 22768 -758260.95 -159152.37
V 22776 -758255.28 -159146.70
V 22784 -758253.20 -159138.95
V 22792 -758253.20 -159067.95
V 22800 -758255.28 -159060.20
V 22808 -758260.95 -159054.53
V 22816 -758268.70 -159052.45
V 22824 -758368.20 -159052.45
V 22832 -758368.20 -159012.45
V 22840 -758268.70 -159012.45
V 22848 -758260.95 -159010.37
V 22856 -758255.28 -159004.70
V 22864 -758253.20 -158996.95
V 22872 -758253.20 -158925.95
