V 0 1085836.72 1350.12
V 8 1085831.59 1406.57
V 16 1085831.59 1406.63
V 24 1085831.58 1406.74
V 32 1085825.52 1452.10
V 40 1085825.51 1452.13
V 48 1085823.40 1470.29
V 56 1085823.15 1470.97
V 64 1085822.61 1471.45
V 72 1085821.91 1471.62
V 80 1085735.66 1471.62
V 88 1085735.66 1468.62
V 96 1085820.57 1468.62
V 104 1085822.53 1451.81
V 112 1085822.54 1451.70
V 120 1085828.60 1406.34
V 128 1085833.86 1348.48
V 136 1085834.10 1347.79
V 144 1085834.64 1347.30
V 152 1085835.35 1347.12
V 160 1085839.86 1347.12
V 168 1085839.86 1350.12
