V 0 -528876.00 -157719.35
V 8 -528876.00 -157730.78
V 16 -529062.10 -157762.38
V 24 -529294.40 -157801.83
V 32 -529758.99 -157880.72
V 40 -529991.30 -157920.16
V 48 -531120.65 -158111.93
V 56 -533940.38 -158590.72
V 64 -533940.49 -158590.74
V 72 -537424.97 -159182.41
V 80 -538493.19 -159363.80
V 88 -540212.59 -159655.76
V 96 -541141.59 -159813.51
V 104 -541141.61 -159813.51
V 112 -541141.81 -159813.55
V 120 -541141.98 -159813.57
V 128 -542071.00 -159971.32
V 136 -542535.80 -160050.24
V 144 -542535.94 -160050.27
V 152 -542535.97 -160050.27
V 160 -542536.02 -160050.28
V 168 -543000.22 -160129.10
V 176 -554034.24 -162002.70
V 184 -554150.88 -162022.51
V 192 -554151.01 -162022.53
V 200 -556780.31 -162468.99
V 208 -557270.89 -162552.29
V 216 -564836.93 -163837.03
V 224 -564836.97 -163837.03
V 232 -564837.89 -163837.18
V 240 -564837.99 -163837.20
V 248 -572114.10 -165072.70
V 256 -579015.82 -166244.63
V 264 -582956.00 -166913.68
V 272 -582958.48 -166914.10
V 280 -585280.14 -167308.32
V 288 -585280.45 -167308.37
V 296 -585280.66 -167308.41
V 304 -585280.69 -167308.42
V 312 -587367.84 -167662.82
V 320 -587367.91 -167662.83
V 328 -587368.09 -167662.86
V 336 -587368.29 -167662.89
V 344 -605963.79 -170820.45
V 352 -605970.40 -170823.26
V 360 -605975.04 -170828.74
V 368 -605976.70 -170835.73
V 376 -605976.70 -170909.45
V 384 -605984.67 -170909.45
V 392 -605985.78 -170909.49
V 400 -605986.88 -170909.61
V 408 -605987.96 -170909.80
V 416 -605989.04 -170910.08
V 424 -605990.09 -170910.43
V 432 -605991.11 -170910.85
V 440 -605992.10 -170911.35
V 448 -605993.05 -170911.91
V 456 -605993.96 -170912.54
V 464 -605994.82 -170913.24
V 472 -605995.63 -170913.99
V 480 -605996.38 -170914.80
V 488 -605997.08 -170915.66
V 496 -605997.71 -170916.57
V 504 -605998.27 -170917.52
V 512 -605998.77 -170918.51
V 520 -605999.19 -170919.53
V 528 -605999.54 -170920.58
V 536 -605999.82 -170921.66
V 544 -606000.01 -170922.74
V 552 -606000.13 -170923.84
V 560 -606000.17 -170924.95
V 568 -606000.17 -170995.95
V 576 -605998.09 -171003.70
V 584 -605992.42 -171009.37
V 592 -605984.67 -171011.45
V 600 -605919.20 -171011.45
V 608 -605919.20 -171051.45
V 616 -606018.70 -171051.45
V 624 -606026.45 -171053.53
V 632 -606032.12 -171059.20
V 640 -606034.20 -171066.95
V 648 -606034.20 -171137.95
V 656 -606032.12 -171145.70
V 664 -606026.45 -171151.37
V 672 -606018.70 -171153.45
V 680 -605919.20 -171153.45
V 688 -605919.20 -171193.45
V 696 -606018.70 -171193.45
V 704 -606026.45 -171195.53
V 712 -606032.12 -171201.20
V 720 -606034.20 -171208.95
V 728 -606034.20 -171279.95
V 736 -606032.12 -171287.70
V 744 -606026.45 -171293.37
V 752 -606018.70 -171295.45
V 760 -605919.20 -171295.45
V 768 -605919.20 -171335.45
V 776 -606018.70 -171335.45
V 784 -606026.45 -171337.53
V 792 -606032.12 -171343.20
V 800 -606034.20 -171350.95
V 808 -606034.20 -171421.95
V 816 -606032.12 -171429.70
V 824 -606026.45 -171435.37
V 832 -606018.70 -171437.45
V 840 -605919.20 -171437.45
V 848 -605919.20 -171477.45
V 856 -606018.70 -171477.45
V 864 -606026.45 -171479.53
V 872 -606032.12 -171485.20
V 880 -606034.20 -171492.95
V 888 -606034.20 -171563.95
V 896 -606032.12 -171571.70
V 904 -606026.45 -171577.37
V 912 -606018.70 -171579.45
V 920 -605919.20 -171579.45
V 928 -605919.20 -171619.45
V 936 -606018.70 -171619.45
V 944 -606026.45 -171621.53
V 952 -606032.12 -171627.20
V 960 -606034.20 -171634.95
V 968 -606034.20 -171705.95
V 976 -606032.12 -171713.70
V 984 -606026.45 -171719.37
V 992 -606018.70 -171721.45
V 1000 -605919.20 -171721.45
V 1008 -605919.20 -171761.45
V 1016 -606018.70 -171761.45
V 1024 -606026.45 -171763.53
V 1032 -606032.12 -171769.20
V 1040 -606034.20 -171776.95
V 1048 -606034.20 -171847.95
V 1056 -606032.12 -171855.70
V 1064 -606026.45 -171861.37
V 1072 -606018.70 -171863.45
V 1080 -605919.20 -171863.45
V 1088 -605919.20 -171903.45
V 1096 -606018.70 -171903.45
V 1104 -606026.45 -171905.53
V 1112 -606032.12 -171911.20
V 1120 -606034.20 -171918.95
V 1128 -606034.20 -171989.95
V 1136 -606032.12 -171997.70
V 1144 -606026.45 -172003.37
V 1152 -606018.70 -172005.45
V 1160 -605919.20 -172005.45
V 1168 -605919.20 -172045.45
V 1176 -606018.70 -172045.45
V 1184 -606026.45 -172047.53
V 1192 -606032.12 -172053.20
V 1200 -606034.20 -172060.95
V 1208 -606034.20 -172131.95
V 1216 -606032.12 -172139.70
V 1224 -606026.45 -172145.37
V 1232 -606018.70 -172147.45
V 1240 -605919.20 -172147.45
V 1248 -605919.20 -172187.45
V 1256 -606018.70 -172187.45
V 1264 -606026.45 -172189.53
V 1272 -606032.12 -172195.20
V 1280 -606034.20 -172202.95
V 1288 -606034.20 -172273.95
V 1296 -606032.12 -172281.70
V 1304 -606026.45 -172287.37
V 1312 -606018.70 -172289.45
V 1320 -605919.20 -172289.45
V 1328 -605919.20 -172329.45
V 1336 -606018.70 -172329.45
V 1344 -606026.45 -172331.53
V 1352 -606032.12 -172337.20
V 1360 -606034.20 -172344.95
V 1368 -606034.20 -172415.95
V 1376 -606032.12 -172423.70
V 1384 -606026.45 -172429.37
V 1392 -606018.70 -172431.45
V 1400 -605919.20 -172431.45
V 1408 -605919.20 -172471.45
V 1416 -606018.70 -172471.45
V 1424 -606026.45 -172473.53
V 1432 -606032.12 -172479.20
V 1440 -606034.20 -172486.95
V 1448 -606034.20 -172557.95
V 1456 -606032.12 -172565.70
V 1464 -606026.45 -172571.37
V 1472 -606018.70 -172573.45
V 1480 -605919.20 -172573.45
V 1488 -605919.20 -172613.45
V 1496 -606018.70 -172613.45
V 1504 -606026.45 -172615.53
V 1512 -606032.12 -172621.20
V 1520 -606034.20 -172628.95
V 1528 -606034.20 -172699.95
V 1536 -606032.12 -172707.70
V 1544 -606026.45 -172713.37
V 1552 -606018.70 -172715.45
V 1560 -605919.20 -172715.45
V 1568 -605919.20 -172755.45
V 1576 -606018.70 -172755.45
V 1584 -606026.45 -172757.53
V 1592 -606032.12 -172763.20
V 1600 -606034.20 -172770.95
V 1608 -606034.20 -172841.95
V 1616 -606032.12 -172849.70
V 1624 -606026.45 -172855.37
V 1632 -606018.70 -172857.45
V 1640 -605919.20 -172857.45
V 1648 -605919.20 -172897.45
V 1656 -606018.70 -172897.45
V 1664 -606026.45 -172899.53
V 1672 -606032.12 -172905.20
V 1680 -606034.20 -172912.95
V 1688 -606034.20 -172983.95
V 1696 -606032.12 -172991.70
V 1704 -606026.45 -172997.37
V 1712 -606018.70 -172999.45
V 1720 -605919.20 -172999.45
V 1728 -605919.20 -173039.45
V 1736 -606018.70 -173039.45
V 1744 -606026.45 -173041.53
V 1752 -606032.12 -173047.20
V 1760 -606034.20 -173054.95
V 1768 -606034.20 -173125.95
V 1776 -606032.12 -173133.70
V 1784 -606026.45 -173139.37
V 1792 -606018.70 -173141.45
V 1800 -605919.20 -173141.45
V 1808 -605919.20 -173181.45
V 1816 -606018.70 -173181.45
V 1824 -606026.45 -173183.53
V 1832 -606032.12 -173189.20
V 1840 -606034.20 -173196.95
V 1848 -606034.20 -173267.95
V 1856 -606032.12 -173275.70
V 1864 -606026.45 -173281.37
V 1872 -606018.70 -173283.45
V 1880 -605919.20 -173283.45
V 1888 -605919.20 -173323.45
V 1896 -606018.70 -173323.45
V 1904 -606026.45 -173325.53
V 1912 -606032.12 -173331.20
V 1920 -606034.20 -173338.95
V 1928 -606034.20 -173409.95
V 1936 -606032.12 -173417.70
V 1944 -606026.45 -173423.37
V 1952 -606018.70 -173425.45
V 1960 -605919.20 -173425.45
V 1968 -605919.20 -173465.45
V 1976 -606018.70 -173465.45
V 1984 -606026.45 -173467.53
V 1992 -606032.12 -173473.20
V 2000 -606034.20 -173480.95
V 2008 -606034.20 -173551.95
V 2016 -606032.12 -173559.70
V 2024 -606026.45 -173565.37
V 2032 -606018.70 -173567.45
V 2040 -605919.20 -173567.45
V 2048 -605919.20 -173607.45
V 2056 -606018.70 -173607.45
V 2064 -606026.45 -173609.53
V 2072 -606032.12 -173615.20
V 2080 -606034.20 -173622.95
V 2088 -606034.20 -173693.95
V 2096 -606032.12 -173701.70
V 2104 -606026.45 -173707.37
V 2112 -606018.70 -173709.45
V 2120 -605919.20 -173709.45
V 2128 -605919.20 -173749.45
V 2136 -606018.70 -173749.45
V 2144 -606026.45 -173751.53
V 2152 -606032.12 -173757.20
V 2160 -606034.20 -173764.95
V 2168 -606034.20 -173835.95
V 2176 -606032.12 -173843.70
V 2184 -606026.45 -173849.37
V 2192 -606018.70 -173851.45
V 2200 -605919.20 -173851.45
V 2208 -605919.20 -173891.45
V 2216 -606018.70 -173891.45
V 2224 -606026.45 -173893.53
V 2232 -606032.12 -173899.20
V 2240 -606034.20 -173906.95
V 2248 -606034.20 -173977.95
V 2256 -606032.12 -173985.70
V 2264 -606026.45 -173991.37
V 2272 -606018.70 -173993.45
V 2280 -605919.20 -173993.45
V 2288 -605919.20 -174033.45
V 2296 -606018.70 -174033.45
V 2304 -606026.45 -174035.53
V 2312 -606032.12 -174041.20
V 2320 -606034.20 -174048.95
V 2328 -606034.20 -174119.95
V 2336 -606032.12 -174127.70
V 2344 -606026.45 -174133.37
V 2352 -606018.70 -174135.45
V 2360 -605919.20 -174135.45
V 2368 -605919.20 -174175.45
V 2376 -606018.70 -174175.45
V 2384 -606026.45 -174177.53
V 2392 -606032.12 -174183.20
V 2400 -606034.20 -174190.95
V 2408 -606034.20 -174261.95
V 2416 -606032.12 -174269.70
V 2424 -606026.45 -174275.37
V 2432 -606018.70 -174277.45
V 2440 -605919.20 -174277.45
V 2448 -605919.20 -174317.45
V 2456 -606018.70 -174317.45
V 2464 -606026.45 -174319.53
V 2472 -606032.12 -174325.20
V 2480 -606034.20 -174332.95
V 2488 -606034.20 -174403.95
V 2496 -606032.12 -174411.70
V 2504 -606026.45 -174417.37
V 2512 -606018.70 -174419.45
V 2520 -605919.20 -174419.45
V 2528 -605919.20 -174459.45
V 2536 -606018.70 -174459.45
V 2544 -606026.45 -174461.53
V 2552 -606032.12 -174467.20
V 2560 -606034.20 -174474.95
V 2568 -606034.20 -174545.95
V 2576 -606032.12 -174553.70
V 2584 -606026.45 -174559.37
V 2592 -606018.70 -174561.45
V 2600 -605919.20 -174561.45
V 2608 -605919.20 -174601.45
V 2616 -606018.70 -174601.45
V 2624 -606026.45 -174603.53
V 2632 -606032.12 -174609.20
V 2640 -606034.20 -174616.95
V 2648 -606034.20 -174687.95
V 2656 -606032.12 -174695.70
V 2664 -606026.45 -174701.37
V 2672 -606018.70 -174703.45
V 2680 -605919.20 -174703.45
V 2688 -605919.20 -174743.45
V 2696 -606018.70 -174743.45
V 2704 -606026.45 -174745.53
V 2712 -606032.12 -174751.20
V 2720 -606034.20 -174758.95
V 2728 -606034.20 -174829.95
V 2736 -606032.12 -174837.70
V 2744 -606026.45 -174843.37
V 2752 -606018.70 -174845.45
V 2760 -605919.20 -174845.45
V 2768 -605919.20 -174885.45
V 2776 -606018.70 -174885.45
V 2784 -606026.45 -174887.53
V 2792 -606032.12 -174893.20
V 2800 -606034.20 -174900.95
V 2808 -606034.20 -174971.95
V 2816 -606032.12 -174979.70
V 2824 -606026.45 -174985.37
V 2832 -606018.70 -174987.45
V 2840 -605919.20 -174987.45
V 2848 -605919.20 -175027.45
V 2856 -606018.70 -175027.45
V 2864 -606026.45 -175029.53
V 2872 -606032.12 -175035.20
V 2880 -606034.20 -175042.95
V 2888 -606034.20 -175113.95
V 2896 -606032.12 -175121.70
V 2904 -606026.45 -175127.37
V 2912 -606018.70 -175129.45
V 2920 -605919.20 -175129.45
V 2928 -605919.20 -175169.45
V 2936 -606018.70 -175169.45
V 2944 -606026.45 -175171.53
V 2952 -606032.12 -175177.20
V 2960 -606034.20 -175184.95
V 2968 -606034.20 -175255.95
V 2976 -606032.12 -175263.70
V 2984 -606026.45 -175269.37
V 2992 -606018.70 -175271.45
V 3000 -605919.20 -175271.45
V 3008 -605919.20 -175311.45
V 3016 -606018.70 -175311.45
V 3024 -606026.45 -175313.53
V 3032 -606032.12 -175319.20
V 3040 -606034.20 -175326.95
V 3048 -606034.20 -175397.95
V 3056 -606032.12 -175405.70
V 3064 -606026.45 -175411.37
V 3072 -606018.70 -175413.45
V 3080 -605919.20 -175413.45
V 3088 -605919.20 -175453.45
V 3096 -606018.70 -175453.45
V 3104 -606026.45 -175455.53
V 3112 -606032.12 -175461.20
V 3120 -606034.20 -175468.95
V 3128 -606034.20 -175539.95
V 3136 -606032.12 -175547.70
V 3144 -606026.45 -175553.37
V 3152 -606018.70 -175555.45
V 3160 -605919.20 -175555.45
V 3168 -605919.20 -175595.45
V 3176 -606018.70 -175595.45
V 3184 -606026.45 -175597.53
V 3192 -606032.12 -175603.20
V 3200 -606034.20 -175610.95
V 3208 -606034.20 -175681.95
V 3216 -606032.12 -175689.70
V 3224 -606026.45 -175695.37
V 3232 -606018.70 -175697.45
V 3240 -605919.20 -175697.45
V 3248 -605919.20 -175737.45
V 3256 -606018.70 -175737.45
V 3264 -606026.45 -175739.53
V 3272 -606032.12 -175745.20
V 3280 -606034.20 -175752.95
V 3288 -606034.20 -175823.95
V 3296 -606032.12 -175831.70
V 3304 -606026.45 -175837.37
V 3312 -606018.70 -175839.45
V 3320 -605919.20 -175839.45
V 3328 -605919.20 -175879.45
V 3336 -606018.70 -175879.45
V 3344 -606026.45 -175881.53
V 3352 -606032.12 -175887.20
V 3360 -606034.20 -175894.95
V 3368 -606034.20 -175965.95
V 3376 -606032.12 -175973.70
V 3384 -606026.45 -175979.37
V 3392 -606018.70 -175981.45
V 3400 -605919.20 -175981.45
V 3408 -605919.20 -176021.45
V 3416 -606018.70 -176021.45
V 3424 -606026.45 -176023.53
V 3432 -606032.12 -176029.20
V 3440 -606034.20 -176036.95
V 3448 -606034.20 -176107.95
V 3456 -606032.12 -176115.70
V 3464 -606026.45 -176121.37
V 3472 -606018.70 -176123.45
V 3480 -605919.20 -176123.45
V 3488 -605919.20 -176163.45
V 3496 -606018.70 -176163.45
V 3504 -606026.45 -176165.53
V 3512 -606032.12 -176171.20
V 3520 -606034.20 -176178.95
V 3528 -606034.20 -176249.95
V 3536 -606032.12 -176257.70
V 3544 -606026.45 -176263.37
V 3552 -606018.70 -176265.45
V 3560 -605919.20 -176265.45
V 3568 -605919.20 -176305.45
V 3576 -606018.70 -176305.45
V 3584 -606026.45 -176307.53
V 3592 -606032.12 -176313.20
V 3600 -606034.20 -176320.95
V 3608 -606034.20 -176391.95
V 3616 -606032.12 -176399.70
V 3624 -606026.45 -176405.37
V 3632 -606018.70 -176407.45
V 3640 -605919.20 -176407.45
V 3648 -605919.20 -176447.45
V 3656 -606018.70 -176447.45
V 3664 -606026.45 -176449.53
V 3672 -606032.12 -176455.20
V 3680 -606034.20 -176462.95
V 3688 -606034.20 -176533.95
V 3696 -606032.12 -176541.70
V 3704 -606026.45 -176547.37
V 3712 -606018.70 -176549.45
V 3720 -605919.20 -176549.45
V 3728 -605919.20 -176589.45
V 3736 -606018.70 -176589.45
V 3744 -606026.45 -176591.53
V 3752 -606032.12 -176597.20
V 3760 -606034.20 -176604.95
V 3768 -606034.20 -176675.95
V 3776 -606032.12 -176683.70
V 3784 -606026.45 -176689.37
V 3792 -606018.70 -176691.45
V 3800 -605919.20 -176691.45
V 3808 -605919.20 -176731.45
V 3816 -606018.70 -176731.45
V 3824 -606026.45 -176733.53
V 3832 -606032.12 -176739.20
V 3840 -606034.20 -176746.95
V 3848 -606034.20 -176817.95
V 3856 -606032.12 -176825.70
V 3864 -606026.45 -176831.37
V 3872 -606018.70 -176833.45
V 3880 -605919.20 -176833.45
V 3888 -605919.20 -176873.45
V 3896 -606018.70 -176873.45
V 3904 -606026.45 -176875.53
V 3912 -606032.12 -176881.20
V 3920 -606034.20 -176888.95
V 3928 -606034.20 -176959.95
V 3936 -606032.12 -176967.70
V 3944 -606026.45 -176973.37
V 3952 -606018.70 -176975.45
V 3960 -605919.20 -176975.45
V 3968 -605919.20 -177015.45
V 3976 -606018.70 -177015.45
V 3984 -606026.45 -177017.53
V 3992 -606032.12 -177023.20
V 4000 -606034.20 -177030.95
V 4008 -606034.20 -177101.95
V 4016 -606032.12 -177109.70
V 4024 -606026.45 -177115.37
V 4032 -606018.70 -177117.45
V 4040 -605919.20 -177117.45
V 4048 -605919.20 -177157.45
V 4056 -606018.70 -177157.45
V 4064 -606026.45 -177159.53
V 4072 -606032.12 -177165.20
V 4080 -606034.20 -177172.95
V 4088 -606034.20 -177243.95
V 4096 -606032.12 -177251.70
V 4104 -606026.45 -177257.37
V 4112 -606018.70 -177259.45
V 4120 -605919.20 -177259.45
V 4128 -605919.20 -177299.45
V 4136 -606018.70 -177299.45
V 4144 -606026.45 -177301.53
V 4152 -606032.12 -177307.20
V 4160 -606034.20 -177314.95
V 4168 -606034.20 -177385.95
V 4176 -606032.12 -177393.70
V 4184 -606026.45 -177399.37
V 4192 -606018.70 -177401.45
V 4200 -605919.20 -177401.45
V 4208 -605919.20 -177441.45
V 4216 -606018.70 -177441.45
V 4224 -606026.45 -177443.53
V 4232 -606032.12 -177449.20
V 4240 -606034.20 -177456.95
V 4248 -606034.20 -177527.95
V 4256 -606032.12 -177535.70
V 4264 -606026.45 -177541.37
V 4272 -606018.70 -177543.45
V 4280 -605919.20 -177543.45
V 4288 -605919.20 -177583.45
V 4296 -606018.70 -177583.45
V 4304 -606026.45 -177585.53
V 4312 -606032.12 -177591.20
V 4320 -606034.20 -177598.95
V 4328 -606034.20 -177669.95
V 4336 -606032.12 -177677.70
V 4344 -606026.45 -177683.37
V 4352 -606018.70 -177685.45
V 4360 -605919.20 -177685.45
V 4368 -605919.20 -177725.45
V 4376 -606018.70 -177725.45
V 4384 -606026.45 -177727.53
V 4392 -606032.12 -177733.20
V 4400 -606034.20 -177740.95
V 4408 -606034.20 -177811.95
V 4416 -606032.12 -177819.70
V 4424 -606026.45 -177825.37
V 4432 -606018.70 -177827.45
V 4440 -605919.20 -177827.45
V 4448 -605919.20 -177867.45
V 4456 -606018.70 -177867.45
V 4464 -606026.45 -177869.53
V 4472 -606032.12 -177875.20
V 4480 -606034.20 -177882.95
V 4488 -606034.20 -177953.95
V 4496 -606032.12 -177961.70
V 4504 -606026.45 -177967.37
V 4512 -606018.70 -177969.45
V 4520 -605919.20 -177969.45
V 4528 -605919.20 -178009.45
V 4536 -606018.70 -178009.45
V 4544 -606026.45 -178011.53
V 4552 -606032.12 -178017.20
V 4560 -606034.20 -178024.95
V 4568 -606034.20 -178095.95
V 4576 -606032.12 -178103.70
V 4584 -606026.45 -178109.37
V 4592 -606018.70 -178111.45
V 4600 -605919.20 -178111.45
V 4608 -605919.20 -178151.45
V 4616 -606018.70 -178151.45
V 4624 -606026.45 -178153.53
V 4632 -606032.12 -178159.20
V 4640 -606034.20 -178166.95
V 4648 -606034.20 -178237.95
V 4656 -606032.12 -178245.70
V 4664 -606026.45 -178251.37
V 4672 -606018.70 -178253.45
V 4680 -605919.20 -178253.45
V 4688 -605919.20 -178293.45
V 4696 -606018.70 -178293.45
V 4704 -606026.45 -178295.53
V 4712 -606032.12 -178301.20
V 4720 -606034.20 -178308.95
V 4728 -606034.20 -178379.95
V 4736 -606032.12 -178387.70
V 4744 -606026.45 -178393.37
V 4752 -606018.70 -178395.45
V 4760 -605976.70 -178395.45
V 4768 -605976.70 -178404.45
V 4776 -605945.70 -178404.45
V 4784 -605945.70 -178379.95
V 4792 -605945.74 -178378.84
V 4800 -605945.86 -178377.74
V 4808 -605946.05 -178376.66
V 4816 -605946.33 -178375.58
V 4824 -605946.68 -178374.53
V 4832 -605947.10 -178373.51
V 4840 -605947.60 -178372.52
V 4848 -605948.16 -178371.57
V 4856 -605948.79 -178370.66
V 4864 -605949.49 -178369.80
V 4872 -605950.24 -178368.99
V 4880 -605951.05 -178368.24
V 4888 -605951.91 -178367.54
V 4896 -605952.82 -178366.91
V 4904 -605953.77 -178366.35
V 4912 -605954.76 -178365.85
V 4920 -605955.78 -178365.43
V 4928 -605956.83 -178365.08
V 4936 -605957.91 -178364.80
V 4944 -605958.99 -178364.61
V 4952 -605960.09 -178364.49
V 4960 -605961.20 -178364.45
V 4968 -606003.20 -178364.45
V 4976 -606003.20 -178324.45
V 4984 -605903.70 -178324.45
V 4992 -605895.95 -178322.37
V 5000 -605890.28 -178316.70
V 5008 -605888.20 -178308.95
V 5016 -605888.20 -178237.95
V 5024 -605890.28 -178230.20
V 5032 -605895.95 -178224.53
V 5040 -605903.70 -178222.45
V 5048 -606003.20 -178222.45
V 5056 -606003.20 -178182.45
V 5064 -605903.70 -178182.45
V 5072 -605895.95 -178180.37
V 5080 -605890.28 -178174.70
V 5088 -605888.20 -178166.95
V 5096 -605888.20 -178095.95
V 5104 -605890.28 -178088.20
V 5112 -605895.95 -178082.53
V 5120 -605903.70 -178080.45
V 5128 -606003.20 -178080.45
V 5136 -606003.20 -178040.45
V 5144 -605903.70 -178040.45
V 5152 -605895.95 -178038.37
V 5160 -605890.28 -178032.70
V 5168 -605888.20 -178024.95
V 5176 -605888.20 -177953.95
V 5184 -605890.28 -177946.20
V 5192 -605895.95 -177940.53
V 5200 -605903.70 -177938.45
V 5208 -606003.20 -177938.45
V 5216 -606003.20 -177898.45
V 5224 -605903.70 -177898.45
V 5232 -605895.95 -177896.37
V 5240 -605890.28 -177890.70
V 5248 -605888.20 -177882.95
V 5256 -605888.20 -177811.95
V 5264 -605890.28 -177804.20
V 5272 -605895.95 -177798.53
V 5280 -605903.70 -177796.45
V 5288 -606003.20 -177796.45
V 5296 -606003.20 -177756.45
V 5304 -605903.70 -177756.45
V 5312 -605895.95 -177754.37
V 5320 -605890.28 -177748.70
V 5328 -605888.20 -177740.95
V 5336 -605888.20 -177669.95
V 5344 -605890.28 -177662.20
V 5352 -605895.95 -177656.53
V 5360 -605903.70 -177654.45
V 5368 -606003.20 -177654.45
V 5376 -606003.20 -177614.45
V 5384 -605903.70 -177614.45
V 5392 -605895.95 -177612.37
V 5400 -605890.28 -177606.70
V 5408 -605888.20 -177598.95
V 5416 -605888.20 -177527.95
V 5424 -605890.28 -177520.20
V 5432 -605895.95 -177514.53
V 5440 -605903.70 -177512.45
V 5448 -606003.20 -177512.45
V 5456 -606003.20 -177472.45
V 5464 -605903.70 -177472.45
V 5472 -605895.95 -177470.37
V 5480 -605890.28 -177464.70
V 5488 -605888.20 -177456.95
V 5496 -605888.20 -177385.95
V 5504 -605890.28 -177378.20
V 5512 -605895.95 -177372.53
V 5520 -605903.70 -177370.45
V 5528 -606003.20 -177370.45
V 5536 -606003.20 -177330.45
V 5544 -605903.70 -177330.45
V 5552 -605895.95 -177328.37
V 5560 -605890.28 -177322.70
V 5568 -605888.20 -177314.95
V 5576 -605888.20 -177243.95
V 5584 -605890.28 -177236.20
V 5592 -605895.95 -177230.53
V 5600 -605903.70 -177228.45
V 5608 -606003.20 -177228.45
V 5616 -606003.20 -177188.45
V 5624 -605903.70 -177188.45
V 5632 -605895.95 -177186.37
V 5640 -605890.28 -177180.70
V 5648 -605888.20 -177172.95
V 5656 -605888.20 -177101.95
V 5664 -605890.28 -177094.20
V 5672 -605895.95 -177088.53
V 5680 -605903.70 -177086.45
V 5688 -606003.20 -177086.45
V 5696 -606003.20 -177046.45
V 5704 -605903.70 -177046.45
V 5712 -605895.95 -177044.37
V 5720 -605890.28 -177038.70
V 5728 -605888.20 -177030.95
V 5736 -605888.20 -176959.95
V 5744 -605890.28 -176952.20
V 5752 -605895.95 -176946.53
V 5760 -605903.70 -176944.45
V 5768 -606003.20 -176944.45
V 5776 -606003.20 -176904.45
V 5784 -605903.70 -176904.45
V 5792 -605895.95 -176902.37
V 5800 -605890.28 -176896.70
V 5808 -605888.20 -176888.95
V 5816 -605888.20 -176817.95
V 5824 -605890.28 -176810.20
V 5832 -605895.95 -176804.53
V 5840 -605903.70 -176802.45
V 5848 -606003.20 -176802.45
V 5856 -606003.20 -176762.45
V 5864 -605903.70 -176762.45
V 5872 -605895.95 -176760.37
V 5880 -605890.28 -176754.70
V 5888 -605888.20 -176746.95
V 5896 -605888.20 -176675.95
V 5904 -605890.28 -176668.20
V 5912 -605895.95 -176662.53
V 5920 -605903.70 -176660.45
V 5928 -606003.20 -176660.45
V 5936 -606003.20 -176620.45
V 5944 -605903.70 -176620.45
V 5952 -605895.95 -176618.37
V 5960 -605890.28 -176612.70
V 5968 -605888.20 -176604.95
V 5976 -605888.20 -176533.95
V 5984 -605890.28 -176526.20
V 5992 -605895.95 -176520.53
V 6000 -605903.70 -176518.45
V 6008 -606003.20 -176518.45
V 6016 -606003.20 -176478.45
V 6024 -605903.70 -176478.45
V 6032 -605895.95 -176476.37
V 6040 -605890.28 -176470.70
V 6048 -605888.20 -176462.95
V 6056 -605888.20 -176391.95
V 6064 -605890.28 -176384.20
V 6072 -605895.95 -176378.53
V 6080 -605903.70 -176376.45
V 6088 -606003.20 -176376.45
V 6096 -606003.20 -176336.45
V 6104 -605903.70 -176336.45
V 6112 -605895.95 -176334.37
V 6120 -605890.28 -176328.70
V 6128 -605888.20 -176320.95
V 6136 -605888.20 -176249.95
V 6144 -605890.28 -176242.20
V 6152 -605895.95 -176236.53
V 6160 -605903.70 -176234.45
V 6168 -606003.20 -176234.45
V 6176 -606003.20 -176194.45
V 6184 -605903.70 -176194.45
V 6192 -605895.95 -176192.37
V 6200 -605890.28 -176186.70
V 6208 -605888.20 -176178.95
V 6216 -605888.20 -176107.95
V 6224 -605890.28 -176100.20
V 6232 -605895.95 -176094.53
V 6240 -605903.70 -176092.45
V 6248 -606003.20 -176092.45
V 6256 -606003.20 -176052.45
V 6264 -605903.70 -176052.45
V 6272 -605895.95 -176050.37
V 6280 -605890.28 -176044.70
V 6288 -605888.20 -176036.95
V 6296 -605888.20 -175965.95
V 6304 -605890.28 -175958.20
V 6312 -605895.95 -175952.53
V 6320 -605903.70 -175950.45
V 6328 -606003.20 -175950.45
V 6336 -606003.20 -175910.45
V 6344 -605903.70 -175910.45
V 6352 -605895.95 -175908.37
V 6360 -605890.28 -175902.70
V 6368 -605888.20 -175894.95
V 6376 -605888.20 -175823.95
V 6384 -605890.28 -175816.20
V 6392 -605895.95 -175810.53
V 6400 -605903.70 -175808.45
V 6408 -606003.20 -175808.45
V 6416 -606003.20 -175768.45
V 6424 -605903.70 -175768.45
V 6432 -605895.95 -175766.37
V 6440 -605890.28 -175760.70
V 6448 -605888.20 -175752.95
V 6456 -605888.20 -175681.95
V 6464 -605890.28 -175674.20
V 6472 -605895.95 -175668.53
V 6480 -605903.70 -175666.45
V 6488 -606003.20 -175666.45
V 6496 -606003.20 -175626.45
V 6504 -605903.70 -175626.45
V 6512 -605895.95 -175624.37
V 6520 -605890.28 -175618.70
V 6528 -605888.20 -175610.95
V 6536 -605888.20 -175539.95
V 6544 -605890.28 -175532.20
V 6552 -605895.95 -175526.53
V 6560 -605903.70 -175524.45
V 6568 -606003.20 -175524.45
V 6576 -606003.20 -175484.45
V 6584 -605903.70 -175484.45
V 6592 -605895.95 -175482.37
V 6600 -605890.28 -175476.70
V 6608 -605888.20 -175468.95
V 6616 -605888.20 -175397.95
V 6624 -605890.28 -175390.20
V 6632 -605895.95 -175384.53
V 6640 -605903.70 -175382.45
V 6648 -606003.20 -175382.45
V 6656 -606003.20 -175342.45
V 6664 -605903.70 -175342.45
V 6672 -605895.95 -175340.37
V 6680 -605890.28 -175334.70
V 6688 -605888.20 -175326.95
V 6696 -605888.20 -175255.95
V 6704 -605890.28 -175248.20
V 6712 -605895.95 -175242.53
V 6720 -605903.70 -175240.45
V 6728 -606003.20 -175240.45
V 6736 -606003.20 -175200.45
V 6744 -605903.70 -175200.45
V 6752 -605895.95 -175198.37
V 6760 -605890.28 -175192.70
V 6768 -605888.20 -175184.95
V 6776 -605888.20 -175113.95
V 6784 -605890.28 -175106.20
V 6792 -605895.95 -175100.53
V 6800 -605903.70 -175098.45
V 6808 -606003.20 -175098.45
V 6816 -606003.20 -175058.45
V 6824 -605903.70 -175058.45
V 6832 -605895.95 -175056.37
V 6840 -605890.28 -175050.70
V 6848 -605888.20 -175042.95
V 6856 -605888.20 -174971.95
V 6864 -605890.28 -174964.20
V 6872 -605895.95 -174958.53
V 6880 -605903.70 -174956.45
V 6888 -606003.20 -174956.45
V 6896 -606003.20 -174916.45
V 6904 -605903.70 -174916.45
V 6912 -605895.95 -174914.37
V 6920 -605890.28 -174908.70
V 6928 -605888.20 -174900.95
V 6936 -605888.20 -174829.95
V 6944 -605890.28 -174822.20
V 6952 -605895.95 -174816.53
V 6960 -605903.70 -174814.45
V 6968 -606003.20 -174814.45
V 6976 -606003.20 -174774.45
V 6984 -605903.70 -174774.45
V 6992 -605895.95 -174772.37
V 7000 -605890.28 -174766.70
V 7008 -605888.20 -174758.95
V 7016 -605888.20 -174687.95
V 7024 -605890.28 -174680.20
V 7032 -605895.95 -174674.53
V 7040 -605903.70 -174672.45
V 7048 -606003.20 -174672.45
V 7056 -606003.20 -174632.45
V 7064 -605903.70 -174632.45
V 7072 -605895.95 -174630.37
V 7080 -605890.28 -174624.70
V 7088 -605888.20 -174616.95
V 7096 -605888.20 -174545.95
V 7104 -605890.28 -174538.20
V 7112 -605895.95 -174532.53
V 7120 -605903.70 -174530.45
V 7128 -606003.20 -174530.45
V 7136 -606003.20 -174490.45
V 7144 -605903.70 -174490.45
V 7152 -605895.95 -174488.37
V 7160 -605890.28 -174482.70
V 7168 -605888.20 -174474.95
V 7176 -605888.20 -174403.95
V 7184 -605890.28 -174396.20
V 7192 -605895.95 -174390.53
V 7200 -605903.70 -174388.45
V 7208 -606003.20 -174388.45
V 7216 -606003.20 -174348.45
V 7224 -605903.70 -174348.45
V 7232 -605895.95 -174346.37
V 7240 -605890.28 -174340.70
V 7248 -605888.20 -174332.95
V 7256 -605888.20 -174261.95
V 7264 -605890.28 -174254.20
V 7272 -605895.95 -174248.53
V 7280 -605903.70 -174246.45
V 7288 -606003.20 -174246.45
V 7296 -606003.20 -174206.45
V 7304 -605903.70 -174206.45
V 7312 -605895.95 -174204.37
V 7320 -605890.28 -174198.70
V 7328 -605888.20 -174190.95
V 7336 -605888.20 -174119.95
V 7344 -605890.28 -174112.20
V 7352 -605895.95 -174106.53
V 7360 -605903.70 -174104.45
V 7368 -606003.20 -174104.45
V 7376 -606003.20 -174064.45
V 7384 -605903.70 -174064.45
V 7392 -605895.95 -174062.37
V 7400 -605890.28 -174056.70
V 7408 -605888.20 -174048.95
V 7416 -605888.20 -173977.95
V 7424 -605890.28 -173970.20
V 7432 -605895.95 -173964.53
V 7440 -605903.70 -173962.45
V 7448 -606003.20 -173962.45
V 7456 -606003.20 -173922.45
V 7464 -605903.70 -173922.45
V 7472 -605895.95 -173920.37
V 7480 -605890.28 -173914.70
V 7488 -605888.20 -173906.95
V 7496 -605888.20 -173835.95
V 7504 -605890.28 -173828.20
V 7512 -605895.95 -173822.53
V 7520 -605903.70 -173820.45
V 7528 -606003.20 -173820.45
V 7536 -606003.20 -173780.45
V 7544 -605903.70 -173780.45
V 7552 -605895.95 -173778.37
V 7560 -605890.28 -173772.70
V 7568 -605888.20 -173764.95
V 7576 -605888.20 -173693.95
V 7584 -605890.28 -173686.20
V 7592 -605895.95 -173680.53
V 7600 -605903.70 -173678.45
V 7608 -606003.20 -173678.45
V 7616 -606003.20 -173638.45
V 7624 -605903.70 -173638.45
V 7632 -605895.95 -173636.37
V 7640 -605890.28 -173630.70
V 7648 -605888.20 -173622.95
V 7656 -605888.20 -173551.95
V 7664 -605890.28 -173544.20
V 7672 -605895.95 -173538.53
V 7680 -605903.70 -173536.45
V 7688 -606003.20 -173536.45
V 7696 -606003.20 -173496.45
V 7704 -605903.70 -173496.45
V 7712 -605895.95 -173494.37
V 7720 -605890.28 -173488.70
V 7728 -605888.20 -173480.95
V 7736 -605888.20 -173409.95
V 7744 -605890.28 -173402.20
V 7752 -605895.95 -173396.53
V 7760 -605903.70 -173394.45
V 7768 -606003.20 -173394.45
V 7776 -606003.20 -173354.45
V 7784 -605903.70 -173354.45
V 7792 -605895.95 -173352.37
V 7800 -605890.28 -173346.70
V 7808 -605888.20 -173338.95
V 7816 -605888.20 -173267.95
V 7824 -605890.28 -173260.20
V 7832 -605895.95 -173254.53
V 7840 -605903.70 -173252.45
V 7848 -606003.20 -173252.45
V 7856 -606003.20 -173212.45
V 7864 -605903.70 -173212.45
V 7872 -605895.95 -173210.37
V 7880 -605890.28 -173204.70
V 7888 -605888.20 -173196.95
V 7896 -605888.20 -173125.95
V 7904 -605890.28 -173118.20
V 7912 -605895.95 -173112.53
V 7920 -605903.70 -173110.45
V 7928 -606003.20 -173110.45
V 7936 -606003.20 -173070.45
V 7944 -605903.70 -173070.45
V 7952 -605895.95 -173068.37
V 7960 -605890.28 -173062.70
V 7968 -605888.20 -173054.95
V 7976 -605888.20 -172983.95
V 7984 -605890.28 -172976.20
V 7992 -605895.95 -172970.53
V 8000 -605903.70 -172968.45
V 8008 -606003.20 -172968.45
V 8016 -606003.20 -172928.45
V 8024 -605903.70 -172928.45
V 8032 -605895.95 -172926.37
V 8040 -605890.28 -172920.70
V 8048 -605888.20 -172912.95
V 8056 -605888.20 -172841.95
V 8064 -605890.28 -172834.20
V 8072 -605895.95 -172828.53
V 8080 -605903.70 -172826.45
V 8088 -606003.20 -172826.45
V 8096 -606003.20 -172786.45
V 8104 -605903.70 -172786.45
V 8112 -605895.95 -172784.37
V 8120 -605890.28 -172778.70
V 8128 -605888.20 -172770.95
V 8136 -605888.20 -172699.95
V 8144 -605890.28 -172692.20
V 8152 -605895.95 -172686.53
V 8160 -605903.70 -172684.45
V 8168 -606003.20 -172684.45
V 8176 -606003.20 -172644.45
V 8184 -605903.70 -172644.45
V 8192 -605895.95 -172642.37
V 8200 -605890.28 -172636.70
V 8208 -605888.20 -172628.95
V 8216 -605888.20 -172557.95
V 8224 -605890.28 -172550.20
V 8232 -605895.95 -172544.53
V 8240 -605903.70 -172542.45
V 8248 -606003.20 -172542.45
V 8256 -606003.20 -172502.45
V 8264 -605903.70 -172502.45
V 8272 -605895.95 -172500.37
V 8280 -605890.28 -172494.70
V 8288 -605888.20 -172486.95
V 8296 -605888.20 -172415.95
V 8304 -605890.28 -172408.20
V 8312 -605895.95 -172402.53
V 8320 -605903.70 -172400.45
V 8328 -606003.20 -172400.45
V 8336 -606003.20 -172360.45
V 8344 -605903.70 -172360.45
V 8352 -605895.95 -172358.37
V 8360 -605890.28 -172352.70
V 8368 -605888.20 -172344.95
V 8376 -605888.20 -172273.95
V 8384 -605890.28 -172266.20
V 8392 -605895.95 -172260.53
V 8400 -605903.70 -172258.45
V 8408 -606003.20 -172258.45
V 8416 -606003.20 -172218.45
V 8424 -605903.70 -172218.45
V 8432 -605895.95 -172216.37
V 8440 -605890.28 -172210.70
V 8448 -605888.20 -172202.95
V 8456 -605888.20 -172131.95
V 8464 -605890.28 -172124.20
V 8472 -605895.95 -172118.53
V 8480 -605903.70 -172116.45
V 8488 -606003.20 -172116.45
V 8496 -606003.20 -172076.45
V 8504 -605903.70 -172076.45
V 8512 -605895.95 -172074.37
V 8520 -605890.28 -172068.70
V 8528 -605888.20 -172060.95
V 8536 -605888.20 -171989.95
V 8544 -605890.28 -171982.20
V 8552 -605895.95 -171976.53
V 8560 -605903.70 -171974.45
V 8568 -606003.20 -171974.45
V 8576 -606003.20 -171934.45
V 8584 -605903.70 -171934.45
V 8592 -605895.95 -171932.37
V 8600 -605890.28 -171926.70
V 8608 -605888.20 -171918.95
V 8616 -605888.20 -171847.95
V 8624 -605890.28 -171840.20
V 8632 -605895.95 -171834.53
V 8640 -605903.70 -171832.45
V 8648 -606003.20 -171832.45
V 8656 -606003.20 -171792.45
V 8664 -605903.70 -171792.45
V 8672 -605895.95 -171790.37
V 8680 -605890.28 -171784.70
V 8688 -605888.20 -171776.95
V 8696 -605888.20 -171705.95
V 8704 -605890.28 -171698.20
V 8712 -605895.95 -171692.53
V 8720 -605903.70 -171690.45
V 8728 -606003.20 -171690.45
V 8736 -606003.20 -171650.45
V 8744 -605903.70 -171650.45
V 8752 -605895.95 -171648.37
V 8760 -605890.28 -171642.70
V 8768 -605888.20 -171634.95
V 8776 -605888.20 -171563.95
V 8784 -605890.28 -171556.20
V 8792 -605895.95 -171550.53
V 8800 -605903.70 -171548.45
V 8808 -606003.20 -171548.45
V 8816 -606003.20 -171508.45
V 8824 -605903.70 -171508.45
V 8832 -605895.95 -171506.37
V 8840 -605890.28 -171500.70
V 8848 -605888.20 -171492.95
V 8856 -605888.20 -171421.95
V 8864 -605890.28 -171414.20
V 8872 -605895.95 -171408.53
V 8880 -605903.70 -171406.45
V 8888 -606003.20 -171406.45
V 8896 -606003.20 -171366.45
V 8904 -605903.70 -171366.45
V 8912 -605895.95 -171364.37
V 8920 -605890.28 -171358.70
V 8928 -605888.20 -171350.95
V 8936 -605888.20 -171279.95
V 8944 -605890.28 -171272.20
V 8952 -605895.95 -171266.53
V 8960 -605903.70 -171264.45
V 8968 -606003.20 -171264.45
V 8976 -606003.20 -171224.45
V 8984 -605903.70 -171224.45
V 8992 -605895.95 -171222.37
V 9000 -605890.28 -171216.70
V 9008 -605888.20 -171208.95
V 9016 -605888.20 -171137.95
V 9024 -605890.28 -171130.20
V 9032 -605895.95 -171124.53
V 9040 -605903.70 -171122.45
V 9048 -606003.20 -171122.45
V 9056 -606003.20 -171082.45
V 9064 -605903.70 -171082.45
V 9072 -605895.95 -171080.37
V 9080 -605890.28 -171074.70
V 9088 -605888.20 -171066.95
V 9096 -605888.20 -170995.95
V 9104 -605890.28 -170988.20
V 9112 -605895.95 -170982.53
V 9120 -605903.70 -170980.45
V 9128 -605969.17 -170980.45
V 9136 -605969.17 -170940.45
V 9144 -605961.20 -170940.45
V 9152 -605960.09 -170940.41
V 9160 -605958.99 -170940.29
V 9168 -605957.91 -170940.10
V 9176 -605956.83 -170939.82
V 9184 -605955.78 -170939.47
V 9192 -605954.76 -170939.05
V 9200 -605953.77 -170938.55
V 9208 -605952.82 -170937.99
V 9216 -605951.91 -170937.36
V 9224 -605951.05 -170936.66
V 9232 -605950.24 -170935.91
V 9240 -605949.49 -170935.10
V 9248 -605948.79 -170934.24
V 9256 -605948.16 -170933.33
V 9264 -605947.60 -170932.38
V 9272 -605947.10 -170931.39
V 9280 -605946.68 -170930.37
V 9288 -605946.33 -170929.32
V 9296 -605946.05 -170928.24
V 9304 -605945.86 -170927.16
V 9312 -605945.74 -170926.06
V 9320 -605945.70 -170924.95
V 9328 -605945.70 -170848.82
V 9336 -587363.28 -167693.48
V 9344 -587363.21 -167693.47
V 9352 -587363.03 -167693.44
V 9360 -587362.83 -167693.41
V 9368 -585275.17 -167338.92
V 9376 -585274.86 -167338.87
V 9384 -585274.65 -167338.83
V 9392 -585274.62 -167338.82
V 9400 -582953.30 -166944.66
V 9408 -582950.82 -166944.24
V 9416 -579010.64 -166275.19
V 9424 -564832.95 -163867.78
V 9432 -564832.91 -163867.78
V 9440 -564831.99 -163867.63
V 9448 -564831.89 -163867.61
V 9456 -557265.71 -162582.85
V 9464 -556775.13 -162499.55
V 9472 -554145.91 -162053.10
V 9480 -554145.68 -162053.07
V 9488 -554029.04 -162033.26
V 9496 -542995.04 -160159.66
V 9504 -542530.65 -160080.81
V 9512 -542530.51 -160080.78
V 9520 -542530.48 -160080.78
V 9528 -542530.43 -160080.77
V 9536 -541601.22 -159922.99
V 9544 -541137.16 -159844.19
V 9552 -541137.14 -159844.19
V 9560 -541136.94 -159844.15
V 9568 -541136.77 -159844.13
V 9576 -537419.79 -159212.97
V 9584 -533935.40 -158621.32
V 9592 -533935.29 -158621.30
V 9600 -531945.21 -158283.38
V 9608 -531115.47 -158142.49
V 9616 -529986.12 -157950.72
V 9624 -529753.81 -157911.28
V 9632 -529289.20 -157832.39
V 9640 -529056.90 -157792.94
V 9648 -528857.91 -157759.15
V 9656 -528856.84 -157758.93
V 9664 -528855.80 -157758.64
V 9672 -528854.77 -157758.27
V 9680 -528853.78 -157757.84
V 9688 -528852.82 -157757.33
V 9696 -528851.89 -157756.76
V 9704 -528851.01 -157756.13
V 9712 -528850.17 -157755.43
V 9720 -528849.39 -157754.68
V 9728 -528848.66 -157753.87
V 9736 -528847.99 -157753.02
V 9744 -528847.38 -157752.12
V 9752 -528846.83 -157751.18
V 9760 -528846.35 -157750.20
V 9768 -528845.94 -157749.20
V 9776 -528845.61 -157748.16
V 9784 -528845.34 -157747.11
V 9792 -528845.15 -157746.04
V 9800 -528845.04 -157744.96
V 9808 -528845.00 -157743.87
V 9816 -528845.00 -157719.35
