V 0 1085836.72 47269.62
V 8 1085831.59 47326.07
V 16 1085831.59 47326.13
V 24 1085831.58 47326.24
V 32 1085825.52 47371.60
V 40 1085825.51 47371.63
V 48 1085823.40 47389.79
V 56 1085823.15 47390.47
V 64 1085822.61 47390.95
V 72 1085821.91 47391.12
V 80 1085735.66 47391.12
V 88 1085735.66 47388.12
V 96 1085820.57 47388.12
V 104 1085822.53 47371.31
V 112 1085822.54 47371.20
V 120 1085828.60 47325.84
V 128 1085833.86 47267.98
V 136 1085834.10 47267.29
V 144 1085834.64 47266.80
V 152 1085835.35 47266.62
V 160 1085839.86 47266.62
V 168 1085839.86 47269.62
