V 0 -620413.00 -157719.35
V 8 -620413.00 -157730.78
V 16 -620599.08 -157762.38
V 24 -622457.51 -158077.94
V 32 -622457.60 -158077.96
V 40 -622457.67 -158077.97
V 48 -622457.69 -158077.97
V 56 -624315.92 -158393.51
V 64 -624780.52 -158472.40
V 72 -625909.87 -158664.16
V 80 -631285.13 -159576.89
V 88 -631285.30 -159576.92
V 96 -633464.91 -159947.02
V 104 -633502.53 -159953.41
V 112 -637273.95 -160593.81
V 120 -658265.38 -164158.20
V 128 -663036.16 -164968.28
V 136 -665328.79 -165357.58
V 144 -665335.40 -165360.39
V 152 -665340.04 -165365.87
V 160 -665341.70 -165372.86
V 168 -665341.70 -165513.45
V 176 -665383.70 -165513.45
V 184 -665391.45 -165515.53
V 192 -665397.12 -165521.20
V 200 -665399.20 -165528.95
V 208 -665399.20 -165599.95
V 216 -665397.12 -165607.70
V 224 -665391.45 -165613.37
V 232 -665383.70 -165615.45
V 240 -665284.20 -165615.45
V 248 -665284.20 -165655.45
V 256 -665383.70 -165655.45
V 264 -665391.45 -165657.53
V 272 -665397.12 -165663.20
V 280 -665399.20 -165670.95
V 288 -665399.20 -165741.95
V 296 -665397.12 -165749.70
V 304 -665391.45 -165755.37
V 312 -665383.70 -165757.45
V 320 -665284.20 -165757.45
V 328 -665284.20 -165797.45
V 336 -665383.70 -165797.45
V 344 -665391.45 -165799.53
V 352 -665397.12 -165805.20
V 360 -665399.20 -165812.95
V 368 -665399.20 -165883.95
V 376 -665397.12 -165891.70
V 384 -665391.45 -165897.37
V 392 -665383.70 -165899.45
V 400 -665284.20 -165899.45
V 408 -665284.20 -165939.45
V 416 -665383.70 -165939.45
V 424 -665391.45 -165941.53
V 432 -665397.12 -165947.20
V 440 -665399.20 -165954.95
V 448 -665399.20 -166025.95
V 456 -665397.12 -166033.70
V 464 -665391.45 -166039.37
V 472 -665383.70 -166041.45
V 480 -665284.20 -166041.45
V 488 -665284.20 -166081.45
V 496 -665383.70 -166081.45
V 504 -665391.45 -166083.53
V 512 -665397.12 -166089.20
V 520 -665399.20 -166096.95
V 528 -665399.20 -166167.95
V 536 -665397.12 -166175.70
V 544 -665391.45 -166181.37
V 552 -665383.70 -166183.45
V 560 -665284.20 -166183.45
V 568 -665284.20 -166223.45
V 576 -665383.70 -166223.45
V 584 -665391.45 -166225.53
V 592 -665397.12 -166231.20
V 600 -665399.20 -166238.95
V 608 -665399.20 -166309.95
V 616 -665397.12 -166317.70
V 624 -665391.45 -166323.37
V 632 -665383.70 -166325.45
V 640 -665284.20 -166325.45
V 648 -665284.20 -166365.45
V 656 -665383.70 -166365.45
V 664 -665391.45 -166367.53
V 672 -665397.12 -166373.20
V 680 -665399.20 -166380.95
V 688 -665399.20 -166451.95
V 696 -665397.12 -166459.70
V 704 -665391.45 -166465.37
V 712 -665383.70 -166467.45
V 720 -665284.20 -166467.45
V 728 -665284.20 -166507.45
V 736 -665383.70 -166507.45
V 744 -665391.45 -166509.53
V 752 -665397.12 -166515.20
V 760 -665399.20 -166522.95
V 768 -665399.20 -166593.95
V 776 -665397.12 -166601.70
V 784 -665391.45 -166607.37
V 792 -665383.70 -166609.45
V 800 -665284.20 -166609.45
V 808 -665284.20 -166649.45
V 816 -665383.70 -166649.45
V 824 -665391.45 -166651.53
V 832 -665397.12 -166657.20
V 840 -665399.20 -166664.95
V 848 -665399.20 -166735.95
V 856 -665397.12 -166743.70
V 864 -665391.45 -166749.37
V 872 -665383.70 -166751.45
V 880 -665284.20 -166751.45
V 888 -665284.20 -166791.45
V 896 -665383.70 -166791.45
V 904 -665391.45 -166793.53
V 912 -665397.12 -166799.20
V 920 -665399.20 -166806.95
V 928 -665399.20 -166877.95
V 936 -665397.12 -166885.70
V 944 -665391.45 -166891.37
V 952 -665383.70 -166893.45
V 960 -665284.20 -166893.45
V 968 -665284.20 -166933.45
V 976 -665383.70 -166933.45
V 984 -665391.45 -166935.53
V 992 -665397.12 -166941.20
V 1000 -665399.20 -166948.95
V 1008 -665399.20 -167019.95
V 1016 -665397.12 -167027.70
V 1024 -665391.45 -167033.37
V 1032 -665383.70 -167035.45
V 1040 -665284.20 -167035.45
V 1048 -665284.20 -167075.45
V 1056 -665383.70 -167075.45
V 1064 -665391.45 -167077.53
V 1072 -665397.12 -167083.20
V 1080 -665399.20 -167090.95
V 1088 -665399.20 -167161.95
V 1096 -665397.12 -167169.70
V 1104 -665391.45 -167175.37
V 1112 -665383.70 -167177.45
V 1120 -665284.20 -167177.45
V 1128 -665284.20 -167217.45
V 1136 -665383.70 -167217.45
V 1144 -665391.45 -167219.53
V 1152 -665397.12 -167225.20
V 1160 -665399.20 -167232.95
V 1168 -665399.20 -167303.95
V 1176 -665397.12 -167311.70
V 1184 -665391.45 -167317.37
V 1192 -665383.70 -167319.45
V 1200 -665284.20 -167319.45
V 1208 -665284.20 -167359.45
V 1216 -665383.70 -167359.45
V 1224 -665391.45 -167361.53
V 1232 -665397.12 -167367.20
V 1240 -665399.20 -167374.95
V 1248 -665399.20 -167445.95
V 1256 -665397.12 -167453.70
V 1264 -665391.45 -167459.37
V 1272 -665383.70 -167461.45
V 1280 -665284.20 -167461.45
V 1288 -665284.20 -167501.45
V 1296 -665383.70 -167501.45
V 1304 -665391.45 -167503.53
V 1312 -665397.12 -167509.20
V 1320 -665399.20 -167516.95
V 1328 -665399.20 -167587.95
V 1336 -665397.12 -167595.70
V 1344 -665391.45 -167601.37
V 1352 -665383.70 -167603.45
V 1360 -665284.20 -167603.45
V 1368 -665284.20 -167643.45
V 1376 -665383.70 -167643.45
V 1384 -665391.45 -167645.53
V 1392 -665397.12 -167651.20
V 1400 -665399.20 -167658.95
V 1408 -665399.20 -167729.95
V 1416 -665397.12 -167737.70
V 1424 -665391.45 -167743.37
V 1432 -665383.70 -167745.45
V 1440 -665284.20 -167745.45
V 1448 -665284.20 -167785.45
V 1456 -665383.70 -167785.45
V 1464 -665391.45 -167787.53
V 1472 -665397.12 -167793.20
V 1480 -665399.20 -167800.95
V 1488 -665399.20 -167871.95
V 1496 -665397.12 -167879.70
V 1504 -665391.45 -167885.37
V 1512 -665383.70 -167887.45
V 1520 -665284.20 -167887.45
V 1528 -665284.20 -167927.45
V 1536 -665383.70 -167927.45
V 1544 -665391.45 -167929.53
V 1552 -665397.12 -167935.20
V 1560 -665399.20 -167942.95
V 1568 -665399.20 -168013.95
V 1576 -665397.12 -168021.70
V 1584 -665391.45 -168027.37
V 1592 -665383.70 -168029.45
V 1600 -665284.20 -168029.45
V 1608 -665284.20 -168069.45
V 1616 -665383.70 -168069.45
V 1624 -665391.45 -168071.53
V 1632 -665397.12 -168077.20
V 1640 -665399.20 -168084.95
V 1648 -665399.20 -168155.95
V 1656 -665397.12 -168163.70
V 1664 -665391.45 -168169.37
V 1672 -665383.70 -168171.45
V 1680 -665284.20 -168171.45
V 1688 -665284.20 -168211.45
V 1696 -665383.70 -168211.45
V 1704 -665391.45 -168213.53
V 1712 -665397.12 -168219.20
V 1720 -665399.20 -168226.95
V 1728 -665399.20 -168297.95
V 1736 -665397.12 -168305.70
V 1744 -665391.45 -168311.37
V 1752 -665383.70 -168313.45
V 1760 -665284.20 -168313.45
V 1768 -665284.20 -168353.45
V 1776 -665383.70 -168353.45
V 1784 -665391.45 -168355.53
V 1792 -665397.12 -168361.20
V 1800 -665399.20 -168368.95
V 1808 -665399.20 -168439.95
V 1816 -665397.12 -168447.70
V 1824 -665391.45 -168453.37
V 1832 -665383.70 -168455.45
V 1840 -665284.20 -168455.45
V 1848 -665284.20 -168495.45
V 1856 -665383.70 -168495.45
V 1864 -665391.45 -168497.53
V 1872 -665397.12 -168503.20
V 1880 -665399.20 -168510.95
V 1888 -665399.20 -168581.95
V 1896 -665397.12 -168589.70
V 1904 -665391.45 -168595.37
V 1912 -665383.70 -168597.45
V 1920 -665284.20 -168597.45
V 1928 -665284.20 -168637.45
V 1936 -665383.70 -168637.45
V 1944 -665391.45 -168639.53
V 1952 -665397.12 -168645.20
V 1960 -665399.20 -168652.95
V 1968 -665399.20 -168723.95
V 1976 -665397.12 -168731.70
V 1984 -665391.45 -168737.37
V 1992 -665383.70 -168739.45
V 2000 -665284.20 -168739.45
V 2008 -665284.20 -168779.45
V 2016 -665383.70 -168779.45
V 2024 -665391.45 -168781.53
V 2032 -665397.12 -168787.20
V 2040 -665399.20 -168794.95
V 2048 -665399.20 -168865.95
V 2056 -665397.12 -168873.70
V 2064 -665391.45 -168879.37
V 2072 -665383.70 -168881.45
V 2080 -665284.20 -168881.45
V 2088 -665284.20 -168921.45
V 2096 -665383.70 -168921.45
V 2104 -665391.45 -168923.53
V 2112 -665397.12 -168929.20
V 2120 -665399.20 -168936.95
V 2128 -665399.20 -169007.95
V 2136 -665397.12 -169015.70
V 2144 -665391.45 -169021.37
V 2152 -665383.70 -169023.45
V 2160 -665284.20 -169023.45
V 2168 -665284.20 -169063.45
V 2176 -665383.70 -169063.45
V 2184 -665391.45 -169065.53
V 2192 -665397.12 -169071.20
V 2200 -665399.20 -169078.95
V 2208 -665399.20 -169149.95
V 2216 -665397.12 -169157.70
V 2224 -665391.45 -169163.37
V 2232 -665383.70 -169165.45
V 2240 -665284.20 -169165.45
V 2248 -665284.20 -169205.45
V 2256 -665383.70 -169205.45
V 2264 -665391.45 -169207.53
V 2272 -665397.12 -169213.20
V 2280 -665399.20 -169220.95
V 2288 -665399.20 -169291.95
V 2296 -665397.12 -169299.70
V 2304 -665391.45 -169305.37
V 2312 -665383.70 -169307.45
V 2320 -665284.20 -169307.45
V 2328 -665284.20 -169347.45
V 2336 -665383.70 -169347.45
V 2344 -665391.45 -169349.53
V 2352 -665397.12 -169355.20
V 2360 -665399.20 -169362.95
V 2368 -665399.20 -169433.95
V 2376 -665397.12 -169441.70
V 2384 -665391.45 -169447.37
V 2392 -665383.70 -169449.45
V 2400 -665284.20 -169449.45
V 2408 -665284.20 -169489.45
V 2416 -665383.70 -169489.45
V 2424 -665391.45 -169491.53
V 2432 -665397.12 -169497.20
V 2440 -665399.20 -169504.95
V 2448 -665399.20 -169575.95
V 2456 -665397.12 -169583.70
V 2464 -665391.45 -169589.37
V 2472 -665383.70 -169591.45
V 2480 -665284.20 -169591.45
V 2488 -665284.20 -169631.45
V 2496 -665383.70 -169631.45
V 2504 -665391.45 -169633.53
V 2512 -665397.12 -169639.20
V 2520 -665399.20 -169646.95
V 2528 -665399.20 -169717.95
V 2536 -665397.12 -169725.70
V 2544 -665391.45 -169731.37
V 2552 -665383.70 -169733.45
V 2560 -665284.20 -169733.45
V 2568 -665284.20 -169773.45
V 2576 -665383.70 -169773.45
V 2584 -665391.45 -169775.53
V 2592 -665397.12 -169781.20
V 2600 -665399.20 -169788.95
V 2608 -665399.20 -169859.95
V 2616 -665397.12 -169867.70
V 2624 -665391.45 -169873.37
V 2632 -665383.70 -169875.45
V 2640 -665284.20 -169875.45
V 2648 -665284.20 -169915.45
V 2656 -665383.70 -169915.45
V 2664 -665391.45 -169917.53
V 2672 -665397.12 -169923.20
V 2680 -665399.20 -169930.95
V 2688 -665399.20 -170001.95
V 2696 -665397.12 -170009.70
V 2704 -665391.45 -170015.37
V 2712 -665383.70 -170017.45
V 2720 -665284.20 -170017.45
V 2728 -665284.20 -170057.45
V 2736 -665383.70 -170057.45
V 2744 -665391.45 -170059.53
V 2752 -665397.12 -170065.20
V 2760 -665399.20 -170072.95
V 2768 -665399.20 -170143.95
V 2776 -665397.12 -170151.70
V 2784 -665391.45 -170157.37
V 2792 -665383.70 -170159.45
V 2800 -665284.20 -170159.45
V 2808 -665284.20 -170199.45
V 2816 -665383.70 -170199.45
V 2824 -665391.45 -170201.53
V 2832 -665397.12 -170207.20
V 2840 -665399.20 -170214.95
V 2848 -665399.20 -170285.95
V 2856 -665397.12 -170293.70
V 2864 -665391.45 -170299.37
V 2872 -665383.70 -170301.45
V 2880 -665284.20 -170301.45
V 2888 -665284.20 -170341.45
V 2896 -665383.70 -170341.45
V 2904 -665391.45 -170343.53
V 2912 -665397.12 -170349.20
V 2920 -665399.20 -170356.95
V 2928 -665399.20 -170427.95
V 2936 -665397.12 -170435.70
V 2944 -665391.45 -170441.37
V 2952 -665383.70 -170443.45
V 2960 -665284.20 -170443.45
V 2968 -665284.20 -170483.45
V 2976 -665383.70 -170483.45
V 2984 -665391.45 -170485.53
V 2992 -665397.12 -170491.20
V 3000 -665399.20 -170498.95
V 3008 -665399.20 -170569.95
V 3016 -665397.12 -170577.70
V 3024 -665391.45 -170583.37
V 3032 -665383.70 -170585.45
V 3040 -665284.20 -170585.45
V 3048 -665284.20 -170625.45
V 3056 -665383.70 -170625.45
V 3064 -665391.45 -170627.53
V 3072 -665397.12 -170633.20
V 3080 -665399.20 -170640.95
V 3088 -665399.20 -170711.95
V 3096 -665397.12 -170719.70
V 3104 -665391.45 -170725.37
V 3112 -665383.70 -170727.45
V 3120 -665284.20 -170727.45
V 3128 -665284.20 -170767.45
V 3136 -665383.70 -170767.45
V 3144 -665391.45 -170769.53
V 3152 -665397.12 -170775.20
V 3160 -665399.20 -170782.95
V 3168 -665399.20 -170853.95
V 3176 -665397.12 -170861.70
V 3184 -665391.45 -170867.37
V 3192 -665383.70 -170869.45
V 3200 -665284.20 -170869.45
V 3208 -665284.20 -170909.45
V 3216 -665383.70 -170909.45
V 3224 -665391.45 -170911.53
V 3232 -665397.12 -170917.20
V 3240 -665399.20 -170924.95
V 3248 -665399.20 -170995.95
V 3256 -665397.12 -171003.70
V 3264 -665391.45 -171009.37
V 3272 -665383.70 -171011.45
V 3280 -665284.20 -171011.45
V 3288 -665284.20 -171051.45
V 3296 -665383.70 -171051.45
V 3304 -665391.45 -171053.53
V 3312 -665397.12 -171059.20
V 3320 -665399.20 -171066.95
V 3328 -665399.20 -171137.95
V 3336 -665397.12 -171145.70
V 3344 -665391.45 -171151.37
V 3352 -665383.70 -171153.45
V 3360 -665284.20 -171153.45
V 3368 -665284.20 -171193.45
V 3376 -665383.70 -171193.45
V 3384 -665391.45 -171195.53
V 3392 -665397.12 -171201.20
V 3400 -665399.20 -171208.95
V 3408 -665399.20 -171279.95
V 3416 -665397.12 -171287.70
V 3424 -665391.45 -171293.37
V 3432 -665383.70 -171295.45
V 3440 -665284.20 -171295.45
V 3448 -665284.20 -171335.45
V 3456 -665383.70 -171335.45
V 3464 -665391.45 -171337.53
V 3472 -665397.12 -171343.20
V 3480 -665399.20 -171350.95
V 3488 -665399.20 -171421.95
V 3496 -665397.12 -171429.70
V 3504 -665391.45 -171435.37
V 3512 -665383.70 -171437.45
V 3520 -665284.20 -171437.45
V 3528 -665284.20 -171477.45
V 3536 -665383.70 -171477.45
V 3544 -665391.45 -171479.53
V 3552 -665397.12 -171485.20
V 3560 -665399.20 -171492.95
V 3568 -665399.20 -171563.95
V 3576 -665397.12 -171571.70
V 3584 -665391.45 -171577.37
V 3592 -665383.70 -171579.45
V 3600 -665284.20 -171579.45
V 3608 -665284.20 -171619.45
V 3616 -665383.70 -171619.45
V 3624 -665391.45 -171621.53
V 3632 -665397.12 -171627.20
V 3640 -665399.20 -171634.95
V 3648 -665399.20 -171705.95
V 3656 -665397.12 -171713.70
V 3664 -665391.45 -171719.37
V 3672 -665383.70 -171721.45
V 3680 -665284.20 -171721.45
V 3688 -665284.20 -171761.45
V 3696 -665383.70 -171761.45
V 3704 -665391.45 -171763.53
V 3712 -665397.12 -171769.20
V 3720 -665399.20 -171776.95
V 3728 -665399.20 -171847.95
V 3736 -665397.12 -171855.70
V 3744 -665391.45 -171861.37
V 3752 -665383.70 -171863.45
V 3760 -665284.20 -171863.45
V 3768 -665284.20 -171903.45
V 3776 -665383.70 -171903.45
V 3784 -665391.45 -171905.53
V 3792 -665397.12 -171911.20
V 3800 -665399.20 -171918.95
V 3808 -665399.20 -171989.95
V 3816 -665397.12 -171997.70
V 3824 -665391.45 -172003.37
V 3832 -665383.70 -172005.45
V 3840 -665284.20 -172005.45
V 3848 -665284.20 -172045.45
V 3856 -665383.70 -172045.45
V 3864 -665391.45 -172047.53
V 3872 -665397.12 -172053.20
V 3880 -665399.20 -172060.95
V 3888 -665399.20 -172131.95
V 3896 -665397.12 -172139.70
V 3904 -665391.45 -172145.37
V 3912 -665383.70 -172147.45
V 3920 -665284.20 -172147.45
V 3928 -665284.20 -172187.45
V 3936 -665383.70 -172187.45
V 3944 -665391.45 -172189.53
V 3952 -665397.12 -172195.20
V 3960 -665399.20 -172202.95
V 3968 -665399.20 -172273.95
V 3976 -665397.12 -172281.70
V 3984 -665391.45 -172287.37
V 3992 -665383.70 -172289.45
V 4000 -665284.20 -172289.45
V 4008 -665284.20 -172329.45
V 4016 -665383.70 -172329.45
V 4024 -665391.45 -172331.53
V 4032 -665397.12 -172337.20
V 4040 -665399.20 -172344.95
V 4048 -665399.20 -172415.95
V 4056 -665397.12 -172423.70
V 4064 -665391.45 -172429.37
V 4072 -665383.70 -172431.45
V 4080 -665284.20 -172431.45
V 4088 -665284.20 -172471.45
V 4096 -665383.70 -172471.45
V 4104 -665391.45 -172473.53
V 4112 -665397.12 -172479.20
V 4120 -665399.20 -172486.95
V 4128 -665399.20 -172557.95
V 4136 -665397.12 -172565.70
V 4144 -665391.45 -172571.37
V 4152 -665383.70 -172573.45
V 4160 -665284.20 -172573.45
V 4168 -665284.20 -172613.45
V 4176 -665383.70 -172613.45
V 4184 -665391.45 -172615.53
V 4192 -665397.12 -172621.20
V 4200 -665399.20 -172628.95
V 4208 -665399.20 -172699.95
V 4216 -665397.12 -172707.70
V 4224 -665391.45 -172713.37
V 4232 -665383.70 -172715.45
V 4240 -665284.20 -172715.45
V 4248 -665284.20 -172755.45
V 4256 -665383.70 -172755.45
V 4264 -665391.45 -172757.53
V 4272 -665397.12 -172763.20
V 4280 -665399.20 -172770.95
V 4288 -665399.20 -172841.95
V 4296 -665397.12 -172849.70
V 4304 -665391.45 -172855.37
V 4312 -665383.70 -172857.45
V 4320 -665284.20 -172857.45
V 4328 -665284.20 -172897.45
V 4336 -665383.70 -172897.45
V 4344 -665391.45 -172899.53
V 4352 -665397.12 -172905.20
V 4360 -665399.20 -172912.95
V 4368 -665399.20 -172983.95
V 4376 -665397.12 -172991.70
V 4384 -665391.45 -172997.37
V 4392 -665383.70 -172999.45
V 4400 -665284.20 -172999.45
V 4408 -665284.20 -173039.45
V 4416 -665383.70 -173039.45
V 4424 -665391.45 -173041.53
V 4432 -665397.12 -173047.20
V 4440 -665399.20 -173054.95
V 4448 -665399.20 -173125.95
V 4456 -665397.12 -173133.70
V 4464 -665391.45 -173139.37
V 4472 -665383.70 -173141.45
V 4480 -665284.20 -173141.45
V 4488 -665284.20 -173181.45
V 4496 -665383.70 -173181.45
V 4504 -665391.45 -173183.53
V 4512 -665397.12 -173189.20
V 4520 -665399.20 -173196.95
V 4528 -665399.20 -173267.95
V 4536 -665397.12 -173275.70
V 4544 -665391.45 -173281.37
V 4552 -665383.70 -173283.45
V 4560 -665284.20 -173283.45
V 4568 -665284.20 -173323.45
V 4576 -665383.70 -173323.45
V 4584 -665391.45 -173325.53
V 4592 -665397.12 -173331.20
V 4600 -665399.20 -173338.95
V 4608 -665399.20 -173409.95
V 4616 -665397.12 -173417.70
V 4624 -665391.45 -173423.37
V 4632 -665383.70 -173425.45
V 4640 -665284.20 -173425.45
V 4648 -665284.20 -173465.45
V 4656 -665383.70 -173465.45
V 4664 -665391.45 -173467.53
V 4672 -665397.12 -173473.20
V 4680 -665399.20 -173480.95
V 4688 -665399.20 -173551.95
V 4696 -665397.12 -173559.70
V 4704 -665391.45 -173565.37
V 4712 -665383.70 -173567.45
V 4720 -665284.20 -173567.45
V 4728 -665284.20 -173607.45
V 4736 -665383.70 -173607.45
V 4744 -665391.45 -173609.53
V 4752 -665397.12 -173615.20
V 4760 -665399.20 -173622.95
V 4768 -665399.20 -173693.95
V 4776 -665397.12 -173701.70
V 4784 -665391.45 -173707.37
V 4792 -665383.70 -173709.45
V 4800 -665284.20 -173709.45
V 4808 -665284.20 -173749.45
V 4816 -665383.70 -173749.45
V 4824 -665391.45 -173751.53
V 4832 -665397.12 -173757.20
V 4840 -665399.20 -173764.95
V 4848 -665399.20 -173835.95
V 4856 -665397.12 -173843.70
V 4864 -665391.45 -173849.37
V 4872 -665383.70 -173851.45
V 4880 -665284.20 -173851.45
V 4888 -665284.20 -173891.45
V 4896 -665383.70 -173891.45
V 4904 -665391.45 -173893.53
V 4912 -665397.12 -173899.20
V 4920 -665399.20 -173906.95
V 4928 -665399.20 -173977.95
V 4936 -665397.12 -173985.70
V 4944 -665391.45 -173991.37
V 4952 -665383.70 -173993.45
V 4960 -665284.20 -173993.45
V 4968 -665284.20 -174033.45
V 4976 -665383.70 -174033.45
V 4984 -665391.45 -174035.53
V 4992 -665397.12 -174041.20
V 5000 -665399.20 -174048.95
V 5008 -665399.20 -174119.95
V 5016 -665397.12 -174127.70
V 5024 -665391.45 -174133.37
V 5032 -665383.70 -174135.45
V 5040 -665284.20 -174135.45
V 5048 -665284.20 -174175.45
V 5056 -665383.70 -174175.45
V 5064 -665391.45 -174177.53
V 5072 -665397.12 -174183.20
V 5080 -665399.20 -174190.95
V 5088 -665399.20 -174261.95
V 5096 -665397.12 -174269.70
V 5104 -665391.45 -174275.37
V 5112 -665383.70 -174277.45
V 5120 -665284.20 -174277.45
V 5128 -665284.20 -174317.45
V 5136 -665383.70 -174317.45
V 5144 -665391.45 -174319.53
V 5152 -665397.12 -174325.20
V 5160 -665399.20 -174332.95
V 5168 -665399.20 -174403.95
V 5176 -665397.12 -174411.70
V 5184 -665391.45 -174417.37
V 5192 -665383.70 -174419.45
V 5200 -665284.20 -174419.45
V 5208 -665284.20 -174459.45
V 5216 -665383.70 -174459.45
V 5224 -665391.45 -174461.53
V 5232 -665397.12 -174467.20
V 5240 -665399.20 -174474.95
V 5248 -665399.20 -174545.95
V 5256 -665397.12 -174553.70
V 5264 -665391.45 -174559.37
V 5272 -665383.70 -174561.45
V 5280 -665284.20 -174561.45
V 5288 -665284.20 -174601.45
V 5296 -665383.70 -174601.45
V 5304 -665391.45 -174603.53
V 5312 -665397.12 -174609.20
V 5320 -665399.20 -174616.95
V 5328 -665399.20 -174687.95
V 5336 -665397.12 -174695.70
V 5344 -665391.45 -174701.37
V 5352 -665383.70 -174703.45
V 5360 -665284.20 -174703.45
V 5368 -665284.20 -174743.45
V 5376 -665383.70 -174743.45
V 5384 -665391.45 -174745.53
V 5392 -665397.12 -174751.20
V 5400 -665399.20 -174758.95
V 5408 -665399.20 -174829.95
V 5416 -665397.12 -174837.70
V 5424 -665391.45 -174843.37
V 5432 -665383.70 -174845.45
V 5440 -665284.20 -174845.45
V 5448 -665284.20 -174885.45
V 5456 -665383.70 -174885.45
V 5464 -665391.45 -174887.53
V 5472 -665397.12 -174893.20
V 5480 -665399.20 -174900.95
V 5488 -665399.20 -174971.95
V 5496 -665397.12 -174979.70
V 5504 -665391.45 -174985.37
V 5512 -665383.70 -174987.45
V 5520 -665284.20 -174987.45
V 5528 -665284.20 -175027.45
V 5536 -665383.70 -175027.45
V 5544 -665391.45 -175029.53
V 5552 -665397.12 -175035.20
V 5560 -665399.20 -175042.95
V 5568 -665399.20 -175113.95
V 5576 -665397.12 -175121.70
V 5584 -665391.45 -175127.37
V 5592 -665383.70 -175129.45
V 5600 -665284.20 -175129.45
V 5608 -665284.20 -175169.45
V 5616 -665383.70 -175169.45
V 5624 -665391.45 -175171.53
V 5632 -665397.12 -175177.20
V 5640 -665399.20 -175184.95
V 5648 -665399.20 -175255.95
V 5656 -665397.12 -175263.70
V 5664 -665391.45 -175269.37
V 5672 -665383.70 -175271.45
V 5680 -665284.20 -175271.45
V 5688 -665284.20 -175311.45
V 5696 -665383.70 -175311.45
V 5704 -665391.45 -175313.53
V 5712 -665397.12 -175319.20
V 5720 -665399.20 -175326.95
V 5728 -665399.20 -175397.95
V 5736 -665397.12 -175405.70
V 5744 -665391.45 -175411.37
V 5752 -665383.70 -175413.45
V 5760 -665284.20 -175413.45
V 5768 -665284.20 -175453.45
V 5776 -665383.70 -175453.45
V 5784 -665391.45 -175455.53
V 5792 -665397.12 -175461.20
V 5800 -665399.20 -175468.95
V 5808 -665399.20 -175539.95
V 5816 -665397.12 -175547.70
V 5824 -665391.45 -175553.37
V 5832 -665383.70 -175555.45
V 5840 -665284.20 -175555.45
V 5848 -665284.20 -175595.45
V 5856 -665383.70 -175595.45
V 5864 -665391.45 -175597.53
V 5872 -665397.12 -175603.20
V 5880 -665399.20 -175610.95
V 5888 -665399.20 -175681.95
V 5896 -665397.12 -175689.70
V 5904 -665391.45 -175695.37
V 5912 -665383.70 -175697.45
V 5920 -665284.20 -175697.45
V 5928 -665284.20 -175737.45
V 5936 -665383.70 -175737.45
V 5944 -665391.45 -175739.53
V 5952 -665397.12 -175745.20
V 5960 -665399.20 -175752.95
V 5968 -665399.20 -175823.95
V 5976 -665397.12 -175831.70
V 5984 -665391.45 -175837.37
V 5992 -665383.70 -175839.45
V 6000 -665284.20 -175839.45
V 6008 -665284.20 -175879.45
V 6016 -665383.70 -175879.45
V 6024 -665391.45 -175881.53
V 6032 -665397.12 -175887.20
V 6040 -665399.20 -175894.95
V 6048 -665399.20 -175965.95
V 6056 -665397.12 -175973.70
V 6064 -665391.45 -175979.37
V 6072 -665383.70 -175981.45
V 6080 -665284.20 -175981.45
V 6088 -665284.20 -176021.45
V 6096 -665383.70 -176021.45
V 6104 -665391.45 -176023.53
V 6112 -665397.12 -176029.20
V 6120 -665399.20 -176036.95
V 6128 -665399.20 -176107.95
V 6136 -665397.12 -176115.70
V 6144 -665391.45 -176121.37
V 6152 -665383.70 -176123.45
V 6160 -665284.20 -176123.45
V 6168 -665284.20 -176163.45
V 6176 -665383.70 -176163.45
V 6184 -665391.45 -176165.53
V 6192 -665397.12 -176171.20
V 6200 -665399.20 -176178.95
V 6208 -665399.20 -176249.95
V 6216 -665397.12 -176257.70
V 6224 -665391.45 -176263.37
V 6232 -665383.70 -176265.45
V 6240 -665284.20 -176265.45
V 6248 -665284.20 -176305.45
V 6256 -665383.70 -176305.45
V 6264 -665391.45 -176307.53
V 6272 -665397.12 -176313.20
V 6280 -665399.20 -176320.95
V 6288 -665399.20 -176391.95
V 6296 -665397.12 -176399.70
V 6304 -665391.45 -176405.37
V 6312 -665383.70 -176407.45
V 6320 -665284.20 -176407.45
V 6328 -665284.20 -176447.45
V 6336 -665383.70 -176447.45
V 6344 -665391.45 -176449.53
V 6352 -665397.12 -176455.20
V 6360 -665399.20 -176462.95
V 6368 -665399.20 -176533.95
V 6376 -665397.12 -176541.70
V 6384 -665391.45 -176547.37
V 6392 -665383.70 -176549.45
V 6400 -665284.20 -176549.45
V 6408 -665284.20 -176589.45
V 6416 -665383.70 -176589.45
V 6424 -665391.45 -176591.53
V 6432 -665397.12 -176597.20
V 6440 -665399.20 -176604.95
V 6448 -665399.20 -176675.95
V 6456 -665397.12 -176683.70
V 6464 -665391.45 -176689.37
V 6472 -665383.70 -176691.45
V 6480 -665284.20 -176691.45
V 6488 -665284.20 -176731.45
V 6496 -665383.70 -176731.45
V 6504 -665391.45 -176733.53
V 6512 -665397.12 -176739.20
V 6520 -665399.20 -176746.95
V 6528 -665399.20 -176817.95
V 6536 -665397.12 -176825.70
V 6544 -665391.45 -176831.37
V 6552 -665383.70 -176833.45
V 6560 -665284.20 -176833.45
V 6568 -665284.20 -176873.45
V 6576 -665383.70 -176873.45
V 6584 -665391.45 -176875.53
V 6592 -665397.12 -176881.20
V 6600 -665399.20 -176888.95
V 6608 -665399.20 -176959.95
V 6616 -665397.12 -176967.70
V 6624 -665391.45 -176973.37
V 6632 -665383.70 -176975.45
V 6640 -665284.20 -176975.45
V 6648 -665284.20 -177015.45
V 6656 -665383.70 -177015.45
V 6664 -665391.45 -177017.53
V 6672 -665397.12 -177023.20
V 6680 -665399.20 -177030.95
V 6688 -665399.20 -177101.95
V 6696 -665397.12 -177109.70
V 6704 -665391.45 -177115.37
V 6712 -665383.70 -177117.45
V 6720 -665284.20 -177117.45
V 6728 -665284.20 -177157.45
V 6736 -665383.70 -177157.45
V 6744 -665391.45 -177159.53
V 6752 -665397.12 -177165.20
V 6760 -665399.20 -177172.95
V 6768 -665399.20 -177243.95
V 6776 -665397.12 -177251.70
V 6784 -665391.45 -177257.37
V 6792 -665383.70 -177259.45
V 6800 -665284.20 -177259.45
V 6808 -665284.20 -177299.45
V 6816 -665383.70 -177299.45
V 6824 -665391.45 -177301.53
V 6832 -665397.12 -177307.20
V 6840 -665399.20 -177314.95
V 6848 -665399.20 -177385.95
V 6856 -665397.12 -177393.70
V 6864 -665391.45 -177399.37
V 6872 -665383.70 -177401.45
V 6880 -665284.20 -177401.45
V 6888 -665284.20 -177441.45
V 6896 -665383.70 -177441.45
V 6904 -665391.45 -177443.53
V 6912 -665397.12 -177449.20
V 6920 -665399.20 -177456.95
V 6928 -665399.20 -177527.95
V 6936 -665397.12 -177535.70
V 6944 -665391.45 -177541.37
V 6952 -665383.70 -177543.45
V 6960 -665284.20 -177543.45
V 6968 -665284.20 -177583.45
V 6976 -665383.70 -177583.45
V 6984 -665391.45 -177585.53
V 6992 -665397.12 -177591.20
V 7000 -665399.20 -177598.95
V 7008 -665399.20 -177669.95
V 7016 -665397.12 -177677.70
V 7024 -665391.45 -177683.37
V 7032 -665383.70 -177685.45
V 7040 -665284.20 -177685.45
V 7048 -665284.20 -177725.45
V 7056 -665383.70 -177725.45
V 7064 -665391.45 -177727.53
V 7072 -665397.12 -177733.20
V 7080 -665399.20 -177740.95
V 7088 -665399.20 -177811.95
V 7096 -665397.12 -177819.70
V 7104 -665391.45 -177825.37
V 7112 -665383.70 -177827.45
V 7120 -665284.20 -177827.45
V 7128 -665284.20 -177867.45
V 7136 -665383.70 -177867.45
V 7144 -665391.45 -177869.53
V 7152 -665397.12 -177875.20
V 7160 -665399.20 -177882.95
V 7168 -665399.20 -177953.95
V 7176 -665397.12 -177961.70
V 7184 -665391.45 -177967.37
V 7192 -665383.70 -177969.45
V 7200 -665284.20 -177969.45
V 7208 -665284.20 -178009.45
V 7216 -665383.70 -178009.45
V 7224 -665391.45 -178011.53
V 7232 -665397.12 -178017.20
V 7240 -665399.20 -178024.95
V 7248 -665399.20 -178095.95
V 7256 -665397.12 -178103.70
V 7264 -665391.45 -178109.37
V 7272 -665383.70 -178111.45
V 7280 -665284.20 -178111.45
V 7288 -665284.20 -178151.45
V 7296 -665383.70 -178151.45
V 7304 -665391.45 -178153.53
V 7312 -665397.12 -178159.20
V 7320 -665399.20 -178166.95
V 7328 -665399.20 -178237.95
V 7336 -665397.12 -178245.70
V 7344 -665391.45 -178251.37
V 7352 -665383.70 -178253.45
V 7360 -665284.20 -178253.45
V 7368 -665284.20 -178293.45
V 7376 -665383.70 -178293.45
V 7384 -665391.45 -178295.53
V 7392 -665397.12 -178301.20
V 7400 -665399.20 -178308.95
V 7408 -665399.20 -178379.95
V 7416 -665397.12 -178387.70
V 7424 -665391.45 -178393.37
V 7432 -665383.70 -178395.45
V 7440 -665341.70 -178395.45
V 7448 -665341.70 -178404.45
V 7456 -665310.70 -178404.45
V 7464 -665310.70 -178379.95
V 7472 -665310.74 -178378.84
V 7480 -665310.86 -178377.74
V 7488 -665311.05 -178376.66
V 7496 -665311.33 -178375.58
V 7504 -665311.68 -178374.53
V 7512 -665312.10 -178373.51
V 7520 -665312.60 -178372.52
V 7528 -665313.16 -178371.57
V 7536 -665313.79 -178370.66
V 7544 -665314.49 -178369.80
V 7552 -665315.24 -178368.99
V 7560 -665316.05 -178368.24
V 7568 -665316.91 -178367.54
V 7576 -665317.82 -178366.91
V 7584 -665318.77 -178366.35
V 7592 -665319.76 -178365.85
V 7600 -665320.78 -178365.43
V 7608 -665321.83 -178365.08
V 7616 -665322.91 -178364.80
V 7624 -665323.99 -178364.61
V 7632 -665325.09 -178364.49
V 7640 -665326.20 -178364.45
V 7648 -665368.20 -178364.45
V 7656 -665368.20 -178324.45
V 7664 -665268.70 -178324.45
V 7672 -665260.95 -178322.37
V 7680 -665255.28 -178316.70
V 7688 -665253.20 -178308.95
V 7696 -665253.20 -178237.95
V 7704 -665255.28 -178230.20
V 7712 -665260.95 -178224.53
V 7720 -665268.70 -178222.45
V 7728 -665368.20 -178222.45
V 7736 -665368.20 -178182.45
V 7744 -665268.70 -178182.45
V 7752 -665260.95 -178180.37
V 7760 -665255.28 -178174.70
V 7768 -665253.20 -178166.95
V 7776 -665253.20 -178095.95
V 7784 -665255.28 -178088.20
V 7792 -665260.95 -178082.53
V 7800 -665268.70 -178080.45
V 7808 -665368.20 -178080.45
V 7816 -665368.20 -178040.45
V 7824 -665268.70 -178040.45
V 7832 -665260.95 -178038.37
V 7840 -665255.28 -178032.70
V 7848 -665253.20 -178024.95
V 7856 -665253.20 -177953.95
V 7864 -665255.28 -177946.20
V 7872 -665260.95 -177940.53
V 7880 -665268.70 -177938.45
V 7888 -665368.20 -177938.45
V 7896 -665368.20 -177898.45
V 7904 -665268.70 -177898.45
V 7912 -665260.95 -177896.37
V 7920 -665255.28 -177890.70
V 7928 -665253.20 -177882.95
V 7936 -665253.20 -177811.95
V 7944 -665255.28 -177804.20
V 7952 -665260.95 -177798.53
V 7960 -665268.70 -177796.45
V 7968 -665368.20 -177796.45
V 7976 -665368.20 -177756.45
V 7984 -665268.70 -177756.45
V 7992 -665260.95 -177754.37
V 8000 -665255.28 -177748.70
V 8008 -665253.20 -177740.95
V 8016 -665253.20 -177669.95
V 8024 -665255.28 -177662.20
V 8032 -665260.95 -177656.53
V 8040 -665268.70 -177654.45
V 8048 -665368.20 -177654.45
V 8056 -665368.20 -177614.45
V 8064 -665268.70 -177614.45
V 8072 -665260.95 -177612.37
V 8080 -665255.28 -177606.70
V 8088 -665253.20 -177598.95
V 8096 -665253.20 -177527.95
V 8104 -665255.28 -177520.20
V 8112 -665260.95 -177514.53
V 8120 -665268.70 -177512.45
V 8128 -665368.20 -177512.45
V 8136 -665368.20 -177472.45
V 8144 -665268.70 -177472.45
V 8152 -665260.95 -177470.37
V 8160 -665255.28 -177464.70
V 8168 -665253.20 -177456.95
V 8176 -665253.20 -177385.95
V 8184 -665255.28 -177378.20
V 8192 -665260.95 -177372.53
V 8200 -665268.70 -177370.45
V 8208 -665368.20 -177370.45
V 8216 -665368.20 -177330.45
V 8224 -665268.70 -177330.45
V 8232 -665260.95 -177328.37
V 8240 -665255.28 -177322.70
V 8248 -665253.20 -177314.95
V 8256 -665253.20 -177243.95
V 8264 -665255.28 -177236.20
V 8272 -665260.95 -177230.53
V 8280 -665268.70 -177228.45
V 8288 -665368.20 -177228.45
V 8296 -665368.20 -177188.45
V 8304 -665268.70 -177188.45
V 8312 -665260.95 -177186.37
V 8320 -665255.28 -177180.70
V 8328 -665253.20 -177172.95
V 8336 -665253.20 -177101.95
V 8344 -665255.28 -177094.20
V 8352 -665260.95 -177088.53
V 8360 -665268.70 -177086.45
V 8368 -665368.20 -177086.45
V 8376 -665368.20 -177046.45
V 8384 -665268.70 -177046.45
V 8392 -665260.95 -177044.37
V 8400 -665255.28 -177038.70
V 8408 -665253.20 -177030.95
V 8416 -665253.20 -176959.95
V 8424 -665255.28 -176952.20
V 8432 -665260.95 -176946.53
V 8440 -665268.70 -176944.45
V 8448 -665368.20 -176944.45
V 8456 -665368.20 -176904.45
V 8464 -665268.70 -176904.45
V 8472 -665260.95 -176902.37
V 8480 -665255.28 -176896.70
V 8488 -665253.20 -176888.95
V 8496 -665253.20 -176817.95
V 8504 -665255.28 -176810.20
V 8512 -665260.95 -176804.53
V 8520 -665268.70 -176802.45
V 8528 -665368.20 -176802.45
V 8536 -665368.20 -176762.45
V 8544 -665268.70 -176762.45
V 8552 -665260.95 -176760.37
V 8560 -665255.28 -176754.70
V 8568 -665253.20 -176746.95
V 8576 -665253.20 -176675.95
V 8584 -665255.28 -176668.20
V 8592 -665260.95 -176662.53
V 8600 -665268.70 -176660.45
V 8608 -665368.20 -176660.45
V 8616 -665368.20 -176620.45
V 8624 -665268.70 -176620.45
V 8632 -665260.95 -176618.37
V 8640 -665255.28 -176612.70
V 8648 -665253.20 -176604.95
V 8656 -665253.20 -176533.95
V 8664 -665255.28 -176526.20
V 8672 -665260.95 -176520.53
V 8680 -665268.70 -176518.45
V 8688 -665368.20 -176518.45
V 8696 -665368.20 -176478.45
V 8704 -665268.70 -176478.45
V 8712 -665260.95 -176476.37
V 8720 -665255.28 -176470.70
V 8728 -665253.20 -176462.95
V 8736 -665253.20 -176391.95
V 8744 -665255.28 -176384.20
V 8752 -665260.95 -176378.53
V 8760 -665268.70 -176376.45
V 8768 -665368.20 -176376.45
V 8776 -665368.20 -176336.45
V 8784 -665268.70 -176336.45
V 8792 -665260.95 -176334.37
V 8800 -665255.28 -176328.70
V 8808 -665253.20 -176320.95
V 8816 -665253.20 -176249.95
V 8824 -665255.28 -176242.20
V 8832 -665260.95 -176236.53
V 8840 -665268.70 -176234.45
V 8848 -665368.20 -176234.45
V 8856 -665368.20 -176194.45
V 8864 -665268.70 -176194.45
V 8872 -665260.95 -176192.37
V 8880 -665255.28 -176186.70
V 8888 -665253.20 -176178.95
V 8896 -665253.20 -176107.95
V 8904 -665255.28 -176100.20
V 8912 -665260.95 -176094.53
V 8920 -665268.70 -176092.45
V 8928 -665368.20 -176092.45
V 8936 -665368.20 -176052.45
V 8944 -665268.70 -176052.45
V 8952 -665260.95 -176050.37
V 8960 -665255.28 -176044.70
V 8968 -665253.20 -176036.95
V 8976 -665253.20 -175965.95
V 8984 -665255.28 -175958.20
V 8992 -665260.95 -175952.53
V 9000 -665268.70 -175950.45
V 9008 -665368.20 -175950.45
V 9016 -665368.20 -175910.45
V 9024 -665268.70 -175910.45
V 9032 -665260.95 -175908.37
V 9040 -665255.28 -175902.70
V 9048 -665253.20 -175894.95
V 9056 -665253.20 -175823.95
V 9064 -665255.28 -175816.20
V 9072 -665260.95 -175810.53
V 9080 -665268.70 -175808.45
V 9088 -665368.20 -175808.45
V 9096 -665368.20 -175768.45
V 9104 -665268.70 -175768.45
V 9112 -665260.95 -175766.37
V 9120 -665255.28 -175760.70
V 9128 -665253.20 -175752.95
V 9136 -665253.20 -175681.95
V 9144 -665255.28 -175674.20
V 9152 -665260.95 -175668.53
V 9160 -665268.70 -175666.45
V 9168 -665368.20 -175666.45
V 9176 -665368.20 -175626.45
V 9184 -665268.70 -175626.45
V 9192 -665260.95 -175624.37
V 9200 -665255.28 -175618.70
V 9208 -665253.20 -175610.95
V 9216 -665253.20 -175539.95
V 9224 -665255.28 -175532.20
V 9232 -665260.95 -175526.53
V 9240 -665268.70 -175524.45
V 9248 -665368.20 -175524.45
V 9256 -665368.20 -175484.45
V 9264 -665268.70 -175484.45
V 9272 -665260.95 -175482.37
V 9280 -665255.28 -175476.70
V 9288 -665253.20 -175468.95
V 9296 -665253.20 -175397.95
V 9304 -665255.28 -175390.20
V 9312 -665260.95 -175384.53
V 9320 -665268.70 -175382.45
V 9328 -665368.20 -175382.45
V 9336 -665368.20 -175342.45
V 9344 -665268.70 -175342.45
V 9352 -665260.95 -175340.37
V 9360 -665255.28 -175334.70
V 9368 -665253.20 -175326.95
V 9376 -665253.20 -175255.95
V 9384 -665255.28 -175248.20
V 9392 -665260.95 -175242.53
V 9400 -665268.70 -175240.45
V 9408 -665368.20 -175240.45
V 9416 -665368.20 -175200.45
V 9424 -665268.70 -175200.45
V 9432 -665260.95 -175198.37
V 9440 -665255.28 -175192.70
V 9448 -665253.20 -175184.95
V 9456 -665253.20 -175113.95
V 9464 -665255.28 -175106.20
V 9472 -665260.95 -175100.53
V 9480 -665268.70 -175098.45
V 9488 -665368.20 -175098.45
V 9496 -665368.20 -175058.45
V 9504 -665268.70 -175058.45
V 9512 -665260.95 -175056.37
V 9520 -665255.28 -175050.70
V 9528 -665253.20 -175042.95
V 9536 -665253.20 -174971.95
V 9544 -665255.28 -174964.20
V 9552 -665260.95 -174958.53
V 9560 -665268.70 -174956.45
V 9568 -665368.20 -174956.45
V 9576 -665368.20 -174916.45
V 9584 -665268.70 -174916.45
V 9592 -665260.95 -174914.37
V 9600 -665255.28 -174908.70
V 9608 -665253.20 -174900.95
V 9616 -665253.20 -174829.95
V 9624 -665255.28 -174822.20
V 9632 -665260.95 -174816.53
V 9640 -665268.70 -174814.45
V 9648 -665368.20 -174814.45
V 9656 -665368.20 -174774.45
V 9664 -665268.70 -174774.45
V 9672 -665260.95 -174772.37
V 9680 -665255.28 -174766.70
V 9688 -665253.20 -174758.95
V 9696 -665253.20 -174687.95
V 9704 -665255.28 -174680.20
V 9712 -665260.95 -174674.53
V 9720 -665268.70 -174672.45
V 9728 -665368.20 -174672.45
V 9736 -665368.20 -174632.45
V 9744 -665268.70 -174632.45
V 9752 -665260.95 -174630.37
V 9760 -665255.28 -174624.70
V 9768 -665253.20 -174616.95
V 9776 -665253.20 -174545.95
V 9784 -665255.28 -174538.20
V 9792 -665260.95 -174532.53
V 9800 -665268.70 -174530.45
V 9808 -665368.20 -174530.45
V 9816 -665368.20 -174490.45
V 9824 -665268.70 -174490.45
V 9832 -665260.95 -174488.37
V 9840 -665255.28 -174482.70
V 9848 -665253.20 -174474.95
V 9856 -665253.20 -174403.95
V 9864 -665255.28 -174396.20
V 9872 -665260.95 -174390.53
V 9880 -665268.70 -174388.45
V 9888 -665368.20 -174388.45
V 9896 -665368.20 -174348.45
V 9904 -665268.70 -174348.45
V 9912 -665260.95 -174346.37
V 9920 -665255.28 -174340.70
V 9928 -665253.20 -174332.95
V 9936 -665253.20 -174261.95
V 9944 -665255.28 -174254.20
V 9952 -665260.95 -174248.53
V 9960 -665268.70 -174246.45
V 9968 -665368.20 -174246.45
V 9976 -665368.20 -174206.45
V 9984 -665268.70 -174206.45
V 9992 -665260.95 -174204.37
V 10000 -665255.28 -174198.70
V 10008 -665253.20 -174190.95
V 10016 -665253.20 -174119.95
V 10024 -665255.28 -174112.20
V 10032 -665260.95 -174106.53
V 10040 -665268.70 -174104.45
V 10048 -665368.20 -174104.45
V 10056 -665368.20 -174064.45
V 10064 -665268.70 -174064.45
V 10072 -665260.95 -174062.37
V 10080 -665255.28 -174056.70
V 10088 -665253.20 -174048.95
V 10096 -665253.20 -173977.95
V 10104 -665255.28 -173970.20
V 10112 -665260.95 -173964.53
V 10120 -665268.70 -173962.45
V 10128 -665368.20 -173962.45
V 10136 -665368.20 -173922.45
V 10144 -665268.70 -173922.45
V 10152 -665260.95 -173920.37
V 10160 -665255.28 -173914.70
V 10168 -665253.20 -173906.95
V 10176 -665253.20 -173835.95
V 10184 -665255.28 -173828.20
V 10192 -665260.95 -173822.53
V 10200 -665268.70 -173820.45
V 10208 -665368.20 -173820.45
V 10216 -665368.20 -173780.45
V 10224 -665268.70 -173780.45
V 10232 -665260.95 -173778.37
V 10240 -665255.28 -173772.70
V 10248 -665253.20 -173764.95
V 10256 -665253.20 -173693.95
V 10264 -665255.28 -173686.20
V 10272 -665260.95 -173680.53
V 10280 -665268.70 -173678.45
V 10288 -665368.20 -173678.45
V 10296 -665368.20 -173638.45
V 10304 -665268.70 -173638.45
V 10312 -665260.95 -173636.37
V 10320 -665255.28 -173630.70
V 10328 -665253.20 -173622.95
V 10336 -665253.20 -173551.95
V 10344 -665255.28 -173544.20
V 10352 -665260.95 -173538.53
V 10360 -665268.70 -173536.45
V 10368 -665368.20 -173536.45
V 10376 -665368.20 -173496.45
V 10384 -665268.70 -173496.45
V 10392 -665260.95 -173494.37
V 10400 -665255.28 -173488.70
V 10408 -665253.20 -173480.95
V 10416 -665253.20 -173409.95
V 10424 -665255.28 -173402.20
V 10432 -665260.95 -173396.53
V 10440 -665268.70 -173394.45
V 10448 -665368.20 -173394.45
V 10456 -665368.20 -173354.45
V 10464 -665268.70 -173354.45
V 10472 -665260.95 -173352.37
V 10480 -665255.28 -173346.70
V 10488 -665253.20 -173338.95
V 10496 -665253.20 -173267.95
V 10504 -665255.28 -173260.20
V 10512 -665260.95 -173254.53
V 10520 -665268.70 -173252.45
V 10528 -665368.20 -173252.45
V 10536 -665368.20 -173212.45
V 10544 -665268.70 -173212.45
V 10552 -665260.95 -173210.37
V 10560 -665255.28 -173204.70
V 10568 -665253.20 -173196.95
V 10576 -665253.20 -173125.95
V 10584 -665255.28 -173118.20
V 10592 -665260.95 -173112.53
V 10600 -665268.70 -173110.45
V 10608 -665368.20 -173110.45
V 10616 -665368.20 -173070.45
V 10624 -665268.70 -173070.45
V 10632 -665260.95 -173068.37
V 10640 -665255.28 -173062.70
V 10648 -665253.20 -173054.95
V 10656 -665253.20 -172983.95
V 10664 -665255.28 -172976.20
V 10672 -665260.95 -172970.53
V 10680 -665268.70 -172968.45
V 10688 -665368.20 -172968.45
V 10696 -665368.20 -172928.45
V 10704 -665268.70 -172928.45
V 10712 -665260.95 -172926.37
V 10720 -665255.28 -172920.70
V 10728 -665253.20 -172912.95
V 10736 -665253.20 -172841.95
V 10744 -665255.28 -172834.20
V 10752 -665260.95 -172828.53
V 10760 -665268.70 -172826.45
V 10768 -665368.20 -172826.45
V 10776 -665368.20 -172786.45
V 10784 -665268.70 -172786.45
V 10792 -665260.95 -172784.37
V 10800 -665255.28 -172778.70
V 10808 -665253.20 -172770.95
V 10816 -665253.20 -172699.95
V 10824 -665255.28 -172692.20
V 10832 -665260.95 -172686.53
V 10840 -665268.70 -172684.45
V 10848 -665368.20 -172684.45
V 10856 -665368.20 -172644.45
V 10864 -665268.70 -172644.45
V 10872 -665260.95 -172642.37
V 10880 -665255.28 -172636.70
V 10888 -665253.20 -172628.95
V 10896 -665253.20 -172557.95
V 10904 -665255.28 -172550.20
V 10912 -665260.95 -172544.53
V 10920 -665268.70 -172542.45
V 10928 -665368.20 -172542.45
V 10936 -665368.20 -172502.45
V 10944 -665268.70 -172502.45
V 10952 -665260.95 -172500.37
V 10960 -665255.28 -172494.70
V 10968 -665253.20 -172486.95
V 10976 -665253.20 -172415.95
V 10984 -665255.28 -172408.20
V 10992 -665260.95 -172402.53
V 11000 -665268.70 -172400.45
V 11008 -665368.20 -172400.45
V 11016 -665368.20 -172360.45
V 11024 -665268.70 -172360.45
V 11032 -665260.95 -172358.37
V 11040 -665255.28 -172352.70
V 11048 -665253.20 -172344.95
V 11056 -665253.20 -172273.95
V 11064 -665255.28 -172266.20
V 11072 -665260.95 -172260.53
V 11080 -665268.70 -172258.45
V 11088 -665368.20 -172258.45
V 11096 -665368.20 -172218.45
V 11104 -665268.70 -172218.45
V 11112 -665260.95 -172216.37
V 11120 -665255.28 -172210.70
V 11128 -665253.20 -172202.95
V 11136 -665253.20 -172131.95
V 11144 -665255.28 -172124.20
V 11152 -665260.95 -172118.53
V 11160 -665268.70 -172116.45
V 11168 -665368.20 -172116.45
V 11176 -665368.20 -172076.45
V 11184 -665268.70 -172076.45
V 11192 -665260.95 -172074.37
V 11200 -665255.28 -172068.70
V 11208 -665253.20 -172060.95
V 11216 -665253.20 -171989.95
V 11224 -665255.28 -171982.20
V 11232 -665260.95 -171976.53
V 11240 -665268.70 -171974.45
V 11248 -665368.20 -171974.45
V 11256 -665368.20 -171934.45
V 11264 -665268.70 -171934.45
V 11272 -665260.95 -171932.37
V 11280 -665255.28 -171926.70
V 11288 -665253.20 -171918.95
V 11296 -665253.20 -171847.95
V 11304 -665255.28 -171840.20
V 11312 -665260.95 -171834.53
V 11320 -665268.70 -171832.45
V 11328 -665368.20 -171832.45
V 11336 -665368.20 -171792.45
V 11344 -665268.70 -171792.45
V 11352 -665260.95 -171790.37
V 11360 -665255.28 -171784.70
V 11368 -665253.20 -171776.95
V 11376 -665253.20 -171705.95
V 11384 -665255.28 -171698.20
V 11392 -665260.95 -171692.53
V 11400 -665268.70 -171690.45
V 11408 -665368.20 -171690.45
V 11416 -665368.20 -171650.45
V 11424 -665268.70 -171650.45
V 11432 -665260.95 -171648.37
V 11440 -665255.28 -171642.70
V 11448 -665253.20 -171634.95
V 11456 -665253.20 -171563.95
V 11464 -665255.28 -171556.20
V 11472 -665260.95 -171550.53
V 11480 -665268.70 -171548.45
V 11488 -665368.20 -171548.45
V 11496 -665368.20 -171508.45
V 11504 -665268.70 -171508.45
V 11512 -665260.95 -171506.37
V 11520 -665255.28 -171500.70
V 11528 -665253.20 -171492.95
V 11536 -665253.20 -171421.95
V 11544 -665255.28 -171414.20
V 11552 -665260.95 -171408.53
V 11560 -665268.70 -171406.45
V 11568 -665368.20 -171406.45
V 11576 -665368.20 -171366.45
V 11584 -665268.70 -171366.45
V 11592 -665260.95 -171364.37
V 11600 -665255.28 -171358.70
V 11608 -665253.20 -171350.95
V 11616 -665253.20 -171279.95
V 11624 -665255.28 -171272.20
V 11632 -665260.95 -171266.53
V 11640 -665268.70 -171264.45
V 11648 -665368.20 -171264.45
V 11656 -665368.20 -171224.45
V 11664 -665268.70 -171224.45
V 11672 -665260.95 -171222.37
V 11680 -665255.28 -171216.70
V 11688 -665253.20 -171208.95
V 11696 -665253.20 -171137.95
V 11704 -665255.28 -171130.20
V 11712 -665260.95 -171124.53
V 11720 -665268.70 -171122.45
V 11728 -665368.20 -171122.45
V 11736 -665368.20 -171082.45
V 11744 -665268.70 -171082.45
V 11752 -665260.95 -171080.37
V 11760 -665255.28 -171074.70
V 11768 -665253.20 -171066.95
V 11776 -665253.20 -170995.95
V 11784 -665255.28 -170988.20
V 11792 -665260.95 -170982.53
V 11800 -665268.70 -170980.45
V 11808 -665368.20 -170980.45
V 11816 -665368.20 -170940.45
V 11824 -665268.70 -170940.45
V 11832 -665260.95 -170938.37
V 11840 -665255.28 -170932.70
V 11848 -665253.20 -170924.95
V 11856 -665253.20 -170853.95
V 11864 -665255.28 -170846.20
V 11872 -665260.95 -170840.53
V 11880 -665268.70 -170838.45
V 11888 -665368.20 -170838.45
V 11896 -665368.20 -170798.45
V 11904 -665268.70 -170798.45
V 11912 -665260.95 -170796.37
V 11920 -665255.28 -170790.70
V 11928 -665253.20 -170782.95
V 11936 -665253.20 -170711.95
V 11944 -665255.28 -170704.20
V 11952 -665260.95 -170698.53
V 11960 -665268.70 -170696.45
V 11968 -665368.20 -170696.45
V 11976 -665368.20 -170656.45
V 11984 -665268.70 -170656.45
V 11992 -665260.95 -170654.37
V 12000 -665255.28 -170648.70
V 12008 -665253.20 -170640.95
V 12016 -665253.20 -170569.95
V 12024 -665255.28 -170562.20
V 12032 -665260.95 -170556.53
V 12040 -665268.70 -170554.45
V 12048 -665368.20 -170554.45
V 12056 -665368.20 -170514.45
V 12064 -665268.70 -170514.45
V 12072 -665260.95 -170512.37
V 12080 -665255.28 -170506.70
V 12088 -665253.20 -170498.95
V 12096 -665253.20 -170427.95
V 12104 -665255.28 -170420.20
V 12112 -665260.95 -170414.53
V 12120 -665268.70 -170412.45
V 12128 -665368.20 -170412.45
V 12136 -665368.20 -170372.45
V 12144 -665268.70 -170372.45
V 12152 -665260.95 -170370.37
V 12160 -665255.28 -170364.70
V 12168 -665253.20 -170356.95
V 12176 -665253.20 -170285.95
V 12184 -665255.28 -170278.20
V 12192 -665260.95 -170272.53
V 12200 -665268.70 -170270.45
V 12208 -665368.20 -170270.45
V 12216 -665368.20 -170230.45
V 12224 -665268.70 -170230.45
V 12232 -665260.95 -170228.37
V 12240 -665255.28 -170222.70
V 12248 -665253.20 -170214.95
V 12256 -665253.20 -170143.95
V 12264 -665255.28 -170136.20
V 12272 -665260.95 -170130.53
V 12280 -665268.70 -170128.45
V 12288 -665368.20 -170128.45
V 12296 -665368.20 -170088.45
V 12304 -665268.70 -170088.45
V 12312 -665260.95 -170086.37
V 12320 -665255.28 -170080.70
V 12328 -665253.20 -170072.95
V 12336 -665253.20 -170001.95
V 12344 -665255.28 -169994.20
V 12352 -665260.95 -169988.53
V 12360 -665268.70 -169986.45
V 12368 -665368.20 -169986.45
V 12376 -665368.20 -169946.45
V 12384 -665268.70 -169946.45
V 12392 -665260.95 -169944.37
V 12400 -665255.28 -169938.70
V 12408 -665253.20 -169930.95
V 12416 -665253.20 -169859.95
V 12424 -665255.28 -169852.20
V 12432 -665260.95 -169846.53
V 12440 -665268.70 -169844.45
V 12448 -665368.20 -169844.45
V 12456 -665368.20 -169804.45
V 12464 -665268.70 -169804.45
V 12472 -665260.95 -169802.37
V 12480 -665255.28 -169796.70
V 12488 -665253.20 -169788.95
V 12496 -665253.20 -169717.95
V 12504 -665255.28 -169710.20
V 12512 -665260.95 -169704.53
V 12520 -665268.70 -169702.45
V 12528 -665368.20 -169702.45
V 12536 -665368.20 -169662.45
V 12544 -665268.70 -169662.45
V 12552 -665260.95 -169660.37
V 12560 -665255.28 -169654.70
V 12568 -665253.20 -169646.95
V 12576 -665253.20 -169575.95
V 12584 -665255.28 -169568.20
V 12592 -665260.95 -169562.53
V 12600 -665268.70 -169560.45
V 12608 -665368.20 -169560.45
V 12616 -665368.20 -169520.45
V 12624 -665268.70 -169520.45
V 12632 -665260.95 -169518.37
V 12640 -665255.28 -169512.70
V 12648 -665253.20 -169504.95
V 12656 -665253.20 -169433.95
V 12664 -665255.28 -169426.20
V 12672 -665260.95 -169420.53
V 12680 -665268.70 -169418.45
V 12688 -665368.20 -169418.45
V 12696 -665368.20 -169378.45
V 12704 -665268.70 -169378.45
V 12712 -665260.95 -169376.37
V 12720 -665255.28 -169370.70
V 12728 -665253.20 -169362.95
V 12736 -665253.20 -169291.95
V 12744 -665255.28 -169284.20
V 12752 -665260.95 -169278.53
V 12760 -665268.70 -169276.45
V 12768 -665368.20 -169276.45
V 12776 -665368.20 -169236.45
V 12784 -665268.70 -169236.45
V 12792 -665260.95 -169234.37
V 12800 -665255.28 -169228.70
V 12808 -665253.20 -169220.95
V 12816 -665253.20 -169149.95
V 12824 -665255.28 -169142.20
V 12832 -665260.95 -169136.53
V 12840 -665268.70 -169134.45
V 12848 -665368.20 -169134.45
V 12856 -665368.20 -169094.45
V 12864 -665268.70 -169094.45
V 12872 -665260.95 -169092.37
V 12880 -665255.28 -169086.70
V 12888 -665253.20 -169078.95
V 12896 -665253.20 -169007.95
V 12904 -665255.28 -169000.20
V 12912 -665260.95 -168994.53
V 12920 -665268.70 -168992.45
V 12928 -665368.20 -168992.45
V 12936 -665368.20 -168952.45
V 12944 -665268.70 -168952.45
V 12952 -665260.95 -168950.37
V 12960 -665255.28 -168944.70
V 12968 -665253.20 -168936.95
V 12976 -665253.20 -168865.95
V 12984 -665255.28 -168858.20
V 12992 -665260.95 -168852.53
V 13000 -665268.70 -168850.45
V 13008 -665368.20 -168850.45
V 13016 -665368.20 -168810.45
V 13024 -665268.70 -168810.45
V 13032 -665260.95 -168808.37
V 13040 -665255.28 -168802.70
V 13048 -665253.20 -168794.95
V 13056 -665253.20 -168723.95
V 13064 -665255.28 -168716.20
V 13072 -665260.95 -168710.53
V 13080 -665268.70 -168708.45
V 13088 -665368.20 -168708.45
V 13096 -665368.20 -168668.45
V 13104 -665268.70 -168668.45
V 13112 -665260.95 -168666.37
V 13120 -665255.28 -168660.70
V 13128 -665253.20 -168652.95
V 13136 -665253.20 -168581.95
V 13144 -665255.28 -168574.20
V 13152 -665260.95 -168568.53
V 13160 -665268.70 -168566.45
V 13168 -665368.20 -168566.45
V 13176 -665368.20 -168526.45
V 13184 -665268.70 -168526.45
V 13192 -665260.95 -168524.37
V 13200 -665255.28 -168518.70
V 13208 -665253.20 -168510.95
V 13216 -665253.20 -168439.95
V 13224 -665255.28 -168432.20
V 13232 -665260.95 -168426.53
V 13240 -665268.70 -168424.45
V 13248 -665368.20 -168424.45
V 13256 -665368.20 -168384.45
V 13264 -665268.70 -168384.45
V 13272 -665260.95 -168382.37
V 13280 -665255.28 -168376.70
V 13288 -665253.20 -168368.95
V 13296 -665253.20 -168297.95
V 13304 -665255.28 -168290.20
V 13312 -665260.95 -168284.53
V 13320 -665268.70 -168282.45
V 13328 -665368.20 -168282.45
V 13336 -665368.20 -168242.45
V 13344 -665268.70 -168242.45
V 13352 -665260.95 -168240.37
V 13360 -665255.28 -168234.70
V 13368 -665253.20 -168226.95
V 13376 -665253.20 -168155.95
V 13384 -665255.28 -168148.20
V 13392 -665260.95 -168142.53
V 13400 -665268.70 -168140.45
V 13408 -665368.20 -168140.45
V 13416 -665368.20 -168100.45
V 13424 -665268.70 -168100.45
V 13432 -665260.95 -168098.37
V 13440 -665255.28 -168092.70
V 13448 -665253.20 -168084.95
V 13456 -665253.20 -168013.95
V 13464 -665255.28 -168006.20
V 13472 -665260.95 -168000.53
V 13480 -665268.70 -167998.45
V 13488 -665368.20 -167998.45
V 13496 -665368.20 -167958.45
V 13504 -665268.70 -167958.45
V 13512 -665260.95 -167956.37
V 13520 -665255.28 -167950.70
V 13528 -665253.20 -167942.95
V 13536 -665253.20 -167871.95
V 13544 -665255.28 -167864.20
V 13552 -665260.95 -167858.53
V 13560 -665268.70 -167856.45
V 13568 -665368.20 -167856.45
V 13576 -665368.20 -167816.45
V 13584 -665268.70 -167816.45
V 13592 -665260.95 -167814.37
V 13600 -665255.28 -167808.70
V 13608 -665253.20 -167800.95
V 13616 -665253.20 -167729.95
V 13624 -665255.28 -167722.20
V 13632 -665260.95 -167716.53
V 13640 -665268.70 -167714.45
V 13648 -665368.20 -167714.45
V 13656 -665368.20 -167674.45
V 13664 -665268.70 -167674.45
V 13672 -665260.95 -167672.37
V 13680 -665255.28 -167666.70
V 13688 -665253.20 -167658.95
V 13696 -665253.20 -167587.95
V 13704 -665255.28 -167580.20
V 13712 -665260.95 -167574.53
V 13720 -665268.70 -167572.45
V 13728 -665368.20 -167572.45
V 13736 -665368.20 -167532.45
V 13744 -665268.70 -167532.45
V 13752 -665260.95 -167530.37
V 13760 -665255.28 -167524.70
V 13768 -665253.20 -167516.95
V 13776 -665253.20 -167445.95
V 13784 -665255.28 -167438.20
V 13792 -665260.95 -167432.53
V 13800 -665268.70 -167430.45
V 13808 -665368.20 -167430.45
V 13816 -665368.20 -167390.45
V 13824 -665268.70 -167390.45
V 13832 -665260.95 -167388.37
V 13840 -665255.28 -167382.70
V 13848 -665253.20 -167374.95
V 13856 -665253.20 -167303.95
V 13864 -665255.28 -167296.20
V 13872 -665260.95 -167290.53
V 13880 -665268.70 -167288.45
V 13888 -665368.20 -167288.45
V 13896 -665368.20 -167248.45
V 13904 -665268.70 -167248.45
V 13912 -665260.95 -167246.37
V 13920 -665255.28 -167240.70
V 13928 -665253.20 -167232.95
V 13936 -665253.20 -167161.95
V 13944 -665255.28 -167154.20
V 13952 -665260.95 -167148.53
V 13960 -665268.70 -167146.45
V 13968 -665368.20 -167146.45
V 13976 -665368.20 -167106.45
V 13984 -665268.70 -167106.45
V 13992 -665260.95 -167104.37
V 14000 -665255.28 -167098.70
V 14008 -665253.20 -167090.95
V 14016 -665253.20 -167019.95
V 14024 -665255.28 -167012.20
V 14032 -665260.95 -167006.53
V 14040 -665268.70 -167004.45
V 14048 -665368.20 -167004.45
V 14056 -665368.20 -166964.45
V 14064 -665268.70 -166964.45
V 14072 -665260.95 -166962.37
V 14080 -665255.28 -166956.70
V 14088 -665253.20 -166948.95
V 14096 -665253.20 -166877.95
V 14104 -665255.28 -166870.20
V 14112 -665260.95 -166864.53
V 14120 -665268.70 -166862.45
V 14128 -665368.20 -166862.45
V 14136 -665368.20 -166822.45
V 14144 -665268.70 -166822.45
V 14152 -665260.95 -166820.37
V 14160 -665255.28 -166814.70
V 14168 -665253.20 -166806.95
V 14176 -665253.20 -166735.95
V 14184 -665255.28 -166728.20
V 14192 -665260.95 -166722.53
V 14200 -665268.70 -166720.45
V 14208 -665368.20 -166720.45
V 14216 -665368.20 -166680.45
V 14224 -665268.70 -166680.45
V 14232 -665260.95 -166678.37
V 14240 -665255.28 -166672.70
V 14248 -665253.20 -166664.95
V 14256 -665253.20 -166593.95
V 14264 -665255.28 -166586.20
V 14272 -665260.95 -166580.53
V 14280 -665268.70 -166578.45
V 14288 -665368.20 -166578.45
V 14296 -665368.20 -166538.45
V 14304 -665268.70 -166538.45
V 14312 -665260.95 -166536.37
V 14320 -665255.28 -166530.70
V 14328 -665253.20 -166522.95
V 14336 -665253.20 -166451.95
V 14344 -665255.28 -166444.20
V 14352 -665260.95 -166438.53
V 14360 -665268.70 -166436.45
V 14368 -665368.20 -166436.45
V 14376 -665368.20 -166396.45
V 14384 -665268.70 -166396.45
V 14392 -665260.95 -166394.37
V 14400 -665255.28 -166388.70
V 14408 -665253.20 -166380.95
V 14416 -665253.20 -166309.95
V 14424 -665255.28 -166302.20
V 14432 -665260.95 -166296.53
V 14440 -665268.70 -166294.45
V 14448 -665368.20 -166294.45
V 14456 -665368.20 -166254.45
V 14464 -665268.70 -166254.45
V 14472 -665260.95 -166252.37
V 14480 -665255.28 -166246.70
V 14488 -665253.20 -166238.95
V 14496 -665253.20 -166167.95
V 14504 -665255.28 -166160.20
V 14512 -665260.95 -166154.53
V 14520 -665268.70 -166152.45
V 14528 -665368.20 -166152.45
V 14536 -665368.20 -166112.45
V 14544 -665268.70 -166112.45
V 14552 -665260.95 -166110.37
V 14560 -665255.28 -166104.70
V 14568 -665253.20 -166096.95
V 14576 -665253.20 -166025.95
V 14584 -665255.28 -166018.20
V 14592 -665260.95 -166012.53
V 14600 -665268.70 -166010.45
V 14608 -665368.20 -166010.45
V 14616 -665368.20 -165970.45
V 14624 -665268.70 -165970.45
V 14632 -665260.95 -165968.37
V 14640 -665255.28 -165962.70
V 14648 -665253.20 -165954.95
V 14656 -665253.20 -165883.95
V 14664 -665255.28 -165876.20
V 14672 -665260.95 -165870.53
V 14680 -665268.70 -165868.45
V 14688 -665368.20 -165868.45
V 14696 -665368.20 -165828.45
V 14704 -665268.70 -165828.45
V 14712 -665260.95 -165826.37
V 14720 -665255.28 -165820.70
V 14728 -665253.20 -165812.95
V 14736 -665253.20 -165741.95
V 14744 -665255.28 -165734.20
V 14752 -665260.95 -165728.53
V 14760 -665268.70 -165726.45
V 14768 -665368.20 -165726.45
V 14776 -665368.20 -165686.45
V 14784 -665268.70 -165686.45
V 14792 -665260.95 -165684.37
V 14800 -665255.28 -165678.70
V 14808 -665253.20 -165670.95
V 14816 -665253.20 -165599.95
V 14824 -665255.28 -165592.20
V 14832 -665260.95 -165586.53
V 14840 -665268.70 -165584.45
V 14848 -665368.20 -165584.45
V 14856 -665368.20 -165544.45
V 14864 -665326.20 -165544.45
V 14872 -665318.45 -165542.37
V 14880 -665312.78 -165536.70
V 14888 -665310.70 -165528.95
V 14896 -665310.70 -165385.95
V 14904 -663030.98 -164998.84
V 14912 -658260.20 -164188.76
V 14920 -637268.77 -160624.37
V 14928 -633497.33 -159983.97
V 14936 -633459.71 -159977.58
V 14944 -631280.21 -159607.50
V 14952 -631280.04 -159607.47
V 14960 -628366.44 -159112.73
V 14968 -625904.69 -158694.72
V 14976 -624775.34 -158502.96
V 14984 -624310.74 -158424.07
V 14992 -622452.37 -158108.51
V 15000 -622452.28 -158108.49
V 15008 -622452.21 -158108.48
V 15016 -622452.19 -158108.48
V 15024 -622014.40 -158034.14
V 15032 -620593.90 -157792.94
V 15040 -620394.91 -157759.15
V 15048 -620393.84 -157758.93
V 15056 -620392.80 -157758.64
V 15064 -620391.77 -157758.27
V 15072 -620390.78 -157757.84
V 15080 -620389.82 -157757.33
V 15088 -620388.89 -157756.76
V 15096 -620388.01 -157756.13
V 15104 -620387.17 -157755.43
V 15112 -620386.39 -157754.68
V 15120 -620385.66 -157753.87
V 15128 -620384.99 -157753.02
V 15136 -620384.38 -157752.12
V 15144 -620383.83 -157751.18
V 15152 -620383.35 -157750.20
V 15160 -620382.94 -157749.20
V 15168 -620382.61 -157748.16
V 15176 -620382.34 -157747.11
V 15184 -620382.15 -157746.04
V 15192 -620382.04 -157744.96
V 15200 -620382.00 -157743.87
V 15208 -620382.00 -157719.35
