V 0 -684226.00 -157719.35
V 8 -684226.00 -157730.78
V 16 -684412.09 -157762.38
V 24 -684644.38 -157801.82
V 32 -685698.67 -157980.84
V 40 -685831.40 -158003.38
V 48 -686622.06 -158137.64
V 56 -686709.08 -158152.41
V 64 -687192.18 -158234.45
V 72 -687192.20 -158234.45
V 80 -687197.20 -158235.30
V 88 -687197.22 -158235.31
V 96 -687696.63 -158320.10
V 104 -688337.63 -158428.94
V 112 -688696.41 -158489.87
V 120 -689057.27 -158551.14
V 128 -689399.41 -158609.24
V 136 -689680.17 -158656.91
V 144 -689904.42 -158694.99
V 152 -690154.20 -158737.40
V 160 -691685.92 -158997.49
V 168 -691695.53 -158999.12
V 176 -693215.49 -159257.22
V 184 -693367.12 -159282.96
V 192 -693479.82 -159302.10
V 200 -693602.27 -159322.89
V 208 -695782.70 -159693.13
V 216 -695928.68 -159717.92
V 224 -696077.71 -159743.23
V 232 -696902.99 -159883.36
V 240 -698559.11 -160164.57
V 248 -700558.83 -160504.13
V 256 -700567.09 -160505.53
V 264 -703751.71 -161046.29
V 272 -705830.45 -161399.26
V 280 -706713.79 -161549.26
V 288 -706720.40 -161552.07
V 296 -706725.04 -161557.55
V 304 -706726.70 -161564.54
V 312 -706726.70 -161679.45
V 320 -706751.23 -161679.45
V 328 -706758.98 -161681.53
V 336 -706764.65 -161687.20
V 344 -706766.73 -161694.95
V 352 -706766.73 -161765.95
V 360 -706764.65 -161773.70
V 368 -706758.98 -161779.37
V 376 -706751.23 -161781.45
V 384 -706669.20 -161781.45
V 392 -706669.20 -161821.45
V 400 -706768.70 -161821.45
V 408 -706776.45 -161823.53
V 416 -706782.12 -161829.20
V 424 -706784.20 -161836.95
V 432 -706784.20 -161907.95
V 440 -706782.12 -161915.70
V 448 -706776.45 -161921.37
V 456 -706768.70 -161923.45
V 464 -706669.20 -161923.45
V 472 -706669.20 -161963.45
V 480 -706768.70 -161963.45
V 488 -706776.45 -161965.53
V 496 -706782.12 -161971.20
V 504 -706784.20 -161978.95
V 512 -706784.20 -162049.95
V 520 -706782.12 -162057.70
V 528 -706776.45 -162063.37
V 536 -706768.70 -162065.45
V 544 -706669.20 -162065.45
V 552 -706669.20 -162105.45
V 560 -706768.70 -162105.45
V 568 -706776.45 -162107.53
V 576 -706782.12 -162113.20
V 584 -706784.20 -162120.95
V 592 -706784.20 -162191.95
V 600 -706782.12 -162199.70
V 608 -706776.45 -162205.37
V 616 -706768.70 -162207.45
V 624 -706669.20 -162207.45
V 632 -706669.20 -162247.45
V 640 -706768.70 -162247.45
V 648 -706776.45 -162249.53
V 656 -706782.12 -162255.20
V 664 -706784.20 -162262.95
V 672 -706784.20 -162333.95
V 680 -706782.12 -162341.70
V 688 -706776.45 -162347.37
V 696 -706768.70 -162349.45
V 704 -706669.20 -162349.45
V 712 -706669.20 -162389.45
V 720 -706768.70 -162389.45
V 728 -706776.45 -162391.53
V 736 -706782.12 -162397.20
V 744 -706784.20 -162404.95
V 752 -706784.20 -162475.95
V 760 -706782.12 -162483.70
V 768 -706776.45 -162489.37
V 776 -706768.70 -162491.45
V 784 -706669.20 -162491.45
V 792 -706669.20 -162531.45
V 800 -706768.70 -162531.45
V 808 -706776.45 -162533.53
V 816 -706782.12 -162539.20
V 824 -706784.20 -162546.95
V 832 -706784.20 -162617.95
V 840 -706782.12 -162625.70
V 848 -706776.45 -162631.37
V 856 -706768.70 -162633.45
V 864 -706669.20 -162633.45
V 872 -706669.20 -162673.45
V 880 -706768.70 -162673.45
V 888 -706776.45 -162675.53
V 896 -706782.12 -162681.20
V 904 -706784.20 -162688.95
V 912 -706784.20 -162759.95
V 920 -706782.12 -162767.70
V 928 -706776.45 -162773.37
V 936 -706768.70 -162775.45
V 944 -706669.20 -162775.45
V 952 -706669.20 -162815.45
V 960 -706768.70 -162815.45
V 968 -706776.45 -162817.53
V 976 -706782.12 -162823.20
V 984 -706784.20 -162830.95
V 992 -706784.20 -162901.95
V 1000 -706782.12 -162909.70
V 1008 -706776.45 -162915.37
V 1016 -706768.70 -162917.45
V 1024 -706669.20 -162917.45
V 1032 -706669.20 -162957.45
V 1040 -706768.70 -162957.45
V 1048 -706776.45 -162959.53
V 1056 -706782.12 -162965.20
V 1064 -706784.20 -162972.95
V 1072 -706784.20 -163043.95
V 1080 -706782.12 -163051.70
V 1088 -706776.45 -163057.37
V 1096 -706768.70 -163059.45
V 1104 -706669.20 -163059.45
V 1112 -706669.20 -163099.45
V 1120 -706768.70 -163099.45
V 1128 -706776.45 -163101.53
V 1136 -706782.12 -163107.20
V 1144 -706784.20 -163114.95
V 1152 -706784.20 -163185.95
V 1160 -706782.12 -163193.70
V 1168 -706776.45 -163199.37
V 1176 -706768.70 -163201.45
V 1184 -706669.20 -163201.45
V 1192 -706669.20 -163241.45
V 1200 -706768.70 -163241.45
V 1208 -706776.45 -163243.53
V 1216 -706782.12 -163249.20
V 1224 -706784.20 -163256.95
V 1232 -706784.20 -163327.95
V 1240 -706782.12 -163335.70
V 1248 -706776.45 -163341.37
V 1256 -706768.70 -163343.45
V 1264 -706669.20 -163343.45
V 1272 -706669.20 -163383.45
V 1280 -706768.70 -163383.45
V 1288 -706776.45 -163385.53
V 1296 -706782.12 -163391.20
V 1304 -706784.20 -163398.95
V 1312 -706784.20 -163469.95
V 1320 -706782.12 -163477.70
V 1328 -706776.45 -163483.37
V 1336 -706768.70 -163485.45
V 1344 -706669.20 -163485.45
V 1352 -706669.20 -163525.45
V 1360 -706768.70 -163525.45
V 1368 -706776.45 -163527.53
V 1376 -706782.12 -163533.20
V 1384 -706784.20 -163540.95
V 1392 -706784.20 -163611.95
V 1400 -706782.12 -163619.70
V 1408 -706776.45 -163625.37
V 1416 -706768.70 -163627.45
V 1424 -706669.20 -163627.45
V 1432 -706669.20 -163667.45
V 1440 -706768.70 -163667.45
V 1448 -706776.45 -163669.53
V 1456 -706782.12 -163675.20
V 1464 -706784.20 -163682.95
V 1472 -706784.20 -163753.95
V 1480 -706782.12 -163761.70
V 1488 -706776.45 -163767.37
V 1496 -706768.70 -163769.45
V 1504 -706669.20 -163769.45
V 1512 -706669.20 -163809.45
V 1520 -706768.70 -163809.45
V 1528 -706776.45 -163811.53
V 1536 -706782.12 -163817.20
V 1544 -706784.20 -163824.95
V 1552 -706784.20 -163895.95
V 1560 -706782.12 -163903.70
V 1568 -706776.45 -163909.37
V 1576 -706768.70 -163911.45
V 1584 -706669.20 -163911.45
V 1592 -706669.20 -163951.45
V 1600 -706768.70 -163951.45
V 1608 -706776.45 -163953.53
V 1616 -706782.12 -163959.20
V 1624 -706784.20 -163966.95
V 1632 -706784.20 -164037.95
V 1640 -706782.12 -164045.70
V 1648 -706776.45 -164051.37
V 1656 -706768.70 -164053.45
V 1664 -706669.20 -164053.45
V 1672 -706669.20 -164093.45
V 1680 -706768.70 -164093.45
V 1688 -706776.45 -164095.53
V 1696 -706782.12 -164101.20
V 1704 -706784.20 -164108.95
V 1712 -706784.20 -164179.95
V 1720 -706782.12 -164187.70
V 1728 -706776.45 -164193.37
V 1736 -706768.70 -164195.45
V 1744 -706669.20 -164195.45
V 1752 -706669.20 -164235.45
V 1760 -706768.70 -164235.45
V 1768 -706776.45 -164237.53
V 1776 -706782.12 -164243.20
V 1784 -706784.20 -164250.95
V 1792 -706784.20 -164321.95
V 1800 -706782.12 -164329.70
V 1808 -706776.45 -164335.37
V 1816 -706768.70 -164337.45
V 1824 -706669.20 -164337.45
V 1832 -706669.20 -164377.45
V 1840 -706768.70 -164377.45
V 1848 -706776.45 -164379.53
V 1856 -706782.12 -164385.20
V 1864 -706784.20 -164392.95
V 1872 -706784.20 -164463.95
V 1880 -706782.12 -164471.70
V 1888 -706776.45 -164477.37
V 1896 -706768.70 -164479.45
V 1904 -706669.20 -164479.45
V 1912 -706669.20 -164519.45
V 1920 -706768.70 -164519.45
V 1928 -706776.45 -164521.53
V 1936 -706782.12 -164527.20
V 1944 -706784.20 -164534.95
V 1952 -706784.20 -164605.95
V 1960 -706782.12 -164613.70
V 1968 -706776.45 -164619.37
V 1976 -706768.70 -164621.45
V 1984 -706669.20 -164621.45
V 1992 -706669.20 -164661.45
V 2000 -706768.70 -164661.45
V 2008 -706776.45 -164663.53
V 2016 -706782.12 -164669.20
V 2024 -706784.20 -164676.95
V 2032 -706784.20 -164747.95
V 2040 -706782.12 -164755.70
V 2048 -706776.45 -164761.37
V 2056 -706768.70 -164763.45
V 2064 -706669.20 -164763.45
V 2072 -706669.20 -164803.45
V 2080 -706768.70 -164803.45
V 2088 -706776.45 -164805.53
V 2096 -706782.12 -164811.20
V 2104 -706784.20 -164818.95
V 2112 -706784.20 -164889.95
V 2120 -706782.12 -164897.70
V 2128 -706776.45 -164903.37
V 2136 -706768.70 -164905.45
V 2144 -706669.20 -164905.45
V 2152 -706669.20 -164945.45
V 2160 -706768.70 -164945.45
V 2168 -706776.45 -164947.53
V 2176 -706782.12 -164953.20
V 2184 -706784.20 -164960.95
V 2192 -706784.20 -165031.95
V 2200 -706782.12 -165039.70
V 2208 -706776.45 -165045.37
V 2216 -706768.70 -165047.45
V 2224 -706669.20 -165047.45
V 2232 -706669.20 -165087.45
V 2240 -706768.70 -165087.45
V 2248 -706776.45 -165089.53
V 2256 -706782.12 -165095.20
V 2264 -706784.20 -165102.95
V 2272 -706784.20 -165173.95
V 2280 -706782.12 -165181.70
V 2288 -706776.45 -165187.37
V 2296 -706768.70 -165189.45
V 2304 -706669.20 -165189.45
V 2312 -706669.20 -165229.45
V 2320 -706768.70 -165229.45
V 2328 -706776.45 -165231.53
V 2336 -706782.12 -165237.20
V 2344 -706784.20 -165244.95
V 2352 -706784.20 -165315.95
V 2360 -706782.12 -165323.70
V 2368 -706776.45 -165329.37
V 2376 -706768.70 -165331.45
V 2384 -706669.20 -165331.45
V 2392 -706669.20 -165371.45
V 2400 -706768.70 -165371.45
V 2408 -706776.45 -165373.53
V 2416 -706782.12 -165379.20
V 2424 -706784.20 -165386.95
V 2432 -706784.20 -165457.95
V 2440 -706782.12 -165465.70
V 2448 -706776.45 -165471.37
V 2456 -706768.70 -165473.45
V 2464 -706669.20 -165473.45
V 2472 -706669.20 -165513.45
V 2480 -706768.70 -165513.45
V 2488 -706776.45 -165515.53
V 2496 -706782.12 -165521.20
V 2504 -706784.20 -165528.95
V 2512 -706784.20 -165599.95
V 2520 -706782.12 -165607.70
V 2528 -706776.45 -165613.37
V 2536 -706768.70 -165615.45
V 2544 -706669.20 -165615.45
V 2552 -706669.20 -165655.45
V 2560 -706768.70 -165655.45
V 2568 -706776.45 -165657.53
V 2576 -706782.12 -165663.20
V 2584 -706784.20 -165670.95
V 2592 -706784.20 -165741.95
V 2600 -706782.12 -165749.70
V 2608 -706776.45 -165755.37
V 2616 -706768.70 -165757.45
V 2624 -706669.20 -165757.45
V 2632 -706669.20 -165797.45
V 2640 -706768.70 -165797.45
V 2648 -706776.45 -165799.53
V 2656 -706782.12 -165805.20
V 2664 -706784.20 -165812.95
V 2672 -706784.20 -165883.95
V 2680 -706782.12 -165891.70
V 2688 -706776.45 -165897.37
V 2696 -706768.70 -165899.45
V 2704 -706669.20 -165899.45
V 2712 -706669.20 -165939.45
V 2720 -706768.70 -165939.45
V 2728 -706776.45 -165941.53
V 2736 -706782.12 -165947.20
V 2744 -706784.20 -165954.95
V 2752 -706784.20 -166025.95
V 2760 -706782.12 -166033.70
V 2768 -706776.45 -166039.37
V 2776 -706768.70 -166041.45
V 2784 -706669.20 -166041.45
V 2792 -706669.20 -166081.45
V 2800 -706768.70 -166081.45
V 2808 -706776.45 -166083.53
V 2816 -706782.12 -166089.20
V 2824 -706784.20 -166096.95
V 2832 -706784.20 -166167.95
V 2840 -706782.12 -166175.70
V 2848 -706776.45 -166181.37
V 2856 -706768.70 -166183.45
V 2864 -706669.20 -166183.45
V 2872 -706669.20 -166223.45
V 2880 -706768.70 -166223.45
V 2888 -706776.45 -166225.53
V 2896 -706782.12 -166231.20
V 2904 -706784.20 -166238.95
V 2912 -706784.20 -166309.95
V 2920 -706782.12 -166317.70
V 2928 -706776.45 -166323.37
V 2936 -706768.70 -166325.45
V 2944 -706669.20 -166325.45
V 2952 -706669.20 -166365.45
V 2960 -706768.70 -166365.45
V 2968 -706776.45 -166367.53
V 2976 -706782.12 -166373.20
V 2984 -706784.20 -166380.95
V 2992 -706784.20 -166451.95
V 3000 -706782.12 -166459.70
V 3008 -706776.45 -166465.37
V 3016 -706768.70 -166467.45
V 3024 -706669.20 -166467.45
V 3032 -706669.20 -166507.45
V 3040 -706768.70 -166507.45
V 3048 -706776.45 -166509.53
V 3056 -706782.12 -166515.20
V 3064 -706784.20 -166522.95
V 3072 -706784.20 -166593.95
V 3080 -706782.12 -166601.70
V 3088 -706776.45 -166607.37
V 3096 -706768.70 -166609.45
V 3104 -706669.20 -166609.45
V 3112 -706669.20 -166649.45
V 3120 -706768.70 -166649.45
V 3128 -706776.45 -166651.53
V 3136 -706782.12 -166657.20
V 3144 -706784.20 -166664.95
V 3152 -706784.20 -166735.95
V 3160 -706782.12 -166743.70
V 3168 -706776.45 -166749.37
V 3176 -706768.70 -166751.45
V 3184 -706669.20 -166751.45
V 3192 -706669.20 -166791.45
V 3200 -706768.70 -166791.45
V 3208 -706776.45 -166793.53
V 3216 -706782.12 -166799.20
V 3224 -706784.20 -166806.95
V 3232 -706784.20 -166877.95
V 3240 -706782.12 -166885.70
V 3248 -706776.45 -166891.37
V 3256 -706768.70 -166893.45
V 3264 -706669.20 -166893.45
V 3272 -706669.20 -166933.45
V 3280 -706768.70 -166933.45
V 3288 -706776.45 -166935.53
V 3296 -706782.12 -166941.20
V 3304 -706784.20 -166948.95
V 3312 -706784.20 -167019.95
V 3320 -706782.12 -167027.70
V 3328 -706776.45 -167033.37
V 3336 -706768.70 -167035.45
V 3344 -706669.20 -167035.45
V 3352 -706669.20 -167075.45
V 3360 -706768.70 -167075.45
V 3368 -706776.45 -167077.53
V 3376 -706782.12 -167083.20
V 3384 -706784.20 -167090.95
V 3392 -706784.20 -167161.95
V 3400 -706782.12 -167169.70
V 3408 -706776.45 -167175.37
V 3416 -706768.70 -167177.45
V 3424 -706669.20 -167177.45
V 3432 -706669.20 -167217.45
V 3440 -706768.70 -167217.45
V 3448 -706776.45 -167219.53
V 3456 -706782.12 -167225.20
V 3464 -706784.20 -167232.95
V 3472 -706784.20 -167303.95
V 3480 -706782.12 -167311.70
V 3488 -706776.45 -167317.37
V 3496 -706768.70 -167319.45
V 3504 -706669.20 -167319.45
V 3512 -706669.20 -167359.45
V 3520 -706768.70 -167359.45
V 3528 -706776.45 -167361.53
V 3536 -706782.12 -167367.20
V 3544 -706784.20 -167374.95
V 3552 -706784.20 -167445.95
V 3560 -706782.12 -167453.70
V 3568 -706776.45 -167459.37
V 3576 -706768.70 -167461.45
V 3584 -706669.20 -167461.45
V 3592 -706669.20 -167501.45
V 3600 -706768.70 -167501.45
V 3608 -706776.45 -167503.53
V 3616 -706782.12 -167509.20
V 3624 -706784.20 -167516.95
V 3632 -706784.20 -167587.95
V 3640 -706782.12 -167595.70
V 3648 -706776.45 -167601.37
V 3656 -706768.70 -167603.45
V 3664 -706669.20 -167603.45
V 3672 -706669.20 -167643.45
V 3680 -706768.70 -167643.45
V 3688 -706776.45 -167645.53
V 3696 -706782.12 -167651.20
V 3704 -706784.20 -167658.95
V 3712 -706784.20 -167729.95
V 3720 -706782.12 -167737.70
V 3728 -706776.45 -167743.37
V 3736 -706768.70 -167745.45
V 3744 -706669.20 -167745.45
V 3752 -706669.20 -167785.45
V 3760 -706768.70 -167785.45
V 3768 -706776.45 -167787.53
V 3776 -706782.12 -167793.20
V 3784 -706784.20 -167800.95
V 3792 -706784.20 -167871.95
V 3800 -706782.12 -167879.70
V 3808 -706776.45 -167885.37
V 3816 -706768.70 -167887.45
V 3824 -706669.20 -167887.45
V 3832 -706669.20 -167927.45
V 3840 -706768.70 -167927.45
V 3848 -706776.45 -167929.53
V 3856 -706782.12 -167935.20
V 3864 -706784.20 -167942.95
V 3872 -706784.20 -168013.95
V 3880 -706782.12 -168021.70
V 3888 -706776.45 -168027.37
V 3896 -706768.70 -168029.45
V 3904 -706669.20 -168029.45
V 3912 -706669.20 -168069.45
V 3920 -706768.70 -168069.45
V 3928 -706776.45 -168071.53
V 3936 -706782.12 -168077.20
V 3944 -706784.20 -168084.95
V 3952 -706784.20 -168155.95
V 3960 -706782.12 -168163.70
V 3968 -706776.45 -168169.37
V 3976 -706768.70 -168171.45
V 3984 -706669.20 -168171.45
V 3992 -706669.20 -168211.45
V 4000 -706768.70 -168211.45
V 4008 -706776.45 -168213.53
V 4016 -706782.12 -168219.20
V 4024 -706784.20 -168226.95
V 4032 -706784.20 -168297.95
V 4040 -706782.12 -168305.70
V 4048 -706776.45 -168311.37
V 4056 -706768.70 -168313.45
V 4064 -706669.20 -168313.45
V 4072 -706669.20 -168353.45
V 4080 -706768.70 -168353.45
V 4088 -706776.45 -168355.53
V 4096 -706782.12 -168361.20
V 4104 -706784.20 -168368.95
V 4112 -706784.20 -168439.95
V 4120 -706782.12 -168447.70
V 4128 -706776.45 -168453.37
V 4136 -706768.70 -168455.45
V 4144 -706669.20 -168455.45
V 4152 -706669.20 -168495.45
V 4160 -706768.70 -168495.45
V 4168 -706776.45 -168497.53
V 4176 -706782.12 -168503.20
V 4184 -706784.20 -168510.95
V 4192 -706784.20 -168581.95
V 4200 -706782.12 -168589.70
V 4208 -706776.45 -168595.37
V 4216 -706768.70 -168597.45
V 4224 -706669.20 -168597.45
V 4232 -706669.20 -168637.45
V 4240 -706768.70 -168637.45
V 4248 -706776.45 -168639.53
V 4256 -706782.12 -168645.20
V 4264 -706784.20 -168652.95
V 4272 -706784.20 -168723.95
V 4280 -706782.12 -168731.70
V 4288 -706776.45 -168737.37
V 4296 -706768.70 -168739.45
V 4304 -706669.20 -168739.45
V 4312 -706669.20 -168779.45
V 4320 -706768.70 -168779.45
V 4328 -706776.45 -168781.53
V 4336 -706782.12 -168787.20
V 4344 -706784.20 -168794.95
V 4352 -706784.20 -168865.95
V 4360 -706782.12 -168873.70
V 4368 -706776.45 -168879.37
V 4376 -706768.70 -168881.45
V 4384 -706669.20 -168881.45
V 4392 -706669.20 -168921.45
V 4400 -706768.70 -168921.45
V 4408 -706776.45 -168923.53
V 4416 -706782.12 -168929.20
V 4424 -706784.20 -168936.95
V 4432 -706784.20 -169007.95
V 4440 -706782.12 -169015.70
V 4448 -706776.45 -169021.37
V 4456 -706768.70 -169023.45
V 4464 -706669.20 -169023.45
V 4472 -706669.20 -169063.45
V 4480 -706768.70 -169063.45
V 4488 -706776.45 -169065.53
V 4496 -706782.12 -169071.20
V 4504 -706784.20 -169078.95
V 4512 -706784.20 -169149.95
V 4520 -706782.12 -169157.70
V 4528 -706776.45 -169163.37
V 4536 -706768.70 -169165.45
V 4544 -706669.20 -169165.45
V 4552 -706669.20 -169205.45
V 4560 -706768.70 -169205.45
V 4568 -706776.45 -169207.53
V 4576 -706782.12 -169213.20
V 4584 -706784.20 -169220.95
V 4592 -706784.20 -169291.95
V 4600 -706782.12 -169299.70
V 4608 -706776.45 -169305.37
V 4616 -706768.70 -169307.45
V 4624 -706669.20 -169307.45
V 4632 -706669.20 -169347.45
V 4640 -706768.70 -169347.45
V 4648 -706776.45 -169349.53
V 4656 -706782.12 -169355.20
V 4664 -706784.20 -169362.95
V 4672 -706784.20 -169433.95
V 4680 -706782.12 -169441.70
V 4688 -706776.45 -169447.37
V 4696 -706768.70 -169449.45
V 4704 -706669.20 -169449.45
V 4712 -706669.20 -169489.45
V 4720 -706768.70 -169489.45
V 4728 -706776.45 -169491.53
V 4736 -706782.12 -169497.20
V 4744 -706784.20 -169504.95
V 4752 -706784.20 -169575.95
V 4760 -706782.12 -169583.70
V 4768 -706776.45 -169589.37
V 4776 -706768.70 -169591.45
V 4784 -706669.20 -169591.45
V 4792 -706669.20 -169631.45
V 4800 -706768.70 -169631.45
V 4808 -706776.45 -169633.53
V 4816 -706782.12 -169639.20
V 4824 -706784.20 -169646.95
V 4832 -706784.20 -169717.95
V 4840 -706782.12 -169725.70
V 4848 -706776.45 -169731.37
V 4856 -706768.70 -169733.45
V 4864 -706669.20 -169733.45
V 4872 -706669.20 -169773.45
V 4880 -706768.70 -169773.45
V 4888 -706776.45 -169775.53
V 4896 -706782.12 -169781.20
V 4904 -706784.20 -169788.95
V 4912 -706784.20 -169859.95
V 4920 -706782.12 -169867.70
V 4928 -706776.45 -169873.37
V 4936 -706768.70 -169875.45
V 4944 -706669.20 -169875.45
V 4952 -706669.20 -169915.45
V 4960 -706768.70 -169915.45
V 4968 -706776.45 -169917.53
V 4976 -706782.12 -169923.20
V 4984 -706784.20 -169930.95
V 4992 -706784.20 -170001.95
V 5000 -706782.12 -170009.70
V 5008 -706776.45 -170015.37
V 5016 -706768.70 -170017.45
V 5024 -706669.20 -170017.45
V 5032 -706669.20 -170057.45
V 5040 -706768.70 -170057.45
V 5048 -706776.45 -170059.53
V 5056 -706782.12 -170065.20
V 5064 -706784.20 -170072.95
V 5072 -706784.20 -170143.95
V 5080 -706782.12 -170151.70
V 5088 -706776.45 -170157.37
V 5096 -706768.70 -170159.45
V 5104 -706669.20 -170159.45
V 5112 -706669.20 -170199.45
V 5120 -706768.70 -170199.45
V 5128 -706776.45 -170201.53
V 5136 -706782.12 -170207.20
V 5144 -706784.20 -170214.95
V 5152 -706784.20 -170285.95
V 5160 -706782.12 -170293.70
V 5168 -706776.45 -170299.37
V 5176 -706768.70 -170301.45
V 5184 -706669.20 -170301.45
V 5192 -706669.20 -170341.45
V 5200 -706768.70 -170341.45
V 5208 -706776.45 -170343.53
V 5216 -706782.12 -170349.20
V 5224 -706784.20 -170356.95
V 5232 -706784.20 -170427.95
V 5240 -706782.12 -170435.70
V 5248 -706776.45 -170441.37
V 5256 -706768.70 -170443.45
V 5264 -706669.20 -170443.45
V 5272 -706669.20 -170483.45
V 5280 -706768.70 -170483.45
V 5288 -706776.45 -170485.53
V 5296 -706782.12 -170491.20
V 5304 -706784.20 -170498.95
V 5312 -706784.20 -170569.95
V 5320 -706782.12 -170577.70
V 5328 -706776.45 -170583.37
V 5336 -706768.70 -170585.45
V 5344 -706669.20 -170585.45
V 5352 -706669.20 -170625.45
V 5360 -706768.70 -170625.45
V 5368 -706776.45 -170627.53
V 5376 -706782.12 -170633.20
V 5384 -706784.20 -170640.95
V 5392 -706784.20 -170711.95
V 5400 -706782.12 -170719.70
V 5408 -706776.45 -170725.37
V 5416 -706768.70 -170727.45
V 5424 -706669.20 -170727.45
V 5432 -706669.20 -170767.45
V 5440 -706768.70 -170767.45
V 5448 -706776.45 -170769.53
V 5456 -706782.12 -170775.20
V 5464 -706784.20 -170782.95
V 5472 -706784.20 -170853.95
V 5480 -706782.12 -170861.70
V 5488 -706776.45 -170867.37
V 5496 -706768.70 -170869.45
V 5504 -706669.20 -170869.45
V 5512 -706669.20 -170909.45
V 5520 -706768.70 -170909.45
V 5528 -706776.45 -170911.53
V 5536 -706782.12 -170917.20
V 5544 -706784.20 -170924.95
V 5552 -706784.20 -170995.95
V 5560 -706782.12 -171003.70
V 5568 -706776.45 -171009.37
V 5576 -706768.70 -171011.45
V 5584 -706669.20 -171011.45
V 5592 -706669.20 -171051.45
V 5600 -706768.70 -171051.45
V 5608 -706776.45 -171053.53
V 5616 -706782.12 -171059.20
V 5624 -706784.20 -171066.95
V 5632 -706784.20 -171137.95
V 5640 -706782.12 -171145.70
V 5648 -706776.45 -171151.37
V 5656 -706768.70 -171153.45
V 5664 -706669.20 -171153.45
V 5672 -706669.20 -171193.45
V 5680 -706768.70 -171193.45
V 5688 -706776.45 -171195.53
V 5696 -706782.12 -171201.20
V 5704 -706784.20 -171208.95
V 5712 -706784.20 -171279.95
V 5720 -706782.12 -171287.70
V 5728 -706776.45 -171293.37
V 5736 -706768.70 -171295.45
V 5744 -706669.20 -171295.45
V 5752 -706669.20 -171335.45
V 5760 -706768.70 -171335.45
V 5768 -706776.45 -171337.53
V 5776 -706782.12 -171343.20
V 5784 -706784.20 -171350.95
V 5792 -706784.20 -171421.95
V 5800 -706782.12 -171429.70
V 5808 -706776.45 -171435.37
V 5816 -706768.70 -171437.45
V 5824 -706669.20 -171437.45
V 5832 -706669.20 -171477.45
V 5840 -706768.70 -171477.45
V 5848 -706776.45 -171479.53
V 5856 -706782.12 -171485.20
V 5864 -706784.20 -171492.95
V 5872 -706784.20 -171563.95
V 5880 -706782.12 -171571.70
V 5888 -706776.45 -171577.37
V 5896 -706768.70 -171579.45
V 5904 -706669.20 -171579.45
V 5912 -706669.20 -171619.45
V 5920 -706768.70 -171619.45
V 5928 -706776.45 -171621.53
V 5936 -706782.12 -171627.20
V 5944 -706784.20 -171634.95
V 5952 -706784.20 -171705.95
V 5960 -706782.12 -171713.70
V 5968 -706776.45 -171719.37
V 5976 -706768.70 -171721.45
V 5984 -706669.20 -171721.45
V 5992 -706669.20 -171761.45
V 6000 -706768.70 -171761.45
V 6008 -706776.45 -171763.53
V 6016 -706782.12 -171769.20
V 6024 -706784.20 -171776.95
V 6032 -706784.20 -171847.95
V 6040 -706782.12 -171855.70
V 6048 -706776.45 -171861.37
V 6056 -706768.70 -171863.45
V 6064 -706669.20 -171863.45
V 6072 -706669.20 -171903.45
V 6080 -706768.70 -171903.45
V 6088 -706776.45 -171905.53
V 6096 -706782.12 -171911.20
V 6104 -706784.20 -171918.95
V 6112 -706784.20 -171989.95
V 6120 -706782.12 -171997.70
V 6128 -706776.45 -172003.37
V 6136 -706768.70 -172005.45
V 6144 -706669.20 -172005.45
V 6152 -706669.20 -172045.45
V 6160 -706768.70 -172045.45
V 6168 -706776.45 -172047.53
V 6176 -706782.12 -172053.20
V 6184 -706784.20 -172060.95
V 6192 -706784.20 -172131.95
V 6200 -706782.12 -172139.70
V 6208 -706776.45 -172145.37
V 6216 -706768.70 -172147.45
V 6224 -706669.20 -172147.45
V 6232 -706669.20 -172187.45
V 6240 -706768.70 -172187.45
V 6248 -706776.45 -172189.53
V 6256 -706782.12 -172195.20
V 6264 -706784.20 -172202.95
V 6272 -706784.20 -172273.95
V 6280 -706782.12 -172281.70
V 6288 -706776.45 -172287.37
V 6296 -706768.70 -172289.45
V 6304 -706669.20 -172289.45
V 6312 -706669.20 -172329.45
V 6320 -706768.70 -172329.45
V 6328 -706776.45 -172331.53
V 6336 -706782.12 -172337.20
V 6344 -706784.20 -172344.95
V 6352 -706784.20 -172415.95
V 6360 -706782.12 -172423.70
V 6368 -706776.45 -172429.37
V 6376 -706768.70 -172431.45
V 6384 -706669.20 -172431.45
V 6392 -706669.20 -172471.45
V 6400 -706768.70 -172471.45
V 6408 -706776.45 -172473.53
V 6416 -706782.12 -172479.20
V 6424 -706784.20 -172486.95
V 6432 -706784.20 -172557.95
V 6440 -706782.12 -172565.70
V 6448 -706776.45 -172571.37
V 6456 -706768.70 -172573.45
V 6464 -706669.20 -172573.45
V 6472 -706669.20 -172613.45
V 6480 -706768.70 -172613.45
V 6488 -706776.45 -172615.53
V 6496 -706782.12 -172621.20
V 6504 -706784.20 -172628.95
V 6512 -706784.20 -172699.95
V 6520 -706782.12 -172707.70
V 6528 -706776.45 -172713.37
V 6536 -706768.70 -172715.45
V 6544 -706669.20 -172715.45
V 6552 -706669.20 -172755.45
V 6560 -706768.70 -172755.45
V 6568 -706776.45 -172757.53
V 6576 -706782.12 -172763.20
V 6584 -706784.20 -172770.95
V 6592 -706784.20 -172841.95
V 6600 -706782.12 -172849.70
V 6608 -706776.45 -172855.37
V 6616 -706768.70 -172857.45
V 6624 -706669.20 -172857.45
V 6632 -706669.20 -172897.45
V 6640 -706768.70 -172897.45
V 6648 -706776.45 -172899.53
V 6656 -706782.12 -172905.20
V 6664 -706784.20 -172912.95
V 6672 -706784.20 -172983.95
V 6680 -706782.12 -172991.70
V 6688 -706776.45 -172997.37
V 6696 -706768.70 -172999.45
V 6704 -706669.20 -172999.45
V 6712 -706669.20 -173039.45
V 6720 -706768.70 -173039.45
V 6728 -706776.45 -173041.53
V 6736 -706782.12 -173047.20
V 6744 -706784.20 -173054.95
V 6752 -706784.20 -173125.95
V 6760 -706782.12 -173133.70
V 6768 -706776.45 -173139.37
V 6776 -706768.70 -173141.45
V 6784 -706669.20 -173141.45
V 6792 -706669.20 -173181.45
V 6800 -706768.70 -173181.45
V 6808 -706776.45 -173183.53
V 6816 -706782.12 -173189.20
V 6824 -706784.20 -173196.95
V 6832 -706784.20 -173267.95
V 6840 -706782.12 -173275.70
V 6848 -706776.45 -173281.37
V 6856 -706768.70 -173283.45
V 6864 -706669.20 -173283.45
V 6872 -706669.20 -173323.45
V 6880 -706768.70 -173323.45
V 6888 -706776.45 -173325.53
V 6896 -706782.12 -173331.20
V 6904 -706784.20 -173338.95
V 6912 -706784.20 -173409.95
V 6920 -706782.12 -173417.70
V 6928 -706776.45 -173423.37
V 6936 -706768.70 -173425.45
V 6944 -706669.20 -173425.45
V 6952 -706669.20 -173465.45
V 6960 -706768.70 -173465.45
V 6968 -706776.45 -173467.53
V 6976 -706782.12 -173473.20
V 6984 -706784.20 -173480.95
V 6992 -706784.20 -173551.95
V 7000 -706782.12 -173559.70
V 7008 -706776.45 -173565.37
V 7016 -706768.70 -173567.45
V 7024 -706669.20 -173567.45
V 7032 -706669.20 -173607.45
V 7040 -706768.70 -173607.45
V 7048 -706776.45 -173609.53
V 7056 -706782.12 -173615.20
V 7064 -706784.20 -173622.95
V 7072 -706784.20 -173693.95
V 7080 -706782.12 -173701.70
V 7088 -706776.45 -173707.37
V 7096 -706768.70 -173709.45
V 7104 -706669.20 -173709.45
V 7112 -706669.20 -173749.45
V 7120 -706768.70 -173749.45
V 7128 -706776.45 -173751.53
V 7136 -706782.12 -173757.20
V 7144 -706784.20 -173764.95
V 7152 -706784.20 -173835.95
V 7160 -706782.12 -173843.70
V 7168 -706776.45 -173849.37
V 7176 -706768.70 -173851.45
V 7184 -706669.20 -173851.45
V 7192 -706669.20 -173891.45
V 7200 -706768.70 -173891.45
V 7208 -706776.45 -173893.53
V 7216 -706782.12 -173899.20
V 7224 -706784.20 -173906.95
V 7232 -706784.20 -173977.95
V 7240 -706782.12 -173985.70
V 7248 -706776.45 -173991.37
V 7256 -706768.70 -173993.45
V 7264 -706669.20 -173993.45
V 7272 -706669.20 -174033.45
V 7280 -706768.70 -174033.45
V 7288 -706776.45 -174035.53
V 7296 -706782.12 -174041.20
V 7304 -706784.20 -174048.95
V 7312 -706784.20 -174119.95
V 7320 -706782.12 -174127.70
V 7328 -706776.45 -174133.37
V 7336 -706768.70 -174135.45
V 7344 -706669.20 -174135.45
V 7352 -706669.20 -174175.45
V 7360 -706768.70 -174175.45
V 7368 -706776.45 -174177.53
V 7376 -706782.12 -174183.20
V 7384 -706784.20 -174190.95
V 7392 -706784.20 -174261.95
V 7400 -706782.12 -174269.70
V 7408 -706776.45 -174275.37
V 7416 -706768.70 -174277.45
V 7424 -706669.20 -174277.45
V 7432 -706669.20 -174317.45
V 7440 -706768.70 -174317.45
V 7448 -706776.45 -174319.53
V 7456 -706782.12 -174325.20
V 7464 -706784.20 -174332.95
V 7472 -706784.20 -174403.95
V 7480 -706782.12 -174411.70
V 7488 -706776.45 -174417.37
V 7496 -706768.70 -174419.45
V 7504 -706669.20 -174419.45
V 7512 -706669.20 -174459.45
V 7520 -706768.70 -174459.45
V 7528 -706776.45 -174461.53
V 7536 -706782.12 -174467.20
V 7544 -706784.20 -174474.95
V 7552 -706784.20 -174545.95
V 7560 -706782.12 -174553.70
V 7568 -706776.45 -174559.37
V 7576 -706768.70 -174561.45
V 7584 -706669.20 -174561.45
V 7592 -706669.20 -174601.45
V 7600 -706768.70 -174601.45
V 7608 -706776.45 -174603.53
V 7616 -706782.12 -174609.20
V 7624 -706784.20 -174616.95
V 7632 -706784.20 -174687.95
V 7640 -706782.12 -174695.70
V 7648 -706776.45 -174701.37
V 7656 -706768.70 -174703.45
V 7664 -706669.20 -174703.45
V 7672 -706669.20 -174743.45
V 7680 -706768.70 -174743.45
V 7688 -706776.45 -174745.53
V 7696 -706782.12 -174751.20
V 7704 -706784.20 -174758.95
V 7712 -706784.20 -174829.95
V 7720 -706782.12 -174837.70
V 7728 -706776.45 -174843.37
V 7736 -706768.70 -174845.45
V 7744 -706669.20 -174845.45
V 7752 -706669.20 -174885.45
V 7760 -706768.70 -174885.45
V 7768 -706776.45 -174887.53
V 7776 -706782.12 -174893.20
V 7784 -706784.20 -174900.95
V 7792 -706784.20 -174971.95
V 7800 -706782.12 -174979.70
V 7808 -706776.45 -174985.37
V 7816 -706768.70 -174987.45
V 7824 -706669.20 -174987.45
V 7832 -706669.20 -175027.45
V 7840 -706768.70 -175027.45
V 7848 -706776.45 -175029.53
V 7856 -706782.12 -175035.20
V 7864 -706784.20 -175042.95
V 7872 -706784.20 -175113.95
V 7880 -706782.12 -175121.70
V 7888 -706776.45 -175127.37
V 7896 -706768.70 -175129.45
V 7904 -706669.20 -175129.45
V 7912 -706669.20 -175169.45
V 7920 -706768.70 -175169.45
V 7928 -706776.45 -175171.53
V 7936 -706782.12 -175177.20
V 7944 -706784.20 -175184.95
V 7952 -706784.20 -175255.95
V 7960 -706782.12 -175263.70
V 7968 -706776.45 -175269.37
V 7976 -706768.70 -175271.45
V 7984 -706669.20 -175271.45
V 7992 -706669.20 -175311.45
V 8000 -706768.70 -175311.45
V 8008 -706776.45 -175313.53
V 8016 -706782.12 -175319.20
V 8024 -706784.20 -175326.95
V 8032 -706784.20 -175397.95
V 8040 -706782.12 -175405.70
V 8048 -706776.45 -175411.37
V 8056 -706768.70 -175413.45
V 8064 -706669.20 -175413.45
V 8072 -706669.20 -175453.45
V 8080 -706768.70 -175453.45
V 8088 -706776.45 -175455.53
V 8096 -706782.12 -175461.20
V 8104 -706784.20 -175468.95
V 8112 -706784.20 -175539.95
V 8120 -706782.12 -175547.70
V 8128 -706776.45 -175553.37
V 8136 -706768.70 -175555.45
V 8144 -706669.20 -175555.45
V 8152 -706669.20 -175595.45
V 8160 -706768.70 -175595.45
V 8168 -706776.45 -175597.53
V 8176 -706782.12 -175603.20
V 8184 -706784.20 -175610.95
V 8192 -706784.20 -175681.95
V 8200 -706782.12 -175689.70
V 8208 -706776.45 -175695.37
V 8216 -706768.70 -175697.45
V 8224 -706669.20 -175697.45
V 8232 -706669.20 -175737.45
V 8240 -706768.70 -175737.45
V 8248 -706776.45 -175739.53
V 8256 -706782.12 -175745.20
V 8264 -706784.20 -175752.95
V 8272 -706784.20 -175823.95
V 8280 -706782.12 -175831.70
V 8288 -706776.45 -175837.37
V 8296 -706768.70 -175839.45
V 8304 -706669.20 -175839.45
V 8312 -706669.20 -175879.45
V 8320 -706768.70 -175879.45
V 8328 -706776.45 -175881.53
V 8336 -706782.12 -175887.20
V 8344 -706784.20 -175894.95
V 8352 -706784.20 -175965.95
V 8360 -706782.12 -175973.70
V 8368 -706776.45 -175979.37
V 8376 -706768.70 -175981.45
V 8384 -706669.20 -175981.45
V 8392 -706669.20 -176021.45
V 8400 -706768.70 -176021.45
V 8408 -706776.45 -176023.53
V 8416 -706782.12 -176029.20
V 8424 -706784.20 -176036.95
V 8432 -706784.20 -176107.95
V 8440 -706782.12 -176115.70
V 8448 -706776.45 -176121.37
V 8456 -706768.70 -176123.45
V 8464 -706669.20 -176123.45
V 8472 -706669.20 -176163.45
V 8480 -706768.70 -176163.45
V 8488 -706776.45 -176165.53
V 8496 -706782.12 -176171.20
V 8504 -706784.20 -176178.95
V 8512 -706784.20 -176249.95
V 8520 -706782.12 -176257.70
V 8528 -706776.45 -176263.37
V 8536 -706768.70 -176265.45
V 8544 -706669.20 -176265.45
V 8552 -706669.20 -176305.45
V 8560 -706768.70 -176305.45
V 8568 -706776.45 -176307.53
V 8576 -706782.12 -176313.20
V 8584 -706784.20 -176320.95
V 8592 -706784.20 -176391.95
V 8600 -706782.12 -176399.70
V 8608 -706776.45 -176405.37
V 8616 -706768.70 -176407.45
V 8624 -706669.20 -176407.45
V 8632 -706669.20 -176447.45
V 8640 -706768.70 -176447.45
V 8648 -706776.45 -176449.53
V 8656 -706782.12 -176455.20
V 8664 -706784.20 -176462.95
V 8672 -706784.20 -176533.95
V 8680 -706782.12 -176541.70
V 8688 -706776.45 -176547.37
V 8696 -706768.70 -176549.45
V 8704 -706669.20 -176549.45
V 8712 -706669.20 -176589.45
V 8720 -706768.70 -176589.45
V 8728 -706776.45 -176591.53
V 8736 -706782.12 -176597.20
V 8744 -706784.20 -176604.95
V 8752 -706784.20 -176675.95
V 8760 -706782.12 -176683.70
V 8768 -706776.45 -176689.37
V 8776 -706768.70 -176691.45
V 8784 -706669.20 -176691.45
V 8792 -706669.20 -176731.45
V 8800 -706768.70 -176731.45
V 8808 -706776.45 -176733.53
V 8816 -706782.12 -176739.20
V 8824 -706784.20 -176746.95
V 8832 -706784.20 -176817.95
V 8840 -706782.12 -176825.70
V 8848 -706776.45 -176831.37
V 8856 -706768.70 -176833.45
V 8864 -706669.20 -176833.45
V 8872 -706669.20 -176873.45
V 8880 -706768.70 -176873.45
V 8888 -706776.45 -176875.53
V 8896 -706782.12 -176881.20
V 8904 -706784.20 -176888.95
V 8912 -706784.20 -176959.95
V 8920 -706782.12 -176967.70
V 8928 -706776.45 -176973.37
V 8936 -706768.70 -176975.45
V 8944 -706669.20 -176975.45
V 8952 -706669.20 -177015.45
V 8960 -706768.70 -177015.45
V 8968 -706776.45 -177017.53
V 8976 -706782.12 -177023.20
V 8984 -706784.20 -177030.95
V 8992 -706784.20 -177101.95
V 9000 -706782.12 -177109.70
V 9008 -706776.45 -177115.37
V 9016 -706768.70 -177117.45
V 9024 -706669.20 -177117.45
V 9032 -706669.20 -177157.45
V 9040 -706768.70 -177157.45
V 9048 -706776.45 -177159.53
V 9056 -706782.12 -177165.20
V 9064 -706784.20 -177172.95
V 9072 -706784.20 -177243.95
V 9080 -706782.12 -177251.70
V 9088 -706776.45 -177257.37
V 9096 -706768.70 -177259.45
V 9104 -706669.20 -177259.45
V 9112 -706669.20 -177299.45
V 9120 -706768.70 -177299.45
V 9128 -706776.45 -177301.53
V 9136 -706782.12 -177307.20
V 9144 -706784.20 -177314.95
V 9152 -706784.20 -177385.95
V 9160 -706782.12 -177393.70
V 9168 -706776.45 -177399.37
V 9176 -706768.70 -177401.45
V 9184 -706669.20 -177401.45
V 9192 -706669.20 -177441.45
V 9200 -706768.70 -177441.45
V 9208 -706776.45 -177443.53
V 9216 -706782.12 -177449.20
V 9224 -706784.20 -177456.95
V 9232 -706784.20 -177527.95
V 9240 -706782.12 -177535.70
V 9248 -706776.45 -177541.37
V 9256 -706768.70 -177543.45
V 9264 -706669.20 -177543.45
V 9272 -706669.20 -177583.45
V 9280 -706768.70 -177583.45
V 9288 -706776.45 -177585.53
V 9296 -706782.12 -177591.20
V 9304 -706784.20 -177598.95
V 9312 -706784.20 -177669.95
V 9320 -706782.12 -177677.70
V 9328 -706776.45 -177683.37
V 9336 -706768.70 -177685.45
V 9344 -706669.20 -177685.45
V 9352 -706669.20 -177725.45
V 9360 -706768.70 -177725.45
V 9368 -706776.45 -177727.53
V 9376 -706782.12 -177733.20
V 9384 -706784.20 -177740.95
V 9392 -706784.20 -177811.95
V 9400 -706782.12 -177819.70
V 9408 -706776.45 -177825.37
V 9416 -706768.70 -177827.45
V 9424 -706669.20 -177827.45
V 9432 -706669.20 -177867.45
V 9440 -706768.70 -177867.45
V 9448 -706776.45 -177869.53
V 9456 -706782.12 -177875.20
V 9464 -706784.20 -177882.95
V 9472 -706784.20 -177953.95
V 9480 -706782.12 -177961.70
V 9488 -706776.45 -177967.37
V 9496 -706768.70 -177969.45
V 9504 -706669.20 -177969.45
V 9512 -706669.20 -178009.45
V 9520 -706768.70 -178009.45
V 9528 -706776.45 -178011.53
V 9536 -706782.12 -178017.20
V 9544 -706784.20 -178024.95
V 9552 -706784.20 -178095.95
V 9560 -706782.12 -178103.70
V 9568 -706776.45 -178109.37
V 9576 -706768.70 -178111.45
V 9584 -706669.20 -178111.45
V 9592 -706669.20 -178151.45
V 9600 -706768.70 -178151.45
V 9608 -706776.45 -178153.53
V 9616 -706782.12 -178159.20
V 9624 -706784.20 -178166.95
V 9632 -706784.20 -178237.95
V 9640 -706782.12 -178245.70
V 9648 -706776.45 -178251.37
V 9656 -706768.70 -178253.45
V 9664 -706669.20 -178253.45
V 9672 -706669.20 -178293.45
V 9680 -706768.70 -178293.45
V 9688 -706776.45 -178295.53
V 9696 -706782.12 -178301.20
V 9704 -706784.20 -178308.95
V 9712 -706784.20 -178379.95
V 9720 -706782.12 -178387.70
V 9728 -706776.45 -178393.37
V 9736 -706768.70 -178395.45
V 9744 -706726.70 -178395.45
V 9752 -706726.70 -178404.45
V 9760 -706695.70 -178404.45
V 9768 -706695.70 -178379.95
V 9776 -706695.74 -178378.84
V 9784 -706695.86 -178377.74
V 9792 -706696.05 -178376.66
V 9800 -706696.33 -178375.58
V 9808 -706696.68 -178374.53
V 9816 -706697.10 -178373.51
V 9824 -706697.60 -178372.52
V 9832 -706698.16 -178371.57
V 9840 -706698.79 -178370.66
V 9848 -706699.49 -178369.80
V 9856 -706700.24 -178368.99
V 9864 -706701.05 -178368.24
V 9872 -706701.91 -178367.54
V 9880 -706702.82 -178366.91
V 9888 -706703.77 -178366.35
V 9896 -706704.76 -178365.85
V 9904 -706705.78 -178365.43
V 9912 -706706.83 -178365.08
V 9920 -706707.91 -178364.80
V 9928 -706708.99 -178364.61
V 9936 -706710.09 -178364.49
V 9944 -706711.20 -178364.45
V 9952 -706753.20 -178364.45
V 9960 -706753.20 -178324.45
V 9968 -706653.70 -178324.45
V 9976 -706645.95 -178322.37
V 9984 -706640.28 -178316.70
V 9992 -706638.20 -178308.95
V 10000 -706638.20 -178237.95
V 10008 -706640.28 -178230.20
V 10016 -706645.95 -178224.53
V 10024 -706653.70 -178222.45
V 10032 -706753.20 -178222.45
V 10040 -706753.20 -178182.45
V 10048 -706653.70 -178182.45
V 10056 -706645.95 -178180.37
V 10064 -706640.28 -178174.70
V 10072 -706638.20 -178166.95
V 10080 -706638.20 -178095.95
V 10088 -706640.28 -178088.20
V 10096 -706645.95 -178082.53
V 10104 -706653.70 -178080.45
V 10112 -706753.20 -178080.45
V 10120 -706753.20 -178040.45
V 10128 -706653.70 -178040.45
V 10136 -706645.95 -178038.37
V 10144 -706640.28 -178032.70
V 10152 -706638.20 -178024.95
V 10160 -706638.20 -177953.95
V 10168 -706640.28 -177946.20
V 10176 -706645.95 -177940.53
V 10184 -706653.70 -177938.45
V 10192 -706753.20 -177938.45
V 10200 -706753.20 -177898.45
V 10208 -706653.70 -177898.45
V 10216 -706645.95 -177896.37
V 10224 -706640.28 -177890.70
V 10232 -706638.20 -177882.95
V 10240 -706638.20 -177811.95
V 10248 -706640.28 -177804.20
V 10256 -706645.95 -177798.53
V 10264 -706653.70 -177796.45
V 10272 -706753.20 -177796.45
V 10280 -706753.20 -177756.45
V 10288 -706653.70 -177756.45
V 10296 -706645.95 -177754.37
V 10304 -706640.28 -177748.70
V 10312 -706638.20 -177740.95
V 10320 -706638.20 -177669.95
V 10328 -706640.28 -177662.20
V 10336 -706645.95 -177656.53
V 10344 -706653.70 -177654.45
V 10352 -706753.20 -177654.45
V 10360 -706753.20 -177614.45
V 10368 -706653.70 -177614.45
V 10376 -706645.95 -177612.37
V 10384 -706640.28 -177606.70
V 10392 -706638.20 -177598.95
V 10400 -706638.20 -177527.95
V 10408 -706640.28 -177520.20
V 10416 -706645.95 -177514.53
V 10424 -706653.70 -177512.45
V 10432 -706753.20 -177512.45
V 10440 -706753.20 -177472.45
V 10448 -706653.70 -177472.45
V 10456 -706645.95 -177470.37
V 10464 -706640.28 -177464.70
V 10472 -706638.20 -177456.95
V 10480 -706638.20 -177385.95
V 10488 -706640.28 -177378.20
V 10496 -706645.95 -177372.53
V 10504 -706653.70 -177370.45
V 10512 -706753.20 -177370.45
V 10520 -706753.20 -177330.45
V 10528 -706653.70 -177330.45
V 10536 -706645.95 -177328.37
V 10544 -706640.28 -177322.70
V 10552 -706638.20 -177314.95
V 10560 -706638.20 -177243.95
V 10568 -706640.28 -177236.20
V 10576 -706645.95 -177230.53
V 10584 -706653.70 -177228.45
V 10592 -706753.20 -177228.45
V 10600 -706753.20 -177188.45
V 10608 -706653.70 -177188.45
V 10616 -706645.95 -177186.37
V 10624 -706640.28 -177180.70
V 10632 -706638.20 -177172.95
V 10640 -706638.20 -177101.95
V 10648 -706640.28 -177094.20
V 10656 -706645.95 -177088.53
V 10664 -706653.70 -177086.45
V 10672 -706753.20 -177086.45
V 10680 -706753.20 -177046.45
V 10688 -706653.70 -177046.45
V 10696 -706645.95 -177044.37
V 10704 -706640.28 -177038.70
V 10712 -706638.20 -177030.95
V 10720 -706638.20 -176959.95
V 10728 -706640.28 -176952.20
V 10736 -706645.95 -176946.53
V 10744 -706653.70 -176944.45
V 10752 -706753.20 -176944.45
V 10760 -706753.20 -176904.45
V 10768 -706653.70 -176904.45
V 10776 -706645.95 -176902.37
V 10784 -706640.28 -176896.70
V 10792 -706638.20 -176888.95
V 10800 -706638.20 -176817.95
V 10808 -706640.28 -176810.20
V 10816 -706645.95 -176804.53
V 10824 -706653.70 -176802.45
V 10832 -706753.20 -176802.45
V 10840 -706753.20 -176762.45
V 10848 -706653.70 -176762.45
V 10856 -706645.95 -176760.37
V 10864 -706640.28 -176754.70
V 10872 -706638.20 -176746.95
V 10880 -706638.20 -176675.95
V 10888 -706640.28 -176668.20
V 10896 -706645.95 -176662.53
V 10904 -706653.70 -176660.45
V 10912 -706753.20 -176660.45
V 10920 -706753.20 -176620.45
V 10928 -706653.70 -176620.45
V 10936 -706645.95 -176618.37
V 10944 -706640.28 -176612.70
V 10952 -706638.20 -176604.95
V 10960 -706638.20 -176533.95
V 10968 -706640.28 -176526.20
V 10976 -706645.95 -176520.53
V 10984 -706653.70 -176518.45
V 10992 -706753.20 -176518.45
V 11000 -706753.20 -176478.45
V 11008 -706653.70 -176478.45
V 11016 -706645.95 -176476.37
V 11024 -706640.28 -176470.70
V 11032 -706638.20 -176462.95
V 11040 -706638.20 -176391.95
V 11048 -706640.28 -176384.20
V 11056 -706645.95 -176378.53
V 11064 -706653.70 -176376.45
V 11072 -706753.20 -176376.45
V 11080 -706753.20 -176336.45
V 11088 -706653.70 -176336.45
V 11096 -706645.95 -176334.37
V 11104 -706640.28 -176328.70
V 11112 -706638.20 -176320.95
V 11120 -706638.20 -176249.95
V 11128 -706640.28 -176242.20
V 11136 -706645.95 -176236.53
V 11144 -706653.70 -176234.45
V 11152 -706753.20 -176234.45
V 11160 -706753.20 -176194.45
V 11168 -706653.70 -176194.45
V 11176 -706645.95 -176192.37
V 11184 -706640.28 -176186.70
V 11192 -706638.20 -176178.95
V 11200 -706638.20 -176107.95
V 11208 -706640.28 -176100.20
V 11216 -706645.95 -176094.53
V 11224 -706653.70 -176092.45
V 11232 -706753.20 -176092.45
V 11240 -706753.20 -176052.45
V 11248 -706653.70 -176052.45
V 11256 -706645.95 -176050.37
V 11264 -706640.28 -176044.70
V 11272 -706638.20 -176036.95
V 11280 -706638.20 -175965.95
V 11288 -706640.28 -175958.20
V 11296 -706645.95 -175952.53
V 11304 -706653.70 -175950.45
V 11312 -706753.20 -175950.45
V 11320 -706753.20 -175910.45
V 11328 -706653.70 -175910.45
V 11336 -706645.95 -175908.37
V 11344 -706640.28 -175902.70
V 11352 -706638.20 -175894.95
V 11360 -706638.20 -175823.95
V 11368 -706640.28 -175816.20
V 11376 -706645.95 -175810.53
V 11384 -706653.70 -175808.45
V 11392 -706753.20 -175808.45
V 11400 -706753.20 -175768.45
V 11408 -706653.70 -175768.45
V 11416 -706645.95 -175766.37
V 11424 -706640.28 -175760.70
V 11432 -706638.20 -175752.95
V 11440 -706638.20 -175681.95
V 11448 -706640.28 -175674.20
V 11456 -706645.95 -175668.53
V 11464 -706653.70 -175666.45
V 11472 -706753.20 -175666.45
V 11480 -706753.20 -175626.45
V 11488 -706653.70 -175626.45
V 11496 -706645.95 -175624.37
V 11504 -706640.28 -175618.70
V 11512 -706638.20 -175610.95
V 11520 -706638.20 -175539.95
V 11528 -706640.28 -175532.20
V 11536 -706645.95 -175526.53
V 11544 -706653.70 -175524.45
V 11552 -706753.20 -175524.45
V 11560 -706753.20 -175484.45
V 11568 -706653.70 -175484.45
V 11576 -706645.95 -175482.37
V 11584 -706640.28 -175476.70
V 11592 -706638.20 -175468.95
V 11600 -706638.20 -175397.95
V 11608 -706640.28 -175390.20
V 11616 -706645.95 -175384.53
V 11624 -706653.70 -175382.45
V 11632 -706753.20 -175382.45
V 11640 -706753.20 -175342.45
V 11648 -706653.70 -175342.45
V 11656 -706645.95 -175340.37
V 11664 -706640.28 -175334.70
V 11672 -706638.20 -175326.95
V 11680 -706638.20 -175255.95
V 11688 -706640.28 -175248.20
V 11696 -706645.95 -175242.53
V 11704 -706653.70 -175240.45
V 11712 -706753.20 -175240.45
V 11720 -706753.20 -175200.45
V 11728 -706653.70 -175200.45
V 11736 -706645.95 -175198.37
V 11744 -706640.28 -175192.70
V 11752 -706638.20 -175184.95
V 11760 -706638.20 -175113.95
V 11768 -706640.28 -175106.20
V 11776 -706645.95 -175100.53
V 11784 -706653.70 -175098.45
V 11792 -706753.20 -175098.45
V 11800 -706753.20 -175058.45
V 11808 -706653.70 -175058.45
V 11816 -706645.95 -175056.37
V 11824 -706640.28 -175050.70
V 11832 -706638.20 -175042.95
V 11840 -706638.20 -174971.95
V 11848 -706640.28 -174964.20
V 11856 -706645.95 -174958.53
V 11864 -706653.70 -174956.45
V 11872 -706753.20 -174956.45
V 11880 -706753.20 -174916.45
V 11888 -706653.70 -174916.45
V 11896 -706645.95 -174914.37
V 11904 -706640.28 -174908.70
V 11912 -706638.20 -174900.95
V 11920 -706638.20 -174829.95
V 11928 -706640.28 -174822.20
V 11936 -706645.95 -174816.53
V 11944 -706653.70 -174814.45
V 11952 -706753.20 -174814.45
V 11960 -706753.20 -174774.45
V 11968 -706653.70 -174774.45
V 11976 -706645.95 -174772.37
V 11984 -706640.28 -174766.70
V 11992 -706638.20 -174758.95
V 12000 -706638.20 -174687.95
V 12008 -706640.28 -174680.20
V 12016 -706645.95 -174674.53
V 12024 -706653.70 -174672.45
V 12032 -706753.20 -174672.45
V 12040 -706753.20 -174632.45
V 12048 -706653.70 -174632.45
V 12056 -706645.95 -174630.37
V 12064 -706640.28 -174624.70
V 12072 -706638.20 -174616.95
V 12080 -706638.20 -174545.95
V 12088 -706640.28 -174538.20
V 12096 -706645.95 -174532.53
V 12104 -706653.70 -174530.45
V 12112 -706753.20 -174530.45
V 12120 -706753.20 -174490.45
V 12128 -706653.70 -174490.45
V 12136 -706645.95 -174488.37
V 12144 -706640.28 -174482.70
V 12152 -706638.20 -174474.95
V 12160 -706638.20 -174403.95
V 12168 -706640.28 -174396.20
V 12176 -706645.95 -174390.53
V 12184 -706653.70 -174388.45
V 12192 -706753.20 -174388.45
V 12200 -706753.20 -174348.45
V 12208 -706653.70 -174348.45
V 12216 -706645.95 -174346.37
V 12224 -706640.28 -174340.70
V 12232 -706638.20 -174332.95
V 12240 -706638.20 -174261.95
V 12248 -706640.28 -174254.20
V 12256 -706645.95 -174248.53
V 12264 -706653.70 -174246.45
V 12272 -706753.20 -174246.45
V 12280 -706753.20 -174206.45
V 12288 -706653.70 -174206.45
V 12296 -706645.95 -174204.37
V 12304 -706640.28 -174198.70
V 12312 -706638.20 -174190.95
V 12320 -706638.20 -174119.95
V 12328 -706640.28 -174112.20
V 12336 -706645.95 -174106.53
V 12344 -706653.70 -174104.45
V 12352 -706753.20 -174104.45
V 12360 -706753.20 -174064.45
V 12368 -706653.70 -174064.45
V 12376 -706645.95 -174062.37
V 12384 -706640.28 -174056.70
V 12392 -706638.20 -174048.95
V 12400 -706638.20 -173977.95
V 12408 -706640.28 -173970.20
V 12416 -706645.95 -173964.53
V 12424 -706653.70 -173962.45
V 12432 -706753.20 -173962.45
V 12440 -706753.20 -173922.45
V 12448 -706653.70 -173922.45
V 12456 -706645.95 -173920.37
V 12464 -706640.28 -173914.70
V 12472 -706638.20 -173906.95
V 12480 -706638.20 -173835.95
V 12488 -706640.28 -173828.20
V 12496 -706645.95 -173822.53
V 12504 -706653.70 -173820.45
V 12512 -706753.20 -173820.45
V 12520 -706753.20 -173780.45
V 12528 -706653.70 -173780.45
V 12536 -706645.95 -173778.37
V 12544 -706640.28 -173772.70
V 12552 -706638.20 -173764.95
V 12560 -706638.20 -173693.95
V 12568 -706640.28 -173686.20
V 12576 -706645.95 -173680.53
V 12584 -706653.70 -173678.45
V 12592 -706753.20 -173678.45
V 12600 -706753.20 -173638.45
V 12608 -706653.70 -173638.45
V 12616 -706645.95 -173636.37
V 12624 -706640.28 -173630.70
V 12632 -706638.20 -173622.95
V 12640 -706638.20 -173551.95
V 12648 -706640.28 -173544.20
V 12656 -706645.95 -173538.53
V 12664 -706653.70 -173536.45
V 12672 -706753.20 -173536.45
V 12680 -706753.20 -173496.45
V 12688 -706653.70 -173496.45
V 12696 -706645.95 -173494.37
V 12704 -706640.28 -173488.70
V 12712 -706638.20 -173480.95
V 12720 -706638.20 -173409.95
V 12728 -706640.28 -173402.20
V 12736 -706645.95 -173396.53
V 12744 -706653.70 -173394.45
V 12752 -706753.20 -173394.45
V 12760 -706753.20 -173354.45
V 12768 -706653.70 -173354.45
V 12776 -706645.95 -173352.37
V 12784 -706640.28 -173346.70
V 12792 -706638.20 -173338.95
V 12800 -706638.20 -173267.95
V 12808 -706640.28 -173260.20
V 12816 -706645.95 -173254.53
V 12824 -706653.70 -173252.45
V 12832 -706753.20 -173252.45
V 12840 -706753.20 -173212.45
V 12848 -706653.70 -173212.45
V 12856 -706645.95 -173210.37
V 12864 -706640.28 -173204.70
V 12872 -706638.20 -173196.95
V 12880 -706638.20 -173125.95
V 12888 -706640.28 -173118.20
V 12896 -706645.95 -173112.53
V 12904 -706653.70 -173110.45
V 12912 -706753.20 -173110.45
V 12920 -706753.20 -173070.45
V 12928 -706653.70 -173070.45
V 12936 -706645.95 -173068.37
V 12944 -706640.28 -173062.70
V 12952 -706638.20 -173054.95
V 12960 -706638.20 -172983.95
V 12968 -706640.28 -172976.20
V 12976 -706645.95 -172970.53
V 12984 -706653.70 -172968.45
V 12992 -706753.20 -172968.45
V 13000 -706753.20 -172928.45
V 13008 -706653.70 -172928.45
V 13016 -706645.95 -172926.37
V 13024 -706640.28 -172920.70
V 13032 -706638.20 -172912.95
V 13040 -706638.20 -172841.95
V 13048 -706640.28 -172834.20
V 13056 -706645.95 -172828.53
V 13064 -706653.70 -172826.45
V 13072 -706753.20 -172826.45
V 13080 -706753.20 -172786.45
V 13088 -706653.70 -172786.45
V 13096 -706645.95 -172784.37
V 13104 -706640.28 -172778.70
V 13112 -706638.20 -172770.95
V 13120 -706638.20 -172699.95
V 13128 -706640.28 -172692.20
V 13136 -706645.95 -172686.53
V 13144 -706653.70 -172684.45
V 13152 -706753.20 -172684.45
V 13160 -706753.20 -172644.45
V 13168 -706653.70 -172644.45
V 13176 -706645.95 -172642.37
V 13184 -706640.28 -172636.70
V 13192 -706638.20 -172628.95
V 13200 -706638.20 -172557.95
V 13208 -706640.28 -172550.20
V 13216 -706645.95 -172544.53
V 13224 -706653.70 -172542.45
V 13232 -706753.20 -172542.45
V 13240 -706753.20 -172502.45
V 13248 -706653.70 -172502.45
V 13256 -706645.95 -172500.37
V 13264 -706640.28 -172494.70
V 13272 -706638.20 -172486.95
V 13280 -706638.20 -172415.95
V 13288 -706640.28 -172408.20
V 13296 -706645.95 -172402.53
V 13304 -706653.70 -172400.45
V 13312 -706753.20 -172400.45
V 13320 -706753.20 -172360.45
V 13328 -706653.70 -172360.45
V 13336 -706645.95 -172358.37
V 13344 -706640.28 -172352.70
V 13352 -706638.20 -172344.95
V 13360 -706638.20 -172273.95
V 13368 -706640.28 -172266.20
V 13376 -706645.95 -172260.53
V 13384 -706653.70 -172258.45
V 13392 -706753.20 -172258.45
V 13400 -706753.20 -172218.45
V 13408 -706653.70 -172218.45
V 13416 -706645.95 -172216.37
V 13424 -706640.28 -172210.70
V 13432 -706638.20 -172202.95
V 13440 -706638.20 -172131.95
V 13448 -706640.28 -172124.20
V 13456 -706645.95 -172118.53
V 13464 -706653.70 -172116.45
V 13472 -706753.20 -172116.45
V 13480 -706753.20 -172076.45
V 13488 -706653.70 -172076.45
V 13496 -706645.95 -172074.37
V 13504 -706640.28 -172068.70
V 13512 -706638.20 -172060.95
V 13520 -706638.20 -171989.95
V 13528 -706640.28 -171982.20
V 13536 -706645.95 -171976.53
V 13544 -706653.70 -171974.45
V 13552 -706753.20 -171974.45
V 13560 -706753.20 -171934.45
V 13568 -706653.70 -171934.45
V 13576 -706645.95 -171932.37
V 13584 -706640.28 -171926.70
V 13592 -706638.20 -171918.95
V 13600 -706638.20 -171847.95
V 13608 -706640.28 -171840.20
V 13616 -706645.95 -171834.53
V 13624 -706653.70 -171832.45
V 13632 -706753.20 -171832.45
V 13640 -706753.20 -171792.45
V 13648 -706653.70 -171792.45
V 13656 -706645.95 -171790.37
V 13664 -706640.28 -171784.70
V 13672 -706638.20 -171776.95
V 13680 -706638.20 -171705.95
V 13688 -706640.28 -171698.20
V 13696 -706645.95 -171692.53
V 13704 -706653.70 -171690.45
V 13712 -706753.20 -171690.45
V 13720 -706753.20 -171650.45
V 13728 -706653.70 -171650.45
V 13736 -706645.95 -171648.37
V 13744 -706640.28 -171642.70
V 13752 -706638.20 -171634.95
V 13760 -706638.20 -171563.95
V 13768 -706640.28 -171556.20
V 13776 -706645.95 -171550.53
V 13784 -706653.70 -171548.45
V 13792 -706753.20 -171548.45
V 13800 -706753.20 -171508.45
V 13808 -706653.70 -171508.45
V 13816 -706645.95 -171506.37
V 13824 -706640.28 -171500.70
V 13832 -706638.20 -171492.95
V 13840 -706638.20 -171421.95
V 13848 -706640.28 -171414.20
V 13856 -706645.95 -171408.53
V 13864 -706653.70 -171406.45
V 13872 -706753.20 -171406.45
V 13880 -706753.20 -171366.45
V 13888 -706653.70 -171366.45
V 13896 -706645.95 -171364.37
V 13904 -706640.28 -171358.70
V 13912 -706638.20 -171350.95
V 13920 -706638.20 -171279.95
V 13928 -706640.28 -171272.20
V 13936 -706645.95 -171266.53
V 13944 -706653.70 -171264.45
V 13952 -706753.20 -171264.45
V 13960 -706753.20 -171224.45
V 13968 -706653.70 -171224.45
V 13976 -706645.95 -171222.37
V 13984 -706640.28 -171216.70
V 13992 -706638.20 -171208.95
V 14000 -706638.20 -171137.95
V 14008 -706640.28 -171130.20
V 14016 -706645.95 -171124.53
V 14024 -706653.70 -171122.45
V 14032 -706753.20 -171122.45
V 14040 -706753.20 -171082.45
V 14048 -706653.70 -171082.45
V 14056 -706645.95 -171080.37
V 14064 -706640.28 -171074.70
V 14072 -706638.20 -171066.95
V 14080 -706638.20 -170995.95
V 14088 -706640.28 -170988.20
V 14096 -706645.95 -170982.53
V 14104 -706653.70 -170980.45
V 14112 -706753.20 -170980.45
V 14120 -706753.20 -170940.45
V 14128 -706653.70 -170940.45
V 14136 -706645.95 -170938.37
V 14144 -706640.28 -170932.70
V 14152 -706638.20 -170924.95
V 14160 -706638.20 -170853.95
V 14168 -706640.28 -170846.20
V 14176 -706645.95 -170840.53
V 14184 -706653.70 -170838.45
V 14192 -706753.20 -170838.45
V 14200 -706753.20 -170798.45
V 14208 -706653.70 -170798.45
V 14216 -706645.95 -170796.37
V 14224 -706640.28 -170790.70
V 14232 -706638.20 -170782.95
V 14240 -706638.20 -170711.95
V 14248 -706640.28 -170704.20
V 14256 -706645.95 -170698.53
V 14264 -706653.70 -170696.45
V 14272 -706753.20 -170696.45
V 14280 -706753.20 -170656.45
V 14288 -706653.70 -170656.45
V 14296 -706645.95 -170654.37
V 14304 -706640.28 -170648.70
V 14312 -706638.20 -170640.95
V 14320 -706638.20 -170569.95
V 14328 -706640.28 -170562.20
V 14336 -706645.95 -170556.53
V 14344 -706653.70 -170554.45
V 14352 -706753.20 -170554.45
V 14360 -706753.20 -170514.45
V 14368 -706653.70 -170514.45
V 14376 -706645.95 -170512.37
V 14384 -706640.28 -170506.70
V 14392 -706638.20 -170498.95
V 14400 -706638.20 -170427.95
V 14408 -706640.28 -170420.20
V 14416 -706645.95 -170414.53
V 14424 -706653.70 -170412.45
V 14432 -706753.20 -170412.45
V 14440 -706753.20 -170372.45
V 14448 -706653.70 -170372.45
V 14456 -706645.95 -170370.37
V 14464 -706640.28 -170364.70
V 14472 -706638.20 -170356.95
V 14480 -706638.20 -170285.95
V 14488 -706640.28 -170278.20
V 14496 -706645.95 -170272.53
V 14504 -706653.70 -170270.45
V 14512 -706753.20 -170270.45
V 14520 -706753.20 -170230.45
V 14528 -706653.70 -170230.45
V 14536 -706645.95 -170228.37
V 14544 -706640.28 -170222.70
V 14552 -706638.20 -170214.95
V 14560 -706638.20 -170143.95
V 14568 -706640.28 -170136.20
V 14576 -706645.95 -170130.53
V 14584 -706653.70 -170128.45
V 14592 -706753.20 -170128.45
V 14600 -706753.20 -170088.45
V 14608 -706653.70 -170088.45
V 14616 -706645.95 -170086.37
V 14624 -706640.28 -170080.70
V 14632 -706638.20 -170072.95
V 14640 -706638.20 -170001.95
V 14648 -706640.28 -169994.20
V 14656 -706645.95 -169988.53
V 14664 -706653.70 -169986.45
V 14672 -706753.20 -169986.45
V 14680 -706753.20 -169946.45
V 14688 -706653.70 -169946.45
V 14696 -706645.95 -169944.37
V 14704 -706640.28 -169938.70
V 14712 -706638.20 -169930.95
V 14720 -706638.20 -169859.95
V 14728 -706640.28 -169852.20
V 14736 -706645.95 -169846.53
V 14744 -706653.70 -169844.45
V 14752 -706753.20 -169844.45
V 14760 -706753.20 -169804.45
V 14768 -706653.70 -169804.45
V 14776 -706645.95 -169802.37
V 14784 -706640.28 -169796.70
V 14792 -706638.20 -169788.95
V 14800 -706638.20 -169717.95
V 14808 -706640.28 -169710.20
V 14816 -706645.95 -169704.53
V 14824 -706653.70 -169702.45
V 14832 -706753.20 -169702.45
V 14840 -706753.20 -169662.45
V 14848 -706653.70 -169662.45
V 14856 -706645.95 -169660.37
V 14864 -706640.28 -169654.70
V 14872 -706638.20 -169646.95
V 14880 -706638.20 -169575.95
V 14888 -706640.28 -169568.20
V 14896 -706645.95 -169562.53
V 14904 -706653.70 -169560.45
V 14912 -706753.20 -169560.45
V 14920 -706753.20 -169520.45
V 14928 -706653.70 -169520.45
V 14936 -706645.95 -169518.37
V 14944 -706640.28 -169512.70
V 14952 -706638.20 -169504.95
V 14960 -706638.20 -169433.95
V 14968 -706640.28 -169426.20
V 14976 -706645.95 -169420.53
V 14984 -706653.70 -169418.45
V 14992 -706753.20 -169418.45
V 15000 -706753.20 -169378.45
V 15008 -706653.70 -169378.45
V 15016 -706645.95 -169376.37
V 15024 -706640.28 -169370.70
V 15032 -706638.20 -169362.95
V 15040 -706638.20 -169291.95
V 15048 -706640.28 -169284.20
V 15056 -706645.95 -169278.53
V 15064 -706653.70 -169276.45
V 15072 -706753.20 -169276.45
V 15080 -706753.20 -169236.45
V 15088 -706653.70 -169236.45
V 15096 -706645.95 -169234.37
V 15104 -706640.28 -169228.70
V 15112 -706638.20 -169220.95
V 15120 -706638.20 -169149.95
V 15128 -706640.28 -169142.20
V 15136 -706645.95 -169136.53
V 15144 -706653.70 -169134.45
V 15152 -706753.20 -169134.45
V 15160 -706753.20 -169094.45
V 15168 -706653.70 -169094.45
V 15176 -706645.95 -169092.37
V 15184 -706640.28 -169086.70
V 15192 -706638.20 -169078.95
V 15200 -706638.20 -169007.95
V 15208 -706640.28 -169000.20
V 15216 -706645.95 -168994.53
V 15224 -706653.70 -168992.45
V 15232 -706753.20 -168992.45
V 15240 -706753.20 -168952.45
V 15248 -706653.70 -168952.45
V 15256 -706645.95 -168950.37
V 15264 -706640.28 -168944.70
V 15272 -706638.20 -168936.95
V 15280 -706638.20 -168865.95
V 15288 -706640.28 -168858.20
V 15296 -706645.95 -168852.53
V 15304 -706653.70 -168850.45
V 15312 -706753.20 -168850.45
V 15320 -706753.20 -168810.45
V 15328 -706653.70 -168810.45
V 15336 -706645.95 -168808.37
V 15344 -706640.28 -168802.70
V 15352 -706638.20 -168794.95
V 15360 -706638.20 -168723.95
V 15368 -706640.28 -168716.20
V 15376 -706645.95 -168710.53
V 15384 -706653.70 -168708.45
V 15392 -706753.20 -168708.45
V 15400 -706753.20 -168668.45
V 15408 -706653.70 -168668.45
V 15416 -706645.95 -168666.37
V 15424 -706640.28 -168660.70
V 15432 -706638.20 -168652.95
V 15440 -706638.20 -168581.95
V 15448 -706640.28 -168574.20
V 15456 -706645.95 -168568.53
V 15464 -706653.70 -168566.45
V 15472 -706753.20 -168566.45
V 15480 -706753.20 -168526.45
V 15488 -706653.70 -168526.45
V 15496 -706645.95 -168524.37
V 15504 -706640.28 -168518.70
V 15512 -706638.20 -168510.95
V 15520 -706638.20 -168439.95
V 15528 -706640.28 -168432.20
V 15536 -706645.95 -168426.53
V 15544 -706653.70 -168424.45
V 15552 -706753.20 -168424.45
V 15560 -706753.20 -168384.45
V 15568 -706653.70 -168384.45
V 15576 -706645.95 -168382.37
V 15584 -706640.28 -168376.70
V 15592 -706638.20 -168368.95
V 15600 -706638.20 -168297.95
V 15608 -706640.28 -168290.20
V 15616 -706645.95 -168284.53
V 15624 -706653.70 -168282.45
V 15632 -706753.20 -168282.45
V 15640 -706753.20 -168242.45
V 15648 -706653.70 -168242.45
V 15656 -706645.95 -168240.37
V 15664 -706640.28 -168234.70
V 15672 -706638.20 -168226.95
V 15680 -706638.20 -168155.95
V 15688 -706640.28 -168148.20
V 15696 -706645.95 -168142.53
V 15704 -706653.70 -168140.45
V 15712 -706753.20 -168140.45
V 15720 -706753.20 -168100.45
V 15728 -706653.70 -168100.45
V 15736 -706645.95 -168098.37
V 15744 -706640.28 -168092.70
V 15752 -706638.20 -168084.95
V 15760 -706638.20 -168013.95
V 15768 -706640.28 -168006.20
V 15776 -706645.95 -168000.53
V 15784 -706653.70 -167998.45
V 15792 -706753.20 -167998.45
V 15800 -706753.20 -167958.45
V 15808 -706653.70 -167958.45
V 15816 -706645.95 -167956.37
V 15824 -706640.28 -167950.70
V 15832 -706638.20 -167942.95
V 15840 -706638.20 -167871.95
V 15848 -706640.28 -167864.20
V 15856 -706645.95 -167858.53
V 15864 -706653.70 -167856.45
V 15872 -706753.20 -167856.45
V 15880 -706753.20 -167816.45
V 15888 -706653.70 -167816.45
V 15896 -706645.95 -167814.37
V 15904 -706640.28 -167808.70
V 15912 -706638.20 -167800.95
V 15920 -706638.20 -167729.95
V 15928 -706640.28 -167722.20
V 15936 -706645.95 -167716.53
V 15944 -706653.70 -167714.45
V 15952 -706753.20 -167714.45
V 15960 -706753.20 -167674.45
V 15968 -706653.70 -167674.45
V 15976 -706645.95 -167672.37
V 15984 -706640.28 -167666.70
V 15992 -706638.20 -167658.95
V 16000 -706638.20 -167587.95
V 16008 -706640.28 -167580.20
V 16016 -706645.95 -167574.53
V 16024 -706653.70 -167572.45
V 16032 -706753.20 -167572.45
V 16040 -706753.20 -167532.45
V 16048 -706653.70 -167532.45
V 16056 -706645.95 -167530.37
V 16064 -706640.28 -167524.70
V 16072 -706638.20 -167516.95
V 16080 -706638.20 -167445.95
V 16088 -706640.28 -167438.20
V 16096 -706645.95 -167432.53
V 16104 -706653.70 -167430.45
V 16112 -706753.20 -167430.45
V 16120 -706753.20 -167390.45
V 16128 -706653.70 -167390.45
V 16136 -706645.95 -167388.37
V 16144 -706640.28 -167382.70
V 16152 -706638.20 -167374.95
V 16160 -706638.20 -167303.95
V 16168 -706640.28 -167296.20
V 16176 -706645.95 -167290.53
V 16184 -706653.70 -167288.45
V 16192 -706753.20 -167288.45
V 16200 -706753.20 -167248.45
V 16208 -706653.70 -167248.45
V 16216 -706645.95 -167246.37
V 16224 -706640.28 -167240.70
V 16232 -706638.20 -167232.95
V 16240 -706638.20 -167161.95
V 16248 -706640.28 -167154.20
V 16256 -706645.95 -167148.53
V 16264 -706653.70 -167146.45
V 16272 -706753.20 -167146.45
V 16280 -706753.20 -167106.45
V 16288 -706653.70 -167106.45
V 16296 -706645.95 -167104.37
V 16304 -706640.28 -167098.70
V 16312 -706638.20 -167090.95
V 16320 -706638.20 -167019.95
V 16328 -706640.28 -167012.20
V 16336 -706645.95 -167006.53
V 16344 -706653.70 -167004.45
V 16352 -706753.20 -167004.45
V 16360 -706753.20 -166964.45
V 16368 -706653.70 -166964.45
V 16376 -706645.95 -166962.37
V 16384 -706640.28 -166956.70
V 16392 -706638.20 -166948.95
V 16400 -706638.20 -166877.95
V 16408 -706640.28 -166870.20
V 16416 -706645.95 -166864.53
V 16424 -706653.70 -166862.45
V 16432 -706753.20 -166862.45
V 16440 -706753.20 -166822.45
V 16448 -706653.70 -166822.45
V 16456 -706645.95 -166820.37
V 16464 -706640.28 -166814.70
V 16472 -706638.20 -166806.95
V 16480 -706638.20 -166735.95
V 16488 -706640.28 -166728.20
V 16496 -706645.95 -166722.53
V 16504 -706653.70 -166720.45
V 16512 -706753.20 -166720.45
V 16520 -706753.20 -166680.45
V 16528 -706653.70 -166680.45
V 16536 -706645.95 -166678.37
V 16544 -706640.28 -166672.70
V 16552 -706638.20 -166664.95
V 16560 -706638.20 -166593.95
V 16568 -706640.28 -166586.20
V 16576 -706645.95 -166580.53
V 16584 -706653.70 -166578.45
V 16592 -706753.20 -166578.45
V 16600 -706753.20 -166538.45
V 16608 -706653.70 -166538.45
V 16616 -706645.95 -166536.37
V 16624 -706640.28 -166530.70
V 16632 -706638.20 -166522.95
V 16640 -706638.20 -166451.95
V 16648 -706640.28 -166444.20
V 16656 -706645.95 -166438.53
V 16664 -706653.70 -166436.45
V 16672 -706753.20 -166436.45
V 16680 -706753.20 -166396.45
V 16688 -706653.70 -166396.45
V 16696 -706645.95 -166394.37
V 16704 -706640.28 -166388.70
V 16712 -706638.20 -166380.95
V 16720 -706638.20 -166309.95
V 16728 -706640.28 -166302.20
V 16736 -706645.95 -166296.53
V 16744 -706653.70 -166294.45
V 16752 -706753.20 -166294.45
V 16760 -706753.20 -166254.45
V 16768 -706653.70 -166254.45
V 16776 -706645.95 -166252.37
V 16784 -706640.28 -166246.70
V 16792 -706638.20 -166238.95
V 16800 -706638.20 -166167.95
V 16808 -706640.28 -166160.20
V 16816 -706645.95 -166154.53
V 16824 -706653.70 -166152.45
V 16832 -706753.20 -166152.45
V 16840 -706753.20 -166112.45
V 16848 -706653.70 -166112.45
V 16856 -706645.95 -166110.37
V 16864 -706640.28 -166104.70
V 16872 -706638.20 -166096.95
V 16880 -706638.20 -166025.95
V 16888 -706640.28 -166018.20
V 16896 -706645.95 -166012.53
V 16904 -706653.70 -166010.45
V 16912 -706753.20 -166010.45
V 16920 -706753.20 -165970.45
V 16928 -706653.70 -165970.45
V 16936 -706645.95 -165968.37
V 16944 -706640.28 -165962.70
V 16952 -706638.20 -165954.95
V 16960 -706638.20 -165883.95
V 16968 -706640.28 -165876.20
V 16976 -706645.95 -165870.53
V 16984 -706653.70 -165868.45
V 16992 -706753.20 -165868.45
V 17000 -706753.20 -165828.45
V 17008 -706653.70 -165828.45
V 17016 -706645.95 -165826.37
V 17024 -706640.28 -165820.70
V 17032 -706638.20 -165812.95
V 17040 -706638.20 -165741.95
V 17048 -706640.28 -165734.20
V 17056 -706645.95 -165728.53
V 17064 -706653.70 -165726.45
V 17072 -706753.20 -165726.45
V 17080 -706753.20 -165686.45
V 17088 -706653.70 -165686.45
V 17096 -706645.95 -165684.37
V 17104 -706640.28 -165678.70
V 17112 -706638.20 -165670.95
V 17120 -706638.20 -165599.95
V 17128 -706640.28 -165592.20
V 17136 -706645.95 -165586.53
V 17144 -706653.70 -165584.45
V 17152 -706753.20 -165584.45
V 17160 -706753.20 -165544.45
V 17168 -706653.70 -165544.45
V 17176 -706645.95 -165542.37
V 17184 -706640.28 -165536.70
V 17192 -706638.20 -165528.95
V 17200 -706638.20 -165457.95
V 17208 -706640.28 -165450.20
V 17216 -706645.95 -165444.53
V 17224 -706653.70 -165442.45
V 17232 -706753.20 -165442.45
V 17240 -706753.20 -165402.45
V 17248 -706653.70 -165402.45
V 17256 -706645.95 -165400.37
V 17264 -706640.28 -165394.70
V 17272 -706638.20 -165386.95
V 17280 -706638.20 -165315.95
V 17288 -706640.28 -165308.20
V 17296 -706645.95 -165302.53
V 17304 -706653.70 -165300.45
V 17312 -706753.20 -165300.45
V 17320 -706753.20 -165260.45
V 17328 -706653.70 -165260.45
V 17336 -706645.95 -165258.37
V 17344 -706640.28 -165252.70
V 17352 -706638.20 -165244.95
V 17360 -706638.20 -165173.95
V 17368 -706640.28 -165166.20
V 17376 -706645.95 -165160.53
V 17384 -706653.70 -165158.45
V 17392 -706753.20 -165158.45
V 17400 -706753.20 -165118.45
V 17408 -706653.70 -165118.45
V 17416 -706645.95 -165116.37
V 17424 -706640.28 -165110.70
V 17432 -706638.20 -165102.95
V 17440 -706638.20 -165031.95
V 17448 -706640.28 -165024.20
V 17456 -706645.95 -165018.53
V 17464 -706653.70 -165016.45
V 17472 -706753.20 -165016.45
V 17480 -706753.20 -164976.45
V 17488 -706653.70 -164976.45
V 17496 -706645.95 -164974.37
V 17504 -706640.28 -164968.70
V 17512 -706638.20 -164960.95
V 17520 -706638.20 -164889.95
V 17528 -706640.28 -164882.20
V 17536 -706645.95 -164876.53
V 17544 -706653.70 -164874.45
V 17552 -706753.20 -164874.45
V 17560 -706753.20 -164834.45
V 17568 -706653.70 -164834.45
V 17576 -706645.95 -164832.37
V 17584 -706640.28 -164826.70
V 17592 -706638.20 -164818.95
V 17600 -706638.20 -164747.95
V 17608 -706640.28 -164740.20
V 17616 -706645.95 -164734.53
V 17624 -706653.70 -164732.45
V 17632 -706753.20 -164732.45
V 17640 -706753.20 -164692.45
V 17648 -706653.70 -164692.45
V 17656 -706645.95 -164690.37
V 17664 -706640.28 -164684.70
V 17672 -706638.20 -164676.95
V 17680 -706638.20 -164605.95
V 17688 -706640.28 -164598.20
V 17696 -706645.95 -164592.53
V 17704 -706653.70 -164590.45
V 17712 -706753.20 -164590.45
V 17720 -706753.20 -164550.45
V 17728 -706653.70 -164550.45
V 17736 -706645.95 -164548.37
V 17744 -706640.28 -164542.70
V 17752 -706638.20 -164534.95
V 17760 -706638.20 -164463.95
V 17768 -706640.28 -164456.20
V 17776 -706645.95 -164450.53
V 17784 -706653.70 -164448.45
V 17792 -706753.20 -164448.45
V 17800 -706753.20 -164408.45
V 17808 -706653.70 -164408.45
V 17816 -706645.95 -164406.37
V 17824 -706640.28 -164400.70
V 17832 -706638.20 -164392.95
V 17840 -706638.20 -164321.95
V 17848 -706640.28 -164314.20
V 17856 -706645.95 -164308.53
V 17864 -706653.70 -164306.45
V 17872 -706753.20 -164306.45
V 17880 -706753.20 -164266.45
V 17888 -706653.70 -164266.45
V 17896 -706645.95 -164264.37
V 17904 -706640.28 -164258.70
V 17912 -706638.20 -164250.95
V 17920 -706638.20 -164179.95
V 17928 -706640.28 -164172.20
V 17936 -706645.95 -164166.53
V 17944 -706653.70 -164164.45
V 17952 -706753.20 -164164.45
V 17960 -706753.20 -164124.45
V 17968 -706653.70 -164124.45
V 17976 -706645.95 -164122.37
V 17984 -706640.28 -164116.70
V 17992 -706638.20 -164108.95
V 18000 -706638.20 -164037.95
V 18008 -706640.28 -164030.20
V 18016 -706645.95 -164024.53
V 18024 -706653.70 -164022.45
V 18032 -706753.20 -164022.45
V 18040 -706753.20 -163982.45
V 18048 -706653.70 -163982.45
V 18056 -706645.95 -163980.37
V 18064 -706640.28 -163974.70
V 18072 -706638.20 -163966.95
V 18080 -706638.20 -163895.95
V 18088 -706640.28 -163888.20
V 18096 -706645.95 -163882.53
V 18104 -706653.70 -163880.45
V 18112 -706753.20 -163880.45
V 18120 -706753.20 -163840.45
V 18128 -706653.70 -163840.45
V 18136 -706645.95 -163838.37
V 18144 -706640.28 -163832.70
V 18152 -706638.20 -163824.95
V 18160 -706638.20 -163753.95
V 18168 -706640.28 -163746.20
V 18176 -706645.95 -163740.53
V 18184 -706653.70 -163738.45
V 18192 -706753.20 -163738.45
V 18200 -706753.20 -163698.45
V 18208 -706653.70 -163698.45
V 18216 -706645.95 -163696.37
V 18224 -706640.28 -163690.70
V 18232 -706638.20 -163682.95
V 18240 -706638.20 -163611.95
V 18248 -706640.28 -163604.20
V 18256 -706645.95 -163598.53
V 18264 -706653.70 -163596.45
V 18272 -706753.20 -163596.45
V 18280 -706753.20 -163556.45
V 18288 -706653.70 -163556.45
V 18296 -706645.95 -163554.37
V 18304 -706640.28 -163548.70
V 18312 -706638.20 -163540.95
V 18320 -706638.20 -163469.95
V 18328 -706640.28 -163462.20
V 18336 -706645.95 -163456.53
V 18344 -706653.70 -163454.45
V 18352 -706753.20 -163454.45
V 18360 -706753.20 -163414.45
V 18368 -706653.70 -163414.45
V 18376 -706645.95 -163412.37
V 18384 -706640.28 -163406.70
V 18392 -706638.20 -163398.95
V 18400 -706638.20 -163327.95
V 18408 -706640.28 -163320.20
V 18416 -706645.95 -163314.53
V 18424 -706653.70 -163312.45
V 18432 -706753.20 -163312.45
V 18440 -706753.20 -163272.45
V 18448 -706653.70 -163272.45
V 18456 -706645.95 -163270.37
V 18464 -706640.28 -163264.70
V 18472 -706638.20 -163256.95
V 18480 -706638.20 -163185.95
V 18488 -706640.28 -163178.20
V 18496 -706645.95 -163172.53
V 18504 -706653.70 -163170.45
V 18512 -706753.20 -163170.45
V 18520 -706753.20 -163130.45
V 18528 -706653.70 -163130.45
V 18536 -706645.95 -163128.37
V 18544 -706640.28 -163122.70
V 18552 -706638.20 -163114.95
V 18560 -706638.20 -163043.95
V 18568 -706640.28 -163036.20
V 18576 -706645.95 -163030.53
V 18584 -706653.70 -163028.45
V 18592 -706753.20 -163028.45
V 18600 -706753.20 -162988.45
V 18608 -706653.70 -162988.45
V 18616 -706645.95 -162986.37
V 18624 -706640.28 -162980.70
V 18632 -706638.20 -162972.95
V 18640 -706638.20 -162901.95
V 18648 -706640.28 -162894.20
V 18656 -706645.95 -162888.53
V 18664 -706653.70 -162886.45
V 18672 -706753.20 -162886.45
V 18680 -706753.20 -162846.45
V 18688 -706653.70 -162846.45
V 18696 -706645.95 -162844.37
V 18704 -706640.28 -162838.70
V 18712 -706638.20 -162830.95
V 18720 -706638.20 -162759.95
V 18728 -706640.28 -162752.20
V 18736 -706645.95 -162746.53
V 18744 -706653.70 -162744.45
V 18752 -706753.20 -162744.45
V 18760 -706753.20 -162704.45
V 18768 -706653.70 -162704.45
V 18776 -706645.95 -162702.37
V 18784 -706640.28 -162696.70
V 18792 -706638.20 -162688.95
V 18800 -706638.20 -162617.95
V 18808 -706640.28 -162610.20
V 18816 -706645.95 -162604.53
V 18824 -706653.70 -162602.45
V 18832 -706753.20 -162602.45
V 18840 -706753.20 -162562.45
V 18848 -706653.70 -162562.45
V 18856 -706645.95 -162560.37
V 18864 -706640.28 -162554.70
V 18872 -706638.20 -162546.95
V 18880 -706638.20 -162475.95
V 18888 -706640.28 -162468.20
V 18896 -706645.95 -162462.53
V 18904 -706653.70 -162460.45
V 18912 -706753.20 -162460.45
V 18920 -706753.20 -162420.45
V 18928 -706653.70 -162420.45
V 18936 -706645.95 -162418.37
V 18944 -706640.28 -162412.70
V 18952 -706638.20 -162404.95
V 18960 -706638.20 -162333.95
V 18968 -706640.28 -162326.20
V 18976 -706645.95 -162320.53
V 18984 -706653.70 -162318.45
V 18992 -706753.20 -162318.45
V 19000 -706753.20 -162278.45
V 19008 -706653.70 -162278.45
V 19016 -706645.95 -162276.37
V 19024 -706640.28 -162270.70
V 19032 -706638.20 -162262.95
V 19040 -706638.20 -162191.95
V 19048 -706640.28 -162184.20
V 19056 -706645.95 -162178.53
V 19064 -706653.70 -162176.45
V 19072 -706753.20 -162176.45
V 19080 -706753.20 -162136.45
V 19088 -706653.70 -162136.45
V 19096 -706645.95 -162134.37
V 19104 -706640.28 -162128.70
V 19112 -706638.20 -162120.95
V 19120 -706638.20 -162049.95
V 19128 -706640.28 -162042.20
V 19136 -706645.95 -162036.53
V 19144 -706653.70 -162034.45
V 19152 -706753.20 -162034.45
V 19160 -706753.20 -161994.45
V 19168 -706653.70 -161994.45
V 19176 -706645.95 -161992.37
V 19184 -706640.28 -161986.70
V 19192 -706638.20 -161978.95
V 19200 -706638.20 -161907.95
V 19208 -706640.28 -161900.20
V 19216 -706645.95 -161894.53
V 19224 -706653.70 -161892.45
V 19232 -706753.20 -161892.45
V 19240 -706753.20 -161852.45
V 19248 -706653.70 -161852.45
V 19256 -706645.95 -161850.37
V 19264 -706640.28 -161844.70
V 19272 -706638.20 -161836.95
V 19280 -706638.20 -161765.95
V 19288 -706640.28 -161758.20
V 19296 -706645.95 -161752.53
V 19304 -706653.70 -161750.45
V 19312 -706735.73 -161750.45
V 19320 -706735.73 -161710.45
V 19328 -706711.20 -161710.45
V 19336 -706703.45 -161708.37
V 19344 -706697.78 -161702.70
V 19352 -706695.70 -161694.95
V 19360 -706695.70 -161577.63
V 19368 -705910.34 -161444.27
V 19376 -705825.25 -161429.82
V 19384 -703746.53 -161076.85
V 19392 -700561.91 -160536.09
V 19400 -700553.65 -160534.69
V 19408 -698553.93 -160195.13
V 19416 -696897.81 -159913.92
V 19424 -696072.51 -159773.79
V 19432 -695923.48 -159748.48
V 19440 -695777.50 -159723.69
V 19448 -693597.09 -159353.45
V 19456 -693474.62 -159332.66
V 19464 -693361.92 -159313.52
V 19472 -693210.31 -159287.78
V 19480 -691690.35 -159029.68
V 19488 -691680.74 -159028.05
V 19496 -690149.02 -158767.96
V 19504 -689899.24 -158725.55
V 19512 -689674.99 -158687.47
V 19520 -689394.23 -158639.80
V 19528 -689052.09 -158581.70
V 19536 -688691.21 -158520.43
V 19544 -688332.43 -158459.50
V 19552 -687691.45 -158350.66
V 19560 -687456.38 -158310.75
V 19568 -687192.02 -158265.86
V 19576 -687192.00 -158265.86
V 19584 -687187.00 -158265.01
V 19592 -687186.98 -158265.00
V 19600 -686759.35 -158192.39
V 19608 -686703.88 -158182.97
V 19616 -686616.88 -158168.20
V 19624 -686276.32 -158110.37
V 19632 -685826.20 -158033.94
V 19640 -685164.87 -157921.64
V 19648 -684639.20 -157832.38
V 19656 -684406.91 -157792.94
V 19664 -684207.91 -157759.15
V 19672 -684206.84 -157758.93
V 19680 -684205.80 -157758.64
V 19688 -684204.77 -157758.27
V 19696 -684203.78 -157757.84
V 19704 -684202.82 -157757.33
V 19712 -684201.89 -157756.76
V 19720 -684201.01 -157756.13
V 19728 -684200.17 -157755.43
V 19736 -684199.39 -157754.68
V 19744 -684198.66 -157753.87
V 19752 -684197.99 -157753.02
V 19760 -684197.38 -157752.12
V 19768 -684196.83 -157751.18
V 19776 -684196.35 -157750.20
V 19784 -684195.94 -157749.20
V 19792 -684195.61 -157748.16
V 19800 -684195.34 -157747.11
V 19808 -684195.15 -157746.04
V 19816 -684195.04 -157744.96
V 19824 -684195.00 -157743.87
V 19832 -684195.00 -157719.35
