V 0 -875590.28 -169710.20
V 8 -875595.95 -169704.53
V 16 -875603.70 -169702.45
V 24 -875703.20 -169702.45
V 32 -875703.20 -169662.45
V 40 -875631.93 -169662.45
V 48 -875624.18 -169660.37
V 56 -875618.51 -169654.70
V 64 -875616.43 -169646.95
V 72 -875616.43 -169575.95
V 80 -875616.47 -169574.84
V 88 -875616.59 -169573.74
V 96 -875616.78 -169572.66
V 104 -875617.06 -169571.58
V 112 -875617.41 -169570.53
V 120 -875617.83 -169569.51
V 128 -875618.33 -169568.52
V 136 -875618.89 -169567.57
V 144 -875619.52 -169566.66
V 152 -875620.22 -169565.80
V 160 -875620.97 -169564.99
V 168 -875621.78 -169564.24
V 176 -875622.64 -169563.54
V 184 -875623.55 -169562.91
V 192 -875624.50 -169562.35
V 200 -875625.49 -169561.85
V 208 -875626.51 -169561.43
V 216 -875627.56 -169561.08
V 224 -875628.64 -169560.80
V 232 -875629.72 -169560.61
V 240 -875630.82 -169560.49
V 248 -875631.93 -169560.45
V 256 -875645.70 -169560.45
V 264 -875645.70 -169470.28
V 272 -875647.36 -169463.29
V 280 -875652.00 -169457.81
V 288 -875658.61 -169455.00
V 296 -876373.62 -169333.59
V 304 -876743.39 -169270.81
V 312 -877522.85 -169138.45
V 320 -877753.39 -169099.30
V 328 -877990.60 -169059.03
V 336 -878186.17 -169025.82
V 344 -880478.47 -168636.58
V 352 -880577.44 -168619.78
V 360 -893822.15 -166370.80
V 368 -894658.02 -166228.86
V 376 -895888.78 -166019.88
V 384 -896058.02 -165991.14
V 392 -896312.28 -165947.97
V 400 -896510.21 -165914.36
V 408 -896745.93 -165874.33
V 416 -896987.24 -165833.36
V 424 -898119.76 -165641.05
V 432 -902317.33 -164928.30
V 440 -903411.41 -164742.52
V 448 -907208.19 -164097.82
V 456 -907442.62 -164058.01
V 464 -907873.88 -163984.78
V 472 -908027.08 -163958.77
V 480 -908163.58 -163935.59
V 488 -908355.66 -163902.98
V 496 -908847.24 -163819.50
V 504 -909054.53 -163784.31
V 512 -909290.26 -163744.28
V 520 -909531.54 -163703.31
V 528 -909781.38 -163660.88
V 536 -909940.70 -163633.83
V 544 -909961.39 -163630.32
V 552 -911182.39 -163422.99
V 560 -911389.96 -163387.74
V 568 -911781.86 -163321.20
V 576 -912024.71 -163279.96
V 584 -912427.67 -163211.54
V 592 -912513.49 -163196.97
V 600 -913285.28 -163065.92
V 608 -913707.51 -162994.22
V 616 -914751.12 -162817.01
V 624 -914865.58 -162797.58
V 632 -916691.41 -162487.55
V 640 -916760.69 -162475.78
V 648 -917652.99 -162324.27
V 656 -919031.76 -162090.15
V 664 -921012.30 -161753.85
V 672 -921098.51 -161739.21
V 680 -923444.86 -161340.80
V 688 -923694.64 -161298.39
V 696 -924091.19 -161231.05
V 704 -924504.62 -161160.85
V 712 -924873.21 -161098.26
V 720 -928657.68 -160455.65
V 728 -929448.18 -160321.42
V 736 -929608.47 -160294.20
V 744 -930650.40 -160117.28
V 752 -931630.79 -159950.81
V 760 -931949.77 -159896.65
V 768 -932232.94 -159848.56
V 776 -934181.72 -159517.66
V 784 -934838.75 -159406.09
V 792 -934941.32 -159388.67
V 800 -935221.55 -159341.09
V 808 -935431.84 -159305.38
V 816 -936315.37 -159155.36
V 824 -937244.25 -158997.63
V 832 -937997.65 -158869.70
V 840 -938881.64 -158719.60
V 848 -940489.22 -158446.63
V 856 -940724.04 -158406.76
V 864 -941814.19 -158221.65
V 872 -941944.06 -158199.59
V 880 -942235.19 -158150.16
V 888 -942795.13 -158055.08
V 896 -943212.81 -157984.16
V 904 -943670.97 -157906.36
V 912 -943912.26 -157865.39
V 920 -944286.62 -157801.82
V 928 -944518.92 -157762.38
V 936 -944705.00 -157730.78
V 944 -944705.00 -157719.35
V 952 -944736.00 -157719.35
V 960 -944736.00 -157743.87
V 968 -944735.96 -157744.96
V 976 -944735.85 -157746.04
V 984 -944735.66 -157747.11
V 992 -944735.39 -157748.16
V 1000 -944735.06 -157749.20
V 1008 -944734.65 -157750.20
V 1016 -944734.17 -157751.18
V 1024 -944733.62 -157752.12
V 1032 -944733.01 -157753.02
V 1040 -944732.34 -157753.87
V 1048 -944731.61 -157754.68
V 1056 -944730.83 -157755.43
V 1064 -944729.99 -157756.13
V 1072 -944729.11 -157756.76
V 1080 -944728.18 -157757.33
V 1088 -944727.22 -157757.84
V 1096 -944726.23 -157758.27
V 1104 -944725.20 -157758.64
V 1112 -944724.16 -157758.93
V 1120 -944723.09 -157759.15
V 1128 -944524.10 -157792.94
V 1136 -944291.80 -157832.38
V 1144 -943917.44 -157895.95
V 1152 -943676.15 -157936.92
V 1160 -943217.99 -158014.72
V 1168 -942800.31 -158085.64
V 1176 -942240.37 -158180.72
V 1184 -941949.26 -158230.15
V 1192 -941819.39 -158252.21
V 1200 -941363.66 -158329.59
V 1208 -940729.22 -158437.32
V 1216 -940494.40 -158477.19
V 1224 -938886.82 -158750.16
V 1232 -938002.83 -158900.26
V 1240 -937249.43 -159028.19
V 1248 -936320.55 -159185.92
V 1256 -935437.02 -159335.94
V 1264 -935226.73 -159371.65
V 1272 -934946.52 -159419.23
V 1280 -934843.95 -159436.65
V 1288 -934186.90 -159548.22
V 1296 -932238.14 -159879.12
V 1304 -931954.97 -159927.21
V 1312 -931635.97 -159981.37
V 1320 -930655.58 -160147.84
V 1328 -929613.67 -160324.76
V 1336 -929453.38 -160351.98
V 1344 -924878.39 -161128.82
V 1352 -924509.80 -161191.41
V 1360 -924096.37 -161261.61
V 1368 -923699.82 -161328.95
V 1376 -923450.04 -161371.36
V 1384 -921103.71 -161769.77
V 1392 -921017.50 -161784.41
V 1400 -919036.94 -162120.71
V 1408 -917658.17 -162354.83
V 1416 -916765.89 -162506.34
V 1424 -916696.61 -162518.11
V 1432 -916019.09 -162633.15
V 1440 -914870.76 -162828.14
V 1448 -914756.30 -162847.57
V 1456 -913712.69 -163024.78
V 1464 -913290.46 -163096.48
V 1472 -912518.67 -163227.53
V 1480 -912432.85 -163242.10
V 1488 -912029.91 -163310.52
V 1496 -911787.06 -163351.76
V 1504 -911395.16 -163418.30
V 1512 -911187.59 -163453.55
V 1520 -909966.57 -163660.88
V 1528 -909945.88 -163664.39
V 1536 -909786.58 -163691.44
V 1544 -909536.74 -163733.87
V 1552 -909295.44 -163774.84
V 1560 -909059.71 -163814.87
V 1568 -908852.44 -163850.06
V 1576 -908360.86 -163933.54
V 1584 -908168.78 -163966.15
V 1592 -908032.28 -163989.33
V 1600 -907879.06 -164015.34
V 1608 -907447.80 -164088.57
V 1616 -907213.37 -164128.38
V 1624 -903416.59 -164773.08
V 1632 -902322.51 -164958.86
V 1640 -898124.94 -165671.61
V 1648 -896992.42 -165863.92
V 1656 -896751.13 -165904.89
V 1664 -896515.41 -165944.92
V 1672 -896063.22 -166021.70
V 1680 -895893.98 -166050.44
V 1688 -894663.20 -166259.42
V 1696 -893827.33 -166401.36
V 1704 -880582.62 -168650.34
V 1712 -880483.65 -168667.14
V 1720 -878191.35 -169056.38
V 1728 -877995.78 -169089.59
V 1736 -877758.59 -169129.86
V 1744 -877528.05 -169169.01
V 1752 -876748.57 -169301.37
V 1760 -876378.80 -169364.15
V 1768 -875676.70 -169483.37
V 1776 -875676.70 -169575.95
V 1784 -875676.66 -169577.06
V 1792 -875676.54 -169578.16
V 1800 -875676.35 -169579.24
V 1808 -875676.07 -169580.32
V 1816 -875675.72 -169581.37
V 1824 -875675.30 -169582.39
V 1832 -875674.80 -169583.38
V 1840 -875674.24 -169584.33
V 1848 -875673.61 -169585.24
V 1856 -875672.91 -169586.10
V 1864 -875672.16 -169586.91
V 1872 -875671.35 -169587.66
V 1880 -875670.49 -169588.36
V 1888 -875669.58 -169588.99
V 1896 -875668.63 -169589.55
V 1904 -875667.64 -169590.05
V 1912 -875666.62 -169590.47
V 1920 -875665.57 -169590.82
V 1928 -875664.49 -169591.10
V 1936 -875663.41 -169591.29
V 1944 -875662.31 -169591.41
V 1952 -875661.20 -169591.45
V 1960 -875647.43 -169591.45
V 1968 -875647.43 -169631.45
V 1976 -875718.70 -169631.45
V 1984 -875726.45 -169633.53
V 1992 -875732.12 -169639.20
V 2000 -875734.20 -169646.95
V 2008 -875734.20 -169717.95
V 2016 -875732.12 -169725.70
V 2024 -875726.45 -169731.37
V 2032 -875718.70 -169733.45
V 2040 -875619.20 -169733.45
V 2048 -875619.20 -169773.45
V 2056 -875718.70 -169773.45
V 2064 -875726.45 -169775.53
V 2072 -875732.12 -169781.20
V 2080 -875734.20 -169788.95
V 2088 -875734.20 -169859.95
V 2096 -875732.12 -169867.70
V 2104 -875726.45 -169873.37
V 2112 -875718.70 -169875.45
V 2120 -875619.20 -169875.45
V 2128 -875619.20 -169915.45
V 2136 -875718.70 -169915.45
V 2144 -875726.45 -169917.53
V 2152 -875732.12 -169923.20
V 2160 -875734.20 -169930.95
V 2168 -875734.20 -170001.95
V 2176 -875732.12 -170009.70
V 2184 -875726.45 -170015.37
V 2192 -875718.70 -170017.45
V 2200 -875619.20 -170017.45
V 2208 -875619.20 -170057.45
V 2216 -875718.70 -170057.45
V 2224 -875726.45 -170059.53
V 2232 -875732.12 -170065.20
V 2240 -875734.20 -170072.95
V 2248 -875734.20 -170143.95
V 2256 -875732.12 -170151.70
V 2264 -875726.45 -170157.37
V 2272 -875718.70 -170159.45
V 2280 -875619.20 -170159.45
V 2288 -875619.20 -170199.45
V 2296 -875718.70 -170199.45
V 2304 -875726.45 -170201.53
V 2312 -875732.12 -170207.20
V 2320 -875734.20 -170214.95
V 2328 -875734.20 -170285.95
V 2336 -875732.12 -170293.70
V 2344 -875726.45 -170299.37
V 2352 -875718.70 -170301.45
V 2360 -875619.20 -170301.45
V 2368 -875619.20 -170341.45
V 2376 -875718.70 -170341.45
V 2384 -875726.45 -170343.53
V 2392 -875732.12 -170349.20
V 2400 -875734.20 -170356.95
V 2408 -875734.20 -170427.95
V 2416 -875732.12 -170435.70
V 2424 -875726.45 -170441.37
V 2432 -875718.70 -170443.45
V 2440 -875619.20 -170443.45
V 2448 -875619.20 -170483.45
V 2456 -875718.70 -170483.45
V 2464 -875726.45 -170485.53
V 2472 -875732.12 -170491.20
V 2480 -875734.20 -170498.95
V 2488 -875734.20 -170569.95
V 2496 -875732.12 -170577.70
V 2504 -875726.45 -170583.37
V 2512 -875718.70 -170585.45
V 2520 -875619.20 -170585.45
V 2528 -875619.20 -170625.45
V 2536 -875718.70 -170625.45
V 2544 -875726.45 -170627.53
V 2552 -875732.12 -170633.20
V 2560 -875734.20 -170640.95
V 2568 -875734.20 -170711.95
V 2576 -875732.12 -170719.70
V 2584 -875726.45 -170725.37
V 2592 -875718.70 -170727.45
V 2600 -875619.20 -170727.45
V 2608 -875619.20 -170767.45
V 2616 -875718.70 -170767.45
V 2624 -875726.45 -170769.53
V 2632 -875732.12 -170775.20
V 2640 -875734.20 -170782.95
V 2648 -875734.20 -170853.95
V 2656 -875732.12 -170861.70
V 2664 -875726.45 -170867.37
V 2672 -875718.70 -170869.45
V 2680 -875619.20 -170869.45
V 2688 -875619.20 -170909.45
V 2696 -875718.70 -170909.45
V 2704 -875726.45 -170911.53
V 2712 -875732.12 -170917.20
V 2720 -875734.20 -170924.95
V 2728 -875734.20 -170995.95
V 2736 -875732.12 -171003.70
V 2744 -875726.45 -171009.37
V 2752 -875718.70 -171011.45
V 2760 -875619.20 -171011.45
V 2768 -875619.20 -171051.45
V 2776 -875718.70 -171051.45
V 2784 -875726.45 -171053.53
V 2792 -875732.12 -171059.20
V 2800 -875734.20 -171066.95
V 2808 -875734.20 -171137.95
V 2816 -875732.12 -171145.70
V 2824 -875726.45 -171151.37
V 2832 -875718.70 -171153.45
V 2840 -875619.20 -171153.45
V 2848 -875619.20 -171193.45
V 2856 -875718.70 -171193.45
V 2864 -875726.45 -171195.53
V 2872 -875732.12 -171201.20
V 2880 -875734.20 -171208.95
V 2888 -875734.20 -171279.95
V 2896 -875732.12 -171287.70
V 2904 -875726.45 -171293.37
V 2912 -875718.70 -171295.45
V 2920 -875619.20 -171295.45
V 2928 -875619.20 -171335.45
V 2936 -875718.70 -171335.45
V 2944 -875726.45 -171337.53
V 2952 -875732.12 -171343.20
V 2960 -875734.20 -171350.95
V 2968 -875734.20 -171421.95
V 2976 -875732.12 -171429.70
V 2984 -875726.45 -171435.37
V 2992 -875718.70 -171437.45
V 3000 -875619.20 -171437.45
V 3008 -875619.20 -171477.45
V 3016 -875718.70 -171477.45
V 3024 -875726.45 -171479.53
V 3032 -875732.12 -171485.20
V 3040 -875734.20 -171492.95
V 3048 -875734.20 -171563.95
V 3056 -875732.12 -171571.70
V 3064 -875726.45 -171577.37
V 3072 -875718.70 -171579.45
V 3080 -875619.20 -171579.45
V 3088 -875619.20 -171619.45
V 3096 -875718.70 -171619.45
V 3104 -875726.45 -171621.53
V 3112 -875732.12 -171627.20
V 3120 -875734.20 -171634.95
V 3128 -875734.20 -171705.95
V 3136 -875732.12 -171713.70
V 3144 -875726.45 -171719.37
V 3152 -875718.70 -171721.45
V 3160 -875619.20 -171721.45
V 3168 -875619.20 -171761.45
V 3176 -875718.70 -171761.45
V 3184 -875726.45 -171763.53
V 3192 -875732.12 -171769.20
V 3200 -875734.20 -171776.95
V 3208 -875734.20 -171847.95
V 3216 -875732.12 -171855.70
V 3224 -875726.45 -171861.37
V 3232 -875718.70 -171863.45
V 3240 -875619.20 -171863.45
V 3248 -875619.20 -171903.45
V 3256 -875718.70 -171903.45
V 3264 -875726.45 -171905.53
V 3272 -875732.12 -171911.20
V 3280 -875734.20 -171918.95
V 3288 -875734.20 -171989.95
V 3296 -875732.12 -171997.70
V 3304 -875726.45 -172003.37
V 3312 -875718.70 -172005.45
V 3320 -875619.20 -172005.45
V 3328 -875619.20 -172045.45
V 3336 -875718.70 -172045.45
V 3344 -875726.45 -172047.53
V 3352 -875732.12 -172053.20
V 3360 -875734.20 -172060.95
V 3368 -875734.20 -172131.95
V 3376 -875732.12 -172139.70
V 3384 -875726.45 -172145.37
V 3392 -875718.70 -172147.45
V 3400 -875619.20 -172147.45
V 3408 -875619.20 -172187.45
V 3416 -875718.70 -172187.45
V 3424 -875726.45 -172189.53
V 3432 -875732.12 -172195.20
V 3440 -875734.20 -172202.95
V 3448 -875734.20 -172273.95
V 3456 -875732.12 -172281.70
V 3464 -875726.45 -172287.37
V 3472 -875718.70 -172289.45
V 3480 -875619.20 -172289.45
V 3488 -875619.20 -172329.45
V 3496 -875718.70 -172329.45
V 3504 -875726.45 -172331.53
V 3512 -875732.12 -172337.20
V 3520 -875734.20 -172344.95
V 3528 -875734.20 -172415.95
V 3536 -875732.12 -172423.70
V 3544 -875726.45 -172429.37
V 3552 -875718.70 -172431.45
V 3560 -875619.20 -172431.45
V 3568 -875619.20 -172471.45
V 3576 -875718.70 -172471.45
V 3584 -875726.45 -172473.53
V 3592 -875732.12 -172479.20
V 3600 -875734.20 -172486.95
V 3608 -875734.20 -172557.95
V 3616 -875732.12 -172565.70
V 3624 -875726.45 -172571.37
V 3632 -875718.70 -172573.45
V 3640 -875619.20 -172573.45
V 3648 -875619.20 -172613.45
V 3656 -875718.70 -172613.45
V 3664 -875726.45 -172615.53
V 3672 -875732.12 -172621.20
V 3680 -875734.20 -172628.95
V 3688 -875734.20 -172699.95
V 3696 -875732.12 -172707.70
V 3704 -875726.45 -172713.37
V 3712 -875718.70 -172715.45
V 3720 -875619.20 -172715.45
V 3728 -875619.20 -172755.45
V 3736 -875718.70 -172755.45
V 3744 -875726.45 -172757.53
V 3752 -875732.12 -172763.20
V 3760 -875734.20 -172770.95
V 3768 -875734.20 -172841.95
V 3776 -875732.12 -172849.70
V 3784 -875726.45 -172855.37
V 3792 -875718.70 -172857.45
V 3800 -875619.20 -172857.45
V 3808 -875619.20 -172897.45
V 3816 -875718.70 -172897.45
V 3824 -875726.45 -172899.53
V 3832 -875732.12 -172905.20
V 3840 -875734.20 -172912.95
V 3848 -875734.20 -172983.95
V 3856 -875732.12 -172991.70
V 3864 -875726.45 -172997.37
V 3872 -875718.70 -172999.45
V 3880 -875619.20 -172999.45
V 3888 -875619.20 -173039.45
V 3896 -875718.70 -173039.45
V 3904 -875726.45 -173041.53
V 3912 -875732.12 -173047.20
V 3920 -875734.20 -173054.95
V 3928 -875734.20 -173125.95
V 3936 -875732.12 -173133.70
V 3944 -875726.45 -173139.37
V 3952 -875718.70 -173141.45
V 3960 -875619.20 -173141.45
V 3968 -875619.20 -173181.45
V 3976 -875718.70 -173181.45
V 3984 -875726.45 -173183.53
V 3992 -875732.12 -173189.20
V 4000 -875734.20 -173196.95
V 4008 -875734.20 -173267.95
V 4016 -875732.12 -173275.70
V 4024 -875726.45 -173281.37
V 4032 -875718.70 -173283.45
V 4040 -875619.20 -173283.45
V 4048 -875619.20 -173323.45
V 4056 -875718.70 -173323.45
V 4064 -875726.45 -173325.53
V 4072 -875732.12 -173331.20
V 4080 -875734.20 -173338.95
V 4088 -875734.20 -173409.95
V 4096 -875732.12 -173417.70
V 4104 -875726.45 -173423.37
V 4112 -875718.70 -173425.45
V 4120 -875619.20 -173425.45
V 4128 -875619.20 -173465.45
V 4136 -875718.70 -173465.45
V 4144 -875726.45 -173467.53
V 4152 -875732.12 -173473.20
V 4160 -875734.20 -173480.95
V 4168 -875734.20 -173551.95
V 4176 -875732.12 -173559.70
V 4184 -875726.45 -173565.37
V 4192 -875718.70 -173567.45
V 4200 -875619.20 -173567.45
V 4208 -875619.20 -173607.45
V 4216 -875718.70 -173607.45
V 4224 -875726.45 -173609.53
V 4232 -875732.12 -173615.20
V 4240 -875734.20 -173622.95
V 4248 -875734.20 -173693.95
V 4256 -875732.12 -173701.70
V 4264 -875726.45 -173707.37
V 4272 -875718.70 -173709.45
V 4280 -875619.20 -173709.45
V 4288 -875619.20 -173749.45
V 4296 -875718.70 -173749.45
V 4304 -875726.45 -173751.53
V 4312 -875732.12 -173757.20
V 4320 -875734.20 -173764.95
V 4328 -875734.20 -173835.95
V 4336 -875732.12 -173843.70
V 4344 -875726.45 -173849.37
V 4352 -875718.70 -173851.45
V 4360 -875619.20 -173851.45
V 4368 -875619.20 -173891.45
V 4376 -875718.70 -173891.45
V 4384 -875726.45 -173893.53
V 4392 -875732.12 -173899.20
V 4400 -875734.20 -173906.95
V 4408 -875734.20 -173977.95
V 4416 -875732.12 -173985.70
V 4424 -875726.45 -173991.37
V 4432 -875718.70 -173993.45
V 4440 -875619.20 -173993.45
V 4448 -875619.20 -174033.45
V 4456 -875718.70 -174033.45
V 4464 -875726.45 -174035.53
V 4472 -875732.12 -174041.20
V 4480 -875734.20 -174048.95
V 4488 -875734.20 -174119.95
V 4496 -875732.12 -174127.70
V 4504 -875726.45 -174133.37
V 4512 -875718.70 -174135.45
V 4520 -875619.20 -174135.45
V 4528 -875619.20 -174175.45
V 4536 -875718.70 -174175.45
V 4544 -875726.45 -174177.53
V 4552 -875732.12 -174183.20
V 4560 -875734.20 -174190.95
V 4568 -875734.20 -174261.95
V 4576 -875732.12 -174269.70
V 4584 -875726.45 -174275.37
V 4592 -875718.70 -174277.45
V 4600 -875619.20 -174277.45
V 4608 -875619.20 -174317.45
V 4616 -875718.70 -174317.45
V 4624 -875726.45 -174319.53
V 4632 -875732.12 -174325.20
V 4640 -875734.20 -174332.95
V 4648 -875734.20 -174403.95
V 4656 -875732.12 -174411.70
V 4664 -875726.45 -174417.37
V 4672 -875718.70 -174419.45
V 4680 -875619.20 -174419.45
V 4688 -875619.20 -174459.45
V 4696 -875718.70 -174459.45
V 4704 -875726.45 -174461.53
V 4712 -875732.12 -174467.20
V 4720 -875734.20 -174474.95
V 4728 -875734.20 -174545.95
V 4736 -875732.12 -174553.70
V 4744 -875726.45 -174559.37
V 4752 -875718.70 -174561.45
V 4760 -875619.20 -174561.45
V 4768 -875619.20 -174601.45
V 4776 -875718.70 -174601.45
V 4784 -875726.45 -174603.53
V 4792 -875732.12 -174609.20
V 4800 -875734.20 -174616.95
V 4808 -875734.20 -174687.95
V 4816 -875732.12 -174695.70
V 4824 -875726.45 -174701.37
V 4832 -875718.70 -174703.45
V 4840 -875619.20 -174703.45
V 4848 -875619.20 -174743.45
V 4856 -875718.70 -174743.45
V 4864 -875726.45 -174745.53
V 4872 -875732.12 -174751.20
V 4880 -875734.20 -174758.95
V 4888 -875734.20 -174829.95
V 4896 -875732.12 -174837.70
V 4904 -875726.45 -174843.37
V 4912 -875718.70 -174845.45
V 4920 -875619.20 -174845.45
V 4928 -875619.20 -174885.45
V 4936 -875718.70 -174885.45
V 4944 -875726.45 -174887.53
V 4952 -875732.12 -174893.20
V 4960 -875734.20 -174900.95
V 4968 -875734.20 -174971.95
V 4976 -875732.12 -174979.70
V 4984 -875726.45 -174985.37
V 4992 -875718.70 -174987.45
V 5000 -875619.20 -174987.45
V 5008 -875619.20 -175027.45
V 5016 -875718.70 -175027.45
V 5024 -875726.45 -175029.53
V 5032 -875732.12 -175035.20
V 5040 -875734.20 -175042.95
V 5048 -875734.20 -175113.95
V 5056 -875732.12 -175121.70
V 5064 -875726.45 -175127.37
V 5072 -875718.70 -175129.45
V 5080 -875619.20 -175129.45
V 5088 -875619.20 -175169.45
V 5096 -875718.70 -175169.45
V 5104 -875726.45 -175171.53
V 5112 -875732.12 -175177.20
V 5120 -875734.20 -175184.95
V 5128 -875734.20 -175255.95
V 5136 -875732.12 -175263.70
V 5144 -875726.45 -175269.37
V 5152 -875718.70 -175271.45
V 5160 -875619.20 -175271.45
V 5168 -875619.20 -175311.45
V 5176 -875718.70 -175311.45
V 5184 -875726.45 -175313.53
V 5192 -875732.12 -175319.20
V 5200 -875734.20 -175326.95
V 5208 -875734.20 -175397.95
V 5216 -875732.12 -175405.70
V 5224 -875726.45 -175411.37
V 5232 -875718.70 -175413.45
V 5240 -875619.20 -175413.45
V 5248 -875619.20 -175453.45
V 5256 -875718.70 -175453.45
V 5264 -875726.45 -175455.53
V 5272 -875732.12 -175461.20
V 5280 -875734.20 -175468.95
V 5288 -875734.20 -175539.95
V 5296 -875732.12 -175547.70
V 5304 -875726.45 -175553.37
V 5312 -875718.70 -175555.45
V 5320 -875619.20 -175555.45
V 5328 -875619.20 -175595.45
V 5336 -875718.70 -175595.45
V 5344 -875726.45 -175597.53
V 5352 -875732.12 -175603.20
V 5360 -875734.20 -175610.95
V 5368 -875734.20 -175681.95
V 5376 -875732.12 -175689.70
V 5384 -875726.45 -175695.37
V 5392 -875718.70 -175697.45
V 5400 -875619.20 -175697.45
V 5408 -875619.20 -175737.45
V 5416 -875718.70 -175737.45
V 5424 -875726.45 -175739.53
V 5432 -875732.12 -175745.20
V 5440 -875734.20 -175752.95
V 5448 -875734.20 -175823.95
V 5456 -875732.12 -175831.70
V 5464 -875726.45 -175837.37
V 5472 -875718.70 -175839.45
V 5480 -875619.20 -175839.45
V 5488 -875619.20 -175879.45
V 5496 -875718.70 -175879.45
V 5504 -875726.45 -175881.53
V 5512 -875732.12 -175887.20
V 5520 -875734.20 -175894.95
V 5528 -875734.20 -175965.95
V 5536 -875732.12 -175973.70
V 5544 -875726.45 -175979.37
V 5552 -875718.70 -175981.45
V 5560 -875619.20 -175981.45
V 5568 -875619.20 -176021.45
V 5576 -875718.70 -176021.45
V 5584 -875726.45 -176023.53
V 5592 -875732.12 -176029.20
V 5600 -875734.20 -176036.95
V 5608 -875734.20 -176107.95
V 5616 -875732.12 -176115.70
V 5624 -875726.45 -176121.37
V 5632 -875718.70 -176123.45
V 5640 -875619.20 -176123.45
V 5648 -875619.20 -176163.45
V 5656 -875718.70 -176163.45
V 5664 -875726.45 -176165.53
V 5672 -875732.12 -176171.20
V 5680 -875734.20 -176178.95
V 5688 -875734.20 -176249.95
V 5696 -875732.12 -176257.70
V 5704 -875726.45 -176263.37
V 5712 -875718.70 -176265.45
V 5720 -875619.20 -176265.45
V 5728 -875619.20 -176305.45
V 5736 -875718.70 -176305.45
V 5744 -875726.45 -176307.53
V 5752 -875732.12 -176313.20
V 5760 -875734.20 -176320.95
V 5768 -875734.20 -176391.95
V 5776 -875732.12 -176399.70
V 5784 -875726.45 -176405.37
V 5792 -875718.70 -176407.45
V 5800 -875619.20 -176407.45
V 5808 -875619.20 -176447.45
V 5816 -875718.70 -176447.45
V 5824 -875726.45 -176449.53
V 5832 -875732.12 -176455.20
V 5840 -875734.20 -176462.95
V 5848 -875734.20 -176533.95
V 5856 -875732.12 -176541.70
V 5864 -875726.45 -176547.37
V 5872 -875718.70 -176549.45
V 5880 -875619.20 -176549.45
V 5888 -875619.20 -176589.45
V 5896 -875718.70 -176589.45
V 5904 -875726.45 -176591.53
V 5912 -875732.12 -176597.20
V 5920 -875734.20 -176604.95
V 5928 -875734.20 -176675.95
V 5936 -875732.12 -176683.70
V 5944 -875726.45 -176689.37
V 5952 -875718.70 -176691.45
V 5960 -875619.20 -176691.45
V 5968 -875619.20 -176731.45
V 5976 -875718.70 -176731.45
V 5984 -875726.45 -176733.53
V 5992 -875732.12 -176739.20
V 6000 -875734.20 -176746.95
V 6008 -875734.20 -176817.95
V 6016 -875732.12 -176825.70
V 6024 -875726.45 -176831.37
V 6032 -875718.70 -176833.45
V 6040 -875619.20 -176833.45
V 6048 -875619.20 -176873.45
V 6056 -875718.70 -176873.45
V 6064 -875726.45 -176875.53
V 6072 -875732.12 -176881.20
V 6080 -875734.20 -176888.95
V 6088 -875734.20 -176959.95
V 6096 -875732.12 -176967.70
V 6104 -875726.45 -176973.37
V 6112 -875718.70 -176975.45
V 6120 -875619.20 -176975.45
V 6128 -875619.20 -177015.45
V 6136 -875718.70 -177015.45
V 6144 -875726.45 -177017.53
V 6152 -875732.12 -177023.20
V 6160 -875734.20 -177030.95
V 6168 -875734.20 -177101.95
V 6176 -875732.12 -177109.70
V 6184 -875726.45 -177115.37
V 6192 -875718.70 -177117.45
V 6200 -875619.20 -177117.45
V 6208 -875619.20 -177157.45
V 6216 -875718.70 -177157.45
V 6224 -875726.45 -177159.53
V 6232 -875732.12 -177165.20
V 6240 -875734.20 -177172.95
V 6248 -875734.20 -177243.95
V 6256 -875732.12 -177251.70
V 6264 -875726.45 -177257.37
V 6272 -875718.70 -177259.45
V 6280 -875619.20 -177259.45
V 6288 -875619.20 -177299.45
V 6296 -875718.70 -177299.45
V 6304 -875726.45 -177301.53
V 6312 -875732.12 -177307.20
V 6320 -875734.20 -177314.95
V 6328 -875734.20 -177385.95
V 6336 -875732.12 -177393.70
V 6344 -875726.45 -177399.37
V 6352 -875718.70 -177401.45
V 6360 -875619.20 -177401.45
V 6368 -875619.20 -177441.45
V 6376 -875718.70 -177441.45
V 6384 -875726.45 -177443.53
V 6392 -875732.12 -177449.20
V 6400 -875734.20 -177456.95
V 6408 -875734.20 -177527.95
V 6416 -875732.12 -177535.70
V 6424 -875726.45 -177541.37
V 6432 -875718.70 -177543.45
V 6440 -875619.20 -177543.45
V 6448 -875619.20 -177583.45
V 6456 -875718.70 -177583.45
V 6464 -875726.45 -177585.53
V 6472 -875732.12 -177591.20
V 6480 -875734.20 -177598.95
V 6488 -875734.20 -177669.95
V 6496 -875732.12 -177677.70
V 6504 -875726.45 -177683.37
V 6512 -875718.70 -177685.45
V 6520 -875619.20 -177685.45
V 6528 -875619.20 -177725.45
V 6536 -875718.70 -177725.45
V 6544 -875726.45 -177727.53
V 6552 -875732.12 -177733.20
V 6560 -875734.20 -177740.95
V 6568 -875734.20 -177811.95
V 6576 -875732.12 -177819.70
V 6584 -875726.45 -177825.37
V 6592 -875718.70 -177827.45
V 6600 -875619.20 -177827.45
V 6608 -875619.20 -177867.45
V 6616 -875718.70 -177867.45
V 6624 -875726.45 -177869.53
V 6632 -875732.12 -177875.20
V 6640 -875734.20 -177882.95
V 6648 -875734.20 -177953.95
V 6656 -875732.12 -177961.70
V 6664 -875726.45 -177967.37
V 6672 -875718.70 -177969.45
V 6680 -875619.20 -177969.45
V 6688 -875619.20 -178009.45
V 6696 -875718.70 -178009.45
V 6704 -875726.45 -178011.53
V 6712 -875732.12 -178017.20
V 6720 -875734.20 -178024.95
V 6728 -875734.20 -178095.95
V 6736 -875732.12 -178103.70
V 6744 -875726.45 -178109.37
V 6752 -875718.70 -178111.45
V 6760 -875619.20 -178111.45
V 6768 -875619.20 -178151.45
V 6776 -875718.70 -178151.45
V 6784 -875726.45 -178153.53
V 6792 -875732.12 -178159.20
V 6800 -875734.20 -178166.95
V 6808 -875734.20 -178237.95
V 6816 -875732.12 -178245.70
V 6824 -875726.45 -178251.37
V 6832 -875718.70 -178253.45
V 6840 -875619.20 -178253.45
V 6848 -875619.20 -178293.45
V 6856 -875718.70 -178293.45
V 6864 -875726.45 -178295.53
V 6872 -875732.12 -178301.20
V 6880 -875734.20 -178308.95
V 6888 -875734.20 -178379.95
V 6896 -875732.12 -178387.70
V 6904 -875726.45 -178393.37
V 6912 -875718.70 -178395.45
V 6920 -875676.70 -178395.45
V 6928 -875676.70 -178404.45
V 6936 -875645.70 -178404.45
V 6944 -875645.70 -178379.95
V 6952 -875645.74 -178378.84
V 6960 -875645.86 -178377.74
V 6968 -875646.05 -178376.66
V 6976 -875646.33 -178375.58
V 6984 -875646.68 -178374.53
V 6992 -875647.10 -178373.51
V 7000 -875647.60 -178372.52
V 7008 -875648.16 -178371.57
V 7016 -875648.79 -178370.66
V 7024 -875649.49 -178369.80
V 7032 -875650.24 -178368.99
V 7040 -875651.05 -178368.24
V 7048 -875651.91 -178367.54
V 7056 -875652.82 -178366.91
V 7064 -875653.77 -178366.35
V 7072 -875654.76 -178365.85
V 7080 -875655.78 -178365.43
V 7088 -875656.83 -178365.08
V 7096 -875657.91 -178364.80
V 7104 -875658.99 -178364.61
V 7112 -875660.09 -178364.49
V 7120 -875661.20 -178364.45
V 7128 -875703.20 -178364.45
V 7136 -875703.20 -178324.45
V 7144 -875603.70 -178324.45
V 7152 -875595.95 -178322.37
V 7160 -875590.28 -178316.70
V 7168 -875588.20 -178308.95
V 7176 -875588.20 -178237.95
V 7184 -875590.28 -178230.20
V 7192 -875595.95 -178224.53
V 7200 -875603.70 -178222.45
V 7208 -875703.20 -178222.45
V 7216 -875703.20 -178182.45
V 7224 -875603.70 -178182.45
V 7232 -875595.95 -178180.37
V 7240 -875590.28 -178174.70
V 7248 -875588.20 -178166.95
V 7256 -875588.20 -178095.95
V 7264 -875590.28 -178088.20
V 7272 -875595.95 -178082.53
V 7280 -875603.70 -178080.45
V 7288 -875703.20 -178080.45
V 7296 -875703.20 -178040.45
V 7304 -875603.70 -178040.45
V 7312 -875595.95 -178038.37
V 7320 -875590.28 -178032.70
V 7328 -875588.20 -178024.95
V 7336 -875588.20 -177953.95
V 7344 -875590.28 -177946.20
V 7352 -875595.95 -177940.53
V 7360 -875603.70 -177938.45
V 7368 -875703.20 -177938.45
V 7376 -875703.20 -177898.45
V 7384 -875603.70 -177898.45
V 7392 -875595.95 -177896.37
V 7400 -875590.28 -177890.70
V 7408 -875588.20 -177882.95
V 7416 -875588.20 -177811.95
V 7424 -875590.28 -177804.20
V 7432 -875595.95 -177798.53
V 7440 -875603.70 -177796.45
V 7448 -875703.20 -177796.45
V 7456 -875703.20 -177756.45
V 7464 -875603.70 -177756.45
V 7472 -875595.95 -177754.37
V 7480 -875590.28 -177748.70
V 7488 -875588.20 -177740.95
V 7496 -875588.20 -177669.95
V 7504 -875590.28 -177662.20
V 7512 -875595.95 -177656.53
V 7520 -875603.70 -177654.45
V 7528 -875703.20 -177654.45
V 7536 -875703.20 -177614.45
V 7544 -875603.70 -177614.45
V 7552 -875595.95 -177612.37
V 7560 -875590.28 -177606.70
V 7568 -875588.20 -177598.95
V 7576 -875588.20 -177527.95
V 7584 -875590.28 -177520.20
V 7592 -875595.95 -177514.53
V 7600 -875603.70 -177512.45
V 7608 -875703.20 -177512.45
V 7616 -875703.20 -177472.45
V 7624 -875603.70 -177472.45
V 7632 -875595.95 -177470.37
V 7640 -875590.28 -177464.70
V 7648 -875588.20 -177456.95
V 7656 -875588.20 -177385.95
V 7664 -875590.28 -177378.20
V 7672 -875595.95 -177372.53
V 7680 -875603.70 -177370.45
V 7688 -875703.20 -177370.45
V 7696 -875703.20 -177330.45
V 7704 -875603.70 -177330.45
V 7712 -875595.95 -177328.37
V 7720 -875590.28 -177322.70
V 7728 -875588.20 -177314.95
V 7736 -875588.20 -177243.95
V 7744 -875590.28 -177236.20
V 7752 -875595.95 -177230.53
V 7760 -875603.70 -177228.45
V 7768 -875703.20 -177228.45
V 7776 -875703.20 -177188.45
V 7784 -875603.70 -177188.45
V 7792 -875595.95 -177186.37
V 7800 -875590.28 -177180.70
V 7808 -875588.20 -177172.95
V 7816 -875588.20 -177101.95
V 7824 -875590.28 -177094.20
V 7832 -875595.95 -177088.53
V 7840 -875603.70 -177086.45
V 7848 -875703.20 -177086.45
V 7856 -875703.20 -177046.45
V 7864 -875603.70 -177046.45
V 7872 -875595.95 -177044.37
V 7880 -875590.28 -177038.70
V 7888 -875588.20 -177030.95
V 7896 -875588.20 -176959.95
V 7904 -875590.28 -176952.20
V 7912 -875595.95 -176946.53
V 7920 -875603.70 -176944.45
V 7928 -875703.20 -176944.45
V 7936 -875703.20 -176904.45
V 7944 -875603.70 -176904.45
V 7952 -875595.95 -176902.37
V 7960 -875590.28 -176896.70
V 7968 -875588.20 -176888.95
V 7976 -875588.20 -176817.95
V 7984 -875590.28 -176810.20
V 7992 -875595.95 -176804.53
V 8000 -875603.70 -176802.45
V 8008 -875703.20 -176802.45
V 8016 -875703.20 -176762.45
V 8024 -875603.70 -176762.45
V 8032 -875595.95 -176760.37
V 8040 -875590.28 -176754.70
V 8048 -875588.20 -176746.95
V 8056 -875588.20 -176675.95
V 8064 -875590.28 -176668.20
V 8072 -875595.95 -176662.53
V 8080 -875603.70 -176660.45
V 8088 -875703.20 -176660.45
V 8096 -875703.20 -176620.45
V 8104 -875603.70 -176620.45
V 8112 -875595.95 -176618.37
V 8120 -875590.28 -176612.70
V 8128 -875588.20 -176604.95
V 8136 -875588.20 -176533.95
V 8144 -875590.28 -176526.20
V 8152 -875595.95 -176520.53
V 8160 -875603.70 -176518.45
V 8168 -875703.20 -176518.45
V 8176 -875703.20 -176478.45
V 8184 -875603.70 -176478.45
V 8192 -875595.95 -176476.37
V 8200 -875590.28 -176470.70
V 8208 -875588.20 -176462.95
V 8216 -875588.20 -176391.95
V 8224 -875590.28 -176384.20
V 8232 -875595.95 -176378.53
V 8240 -875603.70 -176376.45
V 8248 -875703.20 -176376.45
V 8256 -875703.20 -176336.45
V 8264 -875603.70 -176336.45
V 8272 -875595.95 -176334.37
V 8280 -875590.28 -176328.70
V 8288 -875588.20 -176320.95
V 8296 -875588.20 -176249.95
V 8304 -875590.28 -176242.20
V 8312 -875595.95 -176236.53
V 8320 -875603.70 -176234.45
V 8328 -875703.20 -176234.45
V 8336 -875703.20 -176194.45
V 8344 -875603.70 -176194.45
V 8352 -875595.95 -176192.37
V 8360 -875590.28 -176186.70
V 8368 -875588.20 -176178.95
V 8376 -875588.20 -176107.95
V 8384 -875590.28 -176100.20
V 8392 -875595.95 -176094.53
V 8400 -875603.70 -176092.45
V 8408 -875703.20 -176092.45
V 8416 -875703.20 -176052.45
V 8424 -875603.70 -176052.45
V 8432 -875595.95 -176050.37
V 8440 -875590.28 -176044.70
V 8448 -875588.20 -176036.95
V 8456 -875588.20 -175965.95
V 8464 -875590.28 -175958.20
V 8472 -875595.95 -175952.53
V 8480 -875603.70 -175950.45
V 8488 -875703.20 -175950.45
V 8496 -875703.20 -175910.45
V 8504 -875603.70 -175910.45
V 8512 -875595.95 -175908.37
V 8520 -875590.28 -175902.70
V 8528 -875588.20 -175894.95
V 8536 -875588.20 -175823.95
V 8544 -875590.28 -175816.20
V 8552 -875595.95 -175810.53
V 8560 -875603.70 -175808.45
V 8568 -875703.20 -175808.45
V 8576 -875703.20 -175768.45
V 8584 -875603.70 -175768.45
V 8592 -875595.95 -175766.37
V 8600 -875590.28 -175760.70
V 8608 -875588.20 -175752.95
V 8616 -875588.20 -175681.95
V 8624 -875590.28 -175674.20
V 8632 -875595.95 -175668.53
V 8640 -875603.70 -175666.45
V 8648 -875703.20 -175666.45
V 8656 -875703.20 -175626.45
V 8664 -875603.70 -175626.45
V 8672 -875595.95 -175624.37
V 8680 -875590.28 -175618.70
V 8688 -875588.20 -175610.95
V 8696 -875588.20 -175539.95
V 8704 -875590.28 -175532.20
V 8712 -875595.95 -175526.53
V 8720 -875603.70 -175524.45
V 8728 -875703.20 -175524.45
V 8736 -875703.20 -175484.45
V 8744 -875603.70 -175484.45
V 8752 -875595.95 -175482.37
V 8760 -875590.28 -175476.70
V 8768 -875588.20 -175468.95
V 8776 -875588.20 -175397.95
V 8784 -875590.28 -175390.20
V 8792 -875595.95 -175384.53
V 8800 -875603.70 -175382.45
V 8808 -875703.20 -175382.45
V 8816 -875703.20 -175342.45
V 8824 -875603.70 -175342.45
V 8832 -875595.95 -175340.37
V 8840 -875590.28 -175334.70
V 8848 -875588.20 -175326.95
V 8856 -875588.20 -175255.95
V 8864 -875590.28 -175248.20
V 8872 -875595.95 -175242.53
V 8880 -875603.70 -175240.45
V 8888 -875703.20 -175240.45
V 8896 -875703.20 -175200.45
V 8904 -875603.70 -175200.45
V 8912 -875595.95 -175198.37
V 8920 -875590.28 -175192.70
V 8928 -875588.20 -175184.95
V 8936 -875588.20 -175113.95
V 8944 -875590.28 -175106.20
V 8952 -875595.95 -175100.53
V 8960 -875603.70 -175098.45
V 8968 -875703.20 -175098.45
V 8976 -875703.20 -175058.45
V 8984 -875603.70 -175058.45
V 8992 -875595.95 -175056.37
V 9000 -875590.28 -175050.70
V 9008 -875588.20 -175042.95
V 9016 -875588.20 -174971.95
V 9024 -875590.28 -174964.20
V 9032 -875595.95 -174958.53
V 9040 -875603.70 -174956.45
V 9048 -875703.20 -174956.45
V 9056 -875703.20 -174916.45
V 9064 -875603.70 -174916.45
V 9072 -875595.95 -174914.37
V 9080 -875590.28 -174908.70
V 9088 -875588.20 -174900.95
V 9096 -875588.20 -174829.95
V 9104 -875590.28 -174822.20
V 9112 -875595.95 -174816.53
V 9120 -875603.70 -174814.45
V 9128 -875703.20 -174814.45
V 9136 -875703.20 -174774.45
V 9144 -875603.70 -174774.45
V 9152 -875595.95 -174772.37
V 9160 -875590.28 -174766.70
V 9168 -875588.20 -174758.95
V 9176 -875588.20 -174687.95
V 9184 -875590.28 -174680.20
V 9192 -875595.95 -174674.53
V 9200 -875603.70 -174672.45
V 9208 -875703.20 -174672.45
V 9216 -875703.20 -174632.45
V 9224 -875603.70 -174632.45
V 9232 -875595.95 -174630.37
V 9240 -875590.28 -174624.70
V 9248 -875588.20 -174616.95
V 9256 -875588.20 -174545.95
V 9264 -875590.28 -174538.20
V 9272 -875595.95 -174532.53
V 9280 -875603.70 -174530.45
V 9288 -875703.20 -174530.45
V 9296 -875703.20 -174490.45
V 9304 -875603.70 -174490.45
V 9312 -875595.95 -174488.37
V 9320 -875590.28 -174482.70
V 9328 -875588.20 -174474.95
V 9336 -875588.20 -174403.95
V 9344 -875590.28 -174396.20
V 9352 -875595.95 -174390.53
V 9360 -875603.70 -174388.45
V 9368 -875703.20 -174388.45
V 9376 -875703.20 -174348.45
V 9384 -875603.70 -174348.45
V 9392 -875595.95 -174346.37
V 9400 -875590.28 -174340.70
V 9408 -875588.20 -174332.95
V 9416 -875588.20 -174261.95
V 9424 -875590.28 -174254.20
V 9432 -875595.95 -174248.53
V 9440 -875603.70 -174246.45
V 9448 -875703.20 -174246.45
V 9456 -875703.20 -174206.45
V 9464 -875603.70 -174206.45
V 9472 -875595.95 -174204.37
V 9480 -875590.28 -174198.70
V 9488 -875588.20 -174190.95
V 9496 -875588.20 -174119.95
V 9504 -875590.28 -174112.20
V 9512 -875595.95 -174106.53
V 9520 -875603.70 -174104.45
V 9528 -875703.20 -174104.45
V 9536 -875703.20 -174064.45
V 9544 -875603.70 -174064.45
V 9552 -875595.95 -174062.37
V 9560 -875590.28 -174056.70
V 9568 -875588.20 -174048.95
V 9576 -875588.20 -173977.95
V 9584 -875590.28 -173970.20
V 9592 -875595.95 -173964.53
V 9600 -875603.70 -173962.45
V 9608 -875703.20 -173962.45
V 9616 -875703.20 -173922.45
V 9624 -875603.70 -173922.45
V 9632 -875595.95 -173920.37
V 9640 -875590.28 -173914.70
V 9648 -875588.20 -173906.95
V 9656 -875588.20 -173835.95
V 9664 -875590.28 -173828.20
V 9672 -875595.95 -173822.53
V 9680 -875603.70 -173820.45
V 9688 -875703.20 -173820.45
V 9696 -875703.20 -173780.45
V 9704 -875603.70 -173780.45
V 9712 -875595.95 -173778.37
V 9720 -875590.28 -173772.70
V 9728 -875588.20 -173764.95
V 9736 -875588.20 -173693.95
V 9744 -875590.28 -173686.20
V 9752 -875595.95 -173680.53
V 9760 -875603.70 -173678.45
V 9768 -875703.20 -173678.45
V 9776 -875703.20 -173638.45
V 9784 -875603.70 -173638.45
V 9792 -875595.95 -173636.37
V 9800 -875590.28 -173630.70
V 9808 -875588.20 -173622.95
V 9816 -875588.20 -173551.95
V 9824 -875590.28 -173544.20
V 9832 -875595.95 -173538.53
V 9840 -875603.70 -173536.45
V 9848 -875703.20 -173536.45
V 9856 -875703.20 -173496.45
V 9864 -875603.70 -173496.45
V 9872 -875595.95 -173494.37
V 9880 -875590.28 -173488.70
V 9888 -875588.20 -173480.95
V 9896 -875588.20 -173409.95
V 9904 -875590.28 -173402.20
V 9912 -875595.95 -173396.53
V 9920 -875603.70 -173394.45
V 9928 -875703.20 -173394.45
V 9936 -875703.20 -173354.45
V 9944 -875603.70 -173354.45
V 9952 -875595.95 -173352.37
V 9960 -875590.28 -173346.70
V 9968 -875588.20 -173338.95
V 9976 -875588.20 -173267.95
V 9984 -875590.28 -173260.20
V 9992 -875595.95 -173254.53
V 10000 -875603.70 -173252.45
V 10008 -875703.20 -173252.45
V 10016 -875703.20 -173212.45
V 10024 -875603.70 -173212.45
V 10032 -875595.95 -173210.37
V 10040 -875590.28 -173204.70
V 10048 -875588.20 -173196.95
V 10056 -875588.20 -173125.95
V 10064 -875590.28 -173118.20
V 10072 -875595.95 -173112.53
V 10080 -875603.70 -173110.45
V 10088 -875703.20 -173110.45
V 10096 -875703.20 -173070.45
V 10104 -875603.70 -173070.45
V 10112 -875595.95 -173068.37
V 10120 -875590.28 -173062.70
V 10128 -875588.20 -173054.95
V 10136 -875588.20 -172983.95
V 10144 -875590.28 -172976.20
V 10152 -875595.95 -172970.53
V 10160 -875603.70 -172968.45
V 10168 -875703.20 -172968.45
V 10176 -875703.20 -172928.45
V 10184 -875603.70 -172928.45
V 10192 -875595.95 -172926.37
V 10200 -875590.28 -172920.70
V 10208 -875588.20 -172912.95
V 10216 -875588.20 -172841.95
V 10224 -875590.28 -172834.20
V 10232 -875595.95 -172828.53
V 10240 -875603.70 -172826.45
V 10248 -875703.20 -172826.45
V 10256 -875703.20 -172786.45
V 10264 -875603.70 -172786.45
V 10272 -875595.95 -172784.37
V 10280 -875590.28 -172778.70
V 10288 -875588.20 -172770.95
V 10296 -875588.20 -172699.95
V 10304 -875590.28 -172692.20
V 10312 -875595.95 -172686.53
V 10320 -875603.70 -172684.45
V 10328 -875703.20 -172684.45
V 10336 -875703.20 -172644.45
V 10344 -875603.70 -172644.45
V 10352 -875595.95 -172642.37
V 10360 -875590.28 -172636.70
V 10368 -875588.20 -172628.95
V 10376 -875588.20 -172557.95
V 10384 -875590.28 -172550.20
V 10392 -875595.95 -172544.53
V 10400 -875603.70 -172542.45
V 10408 -875703.20 -172542.45
V 10416 -875703.20 -172502.45
V 10424 -875603.70 -172502.45
V 10432 -875595.95 -172500.37
V 10440 -875590.28 -172494.70
V 10448 -875588.20 -172486.95
V 10456 -875588.20 -172415.95
V 10464 -875590.28 -172408.20
V 10472 -875595.95 -172402.53
V 10480 -875603.70 -172400.45
V 10488 -875703.20 -172400.45
V 10496 -875703.20 -172360.45
V 10504 -875603.70 -172360.45
V 10512 -875595.95 -172358.37
V 10520 -875590.28 -172352.70
V 10528 -875588.20 -172344.95
V 10536 -875588.20 -172273.95
V 10544 -875590.28 -172266.20
V 10552 -875595.95 -172260.53
V 10560 -875603.70 -172258.45
V 10568 -875703.20 -172258.45
V 10576 -875703.20 -172218.45
V 10584 -875603.70 -172218.45
V 10592 -875595.95 -172216.37
V 10600 -875590.28 -172210.70
V 10608 -875588.20 -172202.95
V 10616 -875588.20 -172131.95
V 10624 -875590.28 -172124.20
V 10632 -875595.95 -172118.53
V 10640 -875603.70 -172116.45
V 10648 -875703.20 -172116.45
V 10656 -875703.20 -172076.45
V 10664 -875603.70 -172076.45
V 10672 -875595.95 -172074.37
V 10680 -875590.28 -172068.70
V 10688 -875588.20 -172060.95
V 10696 -875588.20 -171989.95
V 10704 -875590.28 -171982.20
V 10712 -875595.95 -171976.53
V 10720 -875603.70 -171974.45
V 10728 -875703.20 -171974.45
V 10736 -875703.20 -171934.45
V 10744 -875603.70 -171934.45
V 10752 -875595.95 -171932.37
V 10760 -875590.28 -171926.70
V 10768 -875588.20 -171918.95
V 10776 -875588.20 -171847.95
V 10784 -875590.28 -171840.20
V 10792 -875595.95 -171834.53
V 10800 -875603.70 -171832.45
V 10808 -875703.20 -171832.45
V 10816 -875703.20 -171792.45
V 10824 -875603.70 -171792.45
V 10832 -875595.95 -171790.37
V 10840 -875590.28 -171784.70
V 10848 -875588.20 -171776.95
V 10856 -875588.20 -171705.95
V 10864 -875590.28 -171698.20
V 10872 -875595.95 -171692.53
V 10880 -875603.70 -171690.45
V 10888 -875703.20 -171690.45
V 10896 -875703.20 -171650.45
V 10904 -875603.70 -171650.45
V 10912 -875595.95 -171648.37
V 10920 -875590.28 -171642.70
V 10928 -875588.20 -171634.95
V 10936 -875588.20 -171563.95
V 10944 -875590.28 -171556.20
V 10952 -875595.95 -171550.53
V 10960 -875603.70 -171548.45
V 10968 -875703.20 -171548.45
V 10976 -875703.20 -171508.45
V 10984 -875603.70 -171508.45
V 10992 -875595.95 -171506.37
V 11000 -875590.28 -171500.70
V 11008 -875588.20 -171492.95
V 11016 -875588.20 -171421.95
V 11024 -875590.28 -171414.20
V 11032 -875595.95 -171408.53
V 11040 -875603.70 -171406.45
V 11048 -875703.20 -171406.45
V 11056 -875703.20 -171366.45
V 11064 -875603.70 -171366.45
V 11072 -875595.95 -171364.37
V 11080 -875590.28 -171358.70
V 11088 -875588.20 -171350.95
V 11096 -875588.20 -171279.95
V 11104 -875590.28 -171272.20
V 11112 -875595.95 -171266.53
V 11120 -875603.70 -171264.45
V 11128 -875703.20 -171264.45
V 11136 -875703.20 -171224.45
V 11144 -875603.70 -171224.45
V 11152 -875595.95 -171222.37
V 11160 -875590.28 -171216.70
V 11168 -875588.20 -171208.95
V 11176 -875588.20 -171137.95
V 11184 -875590.28 -171130.20
V 11192 -875595.95 -171124.53
V 11200 -875603.70 -171122.45
V 11208 -875703.20 -171122.45
V 11216 -875703.20 -171082.45
V 11224 -875603.70 -171082.45
V 11232 -875595.95 -171080.37
V 11240 -875590.28 -171074.70
V 11248 -875588.20 -171066.95
V 11256 -875588.20 -170995.95
V 11264 -875590.28 -170988.20
V 11272 -875595.95 -170982.53
V 11280 -875603.70 -170980.45
V 11288 -875703.20 -170980.45
V 11296 -875703.20 -170940.45
V 11304 -875603.70 -170940.45
V 11312 -875595.95 -170938.37
V 11320 -875590.28 -170932.70
V 11328 -875588.20 -170924.95
V 11336 -875588.20 -170853.95
V 11344 -875590.28 -170846.20
V 11352 -875595.95 -170840.53
V 11360 -875603.70 -170838.45
V 11368 -875703.20 -170838.45
V 11376 -875703.20 -170798.45
V 11384 -875603.70 -170798.45
V 11392 -875595.95 -170796.37
V 11400 -875590.28 -170790.70
V 11408 -875588.20 -170782.95
V 11416 -875588.20 -170711.95
V 11424 -875590.28 -170704.20
V 11432 -875595.95 -170698.53
V 11440 -875603.70 -170696.45
V 11448 -875703.20 -170696.45
V 11456 -875703.20 -170656.45
V 11464 -875603.70 -170656.45
V 11472 -875595.95 -170654.37
V 11480 -875590.28 -170648.70
V 11488 -875588.20 -170640.95
V 11496 -875588.20 -170569.95
V 11504 -875590.28 -170562.20
V 11512 -875595.95 -170556.53
V 11520 -875603.70 -170554.45
V 11528 -875703.20 -170554.45
V 11536 -875703.20 -170514.45
V 11544 -875603.70 -170514.45
V 11552 -875595.95 -170512.37
V 11560 -875590.28 -170506.70
V 11568 -875588.20 -170498.95
V 11576 -875588.20 -170427.95
V 11584 -875590.28 -170420.20
V 11592 -875595.95 -170414.53
V 11600 -875603.70 -170412.45
V 11608 -875703.20 -170412.45
V 11616 -875703.20 -170372.45
V 11624 -875603.70 -170372.45
V 11632 -875595.95 -170370.37
V 11640 -875590.28 -170364.70
V 11648 -875588.20 -170356.95
V 11656 -875588.20 -170285.95
V 11664 -875590.28 -170278.20
V 11672 -875595.95 -170272.53
V 11680 -875603.70 -170270.45
V 11688 -875703.20 -170270.45
V 11696 -875703.20 -170230.45
V 11704 -875603.70 -170230.45
V 11712 -875595.95 -170228.37
V 11720 -875590.28 -170222.70
V 11728 -875588.20 -170214.95
V 11736 -875588.20 -170143.95
V 11744 -875590.28 -170136.20
V 11752 -875595.95 -170130.53
V 11760 -875603.70 -170128.45
V 11768 -875703.20 -170128.45
V 11776 -875703.20 -170088.45
V 11784 -875603.70 -170088.45
V 11792 -875595.95 -170086.37
V 11800 -875590.28 -170080.70
V 11808 -875588.20 -170072.95
V 11816 -875588.20 -170001.95
V 11824 -875590.28 -169994.20
V 11832 -875595.95 -169988.53
V 11840 -875603.70 -169986.45
V 11848 -875703.20 -169986.45
V 11856 -875703.20 -169946.45
V 11864 -875603.70 -169946.45
V 11872 -875595.95 -169944.37
V 11880 -875590.28 -169938.70
V 11888 -875588.20 -169930.95
V 11896 -875588.20 -169859.95
V 11904 -875590.28 -169852.20
V 11912 -875595.95 -169846.53
V 11920 -875603.70 -169844.45
V 11928 -875703.20 -169844.45
V 11936 -875703.20 -169804.45
V 11944 -875603.70 -169804.45
V 11952 -875595.95 -169802.37
V 11960 -875590.28 -169796.70
V 11968 -875588.20 -169788.95
V 11976 -875588.20 -169717.95
