V 0 -428406.60 -150421.95
V 8 -428406.60 -150570.51
V 16 -428598.95 -150704.29
V 24 -428599.01 -150704.34
V 32 -428815.47 -150856.35
V 40 -429113.02 -151043.01
V 48 -429113.16 -151043.10
V 56 -429113.62 -151043.41
V 64 -429114.07 -151043.73
V 72 -429114.51 -151044.07
V 80 -429114.77 -151044.29
V 88 -429243.39 -151152.99
V 96 -429463.12 -151305.82
V 104 -429463.26 -151305.91
V 112 -429682.90 -151460.15
V 120 -429974.37 -151642.98
V 128 -429974.51 -151643.07
V 136 -429974.97 -151643.38
V 144 -429975.42 -151643.70
V 152 -429975.86 -151644.04
V 160 -429976.06 -151644.21
V 168 -429976.14 -151644.27
V 176 -430101.82 -151750.50
V 184 -430327.60 -151907.52
V 192 -430327.66 -151907.57
V 200 -430550.33 -152063.94
V 208 -430835.73 -152242.98
V 216 -430835.87 -152243.07
V 224 -430836.33 -152243.38
V 232 -430836.78 -152243.70
V 240 -430837.22 -152244.04
V 248 -430837.42 -152244.21
V 256 -430837.50 -152244.27
V 264 -430960.34 -152348.09
V 272 -431191.76 -152509.05
V 280 -431191.90 -152509.14
V 288 -431417.76 -152667.75
V 296 -431697.09 -152842.96
V 304 -431697.23 -152843.05
V 312 -431697.69 -152843.36
V 320 -431698.14 -152843.68
V 328 -431698.58 -152844.02
V 336 -431698.78 -152844.19
V 344 -431698.86 -152844.25
V 352 -431818.78 -152945.61
V 360 -432056.08 -153110.66
V 368 -432056.22 -153110.75
V 376 -432285.19 -153271.54
V 384 -432558.43 -153442.95
V 392 -432558.57 -153443.04
V 400 -432559.03 -153443.35
V 408 -432559.48 -153443.67
V 416 -432559.92 -153444.01
V 424 -432560.18 -153444.23
V 432 -432677.12 -153543.05
V 440 -432920.34 -153712.20
V 448 -433155.20 -153877.38
V 456 -433442.54 -154054.37
V 464 -433442.71 -154054.48
V 472 -433443.17 -154054.79
V 480 -433443.62 -154055.11
V 488 -433444.06 -154055.45
V 496 -433575.93 -154155.37
V 504 -433831.09 -154312.06
V 512 -433831.11 -154312.07
V 520 -434055.50 -154450.35
V 528 -434280.55 -154583.96
V 536 -434280.73 -154584.07
V 544 -434524.35 -154729.01
V 552 -434780.48 -154862.54
V 560 -434780.96 -154862.80
V 568 -434781.44 -154863.07
V 576 -434781.91 -154863.36
V 584 -434782.37 -154863.67
V 592 -434782.63 -154863.86
V 600 -434782.67 -154863.88
V 608 -434892.15 -154943.81
V 616 -435156.69 -155099.16
V 624 -435156.75 -155099.20
V 632 -435401.44 -155245.09
V 640 -435663.64 -155382.02
V 648 -435663.74 -155382.08
V 656 -435663.89 -155382.16
V 664 -435664.37 -155382.43
V 672 -435664.84 -155382.72
V 680 -435665.24 -155382.99
V 688 -435665.34 -155383.05
V 696 -435789.54 -155469.80
V 704 -436073.02 -155624.11
V 712 -436073.08 -155624.14
V 720 -436073.13 -155624.17
V 728 -436293.23 -155744.02
V 736 -436293.26 -155744.03
V 744 -436509.70 -155861.69
V 752 -436762.66 -156001.21
V 760 -437001.81 -156115.65
V 768 -437002.31 -156115.89
V 776 -437002.80 -156116.15
V 784 -437003.28 -156116.42
V 792 -437003.75 -156116.71
V 800 -437004.04 -156116.91
V 808 -437004.10 -156116.94
V 816 -437118.77 -156195.11
V 824 -437422.85 -156352.08
V 832 -437423.07 -156352.19
V 840 -437643.96 -156466.23
V 848 -437644.18 -156466.34
V 856 -437860.48 -156577.83
V 864 -437860.57 -156577.88
V 872 -438120.73 -156714.12
V 880 -438347.96 -156816.52
V 888 -438348.04 -156816.55
V 896 -438348.54 -156816.79
V 904 -438349.03 -156817.05
V 912 -438349.51 -156817.32
V 920 -438349.98 -156817.61
V 928 -438350.21 -156817.77
V 936 -438444.94 -156879.71
V 944 -438746.73 -157035.48
V 952 -438746.95 -157035.59
V 960 -438967.87 -157149.65
V 968 -438968.09 -157149.76
V 976 -439183.80 -157260.94
V 984 -439183.89 -157260.99
V 992 -439449.65 -157400.16
V 1000 -439666.32 -157497.80
V 1008 -439666.40 -157497.83
V 1016 -439666.90 -157498.07
V 1024 -439667.39 -157498.33
V 1032 -439667.87 -157498.60
V 1040 -439668.34 -157498.89
V 1048 -439668.57 -157499.05
V 1056 -439757.91 -157557.46
V 1064 -440070.58 -157718.86
V 1072 -440070.80 -157718.97
V 1080 -440291.77 -157833.07
V 1088 -440291.99 -157833.18
V 1096 -440507.53 -157944.28
V 1104 -440507.58 -157944.31
V 1112 -440507.86 -157944.46
V 1120 -440775.21 -158084.31
V 1128 -441031.60 -158201.02
V 1136 -441032.12 -158201.27
V 1144 -441032.61 -158201.53
V 1152 -441033.01 -158201.75
V 1160 -441185.85 -158291.24
V 1168 -441533.56 -158442.32
V 1176 -441756.68 -158539.25
V 1184 -441979.58 -158636.09
V 1192 -442203.55 -158733.43
V 1200 -442203.81 -158733.55
V 1208 -442203.84 -158733.56
V 1216 -442418.72 -158826.71
V 1224 -442419.23 -158826.93
V 1232 -442419.37 -158827.00
V 1240 -442704.92 -158953.38
V 1248 -442898.15 -159024.80
V 1256 -442898.17 -159024.81
V 1264 -442898.20 -159024.82
V 1272 -442898.71 -159025.02
V 1280 -442899.22 -159025.24
V 1288 -442899.72 -159025.48
V 1296 -442900.21 -159025.74
V 1304 -442900.27 -159025.78
V 1312 -442900.37 -159025.82
V 1320 -442980.00 -159070.53
V 1328 -443330.30 -159220.61
V 1336 -443553.57 -159316.26
V 1344 -443776.65 -159411.83
V 1352 -444000.90 -159507.93
V 1360 -444001.13 -159508.04
V 1368 -444215.94 -159599.87
V 1376 -444216.18 -159599.97
V 1384 -444504.32 -159725.57
V 1392 -444752.01 -159817.05
V 1400 -444752.04 -159817.06
V 1408 -444752.06 -159817.07
V 1416 -444752.57 -159817.27
V 1424 -444753.08 -159817.49
V 1432 -444753.41 -159817.65
V 1440 -444753.46 -159817.67
V 1448 -444923.47 -159900.94
V 1456 -445322.05 -160037.35
V 1464 -445322.21 -160037.40
V 1472 -445322.55 -160037.52
V 1480 -445548.08 -160114.72
V 1488 -445548.24 -160114.77
V 1496 -445548.58 -160114.89
V 1504 -445774.20 -160192.11
V 1512 -445774.36 -160192.16
V 1520 -445774.70 -160192.28
V 1528 -446000.18 -160269.45
V 1536 -446000.34 -160269.50
V 1544 -446000.68 -160269.62
V 1552 -446226.21 -160346.82
V 1560 -446226.37 -160346.87
V 1568 -446226.71 -160346.99
V 1576 -446452.36 -160424.22
V 1584 -446452.52 -160424.27
V 1592 -446452.65 -160424.31
V 1600 -446678.41 -160501.57
V 1608 -446678.62 -160501.65
V 1616 -446905.80 -160579.45
V 1624 -446905.96 -160579.50
V 1632 -446906.10 -160579.55
V 1640 -447119.68 -160652.40
V 1648 -447119.75 -160652.42
V 1656 -447120.05 -160652.53
V 1664 -447435.28 -160763.26
V 1672 -447764.10 -160854.74
V 1680 -447764.13 -160854.75
V 1688 -447764.67 -160854.90
V 1696 -447765.19 -160855.06
V 1704 -448006.29 -160936.66
V 1712 -448429.17 -161026.87
V 1720 -448429.37 -161026.91
V 1728 -448660.00 -161076.12
V 1736 -448660.20 -161076.16
V 1744 -448890.64 -161125.33
V 1752 -448890.84 -161125.37
V 1760 -449121.29 -161174.54
V 1768 -449121.49 -161174.58
V 1776 -449351.95 -161223.75
V 1784 -449352.15 -161223.79
V 1792 -449582.63 -161272.97
V 1800 -449582.83 -161273.01
V 1808 -449813.10 -161322.13
V 1816 -449813.13 -161322.14
V 1824 -449813.15 -161322.14
V 1832 -449813.17 -161322.15
V 1840 -450045.22 -161371.68
V 1848 -450045.39 -161371.72
V 1856 -450266.71 -161418.76
V 1864 -450266.89 -161418.79
V 1872 -450267.14 -161418.85
V 1880 -450553.58 -161481.47
V 1888 -450871.14 -161538.93
V 1896 -451136.23 -161584.24
V 1904 -451294.57 -161610.07
V 1912 -451295.26 -161610.20
V 1920 -451295.32 -161610.21
V 1928 -451295.40 -161610.23
V 1936 -451613.77 -161677.28
V 1944 -452012.95 -161724.05
V 1952 -452013.09 -161724.06
V 1960 -452013.64 -161724.13
V 1968 -452013.90 -161724.17
V 1976 -473128.17 -165309.42
V 1984 -476073.62 -165809.56
V 1992 -476073.67 -165809.57
V 2000 -477926.79 -166124.23
V 2008 -480909.93 -166630.78
V 2016 -480969.50 -166640.89
V 2024 -481818.81 -166785.11
V 2032 -484574.61 -167253.05
V 2040 -484767.64 -167285.82
V 2048 -492565.02 -168609.84
V 2056 -492565.06 -168609.84
V 2064 -492566.02 -168610.00
V 2072 -492566.06 -168610.01
V 2080 -496729.05 -169316.89
V 2088 -496776.16 -169324.90
V 2096 -498139.16 -169556.34
V 2104 -498139.21 -169556.34
V 2112 -498139.62 -169556.41
V 2120 -498139.66 -169556.42
V 2128 -512082.39 -171923.92
V 2136 -512082.46 -171923.93
V 2144 -512086.66 -171924.65
V 2152 -512086.73 -171924.67
V 2160 -521138.32 -173461.64
V 2168 -525783.74 -174250.45
V 2176 -525784.91 -174250.64
V 2184 -531126.69 -175157.69
V 2192 -531126.73 -175157.69
V 2200 -531127.27 -175157.78
V 2208 -531127.31 -175157.79
V 2216 -540863.79 -176811.07
V 2224 -540870.40 -176813.88
V 2232 -540875.04 -176819.36
V 2240 -540876.70 -176826.35
V 2248 -540876.70 -177101.95
V 2256 -540874.62 -177109.70
V 2264 -540868.95 -177115.37
V 2272 -540861.20 -177117.45
V 2280 -540819.20 -177117.45
V 2288 -540819.20 -177157.45
V 2296 -540918.70 -177157.45
V 2304 -540926.45 -177159.53
V 2312 -540932.12 -177165.20
V 2320 -540934.20 -177172.95
V 2328 -540934.20 -177243.95
V 2336 -540932.12 -177251.70
V 2344 -540926.45 -177257.37
V 2352 -540918.70 -177259.45
V 2360 -540819.20 -177259.45
V 2368 -540819.20 -177299.45
V 2376 -540918.70 -177299.45
V 2384 -540926.45 -177301.53
V 2392 -540932.12 -177307.20
V 2400 -540934.20 -177314.95
V 2408 -540934.20 -177385.95
V 2416 -540932.12 -177393.70
V 2424 -540926.45 -177399.37
V 2432 -540918.70 -177401.45
V 2440 -540819.20 -177401.45
V 2448 -540819.20 -177441.45
V 2456 -540918.70 -177441.45
V 2464 -540926.45 -177443.53
V 2472 -540932.12 -177449.20
V 2480 -540934.20 -177456.95
V 2488 -540934.20 -177527.95
V 2496 -540932.12 -177535.70
V 2504 -540926.45 -177541.37
V 2512 -540918.70 -177543.45
V 2520 -540819.20 -177543.45
V 2528 -540819.20 -177583.45
V 2536 -540918.70 -177583.45
V 2544 -540926.45 -177585.53
V 2552 -540932.12 -177591.20
V 2560 -540934.20 -177598.95
V 2568 -540934.20 -177669.95
V 2576 -540932.12 -177677.70
V 2584 -540926.45 -177683.37
V 2592 -540918.70 -177685.45
V 2600 -540819.20 -177685.45
V 2608 -540819.20 -177725.45
V 2616 -540918.70 -177725.45
V 2624 -540926.45 -177727.53
V 2632 -540932.12 -177733.20
V 2640 -540934.20 -177740.95
V 2648 -540934.20 -177811.95
V 2656 -540932.12 -177819.70
V 2664 -540926.45 -177825.37
V 2672 -540918.70 -177827.45
V 2680 -540819.20 -177827.45
V 2688 -540819.20 -177867.45
V 2696 -540918.70 -177867.45
V 2704 -540926.45 -177869.53
V 2712 -540932.12 -177875.20
V 2720 -540934.20 -177882.95
V 2728 -540934.20 -177953.95
V 2736 -540932.12 -177961.70
V 2744 -540926.45 -177967.37
V 2752 -540918.70 -177969.45
V 2760 -540819.20 -177969.45
V 2768 -540819.20 -178009.45
V 2776 -540918.70 -178009.45
V 2784 -540926.45 -178011.53
V 2792 -540932.12 -178017.20
V 2800 -540934.20 -178024.95
V 2808 -540934.20 -178095.95
V 2816 -540932.12 -178103.70
V 2824 -540926.45 -178109.37
V 2832 -540918.70 -178111.45
V 2840 -540819.20 -178111.45
V 2848 -540819.20 -178151.45
V 2856 -540918.70 -178151.45
V 2864 -540926.45 -178153.53
V 2872 -540932.12 -178159.20
V 2880 -540934.20 -178166.95
V 2888 -540934.20 -178237.95
V 2896 -540932.12 -178245.70
V 2904 -540926.45 -178251.37
V 2912 -540918.70 -178253.45
V 2920 -540819.20 -178253.45
V 2928 -540819.20 -178293.45
V 2936 -540918.70 -178293.45
V 2944 -540926.45 -178295.53
V 2952 -540932.12 -178301.20
V 2960 -540934.20 -178308.95
V 2968 -540934.20 -178379.95
V 2976 -540932.12 -178387.70
V 2984 -540926.45 -178393.37
V 2992 -540918.70 -178395.45
V 3000 -540876.70 -178395.45
V 3008 -540876.70 -178404.45
V 3016 -540845.70 -178404.45
V 3024 -540845.70 -178379.95
V 3032 -540845.74 -178378.84
V 3040 -540845.86 -178377.74
V 3048 -540846.05 -178376.66
V 3056 -540846.33 -178375.58
V 3064 -540846.68 -178374.53
V 3072 -540847.10 -178373.51
V 3080 -540847.60 -178372.52
V 3088 -540848.16 -178371.57
V 3096 -540848.79 -178370.66
V 3104 -540849.49 -178369.80
V 3112 -540850.24 -178368.99
V 3120 -540851.05 -178368.24
V 3128 -540851.91 -178367.54
V 3136 -540852.82 -178366.91
V 3144 -540853.77 -178366.35
V 3152 -540854.76 -178365.85
V 3160 -540855.78 -178365.43
V 3168 -540856.83 -178365.08
V 3176 -540857.91 -178364.80
V 3184 -540858.99 -178364.61
V 3192 -540860.09 -178364.49
V 3200 -540861.20 -178364.45
V 3208 -540903.20 -178364.45
V 3216 -540903.20 -178324.45
V 3224 -540803.70 -178324.45
V 3232 -540795.95 -178322.37
V 3240 -540790.28 -178316.70
V 3248 -540788.20 -178308.95
V 3256 -540788.20 -178237.95
V 3264 -540790.28 -178230.20
V 3272 -540795.95 -178224.53
V 3280 -540803.70 -178222.45
V 3288 -540903.20 -178222.45
V 3296 -540903.20 -178182.45
V 3304 -540803.70 -178182.45
V 3312 -540795.95 -178180.37
V 3320 -540790.28 -178174.70
V 3328 -540788.20 -178166.95
V 3336 -540788.20 -178095.95
V 3344 -540790.28 -178088.20
V 3352 -540795.95 -178082.53
V 3360 -540803.70 -178080.45
V 3368 -540903.20 -178080.45
V 3376 -540903.20 -178040.45
V 3384 -540803.70 -178040.45
V 3392 -540795.95 -178038.37
V 3400 -540790.28 -178032.70
V 3408 -540788.20 -178024.95
V 3416 -540788.20 -177953.95
V 3424 -540790.28 -177946.20
V 3432 -540795.95 -177940.53
V 3440 -540803.70 -177938.45
V 3448 -540903.20 -177938.45
V 3456 -540903.20 -177898.45
V 3464 -540803.70 -177898.45
V 3472 -540795.95 -177896.37
V 3480 -540790.28 -177890.70
V 3488 -540788.20 -177882.95
V 3496 -540788.20 -177811.95
V 3504 -540790.28 -177804.20
V 3512 -540795.95 -177798.53
V 3520 -540803.70 -177796.45
V 3528 -540903.20 -177796.45
V 3536 -540903.20 -177756.45
V 3544 -540803.70 -177756.45
V 3552 -540795.95 -177754.37
V 3560 -540790.28 -177748.70
V 3568 -540788.20 -177740.95
V 3576 -540788.20 -177669.95
V 3584 -540790.28 -177662.20
V 3592 -540795.95 -177656.53
V 3600 -540803.70 -177654.45
V 3608 -540903.20 -177654.45
V 3616 -540903.20 -177614.45
V 3624 -540803.70 -177614.45
V 3632 -540795.95 -177612.37
V 3640 -540790.28 -177606.70
V 3648 -540788.20 -177598.95
V 3656 -540788.20 -177527.95
V 3664 -540790.28 -177520.20
V 3672 -540795.95 -177514.53
V 3680 -540803.70 -177512.45
V 3688 -540903.20 -177512.45
V 3696 -540903.20 -177472.45
V 3704 -540803.70 -177472.45
V 3712 -540795.95 -177470.37
V 3720 -540790.28 -177464.70
V 3728 -540788.20 -177456.95
V 3736 -540788.20 -177385.95
V 3744 -540790.28 -177378.20
V 3752 -540795.95 -177372.53
V 3760 -540803.70 -177370.45
V 3768 -540903.20 -177370.45
V 3776 -540903.20 -177330.45
V 3784 -540803.70 -177330.45
V 3792 -540795.95 -177328.37
V 3800 -540790.28 -177322.70
V 3808 -540788.20 -177314.95
V 3816 -540788.20 -177243.95
V 3824 -540790.28 -177236.20
V 3832 -540795.95 -177230.53
V 3840 -540803.70 -177228.45
V 3848 -540903.20 -177228.45
V 3856 -540903.20 -177188.45
V 3864 -540803.70 -177188.45
V 3872 -540795.95 -177186.37
V 3880 -540790.28 -177180.70
V 3888 -540788.20 -177172.95
V 3896 -540788.20 -177101.95
V 3904 -540790.28 -177094.20
V 3912 -540795.95 -177088.53
V 3920 -540803.70 -177086.45
V 3928 -540845.70 -177086.45
V 3936 -540845.70 -176839.44
V 3944 -531122.21 -175188.36
V 3952 -531122.17 -175188.36
V 3960 -531121.63 -175188.27
V 3968 -531121.59 -175188.26
V 3976 -525779.81 -174281.21
V 3984 -525778.58 -174281.01
V 3992 -521133.14 -173492.20
V 4000 -512081.49 -171955.22
V 4008 -512081.42 -171955.21
V 4016 -512077.22 -171954.49
V 4024 -512077.15 -171954.47
V 4032 -498134.45 -169586.97
V 4040 -498134.40 -169586.97
V 4048 -498133.99 -169586.90
V 4056 -498133.95 -169586.89
V 4064 -496770.96 -169355.46
V 4072 -496723.85 -169347.45
V 4080 -492560.96 -168640.58
V 4088 -492560.92 -168640.58
V 4096 -492559.96 -168640.42
V 4104 -492559.92 -168640.41
V 4112 -484762.46 -167316.38
V 4120 -484569.43 -167283.61
V 4128 -481813.63 -166815.67
V 4136 -480964.32 -166671.45
V 4144 -480904.75 -166661.34
V 4152 -477921.61 -166154.79
V 4160 -476068.96 -165840.21
V 4168 -476068.91 -165840.20
V 4176 -473122.99 -165339.98
V 4184 -452009.17 -161754.81
V 4192 -451609.67 -161708.00
V 4200 -451609.53 -161707.99
V 4208 -451608.98 -161707.92
V 4216 -451608.44 -161707.83
V 4224 -451607.94 -161707.74
V 4232 -451607.86 -161707.72
V 4240 -451289.25 -161640.62
V 4248 -451131.23 -161614.84
V 4256 -451131.12 -161614.82
V 4264 -450865.92 -161569.49
V 4272 -450865.77 -161569.46
V 4280 -450547.79 -161511.92
V 4288 -450547.66 -161511.89
V 4296 -450547.26 -161511.82
V 4304 -450547.01 -161511.76
V 4312 -450260.48 -161449.12
V 4320 -450260.31 -161449.09
V 4328 -450260.14 -161449.05
V 4336 -450038.82 -161402.01
V 4344 -450038.69 -161401.99
V 4352 -450038.66 -161401.98
V 4360 -450038.64 -161401.98
V 4368 -450038.62 -161401.97
V 4376 -449806.57 -161352.44
V 4384 -449806.47 -161352.42
V 4392 -449576.25 -161303.31
V 4400 -449576.05 -161303.27
V 4408 -449345.57 -161254.09
V 4416 -449345.37 -161254.05
V 4424 -449114.91 -161204.88
V 4432 -449114.71 -161204.84
V 4440 -448884.26 -161155.67
V 4448 -448884.06 -161155.63
V 4456 -448653.62 -161106.46
V 4464 -448653.42 -161106.42
V 4472 -448422.79 -161057.21
V 4480 -448422.59 -161057.17
V 4488 -447999.00 -160966.80
V 4496 -447998.90 -160966.78
V 4504 -447998.36 -160966.65
V 4512 -447997.82 -160966.50
V 4520 -447997.30 -160966.34
V 4528 -447755.69 -160884.57
V 4536 -447426.81 -160793.08
V 4544 -447426.78 -160793.07
V 4552 -447426.24 -160792.92
V 4560 -447425.72 -160792.76
V 4568 -447425.42 -160792.65
V 4576 -447110.02 -160681.86
V 4584 -447109.97 -160681.84
V 4592 -447109.83 -160681.79
V 4600 -446896.25 -160608.94
V 4608 -446896.18 -160608.92
V 4616 -446895.84 -160608.80
V 4624 -446668.66 -160531.00
V 4632 -446668.50 -160530.95
V 4640 -446668.37 -160530.91
V 4648 -446442.61 -160453.65
V 4656 -446442.40 -160453.57
V 4664 -446216.75 -160376.34
V 4672 -446216.59 -160376.29
V 4680 -446216.25 -160376.17
V 4688 -445990.72 -160298.97
V 4696 -445990.56 -160298.92
V 4704 -445990.22 -160298.80
V 4712 -445764.74 -160221.63
V 4720 -445764.58 -160221.58
V 4728 -445764.24 -160221.46
V 4736 -445538.62 -160144.24
V 4744 -445538.46 -160144.19
V 4752 -445538.12 -160144.07
V 4760 -445312.59 -160066.87
V 4768 -445312.43 -160066.82
V 4776 -445312.09 -160066.70
V 4784 -444912.76 -159930.03
V 4792 -444912.60 -159929.98
V 4800 -444912.07 -159929.79
V 4808 -444911.56 -159929.59
V 4816 -444911.05 -159929.37
V 4824 -444910.70 -159929.20
V 4832 -444910.67 -159929.19
V 4840 -444740.52 -159845.85
V 4848 -444493.17 -159754.50
V 4856 -444492.61 -159754.28
V 4864 -444492.35 -159754.17
V 4872 -444203.87 -159628.42
V 4880 -444203.72 -159628.35
V 4888 -443988.91 -159536.52
V 4896 -443988.86 -159536.50
V 4904 -443988.70 -159536.43
V 4912 -443988.68 -159536.43
V 4920 -443764.43 -159440.33
V 4928 -443541.37 -159344.76
V 4936 -443318.10 -159249.11
V 4944 -442967.00 -159098.69
V 4952 -442966.94 -159098.66
V 4960 -442966.66 -159098.54
V 4968 -442966.16 -159098.30
V 4976 -442965.65 -159098.03
V 4984 -442965.51 -159097.96
V 4992 -442886.23 -159053.44
V 5000 -442693.79 -158982.32
V 5008 -442693.74 -158982.30
V 5016 -442693.23 -158982.10
V 5024 -442692.72 -158981.88
V 5032 -442692.58 -158981.81
V 5040 -442406.82 -158855.33
V 5048 -442406.35 -158855.13
V 5056 -442406.32 -158855.12
V 5064 -442191.44 -158761.97
V 5072 -442191.21 -158761.87
V 5080 -442191.19 -158761.87
V 5088 -441967.22 -158664.53
V 5096 -441744.32 -158567.69
V 5104 -441521.20 -158470.76
V 5112 -441172.65 -158319.32
V 5120 -441172.55 -158319.27
V 5128 -441172.39 -158319.20
V 5136 -441171.89 -158318.96
V 5144 -441171.40 -158318.70
V 5152 -441171.00 -158318.48
V 5160 -441018.03 -158228.91
V 5168 -440762.09 -158112.40
V 5176 -440761.59 -158112.16
V 5184 -440761.08 -158111.89
V 5192 -440493.59 -157971.97
V 5200 -440493.33 -157971.84
V 5208 -440277.79 -157860.74
V 5216 -440056.76 -157746.61
V 5224 -440056.60 -157746.53
V 5232 -439743.16 -157584.73
V 5240 -439743.00 -157584.65
V 5248 -439742.67 -157584.47
V 5256 -439742.19 -157584.20
V 5264 -439741.72 -157583.91
V 5272 -439741.49 -157583.75
V 5280 -439652.51 -157525.57
V 5288 -439436.52 -157428.24
V 5296 -439436.44 -157428.21
V 5304 -439435.94 -157427.97
V 5312 -439435.75 -157427.87
V 5320 -439435.69 -157427.84
V 5328 -439169.60 -157288.50
V 5336 -438953.89 -157177.32
V 5344 -438732.91 -157063.23
V 5352 -438732.75 -157063.15
V 5360 -438430.19 -156906.98
V 5368 -438430.03 -156906.90
V 5376 -438429.70 -156906.72
V 5384 -438429.22 -156906.45
V 5392 -438428.75 -156906.16
V 5400 -438428.52 -156906.00
V 5408 -438334.15 -156844.29
V 5416 -438107.60 -156742.20
V 5424 -438107.52 -156742.17
V 5432 -438107.02 -156741.93
V 5440 -438106.83 -156741.83
V 5448 -438106.77 -156741.80
V 5456 -437846.28 -156605.39
V 5464 -437629.98 -156493.90
V 5472 -437409.03 -156379.83
V 5480 -437408.87 -156379.75
V 5488 -437103.85 -156222.29
V 5496 -437103.69 -156222.21
V 5504 -437103.36 -156222.03
V 5512 -437102.88 -156221.76
V 5520 -437102.41 -156221.47
V 5528 -437102.13 -156221.28
V 5536 -437102.06 -156221.24
V 5544 -436987.59 -156143.21
V 5552 -436749.10 -156029.09
V 5560 -436748.60 -156028.85
V 5568 -436748.15 -156028.61
V 5576 -436748.05 -156028.56
V 5584 -436494.90 -155888.93
V 5592 -436278.46 -155771.27
V 5600 -436278.43 -155771.25
V 5608 -436278.38 -155771.22
V 5616 -436058.28 -155651.37
V 5624 -436058.22 -155651.34
V 5632 -436058.17 -155651.31
V 5640 -435773.94 -155496.59
V 5648 -435773.88 -155496.56
V 5656 -435773.40 -155496.29
V 5664 -435772.93 -155496.00
V 5672 -435772.54 -155495.74
V 5680 -435772.43 -155495.67
V 5688 -435648.39 -155409.03
V 5696 -435386.77 -155272.41
V 5704 -435386.56 -155272.29
V 5712 -435386.52 -155272.27
V 5720 -435386.04 -155272.00
V 5728 -435140.99 -155125.90
V 5736 -434875.81 -154970.17
V 5744 -434875.74 -154970.12
V 5752 -434875.28 -154969.84
V 5760 -434874.82 -154969.53
V 5768 -434874.58 -154969.36
V 5776 -434874.52 -154969.32
V 5784 -434765.31 -154889.59
V 5792 -434509.87 -154756.42
V 5800 -434509.65 -154756.30
V 5808 -434509.58 -154756.26
V 5816 -434509.39 -154756.16
V 5824 -434508.91 -154755.89
V 5832 -434508.73 -154755.78
V 5840 -434264.85 -154610.69
V 5848 -434264.73 -154610.62
V 5856 -434039.24 -154476.75
V 5864 -433814.85 -154338.47
V 5872 -433559.05 -154181.39
V 5880 -433558.83 -154181.25
V 5888 -433558.37 -154180.94
V 5896 -433557.92 -154180.62
V 5904 -433557.48 -154180.28
V 5912 -433425.62 -154080.36
V 5920 -433138.53 -153903.53
V 5928 -433138.28 -153903.37
V 5936 -433137.99 -153903.17
V 5944 -433137.74 -153903.01
V 5952 -432902.64 -153737.66
V 5960 -432658.87 -153568.13
V 5968 -432658.76 -153568.04
V 5976 -432658.43 -153567.81
V 5984 -432657.99 -153567.47
V 5992 -432657.74 -153567.25
V 6000 -432657.72 -153567.24
V 6008 -432541.04 -153468.64
V 6016 -432268.44 -153297.63
V 6024 -432268.37 -153297.59
V 6032 -432268.30 -153297.54
V 6040 -432267.84 -153297.23
V 6048 -432038.34 -153136.07
V 6056 -431800.56 -152970.68
V 6064 -431800.42 -152970.59
V 6072 -431799.97 -152970.27
V 6080 -431799.53 -152969.93
V 6088 -431799.35 -152969.78
V 6096 -431799.25 -152969.70
V 6104 -431679.66 -152868.63
V 6112 -431401.01 -152693.84
V 6120 -431400.94 -152693.80
V 6128 -431400.87 -152693.75
V 6136 -431400.41 -152693.44
V 6144 -431174.02 -152534.46
V 6152 -430942.12 -152373.16
V 6160 -430941.98 -152373.07
V 6168 -430941.53 -152372.75
V 6176 -430941.09 -152372.41
V 6184 -430940.91 -152372.26
V 6192 -430940.81 -152372.18
V 6200 -430818.30 -152268.65
V 6208 -430533.58 -152090.03
V 6216 -430533.51 -152089.99
V 6224 -430533.44 -152089.94
V 6232 -430532.98 -152089.63
V 6240 -430309.90 -151932.98
V 6248 -430083.52 -151775.54
V 6256 -430083.39 -151775.44
V 6264 -430083.08 -151775.22
V 6272 -430082.64 -151774.88
V 6280 -430082.36 -151774.65
V 6288 -429956.94 -151668.65
V 6296 -429666.15 -151486.24
V 6304 -429666.08 -151486.20
V 6312 -429666.01 -151486.15
V 6320 -429665.55 -151485.84
V 6328 -429445.38 -151331.23
V 6336 -429225.23 -151178.10
V 6344 -429225.09 -151178.01
V 6352 -429224.64 -151177.69
V 6360 -429224.20 -151177.35
V 6368 -429223.95 -151177.13
V 6376 -429223.93 -151177.12
V 6384 -429095.63 -151068.70
V 6392 -428798.72 -150882.44
V 6400 -428798.65 -150882.40
V 6408 -428798.58 -150882.35
V 6416 -428798.12 -150882.04
V 6424 -428581.25 -150729.75
V 6432 -428382.25 -150591.35
V 6440 -428377.36 -150585.80
V 6448 -428375.60 -150578.62
V 6456 -428375.60 -150421.95
