V 0 -682693.31 -202742.28
V 8 -682696.95 -202737.24
V 16 -682702.33 -202734.11
V 24 -684700.96 -202076.55
V 32 -687256.15 -200986.71
V 40 -688456.63 -200345.04
V 48 -688846.04 -200034.22
V 56 -688846.16 -200034.12
V 64 -688846.59 -200033.80
V 72 -688847.03 -200033.48
V 80 -688847.89 -200032.94
V 88 -688847.92 -200032.93
V 96 -688847.98 -200032.89
V 104 -690139.78 -199280.77
V 112 -690423.00 -199056.32
V 120 -690423.04 -199056.30
V 128 -690423.46 -199055.98
V 136 -690423.90 -199055.66
V 144 -690424.76 -199055.12
V 152 -690424.79 -199055.11
V 160 -690424.85 -199055.07
V 168 -691727.73 -198296.37
V 176 -692011.16 -198071.74
V 184 -692011.20 -198071.72
V 192 -692011.62 -198071.40
V 200 -692012.06 -198071.08
V 208 -692012.92 -198070.54
V 216 -692012.95 -198070.53
V 224 -692013.01 -198070.49
V 232 -693315.37 -197312.10
V 240 -693598.92 -197087.38
V 248 -693598.96 -197087.36
V 256 -693599.38 -197087.04
V 264 -693599.82 -197086.72
V 272 -693600.68 -197086.18
V 280 -693600.71 -197086.17
V 288 -693600.77 -197086.13
V 296 -695468.22 -195998.68
V 304 -696147.95 -195216.15
V 312 -696148.17 -195215.88
V 320 -696148.54 -195215.48
V 328 -696148.92 -195215.10
V 336 -696149.31 -195214.73
V 344 -696149.34 -195214.70
V 352 -697161.36 -194294.74
V 360 -697319.66 -194083.30
V 368 -697319.68 -194083.28
V 376 -697319.73 -194083.21
V 384 -697320.06 -194082.79
V 392 -697320.41 -194082.37
V 400 -697320.78 -194081.97
V 408 -697321.16 -194081.59
V 416 -697321.55 -194081.22
V 424 -697321.60 -194081.17
V 432 -698147.67 -193332.73
V 440 -698309.29 -193116.77
V 448 -698309.31 -193116.75
V 456 -698309.36 -193116.68
V 464 -698309.69 -193116.26
V 472 -698310.04 -193115.84
V 480 -698310.41 -193115.44
V 488 -698310.79 -193115.06
V 496 -698311.18 -193114.69
V 504 -698311.23 -193114.64
V 512 -699136.81 -192366.66
V 520 -699298.45 -192150.68
V 528 -699298.47 -192150.66
V 536 -699298.52 -192150.59
V 544 -699298.85 -192150.17
V 552 -699299.20 -192149.75
V 560 -699299.57 -192149.35
V 568 -699299.95 -192148.97
V 576 -699300.34 -192148.60
V 584 -699300.39 -192148.55
V 592 -700126.05 -191400.49
V 600 -700287.80 -191184.35
V 608 -700287.82 -191184.33
V 616 -700287.87 -191184.26
V 624 -700288.20 -191183.84
V 632 -700288.55 -191183.42
V 640 -700288.92 -191183.02
V 648 -700289.30 -191182.64
V 656 -700289.69 -191182.27
V 664 -700289.74 -191182.22
V 672 -701115.24 -190434.30
V 680 -701276.95 -190218.24
V 688 -701276.97 -190218.22
V 696 -701277.02 -190218.15
V 704 -701277.35 -190217.73
V 712 -701277.70 -190217.31
V 720 -701278.07 -190216.91
V 728 -701278.45 -190216.53
V 736 -701278.84 -190216.16
V 744 -701278.89 -190216.11
V 752 -702235.30 -189349.59
V 760 -702743.10 -188585.26
V 768 -702743.41 -188584.81
V 776 -703618.79 -187366.53
V 784 -703700.31 -187172.43
V 792 -703700.33 -187172.39
V 800 -703700.53 -187171.94
V 808 -703700.76 -187171.45
V 816 -703701.02 -187170.98
V 824 -703701.29 -187170.51
V 832 -703701.57 -187170.05
V 840 -703701.88 -187169.60
V 848 -703701.97 -187169.48
V 856 -703701.99 -187169.44
V 864 -704235.54 -186432.97
V 872 -704321.72 -186227.64
V 880 -704321.74 -186227.60
V 888 -704321.94 -186227.15
V 896 -704322.17 -186226.66
V 904 -704322.43 -186226.19
V 912 -704322.70 -186225.72
V 920 -704322.98 -186225.26
V 928 -704323.29 -186224.81
V 936 -704323.38 -186224.69
V 944 -704323.40 -186224.65
V 952 -704856.61 -185488.68
V 960 -704942.79 -185283.34
V 968 -704943.01 -185282.84
V 976 -704943.24 -185282.35
V 984 -704943.50 -185281.88
V 992 -704943.77 -185281.41
V 1000 -704944.05 -185280.95
V 1008 -704944.36 -185280.50
V 1016 -704944.45 -185280.38
V 1024 -704944.47 -185280.34
V 1032 -705477.60 -184544.48
V 1040 -705563.77 -184339.13
V 1048 -705563.99 -184338.63
V 1056 -705564.22 -184338.14
V 1064 -705564.48 -184337.67
V 1072 -705564.75 -184337.20
V 1080 -705565.03 -184336.74
V 1088 -705565.34 -184336.29
V 1096 -705565.43 -184336.17
V 1104 -705565.45 -184336.13
V 1112 -706098.59 -183600.27
V 1120 -706184.76 -183394.92
V 1128 -706184.98 -183394.42
V 1136 -706185.21 -183393.93
V 1144 -706185.47 -183393.46
V 1152 -706185.74 -183392.99
V 1160 -706186.02 -183392.53
V 1168 -706186.33 -183392.08
V 1176 -706186.42 -183391.96
V 1184 -706186.44 -183391.92
V 1192 -706719.57 -182656.06
V 1200 -706805.75 -182450.72
V 1208 -706805.97 -182450.22
V 1216 -706806.20 -182449.73
V 1224 -706806.46 -182449.26
V 1232 -706806.73 -182448.79
V 1240 -706807.01 -182448.33
V 1248 -706807.32 -182447.88
V 1256 -706807.41 -182447.76
V 1264 -706807.43 -182447.72
V 1272 -707212.79 -181888.22
V 1280 -708283.45 -179885.14
V 1288 -708347.13 -179503.42
V 1296 -708347.14 -179503.38
V 1304 -708347.17 -179503.20
V 1312 -708347.28 -179502.67
V 1320 -708347.41 -179502.14
V 1328 -708347.55 -179501.62
V 1336 -708347.72 -179501.10
V 1344 -708347.90 -179500.59
V 1352 -708348.10 -179500.09
V 1360 -708348.23 -179499.80
V 1368 -708348.24 -179499.76
V 1376 -708669.60 -178781.55
V 1384 -708702.27 -178588.06
V 1392 -708702.30 -178587.88
V 1400 -708702.41 -178587.35
V 1408 -708702.54 -178586.82
V 1416 -708702.68 -178586.30
V 1424 -708702.85 -178585.78
V 1432 -708703.03 -178585.27
V 1440 -708703.23 -178584.77
V 1448 -708703.36 -178584.48
V 1456 -708703.37 -178584.44
V 1464 -709026.86 -177861.41
V 1472 -709059.50 -177668.04
V 1480 -709059.53 -177667.86
V 1488 -709059.64 -177667.33
V 1496 -709059.77 -177666.80
V 1504 -709059.91 -177666.28
V 1512 -709060.08 -177665.76
V 1520 -709060.26 -177665.25
V 1528 -709060.46 -177664.75
V 1536 -709060.59 -177664.46
V 1544 -709060.60 -177664.42
V 1552 -709384.16 -176941.26
V 1560 -709416.80 -176747.86
V 1568 -709416.83 -176747.68
V 1576 -709416.94 -176747.15
V 1584 -709417.07 -176746.62
V 1592 -709417.21 -176746.10
V 1600 -709417.38 -176745.58
V 1608 -709417.56 -176745.07
V 1616 -709417.76 -176744.57
V 1624 -709417.89 -176744.28
V 1632 -709417.90 -176744.24
V 1640 -709741.34 -176021.32
V 1648 -709774.00 -175827.89
V 1656 -709774.03 -175827.71
V 1664 -709774.14 -175827.18
V 1672 -709774.27 -175826.65
V 1680 -709774.41 -175826.13
V 1688 -709774.58 -175825.61
V 1696 -709774.76 -175825.10
V 1704 -709774.96 -175824.60
V 1712 -709775.09 -175824.31
V 1720 -709775.10 -175824.27
V 1728 -710098.59 -175101.24
V 1736 -710131.23 -174907.86
V 1744 -710131.26 -174907.68
V 1752 -710131.37 -174907.15
V 1760 -710131.50 -174906.62
V 1768 -710131.64 -174906.10
V 1776 -710131.81 -174905.58
V 1784 -710131.99 -174905.07
V 1792 -710132.19 -174904.57
V 1800 -710132.32 -174904.28
V 1808 -710132.33 -174904.24
V 1816 -710455.88 -174181.09
V 1824 -710488.52 -173987.69
V 1832 -710488.55 -173987.51
V 1840 -710488.66 -173986.98
V 1848 -710488.79 -173986.45
V 1856 -710488.93 -173985.93
V 1864 -710489.10 -173985.41
V 1872 -710489.28 -173984.90
V 1880 -710489.48 -173984.40
V 1888 -710489.61 -173984.11
V 1896 -710489.62 -173984.07
V 1904 -710813.07 -173261.15
V 1912 -710845.73 -173067.72
V 1920 -710845.76 -173067.54
V 1928 -710845.87 -173067.01
V 1936 -710846.00 -173066.48
V 1944 -710846.14 -173065.96
V 1952 -710846.31 -173065.44
V 1960 -710846.49 -173064.93
V 1968 -710846.69 -173064.43
V 1976 -710846.82 -173064.14
V 1984 -710846.83 -173064.10
V 1992 -711321.74 -172002.61
V 2000 -711321.74 -171330.42
V 2008 -711321.75 -171329.88
V 2016 -711321.78 -171329.34
V 2024 -711321.83 -171328.80
V 2032 -711321.90 -171328.26
V 2040 -711321.98 -171327.73
V 2048 -711322.09 -171327.20
V 2056 -711322.29 -171326.39
V 2064 -711478.00 -170735.85
V 2072 -711478.00 -170400.24
V 2080 -711478.01 -170399.70
V 2088 -711478.04 -170399.16
V 2096 -711478.09 -170398.62
V 2104 -711478.16 -170398.08
V 2112 -711478.24 -170397.55
V 2120 -711478.35 -170397.02
V 2128 -711478.55 -170396.21
V 2136 -711626.45 -169835.33
V 2144 -711626.45 -169499.65
V 2152 -711626.46 -169499.11
V 2160 -711626.49 -169498.57
V 2168 -711626.54 -169498.03
V 2176 -711626.61 -169497.49
V 2184 -711626.69 -169496.96
V 2192 -711626.80 -169496.43
V 2200 -711627.00 -169495.62
V 2208 -711774.89 -168934.74
V 2216 -711774.89 -168599.09
V 2224 -711774.90 -168598.55
V 2232 -711774.93 -168598.01
V 2240 -711774.98 -168597.47
V 2248 -711775.05 -168596.93
V 2256 -711775.13 -168596.40
V 2264 -711775.24 -168595.87
V 2272 -711775.44 -168595.06
V 2280 -711923.33 -168034.18
V 2288 -711923.33 -167698.53
V 2296 -711923.34 -167697.99
V 2304 -711923.37 -167697.45
V 2312 -711923.42 -167696.91
V 2320 -711923.49 -167696.37
V 2328 -711923.57 -167695.84
V 2336 -711923.68 -167695.31
V 2344 -711923.88 -167694.50
V 2352 -712071.77 -167133.62
V 2360 -712071.77 -166797.98
V 2368 -712071.78 -166797.44
V 2376 -712071.81 -166796.90
V 2384 -712071.86 -166796.36
V 2392 -712071.93 -166795.82
V 2400 -712072.01 -166795.29
V 2408 -712072.12 -166794.76
V 2416 -712072.32 -166793.95
V 2424 -712220.21 -166233.07
V 2432 -712220.21 -165897.42
V 2440 -712220.22 -165896.88
V 2448 -712220.25 -165896.34
V 2456 -712220.30 -165895.80
V 2464 -712220.37 -165895.26
V 2472 -712220.45 -165894.73
V 2480 -712220.56 -165894.20
V 2488 -712220.76 -165893.39
V 2496 -712368.65 -165332.51
V 2504 -712368.65 -164996.86
V 2512 -712368.66 -164996.32
V 2520 -712368.69 -164995.78
V 2528 -712368.74 -164995.24
V 2536 -712368.81 -164994.70
V 2544 -712368.89 -164994.17
V 2552 -712369.00 -164993.64
V 2560 -712369.20 -164992.83
V 2568 -712517.09 -164431.95
V 2576 -712517.09 -164096.34
V 2584 -712517.10 -164095.80
V 2592 -712517.13 -164095.26
V 2600 -712517.18 -164094.72
V 2608 -712517.25 -164094.18
V 2616 -712517.33 -164093.65
V 2624 -712517.44 -164093.12
V 2632 -712517.64 -164092.31
V 2640 -712665.54 -163531.42
V 2648 -712665.54 -162714.81
V 2656 -712662.11 -162694.51
V 2664 -712661.98 -162693.54
V 2672 -712661.91 -162692.56
V 2680 -712661.91 -162691.58
V 2688 -712674.04 -162265.72
V 2696 -712674.04 -160943.14
V 2704 -712644.85 -160909.42
V 2712 -712642.13 -160904.84
V 2720 -712641.19 -160899.60
V 2728 -712641.19 -160102.87
V 2736 -712611.99 -160069.14
V 2744 -712609.27 -160064.56
V 2752 -712608.33 -160059.32
V 2760 -712608.33 -159262.60
V 2768 -712579.13 -159228.87
V 2776 -712576.41 -159224.29
V 2784 -712575.47 -159219.05
V 2792 -712575.47 -158422.51
V 2800 -712546.28 -158388.78
V 2808 -712543.56 -158384.20
V 2816 -712542.62 -158378.96
V 2824 -712542.62 -157582.06
V 2832 -712513.42 -157548.32
V 2840 -712510.70 -157543.74
V 2848 -712509.76 -157538.50
V 2856 -712509.76 -156741.95
V 2864 -712480.57 -156708.22
V 2872 -712477.85 -156703.64
V 2880 -712476.91 -156698.40
V 2888 -712476.91 -155901.51
V 2896 -712447.71 -155867.78
V 2904 -712444.99 -155863.20
V 2912 -712444.05 -155857.96
V 2920 -712444.05 -155061.39
V 2928 -712414.86 -155027.66
V 2936 -712412.14 -155023.08
V 2944 -712411.20 -155017.84
V 2952 -712411.20 -154220.97
V 2960 -712349.23 -154149.38
V 2968 -712346.79 -154145.48
V 2976 -712345.64 -154141.03
V 2984 -712277.40 -153448.06
V 2992 -712149.96 -153251.04
V 3000 -712149.86 -153250.90
V 3008 -712149.58 -153250.44
V 3016 -712149.31 -153249.97
V 3024 -712149.05 -153249.50
V 3032 -712148.82 -153249.01
V 3040 -712148.60 -153248.51
V 3048 -712148.40 -153248.01
V 3056 -712148.22 -153247.50
V 3064 -712148.05 -153246.98
V 3072 -712147.91 -153246.46
V 3080 -712147.78 -153245.93
V 3088 -712147.67 -153245.40
V 3096 -712147.62 -153245.06
V 3104 -712147.61 -153245.04
V 3112 -712042.14 -152574.81
V 3120 -711951.13 -152427.70
V 3128 -711951.12 -152427.67
V 3136 -711951.04 -152427.54
V 3144 -711950.77 -152427.07
V 3152 -711950.51 -152426.60
V 3160 -711950.28 -152426.11
V 3168 -711950.06 -152425.61
V 3176 -711949.86 -152425.11
V 3184 -711949.68 -152424.60
V 3192 -711949.51 -152424.08
V 3200 -711949.37 -152423.56
V 3208 -711949.24 -152423.03
V 3216 -711949.13 -152422.50
V 3224 -711839.60 -151731.80
V 3232 -711749.26 -151585.64
V 3240 -711749.25 -151585.61
V 3248 -711749.17 -151585.48
V 3256 -711748.90 -151585.01
V 3264 -711748.64 -151584.54
V 3272 -711748.41 -151584.05
V 3280 -711748.19 -151583.55
V 3288 -711747.99 -151583.05
V 3296 -711747.81 -151582.54
V 3304 -711747.64 -151582.02
V 3312 -711747.50 -151581.50
V 3320 -711747.37 -151580.97
V 3328 -711747.26 -151580.44
V 3336 -711637.67 -150889.45
V 3344 -711547.34 -150743.30
V 3352 -711547.33 -150743.27
V 3360 -711547.25 -150743.14
V 3368 -711546.98 -150742.67
V 3376 -711546.72 -150742.20
V 3384 -711546.49 -150741.71
V 3392 -711546.27 -150741.21
V 3400 -711546.07 -150740.71
V 3408 -711545.89 -150740.20
V 3416 -711545.72 -150739.68
V 3424 -711545.58 -150739.16
V 3432 -711545.45 -150738.63
V 3440 -711545.34 -150738.10
V 3448 -711435.73 -150046.96
V 3456 -711345.40 -149900.83
V 3464 -711345.39 -149900.80
V 3472 -711345.31 -149900.67
V 3480 -711345.04 -149900.20
V 3488 -711344.78 -149899.73
V 3496 -711344.55 -149899.24
V 3504 -711344.33 -149898.74
V 3512 -711344.13 -149898.24
V 3520 -711343.95 -149897.73
V 3528 -711343.78 -149897.21
V 3536 -711343.64 -149896.69
V 3544 -711343.51 -149896.16
V 3552 -711343.40 -149895.63
V 3560 -711233.81 -149204.65
V 3568 -711143.49 -149058.50
V 3576 -711143.48 -149058.47
V 3584 -711143.40 -149058.34
V 3592 -711143.13 -149057.87
V 3600 -711142.87 -149057.40
V 3608 -711142.64 -149056.91
V 3616 -711142.42 -149056.41
V 3624 -711142.22 -149055.91
V 3632 -711142.04 -149055.40
V 3640 -711141.87 -149054.88
V 3648 -711141.73 -149054.36
V 3656 -711141.60 -149053.83
V 3664 -711141.49 -149053.30
V 3672 -711031.88 -148362.20
V 3680 -710941.54 -148216.06
V 3688 -710941.53 -148216.03
V 3696 -710941.45 -148215.90
V 3704 -710941.18 -148215.43
V 3712 -710940.92 -148214.96
V 3720 -710940.69 -148214.47
V 3728 -710940.47 -148213.97
V 3736 -710940.27 -148213.47
V 3744 -710940.09 -148212.96
V 3752 -710939.92 -148212.44
V 3760 -710939.78 -148211.92
V 3768 -710939.65 -148211.39
V 3776 -710939.54 -148210.86
V 3784 -710829.95 -147519.82
V 3792 -710739.63 -147373.68
V 3800 -710739.62 -147373.65
V 3808 -710739.54 -147373.52
V 3816 -710739.27 -147373.05
V 3824 -710739.01 -147372.58
V 3832 -710738.78 -147372.09
V 3840 -710738.56 -147371.59
V 3848 -710738.36 -147371.09
V 3856 -710738.18 -147370.58
V 3864 -710738.01 -147370.06
V 3872 -710737.87 -147369.54
V 3880 -710737.74 -147369.01
V 3888 -710737.63 -147368.48
V 3896 -710628.02 -146677.42
V 3904 -710537.70 -146531.28
V 3912 -710537.69 -146531.25
V 3920 -710537.61 -146531.12
V 3928 -710537.34 -146530.65
V 3936 -710537.08 -146530.18
V 3944 -710536.85 -146529.69
V 3952 -710536.63 -146529.19
V 3960 -710536.43 -146528.69
V 3968 -710536.25 -146528.18
V 3976 -710536.08 -146527.66
V 3984 -710535.94 -146527.14
V 3992 -710535.81 -146526.61
V 4000 -710535.70 -146526.08
V 4008 -710426.09 -145835.02
V 4016 -710294.26 -145621.72
V 4024 -710294.20 -145621.61
V 4032 -710293.93 -145621.14
V 4040 -710293.67 -145620.67
V 4048 -710293.44 -145620.18
V 4056 -710293.22 -145619.68
V 4064 -710293.02 -145619.18
V 4072 -710292.88 -145618.78
V 4080 -710292.85 -145618.72
V 4088 -710037.36 -144868.61
V 4096 -709911.72 -144722.40
V 4104 -709911.60 -144722.26
V 4112 -709911.38 -144721.99
V 4120 -709911.05 -144721.57
V 4128 -709910.73 -144721.13
V 4136 -709910.42 -144720.68
V 4144 -709910.14 -144720.22
V 4152 -709909.87 -144719.75
V 4160 -709909.61 -144719.28
V 4168 -709909.38 -144718.79
V 4176 -709909.16 -144718.29
V 4184 -709908.94 -144717.74
V 4192 -709655.44 -144038.55
V 4200 -709539.36 -143901.58
V 4208 -709539.28 -143901.50
V 4216 -709538.93 -143901.08
V 4224 -709538.60 -143900.66
V 4232 -709538.28 -143900.22
V 4240 -709537.97 -143899.77
V 4248 -709537.69 -143899.31
V 4256 -709537.42 -143898.84
V 4264 -709537.16 -143898.37
V 4272 -709536.93 -143897.88
V 4280 -709536.71 -143897.38
V 4288 -709536.49 -143896.83
V 4296 -709281.81 -143215.10
V 4304 -709165.81 -143078.22
V 4312 -709165.73 -143078.14
V 4320 -709165.38 -143077.72
V 4328 -709165.05 -143077.30
V 4336 -709164.73 -143076.86
V 4344 -709164.42 -143076.41
V 4352 -709164.14 -143075.95
V 4360 -709163.87 -143075.48
V 4368 -709163.61 -143075.01
V 4376 -709163.38 -143074.52
V 4384 -709163.16 -143074.02
V 4392 -709162.94 -143073.47
V 4400 -708908.25 -142391.72
V 4408 -708792.25 -142254.84
V 4416 -708792.17 -142254.76
V 4424 -708791.82 -142254.34
V 4432 -708791.49 -142253.92
V 4440 -708791.17 -142253.48
V 4448 -708790.86 -142253.03
V 4456 -708790.58 -142252.57
V 4464 -708790.31 -142252.10
V 4472 -708790.05 -142251.63
V 4480 -708789.82 -142251.14
V 4488 -708789.60 -142250.64
V 4496 -708789.38 -142250.09
V 4504 -708534.69 -141568.34
V 4512 -708418.69 -141431.46
V 4520 -708418.61 -141431.38
V 4528 -708418.26 -141430.96
V 4536 -708417.93 -141430.54
V 4544 -708417.61 -141430.10
V 4552 -708417.30 -141429.65
V 4560 -708417.02 -141429.19
V 4568 -708416.75 -141428.72
V 4576 -708416.49 -141428.25
V 4584 -708416.26 -141427.76
V 4592 -708416.04 -141427.26
V 4600 -708415.82 -141426.71
V 4608 -708161.13 -140744.97
V 4616 -708045.13 -140608.08
V 4624 -708045.05 -140608.00
V 4632 -708044.70 -140607.58
V 4640 -708044.37 -140607.16
V 4648 -708044.05 -140606.72
V 4656 -708043.74 -140606.27
V 4664 -708043.46 -140605.81
V 4672 -708043.19 -140605.34
V 4680 -708042.93 -140604.87
V 4688 -708042.70 -140604.38
V 4696 -708042.48 -140603.88
V 4704 -708042.26 -140603.33
V 4712 -707787.57 -139921.59
V 4720 -707671.57 -139784.70
V 4728 -707671.49 -139784.62
V 4736 -707671.14 -139784.20
V 4744 -707670.81 -139783.78
V 4752 -707670.49 -139783.34
V 4760 -707670.18 -139782.89
V 4768 -707669.90 -139782.43
V 4776 -707669.63 -139781.96
V 4784 -707669.37 -139781.49
V 4792 -707669.14 -139781.00
V 4800 -707668.92 -139780.50
V 4808 -707668.70 -139779.95
V 4816 -707413.99 -139098.21
V 4824 -707326.97 -138995.51
V 4832 -705859.42 -138995.51
V 4840 -705859.42 -138965.51
V 4848 -707333.92 -138965.51
V 4856 -707340.22 -138966.90
V 4864 -707345.36 -138970.81
V 4872 -707438.30 -139080.51
V 4880 -707438.38 -139080.59
V 4888 -707438.73 -139081.01
V 4896 -707439.06 -139081.43
V 4904 -707439.38 -139081.87
V 4912 -707439.69 -139082.32
V 4920 -707439.97 -139082.78
V 4928 -707440.24 -139083.25
V 4936 -707440.50 -139083.72
V 4944 -707440.73 -139084.21
V 4952 -707440.95 -139084.71
V 4960 -707441.17 -139085.26
V 4968 -707695.88 -139767.00
V 4976 -707811.88 -139903.89
V 4984 -707811.96 -139903.97
V 4992 -707812.31 -139904.39
V 5000 -707812.64 -139904.81
V 5008 -707812.96 -139905.25
V 5016 -707813.27 -139905.70
V 5024 -707813.55 -139906.16
V 5032 -707813.82 -139906.63
V 5040 -707814.08 -139907.10
V 5048 -707814.31 -139907.59
V 5056 -707814.53 -139908.09
V 5064 -707814.75 -139908.64
V 5072 -708069.44 -140590.38
V 5080 -708185.44 -140727.27
V 5088 -708185.52 -140727.35
V 5096 -708185.87 -140727.77
V 5104 -708186.20 -140728.19
V 5112 -708186.52 -140728.63
V 5120 -708186.83 -140729.08
V 5128 -708187.11 -140729.54
V 5136 -708187.38 -140730.01
V 5144 -708187.64 -140730.48
V 5152 -708187.87 -140730.97
V 5160 -708188.09 -140731.47
V 5168 -708188.31 -140732.02
V 5176 -708443.00 -141413.76
V 5184 -708559.00 -141550.64
V 5192 -708559.08 -141550.72
V 5200 -708559.43 -141551.14
V 5208 -708559.76 -141551.56
V 5216 -708560.08 -141552.00
V 5224 -708560.39 -141552.45
V 5232 -708560.67 -141552.91
V 5240 -708560.94 -141553.38
V 5248 -708561.20 -141553.85
V 5256 -708561.43 -141554.34
V 5264 -708561.65 -141554.84
V 5272 -708561.87 -141555.39
V 5280 -708816.56 -142237.14
V 5288 -708932.56 -142374.02
V 5296 -708932.64 -142374.10
V 5304 -708932.99 -142374.52
V 5312 -708933.32 -142374.94
V 5320 -708933.64 -142375.38
V 5328 -708933.95 -142375.83
V 5336 -708934.23 -142376.29
V 5344 -708934.50 -142376.76
V 5352 -708934.76 -142377.23
V 5360 -708934.99 -142377.72
V 5368 -708935.21 -142378.22
V 5376 -708935.43 -142378.77
V 5384 -709190.12 -143060.52
V 5392 -709306.12 -143197.40
V 5400 -709306.20 -143197.48
V 5408 -709306.55 -143197.90
V 5416 -709306.88 -143198.32
V 5424 -709307.20 -143198.76
V 5432 -709307.51 -143199.21
V 5440 -709307.79 -143199.67
V 5448 -709308.06 -143200.14
V 5456 -709308.32 -143200.61
V 5464 -709308.55 -143201.10
V 5472 -709308.77 -143201.60
V 5480 -709308.99 -143202.15
V 5488 -709563.67 -143883.88
V 5496 -709679.76 -144020.85
V 5504 -709679.84 -144020.93
V 5512 -709680.19 -144021.35
V 5520 -709680.52 -144021.77
V 5528 -709680.84 -144022.21
V 5536 -709681.15 -144022.66
V 5544 -709681.43 -144023.12
V 5552 -709681.70 -144023.59
V 5560 -709681.96 -144024.06
V 5568 -709682.19 -144024.55
V 5576 -709682.41 -144025.05
V 5584 -709682.63 -144025.60
V 5592 -709936.10 -144704.72
V 5600 -710061.89 -144851.11
V 5608 -710062.01 -144851.25
V 5616 -710062.23 -144851.52
V 5624 -710062.56 -144851.94
V 5632 -710062.88 -144852.38
V 5640 -710063.19 -144852.83
V 5648 -710063.47 -144853.29
V 5656 -710063.74 -144853.76
V 5664 -710064.00 -144854.23
V 5672 -710064.23 -144854.72
V 5680 -710064.45 -144855.22
V 5688 -710064.65 -144855.72
V 5696 -710064.80 -144856.14
V 5704 -710064.82 -144856.18
V 5712 -710320.70 -145607.44
V 5720 -710453.19 -145821.79
V 5728 -710453.20 -145821.82
V 5736 -710453.28 -145821.95
V 5744 -710453.55 -145822.42
V 5752 -710453.81 -145822.89
V 5760 -710454.04 -145823.38
V 5768 -710454.26 -145823.88
V 5776 -710454.46 -145824.38
V 5784 -710454.64 -145824.89
V 5792 -710454.81 -145825.41
V 5800 -710454.95 -145825.93
V 5808 -710455.08 -145826.46
V 5816 -710455.19 -145826.99
V 5824 -710564.80 -146518.05
V 5832 -710655.12 -146664.19
V 5840 -710655.13 -146664.22
V 5848 -710655.21 -146664.35
V 5856 -710655.48 -146664.82
V 5864 -710655.74 -146665.29
V 5872 -710655.97 -146665.78
V 5880 -710656.19 -146666.28
V 5888 -710656.39 -146666.78
V 5896 -710656.57 -146667.29
V 5904 -710656.74 -146667.81
V 5912 -710656.88 -146668.33
V 5920 -710657.01 -146668.86
V 5928 -710657.12 -146669.39
V 5936 -710766.73 -147360.45
V 5944 -710857.05 -147506.59
V 5952 -710857.06 -147506.62
V 5960 -710857.14 -147506.75
V 5968 -710857.41 -147507.22
V 5976 -710857.67 -147507.69
V 5984 -710857.90 -147508.18
V 5992 -710858.12 -147508.68
V 6000 -710858.32 -147509.18
V 6008 -710858.50 -147509.69
V 6016 -710858.67 -147510.21
V 6024 -710858.81 -147510.73
V 6032 -710858.94 -147511.26
V 6040 -710859.05 -147511.79
V 6048 -710968.64 -148202.83
V 6056 -711058.98 -148348.97
V 6064 -711058.99 -148349.00
V 6072 -711059.07 -148349.13
V 6080 -711059.34 -148349.60
V 6088 -711059.60 -148350.07
V 6096 -711059.83 -148350.56
V 6104 -711060.05 -148351.06
V 6112 -711060.25 -148351.56
V 6120 -711060.43 -148352.07
V 6128 -711060.60 -148352.59
V 6136 -711060.74 -148353.11
V 6144 -711060.87 -148353.64
V 6152 -711060.98 -148354.17
V 6160 -711170.59 -149045.27
V 6168 -711260.91 -149191.42
V 6176 -711260.92 -149191.45
V 6184 -711261.00 -149191.58
V 6192 -711261.27 -149192.05
V 6200 -711261.53 -149192.52
V 6208 -711261.76 -149193.01
V 6216 -711261.98 -149193.51
V 6224 -711262.18 -149194.01
V 6232 -711262.36 -149194.52
V 6240 -711262.53 -149195.04
V 6248 -711262.67 -149195.56
V 6256 -711262.80 -149196.09
V 6264 -711262.91 -149196.62
V 6272 -711372.50 -149887.60
V 6280 -711462.83 -150033.73
V 6288 -711462.84 -150033.76
V 6296 -711462.92 -150033.89
V 6304 -711463.19 -150034.36
V 6312 -711463.45 -150034.83
V 6320 -711463.68 -150035.32
V 6328 -711463.90 -150035.82
V 6336 -711464.10 -150036.32
V 6344 -711464.28 -150036.83
V 6352 -711464.45 -150037.35
V 6360 -711464.59 -150037.87
V 6368 -711464.72 -150038.40
V 6376 -711464.83 -150038.93
V 6384 -711574.44 -150730.07
V 6392 -711664.77 -150876.22
V 6400 -711664.78 -150876.25
V 6408 -711664.86 -150876.38
V 6416 -711665.13 -150876.85
V 6424 -711665.39 -150877.32
V 6432 -711665.62 -150877.81
V 6440 -711665.84 -150878.31
V 6448 -711666.04 -150878.81
V 6456 -711666.22 -150879.32
V 6464 -711666.39 -150879.84
V 6472 -711666.53 -150880.36
V 6480 -711666.66 -150880.89
V 6488 -711666.77 -150881.42
V 6496 -711776.36 -151572.41
V 6504 -711866.70 -151718.57
V 6512 -711866.71 -151718.60
V 6520 -711866.79 -151718.73
V 6528 -711867.06 -151719.20
V 6536 -711867.32 -151719.67
V 6544 -711867.55 -151720.16
V 6552 -711867.77 -151720.66
V 6560 -711867.97 -151721.16
V 6568 -711868.15 -151721.67
V 6576 -711868.32 -151722.19
V 6584 -711868.46 -151722.71
V 6592 -711868.59 -151723.24
V 6600 -711868.70 -151723.77
V 6608 -711978.23 -152414.47
V 6616 -712069.25 -152561.60
V 6624 -712069.26 -152561.63
V 6632 -712069.34 -152561.76
V 6640 -712069.61 -152562.23
V 6648 -712069.87 -152562.70
V 6656 -712070.10 -152563.19
V 6664 -712070.32 -152563.69
V 6672 -712070.52 -152564.19
V 6680 -712070.70 -152564.70
V 6688 -712070.87 -152565.22
V 6696 -712071.01 -152565.74
V 6704 -712071.14 -152566.27
V 6712 -712071.25 -152566.80
V 6720 -712071.30 -152567.13
V 6728 -712071.31 -152567.16
V 6736 -712176.76 -153237.24
V 6744 -712304.44 -153434.65
V 6752 -712304.54 -153434.79
V 6760 -712304.82 -153435.25
V 6768 -712305.09 -153435.72
V 6776 -712305.35 -153436.19
V 6784 -712305.58 -153436.68
V 6792 -712305.80 -153437.18
V 6800 -712306.00 -153437.68
V 6808 -712306.18 -153438.19
V 6816 -712306.35 -153438.71
V 6824 -712306.49 -153439.23
V 6832 -712306.62 -153439.76
V 6840 -712306.73 -153440.29
V 6848 -712306.81 -153440.82
V 6856 -712306.88 -153441.36
V 6864 -712306.89 -153441.49
V 6872 -712306.90 -153441.51
V 6880 -712375.03 -154133.35
V 6888 -712437.54 -154205.56
V 6896 -712440.26 -154210.14
V 6904 -712441.20 -154215.38
V 6912 -712441.20 -155012.25
V 6920 -712470.39 -155045.98
V 6928 -712473.11 -155050.56
V 6936 -712474.05 -155055.80
V 6944 -712474.05 -155852.37
V 6952 -712503.25 -155886.10
V 6960 -712505.97 -155890.68
V 6968 -712506.91 -155895.92
V 6976 -712506.91 -156692.81
V 6984 -712536.10 -156726.54
V 6992 -712538.82 -156731.12
V 7000 -712539.76 -156736.36
V 7008 -712539.76 -157532.91
V 7016 -712568.96 -157566.65
V 7024 -712571.68 -157571.23
V 7032 -712572.62 -157576.47
V 7040 -712572.62 -158373.37
V 7048 -712601.81 -158407.10
V 7056 -712604.53 -158411.68
V 7064 -712605.47 -158416.92
V 7072 -712605.47 -159213.46
V 7080 -712634.67 -159247.19
V 7088 -712637.39 -159251.77
V 7096 -712638.33 -159257.01
V 7104 -712638.33 -160053.73
V 7112 -712667.53 -160087.46
V 7120 -712670.25 -160092.04
V 7128 -712671.19 -160097.28
V 7136 -712671.19 -160894.01
V 7144 -712700.38 -160927.73
V 7152 -712703.10 -160932.31
V 7160 -712704.04 -160937.55
V 7168 -712704.04 -162265.80
V 7176 -712704.03 -162266.34
V 7184 -712704.02 -162266.46
V 7192 -712691.93 -162690.95
V 7200 -712695.33 -162711.05
V 7208 -712695.45 -162711.88
V 7216 -712695.52 -162712.71
V 7224 -712695.54 -162713.55
V 7232 -712695.54 -163533.34
V 7240 -712695.53 -163533.88
V 7248 -712695.50 -163534.42
V 7256 -712695.45 -163534.96
V 7264 -712695.38 -163535.50
V 7272 -712695.30 -163536.03
V 7280 -712695.19 -163536.56
V 7288 -712694.99 -163537.37
V 7296 -712547.09 -164098.26
V 7304 -712547.09 -164433.87
V 7312 -712547.08 -164434.41
V 7320 -712547.05 -164434.95
V 7328 -712547.00 -164435.49
V 7336 -712546.93 -164436.03
V 7344 -712546.85 -164436.56
V 7352 -712546.74 -164437.09
V 7360 -712546.54 -164437.90
V 7368 -712398.65 -164998.78
V 7376 -712398.65 -165334.43
V 7384 -712398.64 -165334.97
V 7392 -712398.61 -165335.51
V 7400 -712398.56 -165336.05
V 7408 -712398.49 -165336.59
V 7416 -712398.41 -165337.12
V 7424 -712398.30 -165337.65
V 7432 -712398.10 -165338.46
V 7440 -712250.21 -165899.34
V 7448 -712250.21 -166234.99
V 7456 -712250.20 -166235.53
V 7464 -712250.17 -166236.07
V 7472 -712250.12 -166236.61
V 7480 -712250.05 -166237.15
V 7488 -712249.97 -166237.68
V 7496 -712249.86 -166238.21
V 7504 -712249.66 -166239.02
V 7512 -712101.77 -166799.90
V 7520 -712101.77 -167135.54
V 7528 -712101.76 -167136.08
V 7536 -712101.73 -167136.62
V 7544 -712101.68 -167137.16
V 7552 -712101.61 -167137.70
V 7560 -712101.53 -167138.23
V 7568 -712101.42 -167138.76
V 7576 -712101.22 -167139.57
V 7584 -711953.33 -167700.45
V 7592 -711953.33 -168036.10
V 7600 -711953.32 -168036.64
V 7608 -711953.29 -168037.18
V 7616 -711953.24 -168037.72
V 7624 -711953.17 -168038.26
V 7632 -711953.09 -168038.79
V 7640 -711952.98 -168039.32
V 7648 -711952.78 -168040.13
V 7656 -711804.89 -168601.01
V 7664 -711804.89 -168936.66
V 7672 -711804.88 -168937.20
V 7680 -711804.85 -168937.74
V 7688 -711804.80 -168938.28
V 7696 -711804.73 -168938.82
V 7704 -711804.65 -168939.35
V 7712 -711804.54 -168939.88
V 7720 -711804.34 -168940.69
V 7728 -711656.45 -169501.57
V 7736 -711656.45 -169837.25
V 7744 -711656.44 -169837.79
V 7752 -711656.41 -169838.33
V 7760 -711656.36 -169838.87
V 7768 -711656.29 -169839.41
V 7776 -711656.21 -169839.94
V 7784 -711656.10 -169840.47
V 7792 -711655.90 -169841.28
V 7800 -711508.00 -170402.16
V 7808 -711508.00 -170737.77
V 7816 -711507.99 -170738.31
V 7824 -711507.96 -170738.85
V 7832 -711507.91 -170739.39
V 7840 -711507.84 -170739.93
V 7848 -711507.76 -170740.46
V 7856 -711507.65 -170740.99
V 7864 -711507.45 -170741.80
V 7872 -711351.74 -171332.34
V 7880 -711351.74 -172005.81
V 7888 -711351.73 -172006.35
V 7896 -711351.70 -172006.89
V 7904 -711351.65 -172007.43
V 7912 -711351.58 -172007.97
V 7920 -711351.50 -172008.50
V 7928 -711351.39 -172009.03
V 7936 -711351.26 -172009.56
V 7944 -711351.12 -172010.08
V 7952 -711350.95 -172010.60
V 7960 -711350.77 -172011.11
V 7968 -711350.57 -172011.61
V 7976 -711350.43 -172011.92
V 7984 -711350.43 -172011.94
V 7992 -710874.99 -173074.61
V 8000 -710842.33 -173268.04
V 8008 -710842.30 -173268.22
V 8016 -710842.19 -173268.75
V 8024 -710842.06 -173269.28
V 8032 -710841.92 -173269.80
V 8040 -710841.75 -173270.32
V 8048 -710841.57 -173270.83
V 8056 -710841.37 -173271.33
V 8064 -710841.24 -173271.62
V 8072 -710841.23 -173271.66
V 8080 -710517.78 -173994.58
V 8088 -710485.14 -174187.98
V 8096 -710485.11 -174188.16
V 8104 -710485.00 -174188.69
V 8112 -710484.87 -174189.22
V 8120 -710484.73 -174189.74
V 8128 -710484.56 -174190.26
V 8136 -710484.38 -174190.77
V 8144 -710484.18 -174191.27
V 8152 -710484.05 -174191.56
V 8160 -710484.04 -174191.60
V 8168 -710160.49 -174914.75
V 8176 -710127.85 -175108.13
V 8184 -710127.82 -175108.31
V 8192 -710127.71 -175108.84
V 8200 -710127.58 -175109.37
V 8208 -710127.44 -175109.89
V 8216 -710127.27 -175110.41
V 8224 -710127.09 -175110.92
V 8232 -710126.89 -175111.42
V 8240 -710126.76 -175111.71
V 8248 -710126.75 -175111.75
V 8256 -709803.26 -175834.78
V 8264 -709770.60 -176028.21
V 8272 -709770.57 -176028.39
V 8280 -709770.46 -176028.92
V 8288 -709770.33 -176029.45
V 8296 -709770.19 -176029.97
V 8304 -709770.02 -176030.49
V 8312 -709769.84 -176031.00
V 8320 -709769.64 -176031.50
V 8328 -709769.51 -176031.79
V 8336 -709769.50 -176031.83
V 8344 -709446.06 -176754.75
V 8352 -709413.42 -176948.15
V 8360 -709413.39 -176948.33
V 8368 -709413.28 -176948.86
V 8376 -709413.15 -176949.39
V 8384 -709413.01 -176949.91
V 8392 -709412.84 -176950.43
V 8400 -709412.66 -176950.94
V 8408 -709412.46 -176951.44
V 8416 -709412.33 -176951.73
V 8424 -709412.32 -176951.77
V 8432 -709088.76 -177674.93
V 8440 -709056.12 -177868.30
V 8448 -709056.09 -177868.48
V 8456 -709055.98 -177869.01
V 8464 -709055.85 -177869.54
V 8472 -709055.71 -177870.06
V 8480 -709055.54 -177870.58
V 8488 -709055.36 -177871.09
V 8496 -709055.16 -177871.59
V 8504 -709055.03 -177871.88
V 8512 -709055.02 -177871.92
V 8520 -708731.53 -178594.95
V 8528 -708698.86 -178788.44
V 8536 -708698.83 -178788.62
V 8544 -708698.72 -178789.15
V 8552 -708698.59 -178789.68
V 8560 -708698.45 -178790.20
V 8568 -708698.28 -178790.72
V 8576 -708698.10 -178791.23
V 8584 -708697.90 -178791.73
V 8592 -708697.77 -178792.02
V 8600 -708697.76 -178792.06
V 8608 -708376.42 -179510.24
V 8616 -708312.65 -179892.50
V 8624 -708312.64 -179892.54
V 8632 -708312.61 -179892.72
V 8640 -708312.50 -179893.25
V 8648 -708312.37 -179893.78
V 8656 -708312.23 -179894.30
V 8664 -708312.06 -179894.82
V 8672 -708311.88 -179895.33
V 8680 -708311.68 -179895.83
V 8688 -708311.46 -179896.33
V 8696 -708311.23 -179896.82
V 8704 -707238.91 -181902.99
V 8712 -707238.76 -181903.27
V 8720 -707238.38 -181903.93
V 8728 -707238.10 -181904.39
V 8736 -707237.72 -181904.94
V 8744 -707237.68 -181905.00
V 8752 -706832.73 -182463.94
V 8760 -706746.55 -182669.28
V 8768 -706746.33 -182669.78
V 8776 -706746.10 -182670.27
V 8784 -706745.84 -182670.74
V 8792 -706745.57 -182671.21
V 8800 -706745.29 -182671.67
V 8808 -706744.98 -182672.12
V 8816 -706744.89 -182672.24
V 8824 -706744.87 -182672.28
V 8832 -706211.74 -183408.14
V 8840 -706125.57 -183613.49
V 8848 -706125.35 -183613.99
V 8856 -706125.12 -183614.48
V 8864 -706124.86 -183614.95
V 8872 -706124.59 -183615.42
V 8880 -706124.31 -183615.88
V 8888 -706124.00 -183616.33
V 8896 -706123.91 -183616.45
V 8904 -706123.89 -183616.49
V 8912 -705590.75 -184352.35
V 8920 -705504.58 -184557.70
V 8928 -705504.36 -184558.20
V 8936 -705504.13 -184558.69
V 8944 -705503.87 -184559.16
V 8952 -705503.60 -184559.63
V 8960 -705503.32 -184560.09
V 8968 -705503.01 -184560.54
V 8976 -705502.92 -184560.66
V 8984 -705502.90 -184560.70
V 8992 -704969.77 -185296.56
V 9000 -704883.59 -185501.90
V 9008 -704883.37 -185502.40
V 9016 -704883.14 -185502.89
V 9024 -704882.88 -185503.36
V 9032 -704882.61 -185503.83
V 9040 -704882.33 -185504.29
V 9048 -704882.02 -185504.74
V 9056 -704881.93 -185504.86
V 9064 -704881.91 -185504.90
V 9072 -704348.71 -186240.86
V 9080 -704262.53 -186446.19
V 9088 -704262.51 -186446.23
V 9096 -704262.31 -186446.68
V 9104 -704262.08 -186447.17
V 9112 -704261.82 -186447.64
V 9120 -704261.55 -186448.11
V 9128 -704261.27 -186448.57
V 9136 -704260.96 -186449.02
V 9144 -704260.87 -186449.14
V 9152 -704260.85 -186449.18
V 9160 -703727.30 -187185.65
V 9168 -703645.80 -187379.70
V 9176 -703645.78 -187379.74
V 9184 -703645.58 -187380.19
V 9192 -703645.35 -187380.68
V 9200 -703645.09 -187381.15
V 9208 -703644.82 -187381.62
V 9216 -703644.54 -187382.08
V 9224 -703644.23 -187382.53
V 9232 -702768.00 -188602.00
V 9240 -702259.31 -189367.66
V 9248 -702259.00 -189368.11
V 9256 -702258.68 -189368.55
V 9264 -702258.35 -189368.97
V 9272 -702258.00 -189369.39
V 9280 -702257.63 -189369.79
V 9288 -702257.25 -189370.17
V 9296 -702256.86 -189370.54
V 9304 -702256.81 -189370.59
V 9312 -701300.10 -190237.38
V 9320 -701138.39 -190453.44
V 9328 -701138.37 -190453.46
V 9336 -701138.32 -190453.53
V 9344 -701137.99 -190453.95
V 9352 -701137.64 -190454.37
V 9360 -701137.27 -190454.77
V 9368 -701136.89 -190455.15
V 9376 -701136.45 -190455.57
V 9384 -700310.95 -191203.49
V 9392 -700149.20 -191419.63
V 9400 -700149.18 -191419.65
V 9408 -700149.13 -191419.72
V 9416 -700148.80 -191420.14
V 9424 -700148.45 -191420.56
V 9432 -700148.08 -191420.96
V 9440 -700147.70 -191421.34
V 9448 -700147.26 -191421.76
V 9456 -699321.60 -192169.82
V 9464 -699159.96 -192385.80
V 9472 -699159.94 -192385.82
V 9480 -699159.89 -192385.89
V 9488 -699159.56 -192386.31
V 9496 -699159.21 -192386.73
V 9504 -699158.84 -192387.13
V 9512 -699158.46 -192387.51
V 9520 -699158.02 -192387.93
V 9528 -698332.44 -193135.91
V 9536 -698170.82 -193351.87
V 9544 -698170.80 -193351.89
V 9552 -698170.75 -193351.96
V 9560 -698170.42 -193352.38
V 9568 -698170.07 -193352.80
V 9576 -698169.70 -193353.20
V 9584 -698169.32 -193353.58
V 9592 -698168.88 -193354.00
V 9600 -697342.81 -194102.44
V 9608 -697184.53 -194313.86
V 9616 -697184.51 -194313.88
V 9624 -697184.46 -194313.95
V 9632 -697184.13 -194314.37
V 9640 -697183.78 -194314.79
V 9648 -697183.41 -194315.19
V 9656 -697183.03 -194315.57
V 9664 -697182.61 -194315.97
V 9672 -696170.16 -195236.31
V 9680 -695489.39 -196020.04
V 9688 -695489.17 -196020.31
V 9696 -695488.80 -196020.71
V 9704 -695488.42 -196021.09
V 9712 -695488.03 -196021.46
V 9720 -695487.62 -196021.82
V 9728 -695487.20 -196022.17
V 9736 -695486.77 -196022.49
V 9744 -695486.33 -196022.81
V 9752 -695485.87 -196023.10
V 9760 -695485.46 -196023.35
V 9768 -695485.44 -196023.36
V 9776 -695485.38 -196023.40
V 9784 -693616.75 -197111.54
V 9792 -693333.20 -197336.26
V 9800 -693333.16 -197336.28
V 9808 -693332.74 -197336.60
V 9816 -693332.30 -197336.92
V 9824 -693331.44 -197337.46
V 9832 -693331.41 -197337.47
V 9840 -693331.35 -197337.51
V 9848 -692028.99 -198095.90
V 9856 -691745.56 -198320.53
V 9864 -691745.52 -198320.55
V 9872 -691745.10 -198320.87
V 9880 -691744.66 -198321.19
V 9888 -691743.80 -198321.73
V 9896 -691743.77 -198321.74
V 9904 -691743.71 -198321.78
V 9912 -690440.83 -199080.48
V 9920 -690157.61 -199304.93
V 9928 -690157.57 -199304.95
V 9936 -690157.15 -199305.27
V 9944 -690156.71 -199305.59
V 9952 -690155.85 -199306.13
V 9960 -690155.82 -199306.14
V 9968 -690155.76 -199306.18
V 9976 -688863.95 -200058.31
V 9984 -688474.32 -200369.31
V 9992 -688474.20 -200369.41
V 10000 -688473.77 -200369.73
V 10008 -688473.33 -200370.05
V 10016 -688472.87 -200370.34
V 10024 -688472.41 -200370.62
V 10032 -688472.00 -200370.85
V 10040 -687269.71 -201013.48
V 10048 -687269.67 -201013.50
V 10056 -687269.18 -201013.75
V 10064 -687268.69 -201013.98
V 10072 -687268.55 -201014.04
V 10080 -687268.52 -201014.05
V 10088 -684712.35 -202104.31
V 10096 -684712.29 -202104.34
V 10104 -684712.20 -202104.38
V 10112 -684712.12 -202104.41
V 10120 -684712.03 -202104.44
V 10128 -684711.29 -202104.74
V 10136 -684710.98 -202104.84
V 10144 -684710.93 -202104.86
V 10152 -682722.02 -202759.22
V 10160 -682722.02 -209773.70
V 10168 -682692.02 -209773.70
V 10176 -682692.02 -202748.36
