V 0 -614916.00 -157719.35
V 8 -614916.00 -157730.78
V 16 -616263.59 -157959.61
V 24 -617192.44 -158117.33
V 32 -617192.46 -158117.33
V 40 -617192.62 -158117.36
V 48 -617192.84 -158117.39
V 56 -617657.41 -158196.28
V 64 -618122.01 -158275.17
V 72 -619515.59 -158511.81
V 80 -619515.61 -158511.81
V 88 -619515.81 -158511.84
V 96 -619980.43 -158590.73
V 104 -621309.93 -158816.48
V 112 -622303.49 -158985.20
V 120 -622303.53 -158985.20
V 128 -622303.65 -158985.22
V 136 -622303.69 -158985.23
V 144 -624626.47 -159379.64
V 152 -626266.94 -159658.20
V 160 -631131.28 -160484.17
V 168 -640869.71 -162137.78
V 176 -661763.79 -165685.63
V 184 -661770.40 -165688.44
V 192 -661775.04 -165693.92
V 200 -661776.70 -165700.91
V 208 -661776.70 -165797.45
V 216 -661797.16 -165797.45
V 224 -661804.91 -165799.53
V 232 -661810.58 -165805.20
V 240 -661812.66 -165812.95
V 248 -661812.66 -165883.95
V 256 -661810.58 -165891.70
V 264 -661804.91 -165897.37
V 272 -661797.16 -165899.45
V 280 -661719.20 -165899.45
V 288 -661719.20 -165939.45
V 296 -661818.70 -165939.45
V 304 -661826.45 -165941.53
V 312 -661832.12 -165947.20
V 320 -661834.20 -165954.95
V 328 -661834.20 -166025.95
V 336 -661832.12 -166033.70
V 344 -661826.45 -166039.37
V 352 -661818.70 -166041.45
V 360 -661719.20 -166041.45
V 368 -661719.20 -166081.45
V 376 -661818.70 -166081.45
V 384 -661826.45 -166083.53
V 392 -661832.12 -166089.20
V 400 -661834.20 -166096.95
V 408 -661834.20 -166167.95
V 416 -661832.12 -166175.70
V 424 -661826.45 -166181.37
V 432 -661818.70 -166183.45
V 440 -661719.20 -166183.45
V 448 -661719.20 -166223.45
V 456 -661818.70 -166223.45
V 464 -661826.45 -166225.53
V 472 -661832.12 -166231.20
V 480 -661834.20 -166238.95
V 488 -661834.20 -166309.95
V 496 -661832.12 -166317.70
V 504 -661826.45 -166323.37
V 512 -661818.70 -166325.45
V 520 -661719.20 -166325.45
V 528 -661719.20 -166365.45
V 536 -661818.70 -166365.45
V 544 -661826.45 -166367.53
V 552 -661832.12 -166373.20
V 560 -661834.20 -166380.95
V 568 -661834.20 -166451.95
V 576 -661832.12 -166459.70
V 584 -661826.45 -166465.37
V 592 -661818.70 -166467.45
V 600 -661719.20 -166467.45
V 608 -661719.20 -166507.45
V 616 -661818.70 -166507.45
V 624 -661826.45 -166509.53
V 632 -661832.12 -166515.20
V 640 -661834.20 -166522.95
V 648 -661834.20 -166593.95
V 656 -661832.12 -166601.70
V 664 -661826.45 -166607.37
V 672 -661818.70 -166609.45
V 680 -661719.20 -166609.45
V 688 -661719.20 -166649.45
V 696 -661818.70 -166649.45
V 704 -661826.45 -166651.53
V 712 -661832.12 -166657.20
V 720 -661834.20 -166664.95
V 728 -661834.20 -166735.95
V 736 -661832.12 -166743.70
V 744 -661826.45 -166749.37
V 752 -661818.70 -166751.45
V 760 -661719.20 -166751.45
V 768 -661719.20 -166791.45
V 776 -661818.70 -166791.45
V 784 -661826.45 -166793.53
V 792 -661832.12 -166799.20
V 800 -661834.20 -166806.95
V 808 -661834.20 -166877.95
V 816 -661832.12 -166885.70
V 824 -661826.45 -166891.37
V 832 -661818.70 -166893.45
V 840 -661719.20 -166893.45
V 848 -661719.20 -166933.45
V 856 -661818.70 -166933.45
V 864 -661826.45 -166935.53
V 872 -661832.12 -166941.20
V 880 -661834.20 -166948.95
V 888 -661834.20 -167019.95
V 896 -661832.12 -167027.70
V 904 -661826.45 -167033.37
V 912 -661818.70 -167035.45
V 920 -661719.20 -167035.45
V 928 -661719.20 -167075.45
V 936 -661818.70 -167075.45
V 944 -661826.45 -167077.53
V 952 -661832.12 -167083.20
V 960 -661834.20 -167090.95
V 968 -661834.20 -167161.95
V 976 -661832.12 -167169.70
V 984 -661826.45 -167175.37
V 992 -661818.70 -167177.45
V 1000 -661719.20 -167177.45
V 1008 -661719.20 -167217.45
V 1016 -661818.70 -167217.45
V 1024 -661826.45 -167219.53
V 1032 -661832.12 -167225.20
V 1040 -661834.20 -167232.95
V 1048 -661834.20 -167303.95
V 1056 -661832.12 -167311.70
V 1064 -661826.45 -167317.37
V 1072 -661818.70 -167319.45
V 1080 -661719.20 -167319.45
V 1088 -661719.20 -167359.45
V 1096 -661818.70 -167359.45
V 1104 -661826.45 -167361.53
V 1112 -661832.12 -167367.20
V 1120 -661834.20 -167374.95
V 1128 -661834.20 -167445.95
V 1136 -661832.12 -167453.70
V 1144 -661826.45 -167459.37
V 1152 -661818.70 -167461.45
V 1160 -661719.20 -167461.45
V 1168 -661719.20 -167501.45
V 1176 -661818.70 -167501.45
V 1184 -661826.45 -167503.53
V 1192 -661832.12 -167509.20
V 1200 -661834.20 -167516.95
V 1208 -661834.20 -167587.95
V 1216 -661832.12 -167595.70
V 1224 -661826.45 -167601.37
V 1232 -661818.70 -167603.45
V 1240 -661719.20 -167603.45
V 1248 -661719.20 -167643.45
V 1256 -661818.70 -167643.45
V 1264 -661826.45 -167645.53
V 1272 -661832.12 -167651.20
V 1280 -661834.20 -167658.95
V 1288 -661834.20 -167729.95
V 1296 -661832.12 -167737.70
V 1304 -661826.45 -167743.37
V 1312 -661818.70 -167745.45
V 1320 -661719.20 -167745.45
V 1328 -661719.20 -167785.45
V 1336 -661818.70 -167785.45
V 1344 -661826.45 -167787.53
V 1352 -661832.12 -167793.20
V 1360 -661834.20 -167800.95
V 1368 -661834.20 -167871.95
V 1376 -661832.12 -167879.70
V 1384 -661826.45 -167885.37
V 1392 -661818.70 -167887.45
V 1400 -661719.20 -167887.45
V 1408 -661719.20 -167927.45
V 1416 -661818.70 -167927.45
V 1424 -661826.45 -167929.53
V 1432 -661832.12 -167935.20
V 1440 -661834.20 -167942.95
V 1448 -661834.20 -168013.95
V 1456 -661832.12 -168021.70
V 1464 -661826.45 -168027.37
V 1472 -661818.70 -168029.45
V 1480 -661719.20 -168029.45
V 1488 -661719.20 -168069.45
V 1496 -661818.70 -168069.45
V 1504 -661826.45 -168071.53
V 1512 -661832.12 -168077.20
V 1520 -661834.20 -168084.95
V 1528 -661834.20 -168155.95
V 1536 -661832.12 -168163.70
V 1544 -661826.45 -168169.37
V 1552 -661818.70 -168171.45
V 1560 -661719.20 -168171.45
V 1568 -661719.20 -168211.45
V 1576 -661818.70 -168211.45
V 1584 -661826.45 -168213.53
V 1592 -661832.12 -168219.20
V 1600 -661834.20 -168226.95
V 1608 -661834.20 -168297.95
V 1616 -661832.12 -168305.70
V 1624 -661826.45 -168311.37
V 1632 -661818.70 -168313.45
V 1640 -661719.20 -168313.45
V 1648 -661719.20 -168353.45
V 1656 -661818.70 -168353.45
V 1664 -661826.45 -168355.53
V 1672 -661832.12 -168361.20
V 1680 -661834.20 -168368.95
V 1688 -661834.20 -168439.95
V 1696 -661832.12 -168447.70
V 1704 -661826.45 -168453.37
V 1712 -661818.70 -168455.45
V 1720 -661719.20 -168455.45
V 1728 -661719.20 -168495.45
V 1736 -661818.70 -168495.45
V 1744 -661826.45 -168497.53
V 1752 -661832.12 -168503.20
V 1760 -661834.20 -168510.95
V 1768 -661834.20 -168581.95
V 1776 -661832.12 -168589.70
V 1784 -661826.45 -168595.37
V 1792 -661818.70 -168597.45
V 1800 -661719.20 -168597.45
V 1808 -661719.20 -168637.45
V 1816 -661818.70 -168637.45
V 1824 -661826.45 -168639.53
V 1832 -661832.12 -168645.20
V 1840 -661834.20 -168652.95
V 1848 -661834.20 -168723.95
V 1856 -661832.12 -168731.70
V 1864 -661826.45 -168737.37
V 1872 -661818.70 -168739.45
V 1880 -661719.20 -168739.45
V 1888 -661719.20 -168779.45
V 1896 -661818.70 -168779.45
V 1904 -661826.45 -168781.53
V 1912 -661832.12 -168787.20
V 1920 -661834.20 -168794.95
V 1928 -661834.20 -168865.95
V 1936 -661832.12 -168873.70
V 1944 -661826.45 -168879.37
V 1952 -661818.70 -168881.45
V 1960 -661719.20 -168881.45
V 1968 -661719.20 -168921.45
V 1976 -661818.70 -168921.45
V 1984 -661826.45 -168923.53
V 1992 -661832.12 -168929.20
V 2000 -661834.20 -168936.95
V 2008 -661834.20 -169007.95
V 2016 -661832.12 -169015.70
V 2024 -661826.45 -169021.37
V 2032 -661818.70 -169023.45
V 2040 -661719.20 -169023.45
V 2048 -661719.20 -169063.45
V 2056 -661818.70 -169063.45
V 2064 -661826.45 -169065.53
V 2072 -661832.12 -169071.20
V 2080 -661834.20 -169078.95
V 2088 -661834.20 -169149.95
V 2096 -661832.12 -169157.70
V 2104 -661826.45 -169163.37
V 2112 -661818.70 -169165.45
V 2120 -661719.20 -169165.45
V 2128 -661719.20 -169205.45
V 2136 -661818.70 -169205.45
V 2144 -661826.45 -169207.53
V 2152 -661832.12 -169213.20
V 2160 -661834.20 -169220.95
V 2168 -661834.20 -169291.95
V 2176 -661832.12 -169299.70
V 2184 -661826.45 -169305.37
V 2192 -661818.70 -169307.45
V 2200 -661719.20 -169307.45
V 2208 -661719.20 -169347.45
V 2216 -661818.70 -169347.45
V 2224 -661826.45 -169349.53
V 2232 -661832.12 -169355.20
V 2240 -661834.20 -169362.95
V 2248 -661834.20 -169433.95
V 2256 -661832.12 -169441.70
V 2264 -661826.45 -169447.37
V 2272 -661818.70 -169449.45
V 2280 -661719.20 -169449.45
V 2288 -661719.20 -169489.45
V 2296 -661818.70 -169489.45
V 2304 -661826.45 -169491.53
V 2312 -661832.12 -169497.20
V 2320 -661834.20 -169504.95
V 2328 -661834.20 -169575.95
V 2336 -661832.12 -169583.70
V 2344 -661826.45 -169589.37
V 2352 -661818.70 -169591.45
V 2360 -661719.20 -169591.45
V 2368 -661719.20 -169631.45
V 2376 -661818.70 -169631.45
V 2384 -661826.45 -169633.53
V 2392 -661832.12 -169639.20
V 2400 -661834.20 -169646.95
V 2408 -661834.20 -169717.95
V 2416 -661832.12 -169725.70
V 2424 -661826.45 -169731.37
V 2432 -661818.70 -169733.45
V 2440 -661719.20 -169733.45
V 2448 -661719.20 -169773.45
V 2456 -661818.70 -169773.45
V 2464 -661826.45 -169775.53
V 2472 -661832.12 -169781.20
V 2480 -661834.20 -169788.95
V 2488 -661834.20 -169859.95
V 2496 -661832.12 -169867.70
V 2504 -661826.45 -169873.37
V 2512 -661818.70 -169875.45
V 2520 -661719.20 -169875.45
V 2528 -661719.20 -169915.45
V 2536 -661818.70 -169915.45
V 2544 -661826.45 -169917.53
V 2552 -661832.12 -169923.20
V 2560 -661834.20 -169930.95
V 2568 -661834.20 -170001.95
V 2576 -661832.12 -170009.70
V 2584 -661826.45 -170015.37
V 2592 -661818.70 -170017.45
V 2600 -661719.20 -170017.45
V 2608 -661719.20 -170057.45
V 2616 -661818.70 -170057.45
V 2624 -661826.45 -170059.53
V 2632 -661832.12 -170065.20
V 2640 -661834.20 -170072.95
V 2648 -661834.20 -170143.95
V 2656 -661832.12 -170151.70
V 2664 -661826.45 -170157.37
V 2672 -661818.70 -170159.45
V 2680 -661719.20 -170159.45
V 2688 -661719.20 -170199.45
V 2696 -661818.70 -170199.45
V 2704 -661826.45 -170201.53
V 2712 -661832.12 -170207.20
V 2720 -661834.20 -170214.95
V 2728 -661834.20 -170285.95
V 2736 -661832.12 -170293.70
V 2744 -661826.45 -170299.37
V 2752 -661818.70 -170301.45
V 2760 -661719.20 -170301.45
V 2768 -661719.20 -170341.45
V 2776 -661818.70 -170341.45
V 2784 -661826.45 -170343.53
V 2792 -661832.12 -170349.20
V 2800 -661834.20 -170356.95
V 2808 -661834.20 -170427.95
V 2816 -661832.12 -170435.70
V 2824 -661826.45 -170441.37
V 2832 -661818.70 -170443.45
V 2840 -661719.20 -170443.45
V 2848 -661719.20 -170483.45
V 2856 -661818.70 -170483.45
V 2864 -661826.45 -170485.53
V 2872 -661832.12 -170491.20
V 2880 -661834.20 -170498.95
V 2888 -661834.20 -170569.95
V 2896 -661832.12 -170577.70
V 2904 -661826.45 -170583.37
V 2912 -661818.70 -170585.45
V 2920 -661719.20 -170585.45
V 2928 -661719.20 -170625.45
V 2936 -661818.70 -170625.45
V 2944 -661826.45 -170627.53
V 2952 -661832.12 -170633.20
V 2960 -661834.20 -170640.95
V 2968 -661834.20 -170711.95
V 2976 -661832.12 -170719.70
V 2984 -661826.45 -170725.37
V 2992 -661818.70 -170727.45
V 3000 -661719.20 -170727.45
V 3008 -661719.20 -170767.45
V 3016 -661818.70 -170767.45
V 3024 -661826.45 -170769.53
V 3032 -661832.12 -170775.20
V 3040 -661834.20 -170782.95
V 3048 -661834.20 -170853.95
V 3056 -661832.12 -170861.70
V 3064 -661826.45 -170867.37
V 3072 -661818.70 -170869.45
V 3080 -661719.20 -170869.45
V 3088 -661719.20 -170909.45
V 3096 -661818.70 -170909.45
V 3104 -661826.45 -170911.53
V 3112 -661832.12 -170917.20
V 3120 -661834.20 -170924.95
V 3128 -661834.20 -170995.95
V 3136 -661832.12 -171003.70
V 3144 -661826.45 -171009.37
V 3152 -661818.70 -171011.45
V 3160 -661719.20 -171011.45
V 3168 -661719.20 -171051.45
V 3176 -661818.70 -171051.45
V 3184 -661826.45 -171053.53
V 3192 -661832.12 -171059.20
V 3200 -661834.20 -171066.95
V 3208 -661834.20 -171137.95
V 3216 -661832.12 -171145.70
V 3224 -661826.45 -171151.37
V 3232 -661818.70 -171153.45
V 3240 -661719.20 -171153.45
V 3248 -661719.20 -171193.45
V 3256 -661818.70 -171193.45
V 3264 -661826.45 -171195.53
V 3272 -661832.12 -171201.20
V 3280 -661834.20 -171208.95
V 3288 -661834.20 -171279.95
V 3296 -661832.12 -171287.70
V 3304 -661826.45 -171293.37
V 3312 -661818.70 -171295.45
V 3320 -661719.20 -171295.45
V 3328 -661719.20 -171335.45
V 3336 -661818.70 -171335.45
V 3344 -661826.45 -171337.53
V 3352 -661832.12 -171343.20
V 3360 -661834.20 -171350.95
V 3368 -661834.20 -171421.95
V 3376 -661832.12 -171429.70
V 3384 -661826.45 -171435.37
V 3392 -661818.70 -171437.45
V 3400 -661719.20 -171437.45
V 3408 -661719.20 -171477.45
V 3416 -661818.70 -171477.45
V 3424 -661826.45 -171479.53
V 3432 -661832.12 -171485.20
V 3440 -661834.20 -171492.95
V 3448 -661834.20 -171563.95
V 3456 -661832.12 -171571.70
V 3464 -661826.45 -171577.37
V 3472 -661818.70 -171579.45
V 3480 -661719.20 -171579.45
V 3488 -661719.20 -171619.45
V 3496 -661818.70 -171619.45
V 3504 -661826.45 -171621.53
V 3512 -661832.12 -171627.20
V 3520 -661834.20 -171634.95
V 3528 -661834.20 -171705.95
V 3536 -661832.12 -171713.70
V 3544 -661826.45 -171719.37
V 3552 -661818.70 -171721.45
V 3560 -661719.20 -171721.45
V 3568 -661719.20 -171761.45
V 3576 -661818.70 -171761.45
V 3584 -661826.45 -171763.53
V 3592 -661832.12 -171769.20
V 3600 -661834.20 -171776.95
V 3608 -661834.20 -171847.95
V 3616 -661832.12 -171855.70
V 3624 -661826.45 -171861.37
V 3632 -661818.70 -171863.45
V 3640 -661719.20 -171863.45
V 3648 -661719.20 -171903.45
V 3656 -661818.70 -171903.45
V 3664 -661826.45 -171905.53
V 3672 -661832.12 -171911.20
V 3680 -661834.20 -171918.95
V 3688 -661834.20 -171989.95
V 3696 -661832.12 -171997.70
V 3704 -661826.45 -172003.37
V 3712 -661818.70 -172005.45
V 3720 -661719.20 -172005.45
V 3728 -661719.20 -172045.45
V 3736 -661818.70 -172045.45
V 3744 -661826.45 -172047.53
V 3752 -661832.12 -172053.20
V 3760 -661834.20 -172060.95
V 3768 -661834.20 -172131.95
V 3776 -661832.12 -172139.70
V 3784 -661826.45 -172145.37
V 3792 -661818.70 -172147.45
V 3800 -661719.20 -172147.45
V 3808 -661719.20 -172187.45
V 3816 -661818.70 -172187.45
V 3824 -661826.45 -172189.53
V 3832 -661832.12 -172195.20
V 3840 -661834.20 -172202.95
V 3848 -661834.20 -172273.95
V 3856 -661832.12 -172281.70
V 3864 -661826.45 -172287.37
V 3872 -661818.70 -172289.45
V 3880 -661719.20 -172289.45
V 3888 -661719.20 -172329.45
V 3896 -661818.70 -172329.45
V 3904 -661826.45 -172331.53
V 3912 -661832.12 -172337.20
V 3920 -661834.20 -172344.95
V 3928 -661834.20 -172415.95
V 3936 -661832.12 -172423.70
V 3944 -661826.45 -172429.37
V 3952 -661818.70 -172431.45
V 3960 -661719.20 -172431.45
V 3968 -661719.20 -172471.45
V 3976 -661818.70 -172471.45
V 3984 -661826.45 -172473.53
V 3992 -661832.12 -172479.20
V 4000 -661834.20 -172486.95
V 4008 -661834.20 -172557.95
V 4016 -661832.12 -172565.70
V 4024 -661826.45 -172571.37
V 4032 -661818.70 -172573.45
V 4040 -661719.20 -172573.45
V 4048 -661719.20 -172613.45
V 4056 -661818.70 -172613.45
V 4064 -661826.45 -172615.53
V 4072 -661832.12 -172621.20
V 4080 -661834.20 -172628.95
V 4088 -661834.20 -172699.95
V 4096 -661832.12 -172707.70
V 4104 -661826.45 -172713.37
V 4112 -661818.70 -172715.45
V 4120 -661719.20 -172715.45
V 4128 -661719.20 -172755.45
V 4136 -661818.70 -172755.45
V 4144 -661826.45 -172757.53
V 4152 -661832.12 -172763.20
V 4160 -661834.20 -172770.95
V 4168 -661834.20 -172841.95
V 4176 -661832.12 -172849.70
V 4184 -661826.45 -172855.37
V 4192 -661818.70 -172857.45
V 4200 -661719.20 -172857.45
V 4208 -661719.20 -172897.45
V 4216 -661818.70 -172897.45
V 4224 -661826.45 -172899.53
V 4232 -661832.12 -172905.20
V 4240 -661834.20 -172912.95
V 4248 -661834.20 -172983.95
V 4256 -661832.12 -172991.70
V 4264 -661826.45 -172997.37
V 4272 -661818.70 -172999.45
V 4280 -661719.20 -172999.45
V 4288 -661719.20 -173039.45
V 4296 -661818.70 -173039.45
V 4304 -661826.45 -173041.53
V 4312 -661832.12 -173047.20
V 4320 -661834.20 -173054.95
V 4328 -661834.20 -173125.95
V 4336 -661832.12 -173133.70
V 4344 -661826.45 -173139.37
V 4352 -661818.70 -173141.45
V 4360 -661719.20 -173141.45
V 4368 -661719.20 -173181.45
V 4376 -661818.70 -173181.45
V 4384 -661826.45 -173183.53
V 4392 -661832.12 -173189.20
V 4400 -661834.20 -173196.95
V 4408 -661834.20 -173267.95
V 4416 -661832.12 -173275.70
V 4424 -661826.45 -173281.37
V 4432 -661818.70 -173283.45
V 4440 -661719.20 -173283.45
V 4448 -661719.20 -173323.45
V 4456 -661818.70 -173323.45
V 4464 -661826.45 -173325.53
V 4472 -661832.12 -173331.20
V 4480 -661834.20 -173338.95
V 4488 -661834.20 -173409.95
V 4496 -661832.12 -173417.70
V 4504 -661826.45 -173423.37
V 4512 -661818.70 -173425.45
V 4520 -661719.20 -173425.45
V 4528 -661719.20 -173465.45
V 4536 -661818.70 -173465.45
V 4544 -661826.45 -173467.53
V 4552 -661832.12 -173473.20
V 4560 -661834.20 -173480.95
V 4568 -661834.20 -173551.95
V 4576 -661832.12 -173559.70
V 4584 -661826.45 -173565.37
V 4592 -661818.70 -173567.45
V 4600 -661719.20 -173567.45
V 4608 -661719.20 -173607.45
V 4616 -661818.70 -173607.45
V 4624 -661826.45 -173609.53
V 4632 -661832.12 -173615.20
V 4640 -661834.20 -173622.95
V 4648 -661834.20 -173693.95
V 4656 -661832.12 -173701.70
V 4664 -661826.45 -173707.37
V 4672 -661818.70 -173709.45
V 4680 -661719.20 -173709.45
V 4688 -661719.20 -173749.45
V 4696 -661818.70 -173749.45
V 4704 -661826.45 -173751.53
V 4712 -661832.12 -173757.20
V 4720 -661834.20 -173764.95
V 4728 -661834.20 -173835.95
V 4736 -661832.12 -173843.70
V 4744 -661826.45 -173849.37
V 4752 -661818.70 -173851.45
V 4760 -661719.20 -173851.45
V 4768 -661719.20 -173891.45
V 4776 -661818.70 -173891.45
V 4784 -661826.45 -173893.53
V 4792 -661832.12 -173899.20
V 4800 -661834.20 -173906.95
V 4808 -661834.20 -173977.95
V 4816 -661832.12 -173985.70
V 4824 -661826.45 -173991.37
V 4832 -661818.70 -173993.45
V 4840 -661719.20 -173993.45
V 4848 -661719.20 -174033.45
V 4856 -661818.70 -174033.45
V 4864 -661826.45 -174035.53
V 4872 -661832.12 -174041.20
V 4880 -661834.20 -174048.95
V 4888 -661834.20 -174119.95
V 4896 -661832.12 -174127.70
V 4904 -661826.45 -174133.37
V 4912 -661818.70 -174135.45
V 4920 -661719.20 -174135.45
V 4928 -661719.20 -174175.45
V 4936 -661818.70 -174175.45
V 4944 -661826.45 -174177.53
V 4952 -661832.12 -174183.20
V 4960 -661834.20 -174190.95
V 4968 -661834.20 -174261.95
V 4976 -661832.12 -174269.70
V 4984 -661826.45 -174275.37
V 4992 -661818.70 -174277.45
V 5000 -661719.20 -174277.45
V 5008 -661719.20 -174317.45
V 5016 -661818.70 -174317.45
V 5024 -661826.45 -174319.53
V 5032 -661832.12 -174325.20
V 5040 -661834.20 -174332.95
V 5048 -661834.20 -174403.95
V 5056 -661832.12 -174411.70
V 5064 -661826.45 -174417.37
V 5072 -661818.70 -174419.45
V 5080 -661719.20 -174419.45
V 5088 -661719.20 -174459.45
V 5096 -661818.70 -174459.45
V 5104 -661826.45 -174461.53
V 5112 -661832.12 -174467.20
V 5120 -661834.20 -174474.95
V 5128 -661834.20 -174545.95
V 5136 -661832.12 -174553.70
V 5144 -661826.45 -174559.37
V 5152 -661818.70 -174561.45
V 5160 -661719.20 -174561.45
V 5168 -661719.20 -174601.45
V 5176 -661818.70 -174601.45
V 5184 -661826.45 -174603.53
V 5192 -661832.12 -174609.20
V 5200 -661834.20 -174616.95
V 5208 -661834.20 -174687.95
V 5216 -661832.12 -174695.70
V 5224 -661826.45 -174701.37
V 5232 -661818.70 -174703.45
V 5240 -661719.20 -174703.45
V 5248 -661719.20 -174743.45
V 5256 -661818.70 -174743.45
V 5264 -661826.45 -174745.53
V 5272 -661832.12 -174751.20
V 5280 -661834.20 -174758.95
V 5288 -661834.20 -174829.95
V 5296 -661832.12 -174837.70
V 5304 -661826.45 -174843.37
V 5312 -661818.70 -174845.45
V 5320 -661719.20 -174845.45
V 5328 -661719.20 -174885.45
V 5336 -661818.70 -174885.45
V 5344 -661826.45 -174887.53
V 5352 -661832.12 -174893.20
V 5360 -661834.20 -174900.95
V 5368 -661834.20 -174971.95
V 5376 -661832.12 -174979.70
V 5384 -661826.45 -174985.37
V 5392 -661818.70 -174987.45
V 5400 -661719.20 -174987.45
V 5408 -661719.20 -175027.45
V 5416 -661818.70 -175027.45
V 5424 -661826.45 -175029.53
V 5432 -661832.12 -175035.20
V 5440 -661834.20 -175042.95
V 5448 -661834.20 -175113.95
V 5456 -661832.12 -175121.70
V 5464 -661826.45 -175127.37
V 5472 -661818.70 -175129.45
V 5480 -661719.20 -175129.45
V 5488 -661719.20 -175169.45
V 5496 -661818.70 -175169.45
V 5504 -661826.45 -175171.53
V 5512 -661832.12 -175177.20
V 5520 -661834.20 -175184.95
V 5528 -661834.20 -175255.95
V 5536 -661832.12 -175263.70
V 5544 -661826.45 -175269.37
V 5552 -661818.70 -175271.45
V 5560 -661719.20 -175271.45
V 5568 -661719.20 -175311.45
V 5576 -661818.70 -175311.45
V 5584 -661826.45 -175313.53
V 5592 -661832.12 -175319.20
V 5600 -661834.20 -175326.95
V 5608 -661834.20 -175397.95
V 5616 -661832.12 -175405.70
V 5624 -661826.45 -175411.37
V 5632 -661818.70 -175413.45
V 5640 -661719.20 -175413.45
V 5648 -661719.20 -175453.45
V 5656 -661818.70 -175453.45
V 5664 -661826.45 -175455.53
V 5672 -661832.12 -175461.20
V 5680 -661834.20 -175468.95
V 5688 -661834.20 -175539.95
V 5696 -661832.12 -175547.70
V 5704 -661826.45 -175553.37
V 5712 -661818.70 -175555.45
V 5720 -661719.20 -175555.45
V 5728 -661719.20 -175595.45
V 5736 -661818.70 -175595.45
V 5744 -661826.45 -175597.53
V 5752 -661832.12 -175603.20
V 5760 -661834.20 -175610.95
V 5768 -661834.20 -175681.95
V 5776 -661832.12 -175689.70
V 5784 -661826.45 -175695.37
V 5792 -661818.70 -175697.45
V 5800 -661719.20 -175697.45
V 5808 -661719.20 -175737.45
V 5816 -661818.70 -175737.45
V 5824 -661826.45 -175739.53
V 5832 -661832.12 -175745.20
V 5840 -661834.20 -175752.95
V 5848 -661834.20 -175823.95
V 5856 -661832.12 -175831.70
V 5864 -661826.45 -175837.37
V 5872 -661818.70 -175839.45
V 5880 -661719.20 -175839.45
V 5888 -661719.20 -175879.45
V 5896 -661818.70 -175879.45
V 5904 -661826.45 -175881.53
V 5912 -661832.12 -175887.20
V 5920 -661834.20 -175894.95
V 5928 -661834.20 -175965.95
V 5936 -661832.12 -175973.70
V 5944 -661826.45 -175979.37
V 5952 -661818.70 -175981.45
V 5960 -661719.20 -175981.45
V 5968 -661719.20 -176021.45
V 5976 -661818.70 -176021.45
V 5984 -661826.45 -176023.53
V 5992 -661832.12 -176029.20
V 6000 -661834.20 -176036.95
V 6008 -661834.20 -176107.95
V 6016 -661832.12 -176115.70
V 6024 -661826.45 -176121.37
V 6032 -661818.70 -176123.45
V 6040 -661719.20 -176123.45
V 6048 -661719.20 -176163.45
V 6056 -661818.70 -176163.45
V 6064 -661826.45 -176165.53
V 6072 -661832.12 -176171.20
V 6080 -661834.20 -176178.95
V 6088 -661834.20 -176249.95
V 6096 -661832.12 -176257.70
V 6104 -661826.45 -176263.37
V 6112 -661818.70 -176265.45
V 6120 -661719.20 -176265.45
V 6128 -661719.20 -176305.45
V 6136 -661818.70 -176305.45
V 6144 -661826.45 -176307.53
V 6152 -661832.12 -176313.20
V 6160 -661834.20 -176320.95
V 6168 -661834.20 -176391.95
V 6176 -661832.12 -176399.70
V 6184 -661826.45 -176405.37
V 6192 -661818.70 -176407.45
V 6200 -661719.20 -176407.45
V 6208 -661719.20 -176447.45
V 6216 -661818.70 -176447.45
V 6224 -661826.45 -176449.53
V 6232 -661832.12 -176455.20
V 6240 -661834.20 -176462.95
V 6248 -661834.20 -176533.95
V 6256 -661832.12 -176541.70
V 6264 -661826.45 -176547.37
V 6272 -661818.70 -176549.45
V 6280 -661719.20 -176549.45
V 6288 -661719.20 -176589.45
V 6296 -661818.70 -176589.45
V 6304 -661826.45 -176591.53
V 6312 -661832.12 -176597.20
V 6320 -661834.20 -176604.95
V 6328 -661834.20 -176675.95
V 6336 -661832.12 -176683.70
V 6344 -661826.45 -176689.37
V 6352 -661818.70 -176691.45
V 6360 -661719.20 -176691.45
V 6368 -661719.20 -176731.45
V 6376 -661818.70 -176731.45
V 6384 -661826.45 -176733.53
V 6392 -661832.12 -176739.20
V 6400 -661834.20 -176746.95
V 6408 -661834.20 -176817.95
V 6416 -661832.12 -176825.70
V 6424 -661826.45 -176831.37
V 6432 -661818.70 -176833.45
V 6440 -661719.20 -176833.45
V 6448 -661719.20 -176873.45
V 6456 -661818.70 -176873.45
V 6464 -661826.45 -176875.53
V 6472 -661832.12 -176881.20
V 6480 -661834.20 -176888.95
V 6488 -661834.20 -176959.95
V 6496 -661832.12 -176967.70
V 6504 -661826.45 -176973.37
V 6512 -661818.70 -176975.45
V 6520 -661719.20 -176975.45
V 6528 -661719.20 -177015.45
V 6536 -661818.70 -177015.45
V 6544 -661826.45 -177017.53
V 6552 -661832.12 -177023.20
V 6560 -661834.20 -177030.95
V 6568 -661834.20 -177101.95
V 6576 -661832.12 -177109.70
V 6584 -661826.45 -177115.37
V 6592 -661818.70 -177117.45
V 6600 -661719.20 -177117.45
V 6608 -661719.20 -177157.45
V 6616 -661818.70 -177157.45
V 6624 -661826.45 -177159.53
V 6632 -661832.12 -177165.20
V 6640 -661834.20 -177172.95
V 6648 -661834.20 -177243.95
V 6656 -661832.12 -177251.70
V 6664 -661826.45 -177257.37
V 6672 -661818.70 -177259.45
V 6680 -661719.20 -177259.45
V 6688 -661719.20 -177299.45
V 6696 -661818.70 -177299.45
V 6704 -661826.45 -177301.53
V 6712 -661832.12 -177307.20
V 6720 -661834.20 -177314.95
V 6728 -661834.20 -177385.95
V 6736 -661832.12 -177393.70
V 6744 -661826.45 -177399.37
V 6752 -661818.70 -177401.45
V 6760 -661719.20 -177401.45
V 6768 -661719.20 -177441.45
V 6776 -661818.70 -177441.45
V 6784 -661826.45 -177443.53
V 6792 -661832.12 -177449.20
V 6800 -661834.20 -177456.95
V 6808 -661834.20 -177527.95
V 6816 -661832.12 -177535.70
V 6824 -661826.45 -177541.37
V 6832 -661818.70 -177543.45
V 6840 -661719.20 -177543.45
V 6848 -661719.20 -177583.45
V 6856 -661818.70 -177583.45
V 6864 -661826.45 -177585.53
V 6872 -661832.12 -177591.20
V 6880 -661834.20 -177598.95
V 6888 -661834.20 -177669.95
V 6896 -661832.12 -177677.70
V 6904 -661826.45 -177683.37
V 6912 -661818.70 -177685.45
V 6920 -661719.20 -177685.45
V 6928 -661719.20 -177725.45
V 6936 -661818.70 -177725.45
V 6944 -661826.45 -177727.53
V 6952 -661832.12 -177733.20
V 6960 -661834.20 -177740.95
V 6968 -661834.20 -177811.95
V 6976 -661832.12 -177819.70
V 6984 -661826.45 -177825.37
V 6992 -661818.70 -177827.45
V 7000 -661719.20 -177827.45
V 7008 -661719.20 -177867.45
V 7016 -661818.70 -177867.45
V 7024 -661826.45 -177869.53
V 7032 -661832.12 -177875.20
V 7040 -661834.20 -177882.95
V 7048 -661834.20 -177953.95
V 7056 -661832.12 -177961.70
V 7064 -661826.45 -177967.37
V 7072 -661818.70 -177969.45
V 7080 -661719.20 -177969.45
V 7088 -661719.20 -178009.45
V 7096 -661818.70 -178009.45
V 7104 -661826.45 -178011.53
V 7112 -661832.12 -178017.20
V 7120 -661834.20 -178024.95
V 7128 -661834.20 -178095.95
V 7136 -661832.12 -178103.70
V 7144 -661826.45 -178109.37
V 7152 -661818.70 -178111.45
V 7160 -661719.20 -178111.45
V 7168 -661719.20 -178151.45
V 7176 -661818.70 -178151.45
V 7184 -661826.45 -178153.53
V 7192 -661832.12 -178159.20
V 7200 -661834.20 -178166.95
V 7208 -661834.20 -178237.95
V 7216 -661832.12 -178245.70
V 7224 -661826.45 -178251.37
V 7232 -661818.70 -178253.45
V 7240 -661719.20 -178253.45
V 7248 -661719.20 -178293.45
V 7256 -661818.70 -178293.45
V 7264 -661826.45 -178295.53
V 7272 -661832.12 -178301.20
V 7280 -661834.20 -178308.95
V 7288 -661834.20 -178379.95
V 7296 -661832.12 -178387.70
V 7304 -661826.45 -178393.37
V 7312 -661818.70 -178395.45
V 7320 -661776.70 -178395.45
V 7328 -661776.70 -178404.45
V 7336 -661745.70 -178404.45
V 7344 -661745.70 -178379.95
V 7352 -661745.74 -178378.84
V 7360 -661745.86 -178377.74
V 7368 -661746.05 -178376.66
V 7376 -661746.33 -178375.58
V 7384 -661746.68 -178374.53
V 7392 -661747.10 -178373.51
V 7400 -661747.60 -178372.52
V 7408 -661748.16 -178371.57
V 7416 -661748.79 -178370.66
V 7424 -661749.49 -178369.80
V 7432 -661750.24 -178368.99
V 7440 -661751.05 -178368.24
V 7448 -661751.91 -178367.54
V 7456 -661752.82 -178366.91
V 7464 -661753.77 -178366.35
V 7472 -661754.76 -178365.85
V 7480 -661755.78 -178365.43
V 7488 -661756.83 -178365.08
V 7496 -661757.91 -178364.80
V 7504 -661758.99 -178364.61
V 7512 -661760.09 -178364.49
V 7520 -661761.20 -178364.45
V 7528 -661803.20 -178364.45
V 7536 -661803.20 -178324.45
V 7544 -661703.70 -178324.45
V 7552 -661695.95 -178322.37
V 7560 -661690.28 -178316.70
V 7568 -661688.20 -178308.95
V 7576 -661688.20 -178237.95
V 7584 -661690.28 -178230.20
V 7592 -661695.95 -178224.53
V 7600 -661703.70 -178222.45
V 7608 -661803.20 -178222.45
V 7616 -661803.20 -178182.45
V 7624 -661703.70 -178182.45
V 7632 -661695.95 -178180.37
V 7640 -661690.28 -178174.70
V 7648 -661688.20 -178166.95
V 7656 -661688.20 -178095.95
V 7664 -661690.28 -178088.20
V 7672 -661695.95 -178082.53
V 7680 -661703.70 -178080.45
V 7688 -661803.20 -178080.45
V 7696 -661803.20 -178040.45
V 7704 -661703.70 -178040.45
V 7712 -661695.95 -178038.37
V 7720 -661690.28 -178032.70
V 7728 -661688.20 -178024.95
V 7736 -661688.20 -177953.95
V 7744 -661690.28 -177946.20
V 7752 -661695.95 -177940.53
V 7760 -661703.70 -177938.45
V 7768 -661803.20 -177938.45
V 7776 -661803.20 -177898.45
V 7784 -661703.70 -177898.45
V 7792 -661695.95 -177896.37
V 7800 -661690.28 -177890.70
V 7808 -661688.20 -177882.95
V 7816 -661688.20 -177811.95
V 7824 -661690.28 -177804.20
V 7832 -661695.95 -177798.53
V 7840 -661703.70 -177796.45
V 7848 -661803.20 -177796.45
V 7856 -661803.20 -177756.45
V 7864 -661703.70 -177756.45
V 7872 -661695.95 -177754.37
V 7880 -661690.28 -177748.70
V 7888 -661688.20 -177740.95
V 7896 -661688.20 -177669.95
V 7904 -661690.28 -177662.20
V 7912 -661695.95 -177656.53
V 7920 -661703.70 -177654.45
V 7928 -661803.20 -177654.45
V 7936 -661803.20 -177614.45
V 7944 -661703.70 -177614.45
V 7952 -661695.95 -177612.37
V 7960 -661690.28 -177606.70
V 7968 -661688.20 -177598.95
V 7976 -661688.20 -177527.95
V 7984 -661690.28 -177520.20
V 7992 -661695.95 -177514.53
V 8000 -661703.70 -177512.45
V 8008 -661803.20 -177512.45
V 8016 -661803.20 -177472.45
V 8024 -661703.70 -177472.45
V 8032 -661695.95 -177470.37
V 8040 -661690.28 -177464.70
V 8048 -661688.20 -177456.95
V 8056 -661688.20 -177385.95
V 8064 -661690.28 -177378.20
V 8072 -661695.95 -177372.53
V 8080 -661703.70 -177370.45
V 8088 -661803.20 -177370.45
V 8096 -661803.20 -177330.45
V 8104 -661703.70 -177330.45
V 8112 -661695.95 -177328.37
V 8120 -661690.28 -177322.70
V 8128 -661688.20 -177314.95
V 8136 -661688.20 -177243.95
V 8144 -661690.28 -177236.20
V 8152 -661695.95 -177230.53
V 8160 -661703.70 -177228.45
V 8168 -661803.20 -177228.45
V 8176 -661803.20 -177188.45
V 8184 -661703.70 -177188.45
V 8192 -661695.95 -177186.37
V 8200 -661690.28 -177180.70
V 8208 -661688.20 -177172.95
V 8216 -661688.20 -177101.95
V 8224 -661690.28 -177094.20
V 8232 -661695.95 -177088.53
V 8240 -661703.70 -177086.45
V 8248 -661803.20 -177086.45
V 8256 -661803.20 -177046.45
V 8264 -661703.70 -177046.45
V 8272 -661695.95 -177044.37
V 8280 -661690.28 -177038.70
V 8288 -661688.20 -177030.95
V 8296 -661688.20 -176959.95
V 8304 -661690.28 -176952.20
V 8312 -661695.95 -176946.53
V 8320 -661703.70 -176944.45
V 8328 -661803.20 -176944.45
V 8336 -661803.20 -176904.45
V 8344 -661703.70 -176904.45
V 8352 -661695.95 -176902.37
V 8360 -661690.28 -176896.70
V 8368 -661688.20 -176888.95
V 8376 -661688.20 -176817.95
V 8384 -661690.28 -176810.20
V 8392 -661695.95 -176804.53
V 8400 -661703.70 -176802.45
V 8408 -661803.20 -176802.45
V 8416 -661803.20 -176762.45
V 8424 -661703.70 -176762.45
V 8432 -661695.95 -176760.37
V 8440 -661690.28 -176754.70
V 8448 -661688.20 -176746.95
V 8456 -661688.20 -176675.95
V 8464 -661690.28 -176668.20
V 8472 -661695.95 -176662.53
V 8480 -661703.70 -176660.45
V 8488 -661803.20 -176660.45
V 8496 -661803.20 -176620.45
V 8504 -661703.70 -176620.45
V 8512 -661695.95 -176618.37
V 8520 -661690.28 -176612.70
V 8528 -661688.20 -176604.95
V 8536 -661688.20 -176533.95
V 8544 -661690.28 -176526.20
V 8552 -661695.95 -176520.53
V 8560 -661703.70 -176518.45
V 8568 -661803.20 -176518.45
V 8576 -661803.20 -176478.45
V 8584 -661703.70 -176478.45
V 8592 -661695.95 -176476.37
V 8600 -661690.28 -176470.70
V 8608 -661688.20 -176462.95
V 8616 -661688.20 -176391.95
V 8624 -661690.28 -176384.20
V 8632 -661695.95 -176378.53
V 8640 -661703.70 -176376.45
V 8648 -661803.20 -176376.45
V 8656 -661803.20 -176336.45
V 8664 -661703.70 -176336.45
V 8672 -661695.95 -176334.37
V 8680 -661690.28 -176328.70
V 8688 -661688.20 -176320.95
V 8696 -661688.20 -176249.95
V 8704 -661690.28 -176242.20
V 8712 -661695.95 -176236.53
V 8720 -661703.70 -176234.45
V 8728 -661803.20 -176234.45
V 8736 -661803.20 -176194.45
V 8744 -661703.70 -176194.45
V 8752 -661695.95 -176192.37
V 8760 -661690.28 -176186.70
V 8768 -661688.20 -176178.95
V 8776 -661688.20 -176107.95
V 8784 -661690.28 -176100.20
V 8792 -661695.95 -176094.53
V 8800 -661703.70 -176092.45
V 8808 -661803.20 -176092.45
V 8816 -661803.20 -176052.45
V 8824 -661703.70 -176052.45
V 8832 -661695.95 -176050.37
V 8840 -661690.28 -176044.70
V 8848 -661688.20 -176036.95
V 8856 -661688.20 -175965.95
V 8864 -661690.28 -175958.20
V 8872 -661695.95 -175952.53
V 8880 -661703.70 -175950.45
V 8888 -661803.20 -175950.45
V 8896 -661803.20 -175910.45
V 8904 -661703.70 -175910.45
V 8912 -661695.95 -175908.37
V 8920 -661690.28 -175902.70
V 8928 -661688.20 -175894.95
V 8936 -661688.20 -175823.95
V 8944 -661690.28 -175816.20
V 8952 -661695.95 -175810.53
V 8960 -661703.70 -175808.45
V 8968 -661803.20 -175808.45
V 8976 -661803.20 -175768.45
V 8984 -661703.70 -175768.45
V 8992 -661695.95 -175766.37
V 9000 -661690.28 -175760.70
V 9008 -661688.20 -175752.95
V 9016 -661688.20 -175681.95
V 9024 -661690.28 -175674.20
V 9032 -661695.95 -175668.53
V 9040 -661703.70 -175666.45
V 9048 -661803.20 -175666.45
V 9056 -661803.20 -175626.45
V 9064 -661703.70 -175626.45
V 9072 -661695.95 -175624.37
V 9080 -661690.28 -175618.70
V 9088 -661688.20 -175610.95
V 9096 -661688.20 -175539.95
V 9104 -661690.28 -175532.20
V 9112 -661695.95 -175526.53
V 9120 -661703.70 -175524.45
V 9128 -661803.20 -175524.45
V 9136 -661803.20 -175484.45
V 9144 -661703.70 -175484.45
V 9152 -661695.95 -175482.37
V 9160 -661690.28 -175476.70
V 9168 -661688.20 -175468.95
V 9176 -661688.20 -175397.95
V 9184 -661690.28 -175390.20
V 9192 -661695.95 -175384.53
V 9200 -661703.70 -175382.45
V 9208 -661803.20 -175382.45
V 9216 -661803.20 -175342.45
V 9224 -661703.70 -175342.45
V 9232 -661695.95 -175340.37
V 9240 -661690.28 -175334.70
V 9248 -661688.20 -175326.95
V 9256 -661688.20 -175255.95
V 9264 -661690.28 -175248.20
V 9272 -661695.95 -175242.53
V 9280 -661703.70 -175240.45
V 9288 -661803.20 -175240.45
V 9296 -661803.20 -175200.45
V 9304 -661703.70 -175200.45
V 9312 -661695.95 -175198.37
V 9320 -661690.28 -175192.70
V 9328 -661688.20 -175184.95
V 9336 -661688.20 -175113.95
V 9344 -661690.28 -175106.20
V 9352 -661695.95 -175100.53
V 9360 -661703.70 -175098.45
V 9368 -661803.20 -175098.45
V 9376 -661803.20 -175058.45
V 9384 -661703.70 -175058.45
V 9392 -661695.95 -175056.37
V 9400 -661690.28 -175050.70
V 9408 -661688.20 -175042.95
V 9416 -661688.20 -174971.95
V 9424 -661690.28 -174964.20
V 9432 -661695.95 -174958.53
V 9440 -661703.70 -174956.45
V 9448 -661803.20 -174956.45
V 9456 -661803.20 -174916.45
V 9464 -661703.70 -174916.45
V 9472 -661695.95 -174914.37
V 9480 -661690.28 -174908.70
V 9488 -661688.20 -174900.95
V 9496 -661688.20 -174829.95
V 9504 -661690.28 -174822.20
V 9512 -661695.95 -174816.53
V 9520 -661703.70 -174814.45
V 9528 -661803.20 -174814.45
V 9536 -661803.20 -174774.45
V 9544 -661703.70 -174774.45
V 9552 -661695.95 -174772.37
V 9560 -661690.28 -174766.70
V 9568 -661688.20 -174758.95
V 9576 -661688.20 -174687.95
V 9584 -661690.28 -174680.20
V 9592 -661695.95 -174674.53
V 9600 -661703.70 -174672.45
V 9608 -661803.20 -174672.45
V 9616 -661803.20 -174632.45
V 9624 -661703.70 -174632.45
V 9632 -661695.95 -174630.37
V 9640 -661690.28 -174624.70
V 9648 -661688.20 -174616.95
V 9656 -661688.20 -174545.95
V 9664 -661690.28 -174538.20
V 9672 -661695.95 -174532.53
V 9680 -661703.70 -174530.45
V 9688 -661803.20 -174530.45
V 9696 -661803.20 -174490.45
V 9704 -661703.70 -174490.45
V 9712 -661695.95 -174488.37
V 9720 -661690.28 -174482.70
V 9728 -661688.20 -174474.95
V 9736 -661688.20 -174403.95
V 9744 -661690.28 -174396.20
V 9752 -661695.95 -174390.53
V 9760 -661703.70 -174388.45
V 9768 -661803.20 -174388.45
V 9776 -661803.20 -174348.45
V 9784 -661703.70 -174348.45
V 9792 -661695.95 -174346.37
V 9800 -661690.28 -174340.70
V 9808 -661688.20 -174332.95
V 9816 -661688.20 -174261.95
V 9824 -661690.28 -174254.20
V 9832 -661695.95 -174248.53
V 9840 -661703.70 -174246.45
V 9848 -661803.20 -174246.45
V 9856 -661803.20 -174206.45
V 9864 -661703.70 -174206.45
V 9872 -661695.95 -174204.37
V 9880 -661690.28 -174198.70
V 9888 -661688.20 -174190.95
V 9896 -661688.20 -174119.95
V 9904 -661690.28 -174112.20
V 9912 -661695.95 -174106.53
V 9920 -661703.70 -174104.45
V 9928 -661803.20 -174104.45
V 9936 -661803.20 -174064.45
V 9944 -661703.70 -174064.45
V 9952 -661695.95 -174062.37
V 9960 -661690.28 -174056.70
V 9968 -661688.20 -174048.95
V 9976 -661688.20 -173977.95
V 9984 -661690.28 -173970.20
V 9992 -661695.95 -173964.53
V 10000 -661703.70 -173962.45
V 10008 -661803.20 -173962.45
V 10016 -661803.20 -173922.45
V 10024 -661703.70 -173922.45
V 10032 -661695.95 -173920.37
V 10040 -661690.28 -173914.70
V 10048 -661688.20 -173906.95
V 10056 -661688.20 -173835.95
V 10064 -661690.28 -173828.20
V 10072 -661695.95 -173822.53
V 10080 -661703.70 -173820.45
V 10088 -661803.20 -173820.45
V 10096 -661803.20 -173780.45
V 10104 -661703.70 -173780.45
V 10112 -661695.95 -173778.37
V 10120 -661690.28 -173772.70
V 10128 -661688.20 -173764.95
V 10136 -661688.20 -173693.95
V 10144 -661690.28 -173686.20
V 10152 -661695.95 -173680.53
V 10160 -661703.70 -173678.45
V 10168 -661803.20 -173678.45
V 10176 -661803.20 -173638.45
V 10184 -661703.70 -173638.45
V 10192 -661695.95 -173636.37
V 10200 -661690.28 -173630.70
V 10208 -661688.20 -173622.95
V 10216 -661688.20 -173551.95
V 10224 -661690.28 -173544.20
V 10232 -661695.95 -173538.53
V 10240 -661703.70 -173536.45
V 10248 -661803.20 -173536.45
V 10256 -661803.20 -173496.45
V 10264 -661703.70 -173496.45
V 10272 -661695.95 -173494.37
V 10280 -661690.28 -173488.70
V 10288 -661688.20 -173480.95
V 10296 -661688.20 -173409.95
V 10304 -661690.28 -173402.20
V 10312 -661695.95 -173396.53
V 10320 -661703.70 -173394.45
V 10328 -661803.20 -173394.45
V 10336 -661803.20 -173354.45
V 10344 -661703.70 -173354.45
V 10352 -661695.95 -173352.37
V 10360 -661690.28 -173346.70
V 10368 -661688.20 -173338.95
V 10376 -661688.20 -173267.95
V 10384 -661690.28 -173260.20
V 10392 -661695.95 -173254.53
V 10400 -661703.70 -173252.45
V 10408 -661803.20 -173252.45
V 10416 -661803.20 -173212.45
V 10424 -661703.70 -173212.45
V 10432 -661695.95 -173210.37
V 10440 -661690.28 -173204.70
V 10448 -661688.20 -173196.95
V 10456 -661688.20 -173125.95
V 10464 -661690.28 -173118.20
V 10472 -661695.95 -173112.53
V 10480 -661703.70 -173110.45
V 10488 -661803.20 -173110.45
V 10496 -661803.20 -173070.45
V 10504 -661703.70 -173070.45
V 10512 -661695.95 -173068.37
V 10520 -661690.28 -173062.70
V 10528 -661688.20 -173054.95
V 10536 -661688.20 -172983.95
V 10544 -661690.28 -172976.20
V 10552 -661695.95 -172970.53
V 10560 -661703.70 -172968.45
V 10568 -661803.20 -172968.45
V 10576 -661803.20 -172928.45
V 10584 -661703.70 -172928.45
V 10592 -661695.95 -172926.37
V 10600 -661690.28 -172920.70
V 10608 -661688.20 -172912.95
V 10616 -661688.20 -172841.95
V 10624 -661690.28 -172834.20
V 10632 -661695.95 -172828.53
V 10640 -661703.70 -172826.45
V 10648 -661803.20 -172826.45
V 10656 -661803.20 -172786.45
V 10664 -661703.70 -172786.45
V 10672 -661695.95 -172784.37
V 10680 -661690.28 -172778.70
V 10688 -661688.20 -172770.95
V 10696 -661688.20 -172699.95
V 10704 -661690.28 -172692.20
V 10712 -661695.95 -172686.53
V 10720 -661703.70 -172684.45
V 10728 -661803.20 -172684.45
V 10736 -661803.20 -172644.45
V 10744 -661703.70 -172644.45
V 10752 -661695.95 -172642.37
V 10760 -661690.28 -172636.70
V 10768 -661688.20 -172628.95
V 10776 -661688.20 -172557.95
V 10784 -661690.28 -172550.20
V 10792 -661695.95 -172544.53
V 10800 -661703.70 -172542.45
V 10808 -661803.20 -172542.45
V 10816 -661803.20 -172502.45
V 10824 -661703.70 -172502.45
V 10832 -661695.95 -172500.37
V 10840 -661690.28 -172494.70
V 10848 -661688.20 -172486.95
V 10856 -661688.20 -172415.95
V 10864 -661690.28 -172408.20
V 10872 -661695.95 -172402.53
V 10880 -661703.70 -172400.45
V 10888 -661803.20 -172400.45
V 10896 -661803.20 -172360.45
V 10904 -661703.70 -172360.45
V 10912 -661695.95 -172358.37
V 10920 -661690.28 -172352.70
V 10928 -661688.20 -172344.95
V 10936 -661688.20 -172273.95
V 10944 -661690.28 -172266.20
V 10952 -661695.95 -172260.53
V 10960 -661703.70 -172258.45
V 10968 -661803.20 -172258.45
V 10976 -661803.20 -172218.45
V 10984 -661703.70 -172218.45
V 10992 -661695.95 -172216.37
V 11000 -661690.28 -172210.70
V 11008 -661688.20 -172202.95
V 11016 -661688.20 -172131.95
V 11024 -661690.28 -172124.20
V 11032 -661695.95 -172118.53
V 11040 -661703.70 -172116.45
V 11048 -661803.20 -172116.45
V 11056 -661803.20 -172076.45
V 11064 -661703.70 -172076.45
V 11072 -661695.95 -172074.37
V 11080 -661690.28 -172068.70
V 11088 -661688.20 -172060.95
V 11096 -661688.20 -171989.95
V 11104 -661690.28 -171982.20
V 11112 -661695.95 -171976.53
V 11120 -661703.70 -171974.45
V 11128 -661803.20 -171974.45
V 11136 -661803.20 -171934.45
V 11144 -661703.70 -171934.45
V 11152 -661695.95 -171932.37
V 11160 -661690.28 -171926.70
V 11168 -661688.20 -171918.95
V 11176 -661688.20 -171847.95
V 11184 -661690.28 -171840.20
V 11192 -661695.95 -171834.53
V 11200 -661703.70 -171832.45
V 11208 -661803.20 -171832.45
V 11216 -661803.20 -171792.45
V 11224 -661703.70 -171792.45
V 11232 -661695.95 -171790.37
V 11240 -661690.28 -171784.70
V 11248 -661688.20 -171776.95
V 11256 -661688.20 -171705.95
V 11264 -661690.28 -171698.20
V 11272 -661695.95 -171692.53
V 11280 -661703.70 -171690.45
V 11288 -661803.20 -171690.45
V 11296 -661803.20 -171650.45
V 11304 -661703.70 -171650.45
V 11312 -661695.95 -171648.37
V 11320 -661690.28 -171642.70
V 11328 -661688.20 -171634.95
V 11336 -661688.20 -171563.95
V 11344 -661690.28 -171556.20
V 11352 -661695.95 -171550.53
V 11360 -661703.70 -171548.45
V 11368 -661803.20 -171548.45
V 11376 -661803.20 -171508.45
V 11384 -661703.70 -171508.45
V 11392 -661695.95 -171506.37
V 11400 -661690.28 -171500.70
V 11408 -661688.20 -171492.95
V 11416 -661688.20 -171421.95
V 11424 -661690.28 -171414.20
V 11432 -661695.95 -171408.53
V 11440 -661703.70 -171406.45
V 11448 -661803.20 -171406.45
V 11456 -661803.20 -171366.45
V 11464 -661703.70 -171366.45
V 11472 -661695.95 -171364.37
V 11480 -661690.28 -171358.70
V 11488 -661688.20 -171350.95
V 11496 -661688.20 -171279.95
V 11504 -661690.28 -171272.20
V 11512 -661695.95 -171266.53
V 11520 -661703.70 -171264.45
V 11528 -661803.20 -171264.45
V 11536 -661803.20 -171224.45
V 11544 -661703.70 -171224.45
V 11552 -661695.95 -171222.37
V 11560 -661690.28 -171216.70
V 11568 -661688.20 -171208.95
V 11576 -661688.20 -171137.95
V 11584 -661690.28 -171130.20
V 11592 -661695.95 -171124.53
V 11600 -661703.70 -171122.45
V 11608 -661803.20 -171122.45
V 11616 -661803.20 -171082.45
V 11624 -661703.70 -171082.45
V 11632 -661695.95 -171080.37
V 11640 -661690.28 -171074.70
V 11648 -661688.20 -171066.95
V 11656 -661688.20 -170995.95
V 11664 -661690.28 -170988.20
V 11672 -661695.95 -170982.53
V 11680 -661703.70 -170980.45
V 11688 -661803.20 -170980.45
V 11696 -661803.20 -170940.45
V 11704 -661703.70 -170940.45
V 11712 -661695.95 -170938.37
V 11720 -661690.28 -170932.70
V 11728 -661688.20 -170924.95
V 11736 -661688.20 -170853.95
V 11744 -661690.28 -170846.20
V 11752 -661695.95 -170840.53
V 11760 -661703.70 -170838.45
V 11768 -661803.20 -170838.45
V 11776 -661803.20 -170798.45
V 11784 -661703.70 -170798.45
V 11792 -661695.95 -170796.37
V 11800 -661690.28 -170790.70
V 11808 -661688.20 -170782.95
V 11816 -661688.20 -170711.95
V 11824 -661690.28 -170704.20
V 11832 -661695.95 -170698.53
V 11840 -661703.70 -170696.45
V 11848 -661803.20 -170696.45
V 11856 -661803.20 -170656.45
V 11864 -661703.70 -170656.45
V 11872 -661695.95 -170654.37
V 11880 -661690.28 -170648.70
V 11888 -661688.20 -170640.95
V 11896 -661688.20 -170569.95
V 11904 -661690.28 -170562.20
V 11912 -661695.95 -170556.53
V 11920 -661703.70 -170554.45
V 11928 -661803.20 -170554.45
V 11936 -661803.20 -170514.45
V 11944 -661703.70 -170514.45
V 11952 -661695.95 -170512.37
V 11960 -661690.28 -170506.70
V 11968 -661688.20 -170498.95
V 11976 -661688.20 -170427.95
V 11984 -661690.28 -170420.20
V 11992 -661695.95 -170414.53
V 12000 -661703.70 -170412.45
V 12008 -661803.20 -170412.45
V 12016 -661803.20 -170372.45
V 12024 -661703.70 -170372.45
V 12032 -661695.95 -170370.37
V 12040 -661690.28 -170364.70
V 12048 -661688.20 -170356.95
V 12056 -661688.20 -170285.95
V 12064 -661690.28 -170278.20
V 12072 -661695.95 -170272.53
V 12080 -661703.70 -170270.45
V 12088 -661803.20 -170270.45
V 12096 -661803.20 -170230.45
V 12104 -661703.70 -170230.45
V 12112 -661695.95 -170228.37
V 12120 -661690.28 -170222.70
V 12128 -661688.20 -170214.95
V 12136 -661688.20 -170143.95
V 12144 -661690.28 -170136.20
V 12152 -661695.95 -170130.53
V 12160 -661703.70 -170128.45
V 12168 -661803.20 -170128.45
V 12176 -661803.20 -170088.45
V 12184 -661703.70 -170088.45
V 12192 -661695.95 -170086.37
V 12200 -661690.28 -170080.70
V 12208 -661688.20 -170072.95
V 12216 -661688.20 -170001.95
V 12224 -661690.28 -169994.20
V 12232 -661695.95 -169988.53
V 12240 -661703.70 -169986.45
V 12248 -661803.20 -169986.45
V 12256 -661803.20 -169946.45
V 12264 -661703.70 -169946.45
V 12272 -661695.95 -169944.37
V 12280 -661690.28 -169938.70
V 12288 -661688.20 -169930.95
V 12296 -661688.20 -169859.95
V 12304 -661690.28 -169852.20
V 12312 -661695.95 -169846.53
V 12320 -661703.70 -169844.45
V 12328 -661803.20 -169844.45
V 12336 -661803.20 -169804.45
V 12344 -661703.70 -169804.45
V 12352 -661695.95 -169802.37
V 12360 -661690.28 -169796.70
V 12368 -661688.20 -169788.95
V 12376 -661688.20 -169717.95
V 12384 -661690.28 -169710.20
V 12392 -661695.95 -169704.53
V 12400 -661703.70 -169702.45
V 12408 -661803.20 -169702.45
V 12416 -661803.20 -169662.45
V 12424 -661703.70 -169662.45
V 12432 -661695.95 -169660.37
V 12440 -661690.28 -169654.70
V 12448 -661688.20 -169646.95
V 12456 -661688.20 -169575.95
V 12464 -661690.28 -169568.20
V 12472 -661695.95 -169562.53
V 12480 -661703.70 -169560.45
V 12488 -661803.20 -169560.45
V 12496 -661803.20 -169520.45
V 12504 -661703.70 -169520.45
V 12512 -661695.95 -169518.37
V 12520 -661690.28 -169512.70
V 12528 -661688.20 -169504.95
V 12536 -661688.20 -169433.95
V 12544 -661690.28 -169426.20
V 12552 -661695.95 -169420.53
V 12560 -661703.70 -169418.45
V 12568 -661803.20 -169418.45
V 12576 -661803.20 -169378.45
V 12584 -661703.70 -169378.45
V 12592 -661695.95 -169376.37
V 12600 -661690.28 -169370.70
V 12608 -661688.20 -169362.95
V 12616 -661688.20 -169291.95
V 12624 -661690.28 -169284.20
V 12632 -661695.95 -169278.53
V 12640 -661703.70 -169276.45
V 12648 -661803.20 -169276.45
V 12656 -661803.20 -169236.45
V 12664 -661703.70 -169236.45
V 12672 -661695.95 -169234.37
V 12680 -661690.28 -169228.70
V 12688 -661688.20 -169220.95
V 12696 -661688.20 -169149.95
V 12704 -661690.28 -169142.20
V 12712 -661695.95 -169136.53
V 12720 -661703.70 -169134.45
V 12728 -661803.20 -169134.45
V 12736 -661803.20 -169094.45
V 12744 -661703.70 -169094.45
V 12752 -661695.95 -169092.37
V 12760 -661690.28 -169086.70
V 12768 -661688.20 -169078.95
V 12776 -661688.20 -169007.95
V 12784 -661690.28 -169000.20
V 12792 -661695.95 -168994.53
V 12800 -661703.70 -168992.45
V 12808 -661803.20 -168992.45
V 12816 -661803.20 -168952.45
V 12824 -661703.70 -168952.45
V 12832 -661695.95 -168950.37
V 12840 -661690.28 -168944.70
V 12848 -661688.20 -168936.95
V 12856 -661688.20 -168865.95
V 12864 -661690.28 -168858.20
V 12872 -661695.95 -168852.53
V 12880 -661703.70 -168850.45
V 12888 -661803.20 -168850.45
V 12896 -661803.20 -168810.45
V 12904 -661703.70 -168810.45
V 12912 -661695.95 -168808.37
V 12920 -661690.28 -168802.70
V 12928 -661688.20 -168794.95
V 12936 -661688.20 -168723.95
V 12944 -661690.28 -168716.20
V 12952 -661695.95 -168710.53
V 12960 -661703.70 -168708.45
V 12968 -661803.20 -168708.45
V 12976 -661803.20 -168668.45
V 12984 -661703.70 -168668.45
V 12992 -661695.95 -168666.37
V 13000 -661690.28 -168660.70
V 13008 -661688.20 -168652.95
V 13016 -661688.20 -168581.95
V 13024 -661690.28 -168574.20
V 13032 -661695.95 -168568.53
V 13040 -661703.70 -168566.45
V 13048 -661803.20 -168566.45
V 13056 -661803.20 -168526.45
V 13064 -661703.70 -168526.45
V 13072 -661695.95 -168524.37
V 13080 -661690.28 -168518.70
V 13088 -661688.20 -168510.95
V 13096 -661688.20 -168439.95
V 13104 -661690.28 -168432.20
V 13112 -661695.95 -168426.53
V 13120 -661703.70 -168424.45
V 13128 -661803.20 -168424.45
V 13136 -661803.20 -168384.45
V 13144 -661703.70 -168384.45
V 13152 -661695.95 -168382.37
V 13160 -661690.28 -168376.70
V 13168 -661688.20 -168368.95
V 13176 -661688.20 -168297.95
V 13184 -661690.28 -168290.20
V 13192 -661695.95 -168284.53
V 13200 -661703.70 -168282.45
V 13208 -661803.20 -168282.45
V 13216 -661803.20 -168242.45
V 13224 -661703.70 -168242.45
V 13232 -661695.95 -168240.37
V 13240 -661690.28 -168234.70
V 13248 -661688.20 -168226.95
V 13256 -661688.20 -168155.95
V 13264 -661690.28 -168148.20
V 13272 -661695.95 -168142.53
V 13280 -661703.70 -168140.45
V 13288 -661803.20 -168140.45
V 13296 -661803.20 -168100.45
V 13304 -661703.70 -168100.45
V 13312 -661695.95 -168098.37
V 13320 -661690.28 -168092.70
V 13328 -661688.20 -168084.95
V 13336 -661688.20 -168013.95
V 13344 -661690.28 -168006.20
V 13352 -661695.95 -168000.53
V 13360 -661703.70 -167998.45
V 13368 -661803.20 -167998.45
V 13376 -661803.20 -167958.45
V 13384 -661703.70 -167958.45
V 13392 -661695.95 -167956.37
V 13400 -661690.28 -167950.70
V 13408 -661688.20 -167942.95
V 13416 -661688.20 -167871.95
V 13424 -661690.28 -167864.20
V 13432 -661695.95 -167858.53
V 13440 -661703.70 -167856.45
V 13448 -661803.20 -167856.45
V 13456 -661803.20 -167816.45
V 13464 -661703.70 -167816.45
V 13472 -661695.95 -167814.37
V 13480 -661690.28 -167808.70
V 13488 -661688.20 -167800.95
V 13496 -661688.20 -167729.95
V 13504 -661690.28 -167722.20
V 13512 -661695.95 -167716.53
V 13520 -661703.70 -167714.45
V 13528 -661803.20 -167714.45
V 13536 -661803.20 -167674.45
V 13544 -661703.70 -167674.45
V 13552 -661695.95 -167672.37
V 13560 -661690.28 -167666.70
V 13568 -661688.20 -167658.95
V 13576 -661688.20 -167587.95
V 13584 -661690.28 -167580.20
V 13592 -661695.95 -167574.53
V 13600 -661703.70 -167572.45
V 13608 -661803.20 -167572.45
V 13616 -661803.20 -167532.45
V 13624 -661703.70 -167532.45
V 13632 -661695.95 -167530.37
V 13640 -661690.28 -167524.70
V 13648 -661688.20 -167516.95
V 13656 -661688.20 -167445.95
V 13664 -661690.28 -167438.20
V 13672 -661695.95 -167432.53
V 13680 -661703.70 -167430.45
V 13688 -661803.20 -167430.45
V 13696 -661803.20 -167390.45
V 13704 -661703.70 -167390.45
V 13712 -661695.95 -167388.37
V 13720 -661690.28 -167382.70
V 13728 -661688.20 -167374.95
V 13736 -661688.20 -167303.95
V 13744 -661690.28 -167296.20
V 13752 -661695.95 -167290.53
V 13760 -661703.70 -167288.45
V 13768 -661803.20 -167288.45
V 13776 -661803.20 -167248.45
V 13784 -661703.70 -167248.45
V 13792 -661695.95 -167246.37
V 13800 -661690.28 -167240.70
V 13808 -661688.20 -167232.95
V 13816 -661688.20 -167161.95
V 13824 -661690.28 -167154.20
V 13832 -661695.95 -167148.53
V 13840 -661703.70 -167146.45
V 13848 -661803.20 -167146.45
V 13856 -661803.20 -167106.45
V 13864 -661703.70 -167106.45
V 13872 -661695.95 -167104.37
V 13880 -661690.28 -167098.70
V 13888 -661688.20 -167090.95
V 13896 -661688.20 -167019.95
V 13904 -661690.28 -167012.20
V 13912 -661695.95 -167006.53
V 13920 -661703.70 -167004.45
V 13928 -661803.20 -167004.45
V 13936 -661803.20 -166964.45
V 13944 -661703.70 -166964.45
V 13952 -661695.95 -166962.37
V 13960 -661690.28 -166956.70
V 13968 -661688.20 -166948.95
V 13976 -661688.20 -166877.95
V 13984 -661690.28 -166870.20
V 13992 -661695.95 -166864.53
V 14000 -661703.70 -166862.45
V 14008 -661803.20 -166862.45
V 14016 -661803.20 -166822.45
V 14024 -661703.70 -166822.45
V 14032 -661695.95 -166820.37
V 14040 -661690.28 -166814.70
V 14048 -661688.20 -166806.95
V 14056 -661688.20 -166735.95
V 14064 -661690.28 -166728.20
V 14072 -661695.95 -166722.53
V 14080 -661703.70 -166720.45
V 14088 -661803.20 -166720.45
V 14096 -661803.20 -166680.45
V 14104 -661703.70 -166680.45
V 14112 -661695.95 -166678.37
V 14120 -661690.28 -166672.70
V 14128 -661688.20 -166664.95
V 14136 -661688.20 -166593.95
V 14144 -661690.28 -166586.20
V 14152 -661695.95 -166580.53
V 14160 -661703.70 -166578.45
V 14168 -661803.20 -166578.45
V 14176 -661803.20 -166538.45
V 14184 -661703.70 -166538.45
V 14192 -661695.95 -166536.37
V 14200 -661690.28 -166530.70
V 14208 -661688.20 -166522.95
V 14216 -661688.20 -166451.95
V 14224 -661690.28 -166444.20
V 14232 -661695.95 -166438.53
V 14240 -661703.70 -166436.45
V 14248 -661803.20 -166436.45
V 14256 -661803.20 -166396.45
V 14264 -661703.70 -166396.45
V 14272 -661695.95 -166394.37
V 14280 -661690.28 -166388.70
V 14288 -661688.20 -166380.95
V 14296 -661688.20 -166309.95
V 14304 -661690.28 -166302.20
V 14312 -661695.95 -166296.53
V 14320 -661703.70 -166294.45
V 14328 -661803.20 -166294.45
V 14336 -661803.20 -166254.45
V 14344 -661703.70 -166254.45
V 14352 -661695.95 -166252.37
V 14360 -661690.28 -166246.70
V 14368 -661688.20 -166238.95
V 14376 -661688.20 -166167.95
V 14384 -661690.28 -166160.20
V 14392 -661695.95 -166154.53
V 14400 -661703.70 -166152.45
V 14408 -661803.20 -166152.45
V 14416 -661803.20 -166112.45
V 14424 -661703.70 -166112.45
V 14432 -661695.95 -166110.37
V 14440 -661690.28 -166104.70
V 14448 -661688.20 -166096.95
V 14456 -661688.20 -166025.95
V 14464 -661690.28 -166018.20
V 14472 -661695.95 -166012.53
V 14480 -661703.70 -166010.45
V 14488 -661803.20 -166010.45
V 14496 -661803.20 -165970.45
V 14504 -661703.70 -165970.45
V 14512 -661695.95 -165968.37
V 14520 -661690.28 -165962.70
V 14528 -661688.20 -165954.95
V 14536 -661688.20 -165883.95
V 14544 -661690.28 -165876.20
V 14552 -661695.95 -165870.53
V 14560 -661703.70 -165868.45
V 14568 -661781.66 -165868.45
V 14576 -661781.66 -165828.45
V 14584 -661761.20 -165828.45
V 14592 -661753.45 -165826.37
V 14600 -661747.78 -165820.70
V 14608 -661745.70 -165812.95
V 14616 -661745.70 -165714.00
V 14624 -640864.53 -162168.34
V 14632 -631126.10 -160514.73
V 14640 -626261.76 -159688.76
V 14648 -624621.29 -159410.20
V 14656 -622298.59 -159015.80
V 14664 -622298.55 -159015.80
V 14672 -622298.43 -159015.78
V 14680 -622298.39 -159015.77
V 14688 -621304.75 -158847.04
V 14696 -619511.12 -158542.48
V 14704 -619511.10 -158542.48
V 14712 -619510.90 -158542.45
V 14720 -618116.83 -158305.73
V 14728 -617652.23 -158226.84
V 14736 -617188.02 -158148.01
V 14744 -617188.00 -158148.01
V 14752 -617187.84 -158147.98
V 14760 -617187.62 -158147.95
V 14768 -616258.41 -157990.17
V 14776 -615096.91 -157792.94
V 14784 -614897.91 -157759.15
V 14792 -614896.84 -157758.93
V 14800 -614895.80 -157758.64
V 14808 -614894.77 -157758.27
V 14816 -614893.78 -157757.84
V 14824 -614892.82 -157757.33
V 14832 -614891.89 -157756.76
V 14840 -614891.01 -157756.13
V 14848 -614890.17 -157755.43
V 14856 -614889.39 -157754.68
V 14864 -614888.66 -157753.87
V 14872 -614887.99 -157753.02
V 14880 -614887.38 -157752.12
V 14888 -614886.83 -157751.18
V 14896 -614886.35 -157750.20
V 14904 -614885.94 -157749.20
V 14912 -614885.61 -157748.16
V 14920 -614885.34 -157747.11
V 14928 -614885.15 -157746.04
V 14936 -614885.04 -157744.96
V 14944 -614885.00 -157743.87
V 14952 -614885.00 -157719.35
