V 0 -470560.00 -157719.35
V 8 -470560.00 -157730.78
V 16 -470746.09 -157762.38
V 24 -474462.91 -158393.51
V 32 -474695.23 -158432.95
V 40 -477250.69 -158866.88
V 48 -477250.79 -158866.89
V 56 -478179.75 -159024.63
V 64 -479108.24 -159182.30
V 72 -479108.29 -159182.30
V 80 -479109.05 -159182.43
V 88 -479109.09 -159182.44
V 96 -482148.34 -159698.51
V 104 -482997.64 -159842.72
V 112 -485753.45 -160310.66
V 120 -485946.48 -160343.44
V 128 -486942.35 -160512.54
V 136 -487124.36 -160543.44
V 144 -493744.19 -161667.51
V 152 -497921.72 -162376.86
V 160 -497942.79 -162380.44
V 168 -499318.36 -162614.01
V 176 -499318.43 -162614.02
V 184 -499319.13 -162614.14
V 192 -499319.20 -162614.16
V 200 -513260.87 -164981.48
V 208 -513265.07 -164982.19
V 216 -522317.15 -166519.26
V 224 -526962.37 -167308.03
V 232 -526962.42 -167308.03
V 240 -526963.59 -167308.23
V 248 -526963.63 -167308.24
V 256 -532305.77 -168215.35
V 264 -532305.81 -168215.35
V 272 -532306.35 -168215.44
V 280 -532306.39 -168215.45
V 288 -552516.54 -171647.17
V 296 -552516.68 -171647.20
V 304 -552516.70 -171647.20
V 312 -552517.03 -171647.26
V 320 -555146.03 -172093.66
V 328 -555636.61 -172176.97
V 336 -563198.94 -173461.07
V 344 -563198.96 -173461.07
V 352 -563203.96 -173461.92
V 360 -563203.98 -173461.93
V 368 -568143.79 -174300.71
V 376 -568150.40 -174303.52
V 384 -568155.04 -174309.00
V 392 -568156.70 -174315.99
V 400 -568156.70 -174403.95
V 408 -568156.66 -174405.06
V 416 -568156.54 -174406.16
V 424 -568156.35 -174407.24
V 432 -568156.07 -174408.32
V 440 -568155.72 -174409.37
V 448 -568155.30 -174410.39
V 456 -568154.80 -174411.38
V 464 -568154.24 -174412.33
V 472 -568153.61 -174413.24
V 480 -568152.91 -174414.10
V 488 -568152.16 -174414.91
V 496 -568151.35 -174415.66
V 504 -568150.49 -174416.36
V 512 -568149.58 -174416.99
V 520 -568148.63 -174417.55
V 528 -568147.64 -174418.05
V 536 -568146.62 -174418.47
V 544 -568145.57 -174418.82
V 552 -568144.49 -174419.10
V 560 -568143.41 -174419.29
V 568 -568142.31 -174419.41
V 576 -568141.20 -174419.45
V 584 -568132.91 -174419.45
V 592 -568132.91 -174459.45
V 600 -568198.70 -174459.45
V 608 -568206.45 -174461.53
V 616 -568212.12 -174467.20
V 624 -568214.20 -174474.95
V 632 -568214.20 -174545.95
V 640 -568212.12 -174553.70
V 648 -568206.45 -174559.37
V 656 -568198.70 -174561.45
V 664 -568099.20 -174561.45
V 672 -568099.20 -174601.45
V 680 -568198.70 -174601.45
V 688 -568206.45 -174603.53
V 696 -568212.12 -174609.20
V 704 -568214.20 -174616.95
V 712 -568214.20 -174687.95
V 720 -568212.12 -174695.70
V 728 -568206.45 -174701.37
V 736 -568198.70 -174703.45
V 744 -568099.20 -174703.45
V 752 -568099.20 -174743.45
V 760 -568198.70 -174743.45
V 768 -568206.45 -174745.53
V 776 -568212.12 -174751.20
V 784 -568214.20 -174758.95
V 792 -568214.20 -174829.95
V 800 -568212.12 -174837.70
V 808 -568206.45 -174843.37
V 816 -568198.70 -174845.45
V 824 -568099.20 -174845.45
V 832 -568099.20 -174885.45
V 840 -568198.70 -174885.45
V 848 -568206.45 -174887.53
V 856 -568212.12 -174893.20
V 864 -568214.20 -174900.95
V 872 -568214.20 -174971.95
V 880 -568212.12 -174979.70
V 888 -568206.45 -174985.37
V 896 -568198.70 -174987.45
V 904 -568099.20 -174987.45
V 912 -568099.20 -175027.45
V 920 -568198.70 -175027.45
V 928 -568206.45 -175029.53
V 936 -568212.12 -175035.20
V 944 -568214.20 -175042.95
V 952 -568214.20 -175113.95
V 960 -568212.12 -175121.70
V 968 -568206.45 -175127.37
V 976 -568198.70 -175129.45
V 984 -568099.20 -175129.45
V 992 -568099.20 -175169.45
V 1000 -568198.70 -175169.45
V 1008 -568206.45 -175171.53
V 1016 -568212.12 -175177.20
V 1024 -568214.20 -175184.95
V 1032 -568214.20 -175255.95
V 1040 -568212.12 -175263.70
V 1048 -568206.45 -175269.37
V 1056 -568198.70 -175271.45
V 1064 -568099.20 -175271.45
V 1072 -568099.20 -175311.45
V 1080 -568198.70 -175311.45
V 1088 -568206.45 -175313.53
V 1096 -568212.12 -175319.20
V 1104 -568214.20 -175326.95
V 1112 -568214.20 -175397.95
V 1120 -568212.12 -175405.70
V 1128 -568206.45 -175411.37
V 1136 -568198.70 -175413.45
V 1144 -568099.20 -175413.45
V 1152 -568099.20 -175453.45
V 1160 -568198.70 -175453.45
V 1168 -568206.45 -175455.53
V 1176 -568212.12 -175461.20
V 1184 -568214.20 -175468.95
V 1192 -568214.20 -175539.95
V 1200 -568212.12 -175547.70
V 1208 -568206.45 -175553.37
V 1216 -568198.70 -175555.45
V 1224 -568099.20 -175555.45
V 1232 -568099.20 -175595.45
V 1240 -568198.70 -175595.45
V 1248 -568206.45 -175597.53
V 1256 -568212.12 -175603.20
V 1264 -568214.20 -175610.95
V 1272 -568214.20 -175681.95
V 1280 -568212.12 -175689.70
V 1288 -568206.45 -175695.37
V 1296 -568198.70 -175697.45
V 1304 -568099.20 -175697.45
V 1312 -568099.20 -175737.45
V 1320 -568198.70 -175737.45
V 1328 -568206.45 -175739.53
V 1336 -568212.12 -175745.20
V 1344 -568214.20 -175752.95
V 1352 -568214.20 -175823.95
V 1360 -568212.12 -175831.70
V 1368 -568206.45 -175837.37
V 1376 -568198.70 -175839.45
V 1384 -568099.20 -175839.45
V 1392 -568099.20 -175879.45
V 1400 -568198.70 -175879.45
V 1408 -568206.45 -175881.53
V 1416 -568212.12 -175887.20
V 1424 -568214.20 -175894.95
V 1432 -568214.20 -175965.95
V 1440 -568212.12 -175973.70
V 1448 -568206.45 -175979.37
V 1456 -568198.70 -175981.45
V 1464 -568099.20 -175981.45
V 1472 -568099.20 -176021.45
V 1480 -568198.70 -176021.45
V 1488 -568206.45 -176023.53
V 1496 -568212.12 -176029.20
V 1504 -568214.20 -176036.95
V 1512 -568214.20 -176107.95
V 1520 -568212.12 -176115.70
V 1528 -568206.45 -176121.37
V 1536 -568198.70 -176123.45
V 1544 -568099.20 -176123.45
V 1552 -568099.20 -176163.45
V 1560 -568198.70 -176163.45
V 1568 -568206.45 -176165.53
V 1576 -568212.12 -176171.20
V 1584 -568214.20 -176178.95
V 1592 -568214.20 -176249.95
V 1600 -568212.12 -176257.70
V 1608 -568206.45 -176263.37
V 1616 -568198.70 -176265.45
V 1624 -568099.20 -176265.45
V 1632 -568099.20 -176305.45
V 1640 -568198.70 -176305.45
V 1648 -568206.45 -176307.53
V 1656 -568212.12 -176313.20
V 1664 -568214.20 -176320.95
V 1672 -568214.20 -176391.95
V 1680 -568212.12 -176399.70
V 1688 -568206.45 -176405.37
V 1696 -568198.70 -176407.45
V 1704 -568099.20 -176407.45
V 1712 -568099.20 -176447.45
V 1720 -568198.70 -176447.45
V 1728 -568206.45 -176449.53
V 1736 -568212.12 -176455.20
V 1744 -568214.20 -176462.95
V 1752 -568214.20 -176533.95
V 1760 -568212.12 -176541.70
V 1768 -568206.45 -176547.37
V 1776 -568198.70 -176549.45
V 1784 -568099.20 -176549.45
V 1792 -568099.20 -176589.45
V 1800 -568198.70 -176589.45
V 1808 -568206.45 -176591.53
V 1816 -568212.12 -176597.20
V 1824 -568214.20 -176604.95
V 1832 -568214.20 -176675.95
V 1840 -568212.12 -176683.70
V 1848 -568206.45 -176689.37
V 1856 -568198.70 -176691.45
V 1864 -568099.20 -176691.45
V 1872 -568099.20 -176731.45
V 1880 -568198.70 -176731.45
V 1888 -568206.45 -176733.53
V 1896 -568212.12 -176739.20
V 1904 -568214.20 -176746.95
V 1912 -568214.20 -176817.95
V 1920 -568212.12 -176825.70
V 1928 -568206.45 -176831.37
V 1936 -568198.70 -176833.45
V 1944 -568099.20 -176833.45
V 1952 -568099.20 -176873.45
V 1960 -568198.70 -176873.45
V 1968 -568206.45 -176875.53
V 1976 -568212.12 -176881.20
V 1984 -568214.20 -176888.95
V 1992 -568214.20 -176959.95
V 2000 -568212.12 -176967.70
V 2008 -568206.45 -176973.37
V 2016 -568198.70 -176975.45
V 2024 -568099.20 -176975.45
V 2032 -568099.20 -177015.45
V 2040 -568198.70 -177015.45
V 2048 -568206.45 -177017.53
V 2056 -568212.12 -177023.20
V 2064 -568214.20 -177030.95
V 2072 -568214.20 -177101.95
V 2080 -568212.12 -177109.70
V 2088 -568206.45 -177115.37
V 2096 -568198.70 -177117.45
V 2104 -568099.20 -177117.45
V 2112 -568099.20 -177157.45
V 2120 -568198.70 -177157.45
V 2128 -568206.45 -177159.53
V 2136 -568212.12 -177165.20
V 2144 -568214.20 -177172.95
V 2152 -568214.20 -177243.95
V 2160 -568212.12 -177251.70
V 2168 -568206.45 -177257.37
V 2176 -568198.70 -177259.45
V 2184 -568099.20 -177259.45
V 2192 -568099.20 -177299.45
V 2200 -568198.70 -177299.45
V 2208 -568206.45 -177301.53
V 2216 -568212.12 -177307.20
V 2224 -568214.20 -177314.95
V 2232 -568214.20 -177385.95
V 2240 -568212.12 -177393.70
V 2248 -568206.45 -177399.37
V 2256 -568198.70 -177401.45
V 2264 -568099.20 -177401.45
V 2272 -568099.20 -177441.45
V 2280 -568198.70 -177441.45
V 2288 -568206.45 -177443.53
V 2296 -568212.12 -177449.20
V 2304 -568214.20 -177456.95
V 2312 -568214.20 -177527.95
V 2320 -568212.12 -177535.70
V 2328 -568206.45 -177541.37
V 2336 -568198.70 -177543.45
V 2344 -568099.20 -177543.45
V 2352 -568099.20 -177583.45
V 2360 -568198.70 -177583.45
V 2368 -568206.45 -177585.53
V 2376 -568212.12 -177591.20
V 2384 -568214.20 -177598.95
V 2392 -568214.20 -177669.95
V 2400 -568212.12 -177677.70
V 2408 -568206.45 -177683.37
V 2416 -568198.70 -177685.45
V 2424 -568099.20 -177685.45
V 2432 -568099.20 -177725.45
V 2440 -568198.70 -177725.45
V 2448 -568206.45 -177727.53
V 2456 -568212.12 -177733.20
V 2464 -568214.20 -177740.95
V 2472 -568214.20 -177811.95
V 2480 -568212.12 -177819.70
V 2488 -568206.45 -177825.37
V 2496 -568198.70 -177827.45
V 2504 -568099.20 -177827.45
V 2512 -568099.20 -177867.45
V 2520 -568198.70 -177867.45
V 2528 -568206.45 -177869.53
V 2536 -568212.12 -177875.20
V 2544 -568214.20 -177882.95
V 2552 -568214.20 -177953.95
V 2560 -568212.12 -177961.70
V 2568 -568206.45 -177967.37
V 2576 -568198.70 -177969.45
V 2584 -568099.20 -177969.45
V 2592 -568099.20 -178009.45
V 2600 -568198.70 -178009.45
V 2608 -568206.45 -178011.53
V 2616 -568212.12 -178017.20
V 2624 -568214.20 -178024.95
V 2632 -568214.20 -178095.95
V 2640 -568212.12 -178103.70
V 2648 -568206.45 -178109.37
V 2656 -568198.70 -178111.45
V 2664 -568099.20 -178111.45
V 2672 -568099.20 -178151.45
V 2680 -568198.70 -178151.45
V 2688 -568206.45 -178153.53
V 2696 -568212.12 -178159.20
V 2704 -568214.20 -178166.95
V 2712 -568214.20 -178237.95
V 2720 -568212.12 -178245.70
V 2728 -568206.45 -178251.37
V 2736 -568198.70 -178253.45
V 2744 -568099.20 -178253.45
V 2752 -568099.20 -178293.45
V 2760 -568198.70 -178293.45
V 2768 -568206.45 -178295.53
V 2776 -568212.12 -178301.20
V 2784 -568214.20 -178308.95
V 2792 -568214.20 -178379.95
V 2800 -568212.12 -178387.70
V 2808 -568206.45 -178393.37
V 2816 -568198.70 -178395.45
V 2824 -568156.70 -178395.45
V 2832 -568156.70 -178404.45
V 2840 -568125.70 -178404.45
V 2848 -568125.70 -178379.95
V 2856 -568125.74 -178378.84
V 2864 -568125.86 -178377.74
V 2872 -568126.05 -178376.66
V 2880 -568126.33 -178375.58
V 2888 -568126.68 -178374.53
V 2896 -568127.10 -178373.51
V 2904 -568127.60 -178372.52
V 2912 -568128.16 -178371.57
V 2920 -568128.79 -178370.66
V 2928 -568129.49 -178369.80
V 2936 -568130.24 -178368.99
V 2944 -568131.05 -178368.24
V 2952 -568131.91 -178367.54
V 2960 -568132.82 -178366.91
V 2968 -568133.77 -178366.35
V 2976 -568134.76 -178365.85
V 2984 -568135.78 -178365.43
V 2992 -568136.83 -178365.08
V 3000 -568137.91 -178364.80
V 3008 -568138.99 -178364.61
V 3016 -568140.09 -178364.49
V 3024 -568141.20 -178364.45
V 3032 -568183.20 -178364.45
V 3040 -568183.20 -178324.45
V 3048 -568083.70 -178324.45
V 3056 -568075.95 -178322.37
V 3064 -568070.28 -178316.70
V 3072 -568068.20 -178308.95
V 3080 -568068.20 -178237.95
V 3088 -568070.28 -178230.20
V 3096 -568075.95 -178224.53
V 3104 -568083.70 -178222.45
V 3112 -568183.20 -178222.45
V 3120 -568183.20 -178182.45
V 3128 -568083.70 -178182.45
V 3136 -568075.95 -178180.37
V 3144 -568070.28 -178174.70
V 3152 -568068.20 -178166.95
V 3160 -568068.20 -178095.95
V 3168 -568070.28 -178088.20
V 3176 -568075.95 -178082.53
V 3184 -568083.70 -178080.45
V 3192 -568183.20 -178080.45
V 3200 -568183.20 -178040.45
V 3208 -568083.70 -178040.45
V 3216 -568075.95 -178038.37
V 3224 -568070.28 -178032.70
V 3232 -568068.20 -178024.95
V 3240 -568068.20 -177953.95
V 3248 -568070.28 -177946.20
V 3256 -568075.95 -177940.53
V 3264 -568083.70 -177938.45
V 3272 -568183.20 -177938.45
V 3280 -568183.20 -177898.45
V 3288 -568083.70 -177898.45
V 3296 -568075.95 -177896.37
V 3304 -568070.28 -177890.70
V 3312 -568068.20 -177882.95
V 3320 -568068.20 -177811.95
V 3328 -568070.28 -177804.20
V 3336 -568075.95 -177798.53
V 3344 -568083.70 -177796.45
V 3352 -568183.20 -177796.45
V 3360 -568183.20 -177756.45
V 3368 -568083.70 -177756.45
V 3376 -568075.95 -177754.37
V 3384 -568070.28 -177748.70
V 3392 -568068.20 -177740.95
V 3400 -568068.20 -177669.95
V 3408 -568070.28 -177662.20
V 3416 -568075.95 -177656.53
V 3424 -568083.70 -177654.45
V 3432 -568183.20 -177654.45
V 3440 -568183.20 -177614.45
V 3448 -568083.70 -177614.45
V 3456 -568075.95 -177612.37
V 3464 -568070.28 -177606.70
V 3472 -568068.20 -177598.95
V 3480 -568068.20 -177527.95
V 3488 -568070.28 -177520.20
V 3496 -568075.95 -177514.53
V 3504 -568083.70 -177512.45
V 3512 -568183.20 -177512.45
V 3520 -568183.20 -177472.45
V 3528 -568083.70 -177472.45
V 3536 -568075.95 -177470.37
V 3544 -568070.28 -177464.70
V 3552 -568068.20 -177456.95
V 3560 -568068.20 -177385.95
V 3568 -568070.28 -177378.20
V 3576 -568075.95 -177372.53
V 3584 -568083.70 -177370.45
V 3592 -568183.20 -177370.45
V 3600 -568183.20 -177330.45
V 3608 -568083.70 -177330.45
V 3616 -568075.95 -177328.37
V 3624 -568070.28 -177322.70
V 3632 -568068.20 -177314.95
V 3640 -568068.20 -177243.95
V 3648 -568070.28 -177236.20
V 3656 -568075.95 -177230.53
V 3664 -568083.70 -177228.45
V 3672 -568183.20 -177228.45
V 3680 -568183.20 -177188.45
V 3688 -568083.70 -177188.45
V 3696 -568075.95 -177186.37
V 3704 -568070.28 -177180.70
V 3712 -568068.20 -177172.95
V 3720 -568068.20 -177101.95
V 3728 -568070.28 -177094.20
V 3736 -568075.95 -177088.53
V 3744 -568083.70 -177086.45
V 3752 -568183.20 -177086.45
V 3760 -568183.20 -177046.45
V 3768 -568083.70 -177046.45
V 3776 -568075.95 -177044.37
V 3784 -568070.28 -177038.70
V 3792 -568068.20 -177030.95
V 3800 -568068.20 -176959.95
V 3808 -568070.28 -176952.20
V 3816 -568075.95 -176946.53
V 3824 -568083.70 -176944.45
V 3832 -568183.20 -176944.45
V 3840 -568183.20 -176904.45
V 3848 -568083.70 -176904.45
V 3856 -568075.95 -176902.37
V 3864 -568070.28 -176896.70
V 3872 -568068.20 -176888.95
V 3880 -568068.20 -176817.95
V 3888 -568070.28 -176810.20
V 3896 -568075.95 -176804.53
V 3904 -568083.70 -176802.45
V 3912 -568183.20 -176802.45
V 3920 -568183.20 -176762.45
V 3928 -568083.70 -176762.45
V 3936 -568075.95 -176760.37
V 3944 -568070.28 -176754.70
V 3952 -568068.20 -176746.95
V 3960 -568068.20 -176675.95
V 3968 -568070.28 -176668.20
V 3976 -568075.95 -176662.53
V 3984 -568083.70 -176660.45
V 3992 -568183.20 -176660.45
V 4000 -568183.20 -176620.45
V 4008 -568083.70 -176620.45
V 4016 -568075.95 -176618.37
V 4024 -568070.28 -176612.70
V 4032 -568068.20 -176604.95
V 4040 -568068.20 -176533.95
V 4048 -568070.28 -176526.20
V 4056 -568075.95 -176520.53
V 4064 -568083.70 -176518.45
V 4072 -568183.20 -176518.45
V 4080 -568183.20 -176478.45
V 4088 -568083.70 -176478.45
V 4096 -568075.95 -176476.37
V 4104 -568070.28 -176470.70
V 4112 -568068.20 -176462.95
V 4120 -568068.20 -176391.95
V 4128 -568070.28 -176384.20
V 4136 -568075.95 -176378.53
V 4144 -568083.70 -176376.45
V 4152 -568183.20 -176376.45
V 4160 -568183.20 -176336.45
V 4168 -568083.70 -176336.45
V 4176 -568075.95 -176334.37
V 4184 -568070.28 -176328.70
V 4192 -568068.20 -176320.95
V 4200 -568068.20 -176249.95
V 4208 -568070.28 -176242.20
V 4216 -568075.95 -176236.53
V 4224 -568083.70 -176234.45
V 4232 -568183.20 -176234.45
V 4240 -568183.20 -176194.45
V 4248 -568083.70 -176194.45
V 4256 -568075.95 -176192.37
V 4264 -568070.28 -176186.70
V 4272 -568068.20 -176178.95
V 4280 -568068.20 -176107.95
V 4288 -568070.28 -176100.20
V 4296 -568075.95 -176094.53
V 4304 -568083.70 -176092.45
V 4312 -568183.20 -176092.45
V 4320 -568183.20 -176052.45
V 4328 -568083.70 -176052.45
V 4336 -568075.95 -176050.37
V 4344 -568070.28 -176044.70
V 4352 -568068.20 -176036.95
V 4360 -568068.20 -175965.95
V 4368 -568070.28 -175958.20
V 4376 -568075.95 -175952.53
V 4384 -568083.70 -175950.45
V 4392 -568183.20 -175950.45
V 4400 -568183.20 -175910.45
V 4408 -568083.70 -175910.45
V 4416 -568075.95 -175908.37
V 4424 -568070.28 -175902.70
V 4432 -568068.20 -175894.95
V 4440 -568068.20 -175823.95
V 4448 -568070.28 -175816.20
V 4456 -568075.95 -175810.53
V 4464 -568083.70 -175808.45
V 4472 -568183.20 -175808.45
V 4480 -568183.20 -175768.45
V 4488 -568083.70 -175768.45
V 4496 -568075.95 -175766.37
V 4504 -568070.28 -175760.70
V 4512 -568068.20 -175752.95
V 4520 -568068.20 -175681.95
V 4528 -568070.28 -175674.20
V 4536 -568075.95 -175668.53
V 4544 -568083.70 -175666.45
V 4552 -568183.20 -175666.45
V 4560 -568183.20 -175626.45
V 4568 -568083.70 -175626.45
V 4576 -568075.95 -175624.37
V 4584 -568070.28 -175618.70
V 4592 -568068.20 -175610.95
V 4600 -568068.20 -175539.95
V 4608 -568070.28 -175532.20
V 4616 -568075.95 -175526.53
V 4624 -568083.70 -175524.45
V 4632 -568183.20 -175524.45
V 4640 -568183.20 -175484.45
V 4648 -568083.70 -175484.45
V 4656 -568075.95 -175482.37
V 4664 -568070.28 -175476.70
V 4672 -568068.20 -175468.95
V 4680 -568068.20 -175397.95
V 4688 -568070.28 -175390.20
V 4696 -568075.95 -175384.53
V 4704 -568083.70 -175382.45
V 4712 -568183.20 -175382.45
V 4720 -568183.20 -175342.45
V 4728 -568083.70 -175342.45
V 4736 -568075.95 -175340.37
V 4744 -568070.28 -175334.70
V 4752 -568068.20 -175326.95
V 4760 -568068.20 -175255.95
V 4768 -568070.28 -175248.20
V 4776 -568075.95 -175242.53
V 4784 -568083.70 -175240.45
V 4792 -568183.20 -175240.45
V 4800 -568183.20 -175200.45
V 4808 -568083.70 -175200.45
V 4816 -568075.95 -175198.37
V 4824 -568070.28 -175192.70
V 4832 -568068.20 -175184.95
V 4840 -568068.20 -175113.95
V 4848 -568070.28 -175106.20
V 4856 -568075.95 -175100.53
V 4864 -568083.70 -175098.45
V 4872 -568183.20 -175098.45
V 4880 -568183.20 -175058.45
V 4888 -568083.70 -175058.45
V 4896 -568075.95 -175056.37
V 4904 -568070.28 -175050.70
V 4912 -568068.20 -175042.95
V 4920 -568068.20 -174971.95
V 4928 -568070.28 -174964.20
V 4936 -568075.95 -174958.53
V 4944 -568083.70 -174956.45
V 4952 -568183.20 -174956.45
V 4960 -568183.20 -174916.45
V 4968 -568083.70 -174916.45
V 4976 -568075.95 -174914.37
V 4984 -568070.28 -174908.70
V 4992 -568068.20 -174900.95
V 5000 -568068.20 -174829.95
V 5008 -568070.28 -174822.20
V 5016 -568075.95 -174816.53
V 5024 -568083.70 -174814.45
V 5032 -568183.20 -174814.45
V 5040 -568183.20 -174774.45
V 5048 -568083.70 -174774.45
V 5056 -568075.95 -174772.37
V 5064 -568070.28 -174766.70
V 5072 -568068.20 -174758.95
V 5080 -568068.20 -174687.95
V 5088 -568070.28 -174680.20
V 5096 -568075.95 -174674.53
V 5104 -568083.70 -174672.45
V 5112 -568183.20 -174672.45
V 5120 -568183.20 -174632.45
V 5128 -568083.70 -174632.45
V 5136 -568075.95 -174630.37
V 5144 -568070.28 -174624.70
V 5152 -568068.20 -174616.95
V 5160 -568068.20 -174545.95
V 5168 -568070.28 -174538.20
V 5176 -568075.95 -174532.53
V 5184 -568083.70 -174530.45
V 5192 -568183.20 -174530.45
V 5200 -568183.20 -174490.45
V 5208 -568117.41 -174490.45
V 5216 -568109.66 -174488.37
V 5224 -568103.99 -174482.70
V 5232 -568101.91 -174474.95
V 5240 -568101.91 -174403.95
V 5248 -568101.95 -174402.84
V 5256 -568102.07 -174401.74
V 5264 -568102.26 -174400.66
V 5272 -568102.54 -174399.58
V 5280 -568102.89 -174398.53
V 5288 -568103.31 -174397.51
V 5296 -568103.81 -174396.52
V 5304 -568104.37 -174395.57
V 5312 -568105.00 -174394.66
V 5320 -568105.70 -174393.80
V 5328 -568106.45 -174392.99
V 5336 -568107.26 -174392.24
V 5344 -568108.12 -174391.54
V 5352 -568109.03 -174390.91
V 5360 -568109.98 -174390.35
V 5368 -568110.97 -174389.85
V 5376 -568111.99 -174389.43
V 5384 -568113.04 -174389.08
V 5392 -568114.12 -174388.80
V 5400 -568115.20 -174388.61
V 5408 -568116.30 -174388.49
V 5416 -568117.41 -174388.45
V 5424 -568125.70 -174388.45
V 5432 -568125.70 -174329.08
V 5440 -563198.78 -173492.48
V 5448 -563198.76 -173492.48
V 5456 -563193.76 -173491.63
V 5464 -563193.74 -173491.62
V 5472 -555631.41 -172207.53
V 5480 -555140.83 -172124.22
V 5488 -552511.85 -171677.82
V 5496 -552511.71 -171677.79
V 5504 -552511.69 -171677.79
V 5512 -552511.36 -171677.73
V 5520 -532301.29 -168246.02
V 5528 -532301.25 -168246.02
V 5536 -532300.71 -168245.93
V 5544 -532300.67 -168245.92
V 5552 -526958.42 -167338.79
V 5560 -526958.37 -167338.79
V 5568 -526957.20 -167338.59
V 5576 -526957.16 -167338.58
V 5584 -522311.97 -166549.82
V 5592 -513259.89 -165012.75
V 5600 -513255.69 -165012.04
V 5608 -499313.96 -162644.71
V 5616 -499313.89 -162644.70
V 5624 -499313.19 -162644.58
V 5632 -499313.12 -162644.56
V 5640 -497937.59 -162411.00
V 5648 -497916.52 -162407.42
V 5656 -493738.18 -161697.93
V 5664 -487119.18 -160574.00
V 5672 -486937.17 -160543.10
V 5680 -485941.28 -160374.00
V 5688 -485748.25 -160341.22
V 5696 -482992.46 -159873.28
V 5704 -482143.16 -159729.07
V 5712 -479103.88 -159212.99
V 5720 -479103.83 -159212.99
V 5728 -479103.07 -159212.86
V 5736 -479103.03 -159212.85
V 5744 -478174.57 -159055.19
V 5752 -477709.97 -158976.30
V 5760 -477245.64 -158897.45
V 5768 -477245.54 -158897.44
V 5776 -475154.64 -158542.40
V 5784 -474690.05 -158463.51
V 5792 -474457.73 -158424.07
V 5800 -470541.91 -157759.15
V 5808 -470540.84 -157758.93
V 5816 -470539.80 -157758.64
V 5824 -470538.77 -157758.27
V 5832 -470537.78 -157757.84
V 5840 -470536.82 -157757.33
V 5848 -470535.89 -157756.76
V 5856 -470535.01 -157756.13
V 5864 -470534.17 -157755.43
V 5872 -470533.39 -157754.68
V 5880 -470532.66 -157753.87
V 5888 -470531.99 -157753.02
V 5896 -470531.38 -157752.12
V 5904 -470530.83 -157751.18
V 5912 -470530.35 -157750.20
V 5920 -470529.94 -157749.20
V 5928 -470529.61 -157748.16
V 5936 -470529.34 -157747.11
V 5944 -470529.15 -157746.04
V 5952 -470529.04 -157744.96
V 5960 -470529.00 -157743.87
V 5968 -470529.00 -157719.35
