V 0 1085836.50 19111.09
V 8 1085831.33 19129.93
V 16 1085828.08 19165.76
V 24 1085827.84 19166.45
V 32 1085827.30 19166.94
V 40 1085826.59 19167.12
V 48 1085735.66 19167.12
V 56 1085735.66 19164.12
V 64 1085825.22 19164.12
V 72 1085828.36 19129.59
V 80 1085828.36 19129.53
V 88 1085828.37 19129.43
V 96 1085828.40 19129.32
V 104 1085828.41 19129.22
V 112 1085833.90 19109.19
V 120 1085834.20 19108.62
V 128 1085834.72 19108.23
V 136 1085835.35 19108.09
V 144 1085839.86 19108.09
V 152 1085839.86 19111.09
