-690814.420000 -188540.510000 
-693313.010000 -188540.510000 
-693313.010000 -188600.512274 
-693165.872319 -188797.128180 
-692339.218252 -189546.091303 
-692176.697666 -189763.170792 
-691345.219864 -190519.006922 
-691133.765552 -190762.445498 
-689810.492443 -191533.017100 
-689526.344150 -191758.205600 
-688222.595796 -192517.404431 
-687938.454212 -192742.595563 
-686634.695814 -193501.804423 
-686350.528913 -193727.011832 
-685047.774328 -194485.508370 
-684753.406242 -194720.468975 
-684354.460890 -194933.709532 
-682333.655000 -195795.620000 
-682332.944962 -195795.894884 
-679986.714874 -196567.811103 
-679436.599848 -196786.384618 
-679435.940000 -196786.610000 
-675987.020000 -197832.830324 
-675987.020000 -209773.700000 

