-448228.10 -157113.95
-448228.10 -157538.42
-448427.10 -157608.33
-448738.32 -157694.91
-448883.86 -157744.16
-449119.04 -157794.34
-449349.71 -157843.55
-449580.36 -157892.76
-449811.00 -157941.97
-450272.32 -158040.39
-450502.94 -158089.59
-450733.75 -158138.86
-450963.36 -158187.66
-451201.04 -158239.62
-451443.97 -158283.58
-451680.82 -158324.06
-451901.89 -158360.13
-452147.68 -158411.89
-452482.93 -158451.17
-463678.80 -160352.25
-463752.00 -160364.68
-463774.84 -160368.56
-464971.90 -160571.82
-471668.10 -161708.85
-471707.31 -161715.51
-476135.15 -162467.37
-476625.97 -162550.71
-476626.45 -162550.79
-478481.56 -162865.79
-478484.27 -162866.25
-481266.20 -163338.63
-481522.84 -163382.21
-482372.14 -163526.42
-485127.95 -163994.36
-485320.98 -164027.14
-493118.07 -165351.10
-493119.03 -165351.26
-497287.89 -166059.15
-497329.14 -166066.15
-498692.40 -166297.63
-498693.02 -166297.74
-512637.11 -168665.47
-512641.31 -168666.19
-521691.66 -170202.96
-526336.98 -170991.74
-526338.19 -170991.95
-531680.19 -171899.03
-531680.73 -171899.12
-551891.13 -175330.89
-551891.62 -175330.97
-553726.20 -175642.49
-553726.20 -176107.95
-553699.25 -176107.95
-553699.25 -176178.95
-553783.70 -176178.95
-553783.70 -176249.95
-553668.70 -176249.95
-553668.70 -176320.95
-553783.70 -176320.95
-553783.70 -176391.95
-553668.70 -176391.95
-553668.70 -176462.95
-553783.70 -176462.95
-553783.70 -176533.95
-553668.70 -176533.95
-553668.70 -176604.95
-553783.70 -176604.95
-553783.70 -176675.95
-553668.70 -176675.95
-553668.70 -176746.95
-553783.70 -176746.95
-553783.70 -176817.95
-553668.70 -176817.95
-553668.70 -176888.95
-553783.70 -176888.95
-553783.70 -176959.95
-553668.70 -176959.95
-553668.70 -177030.95
-553783.70 -177030.95
-553783.70 -177101.95
-553668.70 -177101.95
-553668.70 -177172.95
-553783.70 -177172.95
-553783.70 -177243.95
-553668.70 -177243.95
-553668.70 -177314.95
-553783.70 -177314.95
-553783.70 -177385.95
-553668.70 -177385.95
-553668.70 -177456.95
-553783.70 -177456.95
-553783.70 -177527.95
-553668.70 -177527.95
-553668.70 -177598.95
-553783.70 -177598.95
-553783.70 -177669.95
-553668.70 -177669.95
-553668.70 -177740.95
-553783.70 -177740.95
-553783.70 -177811.95
-553668.70 -177811.95
-553668.70 -177882.95
-553783.70 -177882.95
-553783.70 -177953.95
-553668.70 -177953.95
-553668.70 -178024.95
-553783.70 -178024.95
-553783.70 -178095.95
-553668.70 -178095.95
-553668.70 -178166.95
-553783.70 -178166.95
-553783.70 -178237.95
-553668.70 -178237.95
-553668.70 -178308.95
-553783.70 -178308.95
-553783.70 -178379.95
-553726.20 -178379.95
-553726.20 -178404.45
31.00