-685504.42 -116855.51
-688233.93 -116855.51
-688565.80 -116965.51
-689921.95 -117624.79
-690270.20 -117739.79
-691610.00 -118455.93
-692605.51 -119192.70
-692849.87 -119311.14
-693746.29 -119974.57
-693990.65 -120093.01
-694887.09 -120756.45
-695131.44 -120874.89
-696027.86 -121538.32
-696272.24 -121656.76
-697167.78 -122319.60
-697430.68 -122446.20
-698297.17 -123149.32
-698538.25 -123309.27
-699156.06 -123978.25
-699342.93 -124102.23
-699960.74 -124771.22
-700147.61 -124895.20
-700765.42 -125564.19
-700952.29 -125688.17
-701570.09 -126357.15
-701756.95 -126481.12
-702374.80 -127150.14
-702561.66 -127274.13
-703179.47 -127943.10
-703366.45 -128067.16
-703980.59 -128732.38
-704214.36 -128885.53
-704755.79 -129545.26
-705377.43 -130550.83
-705525.39 -130681.74
-705943.28 -131357.69
-706091.24 -131488.62
-706509.07 -132164.49
-706657.06 -132295.42
-707074.91 -132971.34
-707222.87 -133102.25
-707640.75 -133778.21
-707788.72 -133909.13
-708206.53 -134584.98
-708354.70 -134716.06
-708768.95 -135386.42
-708950.25 -135545.29
-709771.26 -136967.99
-709936.75 -137410.92
-710054.69 -137550.12
-710310.28 -138234.23
-710428.25 -138373.43
-710683.86 -139057.62
-710801.81 -139196.82
-711057.40 -139880.97
-711175.35 -140020.15
-711430.97 -140704.35
-711548.92 -140843.53
-711804.53 -141527.73
-711922.48 -141666.91
-712178.04 -142350.98
-712296.40 -142490.62
-712547.14 -143162.44
-712704.04 -143345.03
-713037.87 -144325.13
-713309.50 -144764.62
-713419.53 -145458.32
-713511.45 -145607.04
-713621.47 -146300.74
-713713.38 -146449.44
-713823.38 -147143.07
-713915.29 -147291.76
-714025.34 -147985.60
-714117.25 -148134.31
-714227.23 -148827.80
-714319.14 -148976.47
-714429.20 -149670.40
-714521.10 -149819.11
-714631.09 -150512.63
-714723.04 -150661.38
-714832.90 -151354.16
-714926.46 -151505.40
-715027.52 -152147.57
-715206.68 -152424.57
-715253.18 -152896.69
-715426.70 -153097.16
-715426.70 -153899.82
-715459.55 -153937.78
-715459.55 -154739.74
-715492.41 -154777.71
-715492.41 -155580.38
-715525.26 -155618.34
-715525.26 -156420.29
-715558.12 -156458.25
-715558.12 -157260.93
-715590.97 -157298.90
-715590.97 -158100.83
-715623.83 -158138.79
-715623.83 -158941.10
-715656.69 -158979.06
-715656.69 -159781.38
-715689.54 -159819.33
-715689.54 -162308.53
-715681.04 -162606.91
-715681.04 -163922.28
-715532.59 -164485.28
-715532.59 -164822.79
-715384.15 -165385.78
-715384.15 -165723.35
-715235.71 -166286.34
-715235.71 -166623.90
-715087.27 -167186.89
-715087.27 -167524.46
-714938.83 -168087.45
-714938.83 -168425.02
-714790.39 -168988.01
-714790.39 -169325.57
-714641.95 -169888.56
-714641.95 -170226.19
-714493.50 -170789.18
-714493.50 -171126.69
-714337.24 -171719.34
-714337.24 -172646.43
-713755.51 -173946.68
-713722.53 -174142.00
-713398.33 -174866.60
-713365.37 -175061.87
-713041.01 -175786.84
-713008.04 -175982.07
-712683.77 -176706.86
-712650.80 -176902.18
-712326.60 -177626.77
-712293.64 -177822.04
-711969.27 -178547.02
-711936.31 -178742.25
-711612.04 -179467.03
-711579.05 -179662.43
-711258.13 -180379.66
-711176.36 -180869.84
-709775.32 -183490.99
-709452.42 -183936.68
-709365.57 -184143.65
-708831.43 -184880.89
-708744.58 -185087.85
-708210.45 -185825.10
-708123.59 -186032.06
-707589.46 -186769.30
-707502.61 -186976.26
-706968.35 -187713.67
-706881.52 -187920.58
-706346.73 -188658.74
-706266.86 -188848.91
-705224.45 -190299.67
-704538.77 -191331.71
-703517.89 -192256.64
-703355.32 -192473.86
-702528.78 -193222.71
-702366.16 -193440.02
-701539.39 -194189.07
-701376.88 -194406.22
-700550.27 -195155.13
-700387.78 -195372.26
-699560.44 -196121.84
-699402.79 -196332.42
-698308.64 -197327.04
-697417.26 -198353.22
-695303.64 -199584.04
-695019.28 -199809.40
-693715.90 -200568.38
-693431.66 -200793.65
-692127.73 -201552.97
-691843.61 -201778.13
-690555.31 -202528.21
-690121.83 -202874.21
-688560.93 -203708.53
-685765.61 -204900.79
-685707.02 -204920.07
-685707.02 -209773.70
30.00