-411183.10 -132735.95
-411183.10 -133229.64
-411466.10 -133883.08
-411584.01 -134202.28
-411869.92 -134847.09
-411987.83 -135166.29
-412273.73 -135811.09
-412391.82 -136130.90
-412680.53 -136772.89
-412802.32 -137053.23
-413089.20 -137600.05
-413208.09 -137873.73
-413494.98 -138420.56
-413613.74 -138693.91
-413910.82 -139262.16
-414047.95 -139512.26
-414341.19 -139922.38
-414462.55 -140130.90
-414751.91 -140535.60
-414873.27 -140744.13
-415162.64 -141148.84
-415284.00 -141357.36
-415573.37 -141762.07
-415694.50 -141970.18
-415994.91 -142391.31
-416134.89 -142609.55
-416431.11 -142966.67
-416553.98 -143150.81
-416844.81 -143501.43
-416968.36 -143686.63
-417266.22 -144044.10
-417396.09 -144230.84
-417687.47 -144566.47
-417810.94 -144744.01
-418137.65 -145120.14
-418285.19 -145298.29
-418530.30 -145551.11
-418759.59 -145788.73
-419013.09 -146030.49
-419138.72 -146183.18
-419432.35 -146463.22
-419557.99 -146615.92
-419851.65 -146895.99
-419977.21 -147048.59
-420272.84 -147330.62
-420376.79 -147456.12
-420637.72 -147725.51
-420894.01 -147986.56
-421148.65 -148213.77
-421275.15 -148358.87
-421569.34 -148621.38
-421698.47 -148769.61
-422019.22 -149053.47
-422138.59 -149181.21
-422411.85 -149428.47
-422657.05 -149651.69
-422882.97 -149839.40
-423011.87 -149978.53
-423334.71 -150245.70
-423451.16 -150363.69
-423736.20 -150606.53
-423988.13 -150822.64
-424204.26 -150991.13
-424320.35 -151109.46
-424649.94 -151374.03
-424914.85 -151585.48
-425119.50 -151733.04
-425248.53 -151856.68
-425552.14 -152075.76
-425698.52 -152214.39
-426075.56 -152476.63
-426345.29 -152666.05
-426539.77 -152788.04
-426619.45 -152855.39
-426939.92 -153078.27
-427212.69 -153269.82
-427401.15 -153388.05
-427477.92 -153452.92
-427804.20 -153679.86
-428080.15 -153873.65
-428262.47 -153988.01
-428336.33 -154050.44
-428668.57 -154281.50
-428947.55 -154477.41
-429123.86 -154588.02
-429194.81 -154647.97
-429532.84 -154883.08
-429815.01 -155081.24
-429985.25 -155188.03
-430053.25 -155245.49
-430397.16 -155484.70
-430682.41 -155685.01
-430846.56 -155787.98
-430911.77 -155843.09
-431260.49 -156085.60
-431561.16 -156297.08
-431805.26 -156447.43
-431939.74 -156549.33
-432313.62 -156778.92
-432556.29 -156928.46
-432800.89 -157073.68
-433113.42 -157259.61
-433249.78 -157330.70
-433301.04 -157368.12
-433681.83 -157591.74
-433988.45 -157774.56
-434158.78 -157863.51
-434263.23 -157936.46
-434688.21 -158167.80
-434909.15 -158288.10
-435118.70 -158402.02
-435437.04 -158577.61
-435554.00 -158633.58
-435633.29 -158687.63
-436094.53 -158925.73
-436316.45 -159040.30
-436525.28 -159147.93
-436852.90 -159319.50
-436953.15 -159364.67
-436984.38 -159385.09
-437418.42 -159609.13
-437640.31 -159723.69
-437848.61 -159831.05
-438181.82 -160005.54
-438271.59 -160046.00
-438297.39 -160062.86
-438742.22 -160292.49
-438964.15 -160407.07
-439172.87 -160514.66
-439503.21 -160687.45
-439697.14 -160775.74
-439872.38 -160878.34
-440379.45 -161098.66
-440602.65 -161195.63
-440825.37 -161292.38
-441050.40 -161390.19
-441256.94 -161479.72
-441615.81 -161638.56
-441680.79 -161662.58
-441697.04 -161671.70
-442189.77 -161882.81
-442413.06 -161978.46
-442635.94 -162073.95
-442861.25 -162170.51
-443068.30 -162259.02
-443423.06 -162413.67
-443611.18 -162483.15
-443813.23 -162582.10
-444384.45 -162777.60
-444610.48 -162854.97
-444836.66 -162932.38
-445062.59 -163009.70
-445288.60 -163087.07
-445514.85 -163164.50
-445740.34 -163241.67
-445969.48 -163320.15
-446172.52 -163389.39
-446566.19 -163527.69
-446911.90 -163623.87
-447237.38 -163734.01
-447824.78 -163859.33
-448055.69 -163908.60
-448286.37 -163957.81
-448517.03 -164007.02
-448747.68 -164056.23
-448978.39 -164105.46
-449208.64 -164154.57
-449441.81 -164204.35
-449656.59 -164249.99
-449986.27 -164322.06
-450369.35 -164391.39
-450659.14 -164440.92
-450763.07 -164457.88
-451145.80 -164538.47
-451602.42 -164591.97
-475588.96 -168664.94
-475589.74 -168665.07
-477441.55 -168979.51
-477447.43 -168980.51
-480425.09 -169486.12
-480484.67 -169496.24
-481333.97 -169640.45
-484089.77 -170108.39
-484282.80 -170141.17
-492080.55 -171465.25
-492081.51 -171465.41
-496236.47 -172170.93
-496283.59 -172178.93
-497654.53 -172411.72
-497654.94 -172411.79
-511596.13 -174779.03
-511600.33 -174779.75
-520653.48 -176316.99
-525299.03 -177105.81
-525300.24 -177106.02
-529701.20 -177853.31
-529701.20 -178308.95
-529728.93 -178308.95
-529728.93 -178379.95
-529701.20 -178379.95
-529701.20 -178404.45
31.00