-407204.10 -124131.95
-407204.10 -124678.54
-407319.10 -125077.16
-407604.02 -125905.36
-407721.35 -126293.87
-408006.85 -127036.81
-408124.23 -127402.13
-408410.65 -128135.85
-408529.41 -128469.54
-408815.13 -129139.09
-408932.85 -129469.84
-409218.56 -130139.39
-409336.28 -130470.14
-409622.00 -131139.67
-409739.72 -131470.43
-410025.44 -132139.97
-410143.16 -132470.72
-410428.86 -133140.23
-410547.15 -133472.72
-410834.53 -134136.27
-410953.46 -134458.23
-411239.37 -135103.04
-411357.28 -135422.24
-411643.17 -136067.01
-411761.88 -136388.49
-412058.42 -137047.88
-412188.41 -137347.13
-412475.30 -137893.95
-412594.19 -138167.63
-412881.09 -138714.47
-412999.65 -138987.36
-413311.17 -139583.25
-413471.05 -139874.85
-413769.36 -140292.06
-413890.72 -140500.58
-414180.08 -140905.28
-414301.45 -141113.81
-414590.82 -141518.53
-414712.18 -141727.04
-415001.56 -142131.77
-415122.50 -142339.54
-415431.45 -142772.65
-415584.83 -143011.78
-415884.99 -143373.65
-416007.87 -143557.79
-416298.67 -143908.38
-416422.63 -144094.21
-416724.72 -144456.76
-416858.54 -144649.17
-417149.91 -144984.79
-417273.43 -145162.41
-417618.91 -145560.14
-417778.33 -145752.64
-418041.41 -146023.98
-418279.95 -146271.19
-418513.95 -146494.36
-418639.58 -146647.04
-418933.21 -146927.09
-419058.85 -147079.79
-419352.51 -147359.86
-419478.04 -147512.42
-419774.47 -147795.22
-419869.84 -147910.35
-420150.75 -148200.38
-420424.40 -148479.10
-420663.98 -148692.88
-420790.48 -148837.99
-421084.58 -149100.40
-421214.62 -149249.69
-421544.29 -149541.43
-421661.08 -149666.43
-421954.73 -149932.13
-422210.54 -150165.01
-422414.17 -150334.20
-422543.52 -150473.82
-422874.68 -150747.88
-422987.70 -150862.39
-423294.23 -151123.54
-423557.38 -151349.26
-423750.40 -151499.74
-423863.09 -151614.61
-424224.89 -151905.04
-424503.55 -152127.45
-424683.18 -152256.98
-424812.14 -152380.55
-425117.36 -152600.79
-425268.05 -152743.50
-425685.92 -153034.14
-425968.87 -153232.84
-426137.51 -153338.63
-426204.83 -153395.52
-426550.29 -153635.79
-426836.26 -153836.61
-426998.91 -153938.64
-427063.31 -153993.06
-427414.56 -154237.37
-427703.73 -154440.44
-427860.22 -154538.60
-427921.71 -154590.57
-428278.94 -154839.02
-428571.12 -155044.20
-428721.62 -155138.61
-428780.19 -155188.11
-429143.20 -155440.59
-429438.59 -155648.03
-429583.01 -155738.63
-429638.64 -155785.63
-430007.53 -156042.21
-430305.98 -156251.80
-430444.31 -156338.57
-430497.17 -156383.24
-430870.67 -156642.99
-431186.81 -156865.34
-431420.61 -157009.35
-431555.47 -157111.54
-431957.25 -157358.25
-432204.23 -157510.45
-432453.40 -157658.39
-432782.06 -157853.91
-432890.00 -157910.19
-432927.36 -157937.47
-433335.45 -158177.11
-433656.60 -158368.59
-433805.16 -158446.18
-433904.79 -158515.76
-434362.98 -158765.18
-434584.10 -158885.57
-434792.01 -158998.60
-435125.73 -159182.67
-435213.67 -159224.76
-435284.43 -159272.99
-435782.52 -159530.12
-436004.63 -159644.78
-436211.70 -159751.51
-436555.15 -159931.36
-436625.33 -159962.98
-436641.37 -159973.48
-437106.41 -160213.51
-437328.48 -160328.17
-437535.03 -160434.63
-437884.07 -160617.41
-437943.78 -160644.32
-437954.38 -160651.25
-438430.21 -160896.87
-438652.31 -161011.55
-438859.41 -161118.30
-439204.45 -161298.78
-439383.58 -161380.32
-439563.92 -161485.91
-440108.41 -161722.50
-440331.63 -161819.47
-440554.30 -161916.21
-440779.59 -162014.12
-440984.03 -162102.74
-441360.02 -162269.16
-441394.63 -162281.95
-441395.75 -162282.58
-441921.92 -162508.02
-442145.21 -162603.67
-442368.05 -162699.15
-442593.61 -162795.81
-442798.71 -162883.49
-443169.13 -163044.96
-443343.09 -163109.21
-443552.51 -163211.77
-444164.19 -163421.12
-444390.22 -163498.49
-444616.42 -163575.91
-444842.33 -163653.22
-445068.34 -163730.59
-445294.61 -163808.03
-445520.04 -163885.18
-445749.53 -163963.77
-445950.02 -164032.14
-446362.09 -164176.91
-446711.58 -164274.14
-447056.80 -164390.96
-447682.89 -164524.54
-447913.76 -164573.79
-448144.45 -164623.01
-448375.11 -164672.22
-448605.76 -164721.43
-448836.48 -164770.66
-449066.69 -164819.77
-449300.11 -164869.60
-449513.26 -164914.90
-449853.04 -164989.17
-450251.49 -165061.28
-450547.09 -165111.80
-450638.17 -165126.66
-451035.92 -165210.42
-451505.85 -165265.48
-475474.93 -169335.48
-475475.71 -169335.62
-477327.95 -169650.13
-477333.82 -169651.13
-480311.22 -170156.70
-480370.80 -170166.81
-481220.10 -170311.03
-483975.91 -170778.97
-484168.94 -170811.74
-491966.81 -172135.84
-491967.77 -172136.00
-496120.58 -172841.16
-496167.70 -172849.16
-497540.73 -173082.30
-497541.14 -173082.37
-511482.12 -175449.58
-511486.32 -175450.29
-520539.62 -176987.56
-525185.21 -177776.39
-525186.42 -177776.60
-527066.20 -178095.79
-527066.20 -178166.95
-527123.70 -178166.95
-527123.70 -178237.95
-527008.70 -178237.95
-527008.70 -178308.95
-527123.70 -178308.95
-527123.70 -178379.95
-527066.20 -178379.95
-527066.20 -178404.45
31.00