-29205.00 -33440.00
-34030.78 -33440.00
-34030.78 -33500.00
-33615.64 -34070.05
-32608.44 -35328.57
-31870.17 -36251.06
-31131.90 -37173.56
-30393.62 -38096.06
-29655.38 -39018.51
-28915.20 -39943.90
-28138.15 -40882.49
-28057.56 -40967.68
-25957.00 -42785.76
-24879.92 -43718.38
-23794.11 -44640.03
-22054.78 -46021.57
-22054.62 -46021.69
-21801.98 -46222.42
-21801.44 -46222.89
-21546.04 -46425.27
-21024.16 -46850.57
-21011.53 -46860.54
-20999.69 -46869.35
-20976.74 -46886.04
-20951.11 -46902.20
-20944.94 -46905.95
-20268.52 -47315.20
-20268.52 -55615.95
30.00