-27415.00 -35400.00
-27415.00 -35744.15
-27180.00 -36009.04
-26929.89 -36290.97
-26679.79 -36572.88
-26179.55 -37136.76
-25929.65 -37418.38
-25675.78 -37705.73
-25399.65 -37997.63
-25064.81 -38263.59
-24855.78 -38429.62
-24602.84 -38630.54
-24345.57 -38834.88
-24087.89 -39039.56
-23830.22 -39244.22
-23572.54 -39448.90
-23314.86 -39653.57
-23057.21 -39858.22
-22799.52 -40062.91
-20995.86 -41495.55
-20738.13 -41700.26
-20480.43 -41904.95
-20222.75 -42109.62
-19965.08 -42314.29
-19707.40 -42518.96
-19449.82 -42723.55
-19191.28 -42928.97
-18942.91 -43125.76
-18588.66 -43414.46
-18159.34 -43674.21
-17844.32 -43842.42
-17577.58 -43984.85
-17310.81 -44127.30
-17044.07 -44269.71
-16777.37 -44412.12
-16510.64 -44554.54
-16243.87 -44696.99
-15977.14 -44839.40
-15710.44 -44981.81
-15443.67 -45124.26
-15176.93 -45266.68
-14910.23 -45409.08
-14643.50 -45551.51
-14376.73 -45693.96
-14110.00 -45836.37
-13843.30 -45978.78
-13576.57 -46121.20
-13309.79 -46263.65
-13043.05 -46406.07
-12776.36 -46548.47
-12509.64 -46690.89
-12242.85 -46833.35
-11976.12 -46975.76
-11709.35 -47118.21
-11443.29 -47260.26
-11171.08 -47405.76
-10945.91 -47524.98
-10384.67 -47843.82
-9725.38 -48051.57
-9442.43 -48139.72
-9165.28 -48226.08
-8888.13 -48312.42
-8610.98 -48398.78
-8333.84 -48485.12
-8056.68 -48571.48
-7779.53 -48657.82
-7502.38 -48744.17
-7225.23 -48830.51
-6948.08 -48916.87
-6670.93 -49003.21
-6393.79 -49089.56
-6116.63 -49175.91
-5562.33 -49348.61
-5411.06 -49395.74
-5411.06 -55615.95
30.00