-576182.50 -157719.35
-576182.50 -157743.87
-576381.49 -157777.66
-576845.98 -157856.53
-579633.73 -158329.90
-580098.32 -158408.79
-581840.82 -158704.67
-583960.36 -159064.57
-584279.97 -159118.84
-584280.09 -159118.86
-584744.38 -159197.69
-585208.97 -159276.58
-586603.06 -159513.30
-586603.14 -159513.32
-587067.40 -159592.15
-587531.99 -159671.04
-587764.30 -159710.48
-588228.90 -159789.37
-588692.20 -159868.04
-588692.24 -159868.05
-591666.87 -160373.15
-591849.00 -160404.07
-613623.57 -164101.44
-616974.75 -164670.48
-618429.16 -164917.44
-618429.28 -164917.46
-618892.78 -164996.17
-619980.15 -165180.80
-623538.81 -165785.07
-624668.17 -165976.84
-625179.29 -166063.63
-627129.92 -166394.85
-630043.53 -166889.59
-630043.63 -166889.60
-636651.20 -168011.58
-636651.20 -168155.95
-636593.70 -168155.95
-636593.70 -168226.95
-636708.70 -168226.95
-636708.70 -168297.95
-636593.70 -168297.95
-636593.70 -168368.95
-636708.70 -168368.95
-636708.70 -168439.95
-636593.70 -168439.95
-636593.70 -168510.95
-636708.70 -168510.95
-636708.70 -168581.95
-636593.70 -168581.95
-636593.70 -168652.95
-636708.70 -168652.95
-636708.70 -168723.95
-636593.70 -168723.95
-636593.70 -168794.95
-636708.70 -168794.95
-636708.70 -168865.95
-636593.70 -168865.95
-636593.70 -168936.95
-636708.70 -168936.95
-636708.70 -169007.95
-636593.70 -169007.95
-636593.70 -169078.95
-636708.70 -169078.95
-636708.70 -169149.95
-636593.70 -169149.95
-636593.70 -169220.95
-636708.70 -169220.95
-636708.70 -169291.95
-636593.70 -169291.95
-636593.70 -169362.95
-636708.70 -169362.95
-636708.70 -169433.95
-636593.70 -169433.95
-636593.70 -169504.95
-636708.70 -169504.95
-636708.70 -169575.95
-636593.70 -169575.95
-636593.70 -169646.95
-636708.70 -169646.95
-636708.70 -169717.95
-636593.70 -169717.95
-636593.70 -169788.95
-636708.70 -169788.95
-636708.70 -169859.95
-636593.70 -169859.95
-636593.70 -169930.95
-636708.70 -169930.95
-636708.70 -170001.95
-636593.70 -170001.95
-636593.70 -170072.95
-636708.70 -170072.95
-636708.70 -170143.95
-636593.70 -170143.95
-636593.70 -170214.95
-636708.70 -170214.95
-636708.70 -170285.95
-636593.70 -170285.95
-636593.70 -170356.95
-636708.70 -170356.95
-636708.70 -170427.95
-636593.70 -170427.95
-636593.70 -170498.95
-636708.70 -170498.95
-636708.70 -170569.95
-636593.70 -170569.95
-636593.70 -170640.95
-636708.70 -170640.95
-636708.70 -170711.95
-636593.70 -170711.95
-636593.70 -170782.95
-636708.70 -170782.95
-636708.70 -170853.95
-636593.70 -170853.95
-636593.70 -170924.95
-636708.70 -170924.95
-636708.70 -170995.95
-636593.70 -170995.95
-636593.70 -171066.95
-636708.70 -171066.95
-636708.70 -171137.95
-636593.70 -171137.95
-636593.70 -171208.95
-636708.70 -171208.95
-636708.70 -171279.95
-636593.70 -171279.95
-636593.70 -171350.95
-636708.70 -171350.95
-636708.70 -171421.95
-636593.70 -171421.95
-636593.70 -171492.95
-636708.70 -171492.95
-636708.70 -171563.95
-636593.70 -171563.95
-636593.70 -171634.95
-636708.70 -171634.95
-636708.70 -171705.95
-636593.70 -171705.95
-636593.70 -171776.95
-636708.70 -171776.95
-636708.70 -171847.95
-636593.70 -171847.95
-636593.70 -171918.95
-636708.70 -171918.95
-636708.70 -171989.95
-636593.70 -171989.95
-636593.70 -172060.95
-636708.70 -172060.95
-636708.70 -172131.95
-636593.70 -172131.95
-636593.70 -172202.95
-636708.70 -172202.95
-636708.70 -172273.95
-636593.70 -172273.95
-636593.70 -172344.95
-636708.70 -172344.95
-636708.70 -172415.95
-636593.70 -172415.95
-636593.70 -172486.95
-636708.70 -172486.95
-636708.70 -172557.95
-636593.70 -172557.95
-636593.70 -172628.95
-636708.70 -172628.95
-636708.70 -172699.95
-636593.70 -172699.95
-636593.70 -172770.95
-636708.70 -172770.95
-636708.70 -172841.95
-636593.70 -172841.95
-636593.70 -172912.95
-636708.70 -172912.95
-636708.70 -172983.95
-636593.70 -172983.95
-636593.70 -173054.95
-636708.70 -173054.95
-636708.70 -173125.95
-636593.70 -173125.95
-636593.70 -173196.95
-636708.70 -173196.95
-636708.70 -173267.95
-636593.70 -173267.95
-636593.70 -173338.95
-636708.70 -173338.95
-636708.70 -173409.95
-636593.70 -173409.95
-636593.70 -173480.95
-636708.70 -173480.95
-636708.70 -173551.95
-636593.70 -173551.95
-636593.70 -173622.95
-636708.70 -173622.95
-636708.70 -173693.95
-636593.70 -173693.95
-636593.70 -173764.95
-636708.70 -173764.95
-636708.70 -173835.95
-636593.70 -173835.95
-636593.70 -173906.95
-636708.70 -173906.95
-636708.70 -173977.95
-636593.70 -173977.95
-636593.70 -174048.95
-636708.70 -174048.95
-636708.70 -174119.95
-636593.70 -174119.95
-636593.70 -174190.95
-636708.70 -174190.95
-636708.70 -174261.95
-636593.70 -174261.95
-636593.70 -174332.95
-636708.70 -174332.95
-636708.70 -174403.95
-636593.70 -174403.95
-636593.70 -174474.95
-636708.70 -174474.95
-636708.70 -174545.95
-636593.70 -174545.95
-636593.70 -174616.95
-636708.70 -174616.95
-636708.70 -174687.95
-636593.70 -174687.95
-636593.70 -174758.95
-636708.70 -174758.95
-636708.70 -174829.95
-636593.70 -174829.95
-636593.70 -174900.95
-636708.70 -174900.95
-636708.70 -174971.95
-636593.70 -174971.95
-636593.70 -175042.95
-636708.70 -175042.95
-636708.70 -175113.95
-636593.70 -175113.95
-636593.70 -175184.95
-636708.70 -175184.95
-636708.70 -175255.95
-636593.70 -175255.95
-636593.70 -175326.95
-636708.70 -175326.95
-636708.70 -175397.95
-636593.70 -175397.95
-636593.70 -175468.95
-636708.70 -175468.95
-636708.70 -175539.95
-636593.70 -175539.95
-636593.70 -175610.95
-636708.70 -175610.95
-636708.70 -175681.95
-636593.70 -175681.95
-636593.70 -175752.95
-636708.70 -175752.95
-636708.70 -175823.95
-636593.70 -175823.95
-636593.70 -175894.95
-636708.70 -175894.95
-636708.70 -175965.95
-636593.70 -175965.95
-636593.70 -176036.95
-636708.70 -176036.95
-636708.70 -176107.95
-636593.70 -176107.95
-636593.70 -176178.95
-636708.70 -176178.95
-636708.70 -176249.95
-636593.70 -176249.95
-636593.70 -176320.95
-636708.70 -176320.95
-636708.70 -176391.95
-636593.70 -176391.95
-636593.70 -176462.95
-636708.70 -176462.95
-636708.70 -176533.95
-636593.70 -176533.95
-636593.70 -176604.95
-636708.70 -176604.95
-636708.70 -176675.95
-636593.70 -176675.95
-636593.70 -176746.95
-636708.70 -176746.95
-636708.70 -176817.95
-636593.70 -176817.95
-636593.70 -176888.95
-636708.70 -176888.95
-636708.70 -176959.95
-636593.70 -176959.95
-636593.70 -177030.95
-636708.70 -177030.95
-636708.70 -177101.95
-636593.70 -177101.95
-636593.70 -177172.95
-636708.70 -177172.95
-636708.70 -177243.95
-636593.70 -177243.95
-636593.70 -177314.95
-636708.70 -177314.95
-636708.70 -177385.95
-636593.70 -177385.95
-636593.70 -177456.95
-636708.70 -177456.95
-636708.70 -177527.95
-636593.70 -177527.95
-636593.70 -177598.95
-636708.70 -177598.95
-636708.70 -177669.95
-636593.70 -177669.95
-636593.70 -177740.95
-636708.70 -177740.95
-636708.70 -177811.95
-636593.70 -177811.95
-636593.70 -177882.95
-636708.70 -177882.95
-636708.70 -177953.95
-636593.70 -177953.95
-636593.70 -178024.95
-636708.70 -178024.95
-636708.70 -178095.95
-636593.70 -178095.95
-636593.70 -178166.95
-636708.70 -178166.95
-636708.70 -178237.95
-636593.70 -178237.95
-636593.70 -178308.95
-636708.70 -178308.95
-636708.70 -178379.95
-636651.20 -178379.95
-636651.20 -178404.45
31.00