-481299.50 -157719.35
-481299.50 -157743.87
-481498.49 -157777.66
-481900.59 -157845.94
-484518.43 -158290.45
-484983.02 -158369.34
-485215.33 -158408.79
-486344.68 -158600.55
-487423.17 -158783.68
-488625.10 -158987.77
-491588.59 -159490.98
-492578.54 -159659.07
-494042.45 -159907.65
-494042.89 -159907.73
-498223.44 -160617.59
-498234.39 -160619.45
-499617.51 -160854.31
-499618.21 -160854.43
-505025.30 -161772.56
-508229.71 -162316.68
-513552.42 -163220.48
-513559.14 -163221.62
-513562.51 -163222.20
-522615.97 -164759.49
-527261.35 -165548.29
-527262.30 -165548.45
-532604.71 -166455.60
-532605.11 -166455.67
-552815.29 -169887.40
-552815.78 -169887.48
-555444.83 -170333.90
-555935.41 -170417.20
-563498.49 -171701.43
-563503.48 -171702.28
-570833.49 -172946.93
-575116.20 -173674.14
-575116.20 -173764.95
-575142.14 -173764.95
-575142.14 -173835.95
-575058.70 -173835.95
-575058.70 -173906.95
-575173.70 -173906.95
-575173.70 -173977.95
-575058.70 -173977.95
-575058.70 -174048.95
-575173.70 -174048.95
-575173.70 -174119.95
-575058.70 -174119.95
-575058.70 -174190.95
-575173.70 -174190.95
-575173.70 -174261.95
-575058.70 -174261.95
-575058.70 -174332.95
-575173.70 -174332.95
-575173.70 -174403.95
-575058.70 -174403.95
-575058.70 -174474.95
-575173.70 -174474.95
-575173.70 -174545.95
-575058.70 -174545.95
-575058.70 -174616.95
-575173.70 -174616.95
-575173.70 -174687.95
-575058.70 -174687.95
-575058.70 -174758.95
-575173.70 -174758.95
-575173.70 -174829.95
-575058.70 -174829.95
-575058.70 -174900.95
-575173.70 -174900.95
-575173.70 -174971.95
-575058.70 -174971.95
-575058.70 -175042.95
-575173.70 -175042.95
-575173.70 -175113.95
-575058.70 -175113.95
-575058.70 -175184.95
-575173.70 -175184.95
-575173.70 -175255.95
-575058.70 -175255.95
-575058.70 -175326.95
-575173.70 -175326.95
-575173.70 -175397.95
-575058.70 -175397.95
-575058.70 -175468.95
-575173.70 -175468.95
-575173.70 -175539.95
-575058.70 -175539.95
-575058.70 -175610.95
-575173.70 -175610.95
-575173.70 -175681.95
-575058.70 -175681.95
-575058.70 -175752.95
-575173.70 -175752.95
-575173.70 -175823.95
-575058.70 -175823.95
-575058.70 -175894.95
-575173.70 -175894.95
-575173.70 -175965.95
-575058.70 -175965.95
-575058.70 -176036.95
-575173.70 -176036.95
-575173.70 -176107.95
-575058.70 -176107.95
-575058.70 -176178.95
-575173.70 -176178.95
-575173.70 -176249.95
-575058.70 -176249.95
-575058.70 -176320.95
-575173.70 -176320.95
-575173.70 -176391.95
-575058.70 -176391.95
-575058.70 -176462.95
-575173.70 -176462.95
-575173.70 -176533.95
-575058.70 -176533.95
-575058.70 -176604.95
-575173.70 -176604.95
-575173.70 -176675.95
-575058.70 -176675.95
-575058.70 -176746.95
-575173.70 -176746.95
-575173.70 -176817.95
-575058.70 -176817.95
-575058.70 -176888.95
-575173.70 -176888.95
-575173.70 -176959.95
-575058.70 -176959.95
-575058.70 -177030.95
-575173.70 -177030.95
-575173.70 -177101.95
-575058.70 -177101.95
-575058.70 -177172.95
-575173.70 -177172.95
-575173.70 -177243.95
-575058.70 -177243.95
-575058.70 -177314.95
-575173.70 -177314.95
-575173.70 -177385.95
-575058.70 -177385.95
-575058.70 -177456.95
-575173.70 -177456.95
-575173.70 -177527.95
-575058.70 -177527.95
-575058.70 -177598.95
-575173.70 -177598.95
-575173.70 -177669.95
-575058.70 -177669.95
-575058.70 -177740.95
-575173.70 -177740.95
-575173.70 -177811.95
-575058.70 -177811.95
-575058.70 -177882.95
-575173.70 -177882.95
-575173.70 -177953.95
-575058.70 -177953.95
-575058.70 -178024.95
-575173.70 -178024.95
-575173.70 -178095.95
-575058.70 -178095.95
-575058.70 -178166.95
-575173.70 -178166.95
-575173.70 -178237.95
-575058.70 -178237.95
-575058.70 -178308.95
-575173.70 -178308.95
-575173.70 -178379.95
-575116.20 -178379.95
-575116.20 -178404.45
31.00