-620397.50 -157719.35
-620397.50 -157743.87
-620596.49 -157777.66
-621770.40 -157976.99
-622016.99 -158018.86
-622454.92 -158093.22
-622454.96 -158093.23
-624313.33 -158408.79
-624777.93 -158487.68
-625907.28 -158679.44
-626418.40 -158766.23
-628369.03 -159097.45
-631282.63 -159592.19
-631282.71 -159592.20
-633462.31 -159962.30
-633499.93 -159968.69
-637271.36 -160609.09
-640661.19 -161184.69
-658262.79 -164173.48
-663033.57 -164983.56
-665326.20 -165372.86
-665326.20 -165528.95
-665383.70 -165528.95
-665383.70 -165599.95
-665268.70 -165599.95
-665268.70 -165670.95
-665383.70 -165670.95
-665383.70 -165741.95
-665268.70 -165741.95
-665268.70 -165812.95
-665383.70 -165812.95
-665383.70 -165883.95
-665268.70 -165883.95
-665268.70 -165954.95
-665383.70 -165954.95
-665383.70 -166025.95
-665268.70 -166025.95
-665268.70 -166096.95
-665383.70 -166096.95
-665383.70 -166167.95
-665268.70 -166167.95
-665268.70 -166238.95
-665383.70 -166238.95
-665383.70 -166309.95
-665268.70 -166309.95
-665268.70 -166380.95
-665383.70 -166380.95
-665383.70 -166451.95
-665268.70 -166451.95
-665268.70 -166522.95
-665383.70 -166522.95
-665383.70 -166593.95
-665268.70 -166593.95
-665268.70 -166664.95
-665383.70 -166664.95
-665383.70 -166735.95
-665268.70 -166735.95
-665268.70 -166806.95
-665383.70 -166806.95
-665383.70 -166877.95
-665268.70 -166877.95
-665268.70 -166948.95
-665383.70 -166948.95
-665383.70 -167019.95
-665268.70 -167019.95
-665268.70 -167090.95
-665383.70 -167090.95
-665383.70 -167161.95
-665268.70 -167161.95
-665268.70 -167232.95
-665383.70 -167232.95
-665383.70 -167303.95
-665268.70 -167303.95
-665268.70 -167374.95
-665383.70 -167374.95
-665383.70 -167445.95
-665268.70 -167445.95
-665268.70 -167516.95
-665383.70 -167516.95
-665383.70 -167587.95
-665268.70 -167587.95
-665268.70 -167658.95
-665383.70 -167658.95
-665383.70 -167729.95
-665268.70 -167729.95
-665268.70 -167800.95
-665383.70 -167800.95
-665383.70 -167871.95
-665268.70 -167871.95
-665268.70 -167942.95
-665383.70 -167942.95
-665383.70 -168013.95
-665268.70 -168013.95
-665268.70 -168084.95
-665383.70 -168084.95
-665383.70 -168155.95
-665268.70 -168155.95
-665268.70 -168226.95
-665383.70 -168226.95
-665383.70 -168297.95
-665268.70 -168297.95
-665268.70 -168368.95
-665383.70 -168368.95
-665383.70 -168439.95
-665268.70 -168439.95
-665268.70 -168510.95
-665383.70 -168510.95
-665383.70 -168581.95
-665268.70 -168581.95
-665268.70 -168652.95
-665383.70 -168652.95
-665383.70 -168723.95
-665268.70 -168723.95
-665268.70 -168794.95
-665383.70 -168794.95
-665383.70 -168865.95
-665268.70 -168865.95
-665268.70 -168936.95
-665383.70 -168936.95
-665383.70 -169007.95
-665268.70 -169007.95
-665268.70 -169078.95
-665383.70 -169078.95
-665383.70 -169149.95
-665268.70 -169149.95
-665268.70 -169220.95
-665383.70 -169220.95
-665383.70 -169291.95
-665268.70 -169291.95
-665268.70 -169362.95
-665383.70 -169362.95
-665383.70 -169433.95
-665268.70 -169433.95
-665268.70 -169504.95
-665383.70 -169504.95
-665383.70 -169575.95
-665268.70 -169575.95
-665268.70 -169646.95
-665383.70 -169646.95
-665383.70 -169717.95
-665268.70 -169717.95
-665268.70 -169788.95
-665383.70 -169788.95
-665383.70 -169859.95
-665268.70 -169859.95
-665268.70 -169930.95
-665383.70 -169930.95
-665383.70 -170001.95
-665268.70 -170001.95
-665268.70 -170072.95
-665383.70 -170072.95
-665383.70 -170143.95
-665268.70 -170143.95
-665268.70 -170214.95
-665383.70 -170214.95
-665383.70 -170285.95
-665268.70 -170285.95
-665268.70 -170356.95
-665383.70 -170356.95
-665383.70 -170427.95
-665268.70 -170427.95
-665268.70 -170498.95
-665383.70 -170498.95
-665383.70 -170569.95
-665268.70 -170569.95
-665268.70 -170640.95
-665383.70 -170640.95
-665383.70 -170711.95
-665268.70 -170711.95
-665268.70 -170782.95
-665383.70 -170782.95
-665383.70 -170853.95
-665268.70 -170853.95
-665268.70 -170924.95
-665383.70 -170924.95
-665383.70 -170995.95
-665268.70 -170995.95
-665268.70 -171066.95
-665383.70 -171066.95
-665383.70 -171137.95
-665268.70 -171137.95
-665268.70 -171208.95
-665383.70 -171208.95
-665383.70 -171279.95
-665268.70 -171279.95
-665268.70 -171350.95
-665383.70 -171350.95
-665383.70 -171421.95
-665268.70 -171421.95
-665268.70 -171492.95
-665383.70 -171492.95
-665383.70 -171563.95
-665268.70 -171563.95
-665268.70 -171634.95
-665383.70 -171634.95
-665383.70 -171705.95
-665268.70 -171705.95
-665268.70 -171776.95
-665383.70 -171776.95
-665383.70 -171847.95
-665268.70 -171847.95
-665268.70 -171918.95
-665383.70 -171918.95
-665383.70 -171989.95
-665268.70 -171989.95
-665268.70 -172060.95
-665383.70 -172060.95
-665383.70 -172131.95
-665268.70 -172131.95
-665268.70 -172202.95
-665383.70 -172202.95
-665383.70 -172273.95
-665268.70 -172273.95
-665268.70 -172344.95
-665383.70 -172344.95
-665383.70 -172415.95
-665268.70 -172415.95
-665268.70 -172486.95
-665383.70 -172486.95
-665383.70 -172557.95
-665268.70 -172557.95
-665268.70 -172628.95
-665383.70 -172628.95
-665383.70 -172699.95
-665268.70 -172699.95
-665268.70 -172770.95
-665383.70 -172770.95
-665383.70 -172841.95
-665268.70 -172841.95
-665268.70 -172912.95
-665383.70 -172912.95
-665383.70 -172983.95
-665268.70 -172983.95
-665268.70 -173054.95
-665383.70 -173054.95
-665383.70 -173125.95
-665268.70 -173125.95
-665268.70 -173196.95
-665383.70 -173196.95
-665383.70 -173267.95
-665268.70 -173267.95
-665268.70 -173338.95
-665383.70 -173338.95
-665383.70 -173409.95
-665268.70 -173409.95
-665268.70 -173480.95
-665383.70 -173480.95
-665383.70 -173551.95
-665268.70 -173551.95
-665268.70 -173622.95
-665383.70 -173622.95
-665383.70 -173693.95
-665268.70 -173693.95
-665268.70 -173764.95
-665383.70 -173764.95
-665383.70 -173835.95
-665268.70 -173835.95
-665268.70 -173906.95
-665383.70 -173906.95
-665383.70 -173977.95
-665268.70 -173977.95
-665268.70 -174048.95
-665383.70 -174048.95
-665383.70 -174119.95
-665268.70 -174119.95
-665268.70 -174190.95
-665383.70 -174190.95
-665383.70 -174261.95
-665268.70 -174261.95
-665268.70 -174332.95
-665383.70 -174332.95
-665383.70 -174403.95
-665268.70 -174403.95
-665268.70 -174474.95
-665383.70 -174474.95
-665383.70 -174545.95
-665268.70 -174545.95
-665268.70 -174616.95
-665383.70 -174616.95
-665383.70 -174687.95
-665268.70 -174687.95
-665268.70 -174758.95
-665383.70 -174758.95
-665383.70 -174829.95
-665268.70 -174829.95
-665268.70 -174900.95
-665383.70 -174900.95
-665383.70 -174971.95
-665268.70 -174971.95
-665268.70 -175042.95
-665383.70 -175042.95
-665383.70 -175113.95
-665268.70 -175113.95
-665268.70 -175184.95
-665383.70 -175184.95
-665383.70 -175255.95
-665268.70 -175255.95
-665268.70 -175326.95
-665383.70 -175326.95
-665383.70 -175397.95
-665268.70 -175397.95
-665268.70 -175468.95
-665383.70 -175468.95
-665383.70 -175539.95
-665268.70 -175539.95
-665268.70 -175610.95
-665383.70 -175610.95
-665383.70 -175681.95
-665268.70 -175681.95
-665268.70 -175752.95
-665383.70 -175752.95
-665383.70 -175823.95
-665268.70 -175823.95
-665268.70 -175894.95
-665383.70 -175894.95
-665383.70 -175965.95
-665268.70 -175965.95
-665268.70 -176036.95
-665383.70 -176036.95
-665383.70 -176107.95
-665268.70 -176107.95
-665268.70 -176178.95
-665383.70 -176178.95
-665383.70 -176249.95
-665268.70 -176249.95
-665268.70 -176320.95
-665383.70 -176320.95
-665383.70 -176391.95
-665268.70 -176391.95
-665268.70 -176462.95
-665383.70 -176462.95
-665383.70 -176533.95
-665268.70 -176533.95
-665268.70 -176604.95
-665383.70 -176604.95
-665383.70 -176675.95
-665268.70 -176675.95
-665268.70 -176746.95
-665383.70 -176746.95
-665383.70 -176817.95
-665268.70 -176817.95
-665268.70 -176888.95
-665383.70 -176888.95
-665383.70 -176959.95
-665268.70 -176959.95
-665268.70 -177030.95
-665383.70 -177030.95
-665383.70 -177101.95
-665268.70 -177101.95
-665268.70 -177172.95
-665383.70 -177172.95
-665383.70 -177243.95
-665268.70 -177243.95
-665268.70 -177314.95
-665383.70 -177314.95
-665383.70 -177385.95
-665268.70 -177385.95
-665268.70 -177456.95
-665383.70 -177456.95
-665383.70 -177527.95
-665268.70 -177527.95
-665268.70 -177598.95
-665383.70 -177598.95
-665383.70 -177669.95
-665268.70 -177669.95
-665268.70 -177740.95
-665383.70 -177740.95
-665383.70 -177811.95
-665268.70 -177811.95
-665268.70 -177882.95
-665383.70 -177882.95
-665383.70 -177953.95
-665268.70 -177953.95
-665268.70 -178024.95
-665383.70 -178024.95
-665383.70 -178095.95
-665268.70 -178095.95
-665268.70 -178166.95
-665383.70 -178166.95
-665383.70 -178237.95
-665268.70 -178237.95
-665268.70 -178308.95
-665383.70 -178308.95
-665383.70 -178379.95
-665326.20 -178379.95
-665326.20 -178404.45
31.00