-1049312.30 -157113.95
-1049312.30 -157288.77
-1049113.30 -157355.77
-1048887.07 -157431.93
-1048660.83 -157508.11
-1048434.68 -157584.19
-1048207.60 -157661.05
-1047989.44 -157731.65
-1047865.94 -157785.80
-1047707.39 -157862.74
-1047287.36 -157971.12
-1047052.60 -158041.62
-1046808.61 -158094.86
-1046578.15 -158145.16
-1046347.67 -158195.45
-1046117.21 -158245.75
-1045886.70 -158296.05
-1045656.46 -158346.28
-1045411.43 -158399.94
-1045164.17 -158441.92
-1044931.87 -158481.36
-1044699.50 -158520.83
-1044467.65 -158560.15
-1044232.54 -158600.36
-1044018.19 -158635.20
-1043757.61 -158691.02
-1043355.47 -158730.09
-1041598.46 -159028.43
-1041398.82 -159062.33
-1040722.01 -159177.25
-1040484.91 -159217.51
-1040193.74 -159266.95
-1039147.19 -159444.66
-1039065.77 -159458.49
-1038821.62 -159499.94
-1037942.52 -159649.22
-1037212.95 -159773.10
-1024874.40 -161868.21
-1024425.12 -161944.50
-1024328.84 -161960.85
-1023517.67 -162098.59
-1022614.61 -162251.93
-1021834.44 -162384.40
-1020559.02 -162600.97
-1014463.32 -163636.03
-1008417.28 -164662.66
-1003913.23 -165427.46
-1001246.49 -165880.28
-1000261.43 -166047.54
-998511.58 -166344.67
-997597.87 -166499.82
-993476.22 -167199.69
-992020.32 -167446.90
-989453.52 -167882.75
-989350.10 -167900.31
-989347.79 -167900.70
-988857.23 -167984.00
-988126.96 -168108.00
-986510.88 -168382.42
-984511.10 -168721.98
-983882.76 -168828.68
-983342.12 -168920.48
-981082.61 -169304.15
-980081.84 -169474.08
-979579.19 -169559.43
-979346.05 -169599.02
-977971.46 -169832.43
-977107.41 -169979.15
-975834.41 -170195.30
-974853.10 -170361.93
-974485.79 -170424.30
-974271.02 -170460.77
-974021.18 -170503.19
-973806.42 -170539.66
-973556.58 -170582.08
-973341.81 -170618.55
-973091.97 -170660.97
-972877.21 -170697.44
-972627.37 -170739.87
-972412.60 -170776.33
-972162.76 -170818.76
-971948.00 -170855.22
-971698.16 -170897.65
-971483.40 -170934.11
-971233.56 -170976.54
-971018.79 -171013.01
-970768.95 -171055.43
-970323.02 -171131.15
-970298.77 -171135.27
-969602.49 -171253.50
-966925.61 -171708.04
-965169.84 -172006.17
-964631.38 -172097.60
-964605.37 -172102.02
-964580.70 -172106.21
-943396.20 -175703.38
-943396.20 -175894.95
-943453.70 -175894.95
-943453.70 -175965.95
-943338.70 -175965.95
-943338.70 -176036.95
-943453.70 -176036.95
-943453.70 -176107.95
-943338.70 -176107.95
-943338.70 -176178.95
-943453.70 -176178.95
-943453.70 -176249.95
-943338.70 -176249.95
-943338.70 -176320.95
-943453.70 -176320.95
-943453.70 -176391.95
-943338.70 -176391.95
-943338.70 -176462.95
-943453.70 -176462.95
-943453.70 -176533.95
-943338.70 -176533.95
-943338.70 -176604.95
-943453.70 -176604.95
-943453.70 -176675.95
-943338.70 -176675.95
-943338.70 -176746.95
-943453.70 -176746.95
-943453.70 -176817.95
-943338.70 -176817.95
-943338.70 -176888.95
-943453.70 -176888.95
-943453.70 -176959.95
-943338.70 -176959.95
-943338.70 -177030.95
-943453.70 -177030.95
-943453.70 -177101.95
-943338.70 -177101.95
-943338.70 -177172.95
-943453.70 -177172.95
-943453.70 -177243.95
-943338.70 -177243.95
-943338.70 -177314.95
-943453.70 -177314.95
-943453.70 -177385.95
-943338.70 -177385.95
-943338.70 -177456.95
-943453.70 -177456.95
-943453.70 -177527.95
-943338.70 -177527.95
-943338.70 -177598.95
-943453.70 -177598.95
-943453.70 -177669.95
-943338.70 -177669.95
-943338.70 -177740.95
-943453.70 -177740.95
-943453.70 -177811.95
-943338.70 -177811.95
-943338.70 -177882.95
-943453.70 -177882.95
-943453.70 -177953.95
-943338.70 -177953.95
-943338.70 -178024.95
-943453.70 -178024.95
-943453.70 -178095.95
-943338.70 -178095.95
-943338.70 -178166.95
-943453.70 -178166.95
-943453.70 -178237.95
-943338.70 -178237.95
-943338.70 -178308.95
-943453.70 -178308.95
-943453.70 -178379.95
-943396.20 -178379.95
-943396.20 -178404.45
31.00