-1034823.50 -157719.35
-1034823.50 -157743.87
-1034624.50 -157777.66
-1034392.20 -157817.11
-1033977.05 -157887.60
-1033767.30 -157923.21
-1033553.25 -157959.56
-1033385.29 -157988.08
-1032865.90 -158076.27
-1032575.14 -158125.65
-1032453.09 -158146.37
-1032111.67 -158204.34
-1031925.10 -158236.02
-1031352.76 -158333.21
-1031015.05 -158390.55
-1030641.40 -158454.00
-1030595.83 -158461.74
-1030589.07 -158462.88
-1030215.64 -158526.29
-1030039.67 -158556.17
-1029647.98 -158622.68
-1029407.09 -158663.59
-1029136.96 -158709.46
-1028894.79 -158750.58
-1028708.39 -158782.23
-1027457.55 -158994.62
-1026704.35 -159122.52
-1026452.36 -159165.31
-1026367.82 -159179.66
-1025618.35 -159306.92
-1025553.44 -159317.95
-1025265.14 -159366.90
-1024336.30 -159524.62
-1024234.54 -159541.90
-1023912.48 -159596.58
-1023816.87 -159612.82
-1023115.80 -159731.86
-1022212.74 -159885.20
-1021432.56 -160017.68
-1020157.14 -160234.25
-1015820.37 -160970.64
-1008015.41 -162295.94
-1000865.03 -163510.09
-1000844.62 -163513.56
-999424.79 -163754.64
-997645.73 -164056.73
-996718.87 -164214.12
-993074.34 -164832.96
-991489.62 -165102.05
-990968.13 -165190.60
-988944.81 -165534.17
-988944.57 -165534.21
-988783.29 -165561.59
-987103.41 -165846.84
-985509.32 -166117.52
-984109.22 -166355.26
-983480.89 -166461.95
-982940.24 -166553.76
-980680.73 -166937.43
-980608.61 -166949.67
-979679.97 -167107.36
-978782.01 -167259.83
-978531.25 -167302.41
-977393.82 -167495.55
-976521.65 -167643.65
-975432.54 -167828.58
-974451.23 -167995.21
-974083.91 -168057.58
-973869.15 -168094.05
-973619.31 -168136.47
-973404.54 -168172.94
-973154.70 -168215.36
-972939.94 -168251.83
-972690.10 -168294.25
-972475.33 -168330.72
-972225.49 -168373.14
-972010.73 -168409.61
-971760.89 -168452.03
-971546.12 -168488.50
-971296.29 -168530.92
-971081.52 -168567.39
-970831.68 -168609.81
-970616.92 -168646.28
-970367.08 -168688.71
-970152.31 -168725.17
-969902.47 -168767.60
-969687.71 -168804.06
-969437.87 -168846.49
-969223.10 -168882.95
-968973.27 -168925.38
-968916.71 -168934.98
-966089.00 -169415.13
-965057.31 -169590.31
-964291.73 -169720.31
-964202.59 -169735.45
-964189.39 -169737.69
-934096.20 -174847.58
-934096.20 -174971.95
-934048.40 -174971.95
-934048.40 -175042.95
-934153.70 -175042.95
-934153.70 -175113.95
-934038.70 -175113.95
-934038.70 -175184.95
-934153.70 -175184.95
-934153.70 -175255.95
-934038.70 -175255.95
-934038.70 -175326.95
-934153.70 -175326.95
-934153.70 -175397.95
-934038.70 -175397.95
-934038.70 -175468.95
-934153.70 -175468.95
-934153.70 -175539.95
-934038.70 -175539.95
-934038.70 -175610.95
-934153.70 -175610.95
-934153.70 -175681.95
-934038.70 -175681.95
-934038.70 -175752.95
-934153.70 -175752.95
-934153.70 -175823.95
-934038.70 -175823.95
-934038.70 -175894.95
-934153.70 -175894.95
-934153.70 -175965.95
-934038.70 -175965.95
-934038.70 -176036.95
-934153.70 -176036.95
-934153.70 -176107.95
-934038.70 -176107.95
-934038.70 -176178.95
-934153.70 -176178.95
-934153.70 -176249.95
-934038.70 -176249.95
-934038.70 -176320.95
-934153.70 -176320.95
-934153.70 -176391.95
-934038.70 -176391.95
-934038.70 -176462.95
-934153.70 -176462.95
-934153.70 -176533.95
-934038.70 -176533.95
-934038.70 -176604.95
-934153.70 -176604.95
-934153.70 -176675.95
-934038.70 -176675.95
-934038.70 -176746.95
-934153.70 -176746.95
-934153.70 -176817.95
-934038.70 -176817.95
-934038.70 -176888.95
-934153.70 -176888.95
-934153.70 -176959.95
-934038.70 -176959.95
-934038.70 -177030.95
-934153.70 -177030.95
-934153.70 -177101.95
-934038.70 -177101.95
-934038.70 -177172.95
-934153.70 -177172.95
-934153.70 -177243.95
-934038.70 -177243.95
-934038.70 -177314.95
-934153.70 -177314.95
-934153.70 -177385.95
-934038.70 -177385.95
-934038.70 -177456.95
-934153.70 -177456.95
-934153.70 -177527.95
-934038.70 -177527.95
-934038.70 -177598.95
-934153.70 -177598.95
-934153.70 -177669.95
-934038.70 -177669.95
-934038.70 -177740.95
-934153.70 -177740.95
-934153.70 -177811.95
-934038.70 -177811.95
-934038.70 -177882.95
-934153.70 -177882.95
-934153.70 -177953.95
-934038.70 -177953.95
-934038.70 -178024.95
-934153.70 -178024.95
-934153.70 -178095.95
-934038.70 -178095.95
-934038.70 -178166.95
-934153.70 -178166.95
-934153.70 -178237.95
-934038.70 -178237.95
-934038.70 -178308.95
-934153.70 -178308.95
-934153.70 -178379.95
-934096.20 -178379.95
-934096.20 -178404.45
31.00