-647165.50 -157719.35
-647165.50 -157743.87
-647364.49 -157777.66
-648493.85 -157969.43
-648889.96 -158036.69
-649190.75 -158087.76
-649343.70 -158113.73
-650037.68 -158231.57
-650104.86 -158242.98
-651332.63 -158451.46
-654109.38 -158922.96
-654519.88 -158992.66
-659767.44 -159883.71
-661532.92 -160183.49
-663425.27 -160504.81
-667977.81 -161277.84
-669960.04 -161614.43
-670057.62 -161631.00
-672232.90 -162000.37
-672558.42 -162055.64
-673128.21 -162152.39
-673548.93 -162223.83
-674178.84 -162330.79
-674955.23 -162462.62
-676267.17 -162685.40
-677167.28 -162838.24
-677447.27 -162885.78
-678708.60 -163099.95
-680311.63 -163372.15
-680313.69 -163372.50
-680953.15 -163481.08
-682216.93 -163695.68
-682262.50 -163703.41
-682686.20 -163775.36
-682686.20 -163895.95
-682649.17 -163895.95
-682649.17 -163966.95
-682743.70 -163966.95
-682743.70 -164037.95
-682628.70 -164037.95
-682628.70 -164108.95
-682743.70 -164108.95
-682743.70 -164179.95
-682628.70 -164179.95
-682628.70 -164250.95
-682743.70 -164250.95
-682743.70 -164321.95
-682628.70 -164321.95
-682628.70 -164392.95
-682743.70 -164392.95
-682743.70 -164463.95
-682628.70 -164463.95
-682628.70 -164534.95
-682743.70 -164534.95
-682743.70 -164605.95
-682628.70 -164605.95
-682628.70 -164676.95
-682743.70 -164676.95
-682743.70 -164747.95
-682628.70 -164747.95
-682628.70 -164818.95
-682743.70 -164818.95
-682743.70 -164889.95
-682628.70 -164889.95
-682628.70 -164960.95
-682743.70 -164960.95
-682743.70 -165031.95
-682628.70 -165031.95
-682628.70 -165102.95
-682743.70 -165102.95
-682743.70 -165173.95
-682628.70 -165173.95
-682628.70 -165244.95
-682743.70 -165244.95
-682743.70 -165315.95
-682628.70 -165315.95
-682628.70 -165386.95
-682743.70 -165386.95
-682743.70 -165457.95
-682628.70 -165457.95
-682628.70 -165528.95
-682743.70 -165528.95
-682743.70 -165599.95
-682628.70 -165599.95
-682628.70 -165670.95
-682743.70 -165670.95
-682743.70 -165741.95
-682628.70 -165741.95
-682628.70 -165812.95
-682743.70 -165812.95
-682743.70 -165883.95
-682628.70 -165883.95
-682628.70 -165954.95
-682743.70 -165954.95
-682743.70 -166025.95
-682628.70 -166025.95
-682628.70 -166096.95
-682743.70 -166096.95
-682743.70 -166167.95
-682628.70 -166167.95
-682628.70 -166238.95
-682743.70 -166238.95
-682743.70 -166309.95
-682628.70 -166309.95
-682628.70 -166380.95
-682743.70 -166380.95
-682743.70 -166451.95
-682628.70 -166451.95
-682628.70 -166522.95
-682743.70 -166522.95
-682743.70 -166593.95
-682628.70 -166593.95
-682628.70 -166664.95
-682743.70 -166664.95
-682743.70 -166735.95
-682628.70 -166735.95
-682628.70 -166806.95
-682743.70 -166806.95
-682743.70 -166877.95
-682628.70 -166877.95
-682628.70 -166948.95
-682743.70 -166948.95
-682743.70 -167019.95
-682628.70 -167019.95
-682628.70 -167090.95
-682743.70 -167090.95
-682743.70 -167161.95
-682628.70 -167161.95
-682628.70 -167232.95
-682743.70 -167232.95
-682743.70 -167303.95
-682628.70 -167303.95
-682628.70 -167374.95
-682743.70 -167374.95
-682743.70 -167445.95
-682628.70 -167445.95
-682628.70 -167516.95
-682743.70 -167516.95
-682743.70 -167587.95
-682628.70 -167587.95
-682628.70 -167658.95
-682743.70 -167658.95
-682743.70 -167729.95
-682628.70 -167729.95
-682628.70 -167800.95
-682743.70 -167800.95
-682743.70 -167871.95
-682628.70 -167871.95
-682628.70 -167942.95
-682743.70 -167942.95
-682743.70 -168013.95
-682628.70 -168013.95
-682628.70 -168084.95
-682743.70 -168084.95
-682743.70 -168155.95
-682628.70 -168155.95
-682628.70 -168226.95
-682743.70 -168226.95
-682743.70 -168297.95
-682628.70 -168297.95
-682628.70 -168368.95
-682743.70 -168368.95
-682743.70 -168439.95
-682628.70 -168439.95
-682628.70 -168510.95
-682743.70 -168510.95
-682743.70 -168581.95
-682628.70 -168581.95
-682628.70 -168652.95
-682743.70 -168652.95
-682743.70 -168723.95
-682628.70 -168723.95
-682628.70 -168794.95
-682743.70 -168794.95
-682743.70 -168865.95
-682628.70 -168865.95
-682628.70 -168936.95
-682743.70 -168936.95
-682743.70 -169007.95
-682628.70 -169007.95
-682628.70 -169078.95
-682743.70 -169078.95
-682743.70 -169149.95
-682628.70 -169149.95
-682628.70 -169220.95
-682743.70 -169220.95
-682743.70 -169291.95
-682628.70 -169291.95
-682628.70 -169362.95
-682743.70 -169362.95
-682743.70 -169433.95
-682628.70 -169433.95
-682628.70 -169504.95
-682743.70 -169504.95
-682743.70 -169575.95
-682628.70 -169575.95
-682628.70 -169646.95
-682743.70 -169646.95
-682743.70 -169717.95
-682628.70 -169717.95
-682628.70 -169788.95
-682743.70 -169788.95
-682743.70 -169859.95
-682628.70 -169859.95
-682628.70 -169930.95
-682743.70 -169930.95
-682743.70 -170001.95
-682628.70 -170001.95
-682628.70 -170072.95
-682743.70 -170072.95
-682743.70 -170143.95
-682628.70 -170143.95
-682628.70 -170214.95
-682743.70 -170214.95
-682743.70 -170285.95
-682628.70 -170285.95
-682628.70 -170356.95
-682743.70 -170356.95
-682743.70 -170427.95
-682628.70 -170427.95
-682628.70 -170498.95
-682743.70 -170498.95
-682743.70 -170569.95
-682628.70 -170569.95
-682628.70 -170640.95
-682743.70 -170640.95
-682743.70 -170711.95
-682628.70 -170711.95
-682628.70 -170782.95
-682743.70 -170782.95
-682743.70 -170853.95
-682628.70 -170853.95
-682628.70 -170924.95
-682743.70 -170924.95
-682743.70 -170995.95
-682628.70 -170995.95
-682628.70 -171066.95
-682743.70 -171066.95
-682743.70 -171137.95
-682628.70 -171137.95
-682628.70 -171208.95
-682743.70 -171208.95
-682743.70 -171279.95
-682628.70 -171279.95
-682628.70 -171350.95
-682743.70 -171350.95
-682743.70 -171421.95
-682628.70 -171421.95
-682628.70 -171492.95
-682743.70 -171492.95
-682743.70 -171563.95
-682628.70 -171563.95
-682628.70 -171634.95
-682743.70 -171634.95
-682743.70 -171705.95
-682628.70 -171705.95
-682628.70 -171776.95
-682743.70 -171776.95
-682743.70 -171847.95
-682628.70 -171847.95
-682628.70 -171918.95
-682743.70 -171918.95
-682743.70 -171989.95
-682628.70 -171989.95
-682628.70 -172060.95
-682743.70 -172060.95
-682743.70 -172131.95
-682628.70 -172131.95
-682628.70 -172202.95
-682743.70 -172202.95
-682743.70 -172273.95
-682628.70 -172273.95
-682628.70 -172344.95
-682743.70 -172344.95
-682743.70 -172415.95
-682628.70 -172415.95
-682628.70 -172486.95
-682743.70 -172486.95
-682743.70 -172557.95
-682628.70 -172557.95
-682628.70 -172628.95
-682743.70 -172628.95
-682743.70 -172699.95
-682628.70 -172699.95
-682628.70 -172770.95
-682743.70 -172770.95
-682743.70 -172841.95
-682628.70 -172841.95
-682628.70 -172912.95
-682743.70 -172912.95
-682743.70 -172983.95
-682628.70 -172983.95
-682628.70 -173054.95
-682743.70 -173054.95
-682743.70 -173125.95
-682628.70 -173125.95
-682628.70 -173196.95
-682743.70 -173196.95
-682743.70 -173267.95
-682628.70 -173267.95
-682628.70 -173338.95
-682743.70 -173338.95
-682743.70 -173409.95
-682628.70 -173409.95
-682628.70 -173480.95
-682743.70 -173480.95
-682743.70 -173551.95
-682628.70 -173551.95
-682628.70 -173622.95
-682743.70 -173622.95
-682743.70 -173693.95
-682628.70 -173693.95
-682628.70 -173764.95
-682743.70 -173764.95
-682743.70 -173835.95
-682628.70 -173835.95
-682628.70 -173906.95
-682743.70 -173906.95
-682743.70 -173977.95
-682628.70 -173977.95
-682628.70 -174048.95
-682743.70 -174048.95
-682743.70 -174119.95
-682628.70 -174119.95
-682628.70 -174190.95
-682743.70 -174190.95
-682743.70 -174261.95
-682628.70 -174261.95
-682628.70 -174332.95
-682743.70 -174332.95
-682743.70 -174403.95
-682628.70 -174403.95
-682628.70 -174474.95
-682743.70 -174474.95
-682743.70 -174545.95
-682628.70 -174545.95
-682628.70 -174616.95
-682743.70 -174616.95
-682743.70 -174687.95
-682628.70 -174687.95
-682628.70 -174758.95
-682743.70 -174758.95
-682743.70 -174829.95
-682628.70 -174829.95
-682628.70 -174900.95
-682743.70 -174900.95
-682743.70 -174971.95
-682628.70 -174971.95
-682628.70 -175042.95
-682743.70 -175042.95
-682743.70 -175113.95
-682628.70 -175113.95
-682628.70 -175184.95
-682743.70 -175184.95
-682743.70 -175255.95
-682628.70 -175255.95
-682628.70 -175326.95
-682743.70 -175326.95
-682743.70 -175397.95
-682628.70 -175397.95
-682628.70 -175468.95
-682743.70 -175468.95
-682743.70 -175539.95
-682628.70 -175539.95
-682628.70 -175610.95
-682743.70 -175610.95
-682743.70 -175681.95
-682628.70 -175681.95
-682628.70 -175752.95
-682743.70 -175752.95
-682743.70 -175823.95
-682628.70 -175823.95
-682628.70 -175894.95
-682743.70 -175894.95
-682743.70 -175965.95
-682628.70 -175965.95
-682628.70 -176036.95
-682743.70 -176036.95
-682743.70 -176107.95
-682628.70 -176107.95
-682628.70 -176178.95
-682743.70 -176178.95
-682743.70 -176249.95
-682628.70 -176249.95
-682628.70 -176320.95
-682743.70 -176320.95
-682743.70 -176391.95
-682628.70 -176391.95
-682628.70 -176462.95
-682743.70 -176462.95
-682743.70 -176533.95
-682628.70 -176533.95
-682628.70 -176604.95
-682743.70 -176604.95
-682743.70 -176675.95
-682628.70 -176675.95
-682628.70 -176746.95
-682743.70 -176746.95
-682743.70 -176817.95
-682628.70 -176817.95
-682628.70 -176888.95
-682743.70 -176888.95
-682743.70 -176959.95
-682628.70 -176959.95
-682628.70 -177030.95
-682743.70 -177030.95
-682743.70 -177101.95
-682628.70 -177101.95
-682628.70 -177172.95
-682743.70 -177172.95
-682743.70 -177243.95
-682628.70 -177243.95
-682628.70 -177314.95
-682743.70 -177314.95
-682743.70 -177385.95
-682628.70 -177385.95
-682628.70 -177456.95
-682743.70 -177456.95
-682743.70 -177527.95
-682628.70 -177527.95
-682628.70 -177598.95
-682743.70 -177598.95
-682743.70 -177669.95
-682628.70 -177669.95
-682628.70 -177740.95
-682743.70 -177740.95
-682743.70 -177811.95
-682628.70 -177811.95
-682628.70 -177882.95
-682743.70 -177882.95
-682743.70 -177953.95
-682628.70 -177953.95
-682628.70 -178024.95
-682743.70 -178024.95
-682743.70 -178095.95
-682628.70 -178095.95
-682628.70 -178166.95
-682743.70 -178166.95
-682743.70 -178237.95
-682628.70 -178237.95
-682628.70 -178308.95
-682743.70 -178308.95
-682743.70 -178379.95
-682686.20 -178379.95
-682686.20 -178404.45
31.00