-946.72 3896.70
-946.72 3953.59
-942.72 3953.59
-882.24 3952.87
-822.25 3951.48
-762.07 3949.36
-710.40 3946.58
-702.77 3946.58
-679.19 3946.74
-670.50 3946.74
-609.46 3942.83
-548.91 3938.27
-488.24 3933.01
-427.48 3926.98
-366.63 3920.24
-305.70 3912.77
-244.66 3904.59
-183.53 3895.66
-122.29 3885.99
-60.96 3875.53
0.45 3864.32
61.97 3852.33
123.57 3839.56
185.27 3826.02
247.07 3811.66
308.97 3796.49
370.96 3780.50
433.06 3763.67
495.25 3745.99
557.53 3727.44
619.90 3708.04
682.38 3687.75
744.95 3666.55
807.61 3644.45
870.38 3621.43
933.26 3597.43
996.22 3572.48
1059.28 3546.55
1122.44 3519.61
1185.70 3491.65
1249.06 3462.64
1312.52 3432.55
1376.07 3401.38
1439.72 3369.10
1503.48 3335.66
1567.31 3301.06
1633.20 3264.19
1696.78 3225.15
1951.38 3058.01
2038.18 2993.41
2391.08 2703.10
2519.48 2586.52
2644.56 2465.22
2711.62 2400.07
2793.41 2310.89
2966.94 2115.94
3095.92 1955.59
3224.26 1782.58
3350.70 1596.77
3462.50 1418.37
3600.52 1174.84
3679.50 1007.08
3694.11 975.56
3708.50 943.98
3722.74 912.24
3736.78 880.39
3750.61 848.46
3764.22 816.48
3777.63 784.43
3790.87 752.23
3803.88 719.98
3816.69 687.65
3829.30 655.25
3841.66 622.87
3853.89 590.28
3865.90 557.56
3877.68 524.90
3889.25 492.14
3900.65 459.25
3911.85 426.21
3922.79 393.25
3933.52 360.28
3944.08 327.09
3954.42 293.87
3964.55 260.62
3974.46 227.32
3984.15 194.02
3993.68 160.51
4002.98 126.93
4012.05 93.40
4020.90 59.84
4029.58 26.11
4038.03 -7.66
4046.24 -41.37
4054.28 -75.28
4062.06 -109.11
4069.67 -143.06
4077.05 -177.11
4084.20 -211.02
4091.16 -245.11
4097.90 -279.27
4104.42 -313.42
4110.73 -347.62
4116.81 -381.78
4122.69 -416.02
4128.37 -450.46
4133.81 -484.80
4136.25 -500.87
6533.31 -500.87
2.00