-485601.50 -157719.35
-485601.50 -157743.87
-485800.49 -157777.66
-486929.85 -157969.43
-487607.60 -158084.51
-488091.36 -158166.65
-489039.45 -158327.64
-489772.85 -158452.17
-491583.73 -158759.66
-494163.01 -159197.63
-494163.34 -159197.69
-498345.99 -159907.91
-498352.12 -159908.95
-499738.19 -160144.31
-499738.76 -160144.41
-501584.25 -160457.78
-508350.27 -161606.66
-513677.65 -162511.26
-513679.84 -162511.63
-513682.38 -162512.06
-522736.53 -164049.48
-527381.97 -164838.28
-527382.84 -164838.43
-532725.30 -165745.59
-532725.66 -165745.65
-552935.82 -169177.38
-552936.31 -169177.46
-555565.39 -169623.89
-556055.98 -169707.19
-563619.39 -170991.47
-563624.38 -170992.32
-570954.05 -172236.91
-577906.20 -173417.40
-577906.20 -173551.95
-577848.70 -173551.95
-577848.70 -173622.95
-577963.70 -173622.95
-577963.70 -173693.95
-577848.70 -173693.95
-577848.70 -173764.95
-577963.70 -173764.95
-577963.70 -173835.95
-577848.70 -173835.95
-577848.70 -173906.95
-577963.70 -173906.95
-577963.70 -173977.95
-577848.70 -173977.95
-577848.70 -174048.95
-577963.70 -174048.95
-577963.70 -174119.95
-577848.70 -174119.95
-577848.70 -174190.95
-577963.70 -174190.95
-577963.70 -174261.95
-577848.70 -174261.95
-577848.70 -174332.95
-577963.70 -174332.95
-577963.70 -174403.95
-577848.70 -174403.95
-577848.70 -174474.95
-577963.70 -174474.95
-577963.70 -174545.95
-577848.70 -174545.95
-577848.70 -174616.95
-577963.70 -174616.95
-577963.70 -174687.95
-577848.70 -174687.95
-577848.70 -174758.95
-577963.70 -174758.95
-577963.70 -174829.95
-577848.70 -174829.95
-577848.70 -174900.95
-577963.70 -174900.95
-577963.70 -174971.95
-577848.70 -174971.95
-577848.70 -175042.95
-577963.70 -175042.95
-577963.70 -175113.95
-577848.70 -175113.95
-577848.70 -175184.95
-577963.70 -175184.95
-577963.70 -175255.95
-577848.70 -175255.95
-577848.70 -175326.95
-577963.70 -175326.95
-577963.70 -175397.95
-577848.70 -175397.95
-577848.70 -175468.95
-577963.70 -175468.95
-577963.70 -175539.95
-577848.70 -175539.95
-577848.70 -175610.95
-577963.70 -175610.95
-577963.70 -175681.95
-577848.70 -175681.95
-577848.70 -175752.95
-577963.70 -175752.95
-577963.70 -175823.95
-577848.70 -175823.95
-577848.70 -175894.95
-577963.70 -175894.95
-577963.70 -175965.95
-577848.70 -175965.95
-577848.70 -176036.95
-577963.70 -176036.95
-577963.70 -176107.95
-577848.70 -176107.95
-577848.70 -176178.95
-577963.70 -176178.95
-577963.70 -176249.95
-577848.70 -176249.95
-577848.70 -176320.95
-577963.70 -176320.95
-577963.70 -176391.95
-577848.70 -176391.95
-577848.70 -176462.95
-577963.70 -176462.95
-577963.70 -176533.95
-577848.70 -176533.95
-577848.70 -176604.95
-577963.70 -176604.95
-577963.70 -176675.95
-577848.70 -176675.95
-577848.70 -176746.95
-577963.70 -176746.95
-577963.70 -176817.95
-577848.70 -176817.95
-577848.70 -176888.95
-577963.70 -176888.95
-577963.70 -176959.95
-577848.70 -176959.95
-577848.70 -177030.95
-577963.70 -177030.95
-577963.70 -177101.95
-577848.70 -177101.95
-577848.70 -177172.95
-577963.70 -177172.95
-577963.70 -177243.95
-577848.70 -177243.95
-577848.70 -177314.95
-577963.70 -177314.95
-577963.70 -177385.95
-577848.70 -177385.95
-577848.70 -177456.95
-577963.70 -177456.95
-577963.70 -177527.95
-577848.70 -177527.95
-577848.70 -177598.95
-577963.70 -177598.95
-577963.70 -177669.95
-577848.70 -177669.95
-577848.70 -177740.95
-577963.70 -177740.95
-577963.70 -177811.95
-577848.70 -177811.95
-577848.70 -177882.95
-577963.70 -177882.95
-577963.70 -177953.95
-577848.70 -177953.95
-577848.70 -178024.95
-577963.70 -178024.95
-577963.70 -178095.95
-577848.70 -178095.95
-577848.70 -178166.95
-577963.70 -178166.95
-577963.70 -178237.95
-577848.70 -178237.95
-577848.70 -178308.95
-577963.70 -178308.95
-577963.70 -178379.95
-577906.20 -178379.95
-577906.20 -178404.45
31.00