43385.00 -6195.00
43385.00 -12076.55
43150.00 -13056.17
42913.35 -14042.65
42676.71 -15029.14
42440.07 -16015.57
42201.79 -17010.72
42012.52 -17634.65
41712.36 -18354.95
41233.14 -19504.93
40993.54 -20079.92
40753.93 -20654.91
40514.33 -21229.88
40274.71 -21804.88
40035.11 -22379.88
39795.50 -22954.86
39555.89 -23529.85
39316.29 -24104.83
39076.90 -24679.27
38825.41 -25284.70
38544.23 -25863.42
38268.27 -26305.74
38024.18 -26696.95
37559.98 -27440.98
37291.76 -27870.88
37047.84 -28261.85
36803.76 -28653.06
36559.66 -29044.30
36315.57 -29435.53
36071.48 -29826.75
35824.07 -30223.30
35583.33 -30609.16
35339.24 -31000.39
35095.14 -31391.64
34851.06 -31782.86
34606.93 -32174.16
34363.92 -32563.58
34091.26 -33002.45
33735.96 -33514.38
33227.64 -34087.36
32916.43 -34438.16
32211.47 -35232.80
30512.76 -37147.60
30139.88 -37567.91
29893.55 -37845.57
29644.11 -38126.75
29393.99 -38408.68
29143.88 -38690.60
28893.79 -38972.51
28643.62 -39254.50
28394.23 -39535.60
28132.82 -39830.63
27667.87 -40344.78
26143.38 -41555.68
25885.72 -41760.33
25628.05 -41965.00
25370.37 -42169.67
25112.75 -42374.30
24855.06 -42578.99
23583.95 -43588.63
23317.47 -43800.29
23052.02 -44011.13
22793.56 -44216.43
22535.93 -44421.06
22278.26 -44625.72
22020.59 -44830.39
21568.03 -45189.86
21253.79 -45439.51
21007.67 -45634.63
20551.37 -46004.34
19868.45 -46444.41
19410.60 -46688.89
19143.87 -46831.30
18877.20 -46973.69
18610.48 -47116.11
18343.66 -47258.58
18076.92 -47401.00
17810.26 -47543.39
17543.55 -47685.80
17276.72 -47828.28
17009.98 -47970.70
16743.33 -48113.08
16476.61 -48255.50
16209.78 -48397.97
15943.04 -48540.40
15676.40 -48682.77
15409.67 -48825.20
15142.85 -48967.67
14876.10 -49110.09
14609.47 -49252.46
14342.64 -49394.94
14075.89 -49537.36
13809.26 -49679.73
13542.55 -49822.15
13275.57 -49964.71
13009.97 -50106.50
12734.76 -50253.59
12532.53 -50360.82
11807.06 -50768.54
10839.46 -51107.17
10446.35 -51229.64
10169.20 -51316.00
9892.05 -51402.34
9614.90 -51488.70
9337.75 -51575.04
9060.61 -51661.39
8988.94 -51683.72
8988.94 -55615.95
30.00