-993476.50 -157719.35
-993476.50 -157743.87
-993277.51 -157777.66
-992903.15 -157841.23
-992688.39 -157877.69
-992438.55 -157920.12
-992194.40 -157961.57
-991518.68 -158076.31
-991109.81 -158145.74
-990746.94 -158207.36
-990726.05 -158210.90
-990030.88 -158328.94
-989481.64 -158422.20
-989063.50 -158493.21
-988989.19 -158505.82
-988797.73 -158538.33
-988608.37 -158570.49
-988147.53 -158648.74
-987935.75 -158684.70
-987792.51 -158709.02
-987624.55 -158737.54
-985988.02 -159015.43
-984343.96 -159294.59
-983814.66 -159384.47
-983261.54 -159478.39
-982950.48 -159531.21
-982322.15 -159637.90
-981781.50 -159729.70
-979521.99 -160113.37
-979449.88 -160125.62
-978521.23 -160283.31
-977163.03 -160513.93
-977096.14 -160525.29
-976837.48 -160569.21
-975648.73 -160771.06
-975638.45 -160772.81
-975110.33 -160862.48
-974273.80 -161004.53
-973292.49 -161171.16
-972925.17 -161233.53
-972710.41 -161270.00
-972460.57 -161312.42
-972245.80 -161348.89
-971995.96 -161391.31
-971781.20 -161427.78
-971531.36 -161470.20
-971316.60 -161506.67
-971066.76 -161549.09
-970851.99 -161585.56
-970602.15 -161627.98
-970387.39 -161664.45
-970137.55 -161706.87
-969922.78 -161743.34
-969672.94 -161785.76
-969458.18 -161822.23
-969208.34 -161864.65
-968993.57 -161901.12
-968743.74 -161943.55
-968528.97 -161980.01
-968279.13 -162022.44
-968064.37 -162058.90
-967814.53 -162101.33
-967646.57 -162129.85
-966703.71 -162289.95
-965641.82 -162470.26
-964372.01 -162685.87
-963850.56 -162774.42
-963262.15 -162874.33
-963058.37 -162908.93
-962842.62 -162945.57
-938998.62 -166994.33
-936380.24 -167438.93
-936312.40 -167450.45
-935533.28 -167582.75
-927847.75 -168887.77
-926869.98 -169053.80
-926629.63 -169094.61
-925460.16 -169293.19
-925268.94 -169325.66
-925063.60 -169360.52
-924813.83 -169402.94
-924602.05 -169438.90
-924230.14 -169502.05
-924074.26 -169528.52
-922467.49 -169801.35
-922381.27 -169815.99
-921706.30 -169930.60
-921050.11 -170042.02
-917939.92 -170570.14
-912808.47 -171441.47
-907281.20 -172380.01
-907281.20 -172486.95
-907316.17 -172486.95
-907316.17 -172557.95
-907223.70 -172557.95
-907223.70 -172628.95
-907338.70 -172628.95
-907338.70 -172699.95
-907223.70 -172699.95
-907223.70 -172770.95
-907338.70 -172770.95
-907338.70 -172841.95
-907223.70 -172841.95
-907223.70 -172912.95
-907338.70 -172912.95
-907338.70 -172983.95
-907223.70 -172983.95
-907223.70 -173054.95
-907338.70 -173054.95
-907338.70 -173125.95
-907223.70 -173125.95
-907223.70 -173196.95
-907338.70 -173196.95
-907338.70 -173267.95
-907223.70 -173267.95
-907223.70 -173338.95
-907338.70 -173338.95
-907338.70 -173409.95
-907223.70 -173409.95
-907223.70 -173480.95
-907338.70 -173480.95
-907338.70 -173551.95
-907223.70 -173551.95
-907223.70 -173622.95
-907338.70 -173622.95
-907338.70 -173693.95
-907223.70 -173693.95
-907223.70 -173764.95
-907338.70 -173764.95
-907338.70 -173835.95
-907223.70 -173835.95
-907223.70 -173906.95
-907338.70 -173906.95
-907338.70 -173977.95
-907223.70 -173977.95
-907223.70 -174048.95
-907338.70 -174048.95
-907338.70 -174119.95
-907223.70 -174119.95
-907223.70 -174190.95
-907338.70 -174190.95
-907338.70 -174261.95
-907223.70 -174261.95
-907223.70 -174332.95
-907338.70 -174332.95
-907338.70 -174403.95
-907223.70 -174403.95
-907223.70 -174474.95
-907338.70 -174474.95
-907338.70 -174545.95
-907223.70 -174545.95
-907223.70 -174616.95
-907338.70 -174616.95
-907338.70 -174687.95
-907223.70 -174687.95
-907223.70 -174758.95
-907338.70 -174758.95
-907338.70 -174829.95
-907223.70 -174829.95
-907223.70 -174900.95
-907338.70 -174900.95
-907338.70 -174971.95
-907223.70 -174971.95
-907223.70 -175042.95
-907338.70 -175042.95
-907338.70 -175113.95
-907223.70 -175113.95
-907223.70 -175184.95
-907338.70 -175184.95
-907338.70 -175255.95
-907223.70 -175255.95
-907223.70 -175326.95
-907338.70 -175326.95
-907338.70 -175397.95
-907223.70 -175397.95
-907223.70 -175468.95
-907338.70 -175468.95
-907338.70 -175539.95
-907223.70 -175539.95
-907223.70 -175610.95
-907338.70 -175610.95
-907338.70 -175681.95
-907223.70 -175681.95
-907223.70 -175752.95
-907338.70 -175752.95
-907338.70 -175823.95
-907223.70 -175823.95
-907223.70 -175894.95
-907338.70 -175894.95
-907338.70 -175965.95
-907223.70 -175965.95
-907223.70 -176036.95
-907338.70 -176036.95
-907338.70 -176107.95
-907223.70 -176107.95
-907223.70 -176178.95
-907338.70 -176178.95
-907338.70 -176249.95
-907223.70 -176249.95
-907223.70 -176320.95
-907338.70 -176320.95
-907338.70 -176391.95
-907223.70 -176391.95
-907223.70 -176462.95
-907338.70 -176462.95
-907338.70 -176533.95
-907223.70 -176533.95
-907223.70 -176604.95
-907338.70 -176604.95
-907338.70 -176675.95
-907223.70 -176675.95
-907223.70 -176746.95
-907338.70 -176746.95
-907338.70 -176817.95
-907223.70 -176817.95
-907223.70 -176888.95
-907338.70 -176888.95
-907338.70 -176959.95
-907223.70 -176959.95
-907223.70 -177030.95
-907338.70 -177030.95
-907338.70 -177101.95
-907223.70 -177101.95
-907223.70 -177172.95
-907338.70 -177172.95
-907338.70 -177243.95
-907223.70 -177243.95
-907223.70 -177314.95
-907338.70 -177314.95
-907338.70 -177385.95
-907223.70 -177385.95
-907223.70 -177456.95
-907338.70 -177456.95
-907338.70 -177527.95
-907223.70 -177527.95
-907223.70 -177598.95
-907338.70 -177598.95
-907338.70 -177669.95
-907223.70 -177669.95
-907223.70 -177740.95
-907338.70 -177740.95
-907338.70 -177811.95
-907223.70 -177811.95
-907223.70 -177882.95
-907338.70 -177882.95
-907338.70 -177953.95
-907223.70 -177953.95
-907223.70 -178024.95
-907338.70 -178024.95
-907338.70 -178095.95
-907223.70 -178095.95
-907223.70 -178166.95
-907338.70 -178166.95
-907338.70 -178237.95
-907223.70 -178237.95
-907223.70 -178308.95
-907338.70 -178308.95
-907338.70 -178379.95
-907281.20 -178379.95
-907281.20 -178404.45
31.00