-1020961.50 -157719.35
-1020961.50 -157743.87
-1020762.51 -157777.66
-1020530.21 -157817.10
-1019986.09 -157909.50
-1019886.11 -157926.47
-1019545.61 -157984.29
-1019297.60 -158026.40
-1018655.30 -158135.47
-1018223.42 -158208.80
-1017839.55 -158273.98
-1017448.34 -158340.41
-1017116.31 -158396.79
-1016903.62 -158432.91
-1016662.33 -158473.88
-1016426.60 -158513.90
-1016204.17 -158551.67
-1015962.00 -158592.80
-1015792.64 -158621.55
-1015113.79 -158736.82
-1014851.64 -158781.34
-1014708.56 -158805.63
-1014231.45 -158886.65
-1013204.43 -159061.04
-1012433.44 -159191.95
-1012424.73 -159193.43
-1011742.93 -159309.20
-1010207.85 -159569.86
-1007626.93 -160008.11
-1006707.73 -160164.19
-1004527.74 -160534.36
-1002440.45 -160888.78
-1001577.27 -161035.35
-999540.42 -161381.21
-999434.98 -161399.12
-998652.40 -161532.00
-997307.83 -161760.31
-996776.70 -161850.50
-996589.02 -161882.37
-995910.32 -161997.61
-992576.67 -162563.67
-991893.26 -162679.72
-991890.18 -162680.24
-991791.23 -162697.04
-991398.79 -162763.68
-990229.67 -162962.20
-989387.86 -163105.14
-989257.79 -163127.23
-988562.77 -163245.24
-988394.81 -163273.76
-986308.31 -163628.05
-984808.91 -163882.65
-983720.74 -164067.43
-983092.41 -164174.12
-982551.76 -164265.92
-980292.25 -164649.59
-980220.13 -164661.84
-979291.49 -164819.53
-978260.41 -164994.60
-978005.31 -165037.92
-976479.42 -165297.02
-975724.99 -165425.12
-975044.06 -165540.75
-974062.75 -165707.38
-973695.43 -165769.75
-973480.67 -165806.21
-973230.83 -165848.64
-973016.06 -165885.11
-972766.22 -165927.53
-972551.46 -165964.00
-972301.62 -166006.42
-972086.85 -166042.89
-971837.02 -166085.31
-971622.25 -166121.78
-971372.41 -166164.20
-971157.65 -166200.67
-970907.81 -166243.09
-970693.04 -166279.56
-970443.20 -166321.98
-970228.44 -166358.45
-969978.60 -166400.87
-969763.83 -166437.34
-969513.99 -166479.76
-969299.23 -166516.23
-969049.39 -166558.65
-968834.63 -166595.12
-968584.79 -166637.55
-968416.83 -166666.07
-967473.97 -166826.16
-967399.03 -166838.89
-965471.36 -167166.21
-964863.38 -167269.45
-963961.43 -167422.60
-963814.92 -167447.48
-963809.74 -167448.36
-936303.54 -172118.97
-930769.05 -173058.74
-928592.08 -173428.39
-926230.42 -173829.41
-926039.20 -173861.87
-925833.86 -173896.74
-925584.09 -173939.15
-925372.31 -173975.12
-925106.20 -174020.30
-925106.20 -174119.95
-925076.64 -174119.95
-925076.64 -174190.95
-925163.70 -174190.95
-925163.70 -174261.95
-925048.70 -174261.95
-925048.70 -174332.95
-925163.70 -174332.95
-925163.70 -174403.95
-925048.70 -174403.95
-925048.70 -174474.95
-925163.70 -174474.95
-925163.70 -174545.95
-925048.70 -174545.95
-925048.70 -174616.95
-925163.70 -174616.95
-925163.70 -174687.95
-925048.70 -174687.95
-925048.70 -174758.95
-925163.70 -174758.95
-925163.70 -174829.95
-925048.70 -174829.95
-925048.70 -174900.95
-925163.70 -174900.95
-925163.70 -174971.95
-925048.70 -174971.95
-925048.70 -175042.95
-925163.70 -175042.95
-925163.70 -175113.95
-925048.70 -175113.95
-925048.70 -175184.95
-925163.70 -175184.95
-925163.70 -175255.95
-925048.70 -175255.95
-925048.70 -175326.95
-925163.70 -175326.95
-925163.70 -175397.95
-925048.70 -175397.95
-925048.70 -175468.95
-925163.70 -175468.95
-925163.70 -175539.95
-925048.70 -175539.95
-925048.70 -175610.95
-925163.70 -175610.95
-925163.70 -175681.95
-925048.70 -175681.95
-925048.70 -175752.95
-925163.70 -175752.95
-925163.70 -175823.95
-925048.70 -175823.95
-925048.70 -175894.95
-925163.70 -175894.95
-925163.70 -175965.95
-925048.70 -175965.95
-925048.70 -176036.95
-925163.70 -176036.95
-925163.70 -176107.95
-925048.70 -176107.95
-925048.70 -176178.95
-925163.70 -176178.95
-925163.70 -176249.95
-925048.70 -176249.95
-925048.70 -176320.95
-925163.70 -176320.95
-925163.70 -176391.95
-925048.70 -176391.95
-925048.70 -176462.95
-925163.70 -176462.95
-925163.70 -176533.95
-925048.70 -176533.95
-925048.70 -176604.95
-925163.70 -176604.95
-925163.70 -176675.95
-925048.70 -176675.95
-925048.70 -176746.95
-925163.70 -176746.95
-925163.70 -176817.95
-925048.70 -176817.95
-925048.70 -176888.95
-925163.70 -176888.95
-925163.70 -176959.95
-925048.70 -176959.95
-925048.70 -177030.95
-925163.70 -177030.95
-925163.70 -177101.95
-925048.70 -177101.95
-925048.70 -177172.95
-925163.70 -177172.95
-925163.70 -177243.95
-925048.70 -177243.95
-925048.70 -177314.95
-925163.70 -177314.95
-925163.70 -177385.95
-925048.70 -177385.95
-925048.70 -177456.95
-925163.70 -177456.95
-925163.70 -177527.95
-925048.70 -177527.95
-925048.70 -177598.95
-925163.70 -177598.95
-925163.70 -177669.95
-925048.70 -177669.95
-925048.70 -177740.95
-925163.70 -177740.95
-925163.70 -177811.95
-925048.70 -177811.95
-925048.70 -177882.95
-925163.70 -177882.95
-925163.70 -177953.95
-925048.70 -177953.95
-925048.70 -178024.95
-925163.70 -178024.95
-925163.70 -178095.95
-925048.70 -178095.95
-925048.70 -178166.95
-925163.70 -178166.95
-925163.70 -178237.95
-925048.70 -178237.95
-925048.70 -178308.95
-925163.70 -178308.95
-925163.70 -178379.95
-925106.20 -178379.95
-925106.20 -178404.45
31.00