-490142.50 -157719.35
-490142.50 -157743.87
-490341.50 -157777.66
-490806.09 -157856.55
-492548.59 -158152.43
-493192.19 -158261.71
-493642.56 -158338.19
-494290.41 -158448.19
-494290.51 -158448.21
-498474.87 -159158.72
-498476.10 -159158.93
-499865.57 -159394.87
-499865.95 -159394.93
-501711.51 -159708.31
-508477.53 -160857.20
-510097.84 -161132.33
-512318.21 -161509.35
-513807.03 -161762.16
-513808.85 -161762.47
-522863.79 -163300.01
-527509.28 -164088.83
-527510.06 -164088.96
-532852.59 -164996.13
-532852.94 -164996.19
-553063.06 -168427.91
-553063.55 -168428.00
-555692.65 -168874.42
-556183.24 -168957.73
-563746.79 -170242.03
-563751.78 -170242.88
-571081.31 -171487.45
-579460.82 -172910.31
-580851.20 -173146.40
-580851.20 -173267.95
-580806.07 -173267.95
-580806.07 -173338.95
-580908.70 -173338.95
-580908.70 -173409.95
-580793.70 -173409.95
-580793.70 -173480.95
-580908.70 -173480.95
-580908.70 -173551.95
-580793.70 -173551.95
-580793.70 -173622.95
-580908.70 -173622.95
-580908.70 -173693.95
-580793.70 -173693.95
-580793.70 -173764.95
-580908.70 -173764.95
-580908.70 -173835.95
-580793.70 -173835.95
-580793.70 -173906.95
-580908.70 -173906.95
-580908.70 -173977.95
-580793.70 -173977.95
-580793.70 -174048.95
-580908.70 -174048.95
-580908.70 -174119.95
-580793.70 -174119.95
-580793.70 -174190.95
-580908.70 -174190.95
-580908.70 -174261.95
-580793.70 -174261.95
-580793.70 -174332.95
-580908.70 -174332.95
-580908.70 -174403.95
-580793.70 -174403.95
-580793.70 -174474.95
-580908.70 -174474.95
-580908.70 -174545.95
-580793.70 -174545.95
-580793.70 -174616.95
-580908.70 -174616.95
-580908.70 -174687.95
-580793.70 -174687.95
-580793.70 -174758.95
-580908.70 -174758.95
-580908.70 -174829.95
-580793.70 -174829.95
-580793.70 -174900.95
-580908.70 -174900.95
-580908.70 -174971.95
-580793.70 -174971.95
-580793.70 -175042.95
-580908.70 -175042.95
-580908.70 -175113.95
-580793.70 -175113.95
-580793.70 -175184.95
-580908.70 -175184.95
-580908.70 -175255.95
-580793.70 -175255.95
-580793.70 -175326.95
-580908.70 -175326.95
-580908.70 -175397.95
-580793.70 -175397.95
-580793.70 -175468.95
-580908.70 -175468.95
-580908.70 -175539.95
-580793.70 -175539.95
-580793.70 -175610.95
-580908.70 -175610.95
-580908.70 -175681.95
-580793.70 -175681.95
-580793.70 -175752.95
-580908.70 -175752.95
-580908.70 -175823.95
-580793.70 -175823.95
-580793.70 -175894.95
-580908.70 -175894.95
-580908.70 -175965.95
-580793.70 -175965.95
-580793.70 -176036.95
-580908.70 -176036.95
-580908.70 -176107.95
-580793.70 -176107.95
-580793.70 -176178.95
-580908.70 -176178.95
-580908.70 -176249.95
-580793.70 -176249.95
-580793.70 -176320.95
-580908.70 -176320.95
-580908.70 -176391.95
-580793.70 -176391.95
-580793.70 -176462.95
-580908.70 -176462.95
-580908.70 -176533.95
-580793.70 -176533.95
-580793.70 -176604.95
-580908.70 -176604.95
-580908.70 -176675.95
-580793.70 -176675.95
-580793.70 -176746.95
-580908.70 -176746.95
-580908.70 -176817.95
-580793.70 -176817.95
-580793.70 -176888.95
-580908.70 -176888.95
-580908.70 -176959.95
-580793.70 -176959.95
-580793.70 -177030.95
-580908.70 -177030.95
-580908.70 -177101.95
-580793.70 -177101.95
-580793.70 -177172.95
-580908.70 -177172.95
-580908.70 -177243.95
-580793.70 -177243.95
-580793.70 -177314.95
-580908.70 -177314.95
-580908.70 -177385.95
-580793.70 -177385.95
-580793.70 -177456.95
-580908.70 -177456.95
-580908.70 -177527.95
-580793.70 -177527.95
-580793.70 -177598.95
-580908.70 -177598.95
-580908.70 -177669.95
-580793.70 -177669.95
-580793.70 -177740.95
-580908.70 -177740.95
-580908.70 -177811.95
-580793.70 -177811.95
-580793.70 -177882.95
-580908.70 -177882.95
-580908.70 -177953.95
-580793.70 -177953.95
-580793.70 -178024.95
-580908.70 -178024.95
-580908.70 -178095.95
-580793.70 -178095.95
-580793.70 -178166.95
-580908.70 -178166.95
-580908.70 -178237.95
-580793.70 -178237.95
-580793.70 -178308.95
-580908.70 -178308.95
-580908.70 -178379.95
-580851.20 -178379.95
-580851.20 -178404.45
31.00