-480821.50 -157719.35
-480821.50 -157743.87
-481020.49 -157777.66
-482149.85 -157969.43
-482378.83 -158008.31
-484505.03 -158369.34
-484969.63 -158448.23
-485201.94 -158487.68
-486331.28 -158679.44
-487409.78 -158862.57
-488611.70 -159066.66
-491872.90 -159620.42
-492880.83 -159791.57
-494029.03 -159986.54
-494029.47 -159986.61
-498210.44 -160696.55
-498221.39 -160698.41
-499604.11 -160933.20
-499604.81 -160933.31
-506922.86 -162175.94
-508216.31 -162395.57
-513536.99 -163299.03
-513545.77 -163300.52
-513549.17 -163301.10
-522602.57 -164838.38
-527247.95 -165627.18
-527248.91 -165627.34
-532591.31 -166534.49
-532591.72 -166534.56
-552801.90 -169966.29
-552802.39 -169966.38
-555431.44 -170412.79
-555922.02 -170496.10
-563485.03 -171780.31
-563490.02 -171781.16
-570820.09 -173025.82
-574806.20 -173702.67
-574806.20 -173835.95
-574748.70 -173835.95
-574748.70 -173906.95
-574863.70 -173906.95
-574863.70 -173977.95
-574748.70 -173977.95
-574748.70 -174048.95
-574863.70 -174048.95
-574863.70 -174119.95
-574748.70 -174119.95
-574748.70 -174190.95
-574863.70 -174190.95
-574863.70 -174261.95
-574748.70 -174261.95
-574748.70 -174332.95
-574863.70 -174332.95
-574863.70 -174403.95
-574748.70 -174403.95
-574748.70 -174474.95
-574863.70 -174474.95
-574863.70 -174545.95
-574748.70 -174545.95
-574748.70 -174616.95
-574863.70 -174616.95
-574863.70 -174687.95
-574748.70 -174687.95
-574748.70 -174758.95
-574863.70 -174758.95
-574863.70 -174829.95
-574748.70 -174829.95
-574748.70 -174900.95
-574863.70 -174900.95
-574863.70 -174971.95
-574748.70 -174971.95
-574748.70 -175042.95
-574863.70 -175042.95
-574863.70 -175113.95
-574748.70 -175113.95
-574748.70 -175184.95
-574863.70 -175184.95
-574863.70 -175255.95
-574748.70 -175255.95
-574748.70 -175326.95
-574863.70 -175326.95
-574863.70 -175397.95
-574748.70 -175397.95
-574748.70 -175468.95
-574863.70 -175468.95
-574863.70 -175539.95
-574748.70 -175539.95
-574748.70 -175610.95
-574863.70 -175610.95
-574863.70 -175681.95
-574748.70 -175681.95
-574748.70 -175752.95
-574863.70 -175752.95
-574863.70 -175823.95
-574748.70 -175823.95
-574748.70 -175894.95
-574863.70 -175894.95
-574863.70 -175965.95
-574748.70 -175965.95
-574748.70 -176036.95
-574863.70 -176036.95
-574863.70 -176107.95
-574748.70 -176107.95
-574748.70 -176178.95
-574863.70 -176178.95
-574863.70 -176249.95
-574748.70 -176249.95
-574748.70 -176320.95
-574863.70 -176320.95
-574863.70 -176391.95
-574748.70 -176391.95
-574748.70 -176462.95
-574863.70 -176462.95
-574863.70 -176533.95
-574748.70 -176533.95
-574748.70 -176604.95
-574863.70 -176604.95
-574863.70 -176675.95
-574748.70 -176675.95
-574748.70 -176746.95
-574863.70 -176746.95
-574863.70 -176817.95
-574748.70 -176817.95
-574748.70 -176888.95
-574863.70 -176888.95
-574863.70 -176959.95
-574748.70 -176959.95
-574748.70 -177030.95
-574863.70 -177030.95
-574863.70 -177101.95
-574748.70 -177101.95
-574748.70 -177172.95
-574863.70 -177172.95
-574863.70 -177243.95
-574748.70 -177243.95
-574748.70 -177314.95
-574863.70 -177314.95
-574863.70 -177385.95
-574748.70 -177385.95
-574748.70 -177456.95
-574863.70 -177456.95
-574863.70 -177527.95
-574748.70 -177527.95
-574748.70 -177598.95
-574863.70 -177598.95
-574863.70 -177669.95
-574748.70 -177669.95
-574748.70 -177740.95
-574863.70 -177740.95
-574863.70 -177811.95
-574748.70 -177811.95
-574748.70 -177882.95
-574863.70 -177882.95
-574863.70 -177953.95
-574748.70 -177953.95
-574748.70 -178024.95
-574863.70 -178024.95
-574863.70 -178095.95
-574748.70 -178095.95
-574748.70 -178166.95
-574863.70 -178166.95
-574863.70 -178237.95
-574748.70 -178237.95
-574748.70 -178308.95
-574863.70 -178308.95
-574863.70 -178379.95
-574806.20 -178379.95
-574806.20 -178404.45
31.00