-453336.50 -157719.35
-453336.50 -157743.87
-453535.50 -157777.66
-456236.59 -158236.31
-456391.70 -158262.65
-460039.96 -158882.13
-460504.55 -158961.02
-460736.86 -159000.47
-461201.46 -159079.36
-463892.66 -159536.33
-463915.50 -159540.21
-465112.55 -159743.47
-471808.75 -160880.50
-471847.96 -160887.16
-475594.08 -161523.25
-476766.40 -161722.32
-476766.82 -161722.39
-478622.54 -162037.49
-478624.75 -162037.87
-481309.19 -162493.69
-481663.50 -162553.85
-482512.80 -162698.07
-485268.60 -163166.01
-485461.64 -163198.79
-493258.60 -164522.73
-493259.56 -164522.89
-497432.82 -165231.52
-497468.57 -165237.59
-498833.17 -165469.30
-498833.81 -165469.41
-512778.30 -167837.21
-512782.49 -167837.92
-521832.31 -169374.60
-526477.62 -170163.39
-526478.84 -170163.59
-531820.89 -171070.68
-531821.43 -171070.78
-552031.78 -174502.53
-552032.26 -174502.62
-554661.18 -174949.01
-555151.76 -175032.31
-556981.20 -175342.96
-556981.20 -175468.95
-557038.70 -175468.95
-557038.70 -175539.95
-556923.70 -175539.95
-556923.70 -175610.95
-557038.70 -175610.95
-557038.70 -175681.95
-556923.70 -175681.95
-556923.70 -175752.95
-557038.70 -175752.95
-557038.70 -175823.95
-556923.70 -175823.95
-556923.70 -175894.95
-557038.70 -175894.95
-557038.70 -175965.95
-556923.70 -175965.95
-556923.70 -176036.95
-557038.70 -176036.95
-557038.70 -176107.95
-556923.70 -176107.95
-556923.70 -176178.95
-557038.70 -176178.95
-557038.70 -176249.95
-556923.70 -176249.95
-556923.70 -176320.95
-557038.70 -176320.95
-557038.70 -176391.95
-556923.70 -176391.95
-556923.70 -176462.95
-557038.70 -176462.95
-557038.70 -176533.95
-556923.70 -176533.95
-556923.70 -176604.95
-557038.70 -176604.95
-557038.70 -176675.95
-556923.70 -176675.95
-556923.70 -176746.95
-557038.70 -176746.95
-557038.70 -176817.95
-556923.70 -176817.95
-556923.70 -176888.95
-557038.70 -176888.95
-557038.70 -176959.95
-556923.70 -176959.95
-556923.70 -177030.95
-557038.70 -177030.95
-557038.70 -177101.95
-556923.70 -177101.95
-556923.70 -177172.95
-557038.70 -177172.95
-557038.70 -177243.95
-556923.70 -177243.95
-556923.70 -177314.95
-557038.70 -177314.95
-557038.70 -177385.95
-556923.70 -177385.95
-556923.70 -177456.95
-557038.70 -177456.95
-557038.70 -177527.95
-556923.70 -177527.95
-556923.70 -177598.95
-557038.70 -177598.95
-557038.70 -177669.95
-556923.70 -177669.95
-556923.70 -177740.95
-557038.70 -177740.95
-557038.70 -177811.95
-556923.70 -177811.95
-556923.70 -177882.95
-557038.70 -177882.95
-557038.70 -177953.95
-556923.70 -177953.95
-556923.70 -178024.95
-557038.70 -178024.95
-557038.70 -178095.95
-556923.70 -178095.95
-556923.70 -178166.95
-557038.70 -178166.95
-557038.70 -178237.95
-556923.70 -178237.95
-556923.70 -178308.95
-557038.70 -178308.95
-557038.70 -178379.95
-556981.20 -178379.95
-556981.20 -178404.45
31.00