-920581.50 -157719.35
-920581.50 -157743.87
-920382.50 -157777.66
-920017.27 -157839.68
-919804.38 -157875.83
-919543.55 -157920.12
-919302.25 -157961.09
-919066.53 -158001.11
-918868.59 -158034.72
-918614.34 -158077.90
-918399.57 -158114.37
-918149.74 -158156.79
-917974.72 -158186.51
-916978.20 -158355.72
-916571.87 -158424.71
-916461.64 -158443.43
-916237.39 -158481.51
-916016.52 -158519.01
-915232.52 -158652.14
-915007.93 -158690.27
-914703.81 -158741.91
-914191.68 -158828.87
-914077.22 -158848.31
-913127.96 -159009.50
-912406.79 -159131.95
-912286.90 -159152.31
-912198.89 -159167.25
-911760.34 -159241.72
-911664.22 -159258.04
-910941.88 -159380.70
-910825.41 -159400.48
-910716.07 -159419.04
-910508.51 -159454.29
-909287.49 -159661.62
-909266.80 -159665.13
-909107.49 -159692.18
-908857.65 -159734.60
-908616.36 -159775.58
-908380.63 -159815.60
-908173.35 -159850.80
-907681.77 -159934.27
-907489.69 -159966.89
-907353.20 -159990.06
-907199.98 -160016.08
-906768.72 -160089.31
-906534.29 -160129.12
-903385.24 -160663.83
-902842.53 -160755.98
-902812.66 -160761.06
-901701.43 -160949.75
-899552.71 -161314.60
-898665.71 -161465.22
-898428.39 -161505.51
-896853.87 -161772.87
-896313.34 -161864.65
-896072.05 -161905.63
-895836.32 -161945.65
-895638.39 -161979.26
-895384.13 -162022.44
-895214.89 -162051.17
-894327.68 -162201.82
-894279.18 -162210.06
-893846.91 -162283.46
-893064.42 -162416.33
-892846.49 -162453.33
-892010.56 -162595.27
-891829.91 -162625.95
-888394.41 -163209.31
-887627.69 -163339.50
-886632.55 -163508.47
-884801.50 -163819.39
-883617.52 -164020.43
-883601.41 -164023.17
-883163.88 -164097.46
-882773.71 -164163.71
-879942.28 -164644.50
-879938.61 -164645.12
-879530.20 -164714.47
-877512.27 -165057.12
-877316.70 -165090.32
-877079.50 -165130.60
-876848.96 -165169.75
-876069.49 -165302.10
-875979.49 -165317.38
-874882.15 -165503.71
-874518.24 -165565.51
-873427.23 -165750.76
-872739.44 -165867.55
-870313.12 -166279.55
-870072.67 -166320.38
-869943.51 -166342.31
-869130.37 -166480.38
-869028.58 -166497.66
-868272.32 -166626.08
-868065.51 -166661.20
-867805.19 -166705.40
-862114.82 -167671.63
-860857.69 -167885.10
-860551.44 -167937.10
-860006.20 -168029.68
-860006.20 -168155.95
-859965.72 -168155.95
-859965.72 -168226.95
-860063.70 -168226.95
-860063.70 -168297.95
-859948.70 -168297.95
-859948.70 -168368.95
-860063.70 -168368.95
-860063.70 -168439.95
-859948.70 -168439.95
-859948.70 -168510.95
-860063.70 -168510.95
-860063.70 -168581.95
-859948.70 -168581.95
-859948.70 -168652.95
-860063.70 -168652.95
-860063.70 -168723.95
-859948.70 -168723.95
-859948.70 -168794.95
-860063.70 -168794.95
-860063.70 -168865.95
-859948.70 -168865.95
-859948.70 -168936.95
-860063.70 -168936.95
-860063.70 -169007.95
-859948.70 -169007.95
-859948.70 -169078.95
-860063.70 -169078.95
-860063.70 -169149.95
-859948.70 -169149.95
-859948.70 -169220.95
-860063.70 -169220.95
-860063.70 -169291.95
-859948.70 -169291.95
-859948.70 -169362.95
-860063.70 -169362.95
-860063.70 -169433.95
-859948.70 -169433.95
-859948.70 -169504.95
-860063.70 -169504.95
-860063.70 -169575.95
-859948.70 -169575.95
-859948.70 -169646.95
-860063.70 -169646.95
-860063.70 -169717.95
-859948.70 -169717.95
-859948.70 -169788.95
-860063.70 -169788.95
-860063.70 -169859.95
-859948.70 -169859.95
-859948.70 -169930.95
-860063.70 -169930.95
-860063.70 -170001.95
-859948.70 -170001.95
-859948.70 -170072.95
-860063.70 -170072.95
-860063.70 -170143.95
-859948.70 -170143.95
-859948.70 -170214.95
-860063.70 -170214.95
-860063.70 -170285.95
-859948.70 -170285.95
-859948.70 -170356.95
-860063.70 -170356.95
-860063.70 -170427.95
-859948.70 -170427.95
-859948.70 -170498.95
-860063.70 -170498.95
-860063.70 -170569.95
-859948.70 -170569.95
-859948.70 -170640.95
-860063.70 -170640.95
-860063.70 -170711.95
-859948.70 -170711.95
-859948.70 -170782.95
-860063.70 -170782.95
-860063.70 -170853.95
-859948.70 -170853.95
-859948.70 -170924.95
-860063.70 -170924.95
-860063.70 -170995.95
-859948.70 -170995.95
-859948.70 -171066.95
-860063.70 -171066.95
-860063.70 -171137.95
-859948.70 -171137.95
-859948.70 -171208.95
-860063.70 -171208.95
-860063.70 -171279.95
-859948.70 -171279.95
-859948.70 -171350.95
-860063.70 -171350.95
-860063.70 -171421.95
-859948.70 -171421.95
-859948.70 -171492.95
-860063.70 -171492.95
-860063.70 -171563.95
-859948.70 -171563.95
-859948.70 -171634.95
-860063.70 -171634.95
-860063.70 -171705.95
-859948.70 -171705.95
-859948.70 -171776.95
-860063.70 -171776.95
-860063.70 -171847.95
-859948.70 -171847.95
-859948.70 -171918.95
-860063.70 -171918.95
-860063.70 -171989.95
-859948.70 -171989.95
-859948.70 -172060.95
-860063.70 -172060.95
-860063.70 -172131.95
-859948.70 -172131.95
-859948.70 -172202.95
-860063.70 -172202.95
-860063.70 -172273.95
-859948.70 -172273.95
-859948.70 -172344.95
-860063.70 -172344.95
-860063.70 -172415.95
-859948.70 -172415.95
-859948.70 -172486.95
-860063.70 -172486.95
-860063.70 -172557.95
-859948.70 -172557.95
-859948.70 -172628.95
-860063.70 -172628.95
-860063.70 -172699.95
-859948.70 -172699.95
-859948.70 -172770.95
-860063.70 -172770.95
-860063.70 -172841.95
-859948.70 -172841.95
-859948.70 -172912.95
-860063.70 -172912.95
-860063.70 -172983.95
-859948.70 -172983.95
-859948.70 -173054.95
-860063.70 -173054.95
-860063.70 -173125.95
-859948.70 -173125.95
-859948.70 -173196.95
-860063.70 -173196.95
-860063.70 -173267.95
-859948.70 -173267.95
-859948.70 -173338.95
-860063.70 -173338.95
-860063.70 -173409.95
-859948.70 -173409.95
-859948.70 -173480.95
-860063.70 -173480.95
-860063.70 -173551.95
-859948.70 -173551.95
-859948.70 -173622.95
-860063.70 -173622.95
-860063.70 -173693.95
-859948.70 -173693.95
-859948.70 -173764.95
-860063.70 -173764.95
-860063.70 -173835.95
-859948.70 -173835.95
-859948.70 -173906.95
-860063.70 -173906.95
-860063.70 -173977.95
-859948.70 -173977.95
-859948.70 -174048.95
-860063.70 -174048.95
-860063.70 -174119.95
-859948.70 -174119.95
-859948.70 -174190.95
-860063.70 -174190.95
-860063.70 -174261.95
-859948.70 -174261.95
-859948.70 -174332.95
-860063.70 -174332.95
-860063.70 -174403.95
-859948.70 -174403.95
-859948.70 -174474.95
-860063.70 -174474.95
-860063.70 -174545.95
-859948.70 -174545.95
-859948.70 -174616.95
-860063.70 -174616.95
-860063.70 -174687.95
-859948.70 -174687.95
-859948.70 -174758.95
-860063.70 -174758.95
-860063.70 -174829.95
-859948.70 -174829.95
-859948.70 -174900.95
-860063.70 -174900.95
-860063.70 -174971.95
-859948.70 -174971.95
-859948.70 -175042.95
-860063.70 -175042.95
-860063.70 -175113.95
-859948.70 -175113.95
-859948.70 -175184.95
-860063.70 -175184.95
-860063.70 -175255.95
-859948.70 -175255.95
-859948.70 -175326.95
-860063.70 -175326.95
-860063.70 -175397.95
-859948.70 -175397.95
-859948.70 -175468.95
-860063.70 -175468.95
-860063.70 -175539.95
-859948.70 -175539.95
-859948.70 -175610.95
-860063.70 -175610.95
-860063.70 -175681.95
-859948.70 -175681.95
-859948.70 -175752.95
-860063.70 -175752.95
-860063.70 -175823.95
-859948.70 -175823.95
-859948.70 -175894.95
-860063.70 -175894.95
-860063.70 -175965.95
-859948.70 -175965.95
-859948.70 -176036.95
-860063.70 -176036.95
-860063.70 -176107.95
-859948.70 -176107.95
-859948.70 -176178.95
-860063.70 -176178.95
-860063.70 -176249.95
-859948.70 -176249.95
-859948.70 -176320.95
-860063.70 -176320.95
-860063.70 -176391.95
-859948.70 -176391.95
-859948.70 -176462.95
-860063.70 -176462.95
-860063.70 -176533.95
-859948.70 -176533.95
-859948.70 -176604.95
-860063.70 -176604.95
-860063.70 -176675.95
-859948.70 -176675.95
-859948.70 -176746.95
-860063.70 -176746.95
-860063.70 -176817.95
-859948.70 -176817.95
-859948.70 -176888.95
-860063.70 -176888.95
-860063.70 -176959.95
-859948.70 -176959.95
-859948.70 -177030.95
-860063.70 -177030.95
-860063.70 -177101.95
-859948.70 -177101.95
-859948.70 -177172.95
-860063.70 -177172.95
-860063.70 -177243.95
-859948.70 -177243.95
-859948.70 -177314.95
-860063.70 -177314.95
-860063.70 -177385.95
-859948.70 -177385.95
-859948.70 -177456.95
-860063.70 -177456.95
-860063.70 -177527.95
-859948.70 -177527.95
-859948.70 -177598.95
-860063.70 -177598.95
-860063.70 -177669.95
-859948.70 -177669.95
-859948.70 -177740.95
-860063.70 -177740.95
-860063.70 -177811.95
-859948.70 -177811.95
-859948.70 -177882.95
-860063.70 -177882.95
-860063.70 -177953.95
-859948.70 -177953.95
-859948.70 -178024.95
-860063.70 -178024.95
-860063.70 -178095.95
-859948.70 -178095.95
-859948.70 -178166.95
-860063.70 -178166.95
-860063.70 -178237.95
-859948.70 -178237.95
-859948.70 -178308.95
-860063.70 -178308.95
-860063.70 -178379.95
-860006.20 -178379.95
-860006.20 -178404.45
31.00