-537703.50 -157719.35
-537703.50 -157743.87
-538134.79 -157817.10
-538738.43 -157919.60
-540457.82 -158211.56
-541387.02 -158369.34
-541387.05 -158369.34
-542316.23 -158527.12
-542780.86 -158606.02
-542780.89 -158606.02
-543245.45 -158684.90
-551285.57 -160050.13
-553692.71 -160458.87
-554396.15 -160578.32
-554396.19 -160578.32
-557025.54 -161024.79
-557516.12 -161108.09
-565082.71 -162392.92
-565082.83 -162392.94
-565546.45 -162471.66
-566011.04 -162550.55
-567140.40 -162742.32
-568313.74 -162941.55
-572162.58 -163595.09
-577404.81 -164485.24
-583201.73 -165469.56
-583204.20 -165469.98
-585525.45 -165864.14
-585525.54 -165864.15
-585731.80 -165899.18
-587613.24 -166218.65
-587613.66 -166218.72
-611696.20 -170307.99
-611696.20 -170427.95
-611653.11 -170427.95
-611653.11 -170498.95
-611753.70 -170498.95
-611753.70 -170569.95
-611638.70 -170569.95
-611638.70 -170640.95
-611753.70 -170640.95
-611753.70 -170711.95
-611638.70 -170711.95
-611638.70 -170782.95
-611753.70 -170782.95
-611753.70 -170853.95
-611638.70 -170853.95
-611638.70 -170924.95
-611753.70 -170924.95
-611753.70 -170995.95
-611638.70 -170995.95
-611638.70 -171066.95
-611753.70 -171066.95
-611753.70 -171137.95
-611638.70 -171137.95
-611638.70 -171208.95
-611753.70 -171208.95
-611753.70 -171279.95
-611638.70 -171279.95
-611638.70 -171350.95
-611753.70 -171350.95
-611753.70 -171421.95
-611638.70 -171421.95
-611638.70 -171492.95
-611753.70 -171492.95
-611753.70 -171563.95
-611638.70 -171563.95
-611638.70 -171634.95
-611753.70 -171634.95
-611753.70 -171705.95
-611638.70 -171705.95
-611638.70 -171776.95
-611753.70 -171776.95
-611753.70 -171847.95
-611638.70 -171847.95
-611638.70 -171918.95
-611753.70 -171918.95
-611753.70 -171989.95
-611638.70 -171989.95
-611638.70 -172060.95
-611753.70 -172060.95
-611753.70 -172131.95
-611638.70 -172131.95
-611638.70 -172202.95
-611753.70 -172202.95
-611753.70 -172273.95
-611638.70 -172273.95
-611638.70 -172344.95
-611753.70 -172344.95
-611753.70 -172415.95
-611638.70 -172415.95
-611638.70 -172486.95
-611753.70 -172486.95
-611753.70 -172557.95
-611638.70 -172557.95
-611638.70 -172628.95
-611753.70 -172628.95
-611753.70 -172699.95
-611638.70 -172699.95
-611638.70 -172770.95
-611753.70 -172770.95
-611753.70 -172841.95
-611638.70 -172841.95
-611638.70 -172912.95
-611753.70 -172912.95
-611753.70 -172983.95
-611638.70 -172983.95
-611638.70 -173054.95
-611753.70 -173054.95
-611753.70 -173125.95
-611638.70 -173125.95
-611638.70 -173196.95
-611753.70 -173196.95
-611753.70 -173267.95
-611638.70 -173267.95
-611638.70 -173338.95
-611753.70 -173338.95
-611753.70 -173409.95
-611638.70 -173409.95
-611638.70 -173480.95
-611753.70 -173480.95
-611753.70 -173551.95
-611638.70 -173551.95
-611638.70 -173622.95
-611753.70 -173622.95
-611753.70 -173693.95
-611638.70 -173693.95
-611638.70 -173764.95
-611753.70 -173764.95
-611753.70 -173835.95
-611638.70 -173835.95
-611638.70 -173906.95
-611753.70 -173906.95
-611753.70 -173977.95
-611638.70 -173977.95
-611638.70 -174048.95
-611753.70 -174048.95
-611753.70 -174119.95
-611638.70 -174119.95
-611638.70 -174190.95
-611753.70 -174190.95
-611753.70 -174261.95
-611638.70 -174261.95
-611638.70 -174332.95
-611753.70 -174332.95
-611753.70 -174403.95
-611638.70 -174403.95
-611638.70 -174474.95
-611753.70 -174474.95
-611753.70 -174545.95
-611638.70 -174545.95
-611638.70 -174616.95
-611753.70 -174616.95
-611753.70 -174687.95
-611638.70 -174687.95
-611638.70 -174758.95
-611753.70 -174758.95
-611753.70 -174829.95
-611638.70 -174829.95
-611638.70 -174900.95
-611753.70 -174900.95
-611753.70 -174971.95
-611638.70 -174971.95
-611638.70 -175042.95
-611753.70 -175042.95
-611753.70 -175113.95
-611638.70 -175113.95
-611638.70 -175184.95
-611753.70 -175184.95
-611753.70 -175255.95
-611638.70 -175255.95
-611638.70 -175326.95
-611753.70 -175326.95
-611753.70 -175397.95
-611638.70 -175397.95
-611638.70 -175468.95
-611753.70 -175468.95
-611753.70 -175539.95
-611638.70 -175539.95
-611638.70 -175610.95
-611753.70 -175610.95
-611753.70 -175681.95
-611638.70 -175681.95
-611638.70 -175752.95
-611753.70 -175752.95
-611753.70 -175823.95
-611638.70 -175823.95
-611638.70 -175894.95
-611753.70 -175894.95
-611753.70 -175965.95
-611638.70 -175965.95
-611638.70 -176036.95
-611753.70 -176036.95
-611753.70 -176107.95
-611638.70 -176107.95
-611638.70 -176178.95
-611753.70 -176178.95
-611753.70 -176249.95
-611638.70 -176249.95
-611638.70 -176320.95
-611753.70 -176320.95
-611753.70 -176391.95
-611638.70 -176391.95
-611638.70 -176462.95
-611753.70 -176462.95
-611753.70 -176533.95
-611638.70 -176533.95
-611638.70 -176604.95
-611753.70 -176604.95
-611753.70 -176675.95
-611638.70 -176675.95
-611638.70 -176746.95
-611753.70 -176746.95
-611753.70 -176817.95
-611638.70 -176817.95
-611638.70 -176888.95
-611753.70 -176888.95
-611753.70 -176959.95
-611638.70 -176959.95
-611638.70 -177030.95
-611753.70 -177030.95
-611753.70 -177101.95
-611638.70 -177101.95
-611638.70 -177172.95
-611753.70 -177172.95
-611753.70 -177243.95
-611638.70 -177243.95
-611638.70 -177314.95
-611753.70 -177314.95
-611753.70 -177385.95
-611638.70 -177385.95
-611638.70 -177456.95
-611753.70 -177456.95
-611753.70 -177527.95
-611638.70 -177527.95
-611638.70 -177598.95
-611753.70 -177598.95
-611753.70 -177669.95
-611638.70 -177669.95
-611638.70 -177740.95
-611753.70 -177740.95
-611753.70 -177811.95
-611638.70 -177811.95
-611638.70 -177882.95
-611753.70 -177882.95
-611753.70 -177953.95
-611638.70 -177953.95
-611638.70 -178024.95
-611753.70 -178024.95
-611753.70 -178095.95
-611638.70 -178095.95
-611638.70 -178166.95
-611753.70 -178166.95
-611753.70 -178237.95
-611638.70 -178237.95
-611638.70 -178308.95
-611753.70 -178308.95
-611753.70 -178379.95
-611696.20 -178379.95
-611696.20 -178404.45
31.00