-808012.50 -157719.35
-808012.50 -157743.87
-807813.50 -157777.66
-807581.20 -157817.11
-807111.96 -157896.78
-806891.85 -157934.16
-806591.08 -157985.23
-806401.67 -158017.39
-806137.95 -158062.17
-806031.62 -158080.23
-805424.86 -158183.26
-805300.39 -158204.39
-805014.59 -158252.92
-804760.39 -158296.08
-804674.51 -158310.67
-803997.07 -158425.70
-803739.06 -158469.51
-803730.99 -158470.88
-803490.02 -158511.80
-803245.87 -158553.25
-802717.72 -158642.93
-802527.30 -158675.27
-802096.20 -158748.47
-801881.44 -158784.94
-801631.60 -158827.36
-801463.64 -158855.88
-800526.36 -159015.03
-800249.95 -159061.97
-798182.86 -159412.96
-798126.46 -159422.54
-797777.76 -159481.75
-797288.89 -159564.76
-795948.42 -159792.38
-795117.69 -159933.44
-794804.59 -159986.60
-787001.20 -161311.63
-787001.20 -161410.95
-787030.94 -161410.95
-787030.94 -161481.95
-786943.70 -161481.95
-786943.70 -161552.95
-787058.70 -161552.95
-787058.70 -161623.95
-786943.70 -161623.95
-786943.70 -161694.95
-787058.70 -161694.95
-787058.70 -161765.95
-786943.70 -161765.95
-786943.70 -161836.95
-787058.70 -161836.95
-787058.70 -161907.95
-786943.70 -161907.95
-786943.70 -161978.95
-787058.70 -161978.95
-787058.70 -162049.95
-786943.70 -162049.95
-786943.70 -162120.95
-787058.70 -162120.95
-787058.70 -162191.95
-786943.70 -162191.95
-786943.70 -162262.95
-787058.70 -162262.95
-787058.70 -162333.95
-786943.70 -162333.95
-786943.70 -162404.95
-787058.70 -162404.95
-787058.70 -162475.95
-786943.70 -162475.95
-786943.70 -162546.95
-787058.70 -162546.95
-787058.70 -162617.95
-786943.70 -162617.95
-786943.70 -162688.95
-787058.70 -162688.95
-787058.70 -162759.95
-786943.70 -162759.95
-786943.70 -162830.95
-787058.70 -162830.95
-787058.70 -162901.95
-786943.70 -162901.95
-786943.70 -162972.95
-787058.70 -162972.95
-787058.70 -163043.95
-786943.70 -163043.95
-786943.70 -163114.95
-787058.70 -163114.95
-787058.70 -163185.95
-786943.70 -163185.95
-786943.70 -163256.95
-787058.70 -163256.95
-787058.70 -163327.95
-786943.70 -163327.95
-786943.70 -163398.95
-787058.70 -163398.95
-787058.70 -163469.95
-786943.70 -163469.95
-786943.70 -163540.95
-787058.70 -163540.95
-787058.70 -163611.95
-786943.70 -163611.95
-786943.70 -163682.95
-787058.70 -163682.95
-787058.70 -163753.95
-786943.70 -163753.95
-786943.70 -163824.95
-787058.70 -163824.95
-787058.70 -163895.95
-786943.70 -163895.95
-786943.70 -163966.95
-787058.70 -163966.95
-787058.70 -164037.95
-786943.70 -164037.95
-786943.70 -164108.95
-787058.70 -164108.95
-787058.70 -164179.95
-786943.70 -164179.95
-786943.70 -164250.95
-787058.70 -164250.95
-787058.70 -164321.95
-786943.70 -164321.95
-786943.70 -164392.95
-787058.70 -164392.95
-787058.70 -164463.95
-786943.70 -164463.95
-786943.70 -164534.95
-787058.70 -164534.95
-787058.70 -164605.95
-786943.70 -164605.95
-786943.70 -164676.95
-787058.70 -164676.95
-787058.70 -164747.95
-786943.70 -164747.95
-786943.70 -164818.95
-787058.70 -164818.95
-787058.70 -164889.95
-786943.70 -164889.95
-786943.70 -164960.95
-787058.70 -164960.95
-787058.70 -165031.95
-786943.70 -165031.95
-786943.70 -165102.95
-787058.70 -165102.95
-787058.70 -165173.95
-786943.70 -165173.95
-786943.70 -165244.95
-787058.70 -165244.95
-787058.70 -165315.95
-786943.70 -165315.95
-786943.70 -165386.95
-787058.70 -165386.95
-787058.70 -165457.95
-786943.70 -165457.95
-786943.70 -165528.95
-787058.70 -165528.95
-787058.70 -165599.95
-786943.70 -165599.95
-786943.70 -165670.95
-787058.70 -165670.95
-787058.70 -165741.95
-786943.70 -165741.95
-786943.70 -165812.95
-787058.70 -165812.95
-787058.70 -165883.95
-786943.70 -165883.95
-786943.70 -165954.95
-787058.70 -165954.95
-787058.70 -166025.95
-786943.70 -166025.95
-786943.70 -166096.95
-787058.70 -166096.95
-787058.70 -166167.95
-786943.70 -166167.95
-786943.70 -166238.95
-787058.70 -166238.95
-787058.70 -166309.95
-786943.70 -166309.95
-786943.70 -166380.95
-787058.70 -166380.95
-787058.70 -166451.95
-786943.70 -166451.95
-786943.70 -166522.95
-787058.70 -166522.95
-787058.70 -166593.95
-786943.70 -166593.95
-786943.70 -166664.95
-787058.70 -166664.95
-787058.70 -166735.95
-786943.70 -166735.95
-786943.70 -166806.95
-787058.70 -166806.95
-787058.70 -166877.95
-786943.70 -166877.95
-786943.70 -166948.95
-787058.70 -166948.95
-787058.70 -167019.95
-786943.70 -167019.95
-786943.70 -167090.95
-787058.70 -167090.95
-787058.70 -167161.95
-786943.70 -167161.95
-786943.70 -167232.95
-787058.70 -167232.95
-787058.70 -167303.95
-786943.70 -167303.95
-786943.70 -167374.95
-787058.70 -167374.95
-787058.70 -167445.95
-786943.70 -167445.95
-786943.70 -167516.95
-787058.70 -167516.95
-787058.70 -167587.95
-786943.70 -167587.95
-786943.70 -167658.95
-787058.70 -167658.95
-787058.70 -167729.95
-786943.70 -167729.95
-786943.70 -167800.95
-787058.70 -167800.95
-787058.70 -167871.95
-786943.70 -167871.95
-786943.70 -167942.95
-787058.70 -167942.95
-787058.70 -168013.95
-786943.70 -168013.95
-786943.70 -168084.95
-787058.70 -168084.95
-787058.70 -168155.95
-786943.70 -168155.95
-786943.70 -168226.95
-787058.70 -168226.95
-787058.70 -168297.95
-786943.70 -168297.95
-786943.70 -168368.95
-787058.70 -168368.95
-787058.70 -168439.95
-786943.70 -168439.95
-786943.70 -168510.95
-787058.70 -168510.95
-787058.70 -168581.95
-786943.70 -168581.95
-786943.70 -168652.95
-787058.70 -168652.95
-787058.70 -168723.95
-786943.70 -168723.95
-786943.70 -168794.95
-787058.70 -168794.95
-787058.70 -168865.95
-786943.70 -168865.95
-786943.70 -168936.95
-787058.70 -168936.95
-787058.70 -169007.95
-786943.70 -169007.95
-786943.70 -169078.95
-787058.70 -169078.95
-787058.70 -169149.95
-786943.70 -169149.95
-786943.70 -169220.95
-787058.70 -169220.95
-787058.70 -169291.95
-786943.70 -169291.95
-786943.70 -169362.95
-787058.70 -169362.95
-787058.70 -169433.95
-786943.70 -169433.95
-786943.70 -169504.95
-787058.70 -169504.95
-787058.70 -169575.95
-786943.70 -169575.95
-786943.70 -169646.95
-787058.70 -169646.95
-787058.70 -169717.95
-786943.70 -169717.95
-786943.70 -169788.95
-787058.70 -169788.95
-787058.70 -169859.95
-786943.70 -169859.95
-786943.70 -169930.95
-787058.70 -169930.95
-787058.70 -170001.95
-786943.70 -170001.95
-786943.70 -170072.95
-787058.70 -170072.95
-787058.70 -170143.95
-786943.70 -170143.95
-786943.70 -170214.95
-787058.70 -170214.95
-787058.70 -170285.95
-786943.70 -170285.95
-786943.70 -170356.95
-787058.70 -170356.95
-787058.70 -170427.95
-786943.70 -170427.95
-786943.70 -170498.95
-787058.70 -170498.95
-787058.70 -170569.95
-786943.70 -170569.95
-786943.70 -170640.95
-787058.70 -170640.95
-787058.70 -170711.95
-786943.70 -170711.95
-786943.70 -170782.95
-787058.70 -170782.95
-787058.70 -170853.95
-786943.70 -170853.95
-786943.70 -170924.95
-787058.70 -170924.95
-787058.70 -170995.95
-786943.70 -170995.95
-786943.70 -171066.95
-787058.70 -171066.95
-787058.70 -171137.95
-786943.70 -171137.95
-786943.70 -171208.95
-787058.70 -171208.95
-787058.70 -171279.95
-786943.70 -171279.95
-786943.70 -171350.95
-787058.70 -171350.95
-787058.70 -171421.95
-786943.70 -171421.95
-786943.70 -171492.95
-787058.70 -171492.95
-787058.70 -171563.95
-786943.70 -171563.95
-786943.70 -171634.95
-787058.70 -171634.95
-787058.70 -171705.95
-786943.70 -171705.95
-786943.70 -171776.95
-787058.70 -171776.95
-787058.70 -171847.95
-786943.70 -171847.95
-786943.70 -171918.95
-787058.70 -171918.95
-787058.70 -171989.95
-786943.70 -171989.95
-786943.70 -172060.95
-787058.70 -172060.95
-787058.70 -172131.95
-786943.70 -172131.95
-786943.70 -172202.95
-787058.70 -172202.95
-787058.70 -172273.95
-786943.70 -172273.95
-786943.70 -172344.95
-787058.70 -172344.95
-787058.70 -172415.95
-786943.70 -172415.95
-786943.70 -172486.95
-787058.70 -172486.95
-787058.70 -172557.95
-786943.70 -172557.95
-786943.70 -172628.95
-787058.70 -172628.95
-787058.70 -172699.95
-786943.70 -172699.95
-786943.70 -172770.95
-787058.70 -172770.95
-787058.70 -172841.95
-786943.70 -172841.95
-786943.70 -172912.95
-787058.70 -172912.95
-787058.70 -172983.95
-786943.70 -172983.95
-786943.70 -173054.95
-787058.70 -173054.95
-787058.70 -173125.95
-786943.70 -173125.95
-786943.70 -173196.95
-787058.70 -173196.95
-787058.70 -173267.95
-786943.70 -173267.95
-786943.70 -173338.95
-787058.70 -173338.95
-787058.70 -173409.95
-786943.70 -173409.95
-786943.70 -173480.95
-787058.70 -173480.95
-787058.70 -173551.95
-786943.70 -173551.95
-786943.70 -173622.95
-787058.70 -173622.95
-787058.70 -173693.95
-786943.70 -173693.95
-786943.70 -173764.95
-787058.70 -173764.95
-787058.70 -173835.95
-786943.70 -173835.95
-786943.70 -173906.95
-787058.70 -173906.95
-787058.70 -173977.95
-786943.70 -173977.95
-786943.70 -174048.95
-787058.70 -174048.95
-787058.70 -174119.95
-786943.70 -174119.95
-786943.70 -174190.95
-787058.70 -174190.95
-787058.70 -174261.95
-786943.70 -174261.95
-786943.70 -174332.95
-787058.70 -174332.95
-787058.70 -174403.95
-786943.70 -174403.95
-786943.70 -174474.95
-787058.70 -174474.95
-787058.70 -174545.95
-786943.70 -174545.95
-786943.70 -174616.95
-787058.70 -174616.95
-787058.70 -174687.95
-786943.70 -174687.95
-786943.70 -174758.95
-787058.70 -174758.95
-787058.70 -174829.95
-786943.70 -174829.95
-786943.70 -174900.95
-787058.70 -174900.95
-787058.70 -174971.95
-786943.70 -174971.95
-786943.70 -175042.95
-787058.70 -175042.95
-787058.70 -175113.95
-786943.70 -175113.95
-786943.70 -175184.95
-787058.70 -175184.95
-787058.70 -175255.95
-786943.70 -175255.95
-786943.70 -175326.95
-787058.70 -175326.95
-787058.70 -175397.95
-786943.70 -175397.95
-786943.70 -175468.95
-787058.70 -175468.95
-787058.70 -175539.95
-786943.70 -175539.95
-786943.70 -175610.95
-787058.70 -175610.95
-787058.70 -175681.95
-786943.70 -175681.95
-786943.70 -175752.95
-787058.70 -175752.95
-787058.70 -175823.95
-786943.70 -175823.95
-786943.70 -175894.95
-787058.70 -175894.95
-787058.70 -175965.95
-786943.70 -175965.95
-786943.70 -176036.95
-787058.70 -176036.95
-787058.70 -176107.95
-786943.70 -176107.95
-786943.70 -176178.95
-787058.70 -176178.95
-787058.70 -176249.95
-786943.70 -176249.95
-786943.70 -176320.95
-787058.70 -176320.95
-787058.70 -176391.95
-786943.70 -176391.95
-786943.70 -176462.95
-787058.70 -176462.95
-787058.70 -176533.95
-786943.70 -176533.95
-786943.70 -176604.95
-787058.70 -176604.95
-787058.70 -176675.95
-786943.70 -176675.95
-786943.70 -176746.95
-787058.70 -176746.95
-787058.70 -176817.95
-786943.70 -176817.95
-786943.70 -176888.95
-787058.70 -176888.95
-787058.70 -176959.95
-786943.70 -176959.95
-786943.70 -177030.95
-787058.70 -177030.95
-787058.70 -177101.95
-786943.70 -177101.95
-786943.70 -177172.95
-787058.70 -177172.95
-787058.70 -177243.95
-786943.70 -177243.95
-786943.70 -177314.95
-787058.70 -177314.95
-787058.70 -177385.95
-786943.70 -177385.95
-786943.70 -177456.95
-787058.70 -177456.95
-787058.70 -177527.95
-786943.70 -177527.95
-786943.70 -177598.95
-787058.70 -177598.95
-787058.70 -177669.95
-786943.70 -177669.95
-786943.70 -177740.95
-787058.70 -177740.95
-787058.70 -177811.95
-786943.70 -177811.95
-786943.70 -177882.95
-787058.70 -177882.95
-787058.70 -177953.95
-786943.70 -177953.95
-786943.70 -178024.95
-787058.70 -178024.95
-787058.70 -178095.95
-786943.70 -178095.95
-786943.70 -178166.95
-787058.70 -178166.95
-787058.70 -178237.95
-786943.70 -178237.95
-786943.70 -178308.95
-787058.70 -178308.95
-787058.70 -178379.95
-787001.20 -178379.95
-787001.20 -178404.45
31.00