-811358.50 -157719.35
-811358.50 -157743.87
-811159.50 -157777.66
-810927.20 -157817.11
-810540.44 -157882.78
-810342.50 -157916.39
-810088.25 -157959.56
-809873.48 -157996.03
-809623.64 -158038.45
-809419.39 -158073.14
-808589.90 -158213.98
-808491.91 -158230.62
-808453.21 -158237.19
-808338.75 -158256.63
-807742.80 -158357.82
-807210.86 -158448.15
-806877.78 -158504.71
-806824.44 -158513.76
-806495.44 -158569.63
-806231.72 -158614.41
-806125.39 -158632.46
-805518.63 -158735.49
-805257.06 -158779.91
-804968.99 -158828.82
-804768.28 -158862.90
-804090.84 -158977.93
-803673.86 -159048.74
-802816.03 -159194.40
-802811.49 -159195.17
-802621.07 -159227.50
-802189.98 -159300.70
-801975.21 -159337.17
-801725.37 -159379.60
-801557.41 -159408.11
-800741.59 -159546.64
-800475.40 -159591.84
-798047.97 -160004.03
-797609.27 -160078.52
-796904.44 -160198.20
-795507.46 -160435.41
-795111.00 -160502.73
-794898.36 -160538.84
-789171.20 -161511.32
-789171.20 -161623.95
-789134.45 -161623.95
-789134.45 -161694.95
-789228.70 -161694.95
-789228.70 -161765.95
-789113.70 -161765.95
-789113.70 -161836.95
-789228.70 -161836.95
-789228.70 -161907.95
-789113.70 -161907.95
-789113.70 -161978.95
-789228.70 -161978.95
-789228.70 -162049.95
-789113.70 -162049.95
-789113.70 -162120.95
-789228.70 -162120.95
-789228.70 -162191.95
-789113.70 -162191.95
-789113.70 -162262.95
-789228.70 -162262.95
-789228.70 -162333.95
-789113.70 -162333.95
-789113.70 -162404.95
-789228.70 -162404.95
-789228.70 -162475.95
-789113.70 -162475.95
-789113.70 -162546.95
-789228.70 -162546.95
-789228.70 -162617.95
-789113.70 -162617.95
-789113.70 -162688.95
-789228.70 -162688.95
-789228.70 -162759.95
-789113.70 -162759.95
-789113.70 -162830.95
-789228.70 -162830.95
-789228.70 -162901.95
-789113.70 -162901.95
-789113.70 -162972.95
-789228.70 -162972.95
-789228.70 -163043.95
-789113.70 -163043.95
-789113.70 -163114.95
-789228.70 -163114.95
-789228.70 -163185.95
-789113.70 -163185.95
-789113.70 -163256.95
-789228.70 -163256.95
-789228.70 -163327.95
-789113.70 -163327.95
-789113.70 -163398.95
-789228.70 -163398.95
-789228.70 -163469.95
-789113.70 -163469.95
-789113.70 -163540.95
-789228.70 -163540.95
-789228.70 -163611.95
-789113.70 -163611.95
-789113.70 -163682.95
-789228.70 -163682.95
-789228.70 -163753.95
-789113.70 -163753.95
-789113.70 -163824.95
-789228.70 -163824.95
-789228.70 -163895.95
-789113.70 -163895.95
-789113.70 -163966.95
-789228.70 -163966.95
-789228.70 -164037.95
-789113.70 -164037.95
-789113.70 -164108.95
-789228.70 -164108.95
-789228.70 -164179.95
-789113.70 -164179.95
-789113.70 -164250.95
-789228.70 -164250.95
-789228.70 -164321.95
-789113.70 -164321.95
-789113.70 -164392.95
-789228.70 -164392.95
-789228.70 -164463.95
-789113.70 -164463.95
-789113.70 -164534.95
-789228.70 -164534.95
-789228.70 -164605.95
-789113.70 -164605.95
-789113.70 -164676.95
-789228.70 -164676.95
-789228.70 -164747.95
-789113.70 -164747.95
-789113.70 -164818.95
-789228.70 -164818.95
-789228.70 -164889.95
-789113.70 -164889.95
-789113.70 -164960.95
-789228.70 -164960.95
-789228.70 -165031.95
-789113.70 -165031.95
-789113.70 -165102.95
-789228.70 -165102.95
-789228.70 -165173.95
-789113.70 -165173.95
-789113.70 -165244.95
-789228.70 -165244.95
-789228.70 -165315.95
-789113.70 -165315.95
-789113.70 -165386.95
-789228.70 -165386.95
-789228.70 -165457.95
-789113.70 -165457.95
-789113.70 -165528.95
-789228.70 -165528.95
-789228.70 -165599.95
-789113.70 -165599.95
-789113.70 -165670.95
-789228.70 -165670.95
-789228.70 -165741.95
-789113.70 -165741.95
-789113.70 -165812.95
-789228.70 -165812.95
-789228.70 -165883.95
-789113.70 -165883.95
-789113.70 -165954.95
-789228.70 -165954.95
-789228.70 -166025.95
-789113.70 -166025.95
-789113.70 -166096.95
-789228.70 -166096.95
-789228.70 -166167.95
-789113.70 -166167.95
-789113.70 -166238.95
-789228.70 -166238.95
-789228.70 -166309.95
-789113.70 -166309.95
-789113.70 -166380.95
-789228.70 -166380.95
-789228.70 -166451.95
-789113.70 -166451.95
-789113.70 -166522.95
-789228.70 -166522.95
-789228.70 -166593.95
-789113.70 -166593.95
-789113.70 -166664.95
-789228.70 -166664.95
-789228.70 -166735.95
-789113.70 -166735.95
-789113.70 -166806.95
-789228.70 -166806.95
-789228.70 -166877.95
-789113.70 -166877.95
-789113.70 -166948.95
-789228.70 -166948.95
-789228.70 -167019.95
-789113.70 -167019.95
-789113.70 -167090.95
-789228.70 -167090.95
-789228.70 -167161.95
-789113.70 -167161.95
-789113.70 -167232.95
-789228.70 -167232.95
-789228.70 -167303.95
-789113.70 -167303.95
-789113.70 -167374.95
-789228.70 -167374.95
-789228.70 -167445.95
-789113.70 -167445.95
-789113.70 -167516.95
-789228.70 -167516.95
-789228.70 -167587.95
-789113.70 -167587.95
-789113.70 -167658.95
-789228.70 -167658.95
-789228.70 -167729.95
-789113.70 -167729.95
-789113.70 -167800.95
-789228.70 -167800.95
-789228.70 -167871.95
-789113.70 -167871.95
-789113.70 -167942.95
-789228.70 -167942.95
-789228.70 -168013.95
-789113.70 -168013.95
-789113.70 -168084.95
-789228.70 -168084.95
-789228.70 -168155.95
-789113.70 -168155.95
-789113.70 -168226.95
-789228.70 -168226.95
-789228.70 -168297.95
-789113.70 -168297.95
-789113.70 -168368.95
-789228.70 -168368.95
-789228.70 -168439.95
-789113.70 -168439.95
-789113.70 -168510.95
-789228.70 -168510.95
-789228.70 -168581.95
-789113.70 -168581.95
-789113.70 -168652.95
-789228.70 -168652.95
-789228.70 -168723.95
-789113.70 -168723.95
-789113.70 -168794.95
-789228.70 -168794.95
-789228.70 -168865.95
-789113.70 -168865.95
-789113.70 -168936.95
-789228.70 -168936.95
-789228.70 -169007.95
-789113.70 -169007.95
-789113.70 -169078.95
-789228.70 -169078.95
-789228.70 -169149.95
-789113.70 -169149.95
-789113.70 -169220.95
-789228.70 -169220.95
-789228.70 -169291.95
-789113.70 -169291.95
-789113.70 -169362.95
-789228.70 -169362.95
-789228.70 -169433.95
-789113.70 -169433.95
-789113.70 -169504.95
-789228.70 -169504.95
-789228.70 -169575.95
-789113.70 -169575.95
-789113.70 -169646.95
-789228.70 -169646.95
-789228.70 -169717.95
-789113.70 -169717.95
-789113.70 -169788.95
-789228.70 -169788.95
-789228.70 -169859.95
-789113.70 -169859.95
-789113.70 -169930.95
-789228.70 -169930.95
-789228.70 -170001.95
-789113.70 -170001.95
-789113.70 -170072.95
-789228.70 -170072.95
-789228.70 -170143.95
-789113.70 -170143.95
-789113.70 -170214.95
-789228.70 -170214.95
-789228.70 -170285.95
-789113.70 -170285.95
-789113.70 -170356.95
-789228.70 -170356.95
-789228.70 -170427.95
-789113.70 -170427.95
-789113.70 -170498.95
-789228.70 -170498.95
-789228.70 -170569.95
-789113.70 -170569.95
-789113.70 -170640.95
-789228.70 -170640.95
-789228.70 -170711.95
-789113.70 -170711.95
-789113.70 -170782.95
-789228.70 -170782.95
-789228.70 -170853.95
-789113.70 -170853.95
-789113.70 -170924.95
-789228.70 -170924.95
-789228.70 -170995.95
-789113.70 -170995.95
-789113.70 -171066.95
-789228.70 -171066.95
-789228.70 -171137.95
-789113.70 -171137.95
-789113.70 -171208.95
-789228.70 -171208.95
-789228.70 -171279.95
-789113.70 -171279.95
-789113.70 -171350.95
-789228.70 -171350.95
-789228.70 -171421.95
-789113.70 -171421.95
-789113.70 -171492.95
-789228.70 -171492.95
-789228.70 -171563.95
-789113.70 -171563.95
-789113.70 -171634.95
-789228.70 -171634.95
-789228.70 -171705.95
-789113.70 -171705.95
-789113.70 -171776.95
-789228.70 -171776.95
-789228.70 -171847.95
-789113.70 -171847.95
-789113.70 -171918.95
-789228.70 -171918.95
-789228.70 -171989.95
-789113.70 -171989.95
-789113.70 -172060.95
-789228.70 -172060.95
-789228.70 -172131.95
-789113.70 -172131.95
-789113.70 -172202.95
-789228.70 -172202.95
-789228.70 -172273.95
-789113.70 -172273.95
-789113.70 -172344.95
-789228.70 -172344.95
-789228.70 -172415.95
-789113.70 -172415.95
-789113.70 -172486.95
-789228.70 -172486.95
-789228.70 -172557.95
-789113.70 -172557.95
-789113.70 -172628.95
-789228.70 -172628.95
-789228.70 -172699.95
-789113.70 -172699.95
-789113.70 -172770.95
-789228.70 -172770.95
-789228.70 -172841.95
-789113.70 -172841.95
-789113.70 -172912.95
-789228.70 -172912.95
-789228.70 -172983.95
-789113.70 -172983.95
-789113.70 -173054.95
-789228.70 -173054.95
-789228.70 -173125.95
-789113.70 -173125.95
-789113.70 -173196.95
-789228.70 -173196.95
-789228.70 -173267.95
-789113.70 -173267.95
-789113.70 -173338.95
-789228.70 -173338.95
-789228.70 -173409.95
-789113.70 -173409.95
-789113.70 -173480.95
-789228.70 -173480.95
-789228.70 -173551.95
-789113.70 -173551.95
-789113.70 -173622.95
-789228.70 -173622.95
-789228.70 -173693.95
-789113.70 -173693.95
-789113.70 -173764.95
-789228.70 -173764.95
-789228.70 -173835.95
-789113.70 -173835.95
-789113.70 -173906.95
-789228.70 -173906.95
-789228.70 -173977.95
-789113.70 -173977.95
-789113.70 -174048.95
-789228.70 -174048.95
-789228.70 -174119.95
-789113.70 -174119.95
-789113.70 -174190.95
-789228.70 -174190.95
-789228.70 -174261.95
-789113.70 -174261.95
-789113.70 -174332.95
-789228.70 -174332.95
-789228.70 -174403.95
-789113.70 -174403.95
-789113.70 -174474.95
-789228.70 -174474.95
-789228.70 -174545.95
-789113.70 -174545.95
-789113.70 -174616.95
-789228.70 -174616.95
-789228.70 -174687.95
-789113.70 -174687.95
-789113.70 -174758.95
-789228.70 -174758.95
-789228.70 -174829.95
-789113.70 -174829.95
-789113.70 -174900.95
-789228.70 -174900.95
-789228.70 -174971.95
-789113.70 -174971.95
-789113.70 -175042.95
-789228.70 -175042.95
-789228.70 -175113.95
-789113.70 -175113.95
-789113.70 -175184.95
-789228.70 -175184.95
-789228.70 -175255.95
-789113.70 -175255.95
-789113.70 -175326.95
-789228.70 -175326.95
-789228.70 -175397.95
-789113.70 -175397.95
-789113.70 -175468.95
-789228.70 -175468.95
-789228.70 -175539.95
-789113.70 -175539.95
-789113.70 -175610.95
-789228.70 -175610.95
-789228.70 -175681.95
-789113.70 -175681.95
-789113.70 -175752.95
-789228.70 -175752.95
-789228.70 -175823.95
-789113.70 -175823.95
-789113.70 -175894.95
-789228.70 -175894.95
-789228.70 -175965.95
-789113.70 -175965.95
-789113.70 -176036.95
-789228.70 -176036.95
-789228.70 -176107.95
-789113.70 -176107.95
-789113.70 -176178.95
-789228.70 -176178.95
-789228.70 -176249.95
-789113.70 -176249.95
-789113.70 -176320.95
-789228.70 -176320.95
-789228.70 -176391.95
-789113.70 -176391.95
-789113.70 -176462.95
-789228.70 -176462.95
-789228.70 -176533.95
-789113.70 -176533.95
-789113.70 -176604.95
-789228.70 -176604.95
-789228.70 -176675.95
-789113.70 -176675.95
-789113.70 -176746.95
-789228.70 -176746.95
-789228.70 -176817.95
-789113.70 -176817.95
-789113.70 -176888.95
-789228.70 -176888.95
-789228.70 -176959.95
-789113.70 -176959.95
-789113.70 -177030.95
-789228.70 -177030.95
-789228.70 -177101.95
-789113.70 -177101.95
-789113.70 -177172.95
-789228.70 -177172.95
-789228.70 -177243.95
-789113.70 -177243.95
-789113.70 -177314.95
-789228.70 -177314.95
-789228.70 -177385.95
-789113.70 -177385.95
-789113.70 -177456.95
-789228.70 -177456.95
-789228.70 -177527.95
-789113.70 -177527.95
-789113.70 -177598.95
-789228.70 -177598.95
-789228.70 -177669.95
-789113.70 -177669.95
-789113.70 -177740.95
-789228.70 -177740.95
-789228.70 -177811.95
-789113.70 -177811.95
-789113.70 -177882.95
-789228.70 -177882.95
-789228.70 -177953.95
-789113.70 -177953.95
-789113.70 -178024.95
-789228.70 -178024.95
-789228.70 -178095.95
-789113.70 -178095.95
-789113.70 -178166.95
-789228.70 -178166.95
-789228.70 -178237.95
-789113.70 -178237.95
-789113.70 -178308.95
-789228.70 -178308.95
-789228.70 -178379.95
-789171.20 -178379.95
-789171.20 -178404.45
31.00