-13550.00 -41595.00
-13550.00 -42938.03
-13315.00 -43063.51
-13048.27 -43205.94
-12781.54 -43348.35
-12248.06 -43633.21
-11981.33 -43775.64
-11714.59 -43918.05
-11447.86 -44060.47
-11181.14 -44202.89
-10914.39 -44345.33
-10647.65 -44487.75
-10380.91 -44630.18
-10114.31 -44772.51
-9846.40 -44915.72
-9589.14 -45051.93
-9251.62 -45243.67
-8882.08 -45360.12
-8603.46 -45446.92
-8326.31 -45533.28
-8049.16 -45619.62
-7772.01 -45705.98
-7494.87 -45792.31
-7217.71 -45878.67
-6940.56 -45965.01
-6663.41 -46051.37
-6386.26 -46137.71
-6109.11 -46224.07
-5831.96 -46310.41
-5554.82 -46396.76
-5277.66 -46483.11
-5000.51 -46569.46
-4723.36 -46655.80
-4446.21 -46742.16
-4169.06 -46828.50
-3891.92 -46914.85
-3614.76 -47001.20
-3060.46 -47173.90
-2783.32 -47260.25
-2591.06 -47320.15
-2591.06 -55615.95
30.00