-950695.50 -157719.35
-950695.50 -157743.87
-950496.50 -157777.66
-950097.34 -157845.44
-949869.03 -157884.21
-949645.14 -157922.22
-949431.83 -157958.44
-948872.57 -158053.41
-948549.72 -158108.23
-947852.29 -158226.65
-947446.75 -158295.51
-946873.25 -158392.90
-946690.79 -158423.88
-945999.07 -158541.33
-945889.51 -158559.94
-944959.95 -158717.78
-943155.22 -159024.23
-943140.68 -159026.69
-942965.17 -159056.50
-942132.69 -159197.85
-941776.85 -159258.28
-941767.93 -159259.79
-940956.13 -159397.63
-940803.44 -159423.56
-939418.00 -159658.81
-938851.42 -159755.02
-938238.54 -159859.09
-936918.90 -160083.17
-936431.54 -160165.92
-935181.32 -160378.21
-935113.48 -160389.73
-934334.35 -160522.03
-933823.64 -160608.75
-932909.19 -160764.02
-932402.99 -160849.98
-932119.82 -160898.06
-931800.83 -160952.22
-930820.43 -161118.70
-929778.52 -161295.62
-929618.23 -161322.84
-928827.72 -161457.06
-925179.24 -162076.58
-924752.21 -162149.09
-924261.23 -162232.46
-924070.02 -162264.93
-923864.68 -162299.80
-923614.90 -162342.21
-923403.12 -162378.17
-923031.22 -162441.32
-922875.33 -162467.79
-921268.56 -162740.63
-921182.35 -162755.27
-920507.38 -162869.88
-918849.73 -163151.35
-918319.90 -163241.32
-916968.12 -163470.85
-916903.32 -163481.85
-916350.80 -163575.67
-915035.62 -163798.99
-914921.16 -163818.43
-914113.96 -163955.49
-913580.86 -164046.01
-912706.37 -164194.50
-912621.05 -164208.99
-912258.38 -164270.57
-912002.95 -164313.95
-911560.01 -164389.16
-911352.44 -164424.40
-910131.42 -164631.73
-910110.74 -164635.25
-909951.43 -164662.30
-909701.59 -164704.72
-909460.29 -164745.69
-909224.57 -164785.72
-909017.29 -164820.92
-908525.70 -164904.39
-908333.63 -164937.00
-908197.13 -164960.18
-908043.92 -164986.20
-907612.66 -165059.43
-907378.22 -165099.23
-904367.85 -165610.40
-903698.90 -165723.99
-903584.62 -165743.40
-902487.37 -165929.71
-898429.51 -166618.75
-897157.28 -166834.77
-896915.98 -166875.74
-896680.26 -166915.77
-896482.32 -166949.38
-896228.07 -166992.55
-896058.83 -167021.29
-895139.33 -167177.42
-894063.24 -167360.15
-881157.44 -169551.58
-880744.35 -169621.72
-880571.33 -169651.10
-879536.20 -169826.87
-879536.20 -169930.95
-879565.28 -169930.95
-879565.28 -170001.95
-879478.70 -170001.95
-879478.70 -170072.95
-879593.70 -170072.95
-879593.70 -170143.95
-879478.70 -170143.95
-879478.70 -170214.95
-879593.70 -170214.95
-879593.70 -170285.95
-879478.70 -170285.95
-879478.70 -170356.95
-879593.70 -170356.95
-879593.70 -170427.95
-879478.70 -170427.95
-879478.70 -170498.95
-879593.70 -170498.95
-879593.70 -170569.95
-879478.70 -170569.95
-879478.70 -170640.95
-879593.70 -170640.95
-879593.70 -170711.95
-879478.70 -170711.95
-879478.70 -170782.95
-879593.70 -170782.95
-879593.70 -170853.95
-879478.70 -170853.95
-879478.70 -170924.95
-879593.70 -170924.95
-879593.70 -170995.95
-879478.70 -170995.95
-879478.70 -171066.95
-879593.70 -171066.95
-879593.70 -171137.95
-879478.70 -171137.95
-879478.70 -171208.95
-879593.70 -171208.95
-879593.70 -171279.95
-879478.70 -171279.95
-879478.70 -171350.95
-879593.70 -171350.95
-879593.70 -171421.95
-879478.70 -171421.95
-879478.70 -171492.95
-879593.70 -171492.95
-879593.70 -171563.95
-879478.70 -171563.95
-879478.70 -171634.95
-879593.70 -171634.95
-879593.70 -171705.95
-879478.70 -171705.95
-879478.70 -171776.95
-879593.70 -171776.95
-879593.70 -171847.95
-879478.70 -171847.95
-879478.70 -171918.95
-879593.70 -171918.95
-879593.70 -171989.95
-879478.70 -171989.95
-879478.70 -172060.95
-879593.70 -172060.95
-879593.70 -172131.95
-879478.70 -172131.95
-879478.70 -172202.95
-879593.70 -172202.95
-879593.70 -172273.95
-879478.70 -172273.95
-879478.70 -172344.95
-879593.70 -172344.95
-879593.70 -172415.95
-879478.70 -172415.95
-879478.70 -172486.95
-879593.70 -172486.95
-879593.70 -172557.95
-879478.70 -172557.95
-879478.70 -172628.95
-879593.70 -172628.95
-879593.70 -172699.95
-879478.70 -172699.95
-879478.70 -172770.95
-879593.70 -172770.95
-879593.70 -172841.95
-879478.70 -172841.95
-879478.70 -172912.95
-879593.70 -172912.95
-879593.70 -172983.95
-879478.70 -172983.95
-879478.70 -173054.95
-879593.70 -173054.95
-879593.70 -173125.95
-879478.70 -173125.95
-879478.70 -173196.95
-879593.70 -173196.95
-879593.70 -173267.95
-879478.70 -173267.95
-879478.70 -173338.95
-879593.70 -173338.95
-879593.70 -173409.95
-879478.70 -173409.95
-879478.70 -173480.95
-879593.70 -173480.95
-879593.70 -173551.95
-879478.70 -173551.95
-879478.70 -173622.95
-879593.70 -173622.95
-879593.70 -173693.95
-879478.70 -173693.95
-879478.70 -173764.95
-879593.70 -173764.95
-879593.70 -173835.95
-879478.70 -173835.95
-879478.70 -173906.95
-879593.70 -173906.95
-879593.70 -173977.95
-879478.70 -173977.95
-879478.70 -174048.95
-879593.70 -174048.95
-879593.70 -174119.95
-879478.70 -174119.95
-879478.70 -174190.95
-879593.70 -174190.95
-879593.70 -174261.95
-879478.70 -174261.95
-879478.70 -174332.95
-879593.70 -174332.95
-879593.70 -174403.95
-879478.70 -174403.95
-879478.70 -174474.95
-879593.70 -174474.95
-879593.70 -174545.95
-879478.70 -174545.95
-879478.70 -174616.95
-879593.70 -174616.95
-879593.70 -174687.95
-879478.70 -174687.95
-879478.70 -174758.95
-879593.70 -174758.95
-879593.70 -174829.95
-879478.70 -174829.95
-879478.70 -174900.95
-879593.70 -174900.95
-879593.70 -174971.95
-879478.70 -174971.95
-879478.70 -175042.95
-879593.70 -175042.95
-879593.70 -175113.95
-879478.70 -175113.95
-879478.70 -175184.95
-879593.70 -175184.95
-879593.70 -175255.95
-879478.70 -175255.95
-879478.70 -175326.95
-879593.70 -175326.95
-879593.70 -175397.95
-879478.70 -175397.95
-879478.70 -175468.95
-879593.70 -175468.95
-879593.70 -175539.95
-879478.70 -175539.95
-879478.70 -175610.95
-879593.70 -175610.95
-879593.70 -175681.95
-879478.70 -175681.95
-879478.70 -175752.95
-879593.70 -175752.95
-879593.70 -175823.95
-879478.70 -175823.95
-879478.70 -175894.95
-879593.70 -175894.95
-879593.70 -175965.95
-879478.70 -175965.95
-879478.70 -176036.95
-879593.70 -176036.95
-879593.70 -176107.95
-879478.70 -176107.95
-879478.70 -176178.95
-879593.70 -176178.95
-879593.70 -176249.95
-879478.70 -176249.95
-879478.70 -176320.95
-879593.70 -176320.95
-879593.70 -176391.95
-879478.70 -176391.95
-879478.70 -176462.95
-879593.70 -176462.95
-879593.70 -176533.95
-879478.70 -176533.95
-879478.70 -176604.95
-879593.70 -176604.95
-879593.70 -176675.95
-879478.70 -176675.95
-879478.70 -176746.95
-879593.70 -176746.95
-879593.70 -176817.95
-879478.70 -176817.95
-879478.70 -176888.95
-879593.70 -176888.95
-879593.70 -176959.95
-879478.70 -176959.95
-879478.70 -177030.95
-879593.70 -177030.95
-879593.70 -177101.95
-879478.70 -177101.95
-879478.70 -177172.95
-879593.70 -177172.95
-879593.70 -177243.95
-879478.70 -177243.95
-879478.70 -177314.95
-879593.70 -177314.95
-879593.70 -177385.95
-879478.70 -177385.95
-879478.70 -177456.95
-879593.70 -177456.95
-879593.70 -177527.95
-879478.70 -177527.95
-879478.70 -177598.95
-879593.70 -177598.95
-879593.70 -177669.95
-879478.70 -177669.95
-879478.70 -177740.95
-879593.70 -177740.95
-879593.70 -177811.95
-879478.70 -177811.95
-879478.70 -177882.95
-879593.70 -177882.95
-879593.70 -177953.95
-879478.70 -177953.95
-879478.70 -178024.95
-879593.70 -178024.95
-879593.70 -178095.95
-879478.70 -178095.95
-879478.70 -178166.95
-879593.70 -178166.95
-879593.70 -178237.95
-879478.70 -178237.95
-879478.70 -178308.95
-879593.70 -178308.95
-879593.70 -178379.95
-879536.20 -178379.95
-879536.20 -178404.45
31.00