-939223.50 -157719.35
-939223.50 -157743.87
-939024.50 -157777.66
-938625.34 -157845.44
-938410.51 -157881.92
-938160.73 -157924.33
-937962.83 -157957.94
-937720.94 -157999.01
-937545.93 -158028.72
-936848.06 -158147.22
-936414.41 -158220.86
-936164.99 -158263.21
-936109.50 -158272.63
-935530.15 -158371.01
-935259.14 -158417.03
-935151.50 -158435.30
-934789.86 -158496.71
-934687.30 -158514.13
-934185.79 -158599.28
-934030.25 -158625.69
-933048.59 -158792.38
-932786.81 -158836.83
-932492.03 -158886.89
-932334.02 -158913.72
-931479.33 -159058.85
-930498.93 -159225.32
-929457.02 -159402.24
-929296.73 -159429.46
-928506.22 -159563.69
-925924.25 -160002.11
-925912.58 -160004.09
-925823.57 -160019.21
-925418.36 -160088.01
-924987.81 -160161.12
-924408.93 -160259.41
-924259.32 -160284.82
-923939.73 -160339.09
-923748.52 -160371.55
-923543.18 -160406.42
-923293.40 -160448.83
-923081.62 -160484.79
-922709.72 -160547.94
-922553.83 -160574.41
-920947.06 -160847.25
-920860.85 -160861.89
-920185.88 -160976.50
-919341.45 -161119.88
-916944.48 -161526.89
-916601.84 -161585.08
-916530.98 -161597.11
-915714.34 -161735.77
-914714.12 -161905.61
-914599.66 -161925.05
-913384.66 -162131.36
-913026.09 -162192.24
-912390.63 -162300.15
-912306.26 -162314.47
-911814.39 -162397.99
-911584.04 -162437.11
-911238.51 -162495.78
-911030.94 -162531.03
-909809.92 -162738.36
-909789.24 -162741.87
-909629.93 -162768.92
-909380.09 -162811.34
-909138.80 -162852.32
-908903.07 -162892.34
-908695.79 -162927.54
-908204.20 -163011.01
-908012.13 -163043.63
-907875.63 -163066.80
-907722.42 -163092.82
-907291.16 -163166.05
-907056.72 -163205.86
-903773.14 -163763.41
-903371.33 -163831.64
-903261.42 -163850.31
-903088.52 -163879.66
-902165.87 -164036.33
-897837.89 -164771.23
-896835.78 -164941.39
-896594.48 -164982.37
-896358.76 -165022.39
-896160.82 -165056.00
-895906.57 -165099.18
-895737.33 -165127.91
-895019.10 -165249.87
-893759.01 -165463.84
-880865.63 -167653.16
-880431.36 -167726.90
-880376.29 -167736.25
-878034.70 -168133.86
-877839.14 -168167.06
-877601.93 -168207.34
-877371.40 -168246.49
-876591.93 -168378.84
-876501.93 -168394.12
-875912.54 -168494.20
-875040.67 -168642.25
-874518.08 -168730.99
-873261.88 -168944.29
-872096.20 -169142.23
-872096.20 -169291.95
-872038.70 -169291.95
-872038.70 -169362.95
-872153.70 -169362.95
-872153.70 -169433.95
-872038.70 -169433.95
-872038.70 -169504.95
-872153.70 -169504.95
-872153.70 -169575.95
-872038.70 -169575.95
-872038.70 -169646.95
-872153.70 -169646.95
-872153.70 -169717.95
-872038.70 -169717.95
-872038.70 -169788.95
-872153.70 -169788.95
-872153.70 -169859.95
-872038.70 -169859.95
-872038.70 -169930.95
-872153.70 -169930.95
-872153.70 -170001.95
-872038.70 -170001.95
-872038.70 -170072.95
-872153.70 -170072.95
-872153.70 -170143.95
-872038.70 -170143.95
-872038.70 -170214.95
-872153.70 -170214.95
-872153.70 -170285.95
-872038.70 -170285.95
-872038.70 -170356.95
-872153.70 -170356.95
-872153.70 -170427.95
-872038.70 -170427.95
-872038.70 -170498.95
-872153.70 -170498.95
-872153.70 -170569.95
-872038.70 -170569.95
-872038.70 -170640.95
-872153.70 -170640.95
-872153.70 -170711.95
-872038.70 -170711.95
-872038.70 -170782.95
-872153.70 -170782.95
-872153.70 -170853.95
-872038.70 -170853.95
-872038.70 -170924.95
-872153.70 -170924.95
-872153.70 -170995.95
-872038.70 -170995.95
-872038.70 -171066.95
-872153.70 -171066.95
-872153.70 -171137.95
-872038.70 -171137.95
-872038.70 -171208.95
-872153.70 -171208.95
-872153.70 -171279.95
-872038.70 -171279.95
-872038.70 -171350.95
-872153.70 -171350.95
-872153.70 -171421.95
-872038.70 -171421.95
-872038.70 -171492.95
-872153.70 -171492.95
-872153.70 -171563.95
-872038.70 -171563.95
-872038.70 -171634.95
-872153.70 -171634.95
-872153.70 -171705.95
-872038.70 -171705.95
-872038.70 -171776.95
-872153.70 -171776.95
-872153.70 -171847.95
-872038.70 -171847.95
-872038.70 -171918.95
-872153.70 -171918.95
-872153.70 -171989.95
-872038.70 -171989.95
-872038.70 -172060.95
-872153.70 -172060.95
-872153.70 -172131.95
-872038.70 -172131.95
-872038.70 -172202.95
-872153.70 -172202.95
-872153.70 -172273.95
-872038.70 -172273.95
-872038.70 -172344.95
-872153.70 -172344.95
-872153.70 -172415.95
-872038.70 -172415.95
-872038.70 -172486.95
-872153.70 -172486.95
-872153.70 -172557.95
-872038.70 -172557.95
-872038.70 -172628.95
-872153.70 -172628.95
-872153.70 -172699.95
-872038.70 -172699.95
-872038.70 -172770.95
-872153.70 -172770.95
-872153.70 -172841.95
-872038.70 -172841.95
-872038.70 -172912.95
-872153.70 -172912.95
-872153.70 -172983.95
-872038.70 -172983.95
-872038.70 -173054.95
-872153.70 -173054.95
-872153.70 -173125.95
-872038.70 -173125.95
-872038.70 -173196.95
-872153.70 -173196.95
-872153.70 -173267.95
-872038.70 -173267.95
-872038.70 -173338.95
-872153.70 -173338.95
-872153.70 -173409.95
-872038.70 -173409.95
-872038.70 -173480.95
-872153.70 -173480.95
-872153.70 -173551.95
-872038.70 -173551.95
-872038.70 -173622.95
-872153.70 -173622.95
-872153.70 -173693.95
-872038.70 -173693.95
-872038.70 -173764.95
-872153.70 -173764.95
-872153.70 -173835.95
-872038.70 -173835.95
-872038.70 -173906.95
-872153.70 -173906.95
-872153.70 -173977.95
-872038.70 -173977.95
-872038.70 -174048.95
-872153.70 -174048.95
-872153.70 -174119.95
-872038.70 -174119.95
-872038.70 -174190.95
-872153.70 -174190.95
-872153.70 -174261.95
-872038.70 -174261.95
-872038.70 -174332.95
-872153.70 -174332.95
-872153.70 -174403.95
-872038.70 -174403.95
-872038.70 -174474.95
-872153.70 -174474.95
-872153.70 -174545.95
-872038.70 -174545.95
-872038.70 -174616.95
-872153.70 -174616.95
-872153.70 -174687.95
-872038.70 -174687.95
-872038.70 -174758.95
-872153.70 -174758.95
-872153.70 -174829.95
-872038.70 -174829.95
-872038.70 -174900.95
-872153.70 -174900.95
-872153.70 -174971.95
-872038.70 -174971.95
-872038.70 -175042.95
-872153.70 -175042.95
-872153.70 -175113.95
-872038.70 -175113.95
-872038.70 -175184.95
-872153.70 -175184.95
-872153.70 -175255.95
-872038.70 -175255.95
-872038.70 -175326.95
-872153.70 -175326.95
-872153.70 -175397.95
-872038.70 -175397.95
-872038.70 -175468.95
-872153.70 -175468.95
-872153.70 -175539.95
-872038.70 -175539.95
-872038.70 -175610.95
-872153.70 -175610.95
-872153.70 -175681.95
-872038.70 -175681.95
-872038.70 -175752.95
-872153.70 -175752.95
-872153.70 -175823.95
-872038.70 -175823.95
-872038.70 -175894.95
-872153.70 -175894.95
-872153.70 -175965.95
-872038.70 -175965.95
-872038.70 -176036.95
-872153.70 -176036.95
-872153.70 -176107.95
-872038.70 -176107.95
-872038.70 -176178.95
-872153.70 -176178.95
-872153.70 -176249.95
-872038.70 -176249.95
-872038.70 -176320.95
-872153.70 -176320.95
-872153.70 -176391.95
-872038.70 -176391.95
-872038.70 -176462.95
-872153.70 -176462.95
-872153.70 -176533.95
-872038.70 -176533.95
-872038.70 -176604.95
-872153.70 -176604.95
-872153.70 -176675.95
-872038.70 -176675.95
-872038.70 -176746.95
-872153.70 -176746.95
-872153.70 -176817.95
-872038.70 -176817.95
-872038.70 -176888.95
-872153.70 -176888.95
-872153.70 -176959.95
-872038.70 -176959.95
-872038.70 -177030.95
-872153.70 -177030.95
-872153.70 -177101.95
-872038.70 -177101.95
-872038.70 -177172.95
-872153.70 -177172.95
-872153.70 -177243.95
-872038.70 -177243.95
-872038.70 -177314.95
-872153.70 -177314.95
-872153.70 -177385.95
-872038.70 -177385.95
-872038.70 -177456.95
-872153.70 -177456.95
-872153.70 -177527.95
-872038.70 -177527.95
-872038.70 -177598.95
-872153.70 -177598.95
-872153.70 -177669.95
-872038.70 -177669.95
-872038.70 -177740.95
-872153.70 -177740.95
-872153.70 -177811.95
-872038.70 -177811.95
-872038.70 -177882.95
-872153.70 -177882.95
-872153.70 -177953.95
-872038.70 -177953.95
-872038.70 -178024.95
-872153.70 -178024.95
-872153.70 -178095.95
-872038.70 -178095.95
-872038.70 -178166.95
-872153.70 -178166.95
-872153.70 -178237.95
-872038.70 -178237.95
-872038.70 -178308.95
-872153.70 -178308.95
-872153.70 -178379.95
-872096.20 -178379.95
-872096.20 -178404.45
31.00