-845296.50 -157719.35
-845296.50 -157743.87
-845097.50 -157777.66
-844865.21 -157817.10
-844339.22 -157906.42
-844191.86 -157931.44
-843804.01 -157997.30
-843603.72 -158031.31
-843199.02 -158100.03
-843036.92 -158127.55
-842857.39 -158158.04
-842607.62 -158200.45
-842461.45 -158225.27
-841754.51 -158345.31
-841501.88 -158388.20
-840786.13 -158509.74
-840650.75 -158532.73
-839635.46 -158705.13
-839626.21 -158706.70
-839355.39 -158752.68
-839157.48 -158786.29
-838915.60 -158827.36
-838700.84 -158863.83
-838451.00 -158906.25
-838236.23 -158942.72
-837986.39 -158985.14
-837745.10 -159026.11
-837509.37 -159066.14
-837336.30 -159095.53
-836724.50 -159199.41
-835965.65 -159328.27
-835528.24 -159402.54
-834430.12 -159589.00
-834147.63 -159636.97
-833878.25 -159682.71
-833468.87 -159752.23
-833148.33 -159806.65
-832569.87 -159904.88
-832187.68 -159969.78
-829153.79 -160484.94
-828663.58 -160568.17
-828013.43 -160678.57
-827765.10 -160720.74
-827523.81 -160761.71
-827288.08 -160801.74
-827091.18 -160835.17
-826413.73 -160950.20
-826156.94 -160993.81
-824830.39 -161219.06
-824649.11 -161249.84
-823514.83 -161442.44
-823311.57 -161476.96
-823201.79 -161495.60
-821850.36 -161725.07
-821849.55 -161725.21
-821368.51 -161806.89
-821252.80 -161826.54
-821108.22 -161851.09
-820336.25 -161982.17
-819622.68 -162103.34
-819022.51 -162205.25
-818622.95 -162273.09
-816672.48 -162604.29
-816665.65 -162605.45
-816571.52 -162621.43
-816404.25 -162649.83
-816150.00 -162693.01
-815935.23 -162729.48
-815685.39 -162771.90
-815510.02 -162801.68
-813274.47 -163181.28
-812913.99 -163242.49
-811181.20 -163536.72
-811181.20 -163682.95
-811238.70 -163682.95
-811238.70 -163753.95
-811123.70 -163753.95
-811123.70 -163824.95
-811238.70 -163824.95
-811238.70 -163895.95
-811123.70 -163895.95
-811123.70 -163966.95
-811238.70 -163966.95
-811238.70 -164037.95
-811123.70 -164037.95
-811123.70 -164108.95
-811238.70 -164108.95
-811238.70 -164179.95
-811123.70 -164179.95
-811123.70 -164250.95
-811238.70 -164250.95
-811238.70 -164321.95
-811123.70 -164321.95
-811123.70 -164392.95
-811238.70 -164392.95
-811238.70 -164463.95
-811123.70 -164463.95
-811123.70 -164534.95
-811238.70 -164534.95
-811238.70 -164605.95
-811123.70 -164605.95
-811123.70 -164676.95
-811238.70 -164676.95
-811238.70 -164747.95
-811123.70 -164747.95
-811123.70 -164818.95
-811238.70 -164818.95
-811238.70 -164889.95
-811123.70 -164889.95
-811123.70 -164960.95
-811238.70 -164960.95
-811238.70 -165031.95
-811123.70 -165031.95
-811123.70 -165102.95
-811238.70 -165102.95
-811238.70 -165173.95
-811123.70 -165173.95
-811123.70 -165244.95
-811238.70 -165244.95
-811238.70 -165315.95
-811123.70 -165315.95
-811123.70 -165386.95
-811238.70 -165386.95
-811238.70 -165457.95
-811123.70 -165457.95
-811123.70 -165528.95
-811238.70 -165528.95
-811238.70 -165599.95
-811123.70 -165599.95
-811123.70 -165670.95
-811238.70 -165670.95
-811238.70 -165741.95
-811123.70 -165741.95
-811123.70 -165812.95
-811238.70 -165812.95
-811238.70 -165883.95
-811123.70 -165883.95
-811123.70 -165954.95
-811238.70 -165954.95
-811238.70 -166025.95
-811123.70 -166025.95
-811123.70 -166096.95
-811238.70 -166096.95
-811238.70 -166167.95
-811123.70 -166167.95
-811123.70 -166238.95
-811238.70 -166238.95
-811238.70 -166309.95
-811123.70 -166309.95
-811123.70 -166380.95
-811238.70 -166380.95
-811238.70 -166451.95
-811123.70 -166451.95
-811123.70 -166522.95
-811238.70 -166522.95
-811238.70 -166593.95
-811123.70 -166593.95
-811123.70 -166664.95
-811238.70 -166664.95
-811238.70 -166735.95
-811123.70 -166735.95
-811123.70 -166806.95
-811238.70 -166806.95
-811238.70 -166877.95
-811123.70 -166877.95
-811123.70 -166948.95
-811238.70 -166948.95
-811238.70 -167019.95
-811123.70 -167019.95
-811123.70 -167090.95
-811238.70 -167090.95
-811238.70 -167161.95
-811123.70 -167161.95
-811123.70 -167232.95
-811238.70 -167232.95
-811238.70 -167303.95
-811123.70 -167303.95
-811123.70 -167374.95
-811238.70 -167374.95
-811238.70 -167445.95
-811123.70 -167445.95
-811123.70 -167516.95
-811238.70 -167516.95
-811238.70 -167587.95
-811123.70 -167587.95
-811123.70 -167658.95
-811238.70 -167658.95
-811238.70 -167729.95
-811123.70 -167729.95
-811123.70 -167800.95
-811238.70 -167800.95
-811238.70 -167871.95
-811123.70 -167871.95
-811123.70 -167942.95
-811238.70 -167942.95
-811238.70 -168013.95
-811123.70 -168013.95
-811123.70 -168084.95
-811238.70 -168084.95
-811238.70 -168155.95
-811123.70 -168155.95
-811123.70 -168226.95
-811238.70 -168226.95
-811238.70 -168297.95
-811123.70 -168297.95
-811123.70 -168368.95
-811238.70 -168368.95
-811238.70 -168439.95
-811123.70 -168439.95
-811123.70 -168510.95
-811238.70 -168510.95
-811238.70 -168581.95
-811123.70 -168581.95
-811123.70 -168652.95
-811238.70 -168652.95
-811238.70 -168723.95
-811123.70 -168723.95
-811123.70 -168794.95
-811238.70 -168794.95
-811238.70 -168865.95
-811123.70 -168865.95
-811123.70 -168936.95
-811238.70 -168936.95
-811238.70 -169007.95
-811123.70 -169007.95
-811123.70 -169078.95
-811238.70 -169078.95
-811238.70 -169149.95
-811123.70 -169149.95
-811123.70 -169220.95
-811238.70 -169220.95
-811238.70 -169291.95
-811123.70 -169291.95
-811123.70 -169362.95
-811238.70 -169362.95
-811238.70 -169433.95
-811123.70 -169433.95
-811123.70 -169504.95
-811238.70 -169504.95
-811238.70 -169575.95
-811123.70 -169575.95
-811123.70 -169646.95
-811238.70 -169646.95
-811238.70 -169717.95
-811123.70 -169717.95
-811123.70 -169788.95
-811238.70 -169788.95
-811238.70 -169859.95
-811123.70 -169859.95
-811123.70 -169930.95
-811238.70 -169930.95
-811238.70 -170001.95
-811123.70 -170001.95
-811123.70 -170072.95
-811238.70 -170072.95
-811238.70 -170143.95
-811123.70 -170143.95
-811123.70 -170214.95
-811238.70 -170214.95
-811238.70 -170285.95
-811123.70 -170285.95
-811123.70 -170356.95
-811238.70 -170356.95
-811238.70 -170427.95
-811123.70 -170427.95
-811123.70 -170498.95
-811238.70 -170498.95
-811238.70 -170569.95
-811123.70 -170569.95
-811123.70 -170640.95
-811238.70 -170640.95
-811238.70 -170711.95
-811123.70 -170711.95
-811123.70 -170782.95
-811238.70 -170782.95
-811238.70 -170853.95
-811123.70 -170853.95
-811123.70 -170924.95
-811238.70 -170924.95
-811238.70 -170995.95
-811123.70 -170995.95
-811123.70 -171066.95
-811238.70 -171066.95
-811238.70 -171137.95
-811123.70 -171137.95
-811123.70 -171208.95
-811238.70 -171208.95
-811238.70 -171279.95
-811123.70 -171279.95
-811123.70 -171350.95
-811238.70 -171350.95
-811238.70 -171421.95
-811123.70 -171421.95
-811123.70 -171492.95
-811238.70 -171492.95
-811238.70 -171563.95
-811123.70 -171563.95
-811123.70 -171634.95
-811238.70 -171634.95
-811238.70 -171705.95
-811123.70 -171705.95
-811123.70 -171776.95
-811238.70 -171776.95
-811238.70 -171847.95
-811123.70 -171847.95
-811123.70 -171918.95
-811238.70 -171918.95
-811238.70 -171989.95
-811123.70 -171989.95
-811123.70 -172060.95
-811238.70 -172060.95
-811238.70 -172131.95
-811123.70 -172131.95
-811123.70 -172202.95
-811238.70 -172202.95
-811238.70 -172273.95
-811123.70 -172273.95
-811123.70 -172344.95
-811238.70 -172344.95
-811238.70 -172415.95
-811123.70 -172415.95
-811123.70 -172486.95
-811238.70 -172486.95
-811238.70 -172557.95
-811123.70 -172557.95
-811123.70 -172628.95
-811238.70 -172628.95
-811238.70 -172699.95
-811123.70 -172699.95
-811123.70 -172770.95
-811238.70 -172770.95
-811238.70 -172841.95
-811123.70 -172841.95
-811123.70 -172912.95
-811238.70 -172912.95
-811238.70 -172983.95
-811123.70 -172983.95
-811123.70 -173054.95
-811238.70 -173054.95
-811238.70 -173125.95
-811123.70 -173125.95
-811123.70 -173196.95
-811238.70 -173196.95
-811238.70 -173267.95
-811123.70 -173267.95
-811123.70 -173338.95
-811238.70 -173338.95
-811238.70 -173409.95
-811123.70 -173409.95
-811123.70 -173480.95
-811238.70 -173480.95
-811238.70 -173551.95
-811123.70 -173551.95
-811123.70 -173622.95
-811238.70 -173622.95
-811238.70 -173693.95
-811123.70 -173693.95
-811123.70 -173764.95
-811238.70 -173764.95
-811238.70 -173835.95
-811123.70 -173835.95
-811123.70 -173906.95
-811238.70 -173906.95
-811238.70 -173977.95
-811123.70 -173977.95
-811123.70 -174048.95
-811238.70 -174048.95
-811238.70 -174119.95
-811123.70 -174119.95
-811123.70 -174190.95
-811238.70 -174190.95
-811238.70 -174261.95
-811123.70 -174261.95
-811123.70 -174332.95
-811238.70 -174332.95
-811238.70 -174403.95
-811123.70 -174403.95
-811123.70 -174474.95
-811238.70 -174474.95
-811238.70 -174545.95
-811123.70 -174545.95
-811123.70 -174616.95
-811238.70 -174616.95
-811238.70 -174687.95
-811123.70 -174687.95
-811123.70 -174758.95
-811238.70 -174758.95
-811238.70 -174829.95
-811123.70 -174829.95
-811123.70 -174900.95
-811238.70 -174900.95
-811238.70 -174971.95
-811123.70 -174971.95
-811123.70 -175042.95
-811238.70 -175042.95
-811238.70 -175113.95
-811123.70 -175113.95
-811123.70 -175184.95
-811238.70 -175184.95
-811238.70 -175255.95
-811123.70 -175255.95
-811123.70 -175326.95
-811238.70 -175326.95
-811238.70 -175397.95
-811123.70 -175397.95
-811123.70 -175468.95
-811238.70 -175468.95
-811238.70 -175539.95
-811123.70 -175539.95
-811123.70 -175610.95
-811238.70 -175610.95
-811238.70 -175681.95
-811123.70 -175681.95
-811123.70 -175752.95
-811238.70 -175752.95
-811238.70 -175823.95
-811123.70 -175823.95
-811123.70 -175894.95
-811238.70 -175894.95
-811238.70 -175965.95
-811123.70 -175965.95
-811123.70 -176036.95
-811238.70 -176036.95
-811238.70 -176107.95
-811123.70 -176107.95
-811123.70 -176178.95
-811238.70 -176178.95
-811238.70 -176249.95
-811123.70 -176249.95
-811123.70 -176320.95
-811238.70 -176320.95
-811238.70 -176391.95
-811123.70 -176391.95
-811123.70 -176462.95
-811238.70 -176462.95
-811238.70 -176533.95
-811123.70 -176533.95
-811123.70 -176604.95
-811238.70 -176604.95
-811238.70 -176675.95
-811123.70 -176675.95
-811123.70 -176746.95
-811238.70 -176746.95
-811238.70 -176817.95
-811123.70 -176817.95
-811123.70 -176888.95
-811238.70 -176888.95
-811238.70 -176959.95
-811123.70 -176959.95
-811123.70 -177030.95
-811238.70 -177030.95
-811238.70 -177101.95
-811123.70 -177101.95
-811123.70 -177172.95
-811238.70 -177172.95
-811238.70 -177243.95
-811123.70 -177243.95
-811123.70 -177314.95
-811238.70 -177314.95
-811238.70 -177385.95
-811123.70 -177385.95
-811123.70 -177456.95
-811238.70 -177456.95
-811238.70 -177527.95
-811123.70 -177527.95
-811123.70 -177598.95
-811238.70 -177598.95
-811238.70 -177669.95
-811123.70 -177669.95
-811123.70 -177740.95
-811238.70 -177740.95
-811238.70 -177811.95
-811123.70 -177811.95
-811123.70 -177882.95
-811238.70 -177882.95
-811238.70 -177953.95
-811123.70 -177953.95
-811123.70 -178024.95
-811238.70 -178024.95
-811238.70 -178095.95
-811123.70 -178095.95
-811123.70 -178166.95
-811238.70 -178166.95
-811238.70 -178237.95
-811123.70 -178237.95
-811123.70 -178308.95
-811238.70 -178308.95
-811238.70 -178379.95
-811181.20 -178379.95
-811181.20 -178404.45
31.00