-965752.50 -157719.35
-965752.50 -157743.87
-965553.50 -157777.66
-965166.74 -157843.33
-964980.34 -157874.98
-964567.39 -157945.10
-964371.11 -157978.43
-963912.24 -158056.35
-963754.40 -158083.15
-963389.33 -158145.14
-963198.49 -158177.55
-963145.40 -158186.56
-963097.41 -158194.71
-962793.58 -158246.30
-962536.58 -158289.94
-962300.61 -158330.01
-962068.60 -158369.40
-937335.97 -162569.06
-935603.29 -162863.27
-935535.45 -162874.79
-934756.32 -163007.09
-926933.39 -164335.44
-925888.41 -164512.88
-925331.62 -164607.42
-924683.20 -164717.52
-924491.99 -164749.99
-924286.64 -164784.86
-924036.87 -164827.27
-923825.09 -164863.23
-923453.18 -164926.38
-923297.30 -164952.85
-921690.53 -165225.68
-921604.31 -165240.32
-920929.35 -165354.94
-919289.83 -165633.33
-919080.20 -165668.92
-917404.14 -165953.52
-917340.00 -165964.41
-917156.54 -165995.57
-915457.58 -166284.05
-915343.12 -166303.49
-914973.38 -166366.27
-914284.10 -166483.31
-913255.35 -166658.00
-913171.19 -166672.29
-912829.95 -166730.23
-912552.35 -166777.37
-911981.97 -166874.22
-911774.41 -166909.46
-910553.39 -167116.79
-910532.71 -167120.31
-910373.40 -167147.36
-910123.56 -167189.78
-909882.26 -167230.75
-909646.54 -167270.78
-909439.26 -167305.98
-908947.67 -167389.45
-908755.59 -167422.06
-908619.10 -167445.24
-908465.89 -167471.26
-908034.63 -167544.49
-907800.19 -167584.29
-905312.34 -168006.74
-904128.60 -168207.74
-904014.37 -168227.13
-902909.34 -168414.77
-899633.50 -168971.02
-897579.24 -169319.83
-897473.56 -169337.78
-894204.14 -169892.93
-889301.20 -170725.46
-889301.20 -170853.95
-889243.70 -170853.95
-889243.70 -170924.95
-889358.70 -170924.95
-889358.70 -170995.95
-889243.70 -170995.95
-889243.70 -171066.95
-889358.70 -171066.95
-889358.70 -171137.95
-889243.70 -171137.95
-889243.70 -171208.95
-889358.70 -171208.95
-889358.70 -171279.95
-889243.70 -171279.95
-889243.70 -171350.95
-889358.70 -171350.95
-889358.70 -171421.95
-889243.70 -171421.95
-889243.70 -171492.95
-889358.70 -171492.95
-889358.70 -171563.95
-889243.70 -171563.95
-889243.70 -171634.95
-889358.70 -171634.95
-889358.70 -171705.95
-889243.70 -171705.95
-889243.70 -171776.95
-889358.70 -171776.95
-889358.70 -171847.95
-889243.70 -171847.95
-889243.70 -171918.95
-889358.70 -171918.95
-889358.70 -171989.95
-889243.70 -171989.95
-889243.70 -172060.95
-889358.70 -172060.95
-889358.70 -172131.95
-889243.70 -172131.95
-889243.70 -172202.95
-889358.70 -172202.95
-889358.70 -172273.95
-889243.70 -172273.95
-889243.70 -172344.95
-889358.70 -172344.95
-889358.70 -172415.95
-889243.70 -172415.95
-889243.70 -172486.95
-889358.70 -172486.95
-889358.70 -172557.95
-889243.70 -172557.95
-889243.70 -172628.95
-889358.70 -172628.95
-889358.70 -172699.95
-889243.70 -172699.95
-889243.70 -172770.95
-889358.70 -172770.95
-889358.70 -172841.95
-889243.70 -172841.95
-889243.70 -172912.95
-889358.70 -172912.95
-889358.70 -172983.95
-889243.70 -172983.95
-889243.70 -173054.95
-889358.70 -173054.95
-889358.70 -173125.95
-889243.70 -173125.95
-889243.70 -173196.95
-889358.70 -173196.95
-889358.70 -173267.95
-889243.70 -173267.95
-889243.70 -173338.95
-889358.70 -173338.95
-889358.70 -173409.95
-889243.70 -173409.95
-889243.70 -173480.95
-889358.70 -173480.95
-889358.70 -173551.95
-889243.70 -173551.95
-889243.70 -173622.95
-889358.70 -173622.95
-889358.70 -173693.95
-889243.70 -173693.95
-889243.70 -173764.95
-889358.70 -173764.95
-889358.70 -173835.95
-889243.70 -173835.95
-889243.70 -173906.95
-889358.70 -173906.95
-889358.70 -173977.95
-889243.70 -173977.95
-889243.70 -174048.95
-889358.70 -174048.95
-889358.70 -174119.95
-889243.70 -174119.95
-889243.70 -174190.95
-889358.70 -174190.95
-889358.70 -174261.95
-889243.70 -174261.95
-889243.70 -174332.95
-889358.70 -174332.95
-889358.70 -174403.95
-889243.70 -174403.95
-889243.70 -174474.95
-889358.70 -174474.95
-889358.70 -174545.95
-889243.70 -174545.95
-889243.70 -174616.95
-889358.70 -174616.95
-889358.70 -174687.95
-889243.70 -174687.95
-889243.70 -174758.95
-889358.70 -174758.95
-889358.70 -174829.95
-889243.70 -174829.95
-889243.70 -174900.95
-889358.70 -174900.95
-889358.70 -174971.95
-889243.70 -174971.95
-889243.70 -175042.95
-889358.70 -175042.95
-889358.70 -175113.95
-889243.70 -175113.95
-889243.70 -175184.95
-889358.70 -175184.95
-889358.70 -175255.95
-889243.70 -175255.95
-889243.70 -175326.95
-889358.70 -175326.95
-889358.70 -175397.95
-889243.70 -175397.95
-889243.70 -175468.95
-889358.70 -175468.95
-889358.70 -175539.95
-889243.70 -175539.95
-889243.70 -175610.95
-889358.70 -175610.95
-889358.70 -175681.95
-889243.70 -175681.95
-889243.70 -175752.95
-889358.70 -175752.95
-889358.70 -175823.95
-889243.70 -175823.95
-889243.70 -175894.95
-889358.70 -175894.95
-889358.70 -175965.95
-889243.70 -175965.95
-889243.70 -176036.95
-889358.70 -176036.95
-889358.70 -176107.95
-889243.70 -176107.95
-889243.70 -176178.95
-889358.70 -176178.95
-889358.70 -176249.95
-889243.70 -176249.95
-889243.70 -176320.95
-889358.70 -176320.95
-889358.70 -176391.95
-889243.70 -176391.95
-889243.70 -176462.95
-889358.70 -176462.95
-889358.70 -176533.95
-889243.70 -176533.95
-889243.70 -176604.95
-889358.70 -176604.95
-889358.70 -176675.95
-889243.70 -176675.95
-889243.70 -176746.95
-889358.70 -176746.95
-889358.70 -176817.95
-889243.70 -176817.95
-889243.70 -176888.95
-889358.70 -176888.95
-889358.70 -176959.95
-889243.70 -176959.95
-889243.70 -177030.95
-889358.70 -177030.95
-889358.70 -177101.95
-889243.70 -177101.95
-889243.70 -177172.95
-889358.70 -177172.95
-889358.70 -177243.95
-889243.70 -177243.95
-889243.70 -177314.95
-889358.70 -177314.95
-889358.70 -177385.95
-889243.70 -177385.95
-889243.70 -177456.95
-889358.70 -177456.95
-889358.70 -177527.95
-889243.70 -177527.95
-889243.70 -177598.95
-889358.70 -177598.95
-889358.70 -177669.95
-889243.70 -177669.95
-889243.70 -177740.95
-889358.70 -177740.95
-889358.70 -177811.95
-889243.70 -177811.95
-889243.70 -177882.95
-889358.70 -177882.95
-889358.70 -177953.95
-889243.70 -177953.95
-889243.70 -178024.95
-889358.70 -178024.95
-889358.70 -178095.95
-889243.70 -178095.95
-889243.70 -178166.95
-889358.70 -178166.95
-889358.70 -178237.95
-889243.70 -178237.95
-889243.70 -178308.95
-889358.70 -178308.95
-889358.70 -178379.95
-889301.20 -178379.95
-889301.20 -178404.45
31.00