-471261.50 -157719.35
-471261.50 -157743.87
-471460.50 -157777.66
-474015.82 -158211.56
-474480.42 -158290.45
-474712.73 -158329.90
-475177.32 -158408.79
-477268.21 -158763.82
-477268.27 -158763.83
-477732.66 -158842.69
-478197.25 -158921.57
-479125.80 -159079.25
-479126.48 -159079.36
-481482.35 -159479.39
-482165.84 -159595.45
-483015.14 -159739.66
-485770.95 -160207.60
-485963.98 -160240.38
-486298.96 -160297.26
-487141.86 -160440.39
-488343.79 -160644.48
-493760.90 -161564.31
-493761.69 -161564.45
-497939.58 -162273.86
-497959.85 -162277.31
-499335.91 -162510.96
-499336.61 -162511.08
-513278.29 -164878.41
-513282.49 -164879.12
-522334.66 -166416.20
-526979.91 -167204.97
-526981.06 -167205.17
-532323.35 -168112.30
-532323.90 -168112.39
-552534.04 -171544.12
-552534.53 -171544.20
-555163.52 -171990.61
-555654.10 -172073.91
-563216.51 -173358.02
-563221.51 -173358.87
-568606.20 -174273.20
-568606.20 -174403.95
-568548.70 -174403.95
-568548.70 -174474.95
-568663.70 -174474.95
-568663.70 -174545.95
-568548.70 -174545.95
-568548.70 -174616.95
-568663.70 -174616.95
-568663.70 -174687.95
-568548.70 -174687.95
-568548.70 -174758.95
-568663.70 -174758.95
-568663.70 -174829.95
-568548.70 -174829.95
-568548.70 -174900.95
-568663.70 -174900.95
-568663.70 -174971.95
-568548.70 -174971.95
-568548.70 -175042.95
-568663.70 -175042.95
-568663.70 -175113.95
-568548.70 -175113.95
-568548.70 -175184.95
-568663.70 -175184.95
-568663.70 -175255.95
-568548.70 -175255.95
-568548.70 -175326.95
-568663.70 -175326.95
-568663.70 -175397.95
-568548.70 -175397.95
-568548.70 -175468.95
-568663.70 -175468.95
-568663.70 -175539.95
-568548.70 -175539.95
-568548.70 -175610.95
-568663.70 -175610.95
-568663.70 -175681.95
-568548.70 -175681.95
-568548.70 -175752.95
-568663.70 -175752.95
-568663.70 -175823.95
-568548.70 -175823.95
-568548.70 -175894.95
-568663.70 -175894.95
-568663.70 -175965.95
-568548.70 -175965.95
-568548.70 -176036.95
-568663.70 -176036.95
-568663.70 -176107.95
-568548.70 -176107.95
-568548.70 -176178.95
-568663.70 -176178.95
-568663.70 -176249.95
-568548.70 -176249.95
-568548.70 -176320.95
-568663.70 -176320.95
-568663.70 -176391.95
-568548.70 -176391.95
-568548.70 -176462.95
-568663.70 -176462.95
-568663.70 -176533.95
-568548.70 -176533.95
-568548.70 -176604.95
-568663.70 -176604.95
-568663.70 -176675.95
-568548.70 -176675.95
-568548.70 -176746.95
-568663.70 -176746.95
-568663.70 -176817.95
-568548.70 -176817.95
-568548.70 -176888.95
-568663.70 -176888.95
-568663.70 -176959.95
-568548.70 -176959.95
-568548.70 -177030.95
-568663.70 -177030.95
-568663.70 -177101.95
-568548.70 -177101.95
-568548.70 -177172.95
-568663.70 -177172.95
-568663.70 -177243.95
-568548.70 -177243.95
-568548.70 -177314.95
-568663.70 -177314.95
-568663.70 -177385.95
-568548.70 -177385.95
-568548.70 -177456.95
-568663.70 -177456.95
-568663.70 -177527.95
-568548.70 -177527.95
-568548.70 -177598.95
-568663.70 -177598.95
-568663.70 -177669.95
-568548.70 -177669.95
-568548.70 -177740.95
-568663.70 -177740.95
-568663.70 -177811.95
-568548.70 -177811.95
-568548.70 -177882.95
-568663.70 -177882.95
-568663.70 -177953.95
-568548.70 -177953.95
-568548.70 -178024.95
-568663.70 -178024.95
-568663.70 -178095.95
-568548.70 -178095.95
-568548.70 -178166.95
-568663.70 -178166.95
-568663.70 -178237.95
-568548.70 -178237.95
-568548.70 -178308.95
-568663.70 -178308.95
-568663.70 -178379.95
-568606.20 -178379.95
-568606.20 -178404.45
31.00