-846969.50 -157719.35
-846969.50 -157743.87
-846770.50 -157777.66
-846371.34 -157845.44
-846163.91 -157880.66
-845663.76 -157965.59
-845398.42 -158010.64
-845122.01 -158057.58
-845107.69 -158060.01
-844691.02 -158130.76
-844212.71 -158211.98
-844076.41 -158235.12
-844054.55 -158238.83
-843575.64 -158320.15
-843395.09 -158350.81
-842925.11 -158430.62
-842701.69 -158468.55
-842661.38 -158475.40
-842508.33 -158501.39
-841786.44 -158623.97
-841529.56 -158667.58
-840833.01 -158785.86
-840697.64 -158808.85
-839684.34 -158980.91
-839674.84 -158982.52
-839402.28 -159028.80
-839204.37 -159062.41
-838962.49 -159103.48
-838747.72 -159139.95
-838497.88 -159182.37
-838283.12 -159218.84
-838033.28 -159261.26
-837791.98 -159302.23
-837556.26 -159342.26
-837383.18 -159371.65
-836771.38 -159475.53
-835781.64 -159643.59
-835575.13 -159678.66
-834477.01 -159865.12
-834144.04 -159921.66
-832857.55 -160140.11
-832616.75 -160181.00
-832234.56 -160245.89
-828917.89 -160809.07
-828090.18 -160949.62
-827811.99 -160996.86
-827570.69 -161037.83
-827334.97 -161077.85
-827138.06 -161111.29
-826460.62 -161226.32
-826203.83 -161269.92
-824922.29 -161487.53
-824730.07 -161520.17
-823561.71 -161718.56
-823383.85 -161748.76
-823276.84 -161766.93
-821896.72 -162001.28
-821896.54 -162001.31
-821435.23 -162079.64
-821315.95 -162099.90
-821189.50 -162121.37
-820383.14 -162258.29
-819669.56 -162379.46
-819125.11 -162471.91
-818717.02 -162541.20
-816719.12 -162880.45
-816711.79 -162881.69
-816613.75 -162898.34
-816451.13 -162925.95
-816196.88 -162969.13
-815982.12 -163005.59
-815732.28 -163048.02
-815556.91 -163077.79
-813321.36 -163457.39
-812960.88 -163518.60
-812266.20 -163636.56
-812266.20 -163753.95
-812230.97 -163753.95
-812230.97 -163824.95
-812323.70 -163824.95
-812323.70 -163895.95
-812208.70 -163895.95
-812208.70 -163966.95
-812323.70 -163966.95
-812323.70 -164037.95
-812208.70 -164037.95
-812208.70 -164108.95
-812323.70 -164108.95
-812323.70 -164179.95
-812208.70 -164179.95
-812208.70 -164250.95
-812323.70 -164250.95
-812323.70 -164321.95
-812208.70 -164321.95
-812208.70 -164392.95
-812323.70 -164392.95
-812323.70 -164463.95
-812208.70 -164463.95
-812208.70 -164534.95
-812323.70 -164534.95
-812323.70 -164605.95
-812208.70 -164605.95
-812208.70 -164676.95
-812323.70 -164676.95
-812323.70 -164747.95
-812208.70 -164747.95
-812208.70 -164818.95
-812323.70 -164818.95
-812323.70 -164889.95
-812208.70 -164889.95
-812208.70 -164960.95
-812323.70 -164960.95
-812323.70 -165031.95
-812208.70 -165031.95
-812208.70 -165102.95
-812323.70 -165102.95
-812323.70 -165173.95
-812208.70 -165173.95
-812208.70 -165244.95
-812323.70 -165244.95
-812323.70 -165315.95
-812208.70 -165315.95
-812208.70 -165386.95
-812323.70 -165386.95
-812323.70 -165457.95
-812208.70 -165457.95
-812208.70 -165528.95
-812323.70 -165528.95
-812323.70 -165599.95
-812208.70 -165599.95
-812208.70 -165670.95
-812323.70 -165670.95
-812323.70 -165741.95
-812208.70 -165741.95
-812208.70 -165812.95
-812323.70 -165812.95
-812323.70 -165883.95
-812208.70 -165883.95
-812208.70 -165954.95
-812323.70 -165954.95
-812323.70 -166025.95
-812208.70 -166025.95
-812208.70 -166096.95
-812323.70 -166096.95
-812323.70 -166167.95
-812208.70 -166167.95
-812208.70 -166238.95
-812323.70 -166238.95
-812323.70 -166309.95
-812208.70 -166309.95
-812208.70 -166380.95
-812323.70 -166380.95
-812323.70 -166451.95
-812208.70 -166451.95
-812208.70 -166522.95
-812323.70 -166522.95
-812323.70 -166593.95
-812208.70 -166593.95
-812208.70 -166664.95
-812323.70 -166664.95
-812323.70 -166735.95
-812208.70 -166735.95
-812208.70 -166806.95
-812323.70 -166806.95
-812323.70 -166877.95
-812208.70 -166877.95
-812208.70 -166948.95
-812323.70 -166948.95
-812323.70 -167019.95
-812208.70 -167019.95
-812208.70 -167090.95
-812323.70 -167090.95
-812323.70 -167161.95
-812208.70 -167161.95
-812208.70 -167232.95
-812323.70 -167232.95
-812323.70 -167303.95
-812208.70 -167303.95
-812208.70 -167374.95
-812323.70 -167374.95
-812323.70 -167445.95
-812208.70 -167445.95
-812208.70 -167516.95
-812323.70 -167516.95
-812323.70 -167587.95
-812208.70 -167587.95
-812208.70 -167658.95
-812323.70 -167658.95
-812323.70 -167729.95
-812208.70 -167729.95
-812208.70 -167800.95
-812323.70 -167800.95
-812323.70 -167871.95
-812208.70 -167871.95
-812208.70 -167942.95
-812323.70 -167942.95
-812323.70 -168013.95
-812208.70 -168013.95
-812208.70 -168084.95
-812323.70 -168084.95
-812323.70 -168155.95
-812208.70 -168155.95
-812208.70 -168226.95
-812323.70 -168226.95
-812323.70 -168297.95
-812208.70 -168297.95
-812208.70 -168368.95
-812323.70 -168368.95
-812323.70 -168439.95
-812208.70 -168439.95
-812208.70 -168510.95
-812323.70 -168510.95
-812323.70 -168581.95
-812208.70 -168581.95
-812208.70 -168652.95
-812323.70 -168652.95
-812323.70 -168723.95
-812208.70 -168723.95
-812208.70 -168794.95
-812323.70 -168794.95
-812323.70 -168865.95
-812208.70 -168865.95
-812208.70 -168936.95
-812323.70 -168936.95
-812323.70 -169007.95
-812208.70 -169007.95
-812208.70 -169078.95
-812323.70 -169078.95
-812323.70 -169149.95
-812208.70 -169149.95
-812208.70 -169220.95
-812323.70 -169220.95
-812323.70 -169291.95
-812208.70 -169291.95
-812208.70 -169362.95
-812323.70 -169362.95
-812323.70 -169433.95
-812208.70 -169433.95
-812208.70 -169504.95
-812323.70 -169504.95
-812323.70 -169575.95
-812208.70 -169575.95
-812208.70 -169646.95
-812323.70 -169646.95
-812323.70 -169717.95
-812208.70 -169717.95
-812208.70 -169788.95
-812323.70 -169788.95
-812323.70 -169859.95
-812208.70 -169859.95
-812208.70 -169930.95
-812323.70 -169930.95
-812323.70 -170001.95
-812208.70 -170001.95
-812208.70 -170072.95
-812323.70 -170072.95
-812323.70 -170143.95
-812208.70 -170143.95
-812208.70 -170214.95
-812323.70 -170214.95
-812323.70 -170285.95
-812208.70 -170285.95
-812208.70 -170356.95
-812323.70 -170356.95
-812323.70 -170427.95
-812208.70 -170427.95
-812208.70 -170498.95
-812323.70 -170498.95
-812323.70 -170569.95
-812208.70 -170569.95
-812208.70 -170640.95
-812323.70 -170640.95
-812323.70 -170711.95
-812208.70 -170711.95
-812208.70 -170782.95
-812323.70 -170782.95
-812323.70 -170853.95
-812208.70 -170853.95
-812208.70 -170924.95
-812323.70 -170924.95
-812323.70 -170995.95
-812208.70 -170995.95
-812208.70 -171066.95
-812323.70 -171066.95
-812323.70 -171137.95
-812208.70 -171137.95
-812208.70 -171208.95
-812323.70 -171208.95
-812323.70 -171279.95
-812208.70 -171279.95
-812208.70 -171350.95
-812323.70 -171350.95
-812323.70 -171421.95
-812208.70 -171421.95
-812208.70 -171492.95
-812323.70 -171492.95
-812323.70 -171563.95
-812208.70 -171563.95
-812208.70 -171634.95
-812323.70 -171634.95
-812323.70 -171705.95
-812208.70 -171705.95
-812208.70 -171776.95
-812323.70 -171776.95
-812323.70 -171847.95
-812208.70 -171847.95
-812208.70 -171918.95
-812323.70 -171918.95
-812323.70 -171989.95
-812208.70 -171989.95
-812208.70 -172060.95
-812323.70 -172060.95
-812323.70 -172131.95
-812208.70 -172131.95
-812208.70 -172202.95
-812323.70 -172202.95
-812323.70 -172273.95
-812208.70 -172273.95
-812208.70 -172344.95
-812323.70 -172344.95
-812323.70 -172415.95
-812208.70 -172415.95
-812208.70 -172486.95
-812323.70 -172486.95
-812323.70 -172557.95
-812208.70 -172557.95
-812208.70 -172628.95
-812323.70 -172628.95
-812323.70 -172699.95
-812208.70 -172699.95
-812208.70 -172770.95
-812323.70 -172770.95
-812323.70 -172841.95
-812208.70 -172841.95
-812208.70 -172912.95
-812323.70 -172912.95
-812323.70 -172983.95
-812208.70 -172983.95
-812208.70 -173054.95
-812323.70 -173054.95
-812323.70 -173125.95
-812208.70 -173125.95
-812208.70 -173196.95
-812323.70 -173196.95
-812323.70 -173267.95
-812208.70 -173267.95
-812208.70 -173338.95
-812323.70 -173338.95
-812323.70 -173409.95
-812208.70 -173409.95
-812208.70 -173480.95
-812323.70 -173480.95
-812323.70 -173551.95
-812208.70 -173551.95
-812208.70 -173622.95
-812323.70 -173622.95
-812323.70 -173693.95
-812208.70 -173693.95
-812208.70 -173764.95
-812323.70 -173764.95
-812323.70 -173835.95
-812208.70 -173835.95
-812208.70 -173906.95
-812323.70 -173906.95
-812323.70 -173977.95
-812208.70 -173977.95
-812208.70 -174048.95
-812323.70 -174048.95
-812323.70 -174119.95
-812208.70 -174119.95
-812208.70 -174190.95
-812323.70 -174190.95
-812323.70 -174261.95
-812208.70 -174261.95
-812208.70 -174332.95
-812323.70 -174332.95
-812323.70 -174403.95
-812208.70 -174403.95
-812208.70 -174474.95
-812323.70 -174474.95
-812323.70 -174545.95
-812208.70 -174545.95
-812208.70 -174616.95
-812323.70 -174616.95
-812323.70 -174687.95
-812208.70 -174687.95
-812208.70 -174758.95
-812323.70 -174758.95
-812323.70 -174829.95
-812208.70 -174829.95
-812208.70 -174900.95
-812323.70 -174900.95
-812323.70 -174971.95
-812208.70 -174971.95
-812208.70 -175042.95
-812323.70 -175042.95
-812323.70 -175113.95
-812208.70 -175113.95
-812208.70 -175184.95
-812323.70 -175184.95
-812323.70 -175255.95
-812208.70 -175255.95
-812208.70 -175326.95
-812323.70 -175326.95
-812323.70 -175397.95
-812208.70 -175397.95
-812208.70 -175468.95
-812323.70 -175468.95
-812323.70 -175539.95
-812208.70 -175539.95
-812208.70 -175610.95
-812323.70 -175610.95
-812323.70 -175681.95
-812208.70 -175681.95
-812208.70 -175752.95
-812323.70 -175752.95
-812323.70 -175823.95
-812208.70 -175823.95
-812208.70 -175894.95
-812323.70 -175894.95
-812323.70 -175965.95
-812208.70 -175965.95
-812208.70 -176036.95
-812323.70 -176036.95
-812323.70 -176107.95
-812208.70 -176107.95
-812208.70 -176178.95
-812323.70 -176178.95
-812323.70 -176249.95
-812208.70 -176249.95
-812208.70 -176320.95
-812323.70 -176320.95
-812323.70 -176391.95
-812208.70 -176391.95
-812208.70 -176462.95
-812323.70 -176462.95
-812323.70 -176533.95
-812208.70 -176533.95
-812208.70 -176604.95
-812323.70 -176604.95
-812323.70 -176675.95
-812208.70 -176675.95
-812208.70 -176746.95
-812323.70 -176746.95
-812323.70 -176817.95
-812208.70 -176817.95
-812208.70 -176888.95
-812323.70 -176888.95
-812323.70 -176959.95
-812208.70 -176959.95
-812208.70 -177030.95
-812323.70 -177030.95
-812323.70 -177101.95
-812208.70 -177101.95
-812208.70 -177172.95
-812323.70 -177172.95
-812323.70 -177243.95
-812208.70 -177243.95
-812208.70 -177314.95
-812323.70 -177314.95
-812323.70 -177385.95
-812208.70 -177385.95
-812208.70 -177456.95
-812323.70 -177456.95
-812323.70 -177527.95
-812208.70 -177527.95
-812208.70 -177598.95
-812323.70 -177598.95
-812323.70 -177669.95
-812208.70 -177669.95
-812208.70 -177740.95
-812323.70 -177740.95
-812323.70 -177811.95
-812208.70 -177811.95
-812208.70 -177882.95
-812323.70 -177882.95
-812323.70 -177953.95
-812208.70 -177953.95
-812208.70 -178024.95
-812323.70 -178024.95
-812323.70 -178095.95
-812208.70 -178095.95
-812208.70 -178166.95
-812323.70 -178166.95
-812323.70 -178237.95
-812208.70 -178237.95
-812208.70 -178308.95
-812323.70 -178308.95
-812323.70 -178379.95
-812266.20 -178379.95
-812266.20 -178404.45
31.00