-12370.00 -42480.00
-12370.00 -43295.98
-12135.00 -43421.46
-11868.27 -43563.89
-11601.53 -43706.30
-11334.80 -43848.73
-11068.07 -43991.15
-10801.33 -44133.59
-10534.59 -44276.00
-10267.85 -44418.43
-10001.21 -44560.79
-9733.66 -44703.80
-9473.67 -44841.45
-9155.19 -45022.38
-8810.31 -45131.06
-8532.06 -45217.75
-7700.61 -45476.80
-7423.47 -45563.14
-7146.31 -45649.50
-6869.16 -45735.84
-6592.01 -45822.20
-6314.86 -45908.54
-6037.71 -45994.89
-5760.56 -46081.23
-5483.42 -46167.59
-5206.26 -46253.93
-4929.11 -46340.29
-4651.96 -46426.63
-4374.81 -46512.99
-4097.66 -46599.33
-3820.52 -46685.68
-3543.36 -46772.02
-3266.21 -46858.38
-2989.06 -46944.72
-2711.91 -47031.08
-2434.76 -47117.42
-2351.06 -47143.50
-2351.06 -55615.95
30.00