-690814.42 -120565.51
-693721.21 -120565.51
-694606.24 -121220.51
-694850.59 -121338.95
-695747.02 -122002.38
-695991.38 -122120.82
-696887.48 -122784.08
-697139.43 -122905.40
-697976.98 -123585.03
-698185.54 -123723.40
-698803.34 -124392.39
-698990.22 -124516.37
-699608.02 -125185.36
-699794.90 -125309.34
-700412.70 -125978.33
-700599.58 -126102.31
-701217.38 -126771.29
-701404.24 -126895.26
-702022.08 -127564.27
-702208.94 -127688.26
-702826.76 -128357.24
-703013.70 -128481.27
-703628.93 -129147.66
-703849.28 -129292.02
-704315.39 -129859.98
-704959.91 -130902.56
-705107.87 -131033.47
-705525.75 -131709.42
-705673.71 -131840.34
-706091.55 -132516.23
-706239.53 -132647.15
-706657.39 -133323.07
-706805.35 -133453.98
-707223.23 -134129.94
-707371.19 -134260.86
-707789.01 -134936.71
-707937.15 -135067.77
-708352.08 -135739.24
-708527.11 -135892.61
-709281.04 -137199.06
-709463.79 -137688.19
-709581.73 -137827.39
-709837.33 -138511.51
-709955.29 -138650.72
-710210.90 -139334.91
-710328.85 -139474.10
-710584.45 -140158.26
-710702.40 -140297.44
-710958.01 -140981.64
-711075.96 -141120.82
-711331.57 -141805.01
-711449.52 -141944.20
-711705.09 -142628.29
-711823.39 -142767.86
-712074.79 -143441.45
-712226.43 -143617.91
-712546.32 -144557.11
-712793.07 -144956.33
-712903.10 -145650.03
-712995.01 -145798.74
-713105.04 -146492.45
-713196.94 -146641.14
-713306.95 -147334.79
-713398.86 -147483.48
-713508.90 -148177.30
-713600.81 -148326.01
-713710.80 -149019.52
-713802.71 -149168.20
-713912.76 -149862.10
-714004.67 -150010.81
-714114.66 -150704.35
-714206.60 -150853.09
-714316.48 -151545.98
-714409.87 -151696.94
-714511.80 -152344.69
-714682.03 -152607.88
-714732.51 -153120.41
-714886.61 -153298.44
-714886.61 -154101.06
-714919.46 -154139.02
-714919.46 -154941.02
-714952.32 -154978.99
-714952.32 -155781.62
-714985.17 -155819.58
-714985.17 -156621.56
-715018.03 -156659.53
-715018.03 -157462.18
-715050.88 -157500.14
-715050.88 -158302.11
-715083.74 -158340.07
-715083.74 -159142.38
-715116.60 -159180.34
-715116.60 -159982.66
-715149.45 -160020.61
-715149.45 -162300.84
-715140.95 -162599.22
-715140.95 -163852.27
-714992.50 -164415.27
-714992.50 -164752.79
-714844.06 -165315.77
-714844.06 -165653.34
-714695.62 -166216.33
-714695.62 -166553.90
-714547.18 -167116.89
-714547.18 -167454.46
-714398.74 -168017.44
-714398.74 -168355.01
-714250.30 -168918.00
-714250.30 -169255.57
-714101.86 -169818.56
-714101.86 -170156.18
-713953.41 -170719.17
-713953.41 -171056.68
-713797.15 -171649.33
-713797.15 -172531.12
-713234.41 -173788.92
-713201.43 -173984.24
-712877.23 -174708.85
-712844.27 -174904.12
-712519.91 -175629.08
-712486.95 -175824.31
-712162.68 -176549.09
-712129.70 -176744.41
-711805.50 -177469.02
-711772.54 -177664.29
-711448.18 -178389.25
-711415.21 -178584.49
-711090.95 -179309.27
-711057.96 -179504.66
-710736.82 -180222.38
-710658.23 -180693.47
-709316.36 -183203.93
-708978.51 -183670.25
-708891.65 -183877.22
-708357.52 -184614.46
-708270.67 -184821.43
-707736.54 -185558.67
-707649.68 -185765.63
-707115.55 -186502.87
-707028.70 -186709.83
-706494.45 -187447.23
-706407.61 -187654.14
-705872.87 -188392.25
-705792.58 -188583.41
-704780.07 -189992.55
-704126.20 -190976.71
-703116.68 -191891.34
-702954.11 -192108.57
-702127.57 -192857.42
-701964.94 -193074.73
-701138.18 -193823.78
-700975.67 -194040.92
-700149.05 -194789.85
-699986.57 -195006.97
-699159.26 -195756.52
-699001.34 -195967.46
-697921.78 -196948.82
-697068.18 -197931.51
-694998.47 -199136.76
-694714.11 -199362.11
-693410.73 -200121.11
-693126.49 -200346.37
-691822.55 -201105.69
-691538.45 -201330.84
-690249.33 -202081.40
-689823.58 -202421.23
-688327.24 -203221.04
-685574.93 -204394.96
-685167.02 -204529.16
-685167.02 -209773.70
30.00