-952129.50 -157719.35
-952129.50 -157743.87
-951930.51 -157777.66
-951556.15 -157841.23
-951351.83 -157875.92
-950929.06 -157947.71
-950725.63 -157982.25
-950302.26 -158054.14
-950151.58 -158079.73
-949909.22 -158120.88
-949685.32 -158158.90
-949472.02 -158195.12
-948912.76 -158290.08
-948589.91 -158344.90
-947574.98 -158517.24
-946974.95 -158619.12
-946567.02 -158688.39
-946450.71 -158708.14
-946097.48 -158768.12
-945984.61 -158787.28
-944530.70 -159034.16
-943304.50 -159242.37
-943240.69 -159253.21
-942878.76 -159314.66
-942172.87 -159434.53
-941819.74 -159494.49
-941803.46 -159497.25
-940996.32 -159634.31
-940843.62 -159660.24
-938498.68 -160058.41
-938278.72 -160095.76
-937006.96 -160311.71
-936514.97 -160395.25
-935221.51 -160614.88
-935153.66 -160626.40
-934374.54 -160758.70
-933273.46 -160945.67
-932531.37 -161071.67
-930907.39 -161347.43
-929818.71 -161532.29
-929658.41 -161559.51
-928867.91 -161693.74
-925245.43 -162308.84
-924807.52 -162383.20
-924301.42 -162469.14
-924110.21 -162501.60
-923904.86 -162536.47
-923655.09 -162578.88
-923443.31 -162614.85
-923071.40 -162678.00
-922915.52 -162704.47
-921308.75 -162977.30
-921222.53 -162991.94
-920547.57 -163106.55
-918785.76 -163405.71
-918526.46 -163449.74
-917019.71 -163705.59
-916955.68 -163716.46
-916429.61 -163805.79
-915075.80 -164035.67
-914961.34 -164055.10
-914205.01 -164183.53
-913648.83 -164277.97
-912760.21 -164428.86
-912675.13 -164443.30
-912312.87 -164504.82
-912055.05 -164548.60
-911600.19 -164625.83
-911392.63 -164661.08
-910171.61 -164868.41
-910150.93 -164871.92
-909991.62 -164898.97
-909741.78 -164941.39
-909500.48 -164982.37
-909264.76 -165022.39
-909057.47 -165057.59
-908565.89 -165141.06
-908373.81 -165173.68
-908237.32 -165196.85
-908084.10 -165222.87
-907652.85 -165296.10
-907418.41 -165335.91
-904443.83 -165841.00
-903739.85 -165960.53
-903625.57 -165979.94
-902527.56 -166166.38
-898502.00 -166849.93
-897197.46 -167071.44
-896956.17 -167112.42
-896720.45 -167152.44
-896522.51 -167186.05
-896268.26 -167229.23
-896099.01 -167257.96
-895261.26 -167400.22
-894123.62 -167593.39
-881193.66 -169788.92
-880783.78 -169858.52
-880593.00 -169890.92
-880466.20 -169912.45
-880466.20 -170072.95
-880523.70 -170072.95
-880523.70 -170143.95
-880408.70 -170143.95
-880408.70 -170214.95
-880523.70 -170214.95
-880523.70 -170285.95
-880408.70 -170285.95
-880408.70 -170356.95
-880523.70 -170356.95
-880523.70 -170427.95
-880408.70 -170427.95
-880408.70 -170498.95
-880523.70 -170498.95
-880523.70 -170569.95
-880408.70 -170569.95
-880408.70 -170640.95
-880523.70 -170640.95
-880523.70 -170711.95
-880408.70 -170711.95
-880408.70 -170782.95
-880523.70 -170782.95
-880523.70 -170853.95
-880408.70 -170853.95
-880408.70 -170924.95
-880523.70 -170924.95
-880523.70 -170995.95
-880408.70 -170995.95
-880408.70 -171066.95
-880523.70 -171066.95
-880523.70 -171137.95
-880408.70 -171137.95
-880408.70 -171208.95
-880523.70 -171208.95
-880523.70 -171279.95
-880408.70 -171279.95
-880408.70 -171350.95
-880523.70 -171350.95
-880523.70 -171421.95
-880408.70 -171421.95
-880408.70 -171492.95
-880523.70 -171492.95
-880523.70 -171563.95
-880408.70 -171563.95
-880408.70 -171634.95
-880523.70 -171634.95
-880523.70 -171705.95
-880408.70 -171705.95
-880408.70 -171776.95
-880523.70 -171776.95
-880523.70 -171847.95
-880408.70 -171847.95
-880408.70 -171918.95
-880523.70 -171918.95
-880523.70 -171989.95
-880408.70 -171989.95
-880408.70 -172060.95
-880523.70 -172060.95
-880523.70 -172131.95
-880408.70 -172131.95
-880408.70 -172202.95
-880523.70 -172202.95
-880523.70 -172273.95
-880408.70 -172273.95
-880408.70 -172344.95
-880523.70 -172344.95
-880523.70 -172415.95
-880408.70 -172415.95
-880408.70 -172486.95
-880523.70 -172486.95
-880523.70 -172557.95
-880408.70 -172557.95
-880408.70 -172628.95
-880523.70 -172628.95
-880523.70 -172699.95
-880408.70 -172699.95
-880408.70 -172770.95
-880523.70 -172770.95
-880523.70 -172841.95
-880408.70 -172841.95
-880408.70 -172912.95
-880523.70 -172912.95
-880523.70 -172983.95
-880408.70 -172983.95
-880408.70 -173054.95
-880523.70 -173054.95
-880523.70 -173125.95
-880408.70 -173125.95
-880408.70 -173196.95
-880523.70 -173196.95
-880523.70 -173267.95
-880408.70 -173267.95
-880408.70 -173338.95
-880523.70 -173338.95
-880523.70 -173409.95
-880408.70 -173409.95
-880408.70 -173480.95
-880523.70 -173480.95
-880523.70 -173551.95
-880408.70 -173551.95
-880408.70 -173622.95
-880523.70 -173622.95
-880523.70 -173693.95
-880408.70 -173693.95
-880408.70 -173764.95
-880523.70 -173764.95
-880523.70 -173835.95
-880408.70 -173835.95
-880408.70 -173906.95
-880523.70 -173906.95
-880523.70 -173977.95
-880408.70 -173977.95
-880408.70 -174048.95
-880523.70 -174048.95
-880523.70 -174119.95
-880408.70 -174119.95
-880408.70 -174190.95
-880523.70 -174190.95
-880523.70 -174261.95
-880408.70 -174261.95
-880408.70 -174332.95
-880523.70 -174332.95
-880523.70 -174403.95
-880408.70 -174403.95
-880408.70 -174474.95
-880523.70 -174474.95
-880523.70 -174545.95
-880408.70 -174545.95
-880408.70 -174616.95
-880523.70 -174616.95
-880523.70 -174687.95
-880408.70 -174687.95
-880408.70 -174758.95
-880523.70 -174758.95
-880523.70 -174829.95
-880408.70 -174829.95
-880408.70 -174900.95
-880523.70 -174900.95
-880523.70 -174971.95
-880408.70 -174971.95
-880408.70 -175042.95
-880523.70 -175042.95
-880523.70 -175113.95
-880408.70 -175113.95
-880408.70 -175184.95
-880523.70 -175184.95
-880523.70 -175255.95
-880408.70 -175255.95
-880408.70 -175326.95
-880523.70 -175326.95
-880523.70 -175397.95
-880408.70 -175397.95
-880408.70 -175468.95
-880523.70 -175468.95
-880523.70 -175539.95
-880408.70 -175539.95
-880408.70 -175610.95
-880523.70 -175610.95
-880523.70 -175681.95
-880408.70 -175681.95
-880408.70 -175752.95
-880523.70 -175752.95
-880523.70 -175823.95
-880408.70 -175823.95
-880408.70 -175894.95
-880523.70 -175894.95
-880523.70 -175965.95
-880408.70 -175965.95
-880408.70 -176036.95
-880523.70 -176036.95
-880523.70 -176107.95
-880408.70 -176107.95
-880408.70 -176178.95
-880523.70 -176178.95
-880523.70 -176249.95
-880408.70 -176249.95
-880408.70 -176320.95
-880523.70 -176320.95
-880523.70 -176391.95
-880408.70 -176391.95
-880408.70 -176462.95
-880523.70 -176462.95
-880523.70 -176533.95
-880408.70 -176533.95
-880408.70 -176604.95
-880523.70 -176604.95
-880523.70 -176675.95
-880408.70 -176675.95
-880408.70 -176746.95
-880523.70 -176746.95
-880523.70 -176817.95
-880408.70 -176817.95
-880408.70 -176888.95
-880523.70 -176888.95
-880523.70 -176959.95
-880408.70 -176959.95
-880408.70 -177030.95
-880523.70 -177030.95
-880523.70 -177101.95
-880408.70 -177101.95
-880408.70 -177172.95
-880523.70 -177172.95
-880523.70 -177243.95
-880408.70 -177243.95
-880408.70 -177314.95
-880523.70 -177314.95
-880523.70 -177385.95
-880408.70 -177385.95
-880408.70 -177456.95
-880523.70 -177456.95
-880523.70 -177527.95
-880408.70 -177527.95
-880408.70 -177598.95
-880523.70 -177598.95
-880523.70 -177669.95
-880408.70 -177669.95
-880408.70 -177740.95
-880523.70 -177740.95
-880523.70 -177811.95
-880408.70 -177811.95
-880408.70 -177882.95
-880523.70 -177882.95
-880523.70 -177953.95
-880408.70 -177953.95
-880408.70 -178024.95
-880523.70 -178024.95
-880523.70 -178095.95
-880408.70 -178095.95
-880408.70 -178166.95
-880523.70 -178166.95
-880523.70 -178237.95
-880408.70 -178237.95
-880408.70 -178308.95
-880523.70 -178308.95
-880523.70 -178379.95
-880466.20 -178379.95
-880466.20 -178404.45
31.00