-938984.50 -157719.35
-938984.50 -157743.87
-938785.51 -157777.66
-938553.20 -157817.11
-938154.04 -157884.88
-937956.13 -157918.49
-937714.25 -157959.56
-937539.23 -157989.28
-936909.98 -158096.13
-936504.77 -158164.93
-936147.49 -158225.60
-936093.49 -158234.77
-935558.29 -158325.65
-935278.11 -158373.22
-935144.81 -158395.86
-934783.17 -158457.27
-934680.60 -158474.68
-934179.09 -158559.84
-934023.56 -158586.25
-933029.20 -158755.09
-932766.98 -158799.62
-932485.33 -158847.44
-932327.33 -158874.27
-931472.63 -159019.40
-930492.24 -159185.87
-929450.32 -159362.79
-929290.03 -159390.01
-928499.52 -159524.24
-925917.55 -159962.67
-925905.88 -159964.65
-925810.28 -159980.88
-925357.54 -160057.76
-925160.93 -160091.14
-924395.47 -160221.12
-924248.35 -160246.10
-923933.03 -160299.64
-923741.82 -160332.11
-923536.48 -160366.98
-923286.70 -160409.39
-923074.92 -160445.35
-922703.02 -160508.50
-922547.13 -160534.97
-920940.36 -160807.80
-920854.15 -160822.44
-920179.18 -160937.05
-919355.85 -161076.86
-916914.04 -161491.48
-916598.01 -161545.14
-916527.36 -161557.14
-915701.53 -161697.37
-914707.42 -161866.17
-914592.96 -161885.60
-913371.47 -162093.02
-913015.00 -162153.55
-912386.53 -162260.26
-912302.26 -162274.57
-911805.01 -162359.00
-911575.22 -162398.02
-911231.81 -162456.34
-911024.24 -162491.58
-909803.23 -162698.91
-909782.54 -162702.42
-909623.23 -162729.48
-909373.39 -162771.90
-909132.10 -162812.87
-908896.37 -162852.90
-908689.09 -162888.09
-908197.51 -162971.57
-908005.43 -163004.18
-907868.94 -163027.36
-907715.72 -163053.37
-907284.46 -163126.60
-907050.03 -163166.41
-903761.29 -163724.85
-903364.51 -163792.22
-903255.77 -163810.68
-903040.71 -163847.20
-902159.17 -163996.89
-897825.67 -164732.73
-896829.08 -164901.95
-896587.78 -164942.92
-896352.06 -164982.95
-896154.12 -165016.56
-895899.87 -165059.73
-895730.63 -165088.47
-895065.77 -165201.36
-893761.68 -165422.80
-880859.20 -167613.67
-880425.10 -167687.38
-880365.60 -167697.48
-878028.01 -168094.41
-877832.44 -168127.62
-877595.24 -168167.90
-877364.70 -168207.04
-876585.23 -168339.40
-876495.23 -168354.68
-875892.77 -168456.98
-875033.98 -168602.80
-874497.26 -168693.94
-873255.18 -168904.85
-871941.20 -169127.96
-871941.20 -169291.95
-871883.70 -169291.95
-871883.70 -169362.95
-871998.70 -169362.95
-871998.70 -169433.95
-871883.70 -169433.95
-871883.70 -169504.95
-871998.70 -169504.95
-871998.70 -169575.95
-871883.70 -169575.95
-871883.70 -169646.95
-871998.70 -169646.95
-871998.70 -169717.95
-871883.70 -169717.95
-871883.70 -169788.95
-871998.70 -169788.95
-871998.70 -169859.95
-871883.70 -169859.95
-871883.70 -169930.95
-871998.70 -169930.95
-871998.70 -170001.95
-871883.70 -170001.95
-871883.70 -170072.95
-871998.70 -170072.95
-871998.70 -170143.95
-871883.70 -170143.95
-871883.70 -170214.95
-871998.70 -170214.95
-871998.70 -170285.95
-871883.70 -170285.95
-871883.70 -170356.95
-871998.70 -170356.95
-871998.70 -170427.95
-871883.70 -170427.95
-871883.70 -170498.95
-871998.70 -170498.95
-871998.70 -170569.95
-871883.70 -170569.95
-871883.70 -170640.95
-871998.70 -170640.95
-871998.70 -170711.95
-871883.70 -170711.95
-871883.70 -170782.95
-871998.70 -170782.95
-871998.70 -170853.95
-871883.70 -170853.95
-871883.70 -170924.95
-871998.70 -170924.95
-871998.70 -170995.95
-871883.70 -170995.95
-871883.70 -171066.95
-871998.70 -171066.95
-871998.70 -171137.95
-871883.70 -171137.95
-871883.70 -171208.95
-871998.70 -171208.95
-871998.70 -171279.95
-871883.70 -171279.95
-871883.70 -171350.95
-871998.70 -171350.95
-871998.70 -171421.95
-871883.70 -171421.95
-871883.70 -171492.95
-871998.70 -171492.95
-871998.70 -171563.95
-871883.70 -171563.95
-871883.70 -171634.95
-871998.70 -171634.95
-871998.70 -171705.95
-871883.70 -171705.95
-871883.70 -171776.95
-871998.70 -171776.95
-871998.70 -171847.95
-871883.70 -171847.95
-871883.70 -171918.95
-871998.70 -171918.95
-871998.70 -171989.95
-871883.70 -171989.95
-871883.70 -172060.95
-871998.70 -172060.95
-871998.70 -172131.95
-871883.70 -172131.95
-871883.70 -172202.95
-871998.70 -172202.95
-871998.70 -172273.95
-871883.70 -172273.95
-871883.70 -172344.95
-871998.70 -172344.95
-871998.70 -172415.95
-871883.70 -172415.95
-871883.70 -172486.95
-871998.70 -172486.95
-871998.70 -172557.95
-871883.70 -172557.95
-871883.70 -172628.95
-871998.70 -172628.95
-871998.70 -172699.95
-871883.70 -172699.95
-871883.70 -172770.95
-871998.70 -172770.95
-871998.70 -172841.95
-871883.70 -172841.95
-871883.70 -172912.95
-871998.70 -172912.95
-871998.70 -172983.95
-871883.70 -172983.95
-871883.70 -173054.95
-871998.70 -173054.95
-871998.70 -173125.95
-871883.70 -173125.95
-871883.70 -173196.95
-871998.70 -173196.95
-871998.70 -173267.95
-871883.70 -173267.95
-871883.70 -173338.95
-871998.70 -173338.95
-871998.70 -173409.95
-871883.70 -173409.95
-871883.70 -173480.95
-871998.70 -173480.95
-871998.70 -173551.95
-871883.70 -173551.95
-871883.70 -173622.95
-871998.70 -173622.95
-871998.70 -173693.95
-871883.70 -173693.95
-871883.70 -173764.95
-871998.70 -173764.95
-871998.70 -173835.95
-871883.70 -173835.95
-871883.70 -173906.95
-871998.70 -173906.95
-871998.70 -173977.95
-871883.70 -173977.95
-871883.70 -174048.95
-871998.70 -174048.95
-871998.70 -174119.95
-871883.70 -174119.95
-871883.70 -174190.95
-871998.70 -174190.95
-871998.70 -174261.95
-871883.70 -174261.95
-871883.70 -174332.95
-871998.70 -174332.95
-871998.70 -174403.95
-871883.70 -174403.95
-871883.70 -174474.95
-871998.70 -174474.95
-871998.70 -174545.95
-871883.70 -174545.95
-871883.70 -174616.95
-871998.70 -174616.95
-871998.70 -174687.95
-871883.70 -174687.95
-871883.70 -174758.95
-871998.70 -174758.95
-871998.70 -174829.95
-871883.70 -174829.95
-871883.70 -174900.95
-871998.70 -174900.95
-871998.70 -174971.95
-871883.70 -174971.95
-871883.70 -175042.95
-871998.70 -175042.95
-871998.70 -175113.95
-871883.70 -175113.95
-871883.70 -175184.95
-871998.70 -175184.95
-871998.70 -175255.95
-871883.70 -175255.95
-871883.70 -175326.95
-871998.70 -175326.95
-871998.70 -175397.95
-871883.70 -175397.95
-871883.70 -175468.95
-871998.70 -175468.95
-871998.70 -175539.95
-871883.70 -175539.95
-871883.70 -175610.95
-871998.70 -175610.95
-871998.70 -175681.95
-871883.70 -175681.95
-871883.70 -175752.95
-871998.70 -175752.95
-871998.70 -175823.95
-871883.70 -175823.95
-871883.70 -175894.95
-871998.70 -175894.95
-871998.70 -175965.95
-871883.70 -175965.95
-871883.70 -176036.95
-871998.70 -176036.95
-871998.70 -176107.95
-871883.70 -176107.95
-871883.70 -176178.95
-871998.70 -176178.95
-871998.70 -176249.95
-871883.70 -176249.95
-871883.70 -176320.95
-871998.70 -176320.95
-871998.70 -176391.95
-871883.70 -176391.95
-871883.70 -176462.95
-871998.70 -176462.95
-871998.70 -176533.95
-871883.70 -176533.95
-871883.70 -176604.95
-871998.70 -176604.95
-871998.70 -176675.95
-871883.70 -176675.95
-871883.70 -176746.95
-871998.70 -176746.95
-871998.70 -176817.95
-871883.70 -176817.95
-871883.70 -176888.95
-871998.70 -176888.95
-871998.70 -176959.95
-871883.70 -176959.95
-871883.70 -177030.95
-871998.70 -177030.95
-871998.70 -177101.95
-871883.70 -177101.95
-871883.70 -177172.95
-871998.70 -177172.95
-871998.70 -177243.95
-871883.70 -177243.95
-871883.70 -177314.95
-871998.70 -177314.95
-871998.70 -177385.95
-871883.70 -177385.95
-871883.70 -177456.95
-871998.70 -177456.95
-871998.70 -177527.95
-871883.70 -177527.95
-871883.70 -177598.95
-871998.70 -177598.95
-871998.70 -177669.95
-871883.70 -177669.95
-871883.70 -177740.95
-871998.70 -177740.95
-871998.70 -177811.95
-871883.70 -177811.95
-871883.70 -177882.95
-871998.70 -177882.95
-871998.70 -177953.95
-871883.70 -177953.95
-871883.70 -178024.95
-871998.70 -178024.95
-871998.70 -178095.95
-871883.70 -178095.95
-871883.70 -178166.95
-871998.70 -178166.95
-871998.70 -178237.95
-871883.70 -178237.95
-871883.70 -178308.95
-871998.70 -178308.95
-871998.70 -178379.95
-871941.20 -178379.95
-871941.20 -178404.45
31.00