-678235.50 -157719.35
-678235.50 -157743.87
-678434.49 -157777.66
-678833.66 -157845.44
-679036.25 -157879.84
-679464.98 -157952.64
-679665.17 -157986.63
-679762.87 -158003.22
-679960.78 -158036.83
-680202.66 -158077.90
-680370.62 -158106.42
-680896.63 -158195.73
-681179.70 -158243.80
-681371.51 -158276.37
-681621.29 -158318.78
-681823.88 -158353.18
-683182.26 -158583.84
-683227.57 -158591.53
-683479.70 -158634.35
-683645.30 -158662.47
-684182.64 -158753.71
-684362.44 -158784.24
-684453.40 -158799.68
-684695.05 -158840.71
-685317.91 -158946.48
-685844.93 -159035.97
-686147.29 -159087.31
-686583.47 -159161.37
-686681.56 -159178.03
-687216.94 -159268.94
-687409.65 -159301.66
-687748.59 -159359.21
-688801.32 -159537.97
-689542.86 -159663.88
-689734.39 -159696.41
-689984.16 -159738.82
-690186.75 -159773.22
-691515.44 -159998.83
-691525.05 -160000.46
-693401.03 -160319.01
-695335.76 -160647.53
-695653.79 -160701.53
-697844.35 -161073.49
-699367.55 -161332.14
-700377.54 -161503.64
-700386.65 -161505.18
-702836.20 -161921.12
-702836.20 -162049.95
-702798.10 -162049.95
-702798.10 -162120.95
-702893.70 -162120.95
-702893.70 -162191.95
-702778.70 -162191.95
-702778.70 -162262.95
-702893.70 -162262.95
-702893.70 -162333.95
-702778.70 -162333.95
-702778.70 -162404.95
-702893.70 -162404.95
-702893.70 -162475.95
-702778.70 -162475.95
-702778.70 -162546.95
-702893.70 -162546.95
-702893.70 -162617.95
-702778.70 -162617.95
-702778.70 -162688.95
-702893.70 -162688.95
-702893.70 -162759.95
-702778.70 -162759.95
-702778.70 -162830.95
-702893.70 -162830.95
-702893.70 -162901.95
-702778.70 -162901.95
-702778.70 -162972.95
-702893.70 -162972.95
-702893.70 -163043.95
-702778.70 -163043.95
-702778.70 -163114.95
-702893.70 -163114.95
-702893.70 -163185.95
-702778.70 -163185.95
-702778.70 -163256.95
-702893.70 -163256.95
-702893.70 -163327.95
-702778.70 -163327.95
-702778.70 -163398.95
-702893.70 -163398.95
-702893.70 -163469.95
-702778.70 -163469.95
-702778.70 -163540.95
-702893.70 -163540.95
-702893.70 -163611.95
-702778.70 -163611.95
-702778.70 -163682.95
-702893.70 -163682.95
-702893.70 -163753.95
-702778.70 -163753.95
-702778.70 -163824.95
-702893.70 -163824.95
-702893.70 -163895.95
-702778.70 -163895.95
-702778.70 -163966.95
-702893.70 -163966.95
-702893.70 -164037.95
-702778.70 -164037.95
-702778.70 -164108.95
-702893.70 -164108.95
-702893.70 -164179.95
-702778.70 -164179.95
-702778.70 -164250.95
-702893.70 -164250.95
-702893.70 -164321.95
-702778.70 -164321.95
-702778.70 -164392.95
-702893.70 -164392.95
-702893.70 -164463.95
-702778.70 -164463.95
-702778.70 -164534.95
-702893.70 -164534.95
-702893.70 -164605.95
-702778.70 -164605.95
-702778.70 -164676.95
-702893.70 -164676.95
-702893.70 -164747.95
-702778.70 -164747.95
-702778.70 -164818.95
-702893.70 -164818.95
-702893.70 -164889.95
-702778.70 -164889.95
-702778.70 -164960.95
-702893.70 -164960.95
-702893.70 -165031.95
-702778.70 -165031.95
-702778.70 -165102.95
-702893.70 -165102.95
-702893.70 -165173.95
-702778.70 -165173.95
-702778.70 -165244.95
-702893.70 -165244.95
-702893.70 -165315.95
-702778.70 -165315.95
-702778.70 -165386.95
-702893.70 -165386.95
-702893.70 -165457.95
-702778.70 -165457.95
-702778.70 -165528.95
-702893.70 -165528.95
-702893.70 -165599.95
-702778.70 -165599.95
-702778.70 -165670.95
-702893.70 -165670.95
-702893.70 -165741.95
-702778.70 -165741.95
-702778.70 -165812.95
-702893.70 -165812.95
-702893.70 -165883.95
-702778.70 -165883.95
-702778.70 -165954.95
-702893.70 -165954.95
-702893.70 -166025.95
-702778.70 -166025.95
-702778.70 -166096.95
-702893.70 -166096.95
-702893.70 -166167.95
-702778.70 -166167.95
-702778.70 -166238.95
-702893.70 -166238.95
-702893.70 -166309.95
-702778.70 -166309.95
-702778.70 -166380.95
-702893.70 -166380.95
-702893.70 -166451.95
-702778.70 -166451.95
-702778.70 -166522.95
-702893.70 -166522.95
-702893.70 -166593.95
-702778.70 -166593.95
-702778.70 -166664.95
-702893.70 -166664.95
-702893.70 -166735.95
-702778.70 -166735.95
-702778.70 -166806.95
-702893.70 -166806.95
-702893.70 -166877.95
-702778.70 -166877.95
-702778.70 -166948.95
-702893.70 -166948.95
-702893.70 -167019.95
-702778.70 -167019.95
-702778.70 -167090.95
-702893.70 -167090.95
-702893.70 -167161.95
-702778.70 -167161.95
-702778.70 -167232.95
-702893.70 -167232.95
-702893.70 -167303.95
-702778.70 -167303.95
-702778.70 -167374.95
-702893.70 -167374.95
-702893.70 -167445.95
-702778.70 -167445.95
-702778.70 -167516.95
-702893.70 -167516.95
-702893.70 -167587.95
-702778.70 -167587.95
-702778.70 -167658.95
-702893.70 -167658.95
-702893.70 -167729.95
-702778.70 -167729.95
-702778.70 -167800.95
-702893.70 -167800.95
-702893.70 -167871.95
-702778.70 -167871.95
-702778.70 -167942.95
-702893.70 -167942.95
-702893.70 -168013.95
-702778.70 -168013.95
-702778.70 -168084.95
-702893.70 -168084.95
-702893.70 -168155.95
-702778.70 -168155.95
-702778.70 -168226.95
-702893.70 -168226.95
-702893.70 -168297.95
-702778.70 -168297.95
-702778.70 -168368.95
-702893.70 -168368.95
-702893.70 -168439.95
-702778.70 -168439.95
-702778.70 -168510.95
-702893.70 -168510.95
-702893.70 -168581.95
-702778.70 -168581.95
-702778.70 -168652.95
-702893.70 -168652.95
-702893.70 -168723.95
-702778.70 -168723.95
-702778.70 -168794.95
-702893.70 -168794.95
-702893.70 -168865.95
-702778.70 -168865.95
-702778.70 -168936.95
-702893.70 -168936.95
-702893.70 -169007.95
-702778.70 -169007.95
-702778.70 -169078.95
-702893.70 -169078.95
-702893.70 -169149.95
-702778.70 -169149.95
-702778.70 -169220.95
-702893.70 -169220.95
-702893.70 -169291.95
-702778.70 -169291.95
-702778.70 -169362.95
-702893.70 -169362.95
-702893.70 -169433.95
-702778.70 -169433.95
-702778.70 -169504.95
-702893.70 -169504.95
-702893.70 -169575.95
-702778.70 -169575.95
-702778.70 -169646.95
-702893.70 -169646.95
-702893.70 -169717.95
-702778.70 -169717.95
-702778.70 -169788.95
-702893.70 -169788.95
-702893.70 -169859.95
-702778.70 -169859.95
-702778.70 -169930.95
-702893.70 -169930.95
-702893.70 -170001.95
-702778.70 -170001.95
-702778.70 -170072.95
-702893.70 -170072.95
-702893.70 -170143.95
-702778.70 -170143.95
-702778.70 -170214.95
-702893.70 -170214.95
-702893.70 -170285.95
-702778.70 -170285.95
-702778.70 -170356.95
-702893.70 -170356.95
-702893.70 -170427.95
-702778.70 -170427.95
-702778.70 -170498.95
-702893.70 -170498.95
-702893.70 -170569.95
-702778.70 -170569.95
-702778.70 -170640.95
-702893.70 -170640.95
-702893.70 -170711.95
-702778.70 -170711.95
-702778.70 -170782.95
-702893.70 -170782.95
-702893.70 -170853.95
-702778.70 -170853.95
-702778.70 -170924.95
-702893.70 -170924.95
-702893.70 -170995.95
-702778.70 -170995.95
-702778.70 -171066.95
-702893.70 -171066.95
-702893.70 -171137.95
-702778.70 -171137.95
-702778.70 -171208.95
-702893.70 -171208.95
-702893.70 -171279.95
-702778.70 -171279.95
-702778.70 -171350.95
-702893.70 -171350.95
-702893.70 -171421.95
-702778.70 -171421.95
-702778.70 -171492.95
-702893.70 -171492.95
-702893.70 -171563.95
-702778.70 -171563.95
-702778.70 -171634.95
-702893.70 -171634.95
-702893.70 -171705.95
-702778.70 -171705.95
-702778.70 -171776.95
-702893.70 -171776.95
-702893.70 -171847.95
-702778.70 -171847.95
-702778.70 -171918.95
-702893.70 -171918.95
-702893.70 -171989.95
-702778.70 -171989.95
-702778.70 -172060.95
-702893.70 -172060.95
-702893.70 -172131.95
-702778.70 -172131.95
-702778.70 -172202.95
-702893.70 -172202.95
-702893.70 -172273.95
-702778.70 -172273.95
-702778.70 -172344.95
-702893.70 -172344.95
-702893.70 -172415.95
-702778.70 -172415.95
-702778.70 -172486.95
-702893.70 -172486.95
-702893.70 -172557.95
-702778.70 -172557.95
-702778.70 -172628.95
-702893.70 -172628.95
-702893.70 -172699.95
-702778.70 -172699.95
-702778.70 -172770.95
-702893.70 -172770.95
-702893.70 -172841.95
-702778.70 -172841.95
-702778.70 -172912.95
-702893.70 -172912.95
-702893.70 -172983.95
-702778.70 -172983.95
-702778.70 -173054.95
-702893.70 -173054.95
-702893.70 -173125.95
-702778.70 -173125.95
-702778.70 -173196.95
-702893.70 -173196.95
-702893.70 -173267.95
-702778.70 -173267.95
-702778.70 -173338.95
-702893.70 -173338.95
-702893.70 -173409.95
-702778.70 -173409.95
-702778.70 -173480.95
-702893.70 -173480.95
-702893.70 -173551.95
-702778.70 -173551.95
-702778.70 -173622.95
-702893.70 -173622.95
-702893.70 -173693.95
-702778.70 -173693.95
-702778.70 -173764.95
-702893.70 -173764.95
-702893.70 -173835.95
-702778.70 -173835.95
-702778.70 -173906.95
-702893.70 -173906.95
-702893.70 -173977.95
-702778.70 -173977.95
-702778.70 -174048.95
-702893.70 -174048.95
-702893.70 -174119.95
-702778.70 -174119.95
-702778.70 -174190.95
-702893.70 -174190.95
-702893.70 -174261.95
-702778.70 -174261.95
-702778.70 -174332.95
-702893.70 -174332.95
-702893.70 -174403.95
-702778.70 -174403.95
-702778.70 -174474.95
-702893.70 -174474.95
-702893.70 -174545.95
-702778.70 -174545.95
-702778.70 -174616.95
-702893.70 -174616.95
-702893.70 -174687.95
-702778.70 -174687.95
-702778.70 -174758.95
-702893.70 -174758.95
-702893.70 -174829.95
-702778.70 -174829.95
-702778.70 -174900.95
-702893.70 -174900.95
-702893.70 -174971.95
-702778.70 -174971.95
-702778.70 -175042.95
-702893.70 -175042.95
-702893.70 -175113.95
-702778.70 -175113.95
-702778.70 -175184.95
-702893.70 -175184.95
-702893.70 -175255.95
-702778.70 -175255.95
-702778.70 -175326.95
-702893.70 -175326.95
-702893.70 -175397.95
-702778.70 -175397.95
-702778.70 -175468.95
-702893.70 -175468.95
-702893.70 -175539.95
-702778.70 -175539.95
-702778.70 -175610.95
-702893.70 -175610.95
-702893.70 -175681.95
-702778.70 -175681.95
-702778.70 -175752.95
-702893.70 -175752.95
-702893.70 -175823.95
-702778.70 -175823.95
-702778.70 -175894.95
-702893.70 -175894.95
-702893.70 -175965.95
-702778.70 -175965.95
-702778.70 -176036.95
-702893.70 -176036.95
-702893.70 -176107.95
-702778.70 -176107.95
-702778.70 -176178.95
-702893.70 -176178.95
-702893.70 -176249.95
-702778.70 -176249.95
-702778.70 -176320.95
-702893.70 -176320.95
-702893.70 -176391.95
-702778.70 -176391.95
-702778.70 -176462.95
-702893.70 -176462.95
-702893.70 -176533.95
-702778.70 -176533.95
-702778.70 -176604.95
-702893.70 -176604.95
-702893.70 -176675.95
-702778.70 -176675.95
-702778.70 -176746.95
-702893.70 -176746.95
-702893.70 -176817.95
-702778.70 -176817.95
-702778.70 -176888.95
-702893.70 -176888.95
-702893.70 -176959.95
-702778.70 -176959.95
-702778.70 -177030.95
-702893.70 -177030.95
-702893.70 -177101.95
-702778.70 -177101.95
-702778.70 -177172.95
-702893.70 -177172.95
-702893.70 -177243.95
-702778.70 -177243.95
-702778.70 -177314.95
-702893.70 -177314.95
-702893.70 -177385.95
-702778.70 -177385.95
-702778.70 -177456.95
-702893.70 -177456.95
-702893.70 -177527.95
-702778.70 -177527.95
-702778.70 -177598.95
-702893.70 -177598.95
-702893.70 -177669.95
-702778.70 -177669.95
-702778.70 -177740.95
-702893.70 -177740.95
-702893.70 -177811.95
-702778.70 -177811.95
-702778.70 -177882.95
-702893.70 -177882.95
-702893.70 -177953.95
-702778.70 -177953.95
-702778.70 -178024.95
-702893.70 -178024.95
-702893.70 -178095.95
-702778.70 -178095.95
-702778.70 -178166.95
-702893.70 -178166.95
-702893.70 -178237.95
-702778.70 -178237.95
-702778.70 -178308.95
-702893.70 -178308.95
-702893.70 -178379.95
-702836.20 -178379.95
-702836.20 -178404.45
31.00