-759734.50 -157719.35
-759734.50 -157743.87
-759535.51 -157777.66
-759136.34 -157845.44
-758958.25 -157875.68
-758609.35 -157934.92
-758425.56 -157966.13
-757934.43 -158049.53
-757467.17 -158128.87
-757347.99 -158149.10
-756825.88 -158237.76
-756629.68 -158271.08
-756596.91 -158276.64
-756482.45 -158296.08
-755739.75 -158422.19
-755691.20 -158430.43
-755691.20 -158570.95
-755748.70 -158570.95
-755748.70 -158641.95
-755633.70 -158641.95
-755633.70 -158712.95
-755748.70 -158712.95
-755748.70 -158783.95
-755633.70 -158783.95
-755633.70 -158854.95
-755748.70 -158854.95
-755748.70 -158925.95
-755633.70 -158925.95
-755633.70 -158996.95
-755748.70 -158996.95
-755748.70 -159067.95
-755633.70 -159067.95
-755633.70 -159138.95
-755748.70 -159138.95
-755748.70 -159209.95
-755633.70 -159209.95
-755633.70 -159280.95
-755748.70 -159280.95
-755748.70 -159351.95
-755633.70 -159351.95
-755633.70 -159422.95
-755748.70 -159422.95
-755748.70 -159493.95
-755633.70 -159493.95
-755633.70 -159564.95
-755748.70 -159564.95
-755748.70 -159635.95
-755633.70 -159635.95
-755633.70 -159706.95
-755748.70 -159706.95
-755748.70 -159777.95
-755633.70 -159777.95
-755633.70 -159848.95
-755748.70 -159848.95
-755748.70 -159919.95
-755633.70 -159919.95
-755633.70 -159990.95
-755748.70 -159990.95
-755748.70 -160061.95
-755633.70 -160061.95
-755633.70 -160132.95
-755748.70 -160132.95
-755748.70 -160203.95
-755633.70 -160203.95
-755633.70 -160274.95
-755748.70 -160274.95
-755748.70 -160345.95
-755633.70 -160345.95
-755633.70 -160416.95
-755748.70 -160416.95
-755748.70 -160487.95
-755633.70 -160487.95
-755633.70 -160558.95
-755748.70 -160558.95
-755748.70 -160629.95
-755633.70 -160629.95
-755633.70 -160700.95
-755748.70 -160700.95
-755748.70 -160771.95
-755633.70 -160771.95
-755633.70 -160842.95
-755748.70 -160842.95
-755748.70 -160913.95
-755633.70 -160913.95
-755633.70 -160984.95
-755748.70 -160984.95
-755748.70 -161055.95
-755633.70 -161055.95
-755633.70 -161126.95
-755748.70 -161126.95
-755748.70 -161197.95
-755633.70 -161197.95
-755633.70 -161268.95
-755748.70 -161268.95
-755748.70 -161339.95
-755633.70 -161339.95
-755633.70 -161410.95
-755748.70 -161410.95
-755748.70 -161481.95
-755633.70 -161481.95
-755633.70 -161552.95
-755748.70 -161552.95
-755748.70 -161623.95
-755633.70 -161623.95
-755633.70 -161694.95
-755748.70 -161694.95
-755748.70 -161765.95
-755633.70 -161765.95
-755633.70 -161836.95
-755748.70 -161836.95
-755748.70 -161907.95
-755633.70 -161907.95
-755633.70 -161978.95
-755748.70 -161978.95
-755748.70 -162049.95
-755633.70 -162049.95
-755633.70 -162120.95
-755748.70 -162120.95
-755748.70 -162191.95
-755633.70 -162191.95
-755633.70 -162262.95
-755748.70 -162262.95
-755748.70 -162333.95
-755633.70 -162333.95
-755633.70 -162404.95
-755748.70 -162404.95
-755748.70 -162475.95
-755633.70 -162475.95
-755633.70 -162546.95
-755748.70 -162546.95
-755748.70 -162617.95
-755633.70 -162617.95
-755633.70 -162688.95
-755748.70 -162688.95
-755748.70 -162759.95
-755633.70 -162759.95
-755633.70 -162830.95
-755748.70 -162830.95
-755748.70 -162901.95
-755633.70 -162901.95
-755633.70 -162972.95
-755748.70 -162972.95
-755748.70 -163043.95
-755633.70 -163043.95
-755633.70 -163114.95
-755748.70 -163114.95
-755748.70 -163185.95
-755633.70 -163185.95
-755633.70 -163256.95
-755748.70 -163256.95
-755748.70 -163327.95
-755633.70 -163327.95
-755633.70 -163398.95
-755748.70 -163398.95
-755748.70 -163469.95
-755633.70 -163469.95
-755633.70 -163540.95
-755748.70 -163540.95
-755748.70 -163611.95
-755633.70 -163611.95
-755633.70 -163682.95
-755748.70 -163682.95
-755748.70 -163753.95
-755633.70 -163753.95
-755633.70 -163824.95
-755748.70 -163824.95
-755748.70 -163895.95
-755633.70 -163895.95
-755633.70 -163966.95
-755748.70 -163966.95
-755748.70 -164037.95
-755633.70 -164037.95
-755633.70 -164108.95
-755748.70 -164108.95
-755748.70 -164179.95
-755633.70 -164179.95
-755633.70 -164250.95
-755748.70 -164250.95
-755748.70 -164321.95
-755633.70 -164321.95
-755633.70 -164392.95
-755748.70 -164392.95
-755748.70 -164463.95
-755633.70 -164463.95
-755633.70 -164534.95
-755748.70 -164534.95
-755748.70 -164605.95
-755633.70 -164605.95
-755633.70 -164676.95
-755748.70 -164676.95
-755748.70 -164747.95
-755633.70 -164747.95
-755633.70 -164818.95
-755748.70 -164818.95
-755748.70 -164889.95
-755633.70 -164889.95
-755633.70 -164960.95
-755748.70 -164960.95
-755748.70 -165031.95
-755633.70 -165031.95
-755633.70 -165102.95
-755748.70 -165102.95
-755748.70 -165173.95
-755633.70 -165173.95
-755633.70 -165244.95
-755748.70 -165244.95
-755748.70 -165315.95
-755633.70 -165315.95
-755633.70 -165386.95
-755748.70 -165386.95
-755748.70 -165457.95
-755633.70 -165457.95
-755633.70 -165528.95
-755748.70 -165528.95
-755748.70 -165599.95
-755633.70 -165599.95
-755633.70 -165670.95
-755748.70 -165670.95
-755748.70 -165741.95
-755633.70 -165741.95
-755633.70 -165812.95
-755748.70 -165812.95
-755748.70 -165883.95
-755633.70 -165883.95
-755633.70 -165954.95
-755748.70 -165954.95
-755748.70 -166025.95
-755633.70 -166025.95
-755633.70 -166096.95
-755748.70 -166096.95
-755748.70 -166167.95
-755633.70 -166167.95
-755633.70 -166238.95
-755748.70 -166238.95
-755748.70 -166309.95
-755633.70 -166309.95
-755633.70 -166380.95
-755748.70 -166380.95
-755748.70 -166451.95
-755633.70 -166451.95
-755633.70 -166522.95
-755748.70 -166522.95
-755748.70 -166593.95
-755633.70 -166593.95
-755633.70 -166664.95
-755748.70 -166664.95
-755748.70 -166735.95
-755633.70 -166735.95
-755633.70 -166806.95
-755748.70 -166806.95
-755748.70 -166877.95
-755633.70 -166877.95
-755633.70 -166948.95
-755748.70 -166948.95
-755748.70 -167019.95
-755633.70 -167019.95
-755633.70 -167090.95
-755748.70 -167090.95
-755748.70 -167161.95
-755633.70 -167161.95
-755633.70 -167232.95
-755748.70 -167232.95
-755748.70 -167303.95
-755633.70 -167303.95
-755633.70 -167374.95
-755748.70 -167374.95
-755748.70 -167445.95
-755633.70 -167445.95
-755633.70 -167516.95
-755748.70 -167516.95
-755748.70 -167587.95
-755633.70 -167587.95
-755633.70 -167658.95
-755748.70 -167658.95
-755748.70 -167729.95
-755633.70 -167729.95
-755633.70 -167800.95
-755748.70 -167800.95
-755748.70 -167871.95
-755633.70 -167871.95
-755633.70 -167942.95
-755748.70 -167942.95
-755748.70 -168013.95
-755633.70 -168013.95
-755633.70 -168084.95
-755748.70 -168084.95
-755748.70 -168155.95
-755633.70 -168155.95
-755633.70 -168226.95
-755748.70 -168226.95
-755748.70 -168297.95
-755633.70 -168297.95
-755633.70 -168368.95
-755748.70 -168368.95
-755748.70 -168439.95
-755633.70 -168439.95
-755633.70 -168510.95
-755748.70 -168510.95
-755748.70 -168581.95
-755633.70 -168581.95
-755633.70 -168652.95
-755748.70 -168652.95
-755748.70 -168723.95
-755633.70 -168723.95
-755633.70 -168794.95
-755748.70 -168794.95
-755748.70 -168865.95
-755633.70 -168865.95
-755633.70 -168936.95
-755748.70 -168936.95
-755748.70 -169007.95
-755633.70 -169007.95
-755633.70 -169078.95
-755748.70 -169078.95
-755748.70 -169149.95
-755633.70 -169149.95
-755633.70 -169220.95
-755748.70 -169220.95
-755748.70 -169291.95
-755633.70 -169291.95
-755633.70 -169362.95
-755748.70 -169362.95
-755748.70 -169433.95
-755633.70 -169433.95
-755633.70 -169504.95
-755748.70 -169504.95
-755748.70 -169575.95
-755633.70 -169575.95
-755633.70 -169646.95
-755748.70 -169646.95
-755748.70 -169717.95
-755633.70 -169717.95
-755633.70 -169788.95
-755748.70 -169788.95
-755748.70 -169859.95
-755633.70 -169859.95
-755633.70 -169930.95
-755748.70 -169930.95
-755748.70 -170001.95
-755633.70 -170001.95
-755633.70 -170072.95
-755748.70 -170072.95
-755748.70 -170143.95
-755633.70 -170143.95
-755633.70 -170214.95
-755748.70 -170214.95
-755748.70 -170285.95
-755633.70 -170285.95
-755633.70 -170356.95
-755748.70 -170356.95
-755748.70 -170427.95
-755633.70 -170427.95
-755633.70 -170498.95
-755748.70 -170498.95
-755748.70 -170569.95
-755633.70 -170569.95
-755633.70 -170640.95
-755748.70 -170640.95
-755748.70 -170711.95
-755633.70 -170711.95
-755633.70 -170782.95
-755748.70 -170782.95
-755748.70 -170853.95
-755633.70 -170853.95
-755633.70 -170924.95
-755748.70 -170924.95
-755748.70 -170995.95
-755633.70 -170995.95
-755633.70 -171066.95
-755748.70 -171066.95
-755748.70 -171137.95
-755633.70 -171137.95
-755633.70 -171208.95
-755748.70 -171208.95
-755748.70 -171279.95
-755633.70 -171279.95
-755633.70 -171350.95
-755748.70 -171350.95
-755748.70 -171421.95
-755633.70 -171421.95
-755633.70 -171492.95
-755748.70 -171492.95
-755748.70 -171563.95
-755633.70 -171563.95
-755633.70 -171634.95
-755748.70 -171634.95
-755748.70 -171705.95
-755633.70 -171705.95
-755633.70 -171776.95
-755748.70 -171776.95
-755748.70 -171847.95
-755633.70 -171847.95
-755633.70 -171918.95
-755748.70 -171918.95
-755748.70 -171989.95
-755633.70 -171989.95
-755633.70 -172060.95
-755748.70 -172060.95
-755748.70 -172131.95
-755633.70 -172131.95
-755633.70 -172202.95
-755748.70 -172202.95
-755748.70 -172273.95
-755633.70 -172273.95
-755633.70 -172344.95
-755748.70 -172344.95
-755748.70 -172415.95
-755633.70 -172415.95
-755633.70 -172486.95
-755748.70 -172486.95
-755748.70 -172557.95
-755633.70 -172557.95
-755633.70 -172628.95
-755748.70 -172628.95
-755748.70 -172699.95
-755633.70 -172699.95
-755633.70 -172770.95
-755748.70 -172770.95
-755748.70 -172841.95
-755633.70 -172841.95
-755633.70 -172912.95
-755748.70 -172912.95
-755748.70 -172983.95
-755633.70 -172983.95
-755633.70 -173054.95
-755748.70 -173054.95
-755748.70 -173125.95
-755633.70 -173125.95
-755633.70 -173196.95
-755748.70 -173196.95
-755748.70 -173267.95
-755633.70 -173267.95
-755633.70 -173338.95
-755748.70 -173338.95
-755748.70 -173409.95
-755633.70 -173409.95
-755633.70 -173480.95
-755748.70 -173480.95
-755748.70 -173551.95
-755633.70 -173551.95
-755633.70 -173622.95
-755748.70 -173622.95
-755748.70 -173693.95
-755633.70 -173693.95
-755633.70 -173764.95
-755748.70 -173764.95
-755748.70 -173835.95
-755633.70 -173835.95
-755633.70 -173906.95
-755748.70 -173906.95
-755748.70 -173977.95
-755633.70 -173977.95
-755633.70 -174048.95
-755748.70 -174048.95
-755748.70 -174119.95
-755633.70 -174119.95
-755633.70 -174190.95
-755748.70 -174190.95
-755748.70 -174261.95
-755633.70 -174261.95
-755633.70 -174332.95
-755748.70 -174332.95
-755748.70 -174403.95
-755633.70 -174403.95
-755633.70 -174474.95
-755748.70 -174474.95
-755748.70 -174545.95
-755633.70 -174545.95
-755633.70 -174616.95
-755748.70 -174616.95
-755748.70 -174687.95
-755633.70 -174687.95
-755633.70 -174758.95
-755748.70 -174758.95
-755748.70 -174829.95
-755633.70 -174829.95
-755633.70 -174900.95
-755748.70 -174900.95
-755748.70 -174971.95
-755633.70 -174971.95
-755633.70 -175042.95
-755748.70 -175042.95
-755748.70 -175113.95
-755633.70 -175113.95
-755633.70 -175184.95
-755748.70 -175184.95
-755748.70 -175255.95
-755633.70 -175255.95
-755633.70 -175326.95
-755748.70 -175326.95
-755748.70 -175397.95
-755633.70 -175397.95
-755633.70 -175468.95
-755748.70 -175468.95
-755748.70 -175539.95
-755633.70 -175539.95
-755633.70 -175610.95
-755748.70 -175610.95
-755748.70 -175681.95
-755633.70 -175681.95
-755633.70 -175752.95
-755748.70 -175752.95
-755748.70 -175823.95
-755633.70 -175823.95
-755633.70 -175894.95
-755748.70 -175894.95
-755748.70 -175965.95
-755633.70 -175965.95
-755633.70 -176036.95
-755748.70 -176036.95
-755748.70 -176107.95
-755633.70 -176107.95
-755633.70 -176178.95
-755748.70 -176178.95
-755748.70 -176249.95
-755633.70 -176249.95
-755633.70 -176320.95
-755748.70 -176320.95
-755748.70 -176391.95
-755633.70 -176391.95
-755633.70 -176462.95
-755748.70 -176462.95
-755748.70 -176533.95
-755633.70 -176533.95
-755633.70 -176604.95
-755748.70 -176604.95
-755748.70 -176675.95
-755633.70 -176675.95
-755633.70 -176746.95
-755748.70 -176746.95
-755748.70 -176817.95
-755633.70 -176817.95
-755633.70 -176888.95
-755748.70 -176888.95
-755748.70 -176959.95
-755633.70 -176959.95
-755633.70 -177030.95
-755748.70 -177030.95
-755748.70 -177101.95
-755633.70 -177101.95
-755633.70 -177172.95
-755748.70 -177172.95
-755748.70 -177243.95
-755633.70 -177243.95
-755633.70 -177314.95
-755748.70 -177314.95
-755748.70 -177385.95
-755633.70 -177385.95
-755633.70 -177456.95
-755748.70 -177456.95
-755748.70 -177527.95
-755633.70 -177527.95
-755633.70 -177598.95
-755748.70 -177598.95
-755748.70 -177669.95
-755633.70 -177669.95
-755633.70 -177740.95
-755748.70 -177740.95
-755748.70 -177811.95
-755633.70 -177811.95
-755633.70 -177882.95
-755748.70 -177882.95
-755748.70 -177953.95
-755633.70 -177953.95
-755633.70 -178024.95
-755748.70 -178024.95
-755748.70 -178095.95
-755633.70 -178095.95
-755633.70 -178166.95
-755748.70 -178166.95
-755748.70 -178237.95
-755633.70 -178237.95
-755633.70 -178308.95
-755748.70 -178308.95
-755748.70 -178379.95
-755691.20 -178379.95
-755691.20 -178404.45
31.00