-598648.50 -157719.35
-598648.50 -157743.87
-598847.50 -157777.66
-600241.31 -158014.33
-601885.75 -158293.56
-602682.73 -158428.89
-603518.41 -158570.79
-615340.95 -160578.28
-616999.24 -160859.86
-617199.37 -160893.85
-617663.96 -160972.73
-619058.32 -161209.50
-619058.40 -161209.51
-619522.39 -161288.30
-620851.88 -161514.05
-621845.94 -161682.84
-621846.06 -161682.86
-623703.82 -161998.32
-624168.42 -162077.21
-625297.78 -162268.97
-625808.89 -162355.76
-627759.53 -162686.98
-630673.18 -163181.73
-630673.20 -163181.73
-644343.79 -165503.03
-651221.20 -166670.82
-651221.20 -166806.95
-651278.70 -166806.95
-651278.70 -166877.95
-651163.70 -166877.95
-651163.70 -166948.95
-651278.70 -166948.95
-651278.70 -167019.95
-651163.70 -167019.95
-651163.70 -167090.95
-651278.70 -167090.95
-651278.70 -167161.95
-651163.70 -167161.95
-651163.70 -167232.95
-651278.70 -167232.95
-651278.70 -167303.95
-651163.70 -167303.95
-651163.70 -167374.95
-651278.70 -167374.95
-651278.70 -167445.95
-651163.70 -167445.95
-651163.70 -167516.95
-651278.70 -167516.95
-651278.70 -167587.95
-651163.70 -167587.95
-651163.70 -167658.95
-651278.70 -167658.95
-651278.70 -167729.95
-651163.70 -167729.95
-651163.70 -167800.95
-651278.70 -167800.95
-651278.70 -167871.95
-651163.70 -167871.95
-651163.70 -167942.95
-651278.70 -167942.95
-651278.70 -168013.95
-651163.70 -168013.95
-651163.70 -168084.95
-651278.70 -168084.95
-651278.70 -168155.95
-651163.70 -168155.95
-651163.70 -168226.95
-651278.70 -168226.95
-651278.70 -168297.95
-651163.70 -168297.95
-651163.70 -168368.95
-651278.70 -168368.95
-651278.70 -168439.95
-651163.70 -168439.95
-651163.70 -168510.95
-651278.70 -168510.95
-651278.70 -168581.95
-651163.70 -168581.95
-651163.70 -168652.95
-651278.70 -168652.95
-651278.70 -168723.95
-651163.70 -168723.95
-651163.70 -168794.95
-651278.70 -168794.95
-651278.70 -168865.95
-651163.70 -168865.95
-651163.70 -168936.95
-651278.70 -168936.95
-651278.70 -169007.95
-651163.70 -169007.95
-651163.70 -169078.95
-651278.70 -169078.95
-651278.70 -169149.95
-651163.70 -169149.95
-651163.70 -169220.95
-651278.70 -169220.95
-651278.70 -169291.95
-651163.70 -169291.95
-651163.70 -169362.95
-651278.70 -169362.95
-651278.70 -169433.95
-651163.70 -169433.95
-651163.70 -169504.95
-651278.70 -169504.95
-651278.70 -169575.95
-651163.70 -169575.95
-651163.70 -169646.95
-651278.70 -169646.95
-651278.70 -169717.95
-651163.70 -169717.95
-651163.70 -169788.95
-651278.70 -169788.95
-651278.70 -169859.95
-651163.70 -169859.95
-651163.70 -169930.95
-651278.70 -169930.95
-651278.70 -170001.95
-651163.70 -170001.95
-651163.70 -170072.95
-651278.70 -170072.95
-651278.70 -170143.95
-651163.70 -170143.95
-651163.70 -170214.95
-651278.70 -170214.95
-651278.70 -170285.95
-651163.70 -170285.95
-651163.70 -170356.95
-651278.70 -170356.95
-651278.70 -170427.95
-651163.70 -170427.95
-651163.70 -170498.95
-651278.70 -170498.95
-651278.70 -170569.95
-651163.70 -170569.95
-651163.70 -170640.95
-651278.70 -170640.95
-651278.70 -170711.95
-651163.70 -170711.95
-651163.70 -170782.95
-651278.70 -170782.95
-651278.70 -170853.95
-651163.70 -170853.95
-651163.70 -170924.95
-651278.70 -170924.95
-651278.70 -170995.95
-651163.70 -170995.95
-651163.70 -171066.95
-651278.70 -171066.95
-651278.70 -171137.95
-651163.70 -171137.95
-651163.70 -171208.95
-651278.70 -171208.95
-651278.70 -171279.95
-651163.70 -171279.95
-651163.70 -171350.95
-651278.70 -171350.95
-651278.70 -171421.95
-651163.70 -171421.95
-651163.70 -171492.95
-651278.70 -171492.95
-651278.70 -171563.95
-651163.70 -171563.95
-651163.70 -171634.95
-651278.70 -171634.95
-651278.70 -171705.95
-651163.70 -171705.95
-651163.70 -171776.95
-651278.70 -171776.95
-651278.70 -171847.95
-651163.70 -171847.95
-651163.70 -171918.95
-651278.70 -171918.95
-651278.70 -171989.95
-651163.70 -171989.95
-651163.70 -172060.95
-651278.70 -172060.95
-651278.70 -172131.95
-651163.70 -172131.95
-651163.70 -172202.95
-651278.70 -172202.95
-651278.70 -172273.95
-651163.70 -172273.95
-651163.70 -172344.95
-651278.70 -172344.95
-651278.70 -172415.95
-651163.70 -172415.95
-651163.70 -172486.95
-651278.70 -172486.95
-651278.70 -172557.95
-651163.70 -172557.95
-651163.70 -172628.95
-651278.70 -172628.95
-651278.70 -172699.95
-651163.70 -172699.95
-651163.70 -172770.95
-651278.70 -172770.95
-651278.70 -172841.95
-651163.70 -172841.95
-651163.70 -172912.95
-651278.70 -172912.95
-651278.70 -172983.95
-651163.70 -172983.95
-651163.70 -173054.95
-651278.70 -173054.95
-651278.70 -173125.95
-651163.70 -173125.95
-651163.70 -173196.95
-651278.70 -173196.95
-651278.70 -173267.95
-651163.70 -173267.95
-651163.70 -173338.95
-651278.70 -173338.95
-651278.70 -173409.95
-651163.70 -173409.95
-651163.70 -173480.95
-651278.70 -173480.95
-651278.70 -173551.95
-651163.70 -173551.95
-651163.70 -173622.95
-651278.70 -173622.95
-651278.70 -173693.95
-651163.70 -173693.95
-651163.70 -173764.95
-651278.70 -173764.95
-651278.70 -173835.95
-651163.70 -173835.95
-651163.70 -173906.95
-651278.70 -173906.95
-651278.70 -173977.95
-651163.70 -173977.95
-651163.70 -174048.95
-651278.70 -174048.95
-651278.70 -174119.95
-651163.70 -174119.95
-651163.70 -174190.95
-651278.70 -174190.95
-651278.70 -174261.95
-651163.70 -174261.95
-651163.70 -174332.95
-651278.70 -174332.95
-651278.70 -174403.95
-651163.70 -174403.95
-651163.70 -174474.95
-651278.70 -174474.95
-651278.70 -174545.95
-651163.70 -174545.95
-651163.70 -174616.95
-651278.70 -174616.95
-651278.70 -174687.95
-651163.70 -174687.95
-651163.70 -174758.95
-651278.70 -174758.95
-651278.70 -174829.95
-651163.70 -174829.95
-651163.70 -174900.95
-651278.70 -174900.95
-651278.70 -174971.95
-651163.70 -174971.95
-651163.70 -175042.95
-651278.70 -175042.95
-651278.70 -175113.95
-651163.70 -175113.95
-651163.70 -175184.95
-651278.70 -175184.95
-651278.70 -175255.95
-651163.70 -175255.95
-651163.70 -175326.95
-651278.70 -175326.95
-651278.70 -175397.95
-651163.70 -175397.95
-651163.70 -175468.95
-651278.70 -175468.95
-651278.70 -175539.95
-651163.70 -175539.95
-651163.70 -175610.95
-651278.70 -175610.95
-651278.70 -175681.95
-651163.70 -175681.95
-651163.70 -175752.95
-651278.70 -175752.95
-651278.70 -175823.95
-651163.70 -175823.95
-651163.70 -175894.95
-651278.70 -175894.95
-651278.70 -175965.95
-651163.70 -175965.95
-651163.70 -176036.95
-651278.70 -176036.95
-651278.70 -176107.95
-651163.70 -176107.95
-651163.70 -176178.95
-651278.70 -176178.95
-651278.70 -176249.95
-651163.70 -176249.95
-651163.70 -176320.95
-651278.70 -176320.95
-651278.70 -176391.95
-651163.70 -176391.95
-651163.70 -176462.95
-651278.70 -176462.95
-651278.70 -176533.95
-651163.70 -176533.95
-651163.70 -176604.95
-651278.70 -176604.95
-651278.70 -176675.95
-651163.70 -176675.95
-651163.70 -176746.95
-651278.70 -176746.95
-651278.70 -176817.95
-651163.70 -176817.95
-651163.70 -176888.95
-651278.70 -176888.95
-651278.70 -176959.95
-651163.70 -176959.95
-651163.70 -177030.95
-651278.70 -177030.95
-651278.70 -177101.95
-651163.70 -177101.95
-651163.70 -177172.95
-651278.70 -177172.95
-651278.70 -177243.95
-651163.70 -177243.95
-651163.70 -177314.95
-651278.70 -177314.95
-651278.70 -177385.95
-651163.70 -177385.95
-651163.70 -177456.95
-651278.70 -177456.95
-651278.70 -177527.95
-651163.70 -177527.95
-651163.70 -177598.95
-651278.70 -177598.95
-651278.70 -177669.95
-651163.70 -177669.95
-651163.70 -177740.95
-651278.70 -177740.95
-651278.70 -177811.95
-651163.70 -177811.95
-651163.70 -177882.95
-651278.70 -177882.95
-651278.70 -177953.95
-651163.70 -177953.95
-651163.70 -178024.95
-651278.70 -178024.95
-651278.70 -178095.95
-651163.70 -178095.95
-651163.70 -178166.95
-651278.70 -178166.95
-651278.70 -178237.95
-651163.70 -178237.95
-651163.70 -178308.95
-651278.70 -178308.95
-651278.70 -178379.95
-651221.20 -178379.95
-651221.20 -178404.45
31.00