-616095.50 -157719.35
-616095.50 -157743.87
-616294.49 -157777.66
-617223.62 -157935.43
-617223.66 -157935.43
-617688.31 -158014.33
-618152.91 -158093.22
-619546.75 -158329.90
-619546.84 -158329.91
-620011.33 -158408.79
-621340.83 -158634.54
-622334.41 -158803.25
-622334.53 -158803.27
-624192.77 -159118.80
-624657.37 -159197.69
-625786.72 -159389.46
-626297.84 -159476.25
-628248.47 -159807.47
-631162.18 -160302.22
-637180.22 -161324.10
-640540.63 -161894.70
-662531.52 -165628.80
-662536.20 -165629.60
-662536.20 -165741.95
-662500.10 -165741.95
-662500.10 -165812.95
-662593.70 -165812.95
-662593.70 -165883.95
-662478.70 -165883.95
-662478.70 -165954.95
-662593.70 -165954.95
-662593.70 -166025.95
-662478.70 -166025.95
-662478.70 -166096.95
-662593.70 -166096.95
-662593.70 -166167.95
-662478.70 -166167.95
-662478.70 -166238.95
-662593.70 -166238.95
-662593.70 -166309.95
-662478.70 -166309.95
-662478.70 -166380.95
-662593.70 -166380.95
-662593.70 -166451.95
-662478.70 -166451.95
-662478.70 -166522.95
-662593.70 -166522.95
-662593.70 -166593.95
-662478.70 -166593.95
-662478.70 -166664.95
-662593.70 -166664.95
-662593.70 -166735.95
-662478.70 -166735.95
-662478.70 -166806.95
-662593.70 -166806.95
-662593.70 -166877.95
-662478.70 -166877.95
-662478.70 -166948.95
-662593.70 -166948.95
-662593.70 -167019.95
-662478.70 -167019.95
-662478.70 -167090.95
-662593.70 -167090.95
-662593.70 -167161.95
-662478.70 -167161.95
-662478.70 -167232.95
-662593.70 -167232.95
-662593.70 -167303.95
-662478.70 -167303.95
-662478.70 -167374.95
-662593.70 -167374.95
-662593.70 -167445.95
-662478.70 -167445.95
-662478.70 -167516.95
-662593.70 -167516.95
-662593.70 -167587.95
-662478.70 -167587.95
-662478.70 -167658.95
-662593.70 -167658.95
-662593.70 -167729.95
-662478.70 -167729.95
-662478.70 -167800.95
-662593.70 -167800.95
-662593.70 -167871.95
-662478.70 -167871.95
-662478.70 -167942.95
-662593.70 -167942.95
-662593.70 -168013.95
-662478.70 -168013.95
-662478.70 -168084.95
-662593.70 -168084.95
-662593.70 -168155.95
-662478.70 -168155.95
-662478.70 -168226.95
-662593.70 -168226.95
-662593.70 -168297.95
-662478.70 -168297.95
-662478.70 -168368.95
-662593.70 -168368.95
-662593.70 -168439.95
-662478.70 -168439.95
-662478.70 -168510.95
-662593.70 -168510.95
-662593.70 -168581.95
-662478.70 -168581.95
-662478.70 -168652.95
-662593.70 -168652.95
-662593.70 -168723.95
-662478.70 -168723.95
-662478.70 -168794.95
-662593.70 -168794.95
-662593.70 -168865.95
-662478.70 -168865.95
-662478.70 -168936.95
-662593.70 -168936.95
-662593.70 -169007.95
-662478.70 -169007.95
-662478.70 -169078.95
-662593.70 -169078.95
-662593.70 -169149.95
-662478.70 -169149.95
-662478.70 -169220.95
-662593.70 -169220.95
-662593.70 -169291.95
-662478.70 -169291.95
-662478.70 -169362.95
-662593.70 -169362.95
-662593.70 -169433.95
-662478.70 -169433.95
-662478.70 -169504.95
-662593.70 -169504.95
-662593.70 -169575.95
-662478.70 -169575.95
-662478.70 -169646.95
-662593.70 -169646.95
-662593.70 -169717.95
-662478.70 -169717.95
-662478.70 -169788.95
-662593.70 -169788.95
-662593.70 -169859.95
-662478.70 -169859.95
-662478.70 -169930.95
-662593.70 -169930.95
-662593.70 -170001.95
-662478.70 -170001.95
-662478.70 -170072.95
-662593.70 -170072.95
-662593.70 -170143.95
-662478.70 -170143.95
-662478.70 -170214.95
-662593.70 -170214.95
-662593.70 -170285.95
-662478.70 -170285.95
-662478.70 -170356.95
-662593.70 -170356.95
-662593.70 -170427.95
-662478.70 -170427.95
-662478.70 -170498.95
-662593.70 -170498.95
-662593.70 -170569.95
-662478.70 -170569.95
-662478.70 -170640.95
-662593.70 -170640.95
-662593.70 -170711.95
-662478.70 -170711.95
-662478.70 -170782.95
-662593.70 -170782.95
-662593.70 -170853.95
-662478.70 -170853.95
-662478.70 -170924.95
-662593.70 -170924.95
-662593.70 -170995.95
-662478.70 -170995.95
-662478.70 -171066.95
-662593.70 -171066.95
-662593.70 -171137.95
-662478.70 -171137.95
-662478.70 -171208.95
-662593.70 -171208.95
-662593.70 -171279.95
-662478.70 -171279.95
-662478.70 -171350.95
-662593.70 -171350.95
-662593.70 -171421.95
-662478.70 -171421.95
-662478.70 -171492.95
-662593.70 -171492.95
-662593.70 -171563.95
-662478.70 -171563.95
-662478.70 -171634.95
-662593.70 -171634.95
-662593.70 -171705.95
-662478.70 -171705.95
-662478.70 -171776.95
-662593.70 -171776.95
-662593.70 -171847.95
-662478.70 -171847.95
-662478.70 -171918.95
-662593.70 -171918.95
-662593.70 -171989.95
-662478.70 -171989.95
-662478.70 -172060.95
-662593.70 -172060.95
-662593.70 -172131.95
-662478.70 -172131.95
-662478.70 -172202.95
-662593.70 -172202.95
-662593.70 -172273.95
-662478.70 -172273.95
-662478.70 -172344.95
-662593.70 -172344.95
-662593.70 -172415.95
-662478.70 -172415.95
-662478.70 -172486.95
-662593.70 -172486.95
-662593.70 -172557.95
-662478.70 -172557.95
-662478.70 -172628.95
-662593.70 -172628.95
-662593.70 -172699.95
-662478.70 -172699.95
-662478.70 -172770.95
-662593.70 -172770.95
-662593.70 -172841.95
-662478.70 -172841.95
-662478.70 -172912.95
-662593.70 -172912.95
-662593.70 -172983.95
-662478.70 -172983.95
-662478.70 -173054.95
-662593.70 -173054.95
-662593.70 -173125.95
-662478.70 -173125.95
-662478.70 -173196.95
-662593.70 -173196.95
-662593.70 -173267.95
-662478.70 -173267.95
-662478.70 -173338.95
-662593.70 -173338.95
-662593.70 -173409.95
-662478.70 -173409.95
-662478.70 -173480.95
-662593.70 -173480.95
-662593.70 -173551.95
-662478.70 -173551.95
-662478.70 -173622.95
-662593.70 -173622.95
-662593.70 -173693.95
-662478.70 -173693.95
-662478.70 -173764.95
-662593.70 -173764.95
-662593.70 -173835.95
-662478.70 -173835.95
-662478.70 -173906.95
-662593.70 -173906.95
-662593.70 -173977.95
-662478.70 -173977.95
-662478.70 -174048.95
-662593.70 -174048.95
-662593.70 -174119.95
-662478.70 -174119.95
-662478.70 -174190.95
-662593.70 -174190.95
-662593.70 -174261.95
-662478.70 -174261.95
-662478.70 -174332.95
-662593.70 -174332.95
-662593.70 -174403.95
-662478.70 -174403.95
-662478.70 -174474.95
-662593.70 -174474.95
-662593.70 -174545.95
-662478.70 -174545.95
-662478.70 -174616.95
-662593.70 -174616.95
-662593.70 -174687.95
-662478.70 -174687.95
-662478.70 -174758.95
-662593.70 -174758.95
-662593.70 -174829.95
-662478.70 -174829.95
-662478.70 -174900.95
-662593.70 -174900.95
-662593.70 -174971.95
-662478.70 -174971.95
-662478.70 -175042.95
-662593.70 -175042.95
-662593.70 -175113.95
-662478.70 -175113.95
-662478.70 -175184.95
-662593.70 -175184.95
-662593.70 -175255.95
-662478.70 -175255.95
-662478.70 -175326.95
-662593.70 -175326.95
-662593.70 -175397.95
-662478.70 -175397.95
-662478.70 -175468.95
-662593.70 -175468.95
-662593.70 -175539.95
-662478.70 -175539.95
-662478.70 -175610.95
-662593.70 -175610.95
-662593.70 -175681.95
-662478.70 -175681.95
-662478.70 -175752.95
-662593.70 -175752.95
-662593.70 -175823.95
-662478.70 -175823.95
-662478.70 -175894.95
-662593.70 -175894.95
-662593.70 -175965.95
-662478.70 -175965.95
-662478.70 -176036.95
-662593.70 -176036.95
-662593.70 -176107.95
-662478.70 -176107.95
-662478.70 -176178.95
-662593.70 -176178.95
-662593.70 -176249.95
-662478.70 -176249.95
-662478.70 -176320.95
-662593.70 -176320.95
-662593.70 -176391.95
-662478.70 -176391.95
-662478.70 -176462.95
-662593.70 -176462.95
-662593.70 -176533.95
-662478.70 -176533.95
-662478.70 -176604.95
-662593.70 -176604.95
-662593.70 -176675.95
-662478.70 -176675.95
-662478.70 -176746.95
-662593.70 -176746.95
-662593.70 -176817.95
-662478.70 -176817.95
-662478.70 -176888.95
-662593.70 -176888.95
-662593.70 -176959.95
-662478.70 -176959.95
-662478.70 -177030.95
-662593.70 -177030.95
-662593.70 -177101.95
-662478.70 -177101.95
-662478.70 -177172.95
-662593.70 -177172.95
-662593.70 -177243.95
-662478.70 -177243.95
-662478.70 -177314.95
-662593.70 -177314.95
-662593.70 -177385.95
-662478.70 -177385.95
-662478.70 -177456.95
-662593.70 -177456.95
-662593.70 -177527.95
-662478.70 -177527.95
-662478.70 -177598.95
-662593.70 -177598.95
-662593.70 -177669.95
-662478.70 -177669.95
-662478.70 -177740.95
-662593.70 -177740.95
-662593.70 -177811.95
-662478.70 -177811.95
-662478.70 -177882.95
-662593.70 -177882.95
-662593.70 -177953.95
-662478.70 -177953.95
-662478.70 -178024.95
-662593.70 -178024.95
-662593.70 -178095.95
-662478.70 -178095.95
-662478.70 -178166.95
-662593.70 -178166.95
-662593.70 -178237.95
-662478.70 -178237.95
-662478.70 -178308.95
-662593.70 -178308.95
-662593.70 -178379.95
-662536.20 -178379.95
-662536.20 -178404.45
31.00