-499224.50 -157719.35
-499224.50 -157743.87
-499655.79 -157817.10
-500120.28 -157895.97
-500120.30 -157895.98
-501966.03 -158209.39
-502783.21 -158348.15
-503954.54 -158547.04
-504777.69 -158686.81
-505231.04 -158763.79
-506360.40 -158955.56
-510070.97 -159585.62
-512084.19 -159927.47
-512883.32 -160063.17
-514060.59 -160263.07
-514061.50 -160263.22
-523118.31 -161801.09
-524776.60 -162082.67
-524976.73 -162116.65
-527763.89 -162589.92
-527764.50 -162590.02
-533107.18 -163497.22
-533107.54 -163497.28
-553317.54 -166928.98
-553318.02 -166929.06
-555947.17 -167375.50
-556437.76 -167458.80
-564001.97 -168743.22
-564006.96 -168744.07
-571335.83 -169988.52
-579715.34 -171411.38
-582121.70 -171819.99
-582124.17 -171820.41
-584446.98 -172214.83
-584447.21 -172214.86
-586535.19 -172569.41
-586535.27 -172569.42
-586741.20 -172604.39
-586741.20 -172699.95
-586712.75 -172699.95
-586712.75 -172770.95
-586798.70 -172770.95
-586798.70 -172841.95
-586683.70 -172841.95
-586683.70 -172912.95
-586798.70 -172912.95
-586798.70 -172983.95
-586683.70 -172983.95
-586683.70 -173054.95
-586798.70 -173054.95
-586798.70 -173125.95
-586683.70 -173125.95
-586683.70 -173196.95
-586798.70 -173196.95
-586798.70 -173267.95
-586683.70 -173267.95
-586683.70 -173338.95
-586798.70 -173338.95
-586798.70 -173409.95
-586683.70 -173409.95
-586683.70 -173480.95
-586798.70 -173480.95
-586798.70 -173551.95
-586683.70 -173551.95
-586683.70 -173622.95
-586798.70 -173622.95
-586798.70 -173693.95
-586683.70 -173693.95
-586683.70 -173764.95
-586798.70 -173764.95
-586798.70 -173835.95
-586683.70 -173835.95
-586683.70 -173906.95
-586798.70 -173906.95
-586798.70 -173977.95
-586683.70 -173977.95
-586683.70 -174048.95
-586798.70 -174048.95
-586798.70 -174119.95
-586683.70 -174119.95
-586683.70 -174190.95
-586798.70 -174190.95
-586798.70 -174261.95
-586683.70 -174261.95
-586683.70 -174332.95
-586798.70 -174332.95
-586798.70 -174403.95
-586683.70 -174403.95
-586683.70 -174474.95
-586798.70 -174474.95
-586798.70 -174545.95
-586683.70 -174545.95
-586683.70 -174616.95
-586798.70 -174616.95
-586798.70 -174687.95
-586683.70 -174687.95
-586683.70 -174758.95
-586798.70 -174758.95
-586798.70 -174829.95
-586683.70 -174829.95
-586683.70 -174900.95
-586798.70 -174900.95
-586798.70 -174971.95
-586683.70 -174971.95
-586683.70 -175042.95
-586798.70 -175042.95
-586798.70 -175113.95
-586683.70 -175113.95
-586683.70 -175184.95
-586798.70 -175184.95
-586798.70 -175255.95
-586683.70 -175255.95
-586683.70 -175326.95
-586798.70 -175326.95
-586798.70 -175397.95
-586683.70 -175397.95
-586683.70 -175468.95
-586798.70 -175468.95
-586798.70 -175539.95
-586683.70 -175539.95
-586683.70 -175610.95
-586798.70 -175610.95
-586798.70 -175681.95
-586683.70 -175681.95
-586683.70 -175752.95
-586798.70 -175752.95
-586798.70 -175823.95
-586683.70 -175823.95
-586683.70 -175894.95
-586798.70 -175894.95
-586798.70 -175965.95
-586683.70 -175965.95
-586683.70 -176036.95
-586798.70 -176036.95
-586798.70 -176107.95
-586683.70 -176107.95
-586683.70 -176178.95
-586798.70 -176178.95
-586798.70 -176249.95
-586683.70 -176249.95
-586683.70 -176320.95
-586798.70 -176320.95
-586798.70 -176391.95
-586683.70 -176391.95
-586683.70 -176462.95
-586798.70 -176462.95
-586798.70 -176533.95
-586683.70 -176533.95
-586683.70 -176604.95
-586798.70 -176604.95
-586798.70 -176675.95
-586683.70 -176675.95
-586683.70 -176746.95
-586798.70 -176746.95
-586798.70 -176817.95
-586683.70 -176817.95
-586683.70 -176888.95
-586798.70 -176888.95
-586798.70 -176959.95
-586683.70 -176959.95
-586683.70 -177030.95
-586798.70 -177030.95
-586798.70 -177101.95
-586683.70 -177101.95
-586683.70 -177172.95
-586798.70 -177172.95
-586798.70 -177243.95
-586683.70 -177243.95
-586683.70 -177314.95
-586798.70 -177314.95
-586798.70 -177385.95
-586683.70 -177385.95
-586683.70 -177456.95
-586798.70 -177456.95
-586798.70 -177527.95
-586683.70 -177527.95
-586683.70 -177598.95
-586798.70 -177598.95
-586798.70 -177669.95
-586683.70 -177669.95
-586683.70 -177740.95
-586798.70 -177740.95
-586798.70 -177811.95
-586683.70 -177811.95
-586683.70 -177882.95
-586798.70 -177882.95
-586798.70 -177953.95
-586683.70 -177953.95
-586683.70 -178024.95
-586798.70 -178024.95
-586798.70 -178095.95
-586683.70 -178095.95
-586683.70 -178166.95
-586798.70 -178166.95
-586798.70 -178237.95
-586683.70 -178237.95
-586683.70 -178308.95
-586798.70 -178308.95
-586798.70 -178379.95
-586741.20 -178379.95
-586741.20 -178404.45
31.00