-911977.50 -157719.35
-911977.50 -157743.87
-911778.51 -157777.66
-911391.74 -157843.33
-911199.33 -157876.01
-910841.53 -157936.76
-910647.19 -157969.76
-910474.94 -157999.01
-910267.38 -158034.25
-909296.75 -158199.07
-909148.50 -158224.24
-909081.13 -158235.68
-908866.37 -158272.15
-908616.53 -158314.57
-908375.23 -158355.54
-908139.51 -158395.57
-907932.23 -158430.77
-907440.64 -158514.24
-907248.57 -158546.85
-907112.07 -158570.03
-906958.86 -158596.05
-906527.60 -158669.27
-906293.16 -158709.08
-905061.07 -158918.30
-904212.22 -159062.43
-903754.48 -159140.16
-903083.72 -159254.05
-902616.51 -159333.39
-902605.42 -159335.27
-901460.30 -159529.71
-900966.08 -159613.63
-899456.59 -159869.95
-898617.01 -160012.51
-898364.16 -160055.44
-898210.16 -160081.59
-897979.63 -160120.74
-897029.25 -160282.11
-896405.48 -160388.03
-896072.21 -160444.62
-895830.92 -160485.59
-895595.20 -160525.62
-895397.26 -160559.23
-895143.01 -160602.40
-894973.77 -160631.14
-894086.56 -160781.79
-894038.05 -160790.03
-893343.43 -160907.97
-892737.56 -161010.85
-892605.37 -161033.30
-891769.44 -161175.24
-891588.79 -161205.92
-888569.30 -161718.63
-886701.95 -162035.71
-885974.07 -162159.31
-884560.37 -162399.36
-883361.67 -162602.90
-883345.80 -162605.59
-882806.23 -162697.21
-882751.40 -162706.52
-882353.49 -162774.09
-879963.15 -163179.97
-879534.34 -163252.79
-879119.73 -163323.19
-877271.14 -163637.08
-877075.58 -163670.29
-876838.37 -163710.57
-876607.84 -163749.71
-875828.37 -163882.07
-875738.37 -163897.35
-874502.85 -164107.14
-874220.45 -164155.10
-873027.29 -164357.70
-872498.32 -164447.52
-870071.99 -164859.51
-869831.55 -164900.34
-869702.39 -164922.27
-868884.93 -165061.08
-868802.04 -165075.15
-868031.20 -165206.04
-867824.38 -165241.16
-866231.62 -165511.62
-861745.60 -166273.35
-860762.30 -166440.32
-860593.06 -166469.06
-859794.15 -166604.71
-859703.76 -166620.06
-859332.02 -166683.18
-854426.20 -167516.20
-854426.20 -167658.95
-854483.70 -167658.95
-854483.70 -167729.95
-854368.70 -167729.95
-854368.70 -167800.95
-854483.70 -167800.95
-854483.70 -167871.95
-854368.70 -167871.95
-854368.70 -167942.95
-854483.70 -167942.95
-854483.70 -168013.95
-854368.70 -168013.95
-854368.70 -168084.95
-854483.70 -168084.95
-854483.70 -168155.95
-854368.70 -168155.95
-854368.70 -168226.95
-854483.70 -168226.95
-854483.70 -168297.95
-854368.70 -168297.95
-854368.70 -168368.95
-854483.70 -168368.95
-854483.70 -168439.95
-854368.70 -168439.95
-854368.70 -168510.95
-854483.70 -168510.95
-854483.70 -168581.95
-854368.70 -168581.95
-854368.70 -168652.95
-854483.70 -168652.95
-854483.70 -168723.95
-854368.70 -168723.95
-854368.70 -168794.95
-854483.70 -168794.95
-854483.70 -168865.95
-854368.70 -168865.95
-854368.70 -168936.95
-854483.70 -168936.95
-854483.70 -169007.95
-854368.70 -169007.95
-854368.70 -169078.95
-854483.70 -169078.95
-854483.70 -169149.95
-854368.70 -169149.95
-854368.70 -169220.95
-854483.70 -169220.95
-854483.70 -169291.95
-854368.70 -169291.95
-854368.70 -169362.95
-854483.70 -169362.95
-854483.70 -169433.95
-854368.70 -169433.95
-854368.70 -169504.95
-854483.70 -169504.95
-854483.70 -169575.95
-854368.70 -169575.95
-854368.70 -169646.95
-854483.70 -169646.95
-854483.70 -169717.95
-854368.70 -169717.95
-854368.70 -169788.95
-854483.70 -169788.95
-854483.70 -169859.95
-854368.70 -169859.95
-854368.70 -169930.95
-854483.70 -169930.95
-854483.70 -170001.95
-854368.70 -170001.95
-854368.70 -170072.95
-854483.70 -170072.95
-854483.70 -170143.95
-854368.70 -170143.95
-854368.70 -170214.95
-854483.70 -170214.95
-854483.70 -170285.95
-854368.70 -170285.95
-854368.70 -170356.95
-854483.70 -170356.95
-854483.70 -170427.95
-854368.70 -170427.95
-854368.70 -170498.95
-854483.70 -170498.95
-854483.70 -170569.95
-854368.70 -170569.95
-854368.70 -170640.95
-854483.70 -170640.95
-854483.70 -170711.95
-854368.70 -170711.95
-854368.70 -170782.95
-854483.70 -170782.95
-854483.70 -170853.95
-854368.70 -170853.95
-854368.70 -170924.95
-854483.70 -170924.95
-854483.70 -170995.95
-854368.70 -170995.95
-854368.70 -171066.95
-854483.70 -171066.95
-854483.70 -171137.95
-854368.70 -171137.95
-854368.70 -171208.95
-854483.70 -171208.95
-854483.70 -171279.95
-854368.70 -171279.95
-854368.70 -171350.95
-854483.70 -171350.95
-854483.70 -171421.95
-854368.70 -171421.95
-854368.70 -171492.95
-854483.70 -171492.95
-854483.70 -171563.95
-854368.70 -171563.95
-854368.70 -171634.95
-854483.70 -171634.95
-854483.70 -171705.95
-854368.70 -171705.95
-854368.70 -171776.95
-854483.70 -171776.95
-854483.70 -171847.95
-854368.70 -171847.95
-854368.70 -171918.95
-854483.70 -171918.95
-854483.70 -171989.95
-854368.70 -171989.95
-854368.70 -172060.95
-854483.70 -172060.95
-854483.70 -172131.95
-854368.70 -172131.95
-854368.70 -172202.95
-854483.70 -172202.95
-854483.70 -172273.95
-854368.70 -172273.95
-854368.70 -172344.95
-854483.70 -172344.95
-854483.70 -172415.95
-854368.70 -172415.95
-854368.70 -172486.95
-854483.70 -172486.95
-854483.70 -172557.95
-854368.70 -172557.95
-854368.70 -172628.95
-854483.70 -172628.95
-854483.70 -172699.95
-854368.70 -172699.95
-854368.70 -172770.95
-854483.70 -172770.95
-854483.70 -172841.95
-854368.70 -172841.95
-854368.70 -172912.95
-854483.70 -172912.95
-854483.70 -172983.95
-854368.70 -172983.95
-854368.70 -173054.95
-854483.70 -173054.95
-854483.70 -173125.95
-854368.70 -173125.95
-854368.70 -173196.95
-854483.70 -173196.95
-854483.70 -173267.95
-854368.70 -173267.95
-854368.70 -173338.95
-854483.70 -173338.95
-854483.70 -173409.95
-854368.70 -173409.95
-854368.70 -173480.95
-854483.70 -173480.95
-854483.70 -173551.95
-854368.70 -173551.95
-854368.70 -173622.95
-854483.70 -173622.95
-854483.70 -173693.95
-854368.70 -173693.95
-854368.70 -173764.95
-854483.70 -173764.95
-854483.70 -173835.95
-854368.70 -173835.95
-854368.70 -173906.95
-854483.70 -173906.95
-854483.70 -173977.95
-854368.70 -173977.95
-854368.70 -174048.95
-854483.70 -174048.95
-854483.70 -174119.95
-854368.70 -174119.95
-854368.70 -174190.95
-854483.70 -174190.95
-854483.70 -174261.95
-854368.70 -174261.95
-854368.70 -174332.95
-854483.70 -174332.95
-854483.70 -174403.95
-854368.70 -174403.95
-854368.70 -174474.95
-854483.70 -174474.95
-854483.70 -174545.95
-854368.70 -174545.95
-854368.70 -174616.95
-854483.70 -174616.95
-854483.70 -174687.95
-854368.70 -174687.95
-854368.70 -174758.95
-854483.70 -174758.95
-854483.70 -174829.95
-854368.70 -174829.95
-854368.70 -174900.95
-854483.70 -174900.95
-854483.70 -174971.95
-854368.70 -174971.95
-854368.70 -175042.95
-854483.70 -175042.95
-854483.70 -175113.95
-854368.70 -175113.95
-854368.70 -175184.95
-854483.70 -175184.95
-854483.70 -175255.95
-854368.70 -175255.95
-854368.70 -175326.95
-854483.70 -175326.95
-854483.70 -175397.95
-854368.70 -175397.95
-854368.70 -175468.95
-854483.70 -175468.95
-854483.70 -175539.95
-854368.70 -175539.95
-854368.70 -175610.95
-854483.70 -175610.95
-854483.70 -175681.95
-854368.70 -175681.95
-854368.70 -175752.95
-854483.70 -175752.95
-854483.70 -175823.95
-854368.70 -175823.95
-854368.70 -175894.95
-854483.70 -175894.95
-854483.70 -175965.95
-854368.70 -175965.95
-854368.70 -176036.95
-854483.70 -176036.95
-854483.70 -176107.95
-854368.70 -176107.95
-854368.70 -176178.95
-854483.70 -176178.95
-854483.70 -176249.95
-854368.70 -176249.95
-854368.70 -176320.95
-854483.70 -176320.95
-854483.70 -176391.95
-854368.70 -176391.95
-854368.70 -176462.95
-854483.70 -176462.95
-854483.70 -176533.95
-854368.70 -176533.95
-854368.70 -176604.95
-854483.70 -176604.95
-854483.70 -176675.95
-854368.70 -176675.95
-854368.70 -176746.95
-854483.70 -176746.95
-854483.70 -176817.95
-854368.70 -176817.95
-854368.70 -176888.95
-854483.70 -176888.95
-854483.70 -176959.95
-854368.70 -176959.95
-854368.70 -177030.95
-854483.70 -177030.95
-854483.70 -177101.95
-854368.70 -177101.95
-854368.70 -177172.95
-854483.70 -177172.95
-854483.70 -177243.95
-854368.70 -177243.95
-854368.70 -177314.95
-854483.70 -177314.95
-854483.70 -177385.95
-854368.70 -177385.95
-854368.70 -177456.95
-854483.70 -177456.95
-854483.70 -177527.95
-854368.70 -177527.95
-854368.70 -177598.95
-854483.70 -177598.95
-854483.70 -177669.95
-854368.70 -177669.95
-854368.70 -177740.95
-854483.70 -177740.95
-854483.70 -177811.95
-854368.70 -177811.95
-854368.70 -177882.95
-854483.70 -177882.95
-854483.70 -177953.95
-854368.70 -177953.95
-854368.70 -178024.95
-854483.70 -178024.95
-854483.70 -178095.95
-854368.70 -178095.95
-854368.70 -178166.95
-854483.70 -178166.95
-854483.70 -178237.95
-854368.70 -178237.95
-854368.70 -178308.95
-854483.70 -178308.95
-854483.70 -178379.95
-854426.20 -178379.95
-854426.20 -178404.45
31.00