-690663.50 -157719.35
-690663.50 -157743.87
-690862.50 -157777.66
-691261.66 -157845.44
-691476.49 -157881.92
-691726.27 -157924.33
-691872.44 -157949.15
-692340.40 -158028.61
-692614.38 -158075.13
-692870.30 -158118.59
-693120.08 -158161.00
-693348.39 -158199.77
-693572.28 -158237.79
-693785.59 -158274.01
-694300.94 -158361.51
-694978.49 -158476.57
-695193.32 -158513.04
-695443.10 -158555.46
-695606.22 -158583.15
-696106.92 -158668.17
-696255.96 -158693.48
-697081.25 -158833.62
-698737.37 -159114.83
-699615.82 -159263.99
-699910.66 -159314.06
-702172.87 -159698.19
-703864.03 -159985.35
-706093.78 -160363.96
-707189.43 -160550.01
-708868.89 -160835.18
-709692.85 -160975.09
-709836.27 -160999.45
-710249.97 -161069.69
-710896.20 -161179.42
-710896.20 -161339.95
-710838.70 -161339.95
-710838.70 -161410.95
-710953.70 -161410.95
-710953.70 -161481.95
-710838.70 -161481.95
-710838.70 -161552.95
-710953.70 -161552.95
-710953.70 -161623.95
-710838.70 -161623.95
-710838.70 -161694.95
-710953.70 -161694.95
-710953.70 -161765.95
-710838.70 -161765.95
-710838.70 -161836.95
-710953.70 -161836.95
-710953.70 -161907.95
-710838.70 -161907.95
-710838.70 -161978.95
-710953.70 -161978.95
-710953.70 -162049.95
-710838.70 -162049.95
-710838.70 -162120.95
-710953.70 -162120.95
-710953.70 -162191.95
-710838.70 -162191.95
-710838.70 -162262.95
-710953.70 -162262.95
-710953.70 -162333.95
-710838.70 -162333.95
-710838.70 -162404.95
-710953.70 -162404.95
-710953.70 -162475.95
-710838.70 -162475.95
-710838.70 -162546.95
-710953.70 -162546.95
-710953.70 -162617.95
-710838.70 -162617.95
-710838.70 -162688.95
-710953.70 -162688.95
-710953.70 -162759.95
-710838.70 -162759.95
-710838.70 -162830.95
-710953.70 -162830.95
-710953.70 -162901.95
-710838.70 -162901.95
-710838.70 -162972.95
-710953.70 -162972.95
-710953.70 -163043.95
-710838.70 -163043.95
-710838.70 -163114.95
-710953.70 -163114.95
-710953.70 -163185.95
-710838.70 -163185.95
-710838.70 -163256.95
-710953.70 -163256.95
-710953.70 -163327.95
-710838.70 -163327.95
-710838.70 -163398.95
-710953.70 -163398.95
-710953.70 -163469.95
-710838.70 -163469.95
-710838.70 -163540.95
-710953.70 -163540.95
-710953.70 -163611.95
-710838.70 -163611.95
-710838.70 -163682.95
-710953.70 -163682.95
-710953.70 -163753.95
-710838.70 -163753.95
-710838.70 -163824.95
-710953.70 -163824.95
-710953.70 -163895.95
-710838.70 -163895.95
-710838.70 -163966.95
-710953.70 -163966.95
-710953.70 -164037.95
-710838.70 -164037.95
-710838.70 -164108.95
-710953.70 -164108.95
-710953.70 -164179.95
-710838.70 -164179.95
-710838.70 -164250.95
-710953.70 -164250.95
-710953.70 -164321.95
-710838.70 -164321.95
-710838.70 -164392.95
-710953.70 -164392.95
-710953.70 -164463.95
-710838.70 -164463.95
-710838.70 -164534.95
-710953.70 -164534.95
-710953.70 -164605.95
-710838.70 -164605.95
-710838.70 -164676.95
-710953.70 -164676.95
-710953.70 -164747.95
-710838.70 -164747.95
-710838.70 -164818.95
-710953.70 -164818.95
-710953.70 -164889.95
-710838.70 -164889.95
-710838.70 -164960.95
-710953.70 -164960.95
-710953.70 -165031.95
-710838.70 -165031.95
-710838.70 -165102.95
-710953.70 -165102.95
-710953.70 -165173.95
-710838.70 -165173.95
-710838.70 -165244.95
-710953.70 -165244.95
-710953.70 -165315.95
-710838.70 -165315.95
-710838.70 -165386.95
-710953.70 -165386.95
-710953.70 -165457.95
-710838.70 -165457.95
-710838.70 -165528.95
-710953.70 -165528.95
-710953.70 -165599.95
-710838.70 -165599.95
-710838.70 -165670.95
-710953.70 -165670.95
-710953.70 -165741.95
-710838.70 -165741.95
-710838.70 -165812.95
-710953.70 -165812.95
-710953.70 -165883.95
-710838.70 -165883.95
-710838.70 -165954.95
-710953.70 -165954.95
-710953.70 -166025.95
-710838.70 -166025.95
-710838.70 -166096.95
-710953.70 -166096.95
-710953.70 -166167.95
-710838.70 -166167.95
-710838.70 -166238.95
-710953.70 -166238.95
-710953.70 -166309.95
-710838.70 -166309.95
-710838.70 -166380.95
-710953.70 -166380.95
-710953.70 -166451.95
-710838.70 -166451.95
-710838.70 -166522.95
-710953.70 -166522.95
-710953.70 -166593.95
-710838.70 -166593.95
-710838.70 -166664.95
-710953.70 -166664.95
-710953.70 -166735.95
-710838.70 -166735.95
-710838.70 -166806.95
-710953.70 -166806.95
-710953.70 -166877.95
-710838.70 -166877.95
-710838.70 -166948.95
-710953.70 -166948.95
-710953.70 -167019.95
-710838.70 -167019.95
-710838.70 -167090.95
-710953.70 -167090.95
-710953.70 -167161.95
-710838.70 -167161.95
-710838.70 -167232.95
-710953.70 -167232.95
-710953.70 -167303.95
-710838.70 -167303.95
-710838.70 -167374.95
-710953.70 -167374.95
-710953.70 -167445.95
-710838.70 -167445.95
-710838.70 -167516.95
-710953.70 -167516.95
-710953.70 -167587.95
-710838.70 -167587.95
-710838.70 -167658.95
-710953.70 -167658.95
-710953.70 -167729.95
-710838.70 -167729.95
-710838.70 -167800.95
-710953.70 -167800.95
-710953.70 -167871.95
-710838.70 -167871.95
-710838.70 -167942.95
-710953.70 -167942.95
-710953.70 -168013.95
-710838.70 -168013.95
-710838.70 -168084.95
-710953.70 -168084.95
-710953.70 -168155.95
-710838.70 -168155.95
-710838.70 -168226.95
-710953.70 -168226.95
-710953.70 -168297.95
-710838.70 -168297.95
-710838.70 -168368.95
-710953.70 -168368.95
-710953.70 -168439.95
-710838.70 -168439.95
-710838.70 -168510.95
-710953.70 -168510.95
-710953.70 -168581.95
-710838.70 -168581.95
-710838.70 -168652.95
-710953.70 -168652.95
-710953.70 -168723.95
-710838.70 -168723.95
-710838.70 -168794.95
-710953.70 -168794.95
-710953.70 -168865.95
-710838.70 -168865.95
-710838.70 -168936.95
-710953.70 -168936.95
-710953.70 -169007.95
-710838.70 -169007.95
-710838.70 -169078.95
-710953.70 -169078.95
-710953.70 -169149.95
-710838.70 -169149.95
-710838.70 -169220.95
-710953.70 -169220.95
-710953.70 -169291.95
-710838.70 -169291.95
-710838.70 -169362.95
-710953.70 -169362.95
-710953.70 -169433.95
-710838.70 -169433.95
-710838.70 -169504.95
-710953.70 -169504.95
-710953.70 -169575.95
-710838.70 -169575.95
-710838.70 -169646.95
-710953.70 -169646.95
-710953.70 -169717.95
-710838.70 -169717.95
-710838.70 -169788.95
-710953.70 -169788.95
-710953.70 -169859.95
-710838.70 -169859.95
-710838.70 -169930.95
-710953.70 -169930.95
-710953.70 -170001.95
-710838.70 -170001.95
-710838.70 -170072.95
-710953.70 -170072.95
-710953.70 -170143.95
-710838.70 -170143.95
-710838.70 -170214.95
-710953.70 -170214.95
-710953.70 -170285.95
-710838.70 -170285.95
-710838.70 -170356.95
-710953.70 -170356.95
-710953.70 -170427.95
-710838.70 -170427.95
-710838.70 -170498.95
-710953.70 -170498.95
-710953.70 -170569.95
-710838.70 -170569.95
-710838.70 -170640.95
-710953.70 -170640.95
-710953.70 -170711.95
-710838.70 -170711.95
-710838.70 -170782.95
-710953.70 -170782.95
-710953.70 -170853.95
-710838.70 -170853.95
-710838.70 -170924.95
-710953.70 -170924.95
-710953.70 -170995.95
-710838.70 -170995.95
-710838.70 -171066.95
-710953.70 -171066.95
-710953.70 -171137.95
-710838.70 -171137.95
-710838.70 -171208.95
-710953.70 -171208.95
-710953.70 -171279.95
-710838.70 -171279.95
-710838.70 -171350.95
-710953.70 -171350.95
-710953.70 -171421.95
-710838.70 -171421.95
-710838.70 -171492.95
-710953.70 -171492.95
-710953.70 -171563.95
-710838.70 -171563.95
-710838.70 -171634.95
-710953.70 -171634.95
-710953.70 -171705.95
-710838.70 -171705.95
-710838.70 -171776.95
-710953.70 -171776.95
-710953.70 -171847.95
-710838.70 -171847.95
-710838.70 -171918.95
-710953.70 -171918.95
-710953.70 -171989.95
-710838.70 -171989.95
-710838.70 -172060.95
-710953.70 -172060.95
-710953.70 -172131.95
-710838.70 -172131.95
-710838.70 -172202.95
-710953.70 -172202.95
-710953.70 -172273.95
-710838.70 -172273.95
-710838.70 -172344.95
-710953.70 -172344.95
-710953.70 -172415.95
-710838.70 -172415.95
-710838.70 -172486.95
-710953.70 -172486.95
-710953.70 -172557.95
-710838.70 -172557.95
-710838.70 -172628.95
-710953.70 -172628.95
-710953.70 -172699.95
-710838.70 -172699.95
-710838.70 -172770.95
-710953.70 -172770.95
-710953.70 -172841.95
-710838.70 -172841.95
-710838.70 -172912.95
-710953.70 -172912.95
-710953.70 -172983.95
-710838.70 -172983.95
-710838.70 -173054.95
-710953.70 -173054.95
-710953.70 -173125.95
-710838.70 -173125.95
-710838.70 -173196.95
-710953.70 -173196.95
-710953.70 -173267.95
-710838.70 -173267.95
-710838.70 -173338.95
-710953.70 -173338.95
-710953.70 -173409.95
-710838.70 -173409.95
-710838.70 -173480.95
-710953.70 -173480.95
-710953.70 -173551.95
-710838.70 -173551.95
-710838.70 -173622.95
-710953.70 -173622.95
-710953.70 -173693.95
-710838.70 -173693.95
-710838.70 -173764.95
-710953.70 -173764.95
-710953.70 -173835.95
-710838.70 -173835.95
-710838.70 -173906.95
-710953.70 -173906.95
-710953.70 -173977.95
-710838.70 -173977.95
-710838.70 -174048.95
-710953.70 -174048.95
-710953.70 -174119.95
-710838.70 -174119.95
-710838.70 -174190.95
-710953.70 -174190.95
-710953.70 -174261.95
-710838.70 -174261.95
-710838.70 -174332.95
-710953.70 -174332.95
-710953.70 -174403.95
-710838.70 -174403.95
-710838.70 -174474.95
-710953.70 -174474.95
-710953.70 -174545.95
-710838.70 -174545.95
-710838.70 -174616.95
-710953.70 -174616.95
-710953.70 -174687.95
-710838.70 -174687.95
-710838.70 -174758.95
-710953.70 -174758.95
-710953.70 -174829.95
-710838.70 -174829.95
-710838.70 -174900.95
-710953.70 -174900.95
-710953.70 -174971.95
-710838.70 -174971.95
-710838.70 -175042.95
-710953.70 -175042.95
-710953.70 -175113.95
-710838.70 -175113.95
-710838.70 -175184.95
-710953.70 -175184.95
-710953.70 -175255.95
-710838.70 -175255.95
-710838.70 -175326.95
-710953.70 -175326.95
-710953.70 -175397.95
-710838.70 -175397.95
-710838.70 -175468.95
-710953.70 -175468.95
-710953.70 -175539.95
-710838.70 -175539.95
-710838.70 -175610.95
-710953.70 -175610.95
-710953.70 -175681.95
-710838.70 -175681.95
-710838.70 -175752.95
-710953.70 -175752.95
-710953.70 -175823.95
-710838.70 -175823.95
-710838.70 -175894.95
-710953.70 -175894.95
-710953.70 -175965.95
-710838.70 -175965.95
-710838.70 -176036.95
-710953.70 -176036.95
-710953.70 -176107.95
-710838.70 -176107.95
-710838.70 -176178.95
-710953.70 -176178.95
-710953.70 -176249.95
-710838.70 -176249.95
-710838.70 -176320.95
-710953.70 -176320.95
-710953.70 -176391.95
-710838.70 -176391.95
-710838.70 -176462.95
-710953.70 -176462.95
-710953.70 -176533.95
-710838.70 -176533.95
-710838.70 -176604.95
-710953.70 -176604.95
-710953.70 -176675.95
-710838.70 -176675.95
-710838.70 -176746.95
-710953.70 -176746.95
-710953.70 -176817.95
-710838.70 -176817.95
-710838.70 -176888.95
-710953.70 -176888.95
-710953.70 -176959.95
-710838.70 -176959.95
-710838.70 -177030.95
-710953.70 -177030.95
-710953.70 -177101.95
-710838.70 -177101.95
-710838.70 -177172.95
-710953.70 -177172.95
-710953.70 -177243.95
-710838.70 -177243.95
-710838.70 -177314.95
-710953.70 -177314.95
-710953.70 -177385.95
-710838.70 -177385.95
-710838.70 -177456.95
-710953.70 -177456.95
-710953.70 -177527.95
-710838.70 -177527.95
-710838.70 -177598.95
-710953.70 -177598.95
-710953.70 -177669.95
-710838.70 -177669.95
-710838.70 -177740.95
-710953.70 -177740.95
-710953.70 -177811.95
-710838.70 -177811.95
-710838.70 -177882.95
-710953.70 -177882.95
-710953.70 -177953.95
-710838.70 -177953.95
-710838.70 -178024.95
-710953.70 -178024.95
-710953.70 -178095.95
-710838.70 -178095.95
-710838.70 -178166.95
-710953.70 -178166.95
-710953.70 -178237.95
-710838.70 -178237.95
-710838.70 -178308.95
-710953.70 -178308.95
-710953.70 -178379.95
-710896.20 -178379.95
-710896.20 -178404.45
31.00