37176.960020 472451.352908 37616.798992 472502.500000 
36024.348046 472290.387495 37176.960830 472451.353021 
35013.206591 472136.099820 36024.426641 472290.399488 
34129.879133 471988.289850 35013.285793 472136.111906 
31975.540000 471616.740000 34129.879133 471988.289850 
31135.352857 471456.552451 31975.540000 471616.740000 
30385.252407 471307.582243 31135.352857 471456.552451 
29621.747432 471150.039436 30385.252407 471307.582243 
28465.888336 470896.310000 29621.747432 471150.039436 
28244.101240 470896.310000 28465.888336 470896.310000 
28241.292699 470902.760296 28244.101240 470896.310000 
28239.121045 470907.757596 28241.292699 470902.760296 
37616.798992 472502.500000 47188.840000 472502.500000 
