55029.339760 6392.260021 55060.780000 6369.540991 
55017.565594 6406.422541 55029.339760 6392.260021 
54879.299542 6506.460475 55017.565594 6406.422541 
54799.384354 6602.551970 54879.299542 6506.460475 
54628.948022 6726.301933 54799.384354 6602.551970 
54618.575551 6738.782630 54628.948022 6726.301933 
54480.129219 6838.830425 54618.575551 6738.782630 
54468.435603 6852.902581 54480.129219 6838.830425 
54330.299817 6952.750049 54468.435603 6852.902581 
54249.966256 7049.361726 54330.299817 6952.750049 
54193.408784 7087.441216 54249.966256 7049.361726 
54192.501171 7088.348829 54193.408784 7087.441216 
54186.259757 7097.178519 54192.501171 7088.348829 
54145.790037 7124.149963 54186.259757 7097.178519 
54144.841261 7125.098739 54145.790037 7124.149963 
54136.239698 7137.258520 54144.841261 7125.098739 
54096.119977 7164.010023 54136.239698 7137.258520 
54095.169068 7164.960932 54096.119977 7164.010023 
54086.549277 7177.162185 54095.169068 7164.960932 
54046.770053 7203.669947 54086.549277 7177.162185 
54045.819040 7204.620960 54046.770053 7203.669947 
54037.209327 7216.812151 54045.819040 7204.620960 
53996.770052 7243.759948 54037.209327 7216.812151 
53995.821211 7244.708789 53996.770052 7243.759948 
53987.279709 7256.788551 53995.821211 7244.708789 
53946.900037 7283.699963 53987.279709 7256.788551 
53945.949011 7284.650989 53946.900037 7283.699963 
53937.349362 7296.832139 53945.949011 7284.650989 
53897.490068 7323.389932 53937.349362 7296.832139 
53896.541173 7324.338827 53897.490068 7323.389932 
53887.839755 7336.648521 53896.541173 7324.338827 
53847.760038 7363.359962 53887.839755 7336.648521 
53846.811200 7364.308800 53847.760038 7363.359962 
53838.199734 7376.488525 53846.811200 7364.308800 
53798.080023 7403.229977 53838.199734 7376.488525 
53797.129056 7404.180944 53798.080023 7403.229977 
53700.347463 7541.193984 53797.129056 7404.180944 
53593.762195 7646.344064 53700.347463 7541.193984 
53585.270211 7661.961566 53593.762195 7646.344064 
53545.236500 7701.448880 53585.270211 7661.961566 
53536.740537 7717.111185 53545.236500 7701.448880 
53496.912665 7756.413676 53536.740537 7717.111185 
53488.430102 7772.001696 53496.912665 7756.413676 
53468.043909 7792.106214 53488.430102 7772.001696 
53334.416511 7902.052935 53468.043909 7792.106214 
53240.482340 8046.120766 53334.416511 7902.052935 
53034.876612 8221.298267 53240.482340 8046.120766 
52946.037787 8356.345132 53034.025825 8222.154861 
52740.211071 8530.859447 52946.037787 8356.345132 
52611.919029 8726.801031 52740.211071 8530.859447 
52568.211466 8770.748581 52611.919029 8726.801031 
52505.209497 8864.297111 52568.211466 8770.748581 
52298.399702 9039.739390 52505.209497 8864.297111 
52172.573490 9231.796518 52298.399702 9039.739390 
52128.301820 9276.318170 52172.573490 9231.796518 
52032.662519 9418.385240 52128.301820 9276.318170 
51994.014428 9453.792305 52032.662519 9418.385240 
51934.198020 9543.953203 51994.014428 9453.792305 
51847.845831 9629.280142 51934.198020 9543.953203 
51839.610458 9644.461327 51847.845831 9629.280142 
51799.654601 9683.870605 51839.610458 9644.461327 
51791.200538 9699.461215 51799.654601 9683.870605 
51751.326555 9738.799638 51791.200538 9699.461215 
51742.840188 9754.401578 51751.326555 9738.799638 
51702.565801 9794.129597 51742.840188 9754.401578 
51694.101104 9809.740502 51702.565801 9794.129597 
51654.328257 9848.962982 51694.101104 9809.740502 
51645.840282 9864.571425 51654.328257 9848.962982 
51605.684583 9904.200824 51645.840282 9864.571425 
51597.260518 9919.731225 51605.684583 9904.200824 
51557.086352 9959.369128 51597.260518 9919.731225 
51548.650539 9974.921184 51557.086352 9959.369128 
51508.862428 10014.183906 51548.650539 9974.921184 
51500.380228 10029.776495 51508.862428 10014.183906 
51460.216639 10069.408753 51500.380228 10029.776495 
51441.572250 10103.727672 51460.216639 10069.408753 
51293.556849 10296.871978 51441.572250 10103.727672 
51292.968975 10297.832523 51293.556849 10296.871978 
51276.422047 10339.222428 51292.968975 10297.832523 
51237.601168 10394.979742 51276.422047 10339.222428 
51229.606709 10414.825053 51237.601168 10394.979742 
51190.020641 10471.720869 51229.606709 10414.825053 
51182.061518 10491.488156 51190.020641 10471.720869 
51142.511125 10548.320055 51182.061518 10491.488156 
51134.551454 10568.068229 51142.511125 10548.320055 
51094.900517 10625.061081 51134.551454 10568.068229 
51086.951529 10644.808149 51094.900517 10625.061081 
51047.361185 10701.689897 51086.951529 10644.808149 
51039.381437 10721.488272 51047.361185 10701.689897 
50999.830939 10778.320322 51039.381437 10721.488272 
50991.871484 10798.078198 50999.830939 10778.320322 
50952.220607 10855.060858 50991.871484 10798.078198 
50944.271569 10874.808049 50952.220607 10855.060858 
50928.411466 10897.609458 50944.271569 10874.808049 
50897.390817 10936.351403 50928.411466 10897.609458 
50883.486419 10962.789838 50897.390817 10936.351403 
50749.038958 11139.009668 50883.486419 10962.789838 
50703.720000 11224.760000 50749.038958 11139.009668 
50667.658734 11296.172705 50703.720000 11224.760000 
50647.564336 11332.576149 50667.658734 11296.172705 
50616.690976 11403.825443 50647.579268 11332.541689 
50575.363213 11463.273492 50616.690976 11403.825443 
50570.651567 11474.468195 50575.363213 11463.273492 
50464.600905 11606.831238 50570.651567 11474.468195 
50451.011239 11632.670179 50464.600905 11606.831238 
50316.759134 11808.449333 50451.011239 11632.670179 
50243.614485 11946.855648 50316.759134 11808.449333 
50219.848157 12028.278353 50243.614485 11946.855648 
50175.221368 12084.660394 50219.848157 12028.278353 
50133.190000 12164.530000 50175.221368 12084.660394 
50097.150000 12235.910000 50133.190000 12164.530000 
50049.939632 12318.181781 50097.150000 12235.910000 
50001.081157 12388.410168 50049.939632 12318.181781 
49993.121411 12408.148292 50001.081157 12388.410168 
49953.490729 12465.110765 49993.121411 12408.148292 
49946.173095 12483.279216 49953.490729 12465.110765 
49882.431578 12569.245659 49946.173095 12483.279216 
49851.679181 12627.261540 49882.431578 12569.245659 
49812.326522 12701.264371 49851.679181 12627.261540 
49763.240759 12771.810675 49812.326522 12701.264371 
49755.291501 12791.548176 49763.240759 12771.810675 
49715.680815 12848.470535 49755.291501 12791.548176 
49707.731506 12868.208164 49715.680815 12848.470535 
49668.130866 12925.120504 49707.731506 12868.208164 
49660.171502 12944.878152 49668.130866 12925.120504 
49620.580551 13001.791092 49660.171502 12944.878152 
49612.621519 13021.558153 49620.580551 13001.791092 
49573.051114 13078.420083 49612.621519 13021.558153 
49565.091424 13098.168304 49573.051114 13078.420083 
49537.103290 13138.378373 49565.091424 13098.168304 
49450.771675 13299.871935 49537.103290 13138.378373 
49438.579539 13344.007868 49450.771675 13299.871935 
49399.564212 13429.093046 49438.579539 13344.007868 
49391.931464 13456.504524 49399.564212 13429.093046 
49352.678597 13542.155342 49391.931464 13456.504524 
49345.041411 13569.554627 49352.678597 13542.155342 
49305.789970 13655.214183 49345.041411 13569.554627 
49298.156448 13682.638689 49305.789970 13655.214183 
49258.933551 13768.191314 49298.156448 13682.638689 
49251.309355 13795.583246 49258.933551 13768.191314 
49212.054221 13881.213047 49251.309355 13795.583246 
49204.421444 13908.614567 49212.054221 13881.213047 
49165.178596 13994.245346 49204.421444 13908.614567 
49157.541411 14021.644627 49165.178596 13994.245346 
49118.298553 14107.285450 49157.541411 14021.644627 
49110.671448 14134.664545 49118.298553 14107.285450 
49071.429962 14220.304203 49110.671448 14134.664545 
49063.819365 14247.653218 49071.429962 14220.304203 
49042.313926 14294.567342 49063.819365 14247.653218 
48990.000923 14398.892901 49042.313926 14294.567342 
48972.123114 14443.980064 48990.008895 14398.872797 
48925.575000 14578.605000 48972.123114 14443.980064 
48923.435669 14586.185346 48925.575000 14578.605000 
48883.918543 14672.415464 48923.435669 14586.185346 
48876.295798 14699.786903 48883.918543 14672.415464 
48841.779071 14775.088383 48876.295798 14699.786903 
48832.754843 14801.568821 48841.779071 14775.088383 
48789.184571 14902.149075 48832.754843 14801.568821 
48782.611314 14925.694843 48789.184571 14902.149075 
48743.288592 15011.505361 48782.611314 14925.694843 
48735.651411 15038.904627 48743.288592 15011.505361 
48696.399970 15124.564183 48735.651411 15038.904627 
48688.770008 15151.975897 48696.399970 15124.564183 
48649.539971 15237.564147 48688.770008 15151.975897 
48641.930024 15264.925870 48649.539971 15237.564147 
48602.669976 15350.574130 48641.930024 15264.925870 
48595.056482 15377.948605 48602.669976 15350.574130 
48555.789997 15463.604077 48595.056482 15377.948605 
48548.179380 15490.953164 48555.789997 15463.604077 
48508.910642 15576.636789 48548.179380 15490.953164 
48501.279997 15604.035919 48508.910642 15576.636789 
48462.018605 15689.695315 48501.279997 15604.035919 
48454.381407 15717.094644 48462.018605 15689.695315 
48415.158532 15802.685491 48454.381407 15717.094644 
48407.525810 15830.096875 48415.158532 15802.685491 
48368.264200 15915.753105 48407.525810 15830.096875 
48360.641467 15943.124502 48368.264200 15915.753105 
48321.409946 16028.744239 48360.641467 15943.124502 
48313.796483 16056.118601 48321.409946 16028.744239 
48274.522136 16141.792598 48313.796483 16056.118601 
48266.895784 16169.166922 48274.522136 16141.792598 
48227.650640 16254.796791 48266.895784 16169.166922 
48220.006434 16282.248719 48227.650640 16254.796791 
48180.783537 16367.801344 48220.006434 16282.248719 
48173.173566 16395.153124 48180.783537 16367.801344 
48129.639383 16490.140000 48173.173566 16395.153124 
48118.764684 16550.799828 48129.575600 16490.140000 
48079.437692 16700.987005 48118.764684 16550.799828 
48071.970122 16746.571341 48079.437692 16700.987005 
48033.017743 16895.341813 48071.970122 16746.571341 
48025.542256 16940.923195 48033.017743 16895.341813 
47986.589946 17089.683397 48025.542256 16940.923195 
47979.102248 17135.333225 47986.589946 17089.683397 
47940.157756 17284.056759 47979.102248 17135.333225 
47932.680050 17329.641618 47940.157756 17284.056759 
47893.727738 17478.406829 47932.680050 17329.641618 
47886.252262 17523.993171 47893.727738 17478.406829 
47847.297676 17672.767068 47886.252262 17523.993171 
47839.824500 17718.399647 47847.297676 17672.767068 
47800.867684 17867.117017 47839.824500 17718.399647 
47793.402320 17912.702960 47800.867684 17867.117017 
47754.435499 18061.485366 47793.402320 17912.702960 
47746.972316 18107.052974 47754.435499 18061.485366 
47707.999852 18255.863750 47746.972316 18107.052974 
47700.544523 18301.399530 47707.999852 18255.863750 
47661.589943 18450.183412 47700.544523 18301.399530 
47654.112251 18495.773211 47661.589943 18450.183412 
47615.155545 18644.555205 47654.112251 18495.773211 
47607.672257 18690.188198 47615.155545 18644.555205 
47568.727742 18838.896806 47607.672257 18690.188198 
47561.254456 18884.469792 47568.727742 18838.896806 
47522.297733 19033.251849 47561.254456 18884.469792 
47514.822267 19078.843151 47522.297733 19033.251849 
47475.867690 19227.617012 47514.822267 19078.843151 
47468.402305 19273.188016 47475.867690 19227.617012 
47429.437679 19421.967044 47468.402305 19273.188016 
47421.972319 19467.552964 47429.437679 19421.967044 
47383.007686 19616.322016 47421.972319 19467.552964 
47375.542316 19661.902972 47383.007686 19616.322016 
47336.577639 19810.687199 47375.542316 19661.902972 
47319.457004 19915.318868 47336.577639 19810.687199 
47290.100000 20213.471561 47319.457004 19915.318868 
47290.100000 20213.471561 47290.100000 21043.980000 
48111.076561 16490.140000 48129.639383 16490.140000 
47812.988128 16460.789323 48111.076561 16490.140000 
47708.338112 16443.670694 47812.988128 16460.789323 
47559.553967 16404.706039 47708.338112 16443.670694 
47513.978000 16397.240663 47559.553967 16404.706039 
47365.152944 16358.267677 47513.978000 16397.240663 
47319.567040 16350.802320 47365.152944 16358.267677 
47170.793000 16311.837690 47319.567040 16350.802320 
47125.217032 16304.372315 47170.793000 16311.837690 
46976.443171 16265.417738 47125.217032 16304.372315 
46930.856829 16257.942262 46976.443171 16265.417738 
46782.083171 16218.987738 46930.856829 16257.942262 
46736.496802 16211.512257 46782.083171 16218.987738 
46587.793202 16172.567744 46736.496802 16211.512257 
46542.146825 16165.082261 46587.793202 16172.567744 
46393.373211 16126.127749 46542.146825 16165.082261 
46347.796797 16118.652252 46393.373211 16126.127749 
46199.012876 16079.697662 46347.796797 16118.652252 
46153.477094 16072.242333 46199.012876 16079.697662 
46004.652990 16033.267689 46153.477094 16072.242333 
45959.077000 16025.802310 46004.652990 16033.267689 
45810.302960 15986.837680 45959.077000 16025.802310 
45764.717013 15979.372316 45810.302960 15986.837680 
45616.012991 15940.417686 45764.717013 15979.372316 
45570.367068 15932.942324 45616.012991 15940.417686 
45421.593171 15893.987738 45570.367068 15932.942324 
45376.006829 15886.512262 45421.593171 15893.987738 
45227.233211 15847.557749 45376.006829 15886.512262 
45181.656779 15840.082249 45227.233211 15847.557749 
45032.933225 15801.137752 45181.656779 15840.082249 
44987.296785 15793.652250 45032.933225 15801.137752 
44838.523211 15754.697749 44987.296785 15793.652250 
44792.946797 15747.222252 44838.523211 15754.697749 
44644.162959 15708.267684 44792.946797 15747.222252 
44598.587025 15700.802314 44644.162959 15708.267684 
44448.399843 15661.475320 44598.587025 15700.802314 
44387.963961 15650.701813 44448.399843 15661.475320 
44292.765854 15607.069976 44387.963961 15650.701813 
44265.401344 15599.456463 44292.765854 15607.069976 
44179.848719 15560.233566 44265.401344 15599.456463 
44152.396791 15552.589360 44179.848719 15560.233566 
44066.766922 15513.344216 44152.396791 15552.589360 
44039.392598 15505.717864 44066.766922 15513.344216 
43953.718601 15466.443517 44039.392598 15505.717864 
43926.344239 15458.830054 43953.718601 15466.443517 
43840.724502 15419.598533 43926.344239 15458.830054 
43813.353105 15411.975800 43840.724502 15419.598533 
43727.696875 15372.714190 43813.353105 15411.975800 
43700.285491 15365.081468 43727.696875 15372.714190 
43614.694644 15325.858593 43700.285491 15365.081468 
43587.295315 15318.221395 43614.694644 15325.858593 
43501.635919 15278.960003 43587.295315 15318.221395 
43474.236789 15271.329358 43501.635919 15278.960003 
43388.553164 15232.060620 43474.236789 15271.329358 
43361.191338 15224.446459 43388.553164 15232.060620 
43275.548620 15185.183523 43361.191338 15224.446459 
43248.174130 15177.570024 43275.548620 15185.183523 
43162.525870 15138.309976 43248.174130 15177.570024 
43135.164147 15130.700029 43162.525870 15138.309976 
43049.575897 15091.469992 43135.164147 15130.700029 
43022.164183 15083.840030 43049.575897 15091.469992 
42936.504627 15044.588589 43022.164183 15083.840030 
42909.105361 15036.951408 42936.504627 15044.588589 
42823.294843 14997.628686 42909.105361 15036.951408 
42799.749075 14991.055429 42823.294843 14997.628686 
42699.166396 14947.484107 42799.749075 14991.055429 
42672.688385 14938.460930 42699.166396 14947.484107 
42597.386903 14903.944202 42672.688385 14938.460930 
42570.015464 14896.321457 42597.386903 14903.944202 
42483.785346 14856.804331 42570.015464 14896.321457 
42476.205000 14854.665000 42483.785346 14856.804331 
42341.580064 14808.116886 42476.205000 14854.665000 
42296.492660 14790.238956 42342.742178 14808.518700 
42192.167342 14737.926074 42296.492660 14790.238956 
42145.253218 14716.420635 42192.167342 14737.926074 
42117.904203 14708.810038 42145.253218 14716.420635 
42032.264545 14669.568552 42117.904203 14708.810038 
42004.885450 14661.941447 42032.264545 14669.568552 
41919.252419 14622.702159 42004.885450 14661.941447 
41891.845336 14615.061397 41919.252419 14622.702159 
41806.209554 14575.818553 41891.845336 14615.061397 
41778.795294 14568.182226 41806.209554 14575.818553 
41693.186002 14528.934198 41778.795294 14568.182226 
41665.786285 14521.306438 41693.186002 14528.934198 
41580.238704 14482.083557 41665.786285 14521.306438 
41552.801431 14474.446481 41580.238704 14482.083557 
41467.154616 14435.198581 41552.801431 14474.446481 
41439.750366 14427.561414 41467.154616 14435.198581 
41354.107293 14388.312096 41439.750366 14427.561414 
41326.700769 14380.679326 41354.107293 14388.312096 
41241.602860 14341.660460 41326.700769 14380.679326 
41197.471922 14329.468310 41241.602860 14341.660460 
41035.978841 14243.139634 41197.471922 14329.468310 
40995.756420 14215.143786 41035.978841 14243.139634 
40976.020195 14207.188932 40995.756420 14215.143786 
40919.146247 14167.613679 40976.020195 14207.188932 
40899.398206 14159.664364 40919.146247 14167.613679 
40842.466257 14120.063706 40899.398206 14159.664364 
40822.708519 14112.104306 40842.466257 14120.063706 
40765.808148 14072.508479 40822.708519 14112.104306 
40746.077534 14064.564055 40765.808148 14072.508479 
40689.148176 14024.948499 40746.077534 14064.564055 
40669.410652 14016.999232 40689.148176 14024.948499 
40598.869699 13967.916311 40669.410652 14016.999232 
40524.861540 13928.560819 40598.869699 13967.916311 
40466.858307 13897.817800 40524.861540 13928.560819 
40380.879189 13834.066886 40466.858307 13897.817800 
40362.717893 13826.754197 40380.879189 13834.066886 
40305.743278 13787.118583 40362.717893 13826.754197 
40286.017063 13779.163639 40305.743278 13787.118583 
40215.781781 13730.300368 40286.017063 13779.163639 
40133.510000 13683.090000 40215.781781 13730.300368 
40062.135000 13647.055000 40133.510000 13683.090000 
39982.260387 13605.018627 40062.135000 13647.055000 
39925.878341 13560.391833 39982.260387 13605.018627 
39844.470724 13536.633474 39925.878341 13560.391833 
39706.044328 13463.480864 39844.470724 13536.633474 
39530.270188 13329.228766 39706.044328 13463.480864 
39504.431238 13315.639095 39530.270188 13329.228766 
39372.068195 13209.588433 39504.431238 13315.639095 
39360.863851 13204.872730 39372.068195 13209.588433 
39301.428726 13163.550447 39360.863851 13204.872730 
39230.141689 13132.660732 39301.428726 13163.550447 
39193.772881 13112.586405 39230.176243 13132.675705 
39122.370000 13076.525000 39193.772881 13112.586405 
39036.609678 13031.201048 39122.370000 13076.525000 
38860.384829 12896.753576 39036.609678 13031.201048 
38833.946403 12882.849183 38860.384829 12896.753576 
38795.171401 12851.802066 38833.946403 12882.849183 
38772.396142 12835.963638 38795.171401 12851.802066 
38752.660970 12828.019438 38772.396142 12835.963638 
38695.673213 12788.368531 38752.660970 12828.019438 
38675.920300 12780.409013 38695.673213 12788.368531 
38619.076376 12740.853768 38675.920300 12780.409013 
38599.278019 12732.874027 38619.076376 12740.853768 
38542.396290 12693.283697 38599.278019 12732.874027 
38522.661081 12685.339483 38542.396290 12693.283697 
38465.668229 12645.688546 38522.661081 12685.339483 
38445.920167 12637.728920 38465.668229 12645.688546 
38389.076251 12598.173681 38445.920167 12637.728920 
38369.327865 12590.224227 38389.076251 12598.173681 
38312.418118 12550.628466 38369.327865 12590.224227 
38292.574894 12542.638971 38312.418118 12550.628466 
38236.829199 12503.822664 38292.574894 12542.638971 
38195.434230 12487.271713 38236.829199 12503.822664 
38001.327682 12338.667755 38194.467440 12486.683507 
37966.986923 12320.011502 38001.327682 12338.667755 
37927.381566 12279.859794 37966.986923 12320.011502 
37911.784144 12271.377812 37927.381566 12279.859794 
37872.521184 12231.589461 37911.784144 12271.377812 
37856.969128 12223.153648 37872.521184 12231.589461 
37817.331296 12182.979554 37856.969128 12223.153648 
37801.788921 12174.543313 37817.331296 12182.979554 
37762.166425 12134.399734 37801.788921 12174.543313 
37746.573603 12125.917407 37762.166425 12134.399734 
37707.334618 12086.132945 37746.573603 12125.917407 
37691.735855 12077.680543 37707.334618 12086.132945 
37652.001614 12037.399848 37691.735855 12077.680543 
37636.393610 12028.907335 37652.001614 12037.399848 
37597.061285 11989.039533 37636.393610 12028.907335 
37581.447788 11980.567377 37597.061285 11989.039533 
37542.061362 11940.629562 37581.447788 11980.567377 
37526.882067 11932.395213 37542.061362 11940.629562 
37441.553200 11846.041978 37526.882067 11932.395213 
37351.406122 11786.234739 37441.553200 11846.041978 
37316.007426 11747.595783 37351.406122 11786.234739 
37173.913170 11651.938180 37316.007426 11747.595783 
37129.396523 11607.666514 37173.913170 11651.938180 
36937.333158 11481.832933 37129.396523 11607.666514 
36761.885448 11275.022652 36937.333158 11481.832933 
36668.322598 11212.007664 36761.885448 11275.022652 
36624.391391 11168.311384 36668.322598 11212.007664 
36428.448184 11040.021561 36624.391391 11168.311384 
36253.951409 10834.209614 36428.448184 11040.021561 
36119.743331 10746.203331 36253.951409 10834.209614 
36118.902582 10745.362582 36119.743331 10746.203331 
35943.720759 10539.757656 36118.902582 10745.362582 
35799.652992 10445.823526 35943.720759 10539.757656 
35689.651346 10312.135486 35799.652992 10445.823526 
35669.596594 10291.809860 35689.651346 10312.135486 
35654.013363 10283.327053 35669.596594 10291.809860 
35614.711155 10243.494416 35654.013363 10283.327053 
35599.049313 10235.003939 35614.711155 10243.494416 
35559.561631 10194.969855 35599.049313 10235.003939 
35543.943684 10186.472393 35559.561631 10194.969855 
35438.777454 10079.880860 35543.943684 10186.472393 
35301.778075 9983.108917 35438.777454 10079.880860 
35274.085304 9942.037956 35300.828543 9982.152814 
35261.903851 9933.428851 35274.085304 9942.037956 
35260.954925 9932.479925 35261.903851 9933.428851 
35234.248566 9892.395277 35260.954925 9932.479925 
35221.922055 9883.681971 35234.248566 9892.395277 
35194.432044 9842.885495 35220.989874 9882.744846 
35182.263035 9834.303035 35194.432044 9842.885495 
35181.299948 9833.339948 35182.263035 9834.303035 
35154.394870 9792.964759 35181.299948 9833.339948 
35142.308789 9784.418789 35154.394870 9792.964759 
35141.369953 9783.479953 35142.308789 9784.418789 
35114.405784 9743.021134 35141.369953 9783.479953 
35102.221008 9734.421008 35114.405784 9743.021134 
35101.264939 9733.464939 35102.221008 9734.421008 
35074.760388 9693.688018 35101.264939 9733.464939 
35062.543847 9685.053847 35074.760388 9693.688018 
35061.610023 9684.120023 35062.543847 9685.053847 
35034.858520 9644.000302 35061.610023 9684.120023 
35022.716214 9635.411101 35034.858520 9644.000302 
34994.778601 9593.980367 35021.749934 9634.449919 
34985.948807 9587.733784 34994.778601 9593.980367 
55060.780000 73.470000 55060.780000 6369.540991 
53034.025825 8222.154861 53034.876612 8221.298267 
38194.467440 12486.683507 38195.434230 12487.271713 
35300.828543 9982.152814 35301.778075 9983.108917 
35220.989874 9882.744846 35221.922055 9883.681971 
35021.749934 9634.449919 35022.716214 9635.411101 
34985.045880 9586.835832 34985.948807 9587.733784 
