V 0 -339049.50 -624046.50
V 1 -339054.59 -624043.17
V 2 -339060.58 -624042.16
V 3 -339066.48 -624043.64
V 4 -343881.97 -626378.91
V 5 -353321.75 -628547.17
V 6 -362842.59 -628662.13
V 7 -372022.46 -626810.76
V 8 -380317.64 -623117.02
V 9 -387558.17 -617980.77
V 10 -393417.12 -611668.98
V 11 -395003.20 -609094.20
V 12 -393949.50 -608040.50
V 13 -393970.50 -608019.50
V 14 -395032.50 -609081.50
V 15 -395036.00 -609087.06
V 16 -395036.77 -609093.58
V 17 -395034.64 -609099.79
V 18 -393441.81 -611685.52
V 19 -393441.68 -611685.74
V 20 -393441.08 -611686.64
V 21 -393440.75 -611687.08
V 22 -393440.41 -611687.50
V 23 -393440.06 -611687.91
V 24 -393439.69 -611688.31
V 25 -393439.62 -611688.38
V 26 -387579.10 -618001.86
V 27 -387579.06 -618001.91
V 28 -387578.69 -618002.31
V 29 -387578.31 -618002.69
V 30 -387577.91 -618003.06
V 31 -387577.50 -618003.41
V 32 -387577.08 -618003.75
V 33 -387576.64 -618004.08
V 34 -387576.51 -618004.17
V 35 -380333.77 -623141.98
V 36 -380333.64 -623142.08
V 37 -380332.74 -623142.68
V 38 -380332.27 -623142.95
V 39 -380331.79 -623143.21
V 40 -380331.30 -623143.45
V 41 -380331.07 -623143.55
V 42 -380331.04 -623143.57
V 43 -372033.04 -626838.57
V 44 -372033.01 -626838.58
V 45 -372032.81 -626838.67
V 46 -372032.30 -626838.87
V 47 -372031.79 -626839.05
V 48 -372031.28 -626839.22
V 49 -372030.76 -626839.37
V 50 -372030.23 -626839.49
V 51 -372030.03 -626839.53
V 52 -372029.94 -626839.56
V 53 -362846.94 -628691.56
V 54 -362846.85 -628691.57
V 55 -362846.70 -628691.60
V 56 -362846.16 -628691.69
V 57 -362845.62 -628691.76
V 58 -362845.08 -628691.81
V 59 -362844.54 -628691.84
V 60 -362844.00 -628691.85
V 61 -362843.82 -628691.85
V 62 -353319.82 -628576.85
V 63 -353319.79 -628576.85
V 64 -353319.46 -628576.84
V 65 -353318.92 -628576.81
V 66 -353318.38 -628576.76
V 67 -353317.84 -628576.69
V 68 -353317.30 -628576.60
V 69 -353316.77 -628576.49
V 70 -353316.68 -628576.47
V 71 -353316.56 -628576.44
V 72 -353316.24 -628576.37
V 73 -353316.22 -628576.36
V 74 -343873.68 -626407.47
V 75 -343873.24 -626407.37
V 76 -343872.72 -626407.22
V 77 -343872.21 -626407.05
V 78 -343871.70 -626406.87
V 79 -343871.19 -626406.67
V 80 -343870.70 -626406.45
V 81 -343870.20 -626406.21
V 82 -339063.03 -624074.97
V 83 -333236.50 -629901.50
V 84 -333215.50 -629880.50

