V 0 87.30 974.48
V 1 61.50 966.47
V 2 16.51 977.83
V 3 14.55 977.93
V 4 12.70 977.26
V 5 11.25 975.93
V 6 -11.68 944.57
V 7 -12.55 942.60
V 8 -12.50 940.45
V 9 -11.56 938.52
V 10 22.84 894.94
V 11 38.98 824.41
V 12 48.72 826.65
V 13 32.33 898.27
V 14 32.22 898.70
V 15 32.11 898.99
V 16 31.98 899.28
V 17 31.84 899.56
V 18 31.68 899.83
V 19 31.51 900.09
V 20 31.38 900.25
V 21 -1.36 941.73
V 22 17.34 967.31
V 23 60.42 956.43
V 24 60.70 956.37
V 25 61.01 956.32
V 26 61.33 956.29
V 27 61.64 956.28
V 28 61.95 956.29
V 29 62.27 956.32
V 30 62.58 956.37
V 31 62.88 956.44
V 32 63.12 956.50
V 33 63.19 956.52
V 34 90.26 964.92

